0 0.513021 0.423032 0.39974 0.790509 0.113953
0 0.6486 0.431134 0.697591 0.8125 0.0856934
0 0.50944 0.58044 0.382161 0.457176 0.0487671
0 0.517253 0.468099 0.421224 0.533709 0.0280151
0 0.851888 0.438947 0.296224 0.798032 0.0225372
0 0.849935 0.328704 0.30013 0.582176 0.0213623
0 0.674967 0.5693 0.650065 0.8614 0.0131683
0 0.633464 0.5 0.733073 1 0.0123825
0 0.945964 0.480324 0.104167 0.190972 0.0112457
0 0.639323 0.5 0.721354 1 0.00912476
0 0.415365 0.470775 0.18099 0.359375 0.00878143
0 0.660319 0.548611 0.679362 0.902778 0.0086441
0 0.929688 0.309028 0.140625 0.521991 0.00815582
0 0.5 0.5 1 1 0.00731659
0 0.433594 0.538773 0.227214 0.543981 0.00706482
0 0.468099 0.181858 0.255208 0.33015 0.00701141
0 0.553385 0.5 0.893229 1 0.00666809
0 0.666667 0.744936 0.666667 0.510127 0.00636292
0 0.718099 0.315972 0.0833333 0.123843 0.00602722
0 0.620443 0.5 0.75651 1 0.00566483
0 0.485352 0.5 0.970703 1 0.00553513
0 0.5 0.5 1 1 0.00551224
0 0.914714 0.210648 0.165365 0.421296 0.00540543
0 0.46875 0.5 0.9375 1 0.00524139
0 0.4375 0.324942 0.217448 0.649884 0.0050621
0 0.909831 0.292896 0.180339 0.5693 0.00492477
0 0.505859 0.321181 0.397135 0.642361 0.00479126
0 0.489583 0.5 0.973958 1 0.00479126
0 0.572917 0.5 0.854167 1 0.0046463
0 0.950521 0.320095 0.0989583 0.504485 0.00453949
0 0.5 0.5 1 1 0.00453949
0 0.86263 0.42853 0.27474 0.846644 0.00448608
0 0.611165 0.790799 0.777669 0.418403 0.00370789
0 0.834635 0.202836 0.330729 0.405671 0.00342941
0 0.848958 0.546296 0.302083 0.902778 0.00335121
0 0.816406 0.471933 0.367188 0.943866 0.00283432
0 0.495443 0.261574 0.321615 0.523148 0.00281143
0 0.508464 0.147714 0.178385 0.289062 0.00256157
0 0.847656 0.496817 0.304688 0.993634 0.00252151
0 0.541016 0.543403 0.420573 0.614583 0.00227928
0 0.489258 0.479745 0.51237 0.695602 0.00195694
0 0.753255 0.190394 0.184896 0.380787 0.0017271
0 0.469076 0.415509 0.416016 0.831019 0.00171375
0 0.917969 0.15625 0.161458 0.309606 0.0016613
0 0.86849 0.316262 0.263021 0.632523 0.0016489
0 0.545573 0.397569 0.378906 0.486111 0.00143242
0 0.478516 0.16985 0.341146 0.339699 0.00133514
0 0.817708 0.273727 0.364583 0.547454 0.00133038
0 0.0913086 0.103299 0.164714 0.206597 0.0012598
0 0.212891 0.385417 0.425781 0.770833 0.00110722
0 0.151693 0.219618 0.0520833 0.0740741 0.504883
0 0.522786 0.356192 0.424479 0.543403 0.19873
0 0.422526 0.428313 0.244792 0.520689 0.170532
0 0.721354 0.293113 0.0859375 0.155671 0.123779
0 0.406901 0.48669 0.18099 0.313657 0.103027
0 0.897135 0.268229 0.197917 0.536458 0.0723877
0 0.494792 0.17853 0.0716146 0.0943287 0.0682983
0 0.490234 0.93287 0.0716146 0.0914352 0.0510864
0 0.91276 0.3091 0.169271 0.4443 0.0376892
0 0.951172 0.930556 0.0638021 0.0925926 0.0374756
0 0.0760091 0.936343 0.0826823 0.115741 0.0344849
0 0.355794 0.570023 0.0611979 0.153935 0.0304413
0 0.94401 0.491609 0.0625 0.14294 0.0303802
0 0.897135 0.148438 0.145833 0.296875 0.02948
0 0.870443 0.297164 0.259115 0.583912 0.0275269
0 0.30599 0.96875 0.0572917 0.0625 0.0273285
0 0.384766 0.50463 0.108724 0.288194 0.0243378
0 0.369792 0.224537 0.121094 0.181713 0.0242767
0 0.652344 0.481771 0.0885417 0.213542 0.0216522
0 0.438802 0.423539 0.17513 0.446904 0.02034
0 0.675781 0.333333 0.177083 0.252315 0.0197906
0 0.942708 0.149306 0.114583 0.298611 0.0195312
0 0.426432 0.463542 0.153646 0.31713 0.0177765
0 0.510091 0.734954 0.0533854 0.108796 0.0177155
0 0.183431 0.376736 0.0589193 0.100116 0.0156021
0 0.666667 0.476562 0.101563 0.242477 0.0149536
0 0.958984 0.918981 0.0820313 0.119213 0.0126266
0 0.512044 0.704282 0.0566406 0.133102 0.0124817
0 0.0304362 0.0441985 0.0608724 0.0828993 0.0119171
0 0.709635 0.299479 0.110677 0.201968 0.0115051
0 0.654297 0.410301 0.138021 0.378472 0.0114212
0 0.51237 0.585648 0.0546875 0.115741 0.00930023
0 0.919596 0.365668 0.160807 0.406395 0.00919342
0 0.91862 0.296296 0.16276 0.592593 0.00905609
0 0.164225 0.217665 0.0732422 0.0924479 0.00793457
0 0.955729 0.934606 0.0755208 0.114583 0.00760651
0 0.404622 0.576244 0.242839 0.442419 0.00757599
0 0.509766 0.443866 0.122396 0.378472 0.00701141
0 0.948568 0.420139 0.102865 0.334491 0.0068779
0 0.617839 0.470486 0.16276 0.265046 0.00674438
0 0.153971 0.207465 0.063151 0.0931713 0.00666809
0 0.696615 0.30816 0.166667 0.219329 0.00605011
0 0.476563 0.355613 0.227865 0.494792 0.00602722
0 0.875 0.142325 0.0989583 0.27322 0.00538635
0 0.809896 0.293113 0.372396 0.566551 0.00519943
0 0.489583 0.730324 0.0625 0.12963 0.00511932
0 0.494792 0.213542 0.102865 0.179398 0.00486755
0 0.496094 0.130208 0.107422 0.192708 0.00484848
0 0.513672 0.401693 0.240885 0.490596 0.0046463
0 0.610026 0.455729 0.200521 0.308449 0.00432968
0 0.518229 0.495949 0.411458 0.790509 0.779785
0 0.151367 0.226273 0.0553385 0.0700231 0.666992
0 0.308268 0.972801 0.0481771 0.0543981 0.453369
0 0.5 0.378762 0.384115 0.582755 0.427246
0 0.894531 0.226924 0.208333 0.451244 0.391357
0 0.904948 0.312572 0.190104 0.518374 0.391357
0 0.885417 0.363498 0.229167 0.466291 0.255371
0 0.490234 0.938079 0.061849 0.0798611 0.226074
0 0.197591 0.462674 0.0413411 0.0462963 0.190674
0 0.85612 0.224248 0.28776 0.448495 0.188354
0 0.912109 0.399957 0.175781 0.418837 0.093689
0 0.313232 0.126447 0.2264 0.252894 0.0927124
0 0.443359 0.387442 0.264323 0.566551 0.0809326
0 0.721354 0.282914 0.0989583 0.207321 0.0685425
0 0.41569 0.498553 0.201172 0.335069 0.0634766
0 0.597494 0.498843 0.575846 0.69213 0.062439
0 0.827474 0.352937 0.345052 0.464265 0.0538025
0 0.416341 0.549769 0.222005 0.487269 0.0505066
0 0.432943 0.45978 0.223958 0.366319 0.0438538
0 0.943359 0.479167 0.113281 0.277778 0.0408325
0 0.485677 0.402778 0.453125 0.805556 0.0381165
0 0.186523 0.398438 0.0455729 0.0804398 0.0284424
0 0.36141 0.18287 0.29541 0.365741 0.0250854
0 0.701172 0.29485 0.141927 0.239005 0.0236511
0 0.946615 0.922454 0.0625 0.0810185 0.0226288
0 0.232747 0.961227 0.0546875 0.0717593 0.0205688
0 0.152018 0.209491 0.0664062 0.0914352 0.0199127
0 0.30542 0.122106 0.183431 0.244213 0.0194244
0 0.527344 0.417824 0.384115 0.445602 0.0193481
0 0.245443 0.128328 0.391927 0.256655 0.0162811
0 0.36849 0.353009 0.395833 0.583333 0.0149536
0 0.409831 0.62283 0.207682 0.37934 0.0139542
0 0.441406 0.929977 0.0813802 0.0775463 0.0139542
0 0.740234 0.273799 0.141927 0.227865 0.0137405
0 0.913411 0.326678 0.173177 0.653356 0.0136871
0 0.869792 0.310185 0.260417 0.62037 0.0133743
0 0.75 0.210359 0.166667 0.361111 0.0126266
0 0.960938 0.150137 0.078125 0.258753 0.0122375
0 0.69401 0.972222 0.0494792 0.0555556 0.0122375
0 0.422201 0.204572 0.203776 0.231481 0.0109024
0 0.621745 0.454282 0.666667 0.890046 0.0107803
0 0.600098 0.931713 0.0524089 0.0810185 0.0104523
0 0.454427 0.219907 0.261719 0.243056 0.01017
0 0.912109 0.159469 0.173177 0.28928 0.00937653
0 0.221842 0.0790654 0.443685 0.158131 0.00933838
0 0.13737 0.0434028 0.0644531 0.0868056 0.00857544
0 0.252279 0.147569 0.0996094 0.171875 0.00837708
0 0.808594 0.433449 0.372396 0.797454 0.00831604
0 0.580078 0.924769 0.0729167 0.0694444 0.00812531
0 0.345052 0.15795 0.171875 0.254123 0.00806427
0 0.150391 0.229167 0.0442708 0.0653935 0.483398
0 0.414063 0.496528 0.191406 0.326389 0.104126
0 0.4375 0.562355 0.229167 0.449363 0.0910645
0 0.446615 0.509115 0.27474 0.305845 0.0651245
0 0.441732 0.637153 0.309245 0.550926 0.0481262
0 0.528646 0.547454 0.445313 0.445602 0.0413208
0 0.365885 0.583333 0.0885417 0.148148 0.0367737
0 0.717448 0.287616 0.078125 0.152778 0.0363464
0 0.522786 0.621383 0.472656 0.523438 0.0216217
0 0.630046 0.663773 0.258138 0.482639 0.0195312
0 0.194987 0.47338 0.0436198 0.0671296 0.0153046
0 0.454753 0.551939 0.315755 0.400752 0.0132217
0 0.0696615 0.95081 0.055013 0.0983796 0.0124283
0 0.669922 0.658565 0.148438 0.450231 0.0121002
0 0.54362 0.577546 0.571615 0.6875 0.0112457
0 0.436849 0.466725 0.210938 0.391782 0.0102081
0 0.450521 0.501157 0.375 0.351852 0.00985718
0 0.591146 0.564815 0.402344 0.631944 0.00955963
0 0.604818 0.614583 0.311198 0.508102 0.00898743
0 0.0171712 0.23235 0.0343424 0.0763889 0.00857544
0 0.0592448 0.9375 0.0813802 0.111111 0.00857544
0 0.0482585 0.927083 0.0831706 0.12037 0.00812531
0 0.683594 0.464988 0.127604 0.331597 0.0078125
0 0.672038 0.553241 0.533529 0.719907 0.00728989
0 0.179688 0.375579 0.047526 0.0833333 0.00698471
0 0.363932 0.573929 0.11849 0.164641 0.00669098
0 0.679688 0.404225 0.161458 0.427662 0.00638962
0 0.924479 0.395255 0.151042 0.381944 0.00619125
0 0.306641 0.979745 0.0442708 0.0405093 0.00588989
0 0.671224 0.52662 0.113281 0.195602 0.00561905
0 0.819661 0.975984 0.0364583 0.0480324 0.00547028
0 0.959635 0.447338 0.0807292 0.256944 0.00538635
0 0.0467122 0.71412 0.0934245 0.571759 0.00536346
0 0.736979 0.516204 0.391927 0.68287 0.0053215
0 0.382161 0.520689 0.165365 0.282697 0.00511932
0 0.942708 0.467882 0.114583 0.222801 0.00511932
0 0.729167 0.275391 0.119792 0.327691 0.00479126
0 0.910156 0.438947 0.174479 0.343171 0.00460815
0 0.911458 0.5068 0.171875 0.359086 0.00445175
0 0.013265 0.621817 0.0265299 0.756366 0.00431442
0 0.914063 0.310836 0.164063 0.514902 0.00413513
0 0.794271 0.557292 0.411458 0.695602 0.00405502
0 0.690104 0.980324 0.046875 0.0393519 0.00379562
0 0.730469 0.188947 0.106771 0.377894 0.00355148
0 0.589681 0.507523 0.510742 0.700231 0.00346947
0 0.317383 0.463831 0.599609 0.927662 0.00335121
0 0.518555 0.496528 0.108073 0.288194 0.00309944
0 0.157878 0.243707 0.0794271 0.101707 0.00299263
0 0.871094 0.225405 0.0729167 0.112269 0.00296974
0 0.00431315 0.506076 0.0086263 0.987847 0.00281143
0 0.531901 0.429398 0.43099 0.71875 0.803223
0 0.150391 0.22338 0.0371094 0.0659722 0.454346
0 0.52474 0.444444 0.398438 0.435185 0.290283
0 0.953125 0.466725 0.09375 0.282986 0.193115
0 0.708984 0.270327 0.108073 0.187355 0.144165
0 0.94987 0.412905 0.10026 0.39294 0.125488
0 0.51888 0.581019 0.417969 0.53588 0.100891
0 0.954427 0.467593 0.0911458 0.202546 0.100159
0 0.196615 0.463831 0.0384115 0.0625 0.0984497
0 0.911458 0.292245 0.166667 0.584491 0.0960083
0 0.0678711 0.949074 0.055013 0.0925926 0.0792236
0 0.914063 0.391855 0.166667 0.395689 0.0736694
0 0.939453 0.30259 0.121094 0.583478 0.0703125
0 0.689453 0.271123 0.141927 0.210069 0.0682983
0 0.41862 0.490162 0.169271 0.333333 0.0634766
0 0.683594 0.304398 0.16276 0.280671 0.0568542
0 0.925781 0.459491 0.140625 0.292824 0.0568542
0 0.458984 0.409071 0.25651 0.474682 0.0503235
0 0.854167 0.296007 0.291667 0.592014 0.0430298
0 0.432943 0.44184 0.209635 0.433449 0.0423279
0 0.488932 0.93287 0.0585938 0.0810185 0.0405273
0 0.669271 0.497106 0.104167 0.232639 0.0352783
0 0.475911 0.49537 0.321615 0.44213 0.0339661
0 0.856771 0.507957 0.0520833 0.11603 0.0332031
0 0.908854 0.41059 0.177083 0.565394 0.0328979
0 0.061849 0.938657 0.0690104 0.104167 0.0307312
0 0.955729 0.306134 0.0833333 0.612269 0.0287628
0 0.676432 0.378979 0.157552 0.451534 0.0254669
0 0.418945 0.556858 0.195964 0.488137 0.0244751
0 0.358073 0.592593 0.0664062 0.136574 0.0237274
0 0.776042 0.353588 0.447917 0.707176 0.0233765
0 0.705078 0.255136 0.136719 0.220052 0.0219421
0 0.307292 0.978009 0.0403646 0.0439815 0.0217743
0 0.9528 0.566985 0.094401 0.449363 0.0215759
0 0.63151 0.410301 0.691406 0.8125 0.0189056
0 0.705729 0.456019 0.588542 0.912037 0.0184784
0 0.714193 0.290509 0.204427 0.266204 0.0170441
0 0.453125 0.556713 0.285156 0.538194 0.0167847
0 0.513672 0.375579 0.477865 0.751157 0.0145035
0 0.0442708 0.944444 0.073405 0.0983796 0.0136337
0 0.583171 0.500579 0.341471 0.730324 0.013588
0 0.71224 0.246238 0.166667 0.259838 0.0125275
0 0.921875 0.511574 0.148438 0.289352 0.0117798
0 0.0756836 0.951968 0.0748698 0.0960648 0.0108185
0 0.555664 0.502459 0.322266 0.284433 0.00993347
0 0.960938 0.344329 0.078125 0.688657 0.00981903
0 0.528646 0.813657 0.0338542 0.0636574 0.00963593
0 0.566406 0.625 0.31901 0.480324 0.00926971
0 0.417969 0.627894 0.161458 0.372685 0.00923157
0 0.867839 0.0753762 0.0924479 0.139178 0.00905609
0 0.496094 0.409722 0.454427 0.684028 0.472656
0 0.153483 0.234375 0.0413411 0.0578704 0.313965
0 0.492188 0.394025 0.377604 0.562645 0.267334
0 0.505208 0.529514 0.447917 0.666667 0.184204
0 0.721354 0.297454 0.0742188 0.135417 0.143677
0 0.408203 0.574219 0.266927 0.467303 0.120422
0 0.903646 0.283565 0.177083 0.56713 0.110107
0 0.486003 0.482639 0.358724 0.354167 0.105957
0 0.455404 0.554398 0.313151 0.483796 0.0710449
0 0.61849 0.699074 0.255208 0.362269 0.0710449
0 0.90625 0.150463 0.184896 0.289352 0.0634766
0 0.434245 0.502459 0.234375 0.342303 0.0632324
0 0.874349 0.287326 0.251302 0.574653 0.0552979
0 0.442708 0.422164 0.259115 0.537616 0.0510864
0 0.198405 0.477431 0.0400391 0.0613426 0.0492249
0 0.885417 0.226345 0.109375 0.143374 0.0450134
0 0.645833 0.448495 0.183594 0.391204 0.0423889
0 0.646484 0.497106 0.140625 0.278935 0.0403137
0 0.953125 0.483507 0.0898438 0.171875 0.0400085
0 0.952474 0.429109 0.0950521 0.271412 0.0390625
0 0.573893 0.478588 0.309245 0.336806 0.0384521
0 0.981771 0.101309 0.0351562 0.0954138 0.0383301
0 0.90625 0.359447 0.177083 0.415365 0.0375977
0 0.48763 0.184317 0.0735677 0.135995 0.0357361
0 0.519857 0.509259 0.439453 0.449074 0.0346069
0 0.707031 0.295718 0.108073 0.182292 0.0345459
0 0.600098 0.632523 0.276367 0.486111 0.0297089
0 0.663411 0.416377 0.233073 0.465856 0.0284882
0 0.179199 0.380787 0.0429688 0.0671296 0.0271149
0 0.941406 0.293403 0.109375 0.555556 0.0241852
0 0.911458 0.37963 0.174479 0.289352 0.0226746
0 0.494141 0.19213 0.11849 0.15625 0.0225372
0 0.503255 0.20978 0.115885 0.160301 0.0221558
0 0.463216 0.267867 0.288411 0.287182 0.0208435
0 0.496094 0.219039 0.152344 0.228009 0.0180511
0 0.947917 0.392361 0.101563 0.373843 0.0178528
0 0.894531 0.109339 0.144531 0.186415 0.0175781
0 0.5625 0.328125 0.0507813 0.132523 0.0167236
0 0.386068 0.59129 0.19401 0.368345 0.0164032
0 0.915365 0.446759 0.157552 0.287037 0.0141754
0 0.6014 0.494213 0.242513 0.290509 0.0136871
0 0.391276 0.497106 0.14974 0.306713 0.0133286
0 0.89974 0.449653 0.15625 0.175926 0.0127716
0 0.812826 0.293692 0.374349 0.587384 0.0116425
0 0.585775 0.411748 0.34668 0.454282 0.0111618
0 0.546224 0.497106 0.440104 0.804398 0.0103302
0 0.307292 0.980324 0.0364583 0.0393519 0.0101318
0 0.691406 0.399595 0.166667 0.372106 0.00997162
0 0.673177 0.324074 0.117188 0.267361 0.00993347
0 0.404297 0.23235 0.165365 0.156829 0.00912476
0 0.514323 0.352358 0.382813 0.58695 0.773438
0 0.155599 0.216942 0.0488281 0.0638021 0.257568
0 0.309245 0.974248 0.0410156 0.0515046 0.0507202
0 0.53125 0.817708 0.0299479 0.056713 0.0321655
0 0.462891 0.327546 0.535156 0.655093 0.0313721
0 0.492839 0.928241 0.0494792 0.0717593 0.022934
0 0.544271 0.418403 0.117188 0.351852 0.0196838
0 0.910156 0.25434 0.179688 0.508681 0.0171814
0 0.692708 0.97338 0.0351562 0.0532407 0.0150757
0 0.911458 0.156576 0.173177 0.283492 0.0149536
0 0.5 0.412326 0.333333 0.458912 0.0144501
0 0.71875 0.289931 0.0807292 0.12037 0.012825
0 0.958333 0.23206 0.0625 0.0925926 0.0127258
0 0.470378 0.345486 0.327474 0.454861 0.0123367
0 0.421305 0.370949 0.51416 0.608796 0.0104904
0 0.608073 0.908565 0.03125 0.0520833 0.0100098
0 0.709635 0.299769 0.104167 0.15625 0.00926971
0 0.888021 0.17419 0.122396 0.19213 0.0088501
0 0.450195 0.393229 0.26237 0.530671 0.00787354
0 0.194987 0.468171 0.0371094 0.0601852 0.00775528
0 0.518229 0.322917 0.175781 0.431713 0.00740433
0 0.957031 0.454282 0.0833333 0.133102 0.00731659
0 0.606771 0.357639 0.541667 0.56713 0.0069046
0 0.419271 0.498843 0.171875 0.293981 0.00677109
0 0.821615 0.971065 0.03125 0.0532407 0.00629044
0 0.570312 0.90625 0.0351562 0.0474537 0.00598145
0 0.934896 0.405961 0.125 0.181134 0.00591278
0 0.583984 0.45515 0.226563 0.355903 0.00582123
0 0.954427 0.5 0.0807292 0.123843 0.00566483
0 0.958333 0.407118 0.0755208 0.146991 0.0055542
0 0.493815 0.483507 0.319661 0.333912 0.00540543
0 0.565755 0.422164 0.184896 0.360532 0.00518036
0 0.615234 0.460648 0.197917 0.325231 0.00516129
0 0.633952 0.501736 0.133138 0.229167 0.00486755
0 0.910807 0.34809 0.177083 0.336227 0.00475693
0 0.653646 0.374711 0.223958 0.32581 0.00446701
0 0.427409 0.451968 0.189453 0.387731 0.00443268
0 0.86263 0.0869502 0.0768229 0.137153 0.00429916
0 0.922526 0.116319 0.153646 0.203704 0.00419998
0 0.88151 0.270544 0.236979 0.541088 0.0041008
0 0.154297 0.20884 0.0576172 0.0950521 0.00405502
0 0.700521 0.296875 0.127604 0.190972 0.00403976
0 0.716146 0.820023 0.0416667 0.0763889 0.00395966
0 0.65625 0.837963 0.0338542 0.0555556 0.0039444
0 0.355469 0.328125 0.669271 0.65625 0.00376511
0 0.507812 0.189815 0.130208 0.174769 0.00362206
0 0.957031 0.478877 0.0859375 0.215856 0.00344276
0 0.360677 0.558449 0.0605469 0.181713 0.00344276
0 0.450195 0.248843 0.280599 0.23669 0.00342941
0 0.656901 0.40625 0.186198 0.412037 0.00342941
0 0.519857 0.371455 0.400391 0.556858 0.520508
0 0.152995 0.221716 0.0403646 0.0565683 0.26123
0 0.516602 0.477431 0.423828 0.613426 0.118774
0 0.717448 0.283492 0.0859375 0.163339 0.117188
0 0.911458 0.164207 0.164063 0.328414 0.101257
0 0.443685 0.47772 0.226563 0.346644 0.0611877
0 0.896484 0.112558 0.143229 0.225116 0.0418396
0 0.52181 0.457465 0.400391 0.362847 0.0311432
0 0.902344 0.166522 0.138021 0.229456 0.0240479
0 0.913411 0.249132 0.15625 0.498264 0.0233765
0 0.411458 0.4864 0.153646 0.309606 0.0208435
0 0.883464 0.2636 0.231771 0.524884 0.0166626
0 0.195638 0.471644 0.0332031 0.0439815 0.0156708
0 0.690104 0.29333 0.132812 0.220052 0.0127716
0 0.873047 0.0707465 0.0885417 0.141493 0.0127258
0 0.355469 0.605903 0.0540365 0.0972222 0.0120544
0 0.678385 0.317708 0.160156 0.231481 0.0104065
0 0.709635 0.261502 0.117188 0.236256 0.00993347
0 0.94401 0.314236 0.106771 0.342593 0.00945282
0 0.0668132 0.956019 0.0460612 0.0763889 0.00923157
0 0.375 0.515046 0.0820313 0.261574 0.008255
0 0.96224 0.417535 0.0703125 0.153356 0.00787354
0 0.515299 0.364583 0.257161 0.532407 0.00763702
0 0.308268 0.978588 0.0338542 0.0428241 0.00746155
0 0.560547 0.317708 0.0546875 0.115741 0.00717545
0 0.658854 0.492477 0.104167 0.221065 0.0068779
0 0.645182 0.427662 0.134115 0.206019 0.00674438
0 0.577474 0.478588 0.21224 0.303241 0.00653839
0 0.951823 0.454572 0.09375 0.208912 0.00591278
0 0.154297 0.203704 0.0494792 0.0833333 0.00584412
0 0.820313 0.974537 0.03125 0.0486111 0.00579834
0 0.608724 0.46875 0.22526 0.336806 0.00564194
0 0.504557 0.231409 0.153646 0.229311 0.00542831
0 0.69401 0.976273 0.0364583 0.0474537 0.00534439
0 0.498047 0.190683 0.105469 0.164931 0.0049057
0 0.811198 0.287037 0.369792 0.574074 0.00469971
0 0.595703 0.406539 0.519531 0.673032 0.00411606
0 0.729818 0.269676 0.113281 0.223958 0.00397491
0 0.058431 0.939815 0.0576172 0.101852 0.00397491
0 0.662598 0.377604 0.166992 0.420718 0.00362206
0 0.0242513 0.594907 0.0315755 0.0532407 0.00353813
0 0.469401 0.336806 0.292969 0.430556 0.00349617
0 0.707682 0.322049 0.378906 0.592014 0.00335121
0 0.909505 0.317708 0.143229 0.274884 0.00309944
0 0.153971 0.218678 0.0771484 0.0695891 0.00274658
0 0.604818 0.383681 0.191406 0.287037 0.00268364
0 0.908854 0.274595 0.182292 0.54919 0.00259018
0 0.498698 0.33941 0.505208 0.668403 0.00258064
0 0.436849 0.478009 0.634115 0.773148 0.00258064
0 0.0185547 0.476273 0.0266927 0.0497685 0.00245285
0 0.151367 0.215784 0.0507813 0.0672743 0.36377
0 0.717448 0.29919 0.078125 0.136574 0.313965
0 0.64974 0.524884 0.09375 0.165509 0.202393
0 0.486328 0.179688 0.0794271 0.127894 0.14856
0 0.424805 0.493634 0.184245 0.340278 0.119629
0 0.305664 0.972801 0.0403646 0.0543981 0.101929
0 0.916016 0.213686 0.167969 0.427373 0.0987549
0 0.856771 0.216435 0.046875 0.101273 0.0977173
0 0.497396 0.183015 0.109375 0.150174 0.088501
0 0.421875 0.512876 0.160156 0.265914 0.0866089
0 0.850911 0.153212 0.0481771 0.124711 0.0841675
0 0.85026 0.106481 0.0546875 0.12037 0.0838623
0 0.96875 0.243128 0.0520833 0.098235 0.0786133
0 0.933594 0.190538 0.125 0.2011 0.0775146
0 0.560872 0.466435 0.176432 0.320602 0.0705566
0 0.613281 0.49566 0.166667 0.248264 0.0700684
0 0.512044 0.424479 0.323568 0.471644 0.0634766
0 0.498047 0.21441 0.117188 0.183449 0.0621033
0 0.636719 0.512876 0.115885 0.205729 0.0614319
0 0.546549 0.444444 0.26888 0.402778 0.058136
0 0.558594 0.307002 0.0585938 0.104745 0.0544128
0 0.359375 0.597222 0.0507813 0.0914352 0.0514526
0 0.71875 0.289352 0.0885417 0.172454 0.0470886
0 0.488932 0.929398 0.0651042 0.0914352 0.0400085
0 0.564453 0.491898 0.141927 0.234954 0.0361633
0 0.912435 0.155093 0.17513 0.310185 0.0360107
0 0.511393 0.240451 0.152995 0.26794 0.0344238
0 0.51888 0.309896 0.152344 0.250579 0.033783
0 0.969401 0.388889 0.0559896 0.100694 0.031311
0 0.52474 0.825231 0.0442708 0.0706019 0.0296478
0 0.667969 0.509404 0.0846354 0.184896 0.028595
0 0.508138 0.367766 0.414714 0.557292 0.0281067
0 0.0515137 0.934606 0.0717774 0.113426 0.0269165
0 0.964844 0.104456 0.0703125 0.182292 0.0252686
0 0.467448 0.36046 0.207031 0.475839 0.0249329
0 0.400391 0.534144 0.13151 0.240741 0.0240479
0 0.593099 0.454861 0.236979 0.354167 0.0239105
0 0.695313 0.971065 0.0442708 0.0578704 0.0197601
0 0.958984 0.453125 0.0807292 0.190972 0.0179901
0 0.917969 0.288773 0.164063 0.414352 0.0173035
0 0.499023 0.920139 0.093099 0.108796 0.0168457
0 0.773438 0.0397859 0.0494792 0.0795718 0.0160217
0 0.938151 0.398148 0.123698 0.215278 0.0156708
0 0.634115 0.452836 0.184896 0.32581 0.0156021
0 0.916667 0.325738 0.151042 0.273293 0.0144501
0 0.448893 0.387731 0.294922 0.543981 0.0142288
0 0.545247 0.490162 0.130859 0.270833 0.0135345
0 0.595052 0.925926 0.0520833 0.0810185 0.0125275
0 0.72526 0.274016 0.123698 0.179398 0.0122375
0 0.612142 0.516782 0.208008 0.233796 0.0122375
0 0.155436 0.220486 0.0472005 0.0630787 0.610352
0 0.727865 0.282407 0.0833333 0.141204 0.31665
0 0.50293 0.355324 0.380859 0.570602 0.301514
0 0.479492 0.468171 0.296224 0.353009 0.15564
0 0.917969 0.156105 0.161458 0.312211 0.129883
0 0.888021 0.108796 0.125 0.197338 0.123779
0 0.424479 0.493056 0.177083 0.314815 0.122498
0 0.929036 0.159975 0.126302 0.25991 0.0817871
0 0.870443 0.168728 0.0742188 0.229673 0.0753174
0 0.449219 0.438079 0.230469 0.414352 0.0723877
0 0.729167 0.248553 0.09375 0.203125 0.0680542
0 0.516927 0.229456 0.167969 0.213542 0.0438538
0 0.360026 0.564959 0.0677083 0.175637 0.0377502
0 0.494792 0.183304 0.0976563 0.137442 0.0354004
0 0.692708 0.975116 0.0416667 0.0497685 0.0342407
0 0.514648 0.305845 0.159505 0.383681 0.0265503
0 0.943359 0.17853 0.0963542 0.239583 0.0253754
0 0.381836 0.192853 0.0768229 0.121817 0.0241852
0 0.538411 0.338542 0.121094 0.159722 0.0218201
0 0.480143 0.34252 0.304036 0.436487 0.0190582
0 0.522786 0.423032 0.347656 0.425926 0.0167847
0 0.755859 0.0902778 0.0742188 0.16088 0.0139542
0 0.77474 0.0454282 0.0494792 0.0908565 0.0137939
0 0.179036 0.369502 0.0436198 0.0625 0.0137405
0 0.195313 0.475405 0.0410156 0.0642361 0.0132217
0 0.817708 0.96875 0.0390625 0.056713 0.01297
0 0.391276 0.212963 0.113281 0.162037 0.0124817
0 0.901693 0.0949074 0.157552 0.189815 0.00926971
0 0.686849 0.286458 0.128906 0.197917 0.00919342
0 0.492188 0.935185 0.0572917 0.0810185 0.00905609
0 0.735026 0.189091 0.126302 0.376447 0.00871277
0 0.490885 0.327546 0.473958 0.655093 0.00812531
0 0.477865 0.216435 0.222656 0.179398 0.00800323
0 0.860026 0.127459 0.222656 0.250289 0.00669098
0 0.15804 0.207465 0.0533854 0.0902778 0.00624084
0 0.556641 0.457465 0.204427 0.339699 0.00582123
0 0.304362 0.976562 0.0390625 0.046875 0.00551224
0 0.60026 0.930556 0.0494792 0.0752315 0.0051384
0 0.915365 0.221137 0.160156 0.438513 0.00494385
0 0.926107 0.0916522 0.147786 0.183304 0.00408554
0 0.878906 0.213542 0.236979 0.427083 0.00408554
0 0.858724 0.281829 0.282552 0.563657 0.00407028
0 0.525716 0.828125 0.0273438 0.0451389 0.00403976
0 0.622233 0.315972 0.557617 0.631944 0.00391388
0 0.954427 0.470486 0.0859375 0.159722 0.00365067
0 0.959635 0.399306 0.0690104 0.118056 0.00362206
0 0.815104 0.170428 0.222656 0.340856 0.00351143
0 0.067627 0.95081 0.0600586 0.087963 0.00345612
0 0.503581 0.212963 0.162109 0.266782 0.00331116
0 0.951823 0.499711 0.0911458 0.152199 0.00293541
0 0.156901 0.221065 0.0442708 0.0549769 0.167236
0 0.695313 0.972222 0.0442708 0.0555556 0.152588
0 0.417969 0.546296 0.203125 0.407407 0.126343
0 0.454427 0.472801 0.240885 0.366898 0.0994873
0 0.427409 0.493056 0.190755 0.340278 0.0836182
0 0.503581 0.396412 0.42513 0.619213 0.0825195
0 0.462565 0.52908 0.319661 0.548322 0.0738525
0 0.723958 0.297454 0.0690104 0.118056 0.0479431
0 0.910156 0.177373 0.169271 0.354745 0.0440063
0 0.495768 0.44213 0.315755 0.416667 0.0348206
0 0.821615 0.96875 0.0364583 0.0532407 0.0348206
0 0.882813 0.113679 0.127604 0.198568 0.0299225
0 0.428711 0.571181 0.266276 0.502315 0.0297546
0 0.380859 0.567708 0.117188 0.186343 0.02948
0 0.55013 0.515625 0.123698 0.203704 0.0288696
0 0.538411 0.494792 0.173177 0.299769 0.0278015
0 0.474609 0.387153 0.304688 0.547454 0.0199127
0 0.304362 0.97338 0.0429688 0.0532407 0.0183716
0 0.500326 0.391204 0.225911 0.5 0.0180206
0 0.540365 0.454572 0.205729 0.370949 0.0175781
0 0.486979 0.182581 0.0839844 0.131944 0.0153656
0 0.561198 0.323206 0.0611979 0.102431 0.014389
0 0.198079 0.473669 0.0400391 0.0584491 0.0139542
0 0.510742 0.554253 0.465495 0.625289 0.0132217
0 0.938151 0.161314 0.0989583 0.276331 0.01297
0 0.507812 0.219256 0.166667 0.192274 0.0125275
0 0.716146 0.288194 0.0807292 0.152778 0.0109863
0 0.907552 0.130932 0.158854 0.261863 0.00901794
0 0.771484 0.0383391 0.0533854 0.0766782 0.00847626
0 0.641927 0.480903 0.0572917 0.125 0.00844574
0 0.513997 0.274812 0.146484 0.313802 0.008255
0 0.644531 0.450521 0.0807292 0.196181 0.00818634
0 0.406901 0.615885 0.207031 0.377025 0.00775528
0 0.383464 0.18316 0.0625 0.0989583 0.00723267
0 0.869792 0.303241 0.260417 0.606481 0.00712204
0 0.889323 0.0868056 0.143229 0.173611 0.00614548
0 0.912435 0.269097 0.17513 0.538194 0.00551224
0 0.670573 0.492477 0.0729167 0.130787 0.00538635
0 0.426758 0.236183 0.188802 0.202402 0.00503922
0 0.688802 0.39294 0.0755208 0.087963 0.00503922
0 0.648438 0.53125 0.0703125 0.138889 0.00488663
0 0.96875 0.37963 0.0442708 0.0740741 0.00484848
0 0.389404 0.428241 0.524577 0.771991 0.00462723
0 0.0786133 0.962963 0.046224 0.0648148 0.00460815
0 0.928711 0.116609 0.142578 0.233218 0.00443268
0 0.753906 0.0840567 0.078125 0.14265 0.00432968
0 0.589844 0.515191 0.247396 0.25897 0.00432968
0 0.602865 0.923611 0.0416667 0.0625 0.00432968
0 0.72526 0.252894 0.09375 0.224537 0.0042305
0 0.949219 0.917245 0.0390625 0.0555556 0.0042305
0 0.156576 0.222512 0.0442708 0.0619213 0.237183
0 0.416016 0.511429 0.196615 0.333623 0.157715
0 0.373698 0.545139 0.10026 0.231481 0.0687866
0 0.695313 0.971933 0.0390625 0.0561343 0.0422363
0 0.410482 0.583189 0.203125 0.430845 0.0418396
0 0.0735677 0.962963 0.0449219 0.0740741 0.0418396
0 0.437826 0.503617 0.141927 0.25434 0.0415344
0 0.723958 0.291667 0.078125 0.133102 0.0403137
0 0.307943 0.976852 0.0377604 0.0462963 0.0397949
0 0.547201 0.508247 0.120443 0.2011 0.0271149
0 0.657552 0.514468 0.101563 0.186343 0.0269165
0 0.598958 0.617477 0.25651 0.505787 0.0259094
0 0.539388 0.452546 0.427734 0.805556 0.0256195
0 0.492839 0.182292 0.0989583 0.13831 0.0225372
0 0.554688 0.443866 0.102865 0.292824 0.0190125
0 0.560547 0.32147 0.0598958 0.115162 0.0187988
0 0.716146 0.293403 0.0859375 0.167824 0.0173035
0 0.198893 0.469329 0.0380859 0.0601852 0.0170441
0 0.594401 0.51331 0.0820313 0.194444 0.0162201
0 0.778646 0.0371817 0.0390625 0.0743634 0.0156708
0 0.621094 0.637731 0.190104 0.408565 0.0149536
0 0.669271 0.506366 0.0859375 0.159722 0.0138474
0 0.571615 0.601273 0.1875 0.431713 0.0134277
0 0.460938 0.500579 0.28125 0.62037 0.0129242
0 0.491536 0.203414 0.110026 0.175347 0.012291
0 0.606934 0.512731 0.114258 0.210648 0.0110321
0 0.649089 0.433738 0.108073 0.201968 0.0107346
0 0.600423 0.927083 0.0465495 0.0694444 0.0104065
0 0.598307 0.537037 0.282552 0.65162 0.00967407
0 0.579427 0.454572 0.148438 0.295718 0.00963593
0 0.673177 0.530237 0.0859375 0.168692 0.00828552
0 0.953125 0.414931 0.0833333 0.170139 0.00796509
0 0.505208 0.222729 0.105469 0.130932 0.00790405
0 0.517904 0.45544 0.188151 0.364583 0.00775528
0 0.950521 0.302951 0.0898438 0.242477 0.00757599
0 0.381185 0.198495 0.078776 0.134838 0.00751877
0 0.852865 0.227431 0.0442708 0.112269 0.0068512
0 0.465495 0.363137 0.209635 0.435764 0.00653839
0 0.847656 0.106337 0.0520833 0.108507 0.0064888
0 0.0323079 0.969907 0.0483398 0.0601852 0.0064621
0 0.734375 0.283565 0.0859375 0.135417 0.00643921
0 0.0603027 0.943287 0.050944 0.108796 0.00634003
0 0.453776 0.402199 0.25 0.541667 0.00624084
0 0.533203 0.329861 0.102865 0.175926 0.00619125
0 0.821615 0.971644 0.03125 0.0555556 0.00616837
0 0.0257161 0.24566 0.0268555 0.0596065 0.00614548
0 0.520508 0.539931 0.0735677 0.155093 0.00609589
0 0.721354 0.248843 0.0989583 0.202546 0.00577545
0 0.389974 0.646846 0.157552 0.317419 0.00561905
0 0.942708 0.328053 0.109375 0.287182 0.00544739
0 0.426107 0.571904 0.216797 0.439525 0.230957
0 0.429036 0.509838 0.205729 0.369213 0.141235
0 0.156576 0.216725 0.0514323 0.0688657 0.0535889
0 0.492839 0.1739 0.0872396 0.146412 0.0334778
0 0.361003 0.564959 0.0709635 0.217303 0.0227966
0 0.35612 0.593171 0.0598958 0.128472 0.0224152
0 0.729167 0.293981 0.0755208 0.12963 0.0180969
0 0.431641 0.477431 0.160156 0.319444 0.0130234
0 0.473307 0.506366 0.347656 0.607639 0.0104904
0 0.504883 0.196325 0.121745 0.179109 0.0085144
0 0.951823 0.472222 0.0911458 0.196759 0.00674438
0 0.309896 0.972222 0.0403646 0.0555556 0.00674438
0 0.510742 0.436343 0.470703 0.773148 0.00653839
0 0.41862 0.724537 0.184896 0.159722 0.00616837
0 0.509115 0.144387 0.147135 0.211806 0.00593567
0 0.513346 0.565394 0.453776 0.561343 0.00570679
0 0.852865 0.0995732 0.0585938 0.120877 0.00542831
0 0.562174 0.394676 0.0696615 0.18287 0.00538635
0 0.199544 0.467303 0.0488281 0.0827546 0.0051384
0 0.957682 0.412326 0.0729167 0.152199 0.00510025
0 0.560547 0.320891 0.0611979 0.126736 0.0050621
0 0.419271 0.689815 0.213542 0.226852 0.00445175
0 0.655599 0.497106 0.0820313 0.185185 0.00439835
0 0.9375 0.501157 0.122396 0.188657 0.00407028
0 0.954427 0.247179 0.0794271 0.150318 0.00403976
0 0.518229 0.26765 0.136719 0.225116 0.00388527
0 0.946615 0.289062 0.0989583 0.309606 0.00388527
0 0.674479 0.489583 0.0729167 0.136574 0.00366402
0 0.645833 0.456887 0.09375 0.229745 0.00363541
0 0.938802 0.462963 0.122396 0.243056 0.00329781
0 0.517253 0.328704 0.13737 0.292824 0.00309944
0 0.734375 0.266855 0.0885417 0.180411 0.00300407
0 0.470378 0.37037 0.171224 0.342593 0.0029583
0 0.933594 0.347801 0.13151 0.34375 0.00291252
0 0.0730794 0.958333 0.0423177 0.0729167 0.00288963
0 0.504557 0.118345 0.170573 0.23669 0.00286674
0 0.490885 0.460648 0.203125 0.344907 0.00279045
0 0.950521 0.337963 0.0924479 0.298611 0.00273705
0 0.852865 0.146412 0.0546875 0.168403 0.00271416
0 0.558594 0.499711 0.0924479 0.190394 0.00271416
0 0.558268 0.529948 0.078776 0.125289 0.00271416
0 0.915365 0.24566 0.166667 0.476273 0.00254059
0 0.874349 0.539931 0.0703125 0.09375 0.00250244
0 0.761719 0.0775463 0.0520833 0.122106 0.00248146
0 0.333984 0.601852 0.0664062 0.106481 0.00243378
0 0.927734 0.403935 0.141927 0.263889 0.00236893
0 0.928385 0.168403 0.138021 0.336806 0.00230598
0 0.590495 0.489005 0.104167 0.216435 0.00222588
0 0.839844 0.0963542 0.078125 0.125 0.00221634
0 0.719401 0.285952 0.0976563 0.174624 0.00218201
0 0.424154 0.483796 0.177734 0.314815 0.132935
0 0.156901 0.221354 0.0436198 0.0584491 0.0700684
0 0.530599 0.347801 0.467448 0.648148 0.0602112
0 0.458984 0.476852 0.295573 0.40162 0.0510864
0 0.493815 0.179398 0.0924479 0.153356 0.0412292
0 0.91276 0.186343 0.164063 0.372685 0.0311432
0 0.529948 0.514468 0.472656 0.681713 0.0270691
0 0.908203 0.166377 0.151042 0.27662 0.0154266
0 0.46224 0.337384 0.354167 0.652778 0.0137405
0 0.495443 0.548611 0.382813 0.556713 0.0118713
0 0.727865 0.299769 0.078125 0.12963 0.0115967
0 0.372721 0.542245 0.0957031 0.211806 0.00898743
0 0.544271 0.438947 0.140625 0.348958 0.00728989
0 0.562174 0.321181 0.0605469 0.112269 0.00717545
0 0.568359 0.448495 0.522135 0.875 0.00614548
0 0.52181 0.369285 0.151693 0.367911 0.00559998
0 0.469401 0.363498 0.260417 0.536892 0.00538635
0 0.885417 0.229311 0.229167 0.458623 0.00508118
0 0.644531 0.391204 0.0546875 0.104167 0.00484848
0 0.914063 0.291667 0.158854 0.34375 0.00468063
0 0.470703 0.280671 0.238281 0.342593 0.00390053
0 0.498047 0.196325 0.147135 0.179688 0.00365067
0 0.769531 0.0448495 0.0520833 0.0896991 0.00351143
0 0.71875 0.307581 0.0911458 0.153356 0.00351143
0 0.75651 0.068287 0.0677083 0.124132 0.00345612
0 0.531901 0.288484 0.110677 0.161458 0.00300407
0 0.198242 0.466146 0.0416667 0.0607639 0.00291252
0 0.557292 0.47338 0.117188 0.267361 0.00282288
0 0.507812 0.151078 0.143229 0.194951 0.00279999
0 0.924479 0.355324 0.143229 0.238426 0.00277901
0 0.576497 0.423611 0.16862 0.318287 0.0024929
0 0.940104 0.286748 0.111979 0.31713 0.00247192
0 0.646484 0.465856 0.0585938 0.109954 0.00225258
0 0.43099 0.564236 0.230469 0.454861 0.00224304
0 0.888021 0.100116 0.122396 0.200231 0.00212479
0 0.690755 0.345197 0.123698 0.182292 0.00209045
0 0.735677 0.273148 0.0885417 0.170139 0.00201035
0 0.388672 0.196181 0.0729167 0.126157 0.00178909
0 0.590495 0.469329 0.0794271 0.170139 0.00178909
0 0.952474 0.103588 0.0950521 0.207176 0.00170708
0 0.852214 0.10952 0.108073 0.197627 0.00167465
0 0.705729 0.322338 0.114583 0.184028 0.00166798
0 0.96224 0.385995 0.0625 0.125 0.00165462
0 0.742188 0.196759 0.0989583 0.376736 0.00162888
0 0.664063 0.34375 0.670573 0.6875 0.00161648
0 0.677734 0.363715 0.158854 0.262731 0.00152493
0 0.0742188 0.960648 0.0384115 0.0694444 0.00151253
0 0.437826 0.430049 0.20638 0.525318 0.00142097
0 0.393229 0.247034 0.13151 0.230469 0.00134087
0 0.527995 0.820023 0.0325521 0.0532407 0.00133514
0 0.417643 0.496528 0.195964 0.337963 0.420654
0 0.154622 0.218171 0.0488281 0.0653935 0.304932
0 0.727865 0.295718 0.0807292 0.127315 0.19812
0 0.492839 0.194155 0.101563 0.162616 0.113953
0 0.91276 0.158275 0.171875 0.306134 0.102661
0 0.376302 0.527922 0.113281 0.252025 0.0665894
0 0.436198 0.465856 0.144531 0.282407 0.064209
0 0.869792 0.173611 0.0833333 0.21875 0.0437012
0 0.882813 0.170464 0.119792 0.267289 0.0435181
0 0.733073 0.278935 0.0911458 0.144676 0.0409851
0 0.566081 0.394965 0.093099 0.242477 0.0407715
0 0.5625 0.321759 0.0677083 0.119213 0.0389709
0 0.450521 0.553819 0.294271 0.454861 0.0381165
0 0.890625 0.127894 0.135417 0.208333 0.0322266
0 0.723958 0.289424 0.0989583 0.175781 0.0266571
0 0.535482 0.440683 0.169922 0.354745 0.0202484
0 0.954427 0.173466 0.0872396 0.279225 0.019989
0 0.535156 0.315683 0.136719 0.304977 0.0198669
0 0.914063 0.221571 0.171875 0.409867 0.0191193
0 0.5625 0.470775 0.111979 0.20544 0.0190125
0 0.647135 0.394097 0.0755208 0.149306 0.0178528
0 0.65625 0.50217 0.0989583 0.210938 0.0156708
0 0.421875 0.578704 0.227865 0.438657 0.0154266
0 0.532878 0.290509 0.119141 0.161458 0.0141754
0 0.582031 0.465278 0.0859375 0.178241 0.0141754
0 0.49707 0.491247 0.392578 0.590422 0.0133743
0 0.477865 0.210576 0.167969 0.176071 0.012825
0 0.551758 0.495949 0.110026 0.18287 0.0115051
0 0.522135 0.414352 0.458333 0.711806 0.00978088
0 0.686198 0.357639 0.111979 0.153935 0.00871277
0 0.904948 0.259549 0.151042 0.309606 0.0086441
0 0.953776 0.382523 0.0898438 0.179398 0.00769424
0 0.480469 0.331597 0.197917 0.390046 0.00760651
0 0.497396 0.197049 0.139323 0.171875 0.0068779
0 0.730469 0.257595 0.0963542 0.22555 0.0068512
0 0.595703 0.48669 0.105469 0.226852 0.00679779
0 0.678385 0.332755 0.127604 0.167824 0.00626373
0 0.916667 0.313368 0.161458 0.282986 0.00624084
0 0.742188 0.210648 0.0911458 0.292824 0.00616837
0 0.96875 0.380787 0.0572917 0.107639 0.00582123
0 0.509766 0.203125 0.154948 0.233218 0.00547028
0 0.666667 0.497975 0.0989583 0.176505 0.00530243
0 0.523763 0.567274 0.457682 0.5761 0.00519943
0 0.957682 0.305483 0.0833333 0.255932 0.00511932
0 0.710938 0.317708 0.119792 0.180556 0.00503922
0 0.304688 0.974248 0.0403646 0.0515046 0.00486755
0 0.658854 0.541088 0.127604 0.195602 0.00443268
0 0.393229 0.229167 0.125 0.186921 0.00436401
0 0.962891 0.448495 0.0664062 0.140046 0.00436401
0 0.765625 0.0817419 0.0546875 0.131076 0.00413513
0 0.720052 0.293981 0.0625 0.112269 0.211426
0 0.436849 0.465856 0.136719 0.265046 0.199951
0 0.426432 0.49537 0.178385 0.321759 0.193726
0 0.154622 0.221065 0.0436198 0.0590278 0.169434
0 0.446615 0.442998 0.113281 0.222801 0.0753174
0 0.365885 0.552083 0.0742188 0.216435 0.0552063
0 0.357422 0.572338 0.0651042 0.155093 0.044342
0 0.558919 0.318287 0.0605469 0.111111 0.039856
0 0.392578 0.512153 0.129557 0.309028 0.0352173
0 0.486979 0.182002 0.0748698 0.131366 0.0278015
0 0.846354 0.122106 0.0442708 0.078125 0.0231476
0 0.561849 0.358796 0.0611979 0.0989583 0.0207977
0 0.498047 0.21072 0.0651042 0.0970775 0.0205231
0 0.847656 0.141204 0.0442708 0.0891204 0.0190582
0 0.43099 0.572917 0.198568 0.407407 0.0132217
0 0.766927 0.0783782 0.0416667 0.103082 0.0115051
0 0.773438 0.0421007 0.0390625 0.0818866 0.0112457
0 0.0722656 0.958333 0.0432943 0.0763889 0.00985718
0 0.852865 0.219907 0.0442708 0.0902778 0.00971222
0 0.377279 0.482639 0.0794271 0.295139 0.00905609
0 0.716797 0.288194 0.0768229 0.135417 0.00763702
0 0.598958 0.463252 0.046875 0.0862269 0.00653839
0 0.643229 0.381366 0.0520833 0.0775463 0.00638962
0 0.563151 0.475116 0.0716146 0.114583 0.00621796
0 0.5625 0.520255 0.0625 0.107639 0.00600433
0 0.96875 0.378472 0.0442708 0.0763889 0.0053215
0 0.305664 0.974826 0.0371094 0.0503472 0.00516129
0 0.68099 0.377604 0.0598958 0.0740741 0.00411606
0 0.529948 0.410301 0.10026 0.25 0.00382423
0 0.535156 0.321181 0.0846354 0.130787 0.00355148
0 0.968099 0.237558 0.046875 0.0931713 0.00307465
0 0.601725 0.405093 0.054362 0.103009 0.00305176
0 0.388672 0.183304 0.0546875 0.0789931 0.0029583
0 0.645182 0.47338 0.0585938 0.0844907 0.00291252
0 0.924479 0.182147 0.111979 0.213252 0.00282288
0 0.470703 0.381944 0.0794271 0.171296 0.00265312
0 0.947917 0.23083 0.0833333 0.104311 0.00263214
0 0.513672 0.530237 0.0559896 0.152488 0.0026207
0 0.919922 0.146123 0.10026 0.231481 0.00255013
0 0.968099 0.469329 0.0481771 0.09375 0.00247192
0 0.0358073 0.953704 0.0613607 0.0844907 0.00237846
0 0.597656 0.515625 0.0455729 0.108796 0.00234222
0 0.547852 0.292535 0.0735677 0.121528 0.00233269
0 0.938802 0.200955 0.101563 0.180266 0.00231361
0 0.520182 0.484954 0.0768229 0.216435 0.00221634
0 0.69401 0.969329 0.0338542 0.0590278 0.00221634
0 0.648438 0.536024 0.0598958 0.115451 0.00217438
0 0.954427 0.3886 0.0729167 0.0908565 0.0020752
0 0.443359 0.538194 0.253906 0.482639 0.00198746
0 0.947266 0.905093 0.03125 0.0428241 0.0018034
0 0.41862 0.50463 0.192708 0.328704 0.361084
0 0.72526 0.293403 0.0755208 0.135417 0.294189
0 0.488281 0.186053 0.0898438 0.148148 0.199341
0 0.426432 0.453993 0.152344 0.247106 0.162354
0 0.558919 0.322627 0.0709635 0.127894 0.127197
0 0.155599 0.217882 0.0494792 0.0636574 0.107422
0 0.447591 0.425926 0.110026 0.197917 0.0847778
0 0.381185 0.530237 0.123698 0.279803 0.0812378
0 0.5625 0.344907 0.0768229 0.136574 0.0680542
0 0.360026 0.562355 0.0833333 0.190104 0.0663452
0 0.913411 0.166088 0.165365 0.311921 0.0391846
0 0.721354 0.291667 0.0911458 0.16088 0.036438
0 0.64388 0.379051 0.0651042 0.105324 0.0319214
0 0.42513 0.582031 0.21875 0.43316 0.0318604
0 0.538411 0.318287 0.102865 0.157407 0.0300446
0 0.927083 0.19213 0.132812 0.243056 0.02948
0 0.865885 0.171911 0.0794271 0.245298 0.0270081
0 0.889323 0.180266 0.114583 0.221065 0.0257568
0 0.855469 0.105035 0.0664062 0.152778 0.0186462
0 0.542969 0.407986 0.122396 0.282407 0.0177155
0 0.583984 0.389178 0.09375 0.157407 0.0160217
0 0.958333 0.233724 0.0677083 0.139034 0.0157166
0 0.559896 0.476852 0.09375 0.157407 0.0131226
0 0.675781 0.328704 0.114583 0.153935 0.0112457
0 0.597494 0.46875 0.0576172 0.122685 0.0104904
0 0.0733236 0.953704 0.0483398 0.087963 0.00967407
0 0.473633 0.207176 0.122396 0.170139 0.00937653
0 0.645833 0.479456 0.0768229 0.13831 0.00905609
0 0.475911 0.364294 0.10026 0.166088 0.00898743
0 0.55306 0.51331 0.0970052 0.155093 0.0086441
0 0.6875 0.360243 0.0989583 0.117477 0.0078125
0 0.733073 0.278935 0.0885417 0.154514 0.00763702
0 0.496094 0.427662 0.391927 0.702546 0.00731659
0 0.966146 0.384259 0.0520833 0.0972222 0.00709534
0 0.914714 0.23669 0.16276 0.347222 0.00674438
0 0.38737 0.198351 0.0807292 0.122975 0.00638962
0 0.772135 0.0422454 0.0442708 0.0844907 0.00614548
0 0.432943 0.395833 0.147135 0.201968 0.00536346
0 0.531901 0.490162 0.102865 0.225694 0.00530243
0 0.695313 0.971065 0.0364583 0.0578704 0.0051384
0 0.389974 0.218461 0.114583 0.173611 0.00511932
0 0.306641 0.975694 0.0410156 0.0486111 0.00498199
0 0.574544 0.351273 0.11263 0.167824 0.00468063
0 0.925781 0.284433 0.141927 0.255208 0.00429916
0 0.651042 0.534144 0.0833333 0.148148 0.00428009
0 0.953125 0.400463 0.0820313 0.124421 0.00421524
0 0.508789 0.225984 0.152995 0.245949 0.00405502
0 0.958333 0.453414 0.0651042 0.147569 0.00397491
0 0.761719 0.0807292 0.0572917 0.140336 0.0039444
0 0.514974 0.543981 0.0638021 0.135417 0.0039444
0 0.434245 0.507523 0.136719 0.246528 0.38208
0 0.489909 0.181424 0.0898438 0.13831 0.342529
0 0.43099 0.492766 0.160156 0.306134 0.330322
0 0.443359 0.45515 0.122396 0.240162 0.274414
0 0.419922 0.540509 0.149089 0.217593 0.229492
0 0.724609 0.291088 0.0716146 0.12037 0.227417
0 0.558919 0.319444 0.0683594 0.12037 0.145142
0 0.373047 0.551505 0.0807292 0.212963 0.121277
0 0.36263 0.573061 0.0690104 0.157118 0.119995
0 0.154297 0.21875 0.0524089 0.0630787 0.0927124
0 0.5625 0.343171 0.0755208 0.134259 0.0605164
0 0.403646 0.508681 0.138672 0.309028 0.0585632
0 0.536458 0.31713 0.0963542 0.145833 0.0408325
0 0.542318 0.404514 0.109375 0.267361 0.0282135
0 0.640625 0.387153 0.0651042 0.101852 0.0265503
0 0.722656 0.289641 0.0885417 0.153356 0.0196381
0 0.591797 0.40162 0.0703125 0.136574 0.0187988
0 0.561849 0.470486 0.09375 0.149306 0.0181274
0 0.388672 0.196036 0.0794271 0.12066 0.0180206
0 0.599121 0.463252 0.0517578 0.116319 0.0166626
0 0.647135 0.489294 0.0807292 0.157986 0.0164032
0 0.849609 0.154369 0.0494792 0.140914 0.0150757
0 0.485026 0.194444 0.117188 0.152778 0.0139008
0 0.848958 0.114873 0.0520833 0.106481 0.0130234
0 0.388997 0.206597 0.100911 0.149884 0.0119629
0 0.960938 0.234664 0.0651042 0.112269 0.0118256
0 0.523438 0.488137 0.0898438 0.225116 0.0115967
0 0.552734 0.510272 0.0950521 0.153067 0.0112457
0 0.462565 0.199942 0.094401 0.148727 0.0109863
0 0.949219 0.231988 0.0911458 0.119358 0.0109863
0 0.854167 0.20515 0.046875 0.139468 0.0107346
0 0.927734 0.177337 0.140625 0.250651 0.0104904
0 0.470378 0.377894 0.0917969 0.168981 0.00978088
0 0.305013 0.976562 0.0397135 0.046875 0.00926971
0 0.0715332 0.956019 0.0496419 0.0833333 0.0091629
0 0.652344 0.530237 0.0833333 0.147859 0.00857544
0 0.510417 0.538773 0.0572917 0.134259 0.00793457
0 0.774089 0.0421007 0.0416667 0.0827546 0.00775528
0 0.734375 0.283275 0.0872396 0.130787 0.00766754
0 0.966146 0.383681 0.0520833 0.0885417 0.00664139
0 0.69401 0.970197 0.0377604 0.0596065 0.00619125
0 0.654948 0.340278 0.09375 0.143519 0.00605011
0 0.913411 0.159144 0.173177 0.3125 0.00511932
0 0.604818 0.511574 0.0507813 0.159722 0.00500107
0 0.432943 0.584491 0.192708 0.346065 0.00498199
0 0.951823 0.200666 0.0885417 0.202836 0.00471878
0 0.445964 0.401042 0.124349 0.204861 0.00448608
0 0.769531 0.0770038 0.046875 0.126085 0.00434875
0 0.954427 0.399016 0.0833333 0.119792 0.00416565
0 0.675781 0.384259 0.0911458 0.118056 0.00413513
0 0.419922 0.499132 0.183594 0.315394 0.469727
0 0.428711 0.463542 0.14974 0.260417 0.233765
0 0.365885 0.551505 0.0859375 0.208333 0.162354
0 0.724609 0.289352 0.0755208 0.134259 0.127686
0 0.427083 0.585069 0.201823 0.425926 0.0685425
0 0.155273 0.221065 0.0494792 0.0619213 0.0453491
0 0.488932 0.180556 0.0885417 0.141204 0.0406799
0 0.559896 0.320023 0.0664062 0.123843 0.0391235
0 0.564453 0.350116 0.0716146 0.133102 0.0282135
0 0.723958 0.289352 0.0885417 0.165509 0.0145035
0 0.643229 0.3886 0.0625 0.100116 0.0144501
0 0.592611 0.405093 0.069987 0.141204 0.0138474
0 0.535807 0.42419 0.113281 0.295139 0.0132217
0 0.5625 0.466435 0.0885417 0.150463 0.012825
0 0.53418 0.321181 0.0963542 0.148148 0.0118713
0 0.598307 0.458912 0.0520833 0.126157 0.00993347
0 0.552734 0.505787 0.0898438 0.162037 0.00971222
0 0.647135 0.479745 0.0755208 0.15162 0.00948334
0 0.733073 0.275174 0.0898438 0.152778 0.0085144
0 0.520182 0.487847 0.0755208 0.226852 0.00806427
0 0.917969 0.169126 0.164063 0.316262 0.0077858
0 0.852214 0.165799 0.0507813 0.191551 0.00763702
0 0.854167 0.196181 0.046875 0.158565 0.00709534
0 0.941406 0.230035 0.104167 0.159144 0.00641251
0 0.953125 0.239583 0.078125 0.137153 0.00631332
0 0.072347 0.960069 0.0444336 0.0798611 0.00609589
0 0.447266 0.202836 0.13737 0.165509 0.00600433
0 0.651693 0.522569 0.078125 0.15625 0.0055542
0 0.419922 0.663194 0.19401 0.291667 0.00534439
0 0.513021 0.534144 0.0559896 0.152778 0.00526047
0 0.425781 0.708333 0.1875 0.196759 0.00521851
0 0.305339 0.975116 0.0377604 0.0497685 0.00492477
0 0.535156 0.301505 0.110677 0.15625 0.00482941
0 0.85026 0.106735 0.0507813 0.129123 0.00481033
0 0.480469 0.199074 0.130208 0.159722 0.00466537
0 0.773438 0.041305 0.0390625 0.08261 0.00415039
0 0.466797 0.381655 0.0950521 0.17419 0.00415039
0 0.602214 0.502459 0.0481771 0.161748 0.0037365
0 0.962891 0.38397 0.0572917 0.100116 0.00365067
0 0.950521 0.303892 0.0885417 0.245226 0.00341606
0 0.657552 0.33912 0.101563 0.148148 0.00336266
0 0.683594 0.37934 0.078125 0.0960648 0.00333786
0 0.577474 0.372106 0.105469 0.196759 0.00312424
0 0.949219 0.398727 0.09375 0.164352 0.00298119
0 0.388021 0.210938 0.111979 0.163773 0.00292397
0 0.934245 0.292318 0.125 0.240596 0.00287819
0 0.917969 0.277488 0.161458 0.287037 0.00277901
0 0.66276 0.491898 0.0820313 0.155093 0.0026722
0 0.69401 0.970775 0.0364583 0.0584491 0.00258064
0 0.766927 0.0740741 0.0494792 0.129919 0.00255013
0 0.420573 0.493634 0.179036 0.318287 0.439697
0 0.367513 0.548032 0.0885417 0.217593 0.139893
0 0.44043 0.449653 0.123047 0.233796 0.129395
0 0.72526 0.295139 0.0755208 0.133102 0.0726318
0 0.155599 0.220486 0.0507813 0.0625 0.0675659
0 0.488607 0.18316 0.0891927 0.140625 0.0585632
0 0.561198 0.319444 0.0664062 0.118056 0.0520325
0 0.565104 0.355035 0.0742188 0.135995 0.0337219
0 0.641276 0.39265 0.0611979 0.100694 0.0218658
0 0.591797 0.407986 0.0703125 0.14294 0.0200958
0 0.645182 0.480324 0.0716146 0.12963 0.0177155
0 0.534505 0.321181 0.0950521 0.144676 0.0171814
0 0.560547 0.475405 0.0898438 0.146412 0.0167847
0 0.914063 0.170139 0.171875 0.340278 0.0165863
0 0.537109 0.427662 0.128906 0.321759 0.0155411
0 0.427083 0.575376 0.208333 0.427951 0.0152512
0 0.854818 0.175781 0.0572917 0.234664 0.0149536
0 0.600911 0.462963 0.0494792 0.114583 0.0149002
0 0.864583 0.180266 0.0677083 0.207176 0.0125732
0 0.552083 0.507089 0.09375 0.166377 0.011116
0 0.850911 0.109049 0.0546875 0.148799 0.0109482
0 0.64974 0.52662 0.0755208 0.149306 0.00912476
0 0.530924 0.498843 0.0885417 0.21412 0.00891876
0 0.723307 0.293981 0.0911458 0.166667 0.0085144
0 0.0726725 0.958333 0.0444336 0.0787037 0.00812531
0 0.952474 0.228877 0.0820313 0.182292 0.00769424
0 0.535156 0.300637 0.111979 0.152199 0.00701141
0 0.466797 0.20515 0.141927 0.170718 0.00609589
0 0.305339 0.975116 0.0384115 0.0497685 0.00609589
0 0.489258 0.199508 0.134115 0.161748 0.00600433
0 0.469727 0.384549 0.0976563 0.190394 0.00536346
0 0.734375 0.283565 0.0885417 0.148727 0.00518036
0 0.916016 0.234881 0.166667 0.383247 0.00503922
0 0.515625 0.538194 0.0572917 0.138889 0.00502014
0 0.576172 0.383681 0.113281 0.221644 0.00496292
0 0.773438 0.0421007 0.0416667 0.0842014 0.00494385
0 0.654948 0.347222 0.117188 0.159722 0.00407028
0 0.604818 0.508247 0.0455729 0.159433 0.00407028
0 0.682292 0.379919 0.0807292 0.101852 0.00369263
0 0.766276 0.0775463 0.0520833 0.132812 0.00363541
0 0.429688 0.42419 0.169271 0.253472 0.0036068
0 0.942708 0.386574 0.106771 0.224537 0.00346947
0 0.66276 0.498264 0.0820313 0.143519 0.00346947
0 0.951823 0.304977 0.0846354 0.253472 0.00323486
0 0.964844 0.385417 0.0546875 0.103588 0.00313568
0 0.694661 0.969907 0.0364583 0.0601852 0.00301552
0 0.91862 0.324363 0.151042 0.253472 0.00300407
0 0.388672 0.218678 0.111979 0.174913 0.00283432
0 0.430339 0.408058 0.19401 0.425781 0.00264168
0 0.508138 0.221571 0.163411 0.267506 0.0024929
0 0.420573 0.493634 0.179036 0.318287 0.439697
0 0.367188 0.548032 0.0885417 0.217593 0.140381
0 0.44043 0.449653 0.123047 0.233796 0.129883
0 0.72526 0.295139 0.0755208 0.133102 0.0736694
0 0.155599 0.220486 0.0507813 0.0625 0.0680542
0 0.488607 0.18316 0.0891927 0.140625 0.0587769
0 0.561198 0.319444 0.0664062 0.118056 0.0522461
0 0.565104 0.355324 0.0742188 0.135417 0.0337219
0 0.641276 0.392361 0.0611979 0.100694 0.0219421
0 0.591797 0.407986 0.0690104 0.143519 0.0200958
0 0.645182 0.480324 0.0716146 0.12963 0.0177155
0 0.534505 0.321181 0.0950521 0.144676 0.0171814
0 0.560547 0.475694 0.0898438 0.145833 0.0167847
0 0.914063 0.169994 0.171875 0.339988 0.0165253
0 0.537109 0.427662 0.128906 0.321759 0.0155411
0 0.427083 0.575231 0.208333 0.427083 0.0151901
0 0.854818 0.175781 0.0572917 0.234664 0.0149536
0 0.600911 0.462963 0.0494792 0.114583 0.0149536
0 0.864583 0.180122 0.0677083 0.207465 0.0125732
0 0.552083 0.506944 0.09375 0.165509 0.0111618
0 0.850911 0.109086 0.0546875 0.149016 0.0109863
0 0.64974 0.52662 0.0755208 0.149306 0.00919342
0 0.530599 0.499132 0.0885417 0.213542 0.00894928
0 0.723307 0.293981 0.0911458 0.166667 0.00857544
0 0.0726725 0.958912 0.0444336 0.0775463 0.00818634
0 0.952474 0.22866 0.0820313 0.182726 0.00769424
0 0.535156 0.300347 0.111979 0.15162 0.00701141
0 0.466797 0.20515 0.141927 0.170718 0.00609589
0 0.305339 0.975116 0.0384115 0.0497685 0.006073
0 0.489583 0.199508 0.134115 0.161748 0.00600433
0 0.469727 0.384549 0.0976563 0.190394 0.00534439
0 0.734375 0.283565 0.0885417 0.148727 0.00521851
0 0.515625 0.538194 0.0572917 0.138889 0.00503922
0 0.916667 0.235026 0.166667 0.384115 0.00502014
0 0.773438 0.0421007 0.0416667 0.0842014 0.00494385
0 0.576172 0.383681 0.113281 0.221644 0.00494385
0 0.604818 0.508681 0.0455729 0.158565 0.0041008
0 0.654948 0.347222 0.117188 0.159722 0.00405502
0 0.682292 0.379919 0.0807292 0.101273 0.00370789
0 0.766276 0.0775825 0.0520833 0.13303 0.00365067
0 0.429688 0.42419 0.169271 0.253472 0.0036068
0 0.66276 0.498264 0.0820313 0.143519 0.00346947
0 0.942057 0.386863 0.106771 0.225116 0.00345612
0 0.951823 0.304977 0.0859375 0.253472 0.00322342
0 0.964844 0.385417 0.0546875 0.103009 0.00312424
0 0.694661 0.969907 0.0364583 0.0601852 0.00302696
0 0.91862 0.32458 0.151042 0.253617 0.00300407
0 0.388672 0.21875 0.111979 0.174769 0.00283432
0 0.430339 0.408058 0.19401 0.425781 0.00263214
0 0.507812 0.221644 0.16276 0.26794 0.0024929
