0 0.271159 0.768519 0.0533854 0.0833333 0.0574951
0 0.932292 0.532986 0.0625 0.0787037 0.0319824
0 0.354167 0.602431 0.0481771 0.056713 0.0215759
0 0.524089 0.833333 0.0423177 0.0752315 0.0210419
0 0.686198 0.711227 0.0572917 0.0752315 0.0131226
0 0.273763 0.717593 0.0579427 0.09375 0.012825
0 0.97526 0.778356 0.0494792 0.0891204 0.0127716
0 0.5 0.5 1 1 0.0119171
0 0.5 0.5 1 1 0.0109482
0 0.682292 0.751157 0.0494792 0.0810185 0.01017
0 0.552734 0.5 0.894531 1 0.00989532
0 0.354167 0.565972 0.0533854 0.0833333 0.00945282
0 0.436523 0.778935 0.046224 0.0810185 0.0088501
0 0.664714 0.5 0.670573 1 0.00841522
0 0.701009 0.723669 0.597982 0.552662 0.008255
0 0.666178 0.5 0.667643 1 0.00793457
0 0.671875 0.539352 0.65625 0.921296 0.00709534
0 0.5 0.5 1 1 0.0069046
0 0.573893 0.592014 0.852214 0.815972 0.00643921
0 0.767253 0.728877 0.465495 0.542245 0.00634003
0 0.453776 0.5 0.907552 1 0.00600433
0 0.434896 0.836227 0.0436198 0.0625 0.00595856
0 0.94401 0.338542 0.0989583 0.109954 0.0053215
0 0.5 0.5 1 1 0.00510025
0 0.560547 0.700231 0.0703125 0.0787037 0.00492477
0 0.578125 0.5 0.84375 1 0.00488663
0 0.555339 0.5 0.889323 1 0.00482941
0 0.973307 0.813657 0.0533854 0.099537 0.00453949
0 0.939453 0.355613 0.0950521 0.130208 0.00429916
0 0.450521 0.550926 0.0442708 0.0740741 0.0042305
0 0.933594 0.532263 0.101563 0.109086 0.00416565
0 0.97526 0.737269 0.0494792 0.145833 0.00407028
0 0.872396 0.206453 0.255208 0.412905 0.00405502
0 0.955078 0.579716 0.0898438 0.169271 0.00363541
0 0.936198 0.66088 0.127604 0.321759 0.00355148
0 0.954427 0.538194 0.0911458 0.145833 0.00348282
0 0.937174 0.270833 0.125651 0.302662 0.00345612
0 0.941406 0.512731 0.111979 0.188657 0.00345612
0 0.950521 0.314236 0.0989583 0.162616 0.00344276
0 0.277344 0.675347 0.0703125 0.16088 0.00329781
0 0.618164 0.307581 0.763672 0.615162 0.00301552
0 0.536458 0.628472 0.0820313 0.0856481 0.00286674
0 0.55957 0.689815 0.130859 0.0891204 0.00284576
0 0.957682 0.770833 0.0846354 0.149306 0.00268364
0 0.94401 0.228299 0.111979 0.456597 0.00257111
0 0.64388 0.809028 0.295573 0.12963 0.00254059
0 0.955078 0.252025 0.0898438 0.225694 0.00252151
0 0.90332 0.262731 0.193359 0.289931 0.00251198
0 0.103475 0.868634 0.197347 0.262731 0.0024929
0 0.350911 0.600116 0.0989583 0.114583 0.00248146
0 0.520182 0.821759 0.0585938 0.0787037 0.373779
0 0.0592448 0.37037 0.0644531 0.0902778 0.326904
0 0.942057 0.519676 0.0533854 0.0775463 0.253174
0 0.0574544 0.351273 0.0680339 0.0914352 0.201172
0 0.893229 0.783565 0.0546875 0.0810185 0.180054
0 0.155924 0.780671 0.061849 0.0844907 0.162964
0 0.452799 0.545284 0.0494792 0.0946181 0.157104
0 0.345378 0.563657 0.0638021 0.0925926 0.155029
0 0.682943 0.733796 0.0455729 0.0740741 0.153564
0 0.973958 0.774306 0.0520833 0.0925926 0.137085
0 0.6875 0.717593 0.0598958 0.0902778 0.113953
0 0.335612 0.552228 0.063151 0.108507 0.102295
0 0.600098 0.324074 0.0498047 0.0601852 0.0946655
0 0.438477 0.763889 0.0527344 0.0949074 0.0913696
0 0.54362 0.668981 0.0625 0.087963 0.0863037
0 0.0482585 0.898148 0.0965169 0.173611 0.0820923
0 0.306641 0.475694 0.0566406 0.0706019 0.0809326
0 0.302083 0.833333 0.0546875 0.0833333 0.0797729
0 0.047526 0.755787 0.0797526 0.12963 0.0745239
0 0.736979 0.853588 0.046875 0.0798611 0.0731812
0 0.646484 0.23235 0.046875 0.0792824 0.0680542
0 0.533529 0.656829 0.0520833 0.09375 0.0570679
0 0.960286 0.549769 0.078125 0.104167 0.0534058
0 0.343099 0.177951 0.0625 0.0966435 0.0522461
0 0.981771 0.321759 0.0364583 0.0694444 0.0520325
0 0.271566 0.181858 0.0610352 0.10272 0.0501404
0 0.0987956 0.696759 0.046224 0.0694444 0.0426331
0 0.416667 0.399595 0.0748698 0.117477 0.0414734
0 0.948568 0.506366 0.0638021 0.0972222 0.0414734
0 0.513346 0.393519 0.0449219 0.0659722 0.0413818
0 0.60026 0.377315 0.0507813 0.0798611 0.0403137
0 0.161296 0.791667 0.0615234 0.122685 0.0395508
0 0.275716 0.762731 0.0553385 0.0717593 0.0391846
0 0.541016 0.645833 0.0716146 0.123843 0.0383911
0 0.603027 0.256366 0.0517578 0.0844907 0.0370483
0 0.0449219 0.857639 0.0859375 0.247685 0.0368347
0 0.457031 0.527778 0.0559896 0.0902778 0.0366211
0 0.552083 0.573495 0.0911458 0.172454 0.035614
0 0.050944 0.84375 0.101888 0.289352 0.0352173
0 0.332682 0.591435 0.0709635 0.131944 0.0345459
0 0.405599 0.3614 0.0755208 0.125579 0.0344849
0 0.975586 0.722222 0.0488281 0.12963 0.0344238
0 0.275065 0.686343 0.0533854 0.0821759 0.0340271
0 0.0431315 0.333333 0.0556641 0.0729167 0.0325928
0 0.0504557 0.736111 0.0852865 0.12037 0.0324707
0 0.533203 0.641204 0.0638021 0.100694 0.0319214
0 0.283854 0.818287 0.0533854 0.0972222 0.0310211
0 0.406576 0.387442 0.078125 0.155093 0.0307312
0 0.731771 0.599537 0.0390625 0.0729167 0.0298767
0 0.218424 0.165943 0.0507813 0.0691551 0.0290833
0 0.840495 0.207176 0.313802 0.414352 0.607422
0 0.517904 0.819444 0.0494792 0.0671296 0.522461
0 0.897786 0.784722 0.0546875 0.0810185 0.42627
0 0.451172 0.549769 0.0403646 0.0601852 0.299805
0 0.884766 0.219256 0.221354 0.378617 0.291748
0 0.71875 0.200376 0.190104 0.222512 0.282227
0 0.442708 0.763889 0.0442708 0.0694444 0.188965
0 0.738281 0.832176 0.0442708 0.0625 0.186523
0 0.73763 0.208912 0.178385 0.295718 0.156616
0 0.680339 0.741898 0.0325521 0.0486111 0.135742
0 0.354167 0.591435 0.0266927 0.0486111 0.125977
0 0.153646 0.759259 0.0351562 0.0578704 0.109314
0 0.68099 0.190104 0.140625 0.196181 0.104858
0 0.940104 0.526042 0.0403646 0.0590278 0.101562
0 0.929036 0.249132 0.141927 0.306134 0.100891
0 0.925781 0.289352 0.104167 0.262153 0.093689
0 0.828125 0.20081 0.299479 0.318866 0.0866089
0 0.683594 0.707176 0.0416667 0.0601852 0.0772095
0 0.755859 0.198206 0.161458 0.241319 0.0715942
0 0.265625 0.77662 0.0377604 0.0671296 0.0646362
0 0.875651 0.140589 0.240885 0.269748 0.0637207
0 0.433594 0.834491 0.0364583 0.0439815 0.0628052
0 0.811849 0.530093 0.0247396 0.0439815 0.0621033
0 0.847656 0.380208 0.0442708 0.0972222 0.0568542
0 0.14681 0.277199 0.0585938 0.107639 0.0552063
0 0.405599 0.0695891 0.0885417 0.0966435 0.0509033
0 0.103027 0.685764 0.0227865 0.0486111 0.0467224
0 0.315104 0.527778 0.0182292 0.0347222 0.0458679
0 0.179362 0.77662 0.0338542 0.0648148 0.0440063
0 0.979818 0.554398 0.0403646 0.0694444 0.0430298
0 0.977214 0.781829 0.0455729 0.0833333 0.0413208
0 0.41862 0.077691 0.0911458 0.106192 0.0397034
0 0.9375 0.330729 0.104167 0.173032 0.0392761
0 0.170532 0.186053 0.309326 0.300347 0.0367126
0 0.513672 0.117224 0.100911 0.203053 0.0348816
0 0.597005 0.396123 0.0377604 0.0543981 0.0335388
0 0.89388 0.796296 0.0455729 0.0833333 0.0328979
0 0.351563 0.159433 0.0768229 0.136574 0.0268097
0 0.357747 0.214699 0.0696615 0.0983796 0.0261993
0 0.513997 0.074906 0.0839844 0.122758 0.0257568
0 0.311198 0.485532 0.0292969 0.0555556 0.0253754
0 0.398438 0.137442 0.101563 0.173611 0.025177
0 0.763672 0.399306 0.0429688 0.0555556 0.0249939
0 0.52474 0.800926 0.0585938 0.0902778 0.0231476
0 0.973958 0.806134 0.0520833 0.0833333 0.0230713
0 0.519857 0.672454 0.0260417 0.0462963 0.0202942
0 0.404948 0.408275 0.0598958 0.0902778 0.0197906
0 0.514648 0.394097 0.0253906 0.0422454 0.0193787
0 0.50651 0.0869502 0.115885 0.14294 0.0189362
0 0.941406 0.497106 0.0625 0.0787037 0.018158
0 0.517904 0.818287 0.0436198 0.0763889 0.634277
0 0.68099 0.748843 0.0351562 0.0601852 0.27832
0 0.446289 0.543981 0.0371094 0.0578704 0.268066
0 0.732422 0.827546 0.0377604 0.0555556 0.26123
0 0.440755 0.833333 0.0371094 0.0555556 0.208862
0 0.528646 0.668981 0.0403646 0.0671296 0.199951
0 0.145996 0.763889 0.0439453 0.0601852 0.146606
0 0.35026 0.590278 0.0325521 0.0578704 0.137573
0 0.0546875 0.37037 0.0367839 0.0659722 0.129883
0 0.318359 0.528935 0.0273438 0.0486111 0.117981
0 0.941406 0.522569 0.0416667 0.0671296 0.0957031
0 0.889974 0.788773 0.0546875 0.0844907 0.0923462
0 0.684896 0.710648 0.0416667 0.0671296 0.0797729
0 0.440104 0.769676 0.0390625 0.0671296 0.0690308
0 0.266846 0.780093 0.0392253 0.0787037 0.0611877
0 0.885417 0.79919 0.0546875 0.09375 0.0518494
0 0.544922 0.678241 0.0377604 0.0636574 0.0412292
0 0.0182292 0.467593 0.0364583 0.056713 0.0385437
0 0.350911 0.559028 0.03125 0.0694444 0.0263519
0 0.527995 0.641204 0.0455729 0.0787037 0.0236053
0 0.983073 0.68287 0.0338542 0.0648148 0.0226746
0 0.977865 0.787037 0.0442708 0.0972222 0.0189362
0 0.766927 0.453704 0.0286458 0.0486111 0.0183411
0 0.0611979 0.345197 0.0488281 0.0729167 0.0165253
0 0.980469 0.622685 0.0325521 0.0601852 0.0132751
0 0.0698242 0.610532 0.0328776 0.0428241 0.0132217
0 0.264974 0.809028 0.0397135 0.0694444 0.0120544
0 0.184245 0.769676 0.0286458 0.0636574 0.0113754
0 0.97526 0.811343 0.0442708 0.087963 0.0103683
0 0.720052 0.548611 0.03125 0.0555556 0.00905609
0 0.0400391 0.917824 0.0654297 0.115741 0.00891876
0 0.964844 0.54456 0.0598958 0.0821759 0.00888062
0 0.096639 0.684028 0.0287272 0.0416667 0.00837708
0 0.0199382 0.700231 0.0338542 0.0601852 0.0078125
0 0.760417 0.690394 0.03125 0.0428241 0.00746155
0 0.546875 0.623264 0.0364583 0.0590278 0.00740433
0 0.40625 0.839699 0.0494792 0.0486111 0.00728989
0 0.307943 0.832176 0.0338542 0.0532407 0.00526047
0 0.47526 0.467014 0.0208333 0.0358796 0.0051384
0 0.554036 0.534144 0.0286458 0.0393519 0.0051384
0 0.0439453 0.799769 0.0748698 0.1875 0.00511932
0 0.72526 0.603009 0.0247396 0.0509259 0.00482941
0 0.0493164 0.829861 0.0771484 0.229167 0.00482941
0 0.888021 0.804398 0.0989583 0.127315 0.00460815
0 0.510742 0.393519 0.0332031 0.052662 0.00438309
0 0.0483398 0.894676 0.0800781 0.171296 0.00413513
0 0.221191 0.762731 0.0296224 0.0625 0.0041008
0 0.942708 0.686921 0.0377604 0.0439815 0.00392914
0 0.0664062 0.853588 0.120117 0.292824 0.00374985
0 0.766276 0.407407 0.0338542 0.0625 0.00365067
0 0.51888 0.81713 0.0429688 0.0717593 0.435059
0 0.354167 0.588542 0.0325521 0.0590278 0.270508
0 0.0582682 0.369792 0.0351562 0.0601852 0.133911
0 0.447266 0.545139 0.0364583 0.0671296 0.121277
0 0.53125 0.673611 0.0338542 0.0601852 0.113586
0 0.736979 0.824653 0.0338542 0.0601852 0.105591
0 0.939453 0.520978 0.0338542 0.0598958 0.0994873
0 0.4375 0.831019 0.0325521 0.0555556 0.0875854
0 0.438802 0.769097 0.0390625 0.0636574 0.0836182
0 0.552083 0.689815 0.0299479 0.0671296 0.083313
0 0.981771 0.62037 0.0364583 0.0648148 0.081543
0 0.149089 0.756366 0.0367839 0.0601852 0.0703125
0 0.981771 0.68287 0.0338542 0.0648148 0.0682983
0 0.150391 0.299769 0.0266927 0.0543981 0.0670776
0 0.0581055 0.340278 0.0426432 0.0706019 0.0539856
0 0.322917 0.523727 0.0273438 0.0497685 0.0526123
0 0.893229 0.782986 0.0416667 0.0729167 0.0469055
0 0.348307 0.559028 0.0325521 0.0810185 0.0453491
0 0.888021 0.811343 0.0377604 0.0717593 0.0431213
0 0.97526 0.773148 0.0416667 0.0902778 0.0348816
0 0.902344 0.384838 0.0208333 0.0439815 0.0314331
0 0.316406 0.478588 0.0279948 0.0601852 0.0308533
0 0.721354 0.545718 0.03125 0.0578704 0.0280609
0 0.978516 0.550926 0.0351562 0.101852 0.0270691
0 0.951823 0.820602 0.0416667 0.0578704 0.0267029
0 0.483073 0.467593 0.0221354 0.0451389 0.0247955
0 0.555339 0.53588 0.0247396 0.0486111 0.0247498
0 0.525391 0.798611 0.0488281 0.099537 0.0233765
0 0.94401 0.688657 0.0338542 0.0451389 0.0222015
0 0.951823 0.760417 0.0416667 0.0532407 0.0206909
0 0.400391 0.458912 0.0253906 0.0393519 0.0204468
0 0.975911 0.813079 0.0403646 0.0810185 0.0203705
0 0.683594 0.69213 0.0364583 0.0486111 0.0199432
0 0.40625 0.836227 0.0325521 0.0462963 0.0196838
0 0.0727539 0.616898 0.0367839 0.0613426 0.0195312
0 0.766927 0.388021 0.0299479 0.0515046 0.0191956
0 0.528646 0.631366 0.0403646 0.0798611 0.019165
0 0.690755 0.750579 0.0286458 0.0532407 0.0187225
0 0.723307 0.252315 0.0299479 0.056713 0.0150146
0 0.182943 0.25897 0.031901 0.0636574 0.014389
0 0.436849 0.46441 0.0195313 0.0439815 0.0141754
0 0.598958 0.39265 0.0286458 0.0491898 0.0140076
0 0.0484212 0.759259 0.0441081 0.0648148 0.013588
0 0.85026 0.391782 0.0247396 0.0445602 0.0133743
0 0.9375 0.380498 0.03125 0.0532407 0.0128708
0 0.633464 0.615741 0.0325521 0.0578704 0.0124283
0 0.0607096 0.454861 0.0286458 0.0555556 0.0120544
0 0.816406 0.3125 0.0221354 0.0462963 0.0117798
0 0.0252279 0.458623 0.0338542 0.0474537 0.0115051
0 0.380208 0.959491 0.0481771 0.0787037 0.0111618
0 0.519206 0.828125 0.0416667 0.0694444 0.637695
0 0.356445 0.590278 0.0364583 0.0578704 0.137573
0 0.943359 0.522135 0.0351562 0.0552662 0.0930176
0 0.739583 0.835648 0.0364583 0.0601852 0.0910645
0 0.44987 0.550347 0.0364583 0.0659722 0.0668335
0 0.325195 0.519821 0.0325521 0.0552662 0.0637207
0 0.149414 0.765046 0.0332031 0.0532407 0.0568542
0 0.81901 0.314815 0.0286458 0.0439815 0.0522461
0 0.546224 0.689815 0.0403646 0.0578704 0.0499573
0 0.889323 0.815972 0.0364583 0.0717593 0.0481262
0 0.694661 0.747106 0.0338542 0.0625 0.0474243
0 0.0592448 0.370949 0.038737 0.0625 0.0322266
0 0.894531 0.390046 0.0260417 0.0451389 0.0306244
0 0.681641 0.699074 0.0390625 0.0601852 0.0284882
0 0.60026 0.389757 0.03125 0.0462963 0.0250397
0 0.535807 0.680556 0.0403646 0.0671296 0.0237274
0 0.606771 0.320602 0.0286458 0.0428241 0.0207672
0 0.509115 0.819444 0.0794271 0.0856481 0.0178528
0 0.348307 0.561343 0.0351562 0.0740741 0.0138474
0 0.153971 0.310764 0.0286458 0.0445602 0.0131226
0 0.6875 0.318287 0.0286458 0.0439815 0.012291
0 0.893229 0.782407 0.0390625 0.0740741 0.0105667
0 0.76888 0.313368 0.0286458 0.0376157 0.0104904
0 0.727865 0.242766 0.0234375 0.0381944 0.00971222
0 0.523763 0.387731 0.0240885 0.0439815 0.00959778
0 0.434245 0.83044 0.0390625 0.0636574 0.00898743
0 0.0535482 0.338252 0.0419922 0.0688657 0.00837708
0 0.410156 0.840278 0.0416667 0.0509259 0.0068512
0 0.940104 0.488715 0.0390625 0.0700231 0.00631332
0 0.271484 0.239583 0.0240885 0.0381944 0.00624084
0 0.981771 0.316551 0.0286458 0.0474537 0.00600433
0 0.310872 0.483218 0.031901 0.0659722 0.00600433
0 0.39388 0.321181 0.0273438 0.0405093 0.005867
0 0.976563 0.775463 0.0338542 0.0694444 0.00557709
0 0.525716 0.538194 0.03125 0.0439815 0.00534439
0 0.645833 0.242477 0.0221354 0.0358796 0.00530243
0 0.979167 0.823495 0.0325521 0.0636574 0.00519943
0 0.308594 0.240162 0.0253906 0.037037 0.0050621
0 0.489258 0.459491 0.0279948 0.0405093 0.00502014
0 0.347656 0.174479 0.03125 0.0477431 0.00498199
0 0.525391 0.618056 0.0351562 0.056713 0.00484848
0 0.72526 0.309896 0.0234375 0.037037 0.00460815
0 0.483073 0.315394 0.0247396 0.0324074 0.00403976
0 0.643229 0.389757 0.0260417 0.0364583 0.00397491
0 0.281576 0.612269 0.0358073 0.0532407 0.00397491
0 0.768229 0.242477 0.0273438 0.0393519 0.0039444
0 0.53125 0.820602 0.0963542 0.0925926 0.0039444
0 0.445964 0.766204 0.0325521 0.0787037 0.00380898
0 0.947266 0.826389 0.046875 0.0671296 0.00374985
0 0.187988 0.305556 0.023112 0.0428241 0.00370789
0 0.521484 0.810185 0.0481771 0.0717593 0.65332
0 0.361979 0.585648 0.0325521 0.0601852 0.413086
0 0.450521 0.53588 0.0351562 0.0613426 0.346924
0 0.690104 0.74537 0.0338542 0.0601852 0.279053
0 0.152669 0.752315 0.0351562 0.0601852 0.256104
0 0.740885 0.818287 0.0364583 0.0671296 0.172729
0 0.893229 0.810185 0.0455729 0.0740741 0.168335
0 0.945964 0.514468 0.0338542 0.0625 0.152588
0 0.6875 0.693287 0.0390625 0.0543981 0.141724
0 0.899089 0.390625 0.0221354 0.0416667 0.12085
0 0.444661 0.758102 0.0325521 0.0532407 0.100159
0 0.534505 0.668981 0.0377604 0.0601852 0.0863037
0 0.485026 0.467014 0.0208333 0.0416667 0.0823975
0 0.817057 0.521412 0.0221354 0.0520833 0.0803833
0 0.32487 0.515625 0.0292969 0.0532407 0.0794678
0 0.601563 0.392361 0.0234375 0.0474537 0.0726318
0 0.611979 0.316551 0.0260417 0.0347222 0.0661011
0 0.524089 0.389468 0.0208333 0.041088 0.0560303
0 0.945313 0.487847 0.0364583 0.0659722 0.0545959
0 0.0644531 0.367766 0.0377604 0.0596065 0.0510864
0 0.443359 0.823495 0.0351562 0.0648148 0.0488586
0 0.154297 0.304977 0.0270182 0.0486111 0.0486755
0 0.81901 0.315972 0.0208333 0.0353009 0.0472412
0 0.321615 0.480613 0.030599 0.052662 0.0460205
0 0.894531 0.783565 0.0403646 0.0763889 0.0430298
0 0.358398 0.564815 0.0358073 0.0798611 0.0346069
0 0.402995 0.454861 0.0247396 0.0445602 0.0323486
0 0.695313 0.323495 0.0273438 0.0434028 0.03125
0 0.972656 0.770833 0.0390625 0.0648148 0.0310822
0 0.770833 0.398727 0.0260417 0.0474537 0.0272217
0 0.281901 0.606481 0.03125 0.0486111 0.0263062
0 0.023763 0.461227 0.0273438 0.0497685 0.0236511
0 0.178548 0.773727 0.0367839 0.056713 0.0234222
0 0.770833 0.315683 0.0182292 0.0341435 0.0226746
0 0.405599 0.833333 0.0299479 0.0439815 0.0216522
0 0.552083 0.685185 0.0299479 0.0532407 0.0174408
0 0.279297 0.39294 0.0240885 0.0364583 0.0170441
0 0.729167 0.550926 0.0260417 0.0509259 0.016922
0 0.650391 0.387153 0.0182292 0.0358796 0.0167236
0 0.733073 0.596065 0.0260417 0.0578704 0.0165253
0 0.697266 0.373843 0.0260417 0.046875 0.0158997
0 0.564779 0.535301 0.0188802 0.0405093 0.0137405
0 0.465495 0.525318 0.0364583 0.0535301 0.0133286
0 0.0742188 0.606481 0.0325521 0.0486111 0.0126724
0 0.855469 0.399306 0.0208333 0.0428241 0.0123367
0 0.983073 0.681134 0.0286458 0.0474537 0.0112915
0 0.521484 0.321181 0.016276 0.0289352 0.0111618
0 0.97526 0.538194 0.0390625 0.0636574 0.011116
0 0.525391 0.530093 0.0247396 0.0439815 0.0108185
0 0.3125 0.82581 0.031901 0.0543981 0.0106125
0 0.519206 0.822917 0.0410156 0.0625 0.259766
0 0.688802 0.747685 0.0286458 0.0462963 0.230225
0 0.353516 0.588542 0.0338542 0.0555556 0.17334
0 0.447917 0.545139 0.0325521 0.0439815 0.136108
0 0.530273 0.672454 0.0358073 0.0497685 0.123779
0 0.6875 0.701968 0.03125 0.0462963 0.0827026
0 0.738281 0.821759 0.0325521 0.0497685 0.0745239
0 0.320964 0.523727 0.0247396 0.0381944 0.0634766
0 0.942708 0.525463 0.0286458 0.0439815 0.0328979
0 0.0605469 0.367477 0.0397135 0.0601852 0.0310822
0 0.441732 0.765046 0.0325521 0.0439815 0.024231
0 0.354818 0.560185 0.0338542 0.0625 0.0173798
0 0.481445 0.470197 0.0195313 0.0289352 0.0171814
0 0.895182 0.819444 0.0325521 0.0555556 0.0166626
0 0.551758 0.679977 0.0273438 0.0428241 0.0154266
0 0.765625 0.70081 0.0234375 0.0405093 0.0151901
0 0.976563 0.767361 0.03125 0.0532407 0.014389
0 0.151367 0.756944 0.0371094 0.0509259 0.0142822
0 0.89388 0.775463 0.0299479 0.0555556 0.0136337
0 0.440755 0.832755 0.030599 0.0428241 0.0117798
0 0.600911 0.392361 0.0221354 0.0335648 0.0115967
0 0.608073 0.321181 0.0234375 0.0277778 0.0115051
0 0.401042 0.836806 0.0260417 0.0347222 0.0109482
0 0.316406 0.478299 0.0266927 0.0434028 0.0107803
0 0.0581055 0.343171 0.0436198 0.068287 0.00933838
0 0.276693 0.46412 0.0234375 0.03125 0.00926971
0 0.525065 0.633102 0.03125 0.0532407 0.00912476
0 0.815755 0.316262 0.0208333 0.0318287 0.00871277
0 0.483724 0.831019 0.03125 0.0393519 0.00857544
0 0.72526 0.547454 0.0234375 0.0347222 0.00844574
0 0.276693 0.614583 0.0299479 0.037037 0.0078125
0 0.522135 0.795139 0.0390625 0.0856481 0.0078125
0 0.396159 0.466435 0.0214844 0.0277778 0.00754929
0 0.0696615 0.614583 0.0335286 0.0416667 0.00751877
0 0.979818 0.821759 0.0247396 0.0474537 0.00751877
0 0.0372721 0.755208 0.0489909 0.0775463 0.00712204
0 0.813802 0.53588 0.015625 0.0277778 0.00701141
0 0.98112 0.693287 0.0247396 0.0393519 0.0064888
0 0.466146 0.53125 0.03125 0.037037 0.00634003
0 0.0255534 0.458044 0.0348307 0.0555556 0.00605011
0 0.939453 0.826389 0.0416667 0.0439815 0.00605011
0 0.520182 0.53588 0.0208333 0.0277778 0.00553513
0 0.434896 0.594907 0.0247396 0.0509259 0.00551224
0 0.945964 0.756944 0.0390625 0.0439815 0.00542831
0 0.770833 0.316262 0.0182292 0.0271991 0.00534439
0 0.314779 0.832176 0.0325521 0.0439815 0.00521851
0 0.437174 0.467593 0.0208333 0.0266204 0.00511932
0 0.897135 0.394097 0.0182292 0.0335648 0.00494385
0 0.639974 0.625 0.0221354 0.0416667 0.00492477
0 0.559245 0.614583 0.0175781 0.0266204 0.00462723
0 0.517253 0.819444 0.047526 0.0740741 0.676758
0 0.688802 0.740741 0.0390625 0.0601852 0.46582
0 0.738281 0.8125 0.0403646 0.0671296 0.256104
0 0.150391 0.75 0.0390625 0.0601852 0.218018
0 0.350911 0.584491 0.0390625 0.0625 0.216675
0 0.890625 0.805556 0.0494792 0.0810185 0.193115
0 0.403646 0.829861 0.0299479 0.0474537 0.172729
0 0.688151 0.70544 0.0416667 0.0590278 0.154541
0 0.449544 0.53588 0.0351562 0.0509259 0.137573
0 0.313802 0.825231 0.0292969 0.0520833 0.113586
0 0.437174 0.82581 0.0364583 0.0590278 0.110107
0 0.893229 0.791667 0.0494792 0.0856481 0.0750122
0 0.32487 0.516782 0.0325521 0.0520833 0.0739746
0 0.97526 0.774306 0.0416667 0.09375 0.0720825
0 0.975911 0.806713 0.0364583 0.0717593 0.0703125
0 0.531901 0.668981 0.0377604 0.0625 0.0596619
0 0.272461 0.809028 0.0338542 0.0613426 0.0518494
0 0.511068 0.81713 0.0755208 0.0752315 0.0501404
0 0.0741374 0.607639 0.0362956 0.0520833 0.0492249
0 0.0541992 0.364583 0.0384115 0.0625 0.0435181
0 0.353841 0.559028 0.0377604 0.0671296 0.0340271
0 0.942708 0.515046 0.0325521 0.0601852 0.0322266
0 0.481445 0.470486 0.0240885 0.0353009 0.0269165
0 0.272135 0.780093 0.0377604 0.0694444 0.0259094
0 0.552734 0.679398 0.0286458 0.0532407 0.0254669
0 0.554036 0.603009 0.0273438 0.0393519 0.0246582
0 0.900391 0.386574 0.0182292 0.0393519 0.0243378
0 0.960286 0.742477 0.0585938 0.0821759 0.0233765
0 0.769531 0.39728 0.0260417 0.0364583 0.0219879
0 0.0266927 0.45515 0.0338542 0.0607639 0.0215759
0 0.439453 0.769676 0.0377604 0.0601852 0.0206909
0 0.555664 0.542824 0.0260417 0.0416667 0.0190887
0 0.990234 0.554398 0.0195313 0.824074 0.0178528
0 0.72526 0.543981 0.03125 0.0416667 0.0167847
0 0.766927 0.695602 0.03125 0.0451389 0.0160217
0 0.177897 0.769676 0.0354818 0.0601852 0.0160217
0 0.964193 0.788194 0.0716146 0.109954 0.0157776
0 0.81901 0.465567 0.0260417 0.0347222 0.0155411
0 0.880859 0.810185 0.0664062 0.0856481 0.0146179
0 0.979818 0.613426 0.0325521 0.0578704 0.014061
0 0.31901 0.478299 0.0299479 0.0491898 0.0128708
0 0.945313 0.491319 0.0390625 0.068287 0.0128708
0 0.977865 0.706019 0.0390625 0.0787037 0.0127258
0 0.999349 0.609809 0.00130208 0.780382 0.012146
0 0.399089 0.462384 0.0234375 0.0300926 0.0121002
0 0.265544 0.681713 0.035319 0.0555556 0.0115051
0 0.0587565 0.34375 0.0444336 0.068287 0.0113297
0 0.978516 0.539931 0.03125 0.068287 0.0112457
0 0.108398 0.668981 0.0276693 0.0532407 0.0107803
0 0.0437826 0.751157 0.0615234 0.0972222 0.0105667
0 0.517578 0.818287 0.0455729 0.0671296 0.74707
0 0.688802 0.746528 0.0364583 0.0578704 0.495117
0 0.44987 0.54456 0.0403646 0.0659722 0.336426
0 0.350586 0.585069 0.0397135 0.0601852 0.295898
0 0.890625 0.807292 0.046875 0.0740741 0.259033
0 0.0573731 0.365162 0.0379232 0.0578704 0.153076
0 0.611979 0.319734 0.0286458 0.0353009 0.151001
0 0.89388 0.792245 0.0494792 0.0868056 0.145142
0 0.96875 0.769676 0.0442708 0.0763889 0.121704
0 0.942708 0.515191 0.0364583 0.057581 0.117981
0 0.94401 0.490451 0.0364583 0.0642361 0.108582
0 0.324544 0.520689 0.031901 0.0465856 0.0977173
0 0.535807 0.671296 0.046875 0.0740741 0.0927124
0 0.429036 0.826389 0.046875 0.0625 0.0907593
0 0.541341 0.681134 0.0481771 0.0659722 0.0646362
0 0.40918 0.834491 0.0397135 0.0486111 0.0509033
0 0.685547 0.71875 0.0429688 0.0856481 0.0477905
0 0.351888 0.566551 0.0397135 0.0787037 0.0409241
0 0.0463053 0.760995 0.0463867 0.0729167 0.0383301
0 0.059082 0.344329 0.0413411 0.0665509 0.0306702
0 0.736328 0.815972 0.0403646 0.0601852 0.0287628
0 0.442383 0.784722 0.0403646 0.0833333 0.0240479
0 0.158203 0.771412 0.0449219 0.0590278 0.0239105
0 0.957031 0.748843 0.0520833 0.0706019 0.022583
0 0.521484 0.803819 0.0585938 0.0983796 0.0158386
0 0.400391 0.466435 0.0266927 0.037037 0.0154266
0 0.973958 0.810764 0.0364583 0.0706019 0.0151901
0 0.460938 0.527778 0.0429688 0.0543981 0.0142822
0 0.814453 0.317998 0.0221354 0.041088 0.0136337
0 0.0426432 0.76331 0.0566406 0.0925926 0.0134277
0 0.945313 0.703704 0.0364583 0.0532407 0.0131226
0 0.60026 0.394097 0.0260417 0.0439815 0.0124817
0 0.772135 0.403067 0.03125 0.0491898 0.00981903
0 0.773438 0.315394 0.0221354 0.0324074 0.00891876
0 0.53418 0.642361 0.0501302 0.0833333 0.00800323
0 0.269857 0.78125 0.0384115 0.0694444 0.0078125
0 0.317708 0.483218 0.0299479 0.0555556 0.00769424
0 0.0234375 0.461806 0.0283203 0.0515046 0.00763702
0 0.430339 0.40162 0.0286458 0.0520833 0.00760651
0 0.510091 0.815394 0.0748698 0.0729167 0.00728989
0 0.444987 0.478299 0.0351562 0.0572917 0.00664139
0 0.976563 0.538194 0.0260417 0.0486111 0.00653839
0 0.519206 0.324074 0.0208333 0.0335648 0.0064888
0 0.148763 0.309896 0.0234375 0.0324074 0.0064621
0 0.545573 0.622106 0.046875 0.0578704 0.00636292
0 0.0318197 0.832176 0.0452474 0.0810185 0.00636292
0 0.516276 0.386574 0.0253906 0.0381944 0.00605011
0 0.305339 0.241319 0.0273438 0.0405093 0.00568771
0 0.399089 0.39294 0.0338542 0.0497685 0.0055542
0 0.0725911 0.623843 0.0354818 0.0578704 0.00516129
0 0.519206 0.825231 0.046875 0.0671296 0.800293
0 0.354818 0.58912 0.0377604 0.0509259 0.279053
0 0.689453 0.743056 0.0364583 0.0497685 0.227417
0 0.44987 0.539352 0.0364583 0.0497685 0.193115
0 0.533203 0.666088 0.0429688 0.0555556 0.139404
0 0.943359 0.520255 0.0325521 0.0451389 0.127686
0 0.610026 0.322917 0.0299479 0.0428241 0.118774
0 0.0581869 0.369792 0.0398763 0.0515046 0.11554
0 0.893229 0.814815 0.0390625 0.0555556 0.106689
0 0.6875 0.706597 0.0390625 0.0601852 0.0792236
0 0.152018 0.759838 0.0351562 0.0497685 0.0528259
0 0.32487 0.521991 0.03125 0.0416667 0.0499573
0 0.738932 0.814815 0.0403646 0.0532407 0.0495911
0 0.973958 0.773148 0.0364583 0.068287 0.028656
0 0.942708 0.490162 0.0364583 0.0636574 0.0280151
0 0.894531 0.78125 0.0416667 0.0671296 0.0268097
0 0.40625 0.835648 0.0338542 0.0462963 0.0261078
0 0.89974 0.390625 0.0286458 0.0416667 0.0239105
0 0.527344 0.634259 0.0390625 0.0694444 0.022583
0 0.0405273 0.759838 0.0514323 0.0833333 0.0193787
0 0.0494792 0.753472 0.0416667 0.0648148 0.0178528
0 0.979818 0.539352 0.0273438 0.0509259 0.0156708
0 0.433594 0.831597 0.0351562 0.0578704 0.0150146
0 0.976563 0.813657 0.0364583 0.0601852 0.0134277
0 0.146647 0.306713 0.0286458 0.0451389 0.0124283
0 0.938151 0.695602 0.0286458 0.0474537 0.0116882
0 0.772135 0.316551 0.0260417 0.0405093 0.0116425
0 0.0223796 0.45544 0.0338542 0.0532407 0.011467
0 0.811198 0.318866 0.0260417 0.0462963 0.00923157
0 0.482096 0.478588 0.0273438 0.0486111 0.00901794
0 0.644531 0.256076 0.0273438 0.0509259 0.00898743
0 0.516276 0.329282 0.0273438 0.0457176 0.00809479
0 0.352865 0.5625 0.0377604 0.0740741 0.00723267
0 0.985026 0.680556 0.0299479 0.0439815 0.00698471
0 0.307943 0.832176 0.0325521 0.0532407 0.0064888
0 0.0349935 0.704861 0.0454102 0.0625 0.00568771
0 0.547526 0.671296 0.0364583 0.0578704 0.0055542
0 0.0611979 0.346644 0.046224 0.0717593 0.00536346
0 0.55599 0.543981 0.0273438 0.0474537 0.00503922
0 0.98112 0.614583 0.03125 0.0532407 0.00475693
0 0.0317383 0.825231 0.0455729 0.0925926 0.00475693
0 0.763021 0.702546 0.03125 0.0532407 0.0045929
0 0.38151 0.958333 0.0455729 0.0671296 0.00431442
0 0.977865 0.315972 0.0286458 0.0451389 0.00400543
0 0.556966 0.609954 0.0260417 0.0439815 0.00400543
0 0.442057 0.320023 0.0240885 0.037037 0.0039444
0 0.0293783 0.909722 0.0454102 0.0833333 0.00372124
0 0.932943 0.325231 0.0247396 0.0428241 0.00348282
0 0.101888 0.6875 0.0286458 0.0462963 0.00346947
0 0.277344 0.59838 0.0338542 0.0462963 0.00345612
0 0.519531 0.820602 0.0494792 0.0810185 0.685059
0 0.353516 0.587384 0.0377604 0.0578704 0.469727
0 0.693359 0.741898 0.0364583 0.0601852 0.417725
0 0.449544 0.536458 0.0351562 0.0625 0.291748
0 0.53125 0.666088 0.0429688 0.0671296 0.181885
0 0.0598958 0.366898 0.0390625 0.0561343 0.167725
0 0.942057 0.516204 0.0351562 0.0578704 0.167725
0 0.892578 0.811343 0.0455729 0.0740741 0.14563
0 0.407552 0.837963 0.0351562 0.0509259 0.140869
0 0.610677 0.316262 0.0260417 0.0416667 0.138428
0 0.738932 0.814815 0.0390625 0.0625 0.107788
0 0.970052 0.77662 0.046875 0.0902778 0.0800781
0 0.89974 0.392361 0.0273438 0.046875 0.0685425
0 0.688802 0.708912 0.0416667 0.0729167 0.0682983
0 0.322266 0.517506 0.0273438 0.0529514 0.0605164
0 0.149577 0.306713 0.0283203 0.0451389 0.0507202
0 0.986328 0.680556 0.0273438 0.0578704 0.0476074
0 0.97526 0.80787 0.0390625 0.0810185 0.0397949
0 0.156576 0.763889 0.0380859 0.0601852 0.0388184
0 0.893229 0.789352 0.046875 0.087963 0.0346985
0 0.941406 0.697338 0.0364583 0.0520833 0.0307312
0 0.941406 0.489873 0.0377604 0.0665509 0.0306244
0 0.0294596 0.461806 0.0377604 0.0613426 0.0303345
0 0.772135 0.308449 0.0260417 0.0405093 0.0289764
0 0.815104 0.317419 0.0260417 0.0491898 0.0281677
0 0.307617 0.834491 0.030599 0.0520833 0.0269165
0 0.431641 0.826389 0.0442708 0.0729167 0.0252228
0 0.954427 0.747106 0.0494792 0.0729167 0.024231
0 0.073405 0.616898 0.0338542 0.0543981 0.0240936
0 0.0375977 0.755787 0.046224 0.0787037 0.0240936
0 0.978516 0.541667 0.0260417 0.0578704 0.02211
0 0.281901 0.603009 0.0377604 0.0532407 0.0213623
0 0.0594076 0.343461 0.042806 0.068287 0.0209198
0 0.276042 0.394676 0.0266927 0.0462963 0.0197601
0 0.547201 0.678819 0.0384115 0.0590278 0.0196838
0 0.48112 0.472512 0.0247396 0.0509259 0.0182953
0 0.445638 0.766204 0.0358073 0.0706019 0.0181885
0 0.517253 0.324653 0.0240885 0.0405093 0.0175171
0 0.35026 0.565972 0.0390625 0.0787037 0.016922
0 0.0260417 0.314815 0.0224609 0.0497685 0.0158997
0 0.0300293 0.702546 0.0341797 0.0578704 0.0158386
0 0.816406 0.529514 0.0234375 0.0451389 0.0122375
0 0.686198 0.326968 0.0234375 0.0457176 0.00945282
0 0.558594 0.605324 0.0234375 0.0393519 0.00919342
0 0.310872 0.483218 0.030599 0.0648148 0.00912476
0 0.697917 0.371528 0.03125 0.0543981 0.00908661
0 0.52474 0.635417 0.0390625 0.0671296 0.00901794
0 0.272786 0.810185 0.0345052 0.0636574 0.00878143
0 0.271484 0.777778 0.0429688 0.0763889 0.0078125
0 0.763021 0.700231 0.0338542 0.056713 0.00740433
0 0.521484 0.816551 0.0520833 0.087963 0.696777
0 0.691406 0.739583 0.0390625 0.0625 0.439697
0 0.44987 0.540509 0.0390625 0.0717593 0.34082
0 0.353516 0.583333 0.0416667 0.0625 0.2323
0 0.53125 0.663194 0.0481771 0.0740741 0.220703
0 0.157227 0.763889 0.0458984 0.0694444 0.201172
0 0.94401 0.512876 0.0364583 0.057581 0.151978
0 0.0596517 0.365162 0.0429688 0.0590278 0.149536
0 0.895182 0.786458 0.046875 0.0821759 0.0966797
0 0.690104 0.711806 0.0442708 0.0740741 0.0939941
0 0.735677 0.811921 0.0429688 0.0648148 0.0913696
0 0.893229 0.806713 0.046875 0.0787037 0.0888062
0 0.977865 0.778935 0.0442708 0.0752315 0.0797729
0 0.324219 0.512731 0.0325521 0.056713 0.076416
0 0.410156 0.835069 0.0403646 0.0497685 0.0745239
0 0.611979 0.320023 0.03125 0.0341435 0.0658569
0 0.168945 0.778935 0.0494792 0.0671296 0.0460205
0 0.281576 0.396991 0.0332031 0.0428241 0.0307312
0 0.431641 0.827546 0.0416667 0.0694444 0.0298157
0 0.35026 0.5625 0.0442708 0.0787037 0.028656
0 0.944661 0.491898 0.0377604 0.0659722 0.0281677
0 0.985677 0.684028 0.0286458 0.0509259 0.0259094
0 0.0253906 0.455729 0.038737 0.0596065 0.0244751
0 0.902344 0.392361 0.03125 0.0405093 0.024231
0 0.981771 0.546296 0.0299479 0.0578704 0.0239563
0 0.527995 0.633102 0.0436198 0.0694444 0.0231476
0 0.306966 0.827546 0.0358073 0.0625 0.0197144
0 0.397135 0.472222 0.0377604 0.0497685 0.0191956
0 0.283854 0.454572 0.0364583 0.0543981 0.0179138
0 0.314453 0.479167 0.0358073 0.0659722 0.0175781
0 0.0315755 0.312789 0.0335286 0.0491898 0.0174408
0 0.275716 0.80787 0.0410156 0.0671296 0.0174408
0 0.477539 0.475694 0.030599 0.0520833 0.0167847
0 0.461589 0.521846 0.0416667 0.0627894 0.0165253
0 0.554688 0.597222 0.0338542 0.0520833 0.0163422
0 0.0598145 0.346065 0.0480143 0.0706019 0.0153656
0 0.8125 0.31713 0.0260417 0.0416667 0.0151291
0 0.544271 0.67419 0.0481771 0.0717593 0.0147324
0 0.977865 0.804398 0.0390625 0.0787037 0.0142822
0 0.0318197 0.699074 0.0359701 0.0509259 0.0141754
0 0.942057 0.688657 0.0364583 0.0439815 0.0137405
0 0.561849 0.552083 0.03125 0.056713 0.0134277
0 0.516276 0.385417 0.0260417 0.0399306 0.0126266
0 0.772135 0.313947 0.0286458 0.0329861 0.0113297
0 0.6875 0.328125 0.0260417 0.0451389 0.0111618
0 0.0384115 0.752315 0.0504557 0.0740741 0.011116
0 0.1486 0.309606 0.0328776 0.0462963 0.00867462
0 0.282552 0.596644 0.0397135 0.0555556 0.00857544
0 0.265544 0.542245 0.0366211 0.0428241 0.00837708
0 0.429036 0.396701 0.0299479 0.046875 0.00731659
0 0.519531 0.821759 0.0429688 0.0694444 0.637207
0 0.352865 0.585648 0.0364583 0.0578704 0.254639
0 0.689453 0.739583 0.0364583 0.0601852 0.233032
0 0.610677 0.318287 0.0273438 0.0358796 0.212036
0 0.449219 0.532407 0.0351562 0.0625 0.204346
0 0.0598958 0.365741 0.0348307 0.0543981 0.160767
0 0.53125 0.664931 0.0390625 0.0590278 0.158691
0 0.945313 0.516782 0.0338542 0.0509259 0.137939
0 0.323242 0.515625 0.0286458 0.0532407 0.0966797
0 0.974609 0.773727 0.0377604 0.0717593 0.0946655
0 0.738281 0.815972 0.0364583 0.0578704 0.0894775
0 0.894531 0.773727 0.0364583 0.0590278 0.0630493
0 0.403646 0.836806 0.0292969 0.0416667 0.0600891
0 0.817708 0.310764 0.0260417 0.0428241 0.0477905
0 0.901042 0.390336 0.0260417 0.0405093 0.0397034
0 0.6875 0.711806 0.0390625 0.0694444 0.0353394
0 0.94401 0.487847 0.0338542 0.0625 0.0348206
0 0.481771 0.471065 0.0247396 0.0451389 0.0304413
0 0.890625 0.810185 0.0364583 0.0625 0.0288696
0 0.152669 0.306424 0.0286458 0.0399306 0.024231
0 0.399089 0.467014 0.031901 0.0486111 0.0212402
0 0.985677 0.684028 0.0286458 0.0439815 0.0202942
0 0.280599 0.461227 0.0286458 0.0428241 0.0192413
0 0.954427 0.746528 0.0416667 0.056713 0.0187225
0 0.981771 0.538773 0.0234375 0.0462963 0.0180969
0 0.157227 0.761574 0.0371094 0.0555556 0.0165253
0 0.354167 0.561343 0.0364583 0.0740741 0.0163422
0 0.515625 0.32581 0.0234375 0.0393519 0.0145569
0 0.772135 0.307292 0.0260417 0.0381944 0.0140076
0 0.428385 0.40162 0.0273438 0.0532407 0.0137405
0 0.0227865 0.458912 0.0270182 0.0497685 0.0134811
0 0.979167 0.805556 0.0364583 0.0694444 0.0133743
0 0.0395508 0.758102 0.0478516 0.0671296 0.01297
0 0.0602214 0.342882 0.0380859 0.0653935 0.012291
0 0.942708 0.693287 0.03125 0.0416667 0.0115967
0 0.436198 0.832755 0.0299479 0.0486111 0.0112457
0 0.517578 0.382523 0.0247396 0.0416667 0.0109024
0 0.0476074 0.755787 0.0416667 0.0625 0.0109024
0 0.641927 0.249421 0.0234375 0.0439815 0.0108185
0 0.314779 0.479167 0.0266927 0.0555556 0.00993347
0 0.553711 0.603588 0.0273438 0.0462963 0.00971222
0 0.264404 0.539352 0.0297852 0.0393519 0.00933838
0 0.599609 0.395255 0.0273438 0.0497685 0.00871277
0 0.528646 0.634259 0.0390625 0.0648148 0.00815582
0 0.464193 0.529514 0.0338542 0.0532407 0.0078125
0 0.308594 0.832176 0.0260417 0.0462963 0.00717545
0 0.0296224 0.904514 0.0371094 0.0752315 0.00701141
0 0.35026 0.480903 0.0234375 0.0520833 0.00636292
0 0.559245 0.549769 0.0253906 0.0509259 0.00577545
0 0.436523 0.470197 0.0266927 0.0445602 0.00566483
0 0.518229 0.818287 0.046875 0.0763889 0.699219
0 0.351563 0.586806 0.0351562 0.0578704 0.338135
0 0.688151 0.741898 0.0351562 0.056713 0.336426
0 0.447917 0.540509 0.0364583 0.0648148 0.276611
0 0.529948 0.665509 0.0429688 0.0625 0.213989
0 0.736328 0.814815 0.0403646 0.0625 0.193115
0 0.942708 0.516782 0.0364583 0.0543981 0.187134
0 0.888021 0.807292 0.0442708 0.0752315 0.166626
0 0.405599 0.836806 0.0325521 0.0486111 0.165649
0 0.148763 0.756944 0.0358073 0.0578704 0.161377
0 0.889323 0.782986 0.0442708 0.0752315 0.154053
0 0.970052 0.769676 0.046875 0.0833333 0.139893
0 0.0556641 0.366609 0.0338542 0.0543981 0.136597
0 0.608073 0.322627 0.0260417 0.0376157 0.115967
0 0.427734 0.83044 0.0390625 0.0613426 0.11554
0 0.321615 0.515625 0.0273438 0.0520833 0.0827026
0 0.682292 0.707176 0.0390625 0.0648148 0.0750122
0 0.976563 0.806134 0.0442708 0.0775463 0.0639648
0 0.938802 0.49103 0.0364583 0.0653935 0.0446777
0 0.983073 0.543403 0.0286458 0.0578704 0.0406799
0 0.984375 0.679977 0.03125 0.0578704 0.037323
0 0.954427 0.750579 0.046875 0.0659722 0.0340271
0 0.601563 0.834491 0.0286458 0.0486111 0.0320435
0 0.515625 0.385995 0.0247396 0.0393519 0.0289307
0 0.273763 0.8125 0.0338542 0.0555556 0.0284882
0 0.897135 0.389468 0.0234375 0.0428241 0.0280151
0 0.0166016 0.462095 0.0302734 0.0555556 0.024231
0 0.477865 0.467593 0.0234375 0.0428241 0.022934
0 0.394531 0.46412 0.0266927 0.0428241 0.018158
0 0.305339 0.832755 0.0286458 0.0474537 0.0175781
0 0.934896 0.694444 0.03125 0.0486111 0.0171814
0 0.523763 0.635417 0.0364583 0.0625 0.0157776
0 0.348958 0.561343 0.0345052 0.0671296 0.014389
0 0.815755 0.314815 0.0234375 0.0416667 0.0133286
0 0.555013 0.602431 0.0247396 0.0405093 0.0126266
0 0.979167 0.604745 0.0364583 0.0613426 0.0108185
0 0.0722656 0.614005 0.0315755 0.0474537 0.0102463
0 0.276042 0.462384 0.0234375 0.0416667 0.00971222
0 0.0566406 0.344329 0.0377604 0.0653935 0.00963593
0 0.150716 0.306134 0.0253906 0.0405093 0.00930023
0 0.979167 0.3125 0.0260417 0.0422454 0.0086441
0 0.548177 0.672454 0.0364583 0.0601852 0.00806427
0 0.3125 0.483796 0.0266927 0.0590278 0.00803375
0 0.03125 0.754051 0.0400391 0.0636574 0.00712204
0 0.761719 0.704861 0.0338542 0.0578704 0.00706482
0 0.427083 0.399306 0.0273438 0.0462963 0.0068512
0 0.863281 0.828704 0.0299479 0.0532407 0.00658798
0 0.174479 0.774306 0.0364583 0.0578704 0.00636292
0 0.980469 0.240162 0.0286458 0.0439815 0.00634003
0 0.0221354 0.702546 0.0276693 0.0532407 0.00629044
0 0.519206 0.81713 0.0481771 0.0833333 0.683594
0 0.688151 0.740162 0.0390625 0.0613426 0.353027
0 0.351563 0.583333 0.0403646 0.0648148 0.346924
0 0.450521 0.534144 0.0390625 0.0775463 0.29248
0 0.0559082 0.362269 0.0419922 0.0659722 0.260498
0 0.532227 0.66088 0.047526 0.0717593 0.253906
0 0.942708 0.510995 0.0390625 0.0625 0.227417
0 0.610677 0.318576 0.0286458 0.0416667 0.165039
0 0.323893 0.510995 0.0332031 0.0601852 0.0991211
0 0.969401 0.769676 0.046875 0.0868056 0.0900879
0 0.152344 0.756944 0.047526 0.0694444 0.0872803
0 0.889323 0.804398 0.0416667 0.0787037 0.081543
0 0.736979 0.813657 0.0390625 0.0625 0.0639648
0 0.939453 0.493056 0.0403646 0.068287 0.0628052
0 0.407878 0.832176 0.0371094 0.0555556 0.0616455
0 0.891927 0.787616 0.0442708 0.0821759 0.0603027
0 0.0558268 0.346065 0.0450846 0.0706019 0.0585632
0 0.897786 0.390046 0.0260417 0.0474537 0.0497742
0 0.686198 0.714699 0.0442708 0.0775463 0.0458679
0 0.981771 0.543981 0.0299479 0.0613426 0.0349426
0 0.348307 0.569444 0.0429688 0.0833333 0.0331421
0 0.427083 0.821759 0.0429688 0.0717593 0.0324097
0 0.984375 0.678241 0.03125 0.0601852 0.0261993
0 0.955729 0.74537 0.0494792 0.0717593 0.0253296
0 0.596191 0.393519 0.0315755 0.052662 0.0230713
0 0.516276 0.383102 0.0273438 0.0462963 0.0227966
0 0.397461 0.46412 0.0358073 0.0543981 0.0211639
0 0.818359 0.313657 0.0260417 0.0480324 0.0197601
0 0.426432 0.403935 0.0338542 0.0578704 0.0188751
0 0.170247 0.777778 0.0455729 0.0694444 0.0173798
0 0.551758 0.600694 0.0325521 0.0486111 0.0159607
0 0.478841 0.471354 0.0273438 0.0532407 0.0154877
0 0.9375 0.696181 0.0390625 0.0543981 0.0154266
0 0.0223796 0.463831 0.0388997 0.078125 0.0141144
0 0.527995 0.643519 0.0481771 0.0787037 0.014061
0 0.973958 0.803241 0.0429688 0.0856481 0.0139008
0 0.15153 0.300058 0.0325521 0.0543981 0.0133286
0 0.312826 0.487269 0.0410156 0.068287 0.0131226
0 0.542643 0.668403 0.046224 0.0659722 0.0125275
0 0.511719 0.325521 0.0299479 0.0405093 0.0120544
0 0.259766 0.538773 0.0410156 0.0543981 0.0115967
0 0.279297 0.394676 0.03125 0.0486111 0.0113297
0 0.0310059 0.310764 0.0385742 0.0578704 0.0111618
0 0.460286 0.523148 0.0429688 0.0625 0.0108566
0 0.978516 0.311343 0.0260417 0.0428241 0.0107346
0 0.555339 0.550926 0.0325521 0.0578704 0.00963593
0 0.270182 0.80787 0.0351562 0.0636574 0.00919342
0 0.977865 0.601852 0.0364583 0.0671296 0.00891876
0 0.0367839 0.752315 0.0501302 0.0868056 0.00888062
0 0.769531 0.305556 0.0260417 0.0416667 0.00861359
0 0.520833 0.814815 0.0572917 0.0925926 0.757812
0 0.689453 0.739005 0.0429688 0.0636574 0.541992
0 0.35319 0.585069 0.0397135 0.0601852 0.475586
0 0.533203 0.662037 0.0481771 0.0694444 0.460938
0 0.943359 0.511429 0.0416667 0.0651042 0.369385
0 0.451172 0.541667 0.0377604 0.0694444 0.339844
0 0.893229 0.800926 0.0598958 0.104167 0.331055
0 0.0579427 0.363426 0.0413411 0.0613426 0.253906
0 0.970052 0.771991 0.0520833 0.106481 0.206299
0 0.61263 0.324363 0.0273438 0.0399306 0.154053
0 0.323568 0.513889 0.0299479 0.0532407 0.143188
0 0.6875 0.71875 0.046875 0.0856481 0.12854
0 0.73763 0.814815 0.046875 0.0694444 0.101257
0 0.152018 0.762731 0.0592448 0.0787037 0.0827026
0 0.89974 0.39294 0.0286458 0.0486111 0.0682983
0 0.941406 0.497685 0.0416667 0.0775463 0.0541992
0 0.410807 0.837963 0.0416667 0.0590278 0.0470886
0 0.973958 0.796296 0.0494792 0.099537 0.0403748
0 0.95638 0.756366 0.0520833 0.0856481 0.0401001
0 0.542969 0.673611 0.0455729 0.0625 0.0383911
0 0.979167 0.546296 0.0286458 0.0648148 0.0379639
0 0.0580241 0.347512 0.0449219 0.0729167 0.0330811
0 0.155111 0.305556 0.0338542 0.0509259 0.0276947
0 0.396159 0.466435 0.03125 0.0457176 0.0268555
0 0.348958 0.56713 0.0384115 0.0787037 0.026001
0 0.817708 0.318576 0.0260417 0.0462963 0.0254669
0 0.426432 0.826389 0.0481771 0.0787037 0.0222473
0 0.980469 0.686343 0.0390625 0.0694444 0.0219116
0 0.166829 0.778935 0.0524089 0.0833333 0.0218201
0 0.46224 0.532407 0.0377604 0.0520833 0.0191193
0 0.517578 0.386574 0.0247396 0.0393519 0.0187683
0 0.482096 0.46875 0.0221354 0.0439815 0.0179901
0 0.529622 0.644676 0.046875 0.0787037 0.016983
0 0.977865 0.309317 0.0273438 0.0457176 0.0151291
0 0.552734 0.603588 0.0299479 0.0428241 0.0146179
0 0.42806 0.405671 0.0286458 0.0532407 0.012825
0 0.513672 0.33015 0.0247396 0.0428241 0.0121002
0 0.597005 0.395833 0.0286458 0.0462963 0.01017
0 0.950521 0.799769 0.0625 0.12037 0.00985718
0 0.769531 0.309317 0.0260417 0.0376157 0.00894928
0 0.27474 0.806713 0.0403646 0.0694444 0.00878143
0 0.023763 0.462095 0.0385742 0.0711806 0.00854492
0 0.557292 0.554398 0.0286458 0.0555556 0.00806427
0 0.040446 0.759259 0.0551758 0.0925926 0.00769424
0 0.315104 0.489005 0.0325521 0.0648148 0.00751877
0 0.347656 0.48235 0.0260417 0.052662 0.00740433
0 0.283529 0.604167 0.0403646 0.0509259 0.00664139
0 0.94401 0.702546 0.0442708 0.0648148 0.00661469
0 0.0372721 0.854167 0.0621745 0.150463 0.005867
0 0.979167 0.605903 0.0364583 0.0706019 0.00582123
0 0.517578 0.818866 0.0507813 0.0763889 0.756836
0 0.688151 0.739583 0.0416667 0.0625 0.477539
0 0.531901 0.663773 0.0455729 0.0659722 0.390381
0 0.351563 0.584491 0.0410156 0.0601852 0.359375
0 0.942057 0.511574 0.0429688 0.0659722 0.331055
0 0.611979 0.321181 0.0299479 0.0416667 0.324219
0 0.450846 0.541088 0.0384115 0.0729167 0.296631
0 0.970052 0.768519 0.0546875 0.101852 0.213379
0 0.0558268 0.365162 0.0410156 0.0578704 0.184814
0 0.147786 0.759259 0.046224 0.0578704 0.133911
0 0.686849 0.716435 0.0455729 0.0810185 0.130737
0 0.890625 0.800926 0.0520833 0.0925926 0.129395
0 0.322917 0.513889 0.03125 0.0543981 0.121277
0 0.899089 0.389468 0.03125 0.0497685 0.120422
0 0.410807 0.834491 0.0390625 0.0532407 0.0881958
0 0.736328 0.814815 0.0429688 0.0625 0.0726318
0 0.941406 0.496528 0.0442708 0.0775463 0.0668335
0 0.980469 0.548611 0.0364583 0.0694444 0.0634766
0 0.817708 0.314525 0.0299479 0.0503472 0.0538025
0 0.959635 0.753472 0.0572917 0.0856481 0.0531921
0 0.424805 0.831019 0.0449219 0.0625 0.0481262
0 0.979818 0.690972 0.0403646 0.0717593 0.0366211
0 0.347982 0.568866 0.0429688 0.0821759 0.0336609
0 0.545573 0.673032 0.0416667 0.056713 0.0325928
0 0.973958 0.797454 0.0494792 0.0914352 0.0323486
0 0.977865 0.308738 0.03125 0.0497685 0.0305634
0 0.427083 0.403646 0.0332031 0.056713 0.028595
0 0.397786 0.470775 0.0364583 0.0503472 0.0225372
0 0.460938 0.529514 0.0403646 0.0532407 0.0223694
0 0.772135 0.312789 0.03125 0.041088 0.0200958
0 0.0569661 0.344907 0.046224 0.0671296 0.0196075
0 0.169271 0.777778 0.0501302 0.0671296 0.0164032
0 0.51888 0.386574 0.0286458 0.0439815 0.0155411
0 0.513672 0.329861 0.0279948 0.0439815 0.0154266
0 0.552734 0.605903 0.031901 0.0405093 0.0148392
0 0.481771 0.47338 0.0260417 0.0497685 0.0130234
0 0.306641 0.240162 0.0279948 0.0393519 0.012825
0 0.946615 0.699653 0.0481771 0.0636574 0.0123367
0 0.279297 0.395544 0.03125 0.0457176 0.0113297
0 0.0236003 0.460648 0.0338542 0.0601852 0.0113297
0 0.980143 0.600116 0.0397135 0.0717593 0.0112457
0 0.317708 0.487269 0.0390625 0.0648148 0.0110703
0 0.529948 0.642361 0.0455729 0.0763889 0.0104065
0 0.261393 0.545139 0.0377604 0.0486111 0.0102921
0 0.981771 0.239583 0.0351562 0.0543981 0.00993347
0 0.554688 0.552662 0.030599 0.0543981 0.00926971
0 0.0446777 0.758102 0.0489909 0.0717593 0.00871277
0 0.152995 0.304398 0.03125 0.0451389 0.00857544
0 0.639323 0.247975 0.0286458 0.0457176 0.00775528
0 0.0428874 0.765046 0.0581055 0.099537 0.00757599
0 0.518229 0.821181 0.0507813 0.0844907 0.686035
0 0.688802 0.739583 0.0416667 0.0671296 0.484375
0 0.532552 0.664931 0.0442708 0.0671296 0.393311
0 0.352214 0.582755 0.0410156 0.0648148 0.323486
0 0.942708 0.511574 0.0416667 0.068287 0.303955
0 0.451172 0.541088 0.0377604 0.0763889 0.296631
0 0.611979 0.324074 0.0286458 0.0428241 0.252441
0 0.0585938 0.364583 0.0413411 0.0601852 0.191895
0 0.893229 0.793981 0.0494792 0.099537 0.137085
0 0.970703 0.767361 0.0533854 0.108796 0.12854
0 0.322266 0.51331 0.0292969 0.0555556 0.119629
0 0.6875 0.71875 0.0442708 0.087963 0.11084
0 0.73763 0.818287 0.0416667 0.0671296 0.108582
0 0.151042 0.760417 0.046875 0.068287 0.107788
0 0.410156 0.837963 0.0377604 0.0532407 0.102661
0 0.901042 0.390625 0.0286458 0.0520833 0.0745239
0 0.942708 0.497106 0.0442708 0.0798611 0.0618896
0 0.426107 0.836806 0.0436198 0.0671296 0.0600891
0 0.979167 0.549769 0.0338542 0.0740741 0.0568542
0 0.95638 0.747685 0.0507813 0.0821759 0.0427246
0 0.981771 0.68287 0.0364583 0.0717593 0.0417786
0 0.81901 0.314236 0.0286458 0.0532407 0.0389709
0 0.350911 0.568287 0.0416667 0.0856481 0.0284424
0 0.399089 0.465856 0.0338542 0.0497685 0.0279541
0 0.16862 0.778935 0.0507813 0.0763889 0.0271759
0 0.54362 0.675347 0.0455729 0.0636574 0.0258636
0 0.554688 0.59838 0.0299479 0.0497685 0.0202179
0 0.460612 0.530237 0.0416667 0.0622106 0.0196838
0 0.428385 0.405093 0.0299479 0.0572917 0.0185089
0 0.0445964 0.752315 0.0491536 0.0763889 0.0179901
0 0.973307 0.796296 0.046875 0.0949074 0.0170441
0 0.059082 0.346065 0.0437826 0.0694444 0.0165253
0 0.0240885 0.460648 0.0340169 0.0648148 0.0164032
0 0.528971 0.642361 0.0436198 0.0787037 0.0164032
0 0.980469 0.306134 0.0260417 0.0543981 0.014061
0 0.482422 0.470486 0.0240885 0.0486111 0.0138474
0 0.514323 0.328125 0.0247396 0.0422454 0.0130234
0 0.519531 0.38831 0.0260417 0.0462963 0.0126724
0 0.152669 0.305556 0.0289714 0.0462963 0.0120544
0 0.980469 0.604167 0.0390625 0.0810185 0.0120544
0 0.945964 0.697917 0.0429688 0.0648148 0.0111618
0 0.319336 0.48669 0.0358073 0.0659722 0.0108185
0 0.349609 0.483218 0.0286458 0.0555556 0.00989532
0 0.555013 0.555556 0.030599 0.0601852 0.00981903
0 0.772135 0.311343 0.0273438 0.0416667 0.00945282
0 0.277344 0.39265 0.0260417 0.0428241 0.00933838
0 0.982422 0.237847 0.0325521 0.0578704 0.00861359
0 0.263672 0.540509 0.0358073 0.0509259 0.00796509
0 0.279297 0.467014 0.0286458 0.0520833 0.0078125
0 0.0351562 0.84838 0.0556641 0.143519 0.00658798
0 0.519531 0.820023 0.0533854 0.0856481 0.716309
0 0.688802 0.739005 0.0429688 0.0659722 0.541016
0 0.532552 0.663194 0.0442708 0.0671296 0.440674
0 0.352539 0.583333 0.0416667 0.0648148 0.347656
0 0.451172 0.540509 0.0377604 0.0763889 0.324219
0 0.942708 0.511574 0.0416667 0.0659722 0.293457
0 0.611979 0.322917 0.0286458 0.0416667 0.277588
0 0.0587565 0.364005 0.0424805 0.0607639 0.21936
0 0.970703 0.768519 0.0533854 0.104167 0.164551
0 0.409505 0.836806 0.0390625 0.0532407 0.139404
0 0.322917 0.51331 0.030599 0.0555556 0.137939
0 0.89388 0.792824 0.0507813 0.099537 0.130249
0 0.6875 0.71875 0.0442708 0.0856481 0.125977
0 0.15332 0.761574 0.0494792 0.0694444 0.117188
0 0.738281 0.816551 0.0442708 0.0671296 0.0957031
0 0.89974 0.391204 0.0286458 0.0509259 0.0859985
0 0.979818 0.548611 0.0325521 0.0694444 0.0687866
0 0.941406 0.495949 0.0429688 0.0763889 0.0623169
0 0.955729 0.746528 0.0494792 0.0787037 0.0594177
0 0.426758 0.835648 0.0449219 0.0671296 0.0585632
0 0.982096 0.681713 0.0358073 0.0671296 0.0408325
0 0.817708 0.313079 0.0286458 0.0509259 0.0376892
0 0.168945 0.777778 0.0494792 0.0763889 0.0318604
0 0.35026 0.567708 0.0436198 0.0833333 0.0296478
0 0.399089 0.465856 0.0338542 0.0486111 0.0295868
0 0.058431 0.345197 0.0452474 0.0688657 0.0257111
0 0.544596 0.673611 0.0442708 0.0625 0.0207977
0 0.555339 0.599537 0.0286458 0.0474537 0.0183716
0 0.973307 0.797454 0.0481771 0.09375 0.0171814
0 0.460938 0.53125 0.0410156 0.0601852 0.0167847
0 0.528646 0.641782 0.0442708 0.0752315 0.0161591
0 0.483724 0.468461 0.0247396 0.0480324 0.0160217
0 0.42806 0.405671 0.030599 0.056713 0.0158386
0 0.519206 0.387153 0.0273438 0.0451389 0.0157776
0 0.0247396 0.459491 0.0354818 0.0636574 0.0135345
0 0.945313 0.699074 0.0416667 0.0625 0.0125275
0 0.31901 0.487558 0.0364583 0.0653935 0.0120544
0 0.0448405 0.753472 0.0494792 0.0763889 0.0118713
0 0.152995 0.304109 0.0299479 0.0457176 0.0116882
0 0.980469 0.604167 0.0390625 0.0787037 0.0106964
0 0.980469 0.307292 0.0260417 0.0497685 0.0106506
0 0.513672 0.327257 0.0260417 0.0399306 0.0106125
0 0.279297 0.466435 0.0299479 0.0497685 0.0100098
0 0.0343424 0.912037 0.0553385 0.12037 0.00997162
0 0.772135 0.311921 0.0286458 0.0405093 0.00974274
0 0.348958 0.482639 0.0299479 0.0555556 0.00971222
0 0.277344 0.391782 0.0273438 0.0422454 0.00898743
0 0.555664 0.555556 0.030599 0.0578704 0.00898743
0 0.505208 0.81713 0.063151 0.0856481 0.00784302
0 0.307292 0.832176 0.0325521 0.0509259 0.00746155
0 0.519531 0.820023 0.0533854 0.0856481 0.714844
0 0.688802 0.739005 0.0429688 0.0659722 0.541992
0 0.532552 0.663194 0.0442708 0.0671296 0.439697
0 0.352539 0.583333 0.0416667 0.0648148 0.347656
0 0.451172 0.540509 0.0377604 0.0763889 0.324219
0 0.942708 0.511574 0.0416667 0.0659722 0.294189
0 0.611979 0.322917 0.0286458 0.0416667 0.277588
0 0.0587565 0.364005 0.0424805 0.0607639 0.219971
0 0.970703 0.768519 0.0533854 0.104167 0.164551
0 0.409505 0.837384 0.0390625 0.0543981 0.140869
0 0.322917 0.51331 0.030599 0.0555556 0.138428
0 0.89388 0.793403 0.0507813 0.0983796 0.131226
0 0.6875 0.71875 0.0442708 0.0856481 0.125488
0 0.15332 0.761574 0.0494792 0.0694444 0.117554
0 0.738281 0.816551 0.0442708 0.0671296 0.0957031
0 0.89974 0.391204 0.0286458 0.0509259 0.0859985
0 0.979818 0.548611 0.0325521 0.0694444 0.0690308
0 0.941406 0.495949 0.0429688 0.0763889 0.062561
0 0.955729 0.746528 0.0494792 0.0787037 0.0592041
0 0.426758 0.835648 0.0449219 0.0671296 0.0589905
0 0.982096 0.681713 0.0358073 0.0671296 0.0412292
0 0.817708 0.313079 0.0286458 0.0509259 0.0376892
0 0.168945 0.777778 0.0494792 0.0763889 0.0319824
0 0.399089 0.466146 0.0338542 0.0491898 0.0297089
0 0.35026 0.567708 0.0436198 0.0833333 0.029541
0 0.058431 0.345197 0.0452474 0.0688657 0.0255585
0 0.544596 0.673611 0.0442708 0.0625 0.0207672
0 0.555339 0.599537 0.0286458 0.0474537 0.0185089
0 0.973307 0.797454 0.0481771 0.09375 0.0171814
0 0.460938 0.53125 0.0410156 0.0601852 0.0167847
0 0.528646 0.641782 0.0442708 0.0752315 0.0162811
0 0.483398 0.468461 0.0247396 0.0480324 0.016098
0 0.42806 0.405671 0.030599 0.056713 0.0158997
0 0.519206 0.387153 0.0273438 0.0451389 0.0158997
0 0.0247396 0.459491 0.0354818 0.0636574 0.0136337
0 0.945313 0.698495 0.0416667 0.0613426 0.0125275
0 0.31901 0.487558 0.0364583 0.0653935 0.0120544
0 0.0449219 0.753472 0.0494792 0.0763889 0.0118713
0 0.153158 0.304109 0.0299479 0.0457176 0.0117798
0 0.980469 0.307292 0.0260417 0.0497685 0.0106506
0 0.980469 0.604167 0.0390625 0.0787037 0.0106506
0 0.513672 0.327257 0.0260417 0.0399306 0.0106125
0 0.279297 0.466435 0.0299479 0.0497685 0.0100555
0 0.0342611 0.912037 0.0551758 0.12037 0.00993347
0 0.772135 0.311921 0.0286458 0.0405093 0.00978088
0 0.348958 0.482639 0.0299479 0.0555556 0.00971222
0 0.277344 0.391782 0.0273438 0.0416667 0.00905609
0 0.555339 0.555556 0.03125 0.0578704 0.00898743
0 0.505208 0.81713 0.063151 0.0856481 0.0078125
0 0.307292 0.832176 0.0325521 0.0509259 0.00746155
