0 0.561523 0.777778 0.0605469 0.0902778 0.294922
0 0.875 0.721065 0.25 0.517361 0.0750122
0 0.866536 0.545139 0.266927 0.858796 0.0278015
0 0.927083 0.557292 0.0651042 0.0833333 0.0125275
0 0.780599 0.798611 0.0611979 0.162037 0.012146
0 0.920573 0.590278 0.122396 0.134259 0.011467
0 0.869141 0.651476 0.261719 0.551215 0.0104523
0 0.442057 0.836806 0.0377604 0.0486111 0.00857544
0 0.5 0.5 1 1 0.0085144
0 0.5 0.5 1 1 0.008255
0 0.555339 0.807292 0.0625 0.0787037 0.00769424
0 0.923177 0.582176 0.078125 0.0949074 0.00740433
0 0.685547 0.5 0.628906 1 0.00734711
0 0.977539 0.678241 0.0449219 0.0833333 0.00717545
0 0.532552 0.5 0.934896 1 0.0068779
0 0.916667 0.556713 0.101563 0.099537 0.00682449
0 0.5 0.5 1 1 0.00674438
0 0.557943 0.598958 0.884115 0.802083 0.00671768
0 0.606771 0.761574 0.0286458 0.0717593 0.00669098
0 0.664714 0.653067 0.670573 0.693866 0.00666809
0 0.568034 0.758102 0.0878906 0.167824 0.00653839
0 0.569661 0.5 0.860677 1 0.00653839
0 0.52946 0.5 0.941081 1 0.00638962
0 0.440104 0.5 0.880208 1 0.00638962
0 0.728516 0.608796 0.542969 0.782407 0.00575256
0 0.685547 0.5 0.628906 1 0.00572968
0 0.496745 0.5 0.99349 1 0.00572968
0 0.865234 0.48206 0.269531 0.96412 0.00559998
0 0.40625 0.689815 0.0481771 0.0671296 0.00526047
0 0.886068 0.655237 0.227865 0.427951 0.00502014
0 0.928385 0.329861 0.141927 0.268519 0.00462723
0 0.912109 0.45515 0.175781 0.733218 0.00457382
0 0.309896 0.831597 0.0390625 0.0729167 0.00432968
0 0.871745 0.809606 0.246094 0.3125 0.00429916
0 0.391276 0.929398 0.0976563 0.0902778 0.00419998
0 0.886719 0.457176 0.157552 0.119213 0.00407028
0 0.91862 0.329861 0.16276 0.649306 0.00402451
0 0.911458 0.309606 0.177083 0.381944 0.0037365
0 0.961589 0.380787 0.0768229 0.167824 0.0037365
0 0.556315 0.767361 0.0891927 0.099537 0.00359344
0 0.976563 0.627315 0.046875 0.123843 0.00323486
0 0.858073 0.782986 0.283854 0.434028 0.00323486
0 0.779948 0.83912 0.0677083 0.216435 0.00321007
0 0.977865 0.883102 0.0442708 0.180556 0.00314713
0 0.625 0.706019 0.0651042 0.0717593 0.00304031
0 0.974609 0.789931 0.0507813 0.40162 0.00288963
0 0.957031 0.193432 0.0859375 0.308738 0.00269318
0 0.899414 0.255787 0.201172 0.511574 0.0024929
0 0.86849 0.551071 0.263021 0.897859 0.0024147
0 0.939779 0.238715 0.120443 0.461227 0.00234222
0 0.923177 0.55787 0.0520833 0.0798611 0.489258
0 0.557292 0.759259 0.0625 0.0891204 0.248657
0 0.405599 0.689815 0.0481771 0.068287 0.236572
0 0.519857 0.545139 0.0481771 0.0648148 0.193115
0 0.377604 0.916667 0.0729167 0.111111 0.185303
0 0.0289714 0.765046 0.0504557 0.0856481 0.112427
0 0.777344 0.779514 0.0520833 0.099537 0.105591
0 0.0213216 0.443866 0.0416667 0.087963 0.100891
0 0.174154 0.379051 0.046875 0.0717593 0.0875854
0 0.350911 0.862847 0.0598958 0.111111 0.0838623
0 0.433268 0.84838 0.0533854 0.101852 0.0812378
0 0.109701 0.81713 0.0458984 0.0671296 0.0742188
0 0.21582 0.813657 0.0488281 0.0833333 0.0734253
0 0.105632 0.782407 0.0511068 0.0844907 0.0731812
0 0.239258 0.335938 0.0455729 0.0746528 0.072876
0 0.564453 0.81713 0.0651042 0.0856481 0.0726318
0 0.848958 0.460938 0.0442708 0.056713 0.0720825
0 0.407552 0.647569 0.0572917 0.108796 0.0718384
0 0.588379 0.909722 0.0914714 0.134259 0.0705566
0 0.606771 0.404225 0.0507813 0.0729167 0.0632324
0 0.319661 0.81713 0.0455729 0.0763889 0.0570679
0 0.137695 0.4864 0.0494792 0.0908565 0.0564575
0 0.0885417 0.563657 0.0524089 0.0833333 0.0548096
0 0.427734 0.104203 0.0716146 0.127821 0.0526123
0 0.483073 0.913194 0.0794271 0.12037 0.0516663
0 0.431641 0.443866 0.0585938 0.0815972 0.0514526
0 0.235026 0.546296 0.0585938 0.105324 0.0499573
0 0.0437826 0.934028 0.0638021 0.0972222 0.0469055
0 0.311849 0.778935 0.0507813 0.0810185 0.0465393
0 0.605469 0.58912 0.0442708 0.0740741 0.042572
0 0.604818 0.557292 0.046875 0.0752315 0.0412292
0 0.977214 0.445602 0.0364583 0.072338 0.0407715
0 0.508138 0.903935 0.0703125 0.122685 0.0395508
0 0.966146 0.40191 0.0520833 0.0885417 0.0390625
0 0.417318 0.63831 0.0748698 0.106481 0.0367737
0 0.0274251 0.725694 0.0512695 0.119213 0.0358887
0 0.804688 0.822917 0.0625 0.105324 0.0337219
0 0.977865 0.659722 0.0442708 0.087963 0.0332031
0 0.15918 0.40191 0.063151 0.102431 0.0326538
0 0.537109 0.872685 0.11849 0.172454 0.0316772
0 0.520182 0.485822 0.0533854 0.116319 0.0295868
0 0.721354 0.537037 0.0546875 0.0787037 0.0282745
0 0.410807 0.439525 0.0481771 0.0908565 0.026413
0 0.348307 0.69213 0.0442708 0.0659722 0.026413
0 0.427083 0.428819 0.0651042 0.101852 0.0254669
0 0.549479 0.756944 0.0677083 0.125 0.0254211
0 0.690104 0.528356 0.0455729 0.0775463 0.0250854
0 0.636719 0.627894 0.0559896 0.0891204 0.0245667
0 0.847656 0.426505 0.0559896 0.118056 0.0244293
0 0.783854 0.8125 0.0494792 0.105324 0.0243378
0 0.91276 0.290509 0.174479 0.355324 0.550781
0 0.40625 0.704861 0.0416667 0.0590278 0.386719
0 0.871094 0.24537 0.257812 0.490741 0.363037
0 0.44401 0.840278 0.03125 0.0613426 0.26123
0 0.878255 0.114547 0.233073 0.216508 0.192505
0 0.726563 0.83044 0.0364583 0.0509259 0.169434
0 0.929688 0.563079 0.0572917 0.0659722 0.15564
0 0.915365 0.39294 0.161458 0.19213 0.150513
0 0.564779 0.835648 0.0423177 0.0555556 0.14563
0 0.520182 0.542824 0.0292969 0.0462963 0.137939
0 0.0825195 0.553819 0.0452474 0.0659722 0.107788
0 0.523112 0.841435 0.0253906 0.0486111 0.0665894
0 0.143229 0.523148 0.0266927 0.0416667 0.0643921
0 0.5625 0.0497685 0.0872396 0.099537 0.0503235
0 0.372396 0.931134 0.0488281 0.0717593 0.0499573
0 0.917969 0.553819 0.0729167 0.0729167 0.0472412
0 0.144206 0.493634 0.0436198 0.0752315 0.0463867
0 0.568359 0.761574 0.0442708 0.0578704 0.0440063
0 0.44401 0.098669 0.104167 0.130208 0.0413208
0 0.852865 0.454282 0.0338542 0.068287 0.0402527
0 0.903646 0.246238 0.192708 0.447338 0.0396423
0 0.878906 0.721065 0.226563 0.412037 0.0384521
0 0.78125 0.156539 0.0598958 0.111111 0.0348206
0 0.227214 0.618056 0.0260417 0.0393519 0.0328979
0 0.522135 0.466146 0.0338542 0.041088 0.0317383
0 0.759115 0.458044 0.0364583 0.0416667 0.0297546
0 0.442057 0.470486 0.0286458 0.0532407 0.02948
0 0.979818 0.643519 0.0403646 0.0902778 0.0282745
0 0.55013 0.072338 0.106771 0.135417 0.0275879
0 0.311849 0.77662 0.0299479 0.0601852 0.0271149
0 0.864583 0.912616 0.0442708 0.068287 0.0265503
0 0.397135 0.460359 0.0143229 0.0295139 0.0258636
0 0.978516 0.65625 0.0429688 0.0729167 0.0257568
0 0.564453 0.591435 0.0221354 0.0462963 0.0225372
0 0.603516 0.397569 0.0247396 0.0416667 0.0224152
0 0.22819 0.680556 0.0240885 0.0405093 0.0219116
0 0.908854 0.136863 0.174479 0.195023 0.0209656
0 0.46582 0.0837674 0.109375 0.126447 0.0202484
0 0.529297 0.113679 0.0768229 0.151693 0.0197144
0 0.0999756 0.148438 0.192627 0.24537 0.0192719
0 0.0313314 0.763889 0.0498047 0.087963 0.0190582
0 0.314128 0.820602 0.0279948 0.0509259 0.0187683
0 0.189779 0.614583 0.0221354 0.0347222 0.0173035
0 0.68099 0.331597 0.0299479 0.0520833 0.0171814
0 0.187663 0.688079 0.0247396 0.0428241 0.0165253
0 0.0270182 0.597222 0.046224 0.0694444 0.0159607
0 0.348958 0.529514 0.0208333 0.0358796 0.0158997
0 0.740234 0.0963542 0.445313 0.192708 0.0158386
0 0.86849 0.625145 0.25651 0.564525 0.0157776
0 0.863281 0.606481 0.0755208 0.0601852 0.0155411
0 0.403971 0.70081 0.0377604 0.0601852 0.345947
0 0.143392 0.520833 0.0283203 0.0520833 0.21936
0 0.567057 0.595486 0.0325521 0.0520833 0.158691
0 0.556641 0.78125 0.0638021 0.104167 0.122131
0 0.0763346 0.541667 0.0354818 0.0555556 0.113953
0 0.516927 0.538773 0.0286458 0.0405093 0.100525
0 0.553385 0.810185 0.0533854 0.0856481 0.0809326
0 0.103841 0.819444 0.0358073 0.0578704 0.0621033
0 0.0168457 0.450231 0.0332031 0.0601852 0.0607605
0 0.0251465 0.774306 0.0450846 0.0810185 0.0549927
0 0.851563 0.466146 0.0351562 0.0549769 0.0522461
0 0.0908203 0.549769 0.0332031 0.0625 0.0465393
0 0.605469 0.540509 0.0234375 0.0486111 0.0404663
0 0.140788 0.489583 0.0276693 0.068287 0.0309143
0 0.977865 0.663194 0.0338542 0.0914352 0.0271759
0 0.924479 0.555556 0.0442708 0.0717593 0.023468
0 0.856771 0.609375 0.0260417 0.0439815 0.0222015
0 0.436523 0.833333 0.030599 0.0451389 0.0211182
0 0.965495 0.393519 0.0559896 0.123843 0.0164642
0 0.363281 0.920139 0.0377604 0.0625 0.0160217
0 0.344401 0.688657 0.0325521 0.0439815 0.0159607
0 0.397135 0.610532 0.0286458 0.0393519 0.0144501
0 0.973958 0.446181 0.0364583 0.0925926 0.0113297
0 0.596354 0.596065 0.0234375 0.0509259 0.0113297
0 0.313802 0.826389 0.0338542 0.0532407 0.0111618
0 0.021403 0.614583 0.0362956 0.0694444 0.01017
0 0.947917 0.390914 0.0703125 0.087963 0.00871277
0 0.908854 0.545718 0.0416667 0.056713 0.00857544
0 0.444661 0.463252 0.031901 0.0515046 0.00841522
0 0.0885824 0.58912 0.036377 0.0555556 0.00806427
0 0.434245 0.609954 0.0169271 0.0393519 0.00763702
0 0.602865 0.464699 0.0286458 0.0532407 0.00709534
0 0.568359 0.5625 0.0338542 0.0648148 0.00698471
0 0.816406 0.391204 0.0286458 0.0416667 0.00695801
0 0.0213216 0.421875 0.0413411 0.0798611 0.0068512
0 0.184408 0.615162 0.0234375 0.0393519 0.00653839
0 0.223633 0.613426 0.0279948 0.0393519 0.00626373
0 0.98112 0.623843 0.0377604 0.127315 0.00609589
0 0.732422 0.828125 0.0351562 0.0543981 0.00579834
0 0.960286 0.337095 0.0755208 0.230903 0.00534439
0 0.0279134 0.809028 0.0395508 0.0763889 0.00530243
0 0.634115 0.6875 0.0364583 0.0532407 0.00526047
0 0.46875 0.609954 0.0286458 0.037037 0.00502014
0 0.395833 0.543981 0.0260417 0.0416667 0.00498199
0 0.398438 0.467014 0.0292969 0.0486111 0.00486755
0 0.222982 0.681713 0.0276693 0.0416667 0.00466537
0 0.106771 0.460359 0.0234375 0.0491898 0.00445175
0 0.6875 0.612847 0.03125 0.0439815 0.00419998
0 0.991536 0.682002 0.0169271 0.635995 0.00378036
0 0.78125 0.822338 0.0390625 0.0891204 0.00372124
0 0.401042 0.697917 0.0364583 0.0601852 0.535156
0 0.924479 0.546875 0.0390625 0.0671296 0.363037
0 0.557292 0.828704 0.0384115 0.0625 0.183594
0 0.978516 0.666667 0.0403646 0.0740741 0.182983
0 0.444987 0.453125 0.0325521 0.0625 0.170532
0 0.0820313 0.548032 0.0455729 0.0775463 0.107422
0 0.857422 0.45515 0.0338542 0.0607639 0.0838623
0 0.184408 0.381944 0.0253906 0.0497685 0.0830078
0 0.0900065 0.547454 0.0377604 0.0671296 0.0778198
0 0.565755 0.769097 0.046875 0.0775463 0.072876
0 0.14681 0.518663 0.0273438 0.0552662 0.0715942
0 0.444987 0.832755 0.031901 0.0543981 0.0658569
0 0.0225423 0.445023 0.0323893 0.0659722 0.0564575
0 0.14502 0.478588 0.0309245 0.0636574 0.0554199
0 0.816406 0.831019 0.03125 0.0555556 0.0462036
0 0.569661 0.594907 0.0299479 0.0555556 0.0458679
0 0.976563 0.635995 0.0416667 0.107639 0.0446777
0 0.521484 0.532407 0.0266927 0.0486111 0.0437012
0 0.609375 0.537037 0.0234375 0.0509259 0.0381775
0 0.916667 0.552083 0.046875 0.0763889 0.036438
0 0.96875 0.396701 0.0416667 0.0787037 0.031311
0 0.313802 0.818287 0.03125 0.0578704 0.0308533
0 0.686198 0.321759 0.0286458 0.0613426 0.0302734
0 0.734375 0.827546 0.03125 0.0486111 0.0287018
0 0.110352 0.387731 0.031901 0.0543981 0.0267639
0 0.370443 0.928819 0.046875 0.0763889 0.0263062
0 0.605469 0.396412 0.0286458 0.0532407 0.0261993
0 0.655599 0.313947 0.0286458 0.0503472 0.0259094
0 0.822266 0.3886 0.0286458 0.0462963 0.0248871
0 0.975911 0.45978 0.03125 0.0543981 0.0240021
0 0.0911458 0.582755 0.0354818 0.0625 0.0206909
0 0.107259 0.457755 0.0218099 0.0428241 0.0200195
0 0.523438 0.459491 0.0325521 0.056713 0.0196381
0 0.701823 0.380208 0.0364583 0.0486111 0.0186462
0 0.535482 0.833333 0.0384115 0.0486111 0.0186157
0 0.606771 0.471644 0.03125 0.0648148 0.0178528
0 0.764323 0.454572 0.0286458 0.046875 0.0177765
0 0.0559896 0.924769 0.0374349 0.0648148 0.0165253
0 0.880208 0.113137 0.226563 0.226273 0.0161591
0 0.927083 0.57581 0.0390625 0.0787037 0.0147324
0 0.442383 0.415509 0.0358073 0.0706019 0.0144501
0 0.977214 0.538194 0.0338542 0.0891204 0.014389
0 0.104492 0.81713 0.0247396 0.0578704 0.0140076
0 0.527995 0.685185 0.0325521 0.0590278 0.0138474
0 0.863281 0.903356 0.0442708 0.0706019 0.0135345
0 0.602865 0.597222 0.015625 0.0462963 0.0131226
0 0.309245 0.777778 0.0325521 0.0671296 0.0128708
0 0.897786 0.453993 0.015625 0.0486111 0.0126266
0 0.815755 0.703704 0.0299479 0.0590278 0.0123825
0 0.347005 0.686343 0.0273438 0.0428241 0.0118713
0 0.403646 0.700231 0.0364583 0.0601852 0.223389
0 0.4375 0.837963 0.0325521 0.0532407 0.144165
0 0.147135 0.523293 0.0296224 0.0506366 0.122131
0 0.924479 0.554398 0.0390625 0.0694444 0.107422
0 0.562826 0.771412 0.0436198 0.0740741 0.0933228
0 0.52474 0.537616 0.03125 0.0520833 0.0628052
0 0.5625 0.818287 0.0377604 0.0671296 0.0566406
0 0.572591 0.594907 0.0345052 0.0555556 0.0497742
0 0.443685 0.454861 0.030599 0.0601852 0.0472412
0 0.983398 0.670139 0.0332031 0.0625 0.0386963
0 0.0808106 0.542824 0.0408529 0.0601852 0.032959
0 0.855469 0.470486 0.03125 0.0590278 0.0299225
0 0.0928141 0.590856 0.0357259 0.0520833 0.0284882
0 0.822266 0.394387 0.03125 0.046875 0.0253754
0 0.653646 0.310764 0.0260417 0.0422454 0.0250854
0 0.983073 0.465278 0.0338542 0.0474537 0.0225372
0 0.529948 0.831019 0.0364583 0.0497685 0.02211
0 0.400065 0.45978 0.0273438 0.0532407 0.0215302
0 0.703125 0.394965 0.0390625 0.0549769 0.0198364
0 0.735677 0.829861 0.0338542 0.0555556 0.0171814
0 0.0863037 0.552083 0.0422363 0.0625 0.0157776
0 0.175456 0.686343 0.0341797 0.0486111 0.0104523
0 0.607422 0.537037 0.0286458 0.0462963 0.01017
0 0.32194 0.828704 0.030599 0.0578704 0.00901794
0 0.597656 0.596065 0.03125 0.0555556 0.0088501
0 0.185221 0.380208 0.0250651 0.0428241 0.00878143
0 0.777344 0.16522 0.0286458 0.0497685 0.00818634
0 0.608073 0.387153 0.0286458 0.0451389 0.00714874
0 0.140299 0.48206 0.030599 0.0601852 0.00677109
0 0.216146 0.833912 0.0384115 0.0486111 0.00638962
0 0.910807 0.543981 0.0403646 0.0625 0.00619125
0 0.678385 0.322338 0.03125 0.0428241 0.00559998
0 0.525391 0.399884 0.0286458 0.0474537 0.00557709
0 0.931641 0.578704 0.0390625 0.0717593 0.00439835
0 0.71224 0.386285 0.0390625 0.0439815 0.00432968
0 0.527018 0.460938 0.0325521 0.0486111 0.00429916
0 0.901042 0.320312 0.0260417 0.0405093 0.00424957
0 0.108398 0.395833 0.0279948 0.0451389 0.0042305
0 0.0291341 0.768519 0.0374349 0.0729167 0.0042305
0 0.0258789 0.448206 0.030599 0.068287 0.00400543
0 0.35026 0.685764 0.0377604 0.0509259 0.00400543
0 0.779948 0.827546 0.0364583 0.0694444 0.00348282
0 0.480469 0.828704 0.0338542 0.0439815 0.00342941
0 0.443359 0.404514 0.0338542 0.0497685 0.00337601
0 0.825521 0.453125 0.0338542 0.0462963 0.00328636
0 0.202799 0.834491 0.0403646 0.0509259 0.00311089
0 0.111654 0.447338 0.0247396 0.0428241 0.00287819
0 0.266276 0.318866 0.0253906 0.0347222 0.00284576
0 0.886068 0.591435 0.0351562 0.0625 0.00279045
0 0.808594 0.173177 0.0286458 0.0491898 0.00270462
0 0.405599 0.692708 0.0364583 0.056713 0.785156
0 0.439779 0.829861 0.031901 0.0601852 0.397949
0 0.925781 0.546296 0.0416667 0.0659722 0.376709
0 0.152344 0.516204 0.0266927 0.0543981 0.303955
0 0.448568 0.463542 0.03125 0.0555556 0.294189
0 0.563151 0.755208 0.0494792 0.0810185 0.2323
0 0.561523 0.811921 0.047526 0.0775463 0.200562
0 0.576172 0.592014 0.0351562 0.0590278 0.17334
0 0.703776 0.394097 0.0377604 0.0543981 0.144653
0 0.0814616 0.537616 0.0415039 0.0625 0.144653
0 0.861328 0.469039 0.03125 0.052662 0.0943604
0 0.0911458 0.550926 0.0364583 0.0532407 0.0927124
0 0.821615 0.391782 0.0260417 0.0358796 0.0910645
0 0.657552 0.313079 0.0286458 0.0416667 0.0897827
0 0.983724 0.46412 0.0325521 0.0549769 0.0827026
0 0.524414 0.530671 0.0234375 0.0497685 0.0769653
0 0.535156 0.822917 0.0416667 0.0613426 0.0739746
0 0.982422 0.662037 0.0351562 0.0671296 0.0690308
0 0.609375 0.391782 0.0247396 0.0422454 0.0632324
0 0.52832 0.399306 0.0240885 0.0393519 0.0483093
0 0.227702 0.68287 0.0192057 0.0462963 0.0448608
0 0.916667 0.540509 0.046875 0.0694444 0.043457
0 0.19694 0.756944 0.0292969 0.0428241 0.0433655
0 0.397135 0.460938 0.0182292 0.0405093 0.0419312
0 0.0307617 0.762731 0.0361328 0.0694444 0.0417786
0 0.738281 0.824074 0.0338542 0.0532407 0.0409241
0 0.322266 0.820602 0.0273438 0.0578704 0.0362244
0 0.611979 0.530093 0.0234375 0.0439815 0.0309601
0 0.353516 0.684028 0.0234375 0.0486111 0.0309601
0 0.443359 0.399884 0.0221354 0.0353009 0.0301514
0 0.147298 0.48206 0.0253906 0.0578704 0.0258026
0 0.0958659 0.582755 0.0348307 0.0613426 0.0258026
0 0.867188 0.891782 0.0416667 0.0706019 0.0241394
0 0.772135 0.392361 0.0208333 0.0329861 0.0231476
0 0.527018 0.461806 0.0273438 0.0428241 0.0215759
0 0.905599 0.694444 0.0299479 0.0578704 0.0213318
0 0.188802 0.385417 0.0192057 0.0381944 0.0203705
0 0.348633 0.829282 0.0292969 0.0520833 0.0197601
0 0.813151 0.828125 0.0351562 0.0613426 0.0185089
0 0.0249023 0.447338 0.0273438 0.0590278 0.0174408
0 0.115234 0.399306 0.031901 0.0462963 0.0154877
0 0.366862 0.906829 0.0345052 0.0625 0.0149536
0 0.317708 0.761574 0.0260417 0.0462963 0.014389
0 0.229167 0.604745 0.0227865 0.0381944 0.0141754
0 0.684245 0.321759 0.0182292 0.037037 0.0130692
0 0.867188 0.59838 0.0338542 0.0555556 0.0130234
0 0.904297 0.739583 0.0273438 0.0578704 0.0128708
0 0.541667 0.759259 0.0559896 0.0833333 0.0127258
0 0.319336 0.461227 0.0208333 0.0358796 0.0115967
0 0.964844 0.390046 0.046875 0.0752315 0.0115051
0 0.402995 0.69213 0.0364583 0.0509259 0.550781
0 0.565755 0.820602 0.0416667 0.0671296 0.106689
0 0.145182 0.522569 0.023112 0.0428241 0.0755615
0 0.525391 0.829861 0.03125 0.0439815 0.0690308
0 0.519857 0.542824 0.0227865 0.0347222 0.0548096
0 0.5625 0.770255 0.0520833 0.0902778 0.0548096
0 0.438151 0.835648 0.0247396 0.0358796 0.0535889
0 0.570638 0.600116 0.030599 0.0416667 0.0503235
0 0.0260417 0.767361 0.0371094 0.0648148 0.0423279
0 0.817057 0.396123 0.0234375 0.0289352 0.0393372
0 0.608073 0.537037 0.0260417 0.0347222 0.0311432
0 0.734375 0.828704 0.03125 0.037037 0.0282135
0 0.925781 0.554977 0.0364583 0.0578704 0.0269623
0 0.542318 0.768519 0.0638021 0.0810185 0.0215759
0 0.440755 0.464699 0.0253906 0.0381944 0.0208435
0 0.600911 0.600116 0.0208333 0.0428241 0.0200653
0 0.983073 0.668403 0.0286458 0.056713 0.0190582
0 0.19043 0.618056 0.0185547 0.0300926 0.0190125
0 0.0724284 0.537037 0.030599 0.037037 0.0177155
0 0.396484 0.607639 0.0325521 0.0439815 0.0175781
0 0.0218099 0.451968 0.0250651 0.0474537 0.0173798
0 0.182617 0.686343 0.0214844 0.0324074 0.0172424
0 0.533203 0.695602 0.0390625 0.0509259 0.0166626
0 0.699219 0.395255 0.0325521 0.0347222 0.0165863
0 0.222493 0.681134 0.0234375 0.037037 0.0148392
0 0.395833 0.459491 0.0169271 0.0295139 0.0114212
0 0.348307 0.6875 0.03125 0.0416667 0.0107346
0 0.858073 0.471644 0.0260417 0.0405093 0.0102921
0 0.144857 0.478009 0.0234375 0.0422454 0.00905609
0 0.640625 0.612269 0.0286458 0.0416667 0.00905609
0 0.109863 0.810764 0.038737 0.0625 0.00894928
0 0.0948893 0.590278 0.0289714 0.0509259 0.0085144
0 0.605469 0.394097 0.0208333 0.0289352 0.00815582
0 0.432617 0.615741 0.0266927 0.0474537 0.00806427
0 0.187337 0.387153 0.0214844 0.0324074 0.0078125
0 0.0950928 0.556134 0.0305176 0.0497685 0.0078125
0 0.316406 0.541088 0.0208333 0.025463 0.0078125
0 0.778646 0.827546 0.0286458 0.0439815 0.0068779
0 0.223958 0.618056 0.0234375 0.03125 0.00674438
0 0.808594 0.829282 0.03125 0.0497685 0.00643921
0 0.763021 0.462963 0.0234375 0.0277778 0.00638962
0 0.111003 0.404514 0.030599 0.0422454 0.00634003
0 0.76888 0.393229 0.0182292 0.0219907 0.00634003
0 0.110026 0.451389 0.0234375 0.0335648 0.00614548
0 0.692708 0.539352 0.0260417 0.0324074 0.00609589
0 0.318359 0.824653 0.0234375 0.0474537 0.00548935
0 0.565755 0.552083 0.0234375 0.0405093 0.00544739
0 0.772135 0.770255 0.0286458 0.0520833 0.00526047
0 0.482747 0.831019 0.0234375 0.0324074 0.00524139
0 0.0274251 0.805556 0.0310872 0.0694444 0.00510025
0 0.402344 0.690972 0.0384115 0.0601852 0.725586
0 0.563151 0.821759 0.0455729 0.0671296 0.27832
0 0.925781 0.556134 0.0416667 0.0706019 0.275146
0 0.436198 0.83044 0.03125 0.0497685 0.269775
0 0.735677 0.822917 0.0364583 0.0532407 0.169922
0 0.561523 0.769676 0.061849 0.0972222 0.162964
0 0.572591 0.590278 0.0345052 0.0578704 0.128052
0 0.856771 0.893519 0.0390625 0.0648148 0.123352
0 0.51888 0.539352 0.0266927 0.0416667 0.119202
0 0.180339 0.677662 0.0279948 0.0509259 0.105957
0 0.855469 0.471644 0.0338542 0.0543981 0.100891
0 0.144206 0.512587 0.03125 0.0581597 0.0766602
0 0.0289714 0.77662 0.0449219 0.0763889 0.0747681
0 0.541016 0.820602 0.0533854 0.0636574 0.0658569
0 0.989258 0.508102 0.0214844 0.840278 0.0535889
0 0.313151 0.818287 0.03125 0.0601852 0.0522461
0 0.0904948 0.557292 0.0413411 0.0636574 0.0484924
0 0.819661 0.390625 0.0260417 0.03125 0.0419312
0 0.777995 0.820602 0.0325521 0.0601852 0.0379639
0 0.916667 0.556134 0.0507813 0.0810185 0.0375977
0 0.811198 0.826389 0.0338542 0.0555556 0.0366211
0 0.776693 0.905093 0.0351562 0.0532407 0.0351562
0 0.979818 0.658565 0.0403646 0.0787037 0.0346985
0 0.347005 0.821759 0.0325521 0.0532407 0.0346069
0 0.597656 0.594907 0.0234375 0.0509259 0.0344238
0 0.441406 0.456019 0.0299479 0.046875 0.0333252
0 0.0812175 0.538194 0.0419922 0.0671296 0.0332031
0 0.346354 0.679977 0.0332031 0.0590278 0.0322266
0 0.146322 0.485532 0.0351562 0.0601852 0.0321655
0 0.221842 0.615741 0.0292969 0.037037 0.0317993
0 0.223633 0.675926 0.0260417 0.0462963 0.0309143
0 0.0916341 0.582176 0.0351562 0.0625 0.0302734
0 0.98112 0.640046 0.0377604 0.0925926 0.0245667
0 0.767578 0.785301 0.0455729 0.0844907 0.0233765
0 0.193685 0.618056 0.0276693 0.0416667 0.0231476
0 0.309896 0.75463 0.0332031 0.0486111 0.0215759
0 0.763021 0.457755 0.0286458 0.0381944 0.0214081
0 0.608073 0.528935 0.0234375 0.0416667 0.0205994
0 0.550456 0.775463 0.0722656 0.0925926 0.0204163
0 0.985352 0.602286 0.0292969 0.795428 0.0200653
0 0.971354 0.778935 0.0403646 0.0949074 0.0197906
0 0.938802 0.750579 0.0598958 0.0960648 0.0194244
0 0.977214 0.446759 0.0403646 0.112269 0.0193481
0 0.0222168 0.450231 0.0322266 0.0520833 0.018692
0 0.722656 0.613426 0.0286458 0.0509259 0.0175171
0 0.939128 0.501302 0.121745 0.31684 0.0174408
0 0.96875 0.394387 0.0442708 0.111111 0.016922
0 0.590495 0.751736 0.0390625 0.0798611 0.016922
0 0.692708 0.539931 0.0286458 0.0451389 0.0155411
0 0.479167 0.616319 0.0253906 0.0405093 0.0151901
0 0.401693 0.697338 0.0364583 0.056713 0.82959
0 0.926432 0.555556 0.0377604 0.0625 0.754395
0 0.436198 0.83912 0.0325521 0.0509259 0.388672
0 0.563477 0.837384 0.0410156 0.0613426 0.258301
0 0.146484 0.516204 0.0351562 0.0543981 0.180054
0 0.443359 0.456019 0.0364583 0.0578704 0.146606
0 0.0222982 0.450521 0.031901 0.052662 0.0841675
0 0.821615 0.396991 0.0286458 0.0393519 0.0758667
0 0.981771 0.665509 0.0364583 0.0694444 0.0726318
0 0.608724 0.396412 0.0299479 0.0428241 0.069519
0 0.53125 0.834491 0.0351562 0.0486111 0.0680542
0 0.0286458 0.77662 0.0437826 0.0752315 0.0673218
0 0.559896 0.774884 0.0638021 0.0949074 0.0643921
0 0.221354 0.615741 0.03125 0.0416667 0.0585632
0 0.733073 0.827546 0.0338542 0.0451389 0.058136
0 0.0888672 0.556713 0.0442708 0.0659722 0.0554199
0 0.703125 0.39265 0.0390625 0.0520833 0.0524292
0 0.517578 0.530093 0.03125 0.0474537 0.0362244
0 0.104655 0.806713 0.047526 0.0740741 0.0348206
0 0.304362 0.605903 0.0266927 0.0428241 0.0346985
0 0.0800781 0.537616 0.0413411 0.0601852 0.0327148
0 0.39974 0.462963 0.0273438 0.0405093 0.0325928
0 0.114909 0.41059 0.0345052 0.0543981 0.0321045
0 0.102539 0.788194 0.0481771 0.0740741 0.0314331
0 0.855469 0.474248 0.0286458 0.0503472 0.0290375
0 0.141927 0.48669 0.031901 0.0625 0.0288086
0 0.0918376 0.582176 0.0396322 0.0636574 0.0183716
0 0.96875 0.394097 0.0390625 0.0659722 0.0156708
0 0.776042 0.826389 0.0286458 0.0555556 0.0151291
0 0.340495 0.828704 0.0390625 0.0509259 0.0129242
0 0.979167 0.463831 0.0286458 0.0462963 0.012146
0 0.854167 0.91088 0.0364583 0.0601852 0.0115967
0 0.22526 0.686343 0.0292969 0.0509259 0.0113297
0 0.811198 0.836806 0.0351562 0.0486111 0.0112
0 0.636719 0.62037 0.0429688 0.0740741 0.0107346
0 0.344076 0.673611 0.0338542 0.0509259 0.0101318
0 0.71224 0.381076 0.0390625 0.0416667 0.00978088
0 0.607422 0.481481 0.0351562 0.0648148 0.00941467
0 0.526693 0.409722 0.0299479 0.0561343 0.00898743
0 0.184245 0.386574 0.0266927 0.037037 0.00871277
0 0.024821 0.420139 0.0362956 0.0775463 0.00818634
0 0.613281 0.526042 0.0364583 0.0520833 0.00818634
0 0.916667 0.549769 0.0494792 0.0729167 0.00806427
0 0.393229 0.627315 0.0338542 0.0740741 0.00806427
0 0.318685 0.822338 0.0351562 0.0601852 0.00787354
0 0.544922 0.778935 0.0638021 0.0810185 0.0078125
0 0.981771 0.644676 0.0364583 0.0902778 0.00723267
0 0.653646 0.313657 0.0234375 0.03125 0.00695801
0 0.571615 0.59375 0.0364583 0.0601852 0.00629044
0 0.402995 0.404803 0.0260417 0.0439815 0.00530243
0 0.401693 0.699074 0.0390625 0.0625 0.673828
0 0.925781 0.554977 0.0390625 0.0671296 0.64502
0 0.436849 0.842593 0.0351562 0.056713 0.478516
0 0.606771 0.390625 0.0299479 0.0451389 0.118408
0 0.736328 0.826389 0.0364583 0.0462963 0.0841675
0 0.563151 0.836806 0.0351562 0.0532407 0.0747681
0 0.114746 0.410012 0.038737 0.0596065 0.0731812
0 0.98112 0.666667 0.0377604 0.0578704 0.0673218
0 0.982422 0.463542 0.0338542 0.0532407 0.0558167
0 0.64974 0.320312 0.0286458 0.0428241 0.0418396
0 0.109049 0.809606 0.0423177 0.0590278 0.0383301
0 0.568359 0.761574 0.0403646 0.0555556 0.0351562
0 0.527995 0.841435 0.0338542 0.0486111 0.0316772
0 0.81901 0.397569 0.0299479 0.0451389 0.0298767
0 0.149902 0.519676 0.031901 0.0474537 0.0294189
0 0.261068 0.329282 0.0325521 0.0497685 0.0290375
0 0.0804036 0.534722 0.0406901 0.0520833 0.0245209
0 0.527669 0.402199 0.0325521 0.0509259 0.0202179
0 0.894531 0.459201 0.0260417 0.0457176 0.0124283
0 0.521159 0.528935 0.0292969 0.0474537 0.0117798
0 0.851563 0.912616 0.0351562 0.0613426 0.00989532
0 0.980794 0.636574 0.0384115 0.0798611 0.00967407
0 0.107096 0.787037 0.046875 0.0694444 0.00919342
0 0.444336 0.411458 0.0332031 0.0543981 0.0091629
0 0.223633 0.615741 0.0296224 0.0462963 0.00905609
0 0.572266 0.596065 0.0351562 0.0509259 0.00831604
0 0.697917 0.398727 0.0351562 0.0497685 0.00800323
0 0.345052 0.827546 0.03125 0.0532407 0.00717545
0 0.643229 0.62037 0.0364583 0.0625 0.00712204
0 0.85612 0.476562 0.0299479 0.0584491 0.0068779
0 0.347005 0.400463 0.0273438 0.0462963 0.00677109
0 0.023112 0.450231 0.0309245 0.0486111 0.00629044
0 0.773438 0.771412 0.0260417 0.0509259 0.00602722
0 0.392253 0.608796 0.0266927 0.0416667 0.00570679
0 0.184082 0.382523 0.0270182 0.0428241 0.0051384
0 0.0299479 0.768519 0.0390625 0.0671296 0.0051384
0 0.440104 0.453704 0.030599 0.0474537 0.00498199
0 0.0906576 0.585648 0.0367839 0.0555556 0.00486755
0 0.399089 0.405961 0.0286458 0.0474537 0.00460815
0 0.777344 0.82581 0.0286458 0.0497685 0.00436401
0 0.0541178 0.920139 0.046875 0.0775463 0.00432968
0 0.304362 0.606481 0.0279948 0.0439815 0.00365067
0 0.820964 0.701389 0.0351562 0.0555556 0.00345612
0 0.972656 0.392361 0.03125 0.0509259 0.00341606
0 0.225098 0.6875 0.0283203 0.0462963 0.00341606
0 0.981771 0.537037 0.0338542 0.0509259 0.00316048
0 0.606771 0.530093 0.0260417 0.0439815 0.00314713
0 0.343099 0.677083 0.0338542 0.0497685 0.00296974
0 0.907552 0.538194 0.0364583 0.0532407 0.00283432
0 0.0354004 0.936343 0.0499674 0.0821759 0.00277901
0 0.402344 0.693866 0.0397135 0.0694444 0.666992
0 0.436849 0.836806 0.0325521 0.0578704 0.580566
0 0.925781 0.554398 0.0416667 0.0740741 0.475586
0 0.736979 0.826389 0.0338542 0.0532407 0.180054
0 0.148275 0.516204 0.0328776 0.056713 0.107422
0 0.113281 0.408565 0.0358073 0.0601852 0.0966797
0 0.981771 0.666088 0.0364583 0.0763889 0.0859985
0 0.821615 0.395255 0.03125 0.052662 0.0758667
0 0.650391 0.315394 0.0273438 0.0474537 0.0700684
0 0.980469 0.458623 0.0338542 0.0607639 0.069519
0 0.564453 0.760417 0.0416667 0.0648148 0.0687866
0 0.561198 0.836806 0.0416667 0.0601852 0.0663452
0 0.608073 0.391782 0.03125 0.0486111 0.0643921
0 0.0780436 0.53588 0.0385742 0.0601852 0.0514526
0 0.854167 0.915509 0.0377604 0.0625 0.044342
0 0.529948 0.835648 0.0325521 0.0486111 0.0396423
0 0.526693 0.405093 0.0325521 0.0584491 0.0346069
0 0.853516 0.474537 0.0325521 0.0590278 0.0333862
0 0.0301921 0.771991 0.039388 0.0787037 0.0327148
0 0.0244141 0.447917 0.0289714 0.056713 0.0322876
0 0.105306 0.809606 0.0426432 0.068287 0.0303802
0 0.700521 0.383681 0.0351562 0.0486111 0.0273743
0 0.777995 0.825231 0.0299479 0.0648148 0.0268097
0 0.895182 0.454861 0.0325521 0.0462963 0.0237732
0 0.574219 0.598958 0.0364583 0.0613426 0.0190125
0 0.608073 0.526042 0.0286458 0.0555556 0.0170441
0 0.311198 0.758102 0.0364583 0.0555556 0.0165863
0 0.98112 0.634838 0.0377604 0.0891204 0.0164642
0 0.683594 0.319444 0.0221354 0.0451389 0.0157776
0 0.638021 0.616319 0.0364583 0.0578704 0.0142822
0 0.442057 0.449942 0.0351562 0.0636574 0.0137405
0 0.938802 0.75 0.0364583 0.0578704 0.0125275
0 0.345378 0.832176 0.0325521 0.0509259 0.0120544
0 0.517904 0.532407 0.0286458 0.0532407 0.011734
0 0.388997 0.616898 0.031901 0.0462963 0.0109863
0 0.397786 0.453125 0.0279948 0.0497685 0.0108185
0 0.776042 0.909722 0.0364583 0.0555556 0.00971222
0 0.181966 0.377315 0.0286458 0.0474537 0.00963593
0 0.771484 0.773727 0.03125 0.0613426 0.00874329
0 0.940104 0.448495 0.0325521 0.0462963 0.00871277
0 0.44401 0.405093 0.0299479 0.0520833 0.00806427
0 0.3125 0.822338 0.0338542 0.0636574 0.00803375
0 0.769531 0.385417 0.0234375 0.0364583 0.00787354
0 0.261149 0.746528 0.0323893 0.0532407 0.00775528
0 0.602865 0.472801 0.03125 0.0601852 0.00763702
0 0.90625 0.537037 0.0390625 0.0694444 0.00743103
0 0.809896 0.834491 0.0364583 0.0625 0.00740433
0 0.14209 0.484375 0.0341797 0.0671296 0.00723267
0 0.344076 0.68287 0.0345052 0.0555556 0.00709534
0 0.347331 0.394097 0.0266927 0.0416667 0.00695801
0 0.927734 0.54919 0.046875 0.0775463 0.585938
0 0.402995 0.697338 0.0423177 0.068287 0.527344
0 0.438151 0.833333 0.0403646 0.0671296 0.516602
0 0.5625 0.831597 0.0546875 0.0752315 0.233032
0 0.736979 0.818287 0.0390625 0.0578704 0.128906
0 0.539062 0.83912 0.0481771 0.0625 0.11084
0 0.575521 0.59375 0.0390625 0.0625 0.0897827
0 0.565104 0.76794 0.0559896 0.0949074 0.0809326
0 0.142578 0.512587 0.0325521 0.0558449 0.0609741
0 0.608073 0.395255 0.03125 0.0405093 0.0607605
0 0.0924072 0.583333 0.0365397 0.0625 0.0605164
0 0.822266 0.392361 0.0325521 0.0393519 0.0531921
0 0.0794271 0.533565 0.0403646 0.0601852 0.0520325
0 0.858073 0.47338 0.0364583 0.0601852 0.0479431
0 0.98112 0.667824 0.0377604 0.0694444 0.0477905
0 0.184245 0.373843 0.0299479 0.0497685 0.0417786
0 0.345052 0.820023 0.0351562 0.0636574 0.0415344
0 0.115885 0.409722 0.0361328 0.0555556 0.0389709
0 0.519206 0.52662 0.0338542 0.0613426 0.0348816
0 0.399089 0.451389 0.0279948 0.0486111 0.0343628
0 0.982096 0.452546 0.0358073 0.0659722 0.0323486
0 0.180827 0.68287 0.0322266 0.0532407 0.0309601
0 0.0296224 0.767361 0.0397135 0.0706019 0.0308533
0 0.0898844 0.5625 0.0467936 0.0671296 0.0288086
0 0.69987 0.389178 0.0351562 0.0376157 0.0287628
0 0.0209961 0.445023 0.0302734 0.0601852 0.023468
0 0.438151 0.449074 0.0351562 0.0625 0.0204926
0 0.894531 0.460648 0.03125 0.0381944 0.0202942
0 0.10612 0.806134 0.046224 0.0729167 0.0197144
0 0.595052 0.591435 0.0325521 0.0601852 0.0187225
0 0.778646 0.820602 0.0338542 0.0659722 0.0178528
0 0.526042 0.409433 0.0325521 0.0520833 0.0174408
0 0.91276 0.536458 0.0507813 0.0775463 0.0158997
0 0.347656 0.399016 0.0273438 0.0387731 0.0136337
0 0.638021 0.621528 0.0403646 0.0648148 0.0134277
0 0.392253 0.608796 0.031901 0.0462963 0.0133286
0 0.222819 0.679977 0.0296224 0.0532407 0.0123367
0 0.524414 0.449074 0.0332031 0.0462963 0.012291
0 0.768229 0.381944 0.0260417 0.0324074 0.0116882
0 0.602865 0.46412 0.0286458 0.0509259 0.0113754
0 0.142904 0.484954 0.0351562 0.0671296 0.0111618
0 0.311198 0.750579 0.0351562 0.0509259 0.0111618
0 0.858073 0.918981 0.0442708 0.0694444 0.0104523
0 0.478516 0.826968 0.0416667 0.0543981 0.00963593
0 0.346354 0.677083 0.0351562 0.0578704 0.00941467
0 0.606771 0.534722 0.0325521 0.0520833 0.00891876
0 0.193034 0.619213 0.0299479 0.0439815 0.0086441
0 0.717448 0.371528 0.0325521 0.0486111 0.00828552
0 0.848307 0.378762 0.0273438 0.0416667 0.0078125
0 0.0275065 0.807292 0.0358073 0.068287 0.00772476
0 0.926432 0.550926 0.0364583 0.0694444 0.445557
0 0.438151 0.835648 0.0299479 0.0486111 0.386719
0 0.401693 0.700231 0.0364583 0.0601852 0.377441
0 0.609375 0.393229 0.0286458 0.0416667 0.168823
0 0.735677 0.822917 0.03125 0.0439815 0.165039
0 0.145182 0.513889 0.0292969 0.0543981 0.11438
0 0.564453 0.841435 0.0416667 0.0625 0.104858
0 0.0773112 0.530093 0.0348307 0.0509259 0.083313
0 0.568359 0.760417 0.0377604 0.0590278 0.0755615
0 0.858073 0.470775 0.0325521 0.0532407 0.0618896
0 0.822917 0.390625 0.0286458 0.0376157 0.0603027
0 0.112956 0.409144 0.030599 0.0520833 0.0574951
0 0.532552 0.833333 0.0351562 0.0486111 0.0538025
0 0.0284017 0.768519 0.0366211 0.0671296 0.0512695
0 0.572266 0.595486 0.03125 0.0543981 0.0445251
0 0.525716 0.405382 0.0286458 0.046875 0.0437012
0 0.981771 0.671296 0.0338542 0.0601852 0.0430298
0 0.983073 0.453704 0.03125 0.0532407 0.0414734
0 0.398438 0.454282 0.0247396 0.041088 0.0399475
0 0.443359 0.453125 0.0299479 0.0486111 0.0284424
0 0.184896 0.377894 0.0247396 0.0428241 0.0265045
0 0.778646 0.831019 0.0260417 0.0416667 0.0226288
0 0.093099 0.584491 0.0322266 0.0578704 0.0178528
0 0.85026 0.912616 0.03125 0.0555556 0.0175171
0 0.145833 0.485532 0.0292969 0.0636574 0.0162811
0 0.651042 0.31713 0.0247396 0.0393519 0.0157776
0 0.09021 0.560185 0.0402832 0.0671296 0.0143356
0 0.895833 0.460069 0.0260417 0.037037 0.0138474
0 0.518229 0.53125 0.0286458 0.0555556 0.0133286
0 0.0211589 0.448206 0.0227865 0.0509259 0.0128708
0 0.848307 0.380787 0.0234375 0.0381944 0.0126266
0 0.367839 0.915509 0.0390625 0.0601852 0.0116882
0 0.194987 0.614583 0.0279948 0.0439815 0.0109863
0 0.344401 0.825231 0.0299479 0.0474537 0.0107346
0 0.770182 0.770833 0.0208333 0.0462963 0.0105667
0 0.264974 0.32581 0.0240885 0.0393519 0.0100098
0 0.11263 0.440972 0.0289714 0.0520833 0.00971222
0 0.109049 0.810185 0.0403646 0.0648148 0.00971222
0 0.522461 0.446759 0.0286458 0.0462963 0.00948334
0 0.699219 0.388021 0.0338542 0.0405093 0.00937653
0 0.913411 0.537616 0.0442708 0.0659722 0.00930023
0 0.984375 0.625 0.03125 0.0671296 0.0088501
0 0.345703 0.677083 0.0299479 0.0509259 0.0085144
0 0.44043 0.404514 0.0247396 0.0428241 0.00831604
0 0.604167 0.458333 0.0286458 0.0474537 0.00821686
0 0.395833 0.402778 0.0221354 0.0428241 0.00809479
0 0.682292 0.323495 0.0208333 0.0393519 0.00775528
0 0.936849 0.748843 0.0273438 0.0497685 0.00769424
0 0.388997 0.610532 0.0266927 0.0393519 0.00737381
0 0.185547 0.690972 0.0253906 0.0439815 0.00734711
0 0.923177 0.553241 0.0416667 0.0740741 0.527344
0 0.435547 0.834491 0.03125 0.0532407 0.501953
0 0.398438 0.701389 0.0364583 0.0636574 0.381104
0 0.734375 0.824074 0.03125 0.0486111 0.191895
0 0.562174 0.837963 0.0377604 0.0601852 0.133423
0 0.341797 0.821181 0.0338542 0.056713 0.120422
0 0.104126 0.809606 0.0437012 0.068287 0.0997925
0 0.979167 0.668981 0.0390625 0.068287 0.0994873
0 0.0249023 0.771991 0.0419922 0.0717593 0.0939941
0 0.604818 0.396991 0.0286458 0.0434028 0.093689
0 0.143229 0.515191 0.0292969 0.0529514 0.0881958
0 0.0777995 0.534722 0.0358073 0.0555556 0.0723877
0 0.980469 0.452836 0.0364583 0.0642361 0.0653687
0 0.528646 0.83912 0.0325521 0.0509259 0.0616455
0 0.819661 0.395833 0.0273438 0.0405093 0.0446777
0 0.561198 0.756944 0.0377604 0.0659722 0.0374756
0 0.569336 0.597222 0.031901 0.0555556 0.0358887
0 0.855469 0.473958 0.03125 0.056713 0.0305023
0 0.182617 0.378762 0.0253906 0.0439815 0.0259094
0 0.395833 0.453125 0.0234375 0.0405093 0.0250397
0 0.192708 0.615741 0.0260417 0.0462963 0.0244293
0 0.219076 0.619213 0.030599 0.0428241 0.0223694
0 0.221354 0.677662 0.0279948 0.0509259 0.0219879
0 0.111979 0.409722 0.0299479 0.0520833 0.0215759
0 0.981771 0.631944 0.0364583 0.0752315 0.0207672
0 0.0875651 0.560185 0.0403646 0.0601852 0.0192719
0 0.306641 0.753472 0.0299479 0.0486111 0.0186157
0 0.0998942 0.783565 0.0437012 0.0694444 0.0171814
0 0.521484 0.407697 0.0286458 0.0486111 0.0170441
0 0.967448 0.389468 0.0338542 0.0549769 0.0165253
0 0.848958 0.916667 0.0351562 0.0601852 0.0165253
0 0.769531 0.768519 0.0221354 0.0462963 0.0163422
0 0.777344 0.83044 0.0260417 0.0462963 0.0162811
0 0.0901693 0.585069 0.0345052 0.056713 0.0161591
0 0.318359 0.820602 0.0325521 0.0578704 0.0147324
0 0.140299 0.485532 0.0299479 0.0613426 0.0145569
0 0.589844 0.849537 0.0351562 0.0578704 0.0141754
0 0.934245 0.746528 0.0286458 0.0578704 0.0139542
0 0.634766 0.61169 0.0351562 0.0520833 0.0136337
0 0.439453 0.454282 0.0260417 0.0445602 0.0135345
0 0.0229492 0.808449 0.0361328 0.0648148 0.0123367
0 0.016276 0.448495 0.0252279 0.0503472 0.012146
0 0.473958 0.829861 0.0299479 0.0451389 0.0120544
0 0.513021 0.528935 0.0286458 0.0543981 0.0115967
0 0.180339 0.689815 0.0286458 0.0462963 0.0109863
0 0.608073 0.530093 0.0260417 0.0451389 0.00941467
0 0.600911 0.46412 0.0260417 0.0434028 0.00930023
0 0.809896 0.837963 0.0299479 0.0555556 0.00919342
0 0.934896 0.39728 0.0234375 0.0543981 0.00898743
0 0.972005 0.77662 0.0377604 0.0694444 0.00831604
0 0.4375 0.833333 0.0351562 0.0578704 0.434082
0 0.924479 0.556713 0.0416667 0.0717593 0.418701
0 0.399089 0.699653 0.0416667 0.0671296 0.401611
0 0.143229 0.512731 0.0358073 0.0601852 0.165649
0 0.735026 0.821759 0.0338542 0.0509259 0.151489
0 0.115072 0.41088 0.0380859 0.0590278 0.129395
0 0.556315 0.824653 0.046224 0.0752315 0.123779
0 0.60612 0.396123 0.0286458 0.0457176 0.0875854
0 0.980469 0.667824 0.0390625 0.0763889 0.0841675
0 0.564128 0.766204 0.0514323 0.0763889 0.0769653
0 0.822917 0.393229 0.03125 0.0462963 0.0632324
0 0.572266 0.592014 0.0364583 0.0625 0.0630493
0 0.0270996 0.76794 0.0424805 0.0902778 0.0611877
0 0.0817057 0.534867 0.0439453 0.0737847 0.0548096
0 0.855469 0.477431 0.0364583 0.0625 0.0538025
0 0.982096 0.45515 0.0358073 0.0677083 0.0438538
0 0.397786 0.453125 0.0260417 0.0451389 0.0403137
0 0.0869548 0.55787 0.0461426 0.0694444 0.0367126
0 0.779948 0.820602 0.03125 0.0532407 0.0354919
0 0.341146 0.818287 0.0351562 0.0578704 0.0344238
0 0.534505 0.832755 0.0416667 0.0613426 0.0339661
0 0.218587 0.621528 0.0371094 0.0509259 0.0293121
0 0.105632 0.806713 0.0507813 0.0787037 0.0292053
0 0.523438 0.40625 0.0299479 0.0497685 0.0276947
0 0.13737 0.488426 0.0371094 0.0740741 0.0275879
0 0.0205078 0.443287 0.0327148 0.0625 0.0252228
0 0.442708 0.452546 0.0299479 0.0497685 0.0251312
0 0.219401 0.67419 0.0345052 0.0590278 0.0242767
0 0.848958 0.914352 0.0390625 0.0625 0.0231018
0 0.177897 0.378472 0.0338542 0.0486111 0.0224609
0 0.98112 0.635417 0.0377604 0.0810185 0.0189819
0 0.609375 0.528935 0.03125 0.0509259 0.0161591
0 0.96875 0.3886 0.0364583 0.056713 0.0137939
0 0.634766 0.607639 0.0390625 0.0578704 0.0132217
0 0.602214 0.46412 0.03125 0.0486111 0.0125275
0 0.515625 0.53125 0.03125 0.0578704 0.0117798
0 0.198568 0.616898 0.0377604 0.0601852 0.01017
0 0.387695 0.611111 0.0332031 0.0462963 0.0100937
0 0.808594 0.836806 0.0338542 0.0578704 0.00989532
0 0.69987 0.384838 0.0338542 0.0416667 0.0088501
0 0.844401 0.376157 0.0299479 0.0457176 0.00828552
0 0.934245 0.394965 0.0286458 0.0555556 0.008255
0 0.320313 0.813657 0.0371094 0.0671296 0.00793457
0 0.117188 0.436053 0.0380859 0.0625 0.00698471
0 0.772786 0.77662 0.0273438 0.0578704 0.0069046
0 0.180339 0.680556 0.0403646 0.0625 0.00674438
0 0.0272624 0.802083 0.0382487 0.0787037 0.00674438
0 0.101929 0.788194 0.052002 0.0810185 0.0064621
0 0.367513 0.913773 0.0403646 0.0625 0.00624084
0 0.936198 0.74537 0.0338542 0.0613426 0.00619125
0 0.438151 0.833333 0.0390625 0.0601852 0.580566
0 0.401367 0.701389 0.0410156 0.0648148 0.564941
0 0.924479 0.55787 0.0442708 0.0763889 0.547852
0 0.557292 0.820602 0.0520833 0.0856481 0.237915
0 0.145182 0.515046 0.031901 0.0520833 0.19873
0 0.738281 0.826389 0.0377604 0.0578704 0.195557
0 0.563151 0.771991 0.0546875 0.0856481 0.149536
0 0.608073 0.400463 0.0286458 0.0434028 0.136108
0 0.105957 0.804398 0.0563151 0.0833333 0.129395
0 0.980794 0.670139 0.0384115 0.0787037 0.0900879
0 0.0286458 0.771991 0.0455729 0.0856481 0.0830078
0 0.343099 0.820602 0.0358073 0.0601852 0.0651245
0 0.116211 0.412616 0.0345052 0.056713 0.0646362
0 0.53776 0.829861 0.046224 0.0740741 0.0541992
0 0.824219 0.398148 0.03125 0.0439815 0.0492249
0 0.982422 0.461227 0.0351562 0.0625 0.0460205
0 0.441406 0.458333 0.0273438 0.0405093 0.0450134
0 0.858724 0.478009 0.0338542 0.0578704 0.0432129
0 0.180664 0.380787 0.0279948 0.0416667 0.0332031
0 0.221517 0.679398 0.030599 0.0509259 0.0316162
0 0.0906576 0.582176 0.0364583 0.0625 0.0309601
0 0.525391 0.408275 0.0273438 0.0480324 0.0269165
0 0.611328 0.532407 0.0299479 0.0439815 0.0261078
0 0.573568 0.594329 0.0351562 0.056713 0.0259552
0 0.0800781 0.543981 0.0400391 0.0625 0.0219421
0 0.104126 0.790509 0.056722 0.0902778 0.0201721
0 0.398112 0.457755 0.0234375 0.037037 0.0200653
0 0.0878906 0.563657 0.0432943 0.0694444 0.0179901
0 0.138346 0.489005 0.0332031 0.0671296 0.0167847
0 0.98112 0.639468 0.0377604 0.0902778 0.0159607
0 0.0276693 0.803241 0.0439453 0.0787037 0.0157776
0 0.219401 0.623843 0.0338542 0.0474537 0.0156708
0 0.779948 0.819444 0.0338542 0.0694444 0.0137939
0 0.845052 0.377315 0.0286458 0.0428241 0.0125275
0 0.636719 0.614583 0.0364583 0.056713 0.0124817
0 0.388672 0.612269 0.031901 0.0428241 0.0119629
0 0.0215658 0.448206 0.0291341 0.0538194 0.0115967
0 0.96875 0.389178 0.0338542 0.0561343 0.00978088
0 0.19694 0.618634 0.030599 0.0509259 0.00847626
0 0.700521 0.39265 0.0338542 0.0376157 0.00818634
0 0.916667 0.549769 0.0520833 0.0763889 0.00806427
0 0.516927 0.530093 0.0286458 0.0509259 0.0078125
0 0.9375 0.748843 0.0390625 0.0648148 0.00775528
0 0.598958 0.59375 0.0286458 0.0532407 0.00757599
0 0.176758 0.69213 0.0358073 0.0555556 0.00746155
0 0.346029 0.399595 0.0247396 0.0381944 0.00743103
0 0.602865 0.469329 0.0286458 0.0428241 0.00712204
0 0.34375 0.680556 0.0364583 0.0601852 0.00664139
0 0.852865 0.91956 0.0494792 0.0740741 0.00598145
0 0.320638 0.815394 0.0384115 0.0671296 0.00582123
0 0.401042 0.699074 0.0390625 0.0590278 0.602051
0 0.923177 0.555556 0.0442708 0.0729167 0.589844
0 0.436198 0.831019 0.0351562 0.0532407 0.5
0 0.736979 0.824074 0.0364583 0.0543981 0.204346
0 0.557292 0.825231 0.046875 0.0717593 0.184814
0 0.608073 0.399884 0.03125 0.0474537 0.180054
0 0.14502 0.515046 0.0341797 0.0532407 0.132568
0 0.979818 0.671296 0.0403646 0.0787037 0.101257
0 0.824219 0.398438 0.0325521 0.0503472 0.0946655
0 0.116211 0.408565 0.0358073 0.0520833 0.076416
0 0.561198 0.771991 0.0507813 0.0740741 0.0734253
0 0.525391 0.406539 0.03125 0.0480324 0.0572815
0 0.342448 0.81713 0.0351562 0.0555556 0.0539856
0 0.0285645 0.774306 0.0426432 0.0787037 0.0526123
0 0.860677 0.473958 0.0390625 0.0590278 0.0520325
0 0.441732 0.461227 0.0338542 0.0486111 0.0474243
0 0.180013 0.37963 0.030599 0.0416667 0.0460205
0 0.103882 0.80787 0.052002 0.0752315 0.0460205
0 0.533854 0.833912 0.0377604 0.0613426 0.0420837
0 0.981771 0.452836 0.0364583 0.0677083 0.0408325
0 0.966797 0.385706 0.0403646 0.0648148 0.0315552
0 0.570638 0.591435 0.0358073 0.056713 0.0289764
0 0.0882161 0.561343 0.0439453 0.0625 0.0270081
0 0.98112 0.640046 0.0377604 0.0949074 0.0219116
0 0.0797526 0.543981 0.0397135 0.0601852 0.0214844
0 0.0904541 0.582176 0.0371908 0.0625 0.0206909
0 0.401042 0.458333 0.0273438 0.0422454 0.0203705
0 0.139974 0.487847 0.0364583 0.0671296 0.0175171
0 0.218913 0.623264 0.0354818 0.0451389 0.0167847
0 0.917318 0.548032 0.0533854 0.0798611 0.0161591
0 0.610677 0.530093 0.03125 0.0486111 0.0158997
0 0.221354 0.679398 0.030599 0.0486111 0.0151901
0 0.940104 0.747685 0.0364583 0.0601852 0.0110703
0 0.773438 0.160301 0.03125 0.0434028 0.0106506
0 0.0274251 0.803241 0.0392253 0.0740741 0.00926971
0 0.936198 0.397859 0.03125 0.0619213 0.00898743
0 0.845052 0.380787 0.03125 0.0439815 0.00871277
0 0.388672 0.611111 0.0325521 0.0439815 0.00831604
0 0.180176 0.689815 0.0325521 0.0509259 0.00828552
0 0.2618 0.327546 0.0297852 0.0428241 0.00775528
0 0.36849 0.920139 0.0403646 0.0601852 0.00763702
0 0.778646 0.823495 0.0325521 0.0671296 0.00757599
0 0.198079 0.619213 0.0332031 0.0509259 0.00746155
0 0.636719 0.614005 0.0364583 0.0497685 0.00737381
0 0.0214844 0.450521 0.0286458 0.0503472 0.00712204
0 0.602865 0.597222 0.0273438 0.0509259 0.00712204
0 0.34668 0.398148 0.0273438 0.0393519 0.0069046
0 0.441732 0.407118 0.0273438 0.0474537 0.00677109
0 0.39974 0.40625 0.0260417 0.0480324 0.00674438
0 0.929688 0.569444 0.0494792 0.0902778 0.00669098
0 0.924479 0.556713 0.0442708 0.0787037 0.513672
0 0.402018 0.700231 0.0377604 0.0648148 0.506836
0 0.4375 0.834491 0.0325521 0.0578704 0.485352
0 0.736979 0.826968 0.0364583 0.0578704 0.203735
0 0.559896 0.824074 0.046875 0.0798611 0.138428
0 0.146159 0.51331 0.0322266 0.0555556 0.129883
0 0.980469 0.66956 0.0390625 0.0844907 0.104492
0 0.608724 0.399595 0.0286458 0.0486111 0.102661
0 0.565755 0.770833 0.0481771 0.0810185 0.0903931
0 0.104818 0.809028 0.0494792 0.0787037 0.0736694
0 0.53418 0.832176 0.0371094 0.0636574 0.0646362
0 0.822917 0.398148 0.0286458 0.0480324 0.0589905
0 0.0274251 0.771991 0.0406901 0.0856481 0.0526123
0 0.343099 0.819444 0.0338542 0.0578704 0.0503235
0 0.11556 0.410301 0.0332031 0.0543981 0.0419312
0 0.181966 0.37934 0.0276693 0.0445602 0.0384521
0 0.570964 0.593171 0.0338542 0.0578704 0.0381775
0 0.982747 0.451968 0.0345052 0.0729167 0.0334778
0 0.860677 0.476852 0.0364583 0.0613426 0.0316772
0 0.443359 0.457755 0.0299479 0.0480324 0.0261078
0 0.223307 0.679398 0.0292969 0.0532407 0.0257111
0 0.0788574 0.543403 0.0382487 0.0601852 0.0232391
0 0.525391 0.407407 0.0286458 0.0497685 0.0222473
0 0.981771 0.641204 0.0364583 0.099537 0.0207214
0 0.967448 0.387153 0.0390625 0.0694444 0.0206909
0 0.0907796 0.579861 0.0371908 0.0648148 0.0192413
0 0.611979 0.530093 0.0299479 0.0509259 0.0182648
0 0.220052 0.622685 0.0345052 0.0486111 0.0165253
0 0.0892334 0.563657 0.0441895 0.068287 0.0163422
0 0.141927 0.489873 0.0338542 0.0711806 0.0142822
0 0.399089 0.456019 0.0234375 0.0422454 0.0139542
0 0.478516 0.827546 0.0351562 0.056713 0.0119629
0 0.103841 0.788194 0.0511068 0.0844907 0.0117798
0 0.0266927 0.803819 0.0380859 0.0752315 0.0115509
0 0.777344 0.820602 0.03125 0.0694444 0.0109024
0 0.917969 0.547454 0.0520833 0.0810185 0.00967407
0 0.181641 0.689815 0.03125 0.0555556 0.00967407
0 0.638021 0.616898 0.0364583 0.0578704 0.00878143
0 0.0208333 0.4511 0.0270182 0.0520833 0.00871277
0 0.938802 0.401042 0.0286458 0.0642361 0.00857544
0 0.346354 0.398148 0.0260417 0.0405093 0.00837708
0 0.197428 0.618056 0.03125 0.0509259 0.00831604
0 0.516276 0.530093 0.0292969 0.0555556 0.00818634
0 0.848307 0.376736 0.0273438 0.0462963 0.00772476
0 0.701823 0.393229 0.0351562 0.0439815 0.00766754
0 0.390299 0.61169 0.030599 0.0474537 0.00746155
0 0.603516 0.594907 0.0247396 0.0555556 0.0069046
0 0.36849 0.918403 0.0377604 0.0625 0.00658798
0 0.60612 0.468171 0.03125 0.0509259 0.00634003
0 0.93099 0.567708 0.0494792 0.0925926 0.00600433
0 0.401693 0.700231 0.0390625 0.0648148 0.57959
0 0.436849 0.832755 0.0351562 0.0590278 0.563965
0 0.924479 0.557292 0.0442708 0.0763889 0.507812
0 0.736979 0.825231 0.0377604 0.0578704 0.212036
0 0.560872 0.825231 0.0501302 0.0787037 0.174927
0 0.146322 0.512587 0.0335286 0.0558449 0.146118
0 0.608073 0.400174 0.0299479 0.0486111 0.119202
0 0.567057 0.767361 0.0481771 0.0763889 0.106689
0 0.98112 0.668981 0.0377604 0.0798611 0.0897827
0 0.104858 0.810185 0.0513509 0.0763889 0.0772095
0 0.570964 0.592014 0.0351562 0.0578704 0.0726318
0 0.821615 0.396123 0.0286458 0.0457176 0.0713501
0 0.535807 0.828704 0.0403646 0.0648148 0.0632324
0 0.114909 0.409722 0.0332031 0.0532407 0.0630493
0 0.860677 0.477431 0.0364583 0.0601852 0.0544128
0 0.0275065 0.773148 0.0423177 0.0833333 0.0476074
0 0.983073 0.45081 0.0338542 0.0688657 0.0446777
0 0.343099 0.819444 0.0351562 0.0601852 0.0420837
0 0.18278 0.379919 0.0286458 0.0434028 0.041626
0 0.442708 0.457755 0.03125 0.0474537 0.0300446
0 0.223307 0.679398 0.0309245 0.0532407 0.0299835
0 0.0791829 0.541088 0.0388997 0.0590278 0.0287628
0 0.525716 0.406829 0.0286458 0.0486111 0.0256653
0 0.611979 0.528935 0.03125 0.0509259 0.0238647
0 0.96875 0.390336 0.0377604 0.0659722 0.0206909
0 0.220378 0.622685 0.0351562 0.0486111 0.0202942
0 0.142253 0.490162 0.0358073 0.0694444 0.0179901
0 0.778646 0.819444 0.03125 0.0694444 0.0174408
0 0.98112 0.638889 0.0377604 0.0925926 0.0173035
0 0.399089 0.456597 0.0247396 0.0416667 0.0153046
0 0.08903 0.5625 0.0449219 0.0694444 0.0153046
0 0.0908203 0.579861 0.0374349 0.0648148 0.014389
0 0.182943 0.686343 0.0325521 0.0555556 0.0113754
0 0.027832 0.804398 0.0397135 0.0717593 0.0102921
0 0.479167 0.826389 0.0364583 0.0578704 0.01017
0 0.197591 0.618634 0.0325521 0.0509259 0.0100555
0 0.916016 0.546875 0.0494792 0.0763889 0.00971222
0 0.390299 0.611111 0.03125 0.0439815 0.00881195
0 0.1038 0.787616 0.0528158 0.0821759 0.00874329
0 0.602865 0.594907 0.0260417 0.0543981 0.00837708
0 0.847656 0.376736 0.0273438 0.0451389 0.00828552
0 0.938802 0.399306 0.0286458 0.0590278 0.008255
0 0.0209961 0.450231 0.0279948 0.0509259 0.00806427
0 0.516927 0.532407 0.0286458 0.0532407 0.00806427
0 0.639323 0.614583 0.0364583 0.0555556 0.00793457
0 0.36849 0.917824 0.0390625 0.0636574 0.0078125
0 0.347656 0.677083 0.0338542 0.0578704 0.00717545
0 0.890625 0.461806 0.03125 0.0434028 0.00714874
0 0.854167 0.917245 0.046875 0.0706019 0.00701141
0 0.604818 0.468171 0.0325521 0.0497685 0.00679779
0 0.401367 0.700231 0.0390625 0.0648148 0.578613
0 0.436849 0.832755 0.0351562 0.0590278 0.563965
0 0.924479 0.557292 0.0442708 0.0763889 0.506836
0 0.736979 0.825231 0.0377604 0.0578704 0.212769
0 0.561198 0.825231 0.0494792 0.0787037 0.173828
0 0.146322 0.512587 0.0335286 0.0558449 0.146606
0 0.608073 0.400463 0.0299479 0.0486111 0.119202
0 0.567057 0.767361 0.0481771 0.0763889 0.107056
0 0.98112 0.668981 0.0377604 0.0798611 0.0891113
0 0.104858 0.810185 0.0513509 0.0763889 0.0778198
0 0.570964 0.592593 0.0351562 0.0578704 0.0731812
0 0.821615 0.396123 0.0286458 0.0457176 0.0713501
0 0.535807 0.828704 0.0403646 0.0648148 0.0632324
0 0.114909 0.409722 0.0332031 0.0532407 0.0628052
0 0.860677 0.477431 0.0364583 0.0601852 0.0544128
0 0.0275065 0.773148 0.0423177 0.0833333 0.0476074
0 0.983073 0.45081 0.0338542 0.0688657 0.0448608
0 0.343099 0.819444 0.0351562 0.0601852 0.042572
0 0.18278 0.379919 0.0286458 0.0434028 0.0417786
0 0.223307 0.679398 0.0309245 0.0532407 0.0302124
0 0.442708 0.457755 0.03125 0.0474537 0.0299835
0 0.0791829 0.540509 0.0388997 0.0601852 0.0289764
0 0.525716 0.406829 0.0286458 0.0486111 0.0257568
0 0.611979 0.528935 0.03125 0.0509259 0.0239563
0 0.96875 0.390336 0.0377604 0.0659722 0.0206909
0 0.220378 0.622685 0.0351562 0.0486111 0.0204163
0 0.142253 0.490162 0.0358073 0.0694444 0.0178528
0 0.778646 0.820023 0.03125 0.0694444 0.0175781
0 0.98112 0.638889 0.0377604 0.0925926 0.0171814
0 0.399089 0.456887 0.0247396 0.0416667 0.0153046
0 0.0892334 0.5625 0.0448405 0.0694444 0.0152512
0 0.090861 0.579861 0.037679 0.0648148 0.0143356
0 0.182943 0.686343 0.0325521 0.0555556 0.0113297
0 0.0277507 0.804398 0.0398763 0.0717593 0.0103302
0 0.479492 0.826389 0.0358073 0.0578704 0.01017
0 0.197591 0.618634 0.0325521 0.0509259 0.0100937
0 0.916016 0.547454 0.0494792 0.0763889 0.00978088
0 0.1038 0.787616 0.0528158 0.0821759 0.00881195
0 0.390299 0.611111 0.03125 0.0439815 0.00878143
0 0.602214 0.594907 0.0247396 0.0543981 0.00831604
0 0.847656 0.376736 0.0273438 0.0451389 0.008255
0 0.938802 0.399306 0.0286458 0.0590278 0.008255
0 0.516602 0.532407 0.0292969 0.0532407 0.00818634
0 0.0209961 0.450231 0.0279948 0.0509259 0.00800323
0 0.639323 0.614583 0.0364583 0.0555556 0.00787354
0 0.368164 0.917824 0.0397135 0.0636574 0.00787354
0 0.890625 0.461806 0.03125 0.0434028 0.00714874
0 0.347656 0.677083 0.0338542 0.0578704 0.00712204
0 0.854167 0.917245 0.046875 0.0706019 0.00706482
0 0.604818 0.468171 0.0325521 0.0497685 0.00682449
