0 0.933594 0.547454 0.0651042 0.0949074 0.093689
0 0.063151 0.611111 0.0667318 0.0787037 0.0481262
0 0.400716 0.775463 0.0572917 0.0856481 0.0305023
0 0.942708 0.505208 0.0859375 0.148148 0.0150146
0 0.0611979 0.577546 0.0849609 0.106481 0.0133286
0 0.5 0.5 1 1 0.0116882
0 0.0371908 0.390914 0.0675456 0.119792 0.0106506
0 0.5 0.5 1 1 0.0100555
0 0.5 0.5 1 1 0.00930023
0 0.682943 0.5 0.634115 1 0.00787354
0 0.401042 0.832755 0.0533854 0.0844907 0.00712204
0 0.425456 0.854745 0.0651042 0.0740741 0.00712204
0 0.5 0.5 1 1 0.0069313
0 0.660156 0.554398 0.679688 0.891204 0.0068779
0 0.514323 0.5 0.971354 1 0.00661469
0 0.681478 0.5 0.637044 1 0.00651169
0 0.491862 0.5 0.983724 1 0.00641251
0 0.60612 0.5 0.78776 1 0.005867
0 0.714681 0.5 0.570638 1 0.00488663
0 0.602865 0.78125 0.0455729 0.0740741 0.00482941
0 0.5 0.5 1 1 0.00475693
0 0.794271 0.912037 0.0559896 0.0856481 0.00473785
0 0.769531 0.5 0.460938 1 0.00446701
0 0.0717774 0.539207 0.0826823 0.342882 0.0029583
0 0.950521 0.383391 0.0989583 0.36169 0.00243378
0 0.621094 0.251157 0.757813 0.502315 0.002388
0 0.423828 0.854167 0.101563 0.291667 0.00230598
0 0.440755 0.914352 0.0533854 0.0601852 0.00226974
0 0.0317383 0.459201 0.0533854 0.145255 0.00223351
0 0.932943 0.529514 0.0911458 0.131944 0.00223351
0 0.0407715 0.357928 0.0743815 0.168981 0.00219154
0 0.77474 0.761574 0.0442708 0.0543981 0.00197983
0 0.0603841 0.582755 0.10612 0.555556 0.00185299
0 0.0613607 0.675926 0.0807292 0.196759 0.00169373
0 0.0780436 0.643519 0.111491 0.296296 0.0016613
0 0.0588379 0.597222 0.090332 0.150463 0.00162888
0 0.896484 0.144965 0.207031 0.289931 0.00158501
0 0.946615 0.430845 0.0989583 0.358218 0.00157928
0 0.917643 0.170718 0.164714 0.28125 0.00153637
0 0.948568 0.160735 0.102865 0.285012 0.00144386
0 0.602702 0.831019 0.0419922 0.0671296 0.00141621
0 0.63916 0.291377 0.72168 0.582755 0.00141621
0 0.547526 0.923611 0.246094 0.087963 0.00141048
0 0.921224 0.160301 0.157552 0.142361 0.00139904
0 0.93099 0.29456 0.130208 0.58912 0.00139904
0 0.179688 0.324074 0.359375 0.648148 0.00137806
0 0.892578 0.28588 0.214844 0.571759 0.00133514
0 0.0826009 0.572917 0.149902 0.200231 0.00121117
0 0.914063 0.465856 0.171875 0.265046 0.00120163
0 0.944661 0.119068 0.110677 0.238137 0.00112438
0 0.933594 0.542824 0.0651042 0.0810185 0.494141
0 0.0703939 0.585648 0.0629883 0.099537 0.480469
0 0.0680339 0.572917 0.0761719 0.104167 0.442627
0 0.800781 0.90162 0.0651042 0.101852 0.432129
0 0.403646 0.778356 0.0507813 0.0868056 0.337158
0 0.301432 0.414352 0.0572917 0.0868056 0.303223
0 0.409505 0.834491 0.0546875 0.0856481 0.222656
0 0.38151 0.446181 0.046875 0.0740741 0.219971
0 0.463216 0.623843 0.0553385 0.0787037 0.178345
0 0.941406 0.512731 0.0755208 0.137731 0.171021
0 0.425781 0.854167 0.0716146 0.0833333 0.151001
0 0.68099 0.402488 0.0559896 0.0844907 0.14856
0 0.764323 0.402199 0.0559896 0.0769676 0.123779
0 0.595052 0.774306 0.0494792 0.0810185 0.123352
0 0.720052 0.586806 0.0494792 0.0833333 0.12085
0 0.260417 0.696759 0.0540365 0.0740741 0.112
0 0.0413411 0.35706 0.0764974 0.160301 0.0984497
0 0.238607 0.706019 0.0514323 0.0833333 0.0881958
0 0.0515951 0.379051 0.0882161 0.128472 0.0783691
0 0.0670573 0.572338 0.09375 0.126157 0.0758667
0 0.215983 0.155382 0.0641276 0.0989583 0.0692749
0 0.265544 0.740741 0.0483398 0.0671296 0.0668335
0 0.957031 0.485532 0.0677083 0.141204 0.0520325
0 0.522786 0.927083 0.0709635 0.0902778 0.0476074
0 0.461589 0.577546 0.0664062 0.112269 0.0458679
0 0.634115 0.228588 0.0494792 0.0758102 0.0420227
0 0.0564779 0.478009 0.0970052 0.275463 0.0418396
0 0.0970459 0.943287 0.0572103 0.108796 0.0401001
0 0.676432 0.435764 0.0546875 0.0902778 0.0392761
0 0.682943 0.347801 0.0598958 0.09375 0.037323
0 0.0986328 0.138563 0.077474 0.168475 0.0334778
0 0.374349 0.461806 0.0507813 0.12037 0.03302
0 0.417318 0.803241 0.0865885 0.181713 0.0324707
0 0.350911 0.530093 0.0494792 0.0810185 0.0321045
0 0.19043 0.710648 0.0553385 0.0787037 0.0308533
0 0.127604 0.146991 0.0761719 0.135417 0.0268097
0 0.440755 0.542245 0.046875 0.056713 0.0264587
0 0.342448 0.144821 0.0677083 0.0911458 0.0262604
0 0.380208 0.441262 0.0546875 0.122106 0.0253296
0 0.93099 0.546875 0.0755208 0.107639 0.0249939
0 0.539714 0.920139 0.0729167 0.0844907 0.0245209
0 0.513021 0.61169 0.0442708 0.0729167 0.0241394
0 0.804688 0.608218 0.0546875 0.0949074 0.0229797
0 0.0328776 0.438657 0.0537109 0.0960648 0.0224152
0 0.455729 0.670139 0.0553385 0.115741 0.0213318
0 0.594401 0.802083 0.0403646 0.0925926 0.0211639
0 0.617188 0.961227 0.0494792 0.0729167 0.0201721
0 0.566732 0.418981 0.0670573 0.130787 0.0197144
0 0.148112 0.475694 0.0436198 0.0868056 0.018692
0 0.653646 0.182002 0.0898438 0.16956 0.0183716
0 0.934245 0.543981 0.046875 0.0717593 0.466797
0 0.796875 0.90625 0.0507813 0.087963 0.303223
0 0.0732422 0.601852 0.0546875 0.0787037 0.262207
0 0.4375 0.853009 0.0442708 0.0648148 0.228882
0 0.408203 0.843171 0.0442708 0.0636574 0.140869
0 0.403971 0.75 0.0416667 0.0509259 0.137573
0 0.933594 0.11462 0.127604 0.198423 0.107056
0 0.98405 0.761574 0.031901 0.0509259 0.0987549
0 0.25944 0.768519 0.0345052 0.056713 0.0847778
0 0.465495 0.626736 0.0377604 0.0636574 0.083313
0 0.592611 0.627315 0.0361328 0.0601852 0.0806274
0 0.652344 0.538194 0.0286458 0.0416667 0.0710449
0 0.150228 0.480324 0.0338542 0.0555556 0.0611877
0 0.229167 0.694444 0.0201823 0.0520833 0.0456848
0 0.0666504 0.575231 0.0639648 0.0914352 0.0430298
0 0.305013 0.417245 0.0377604 0.0653935 0.0417786
0 0.851563 0.134549 0.0572917 0.121817 0.0392761
0 0.938802 0.490451 0.0625 0.100116 0.0389709
0 0.386068 0.458912 0.0286458 0.0428241 0.0384521
0 0.0794271 0.609954 0.0527344 0.0694444 0.0350037
0 0.778646 0.148003 0.0625 0.0972222 0.0321655
0 0.570638 0.62963 0.0266927 0.056713 0.0307922
0 0.35319 0.615741 0.0208333 0.0324074 0.026062
0 0.916667 0.104999 0.166667 0.182943 0.0256195
0 0.681641 0.861111 0.0390625 0.0694444 0.0250397
0 0.901693 0.678819 0.0221354 0.0428241 0.0220795
0 0.679688 0.552083 0.0260417 0.0520833 0.0217438
0 0.447591 0.340278 0.0397135 0.0601852 0.0208893
0 0.647786 0.319734 0.106771 0.100694 0.0207977
0 0.970052 0.448206 0.0390625 0.0758102 0.0207672
0 0.268229 0.625 0.0234375 0.0416667 0.0204468
0 0.934896 0.172164 0.125 0.260995 0.0202942
0 0.766927 0.406829 0.03125 0.0572917 0.0174408
0 0.302734 0.451389 0.0286458 0.0439815 0.0174408
0 0.761556 0.161748 0.476888 0.323495 0.0165253
0 0.574219 0.0625 0.101563 0.112847 0.0150757
0 0.675781 0.879051 0.0403646 0.0717593 0.0150757
0 0.670573 0.179832 0.145833 0.194734 0.0142822
0 0.855469 0.532407 0.0208333 0.0300926 0.0142288
0 0.928385 0.854745 0.0351562 0.0636574 0.0135345
0 0.91276 0.898148 0.0442708 0.0740741 0.0130234
0 0.262451 0.684606 0.0284831 0.0347222 0.012825
0 0.0607096 0.393808 0.0359701 0.0549769 0.0126266
0 0.677734 0.412326 0.0390625 0.0671296 0.0125732
0 0.802083 0.701389 0.0351562 0.0532407 0.0119629
0 0.798177 0.880787 0.0546875 0.103009 0.0113297
0 0.675781 0.163194 0.125 0.152778 0.0110321
0 0.714193 0.131944 0.186198 0.172454 0.0109863
0 0.803385 0.605324 0.0299479 0.0416667 0.0109863
0 0.648438 0.688657 0.0260417 0.0405093 0.0109863
0 0.931641 0.553241 0.0533854 0.0891204 0.72168
0 0.794271 0.902199 0.0507813 0.0925926 0.518555
0 0.0691732 0.600694 0.0380859 0.0648148 0.299072
0 0.402344 0.841435 0.0377604 0.0694444 0.268066
0 0.145833 0.479745 0.0390625 0.0578704 0.225464
0 0.465169 0.623843 0.0345052 0.0694444 0.146118
0 0.401042 0.75463 0.0364583 0.0625 0.123779
0 0.653646 0.533565 0.0364583 0.0532407 0.11438
0 0.258382 0.765046 0.0314128 0.0601852 0.112
0 0.436198 0.854745 0.0397135 0.0729167 0.0963745
0 0.298828 0.44213 0.0338542 0.0648148 0.0894775
0 0.382813 0.457465 0.03125 0.0480324 0.0646362
0 0.674479 0.394097 0.0338542 0.0636574 0.0614319
0 0.981771 0.770833 0.0364583 0.0555556 0.0495911
0 0.303385 0.416377 0.0371094 0.0717593 0.0474243
0 0.674479 0.450231 0.0338542 0.0625 0.0462036
0 0.0636393 0.393808 0.0436198 0.0769676 0.0455322
0 0.59375 0.618056 0.0338542 0.0648148 0.042572
0 0.798177 0.880787 0.0638021 0.115741 0.0358887
0 0.235677 0.69213 0.0292969 0.0509259 0.0312042
0 0.714844 0.599537 0.0364583 0.0555556 0.0309143
0 0.673177 0.883681 0.0416667 0.0798611 0.0302124
0 0.0382487 0.400752 0.0709635 0.109375 0.0235138
0 0.929688 0.539931 0.0755208 0.0972222 0.0232849
0 0.677083 0.860532 0.0416667 0.0752315 0.0224152
0 0.260742 0.69213 0.0279948 0.0486111 0.0210114
0 0.0999349 0.905093 0.0361328 0.056713 0.0182343
0 0.940104 0.516059 0.0794271 0.148438 0.0179901
0 0.0677083 0.570602 0.0436198 0.0844907 0.016922
0 0.928385 0.567708 0.0507813 0.100694 0.0150757
0 0.0179036 0.84375 0.0328776 0.0555556 0.0146179
0 0.14388 0.760417 0.0292969 0.0358796 0.0141144
0 0.675781 0.540509 0.0338542 0.0659722 0.0126266
0 0.467448 0.538773 0.03125 0.0509259 0.0116882
0 0.0208333 0.465567 0.0361328 0.0590278 0.0115509
0 0.525391 0.918403 0.047526 0.0625 0.0108185
0 0.662109 0.466146 0.0442708 0.0561343 0.0106506
0 0.0213216 0.542245 0.030599 0.0486111 0.00993347
0 0.911458 0.898148 0.0442708 0.0671296 0.00831604
0 0.594889 0.774306 0.0341797 0.0613426 0.00754929
0 0.96875 0.471644 0.0416667 0.0949074 0.00751877
0 0.569661 0.615741 0.0325521 0.0555556 0.00748825
0 0.551107 0.917824 0.0377604 0.0613426 0.00746155
0 0.0449219 0.355903 0.0898438 0.147569 0.00669098
0 0.848307 0.777778 0.0351562 0.0625 0.00664139
0 0.803385 0.6875 0.0351562 0.0555556 0.0064621
0 0.0880534 0.61169 0.0351562 0.0555556 0.00638962
0 0.264974 0.616898 0.0260417 0.0416667 0.00614548
0 0.451823 0.468171 0.0377604 0.0491898 0.00572968
0 0.567057 0.402199 0.0377604 0.0532407 0.00534439
0 0.935547 0.541088 0.0429688 0.0671296 0.775391
0 0.795573 0.90162 0.046875 0.0787037 0.348633
0 0.0686035 0.594907 0.0431315 0.0717593 0.214722
0 0.402344 0.840278 0.0338542 0.0555556 0.209473
0 0.386719 0.452257 0.0253906 0.046875 0.176636
0 0.467773 0.614583 0.0358073 0.0659722 0.168823
0 0.445964 0.851273 0.0364583 0.0671296 0.112
0 0.71875 0.599537 0.0299479 0.0509259 0.0950317
0 0.442057 0.333044 0.0364583 0.0630787 0.081543
0 0.144694 0.473958 0.0338542 0.0555556 0.0678101
0 0.981771 0.775463 0.0364583 0.0671296 0.0675659
0 0.0668945 0.574074 0.0511068 0.09375 0.0607605
0 0.977865 0.456597 0.0338542 0.0729167 0.0587769
0 0.940755 0.493345 0.0520833 0.114005 0.0528259
0 0.262695 0.756366 0.0286458 0.056713 0.0510864
0 0.401693 0.746528 0.0364583 0.0671296 0.049408
0 0.594889 0.619792 0.0315755 0.0636574 0.0381775
0 0.151693 0.755787 0.0345052 0.0520833 0.035553
0 0.441406 0.374421 0.0247396 0.0474537 0.0335999
0 0.359375 0.616319 0.0247396 0.0520833 0.0311432
0 0.059082 0.394097 0.0423177 0.0740741 0.0275879
0 0.522135 0.923611 0.0455729 0.0671296 0.0236053
0 0.303711 0.445602 0.0273438 0.0532407 0.0228882
0 0.0763346 0.689815 0.0498047 0.0717593 0.0209198
0 0.595052 0.81713 0.0299479 0.0578704 0.0202942
0 0.39388 0.603009 0.0247396 0.0451389 0.0200653
0 0.239095 0.693287 0.0302734 0.056713 0.0197601
0 0.691406 0.546875 0.0208333 0.0590278 0.0193481
0 0.651693 0.534722 0.0273438 0.0439815 0.0187683
0 0.303385 0.409722 0.0325521 0.0590278 0.0177155
0 0.56543 0.396412 0.0332031 0.0584491 0.0166626
0 0.0823568 0.618634 0.0498047 0.101852 0.0165253
0 0.471029 0.54456 0.0292969 0.0625 0.0163422
0 0.858073 0.52662 0.0260417 0.0486111 0.0158997
0 0.794922 0.877894 0.0533854 0.107639 0.0156708
0 0.592611 0.778356 0.0361328 0.0659722 0.0155411
0 0.858073 0.472222 0.0299479 0.0497685 0.0154266
0 0.686198 0.449653 0.0182292 0.0491898 0.0153046
0 0.67513 0.887731 0.0403646 0.0717593 0.0152512
0 0.104167 0.909722 0.0429688 0.0671296 0.0146179
0 0.10319 0.548611 0.0195313 0.0578704 0.0145035
0 0.679688 0.320023 0.03125 0.0486111 0.0135345
0 0.802083 0.605324 0.0286458 0.0462963 0.0131683
0 0.520508 0.958333 0.0403646 0.0625 0.0131226
0 0.447917 0.47338 0.0299479 0.056713 0.0129242
0 0.764323 0.390046 0.0260417 0.0497685 0.012146
0 0.55599 0.917824 0.0299479 0.0555556 0.0120087
0 0.889323 0.38831 0.0247396 0.0474537 0.0116425
0 0.402669 0.540509 0.0273438 0.0555556 0.0115051
0 0.679688 0.855903 0.0364583 0.0717593 0.0105667
0 0.939453 0.543981 0.0390625 0.0671296 0.628906
0 0.0681966 0.599537 0.039388 0.0590278 0.223999
0 0.384115 0.452546 0.03125 0.0474537 0.205566
0 0.794271 0.899306 0.0442708 0.0671296 0.194336
0 0.406901 0.842593 0.0371094 0.0625 0.083313
0 0.403646 0.751157 0.0384115 0.0659722 0.0583496
0 0.719401 0.607639 0.0325521 0.0497685 0.0474243
0 0.14974 0.47772 0.0351562 0.0561343 0.0446777
0 0.303711 0.408565 0.0332031 0.0625 0.0317993
0 0.436198 0.858796 0.0423177 0.0752315 0.0189362
0 0.344401 0.534722 0.0325521 0.0451389 0.0167847
0 0.468099 0.623843 0.0351562 0.0648148 0.0158997
0 0.674479 0.550347 0.0364583 0.0613426 0.0154266
0 0.886719 0.383681 0.03125 0.0462963 0.0149536
0 0.304036 0.445023 0.03125 0.0555556 0.0141754
0 0.942708 0.467882 0.0442708 0.0711806 0.0141754
0 0.0622559 0.571759 0.0483398 0.087963 0.0138474
0 0.66276 0.532407 0.0390625 0.0555556 0.0130234
0 0.527995 0.925347 0.0494792 0.0648148 0.0121918
0 0.241211 0.690394 0.0325521 0.0497685 0.011734
0 0.105469 0.91088 0.0338542 0.056713 0.0105286
0 0.647135 0.326389 0.0273438 0.0486111 0.0102921
0 0.682292 0.319444 0.0286458 0.0381944 0.00993347
0 0.548177 0.920718 0.0442708 0.0613426 0.0086441
0 0.265299 0.761574 0.0292969 0.0462963 0.00725937
0 0.256185 0.686343 0.0377604 0.0439815 0.00658798
0 0.564779 0.393229 0.03125 0.046875 0.00643921
0 0.444661 0.329282 0.03125 0.0486111 0.00614548
0 0.767578 0.391493 0.0273438 0.0434028 0.00572968
0 0.181966 0.458912 0.03125 0.046875 0.00557709
0 0.451172 0.462384 0.0338542 0.0428241 0.00553513
0 0.386393 0.403067 0.0338542 0.0561343 0.00498199
0 0.320964 0.533565 0.0286458 0.0509259 0.00479126
0 0.0297852 0.591435 0.0439453 0.087963 0.00445175
0 0.0705566 0.385127 0.0320638 0.0601852 0.00432968
0 0.439453 0.382812 0.0286458 0.0364583 0.00421524
0 0.228516 0.75463 0.0338542 0.0439815 0.00416565
0 0.68099 0.445312 0.0286458 0.0520833 0.00403976
0 0.36263 0.610532 0.031901 0.0486111 0.00397491
0 0.985677 0.773148 0.0286458 0.0601852 0.00378036
0 0.0214844 0.397859 0.038737 0.0792824 0.00365067
0 0.980469 0.453704 0.0338542 0.0648148 0.00349617
0 0.0279948 0.456597 0.0367839 0.068287 0.00348282
0 0.91276 0.906829 0.0416667 0.056713 0.00336266
0 0.364583 0.449363 0.030599 0.0486111 0.00325966
0 0.360677 0.390046 0.0286458 0.0381944 0.00304031
0 0.920573 0.523293 0.0755208 0.117766 0.00294685
0 0.408203 0.538194 0.0338542 0.0486111 0.00287819
0 0.903646 0.170139 0.0416667 0.0572917 0.00279999
0 0.0901693 0.603009 0.0380859 0.0648148 0.0027256
0 0.940104 0.539352 0.0390625 0.0578704 0.801758
0 0.797526 0.89294 0.0533854 0.0694444 0.49707
0 0.388672 0.449363 0.0260417 0.052662 0.377441
0 0.0721029 0.594907 0.0364583 0.0578704 0.312256
0 0.470052 0.619792 0.031901 0.0555556 0.304932
0 0.40625 0.833333 0.031901 0.056713 0.23938
0 0.405599 0.741898 0.0364583 0.0625 0.191895
0 0.683594 0.547454 0.0260417 0.0486111 0.161377
0 0.723958 0.60706 0.0260417 0.056713 0.137573
0 0.307943 0.408565 0.0286458 0.0509259 0.11676
0 0.306966 0.440394 0.0299479 0.0555556 0.0987549
0 0.266276 0.747685 0.0247396 0.0509259 0.078064
0 0.893229 0.388889 0.0234375 0.0434028 0.069519
0 0.265299 0.689815 0.0253906 0.0474537 0.0685425
0 0.244141 0.688079 0.0338542 0.0439815 0.0621033
0 0.445638 0.325231 0.0299479 0.0428241 0.0558167
0 0.683594 0.389468 0.0273438 0.0509259 0.0505066
0 0.658854 0.538194 0.03125 0.0486111 0.049408
0 0.598958 0.615741 0.0286458 0.0601852 0.0414734
0 0.150391 0.471644 0.0286458 0.0439815 0.0408325
0 0.913411 0.891782 0.0403646 0.0613426 0.0385437
0 0.983724 0.768519 0.0325521 0.0532407 0.0359497
0 0.451823 0.465856 0.0338542 0.0462963 0.0343018
0 0.767578 0.393519 0.0234375 0.0428241 0.0272675
0 0.109049 0.898148 0.0299479 0.0555556 0.0270081
0 0.575521 0.621528 0.0325521 0.0509259 0.0243835
0 0.683594 0.325231 0.0234375 0.0416667 0.0240936
0 0.519206 0.918981 0.0397135 0.0509259 0.023819
0 0.360026 0.387731 0.0169271 0.0266204 0.0236511
0 0.86263 0.460648 0.0260417 0.0428241 0.0236053
0 0.35026 0.530093 0.0234375 0.0486111 0.0232849
0 0.363932 0.619213 0.0286458 0.0532407 0.0228882
0 0.44401 0.853588 0.0325521 0.0706019 0.0227966
0 0.40625 0.716435 0.0371094 0.0740741 0.0207977
0 0.976563 0.447917 0.0325521 0.0671296 0.019455
0 0.945313 0.459491 0.0481771 0.0752315 0.0192719
0 0.105306 0.538194 0.014974 0.037037 0.0186157
0 0.689453 0.446181 0.0182292 0.0474537 0.0166626
0 0.0699056 0.574074 0.043457 0.0833333 0.0165863
0 0.149414 0.747685 0.0224609 0.0486111 0.0161591
0 0.520182 0.609375 0.0240885 0.0486111 0.0157166
0 0.322266 0.537616 0.0286458 0.0520833 0.0155411
0 0.442708 0.385995 0.0214844 0.0335648 0.0151901
0 0.199382 0.402199 0.0289714 0.0428241 0.013588
0 0.569661 0.472801 0.0247396 0.0497685 0.01297
0 0.181478 0.89294 0.0322266 0.0555556 0.0124283
0 0.0877279 0.610532 0.0445964 0.0671296 0.012146
0 0.447917 0.674769 0.0286458 0.0532407 0.0116425
0 0.693359 0.699074 0.0299479 0.0555556 0.0112
0 0.464844 0.653935 0.0390625 0.068287 0.0104065
0 0.938802 0.546296 0.0364583 0.0462963 0.733398
0 0.797526 0.898148 0.0494792 0.0763889 0.195557
0 0.401693 0.844907 0.0338542 0.0532407 0.184204
0 0.0673828 0.597801 0.0377604 0.056713 0.162354
0 0.384766 0.4511 0.0273438 0.0428241 0.129395
0 0.792969 0.887731 0.0546875 0.0763889 0.0713501
0 0.400065 0.737269 0.0371094 0.0601852 0.0598755
0 0.721354 0.608796 0.0260417 0.0405093 0.0354919
0 0.984375 0.773148 0.03125 0.0497685 0.0325317
0 0.652995 0.538194 0.0273438 0.037037 0.0318604
0 0.683594 0.549769 0.0208333 0.0416667 0.0307312
0 0.305339 0.44647 0.0234375 0.0445602 0.0287628
0 0.439453 0.859375 0.0455729 0.0775463 0.0278473
0 0.468424 0.62037 0.030599 0.0486111 0.0224609
0 0.361979 0.621528 0.0286458 0.0462963 0.0222473
0 0.262044 0.753472 0.0253906 0.0416667 0.0214081
0 0.474284 0.541667 0.0247396 0.0347222 0.0208893
0 0.306315 0.409144 0.0266927 0.0486111 0.0199127
0 0.0641276 0.572338 0.0449219 0.0821759 0.0193481
0 0.264974 0.690972 0.0234375 0.0347222 0.0184784
0 0.275391 0.457465 0.0195313 0.0283565 0.0183411
0 0.938151 0.462963 0.0338542 0.037037 0.0179901
0 0.347656 0.528935 0.0286458 0.0393519 0.0171814
0 0.447266 0.46875 0.030599 0.0300926 0.0150146
0 0.567383 0.617477 0.0247396 0.0381944 0.0141754
0 0.980469 0.452257 0.0273438 0.0572917 0.0123367
0 0.401042 0.716435 0.0384115 0.0694444 0.0122375
0 0.0250651 0.606481 0.0257161 0.0486111 0.0112915
0 0.0349935 0.541667 0.0410156 0.0578704 0.0106964
0 0.910156 0.90162 0.0364583 0.0416667 0.0106125
0 0.405273 0.543981 0.0299479 0.0393519 0.0105667
0 0.149089 0.75463 0.0266927 0.0347222 0.00985718
0 0.439453 0.878472 0.0527344 0.0856481 0.00933838
0 0.681641 0.395255 0.0234375 0.0381944 0.00905609
0 0.799479 0.876736 0.0533854 0.100694 0.0088501
0 0.107747 0.908565 0.0279948 0.0439815 0.00844574
0 0.518229 0.611111 0.0247396 0.0347222 0.00812531
0 0.683594 0.893519 0.03125 0.0543981 0.00748825
0 0.0260417 0.840278 0.0260417 0.0393519 0.00734711
0 0.44043 0.387442 0.0266927 0.0300926 0.00723267
0 0.442708 0.329282 0.030599 0.0416667 0.00701141
0 0.239583 0.688657 0.0292969 0.0324074 0.0069046
0 0.0738932 0.69213 0.0377604 0.0439815 0.00677109
0 0.027832 0.389757 0.0341797 0.0590278 0.00658798
0 0.690755 0.743634 0.0247396 0.0474537 0.00643921
0 0.598958 0.618056 0.0234375 0.0439815 0.00631332
0 0.43099 0.53125 0.0240885 0.0347222 0.00614548
0 0.68099 0.850694 0.0299479 0.0555556 0.00588989
0 0.470703 0.464988 0.0234375 0.0289352 0.00584412
0 0.443359 0.688079 0.0364583 0.0486111 0.00579834
0 0.939453 0.542824 0.0416667 0.0601852 0.831543
0 0.798177 0.890046 0.0546875 0.087963 0.610352
0 0.261719 0.75 0.03125 0.0532407 0.303955
0 0.469401 0.626736 0.0364583 0.068287 0.288574
0 0.0696615 0.594329 0.0416667 0.068287 0.283691
0 0.405599 0.832176 0.0377604 0.0555556 0.210815
0 0.384115 0.444155 0.0299479 0.0520833 0.196777
0 0.914714 0.888889 0.0429688 0.0717593 0.162964
0 0.443359 0.856481 0.0455729 0.0787037 0.131226
0 0.71875 0.597222 0.03125 0.0578704 0.112793
0 0.596191 0.609954 0.0341797 0.0648148 0.0994873
0 0.679036 0.884259 0.0416667 0.0694444 0.0950317
0 0.104167 0.903935 0.0371094 0.0555556 0.0847778
0 0.985026 0.763889 0.0299479 0.0486111 0.0775146
0 0.402995 0.737269 0.0429688 0.0659722 0.0718384
0 0.305339 0.416377 0.0377604 0.0630787 0.0675659
0 0.302083 0.438079 0.0338542 0.0590278 0.0552063
0 0.346354 0.52662 0.0325521 0.0509259 0.0497742
0 0.526693 0.916667 0.047526 0.0578704 0.0492249
0 0.682292 0.400463 0.03125 0.0549769 0.0490417
0 0.265299 0.685185 0.030599 0.0416667 0.0455322
0 0.88737 0.391493 0.0299479 0.0462963 0.0432739
0 0.365234 0.62037 0.0325521 0.0509259 0.042572
0 0.180339 0.893519 0.0335286 0.0578704 0.039856
0 0.0672201 0.569444 0.0429688 0.0810185 0.0397949
0 0.682292 0.548032 0.0273438 0.0555556 0.0389099
0 0.798177 0.875 0.0625 0.0925926 0.0387573
0 0.44401 0.326389 0.0325521 0.0405093 0.0372009
0 0.976563 0.445602 0.03125 0.0694444 0.0347595
0 0.574219 0.612847 0.0338542 0.0601852 0.0310822
0 0.147786 0.469907 0.030599 0.0428241 0.0303802
0 0.438151 0.879051 0.0507813 0.0787037 0.0296478
0 0.661458 0.88831 0.0442708 0.0636574 0.0292053
0 0.553385 0.909144 0.0390625 0.0520833 0.0273743
0 0.0898438 0.614583 0.0400391 0.0740741 0.0261536
0 0.679688 0.861111 0.0442708 0.0787037 0.026001
0 0.242839 0.685764 0.0338542 0.0439815 0.0241394
0 0.0323893 0.602431 0.0403646 0.0636574 0.0239563
0 0.472656 0.536458 0.03125 0.0381944 0.0233765
0 0.941406 0.470486 0.0442708 0.0543981 0.0210876
0 0.408854 0.540509 0.0338542 0.0578704 0.0205231
0 0.0339355 0.533565 0.0402018 0.0474537 0.0187683
0 0.860677 0.463831 0.0260417 0.0341435 0.0186462
0 0.0288086 0.836806 0.03125 0.0486111 0.0162811
0 0.439453 0.688657 0.0416667 0.0601852 0.0146179
0 0.272786 0.621528 0.03125 0.0439815 0.0142822
0 0.656901 0.535301 0.0325521 0.056713 0.0135345
0 0.349609 0.746528 0.0299479 0.0555556 0.01297
0 0.765625 0.388889 0.0260417 0.0393519 0.012825
0 0.521484 0.607639 0.03125 0.0532407 0.0109863
0 0.936849 0.545139 0.0390625 0.0578704 0.939453
0 0.795573 0.896991 0.0494792 0.0763889 0.617676
0 0.0687663 0.594907 0.0402018 0.0625 0.529297
0 0.385417 0.448206 0.0299479 0.046875 0.498047
0 0.402344 0.741898 0.0403646 0.0625 0.307373
0 0.467448 0.62963 0.0384115 0.0648148 0.305664
0 0.717448 0.604745 0.0338542 0.0543981 0.17334
0 0.407552 0.84375 0.0390625 0.0648148 0.156128
0 0.302409 0.438657 0.0358073 0.0572917 0.14563
0 0.102214 0.908565 0.0377604 0.0555556 0.11554
0 0.262044 0.759259 0.031901 0.0486111 0.100525
0 0.304036 0.416667 0.0364583 0.0630787 0.0838623
0 0.889323 0.395255 0.0286458 0.0422454 0.083313
0 0.263021 0.690972 0.031901 0.0439815 0.0753174
0 0.431966 0.861111 0.0605469 0.0856481 0.0432739
0 0.44401 0.329572 0.0338542 0.0491898 0.0382385
0 0.983724 0.774306 0.0325521 0.0601852 0.0267029
0 0.673828 0.864583 0.046875 0.0810185 0.0241852
0 0.595052 0.616898 0.0390625 0.0648148 0.0232849
0 0.0236816 0.84838 0.0291341 0.0532407 0.0222473
0 0.674479 0.884259 0.0442708 0.0717593 0.0210114
0 0.682292 0.328704 0.0286458 0.0462963 0.019165
0 0.565104 0.471354 0.0364583 0.0607639 0.0162811
0 0.0672201 0.576389 0.0472005 0.087963 0.0162811
0 0.143555 0.472801 0.0332031 0.0451389 0.0137405
0 0.765625 0.391782 0.0286458 0.0422454 0.0136337
0 0.683594 0.398148 0.03125 0.0543981 0.012825
0 0.36263 0.625 0.0299479 0.0543981 0.0125275
0 0.79362 0.87963 0.0585938 0.101852 0.0115051
0 0.976563 0.464699 0.0247396 0.0474537 0.011467
0 0.568685 0.393229 0.0358073 0.0491898 0.0102463
0 0.0316569 0.469329 0.0372721 0.0497685 0.0100937
0 0.404948 0.722222 0.0416667 0.0810185 0.00926971
0 0.0310872 0.396991 0.0403646 0.0613426 0.00912476
0 0.939453 0.509838 0.0481771 0.12963 0.00898743
0 0.0870768 0.622685 0.0445964 0.0740741 0.00891876
0 0.347656 0.529514 0.031901 0.0486111 0.00763702
0 0.0318197 0.533565 0.0345052 0.037037 0.00712204
0 0.770833 0.464699 0.0260417 0.0393519 0.00695801
0 0.0657552 0.399884 0.0364583 0.068287 0.00614548
0 0.44987 0.475116 0.0371094 0.056713 0.00564194
0 0.0284831 0.608796 0.0351562 0.0509259 0.0051384
0 0.521484 0.924769 0.0572917 0.0694444 0.0051384
0 0.0906576 0.548611 0.0416667 0.0486111 0.00500107
0 0.914063 0.894676 0.0429688 0.0601852 0.00488663
0 0.318359 0.534722 0.0325521 0.0625 0.00452042
0 0.393229 0.607639 0.0299479 0.0486111 0.00446701
0 0.920573 0.896412 0.0416667 0.0543981 0.00403976
0 0.464844 0.657407 0.0403646 0.0648148 0.00402451
0 0.388021 0.41956 0.0364583 0.0729167 0.00397491
0 0.938802 0.545139 0.0416667 0.0601852 0.880371
0 0.797526 0.907407 0.0455729 0.0775463 0.553711
0 0.0647786 0.59375 0.0371094 0.0520833 0.505859
0 0.386068 0.445602 0.0299479 0.0474537 0.438721
0 0.408854 0.837963 0.0403646 0.0601852 0.126831
0 0.403971 0.741898 0.0371094 0.0532407 0.11438
0 0.791667 0.901042 0.0520833 0.0763889 0.101257
0 0.266276 0.685764 0.03125 0.0462963 0.0750122
0 0.983724 0.76794 0.0325521 0.0578704 0.0577087
0 0.68099 0.335359 0.03125 0.0561343 0.0490417
0 0.443685 0.332176 0.0351562 0.0497685 0.0486755
0 0.103475 0.906829 0.0430501 0.0648148 0.0484924
0 0.71875 0.603009 0.0338542 0.0555556 0.0427246
0 0.46875 0.631944 0.0351562 0.068287 0.0406799
0 0.301107 0.441551 0.0338542 0.0497685 0.0384521
0 0.304362 0.419271 0.0371094 0.0653935 0.0367126
0 0.888021 0.394676 0.0286458 0.0486111 0.035614
0 0.260335 0.758102 0.0327148 0.0509259 0.0309601
0 0.677083 0.888889 0.0416667 0.0648148 0.0261078
0 0.0270182 0.843171 0.0348307 0.056713 0.0165253
0 0.914063 0.898727 0.0416667 0.0543981 0.0138474
0 0.153158 0.75463 0.0354818 0.0439815 0.0110703
0 0.60612 0.31713 0.0260417 0.0376157 0.0104523
0 0.553385 0.907407 0.0345052 0.0509259 0.0103683
0 0.520182 0.916667 0.0403646 0.0601852 0.00952148
0 0.146484 0.47338 0.0299479 0.0474537 0.00891876
0 0.389974 0.417535 0.0338542 0.0671296 0.00815582
0 0.796875 0.878472 0.0520833 0.101852 0.00746155
0 0.366536 0.390625 0.03125 0.03125 0.00723267
0 0.440755 0.696759 0.03125 0.0578704 0.00712204
0 0.101725 0.545139 0.0250651 0.0416667 0.00674438
0 0.981771 0.469618 0.0299479 0.0520833 0.00651169
0 0.647135 0.327836 0.0247396 0.0509259 0.00619125
0 0.0576986 0.570602 0.038737 0.0763889 0.00595856
0 0.43099 0.853009 0.0403646 0.0717593 0.005867
0 0.447917 0.470197 0.0351562 0.0532407 0.00557709
0 0.69401 0.737847 0.0390625 0.0555556 0.00521851
0 0.0245768 0.402199 0.0325521 0.0601852 0.00432968
0 0.0307617 0.531829 0.0322266 0.0381944 0.00403976
0 0.235026 0.688657 0.0266927 0.0439815 0.00376511
0 0.682292 0.548611 0.0286458 0.0601852 0.00367928
0 0.596517 0.609375 0.0335286 0.0532407 0.00367928
0 0.473307 0.53588 0.0286458 0.0416667 0.00362206
0 0.5625 0.382523 0.0273438 0.0428241 0.00353813
0 0.443359 0.38831 0.0299479 0.0335648 0.00292397
0 0.765625 0.392361 0.0260417 0.0439815 0.00291252
0 0.677083 0.866319 0.0442708 0.0798611 0.00287819
0 0.9375 0.464988 0.0338542 0.0364583 0.00286674
0 0.921224 0.899306 0.0390625 0.0601852 0.00283432
0 0.653646 0.532407 0.0286458 0.0416667 0.00279999
0 0.9375 0.546296 0.0455729 0.0763889 0.741699
0 0.0638021 0.594907 0.0377604 0.0590278 0.453369
0 0.796875 0.90162 0.0494792 0.0856481 0.430176
0 0.408203 0.841435 0.0416667 0.0717593 0.256104
0 0.386068 0.444444 0.0299479 0.052662 0.214722
0 0.402995 0.741898 0.0423177 0.0717593 0.15979
0 0.985026 0.767361 0.0299479 0.0671296 0.0991211
0 0.301107 0.44213 0.0358073 0.056713 0.0953369
0 0.466797 0.628472 0.0390625 0.0694444 0.0903931
0 0.444336 0.329282 0.0332031 0.0555556 0.0900879
0 0.888021 0.393519 0.0325521 0.0543981 0.078064
0 0.262044 0.75463 0.03125 0.0509259 0.0648804
0 0.265625 0.685185 0.0299479 0.0520833 0.0486755
0 0.0289714 0.84375 0.0315755 0.0578704 0.0441895
0 0.107422 0.898148 0.0406901 0.0625 0.0435181
0 0.682943 0.331597 0.0299479 0.0555556 0.0401611
0 0.684245 0.552083 0.03125 0.0625 0.0376892
0 0.303385 0.414641 0.0364583 0.0642361 0.0288696
0 0.237305 0.684028 0.030599 0.0532407 0.026413
0 0.596191 0.614583 0.0341797 0.0625 0.0226288
0 0.940755 0.478588 0.0494792 0.0821759 0.0210114
0 0.691406 0.734954 0.0377604 0.0648148 0.0191956
0 0.425781 0.852431 0.0494792 0.0775463 0.0180969
0 0.719401 0.601852 0.0325521 0.0555556 0.016922
0 0.448242 0.470486 0.0371094 0.0636574 0.0167847
0 0.0569661 0.571759 0.0410156 0.0821759 0.0157776
0 0.556641 0.905671 0.0351562 0.0532407 0.0156708
0 0.769531 0.455729 0.0260417 0.0457176 0.0145035
0 0.471354 0.538194 0.03125 0.0462963 0.0130234
0 0.441081 0.693287 0.0416667 0.0625 0.0130234
0 0.0300293 0.530671 0.0310872 0.0486111 0.0118713
0 0.277995 0.452546 0.0260417 0.0543981 0.0115051
0 0.795573 0.873843 0.0546875 0.099537 0.0112915
0 0.0262044 0.402199 0.0296224 0.0625 0.00959778
0 0.676432 0.889468 0.046875 0.0763889 0.00933838
0 0.91276 0.898727 0.0416667 0.0659722 0.00919342
0 0.154297 0.756944 0.0351562 0.0509259 0.00891876
0 0.364583 0.622106 0.0358073 0.0613426 0.00844574
0 0.0983073 0.547454 0.0279948 0.0462963 0.00834656
0 0.387044 0.413773 0.0377604 0.0659722 0.00831604
0 0.685547 0.711806 0.0390625 0.0671296 0.00763702
0 0.967448 0.466435 0.0442708 0.0775463 0.00754929
0 0.0265299 0.60706 0.0322266 0.0601852 0.00720596
0 0.441406 0.380498 0.0338542 0.0422454 0.00695801
0 0.522461 0.918981 0.0397135 0.0578704 0.00679779
0 0.764323 0.393229 0.0260417 0.0474537 0.00664139
0 0.65625 0.537037 0.0338542 0.0532407 0.00595856
0 0.569987 0.619213 0.0332031 0.0625 0.00551224
0 0.856771 0.317419 0.0234375 0.0445602 0.00536346
0 0.0317383 0.472222 0.0374349 0.0601852 0.00521851
0 0.938151 0.541667 0.046875 0.0810185 0.808105
0 0.798828 0.89294 0.0611979 0.0972222 0.603027
0 0.0654297 0.594907 0.0423177 0.0671296 0.455078
0 0.385417 0.439236 0.0332031 0.0584491 0.454346
0 0.302083 0.436343 0.0403646 0.0625 0.193115
0 0.465495 0.626736 0.0442708 0.0775463 0.188354
0 0.410807 0.837384 0.0442708 0.0763889 0.188354
0 0.261068 0.748843 0.0351562 0.0613426 0.177246
0 0.403646 0.739005 0.0416667 0.0694444 0.122131
0 0.886068 0.383681 0.0338542 0.0532407 0.103394
0 0.02889 0.842593 0.0361328 0.0555556 0.0577087
0 0.984701 0.765625 0.030599 0.0613426 0.0570679
0 0.30306 0.421296 0.0423177 0.0706019 0.0562439
0 0.445964 0.333333 0.0371094 0.0532407 0.0544128
0 0.431641 0.859954 0.0559896 0.0833333 0.0535889
0 0.682292 0.334201 0.0338542 0.0543981 0.0484924
0 0.682292 0.882523 0.046875 0.0833333 0.0407715
0 0.71875 0.596065 0.0377604 0.0671296 0.0386963
0 0.523438 0.911458 0.0494792 0.0648148 0.0380249
0 0.262939 0.69213 0.0366211 0.0555556 0.0350037
0 0.596354 0.603009 0.0364583 0.0671296 0.0312042
0 0.55306 0.895833 0.0436198 0.0694444 0.0307922
0 0.764323 0.389468 0.0286458 0.0462963 0.0259552
0 0.288411 0.44213 0.0403646 0.0590278 0.0207214
0 0.343099 0.52662 0.0390625 0.0578704 0.0190582
0 0.0973307 0.543403 0.0322266 0.0474537 0.0182343
0 0.02889 0.396991 0.0388997 0.068287 0.0173035
0 0.448242 0.475694 0.0403646 0.0636574 0.0168457
0 0.0302734 0.600694 0.0416667 0.0717593 0.0165253
0 0.03125 0.468171 0.0400391 0.0601852 0.0157776
0 0.915365 0.888889 0.046875 0.0787037 0.014389
0 0.682943 0.384259 0.0351562 0.056713 0.0142822
0 0.0317383 0.528935 0.0377604 0.0532407 0.0138474
0 0.318685 0.536458 0.0429688 0.0787037 0.0127258
0 0.921875 0.893519 0.0455729 0.0763889 0.0115051
0 0.384766 0.423032 0.0442708 0.0763889 0.0113297
0 0.691406 0.734954 0.0429688 0.0671296 0.0109024
0 0.0876058 0.663194 0.0409342 0.0601852 0.0102463
0 0.440104 0.372685 0.0364583 0.0474537 0.01017
0 0.563477 0.377315 0.03125 0.0462963 0.0100098
0 0.517253 0.322338 0.0273438 0.0393519 0.00978088
0 0.299479 0.819444 0.0436198 0.0740741 0.00959778
0 0.941406 0.478009 0.0494792 0.0752315 0.00955963
0 0.0882161 0.623264 0.0445964 0.0856481 0.00955963
0 0.602214 0.315972 0.0247396 0.0358796 0.00905609
0 0.680339 0.867477 0.0533854 0.0891204 0.00831604
0 0.090332 0.761574 0.039388 0.0625 0.00751877
0 0.0555013 0.578704 0.0485026 0.0972222 0.00740433
0 0.467773 0.542824 0.0390625 0.0578704 0.00734711
0 0.649089 0.333912 0.0325521 0.0555556 0.00706482
0 0.938151 0.545139 0.0390625 0.0636574 0.741699
0 0.794271 0.899306 0.0520833 0.0833333 0.496094
0 0.066569 0.599537 0.0374349 0.0601852 0.389648
0 0.385742 0.443576 0.0273438 0.0532407 0.38208
0 0.301758 0.439236 0.031901 0.0561343 0.24292
0 0.401693 0.741319 0.0371094 0.0613426 0.134277
0 0.466797 0.626157 0.0358073 0.0671296 0.108215
0 0.408203 0.828704 0.0390625 0.0659722 0.0490417
0 0.88737 0.389468 0.0286458 0.0474537 0.0469055
0 0.68099 0.334491 0.0286458 0.0543981 0.0463867
0 0.985677 0.766204 0.0286458 0.0509259 0.0435181
0 0.443685 0.327546 0.03125 0.0451389 0.0413818
0 0.683594 0.38397 0.0299479 0.0491898 0.0344849
0 0.303385 0.420139 0.0351562 0.0706019 0.03302
0 0.260986 0.748843 0.0301107 0.0555556 0.0313721
0 0.695313 0.737269 0.0364583 0.0578704 0.0251312
0 0.71875 0.596065 0.0338542 0.0590278 0.0228424
0 0.0270182 0.838542 0.0263672 0.0462963 0.019455
0 0.942708 0.461227 0.0390625 0.0451389 0.0174408
0 0.264323 0.6875 0.0273438 0.0439815 0.0153046
0 0.6875 0.549769 0.03125 0.0578704 0.013588
0 0.97526 0.460069 0.0260417 0.0578704 0.0119629
0 0.105957 0.90162 0.0374349 0.0578704 0.0113297
0 0.027832 0.472512 0.0325521 0.0572917 0.00963593
0 0.0311686 0.524161 0.0333659 0.0535301 0.00905609
0 0.682292 0.444444 0.0286458 0.0520833 0.00844574
0 0.346354 0.529514 0.03125 0.0497685 0.00775528
0 0.405599 0.534722 0.0338542 0.0578704 0.00775528
0 0.152832 0.756366 0.0328776 0.0451389 0.00746155
0 0.434245 0.851852 0.0397135 0.0717593 0.00743103
0 0.0224609 0.400174 0.0263672 0.0613426 0.00669098
0 0.794271 0.880787 0.0572917 0.111111 0.00669098
0 0.0551758 0.568287 0.0385742 0.0810185 0.00629044
0 0.0800781 0.6875 0.0472005 0.0659722 0.00629044
0 0.5625 0.379051 0.0286458 0.0439815 0.00600433
0 0.317057 0.532407 0.0351562 0.0659722 0.00591278
0 0.447591 0.470486 0.0351562 0.0555556 0.00538635
0 0.440104 0.69213 0.0325521 0.0486111 0.00538635
0 0.0963542 0.545139 0.0273438 0.0439815 0.00521851
0 0.688151 0.710648 0.0377604 0.0671296 0.00488663
0 0.349609 0.755787 0.0299479 0.0532407 0.00477219
0 0.766927 0.389468 0.0234375 0.0428241 0.00462723
0 0.0870768 0.667245 0.0406901 0.0578704 0.00455475
0 0.68099 0.884838 0.0390625 0.0694444 0.00446701
0 0.470703 0.538773 0.0299479 0.0451389 0.00415039
0 0.596354 0.599537 0.03125 0.056713 0.00411606
0 0.438802 0.382523 0.0299479 0.0393519 0.00390053
0 0.027832 0.606481 0.0322266 0.0555556 0.00378036
0 0.0859375 0.623264 0.0449219 0.0752315 0.00376511
0 0.405273 0.717014 0.0403646 0.0787037 0.00358009
0 0.936198 0.543981 0.0416667 0.0729167 0.783203
0 0.795573 0.893519 0.0520833 0.0856481 0.640625
0 0.0638021 0.598958 0.0369466 0.0590278 0.313965
0 0.256836 0.747685 0.0358073 0.0578704 0.214722
0 0.382813 0.44213 0.030599 0.0520833 0.210083
0 0.983724 0.762731 0.0325521 0.0636574 0.160278
0 0.406901 0.837963 0.0403646 0.0717593 0.139893
0 0.400391 0.739583 0.0390625 0.0648148 0.125488
0 0.674479 0.877315 0.0481771 0.0833333 0.101562
0 0.464193 0.627315 0.0377604 0.0671296 0.0853882
0 0.672526 0.864583 0.0481771 0.087963 0.0678101
0 0.298828 0.438947 0.0351562 0.0543981 0.0648804
0 0.715495 0.596065 0.0364583 0.0590278 0.0634766
0 0.0240072 0.846065 0.0325521 0.0578704 0.0448608
0 0.436523 0.857639 0.0410156 0.0740741 0.0413208
0 0.914063 0.889468 0.0429688 0.0717593 0.0379028
0 0.884115 0.388021 0.0338542 0.0515046 0.0365601
0 0.440755 0.329282 0.0286458 0.0457176 0.0321655
0 0.977865 0.456597 0.03125 0.0625 0.0288696
0 0.680339 0.386285 0.0299479 0.0480324 0.0259552
0 0.298828 0.419271 0.0364583 0.0648148 0.021698
0 0.258545 0.690972 0.0349935 0.0486111 0.0216522
0 0.101196 0.899884 0.0437012 0.0636574 0.0204926
0 0.760417 0.384838 0.0286458 0.046875 0.0175781
0 0.794271 0.877894 0.0546875 0.100694 0.016098
0 0.940104 0.463831 0.0416667 0.0503472 0.0157776
0 0.0957031 0.543981 0.0279948 0.0416667 0.0142288
0 0.0253092 0.527778 0.0296224 0.0520833 0.012825
0 0.675781 0.336227 0.0325521 0.0538194 0.0126724
0 0.0869548 0.663773 0.0402832 0.0578704 0.0122375
0 0.693359 0.736111 0.0416667 0.0648148 0.0119171
0 0.176432 0.890046 0.0423177 0.0717593 0.0115051
0 0.149089 0.752315 0.0322266 0.0509259 0.0104065
0 0.516276 0.917824 0.0338542 0.0509259 0.00948334
0 0.467122 0.535301 0.031901 0.0428241 0.00926971
0 0.554036 0.909722 0.0325521 0.0462963 0.00878143
0 0.078125 0.740741 0.0419922 0.0671296 0.00871277
0 0.0867513 0.75463 0.0397135 0.0555556 0.008255
0 0.595703 0.599537 0.0325521 0.0578704 0.00806427
0 0.141764 0.474826 0.0270182 0.0439815 0.0078125
0 0.0211589 0.606481 0.0315755 0.0578704 0.00728989
0 0.402995 0.53588 0.0299479 0.0532407 0.00723267
0 0.683594 0.711806 0.0416667 0.0671296 0.00723267
0 0.345703 0.527199 0.0299479 0.0520833 0.00698471
0 0.442057 0.690972 0.0345052 0.0532407 0.0069046
0 0.0184733 0.468461 0.0286458 0.052662 0.0068779
0 0.0517578 0.5625 0.0371094 0.0671296 0.00636292
0 0.652344 0.533565 0.0286458 0.0462963 0.00629044
0 0.152018 0.853009 0.0403646 0.0694444 0.00619125
0 0.173014 0.850694 0.0426432 0.0694444 0.00602722
0 0.936849 0.545139 0.0429688 0.0717593 0.676758
0 0.0642904 0.597222 0.0488281 0.0717593 0.428223
0 0.795573 0.892361 0.0494792 0.0833333 0.42334
0 0.382813 0.440104 0.0338542 0.0578704 0.387695
0 0.258545 0.744213 0.0349935 0.0601852 0.17334
0 0.714844 0.595486 0.0390625 0.0613426 0.118408
0 0.408854 0.840856 0.0429688 0.0763889 0.117981
0 0.299479 0.436343 0.0364583 0.0607639 0.11676
0 0.463542 0.627315 0.0416667 0.0717593 0.11438
0 0.402995 0.734954 0.0442708 0.0694444 0.0875854
0 0.984701 0.76331 0.030599 0.0625 0.0800781
0 0.298828 0.420718 0.0397135 0.0694444 0.0507202
0 0.44401 0.326389 0.0338542 0.0520833 0.0499573
0 0.884115 0.394387 0.0338542 0.0538194 0.0445251
0 0.676432 0.336806 0.0351562 0.0572917 0.0389709
0 0.979818 0.460359 0.0338542 0.0636574 0.0248413
0 0.258138 0.697917 0.0377604 0.0555556 0.0219879
0 0.674479 0.877894 0.0481771 0.087963 0.0200195
0 0.426758 0.856481 0.0488281 0.0752315 0.0198669
0 0.345052 0.529514 0.0351562 0.0625 0.0167847
0 0.679688 0.382812 0.0338542 0.0555556 0.0161591
0 0.102539 0.902778 0.047526 0.0694444 0.0161591
0 0.673177 0.863426 0.0494792 0.0833333 0.0147324
0 0.0571289 0.578125 0.054362 0.09375 0.014389
0 0.0286458 0.472222 0.0439453 0.0775463 0.0128708
0 0.0856527 0.620949 0.0467936 0.0925926 0.0127258
0 0.0345052 0.523293 0.0442708 0.0668403 0.012146
0 0.761719 0.387442 0.03125 0.0486111 0.0104065
0 0.0257161 0.400174 0.0416667 0.0734954 0.00985718
0 0.694661 0.734954 0.0442708 0.0671296 0.00955963
0 0.408529 0.534722 0.0377604 0.0671296 0.00933838
0 0.0811361 0.685764 0.0483398 0.0787037 0.00878143
0 0.0674642 0.387731 0.0392253 0.0717593 0.00793457
0 0.0839844 0.662037 0.0458984 0.0671296 0.00787354
0 0.0277507 0.842593 0.0343424 0.0636574 0.00723267
0 0.436849 0.686343 0.0442708 0.056713 0.00706482
0 0.0917969 0.554977 0.0403646 0.0590278 0.00698471
0 0.595052 0.601852 0.0364583 0.0601852 0.00629044
0 0.942708 0.477141 0.0455729 0.0688657 0.00609589
0 0.143555 0.475116 0.0371094 0.0532407 0.00551224
0 0.0366211 0.597801 0.0556641 0.0891204 0.00547028
0 0.467122 0.537037 0.0364583 0.0509259 0.00492477
0 0.380208 0.42419 0.0429688 0.0787037 0.0049057
0 0.559245 0.381655 0.0325521 0.0491898 0.00481033
0 0.404948 0.719907 0.046875 0.0810185 0.00477219
0 0.0266927 0.311343 0.0442708 0.0706019 0.00455475
0 0.91276 0.890046 0.0416667 0.0694444 0.00438309
0 0.794922 0.876157 0.0533854 0.0960648 0.00431442
0 0.448242 0.471065 0.0384115 0.0648148 0.00421524
0 0.686198 0.559606 0.0338542 0.0625 0.00419998
0 0.9375 0.542824 0.0442708 0.0717593 0.741699
0 0.795573 0.896991 0.0546875 0.0914352 0.626953
0 0.385417 0.443866 0.0286458 0.0503472 0.470703
0 0.0647786 0.600116 0.0449219 0.0648148 0.395996
0 0.258789 0.746528 0.0345052 0.0578704 0.264404
0 0.40332 0.734954 0.0449219 0.0671296 0.154541
0 0.410156 0.845486 0.0455729 0.0810185 0.142212
0 0.300781 0.440394 0.0325521 0.0520833 0.129395
0 0.715495 0.59838 0.0377604 0.0601852 0.112427
0 0.673828 0.878472 0.0546875 0.0925926 0.103394
0 0.465495 0.629051 0.0377604 0.0694444 0.0838623
0 0.443359 0.329861 0.0299479 0.046875 0.0628052
0 0.884115 0.394676 0.0338542 0.052662 0.0488586
0 0.985026 0.770255 0.0299479 0.0636574 0.0486755
0 0.427083 0.860532 0.0520833 0.0821759 0.0460205
0 0.678385 0.33912 0.03125 0.056713 0.0422363
0 0.695964 0.734954 0.0455729 0.0648148 0.0369873
0 0.260091 0.699074 0.0345052 0.0520833 0.028595
0 0.68099 0.383681 0.0299479 0.0451389 0.0270081
0 0.30013 0.421007 0.0351562 0.0688657 0.0243835
0 0.104533 0.913194 0.0578613 0.0972222 0.021286
0 0.0857747 0.664352 0.0429688 0.0590278 0.0147324
0 0.345703 0.532407 0.0325521 0.0532407 0.0130234
0 0.977214 0.465567 0.0325521 0.0642361 0.0126266
0 0.0301107 0.846065 0.0371094 0.0648148 0.0120544
0 0.794271 0.883102 0.0598958 0.106481 0.0114212
0 0.034668 0.524306 0.0400391 0.0543981 0.0107346
0 0.941406 0.477431 0.046875 0.068287 0.00933838
0 0.154948 0.753472 0.0390625 0.0532407 0.00854492
0 0.0521647 0.575231 0.0431315 0.087963 0.00821686
0 0.0883789 0.628472 0.0410156 0.0787037 0.00812531
0 0.442057 0.696759 0.0364583 0.0578704 0.00796509
0 0.0878499 0.759838 0.040446 0.0625 0.00787354
0 0.0289714 0.478588 0.0410156 0.068287 0.00769424
0 0.078125 0.738426 0.0429688 0.0717593 0.00734711
0 0.761719 0.391204 0.0286458 0.0451389 0.0068512
0 0.0814616 0.693287 0.0467122 0.0694444 0.00636292
0 0.0265299 0.40162 0.0403646 0.0665509 0.00595856
0 0.559896 0.387731 0.0273438 0.0393519 0.00577545
0 0.654948 0.534144 0.03125 0.0451389 0.00572968
0 0.408203 0.539352 0.0332031 0.0520833 0.0055542
0 0.597005 0.60706 0.0338542 0.0578704 0.00534439
0 0.175456 0.890046 0.0488281 0.0925926 0.00530243
0 0.405273 0.721065 0.0449219 0.0810185 0.00502014
0 0.103516 0.945023 0.0641276 0.106481 0.00502014
0 0.0954183 0.551505 0.0318197 0.0497685 0.00436401
0 0.6875 0.559028 0.03125 0.0590278 0.00397491
0 0.560547 0.47338 0.030599 0.0543981 0.00392914
0 0.522786 0.91956 0.046224 0.0636574 0.00385475
0 0.0666504 0.394097 0.035319 0.0625 0.00379562
0 0.936849 0.540509 0.0455729 0.0729167 0.76123
0 0.795573 0.895833 0.0520833 0.0810185 0.634277
0 0.383138 0.44213 0.0325521 0.0520833 0.542969
0 0.0639648 0.601273 0.0458984 0.0636574 0.474609
0 0.298828 0.438079 0.0377604 0.056713 0.229492
0 0.257487 0.747685 0.0351562 0.0532407 0.222046
0 0.443685 0.327546 0.0351562 0.0486111 0.123352
0 0.402344 0.734954 0.0442708 0.0671296 0.110474
0 0.410156 0.842014 0.0436198 0.0740741 0.108215
0 0.714844 0.596065 0.0364583 0.0555556 0.102661
0 0.464844 0.631944 0.0403646 0.0671296 0.0844727
0 0.677083 0.335648 0.0364583 0.0543981 0.0838623
0 0.674479 0.879051 0.0494792 0.0810185 0.0558167
0 0.884766 0.394097 0.0351562 0.0520833 0.0450134
0 0.432292 0.858796 0.0494792 0.0740741 0.044342
0 0.976563 0.457755 0.0390625 0.068287 0.0407715
0 0.983398 0.768519 0.0332031 0.0625 0.0397034
0 0.298828 0.422454 0.0403646 0.0717593 0.0392761
0 0.258789 0.697917 0.0364583 0.0509259 0.0367126
0 0.0854492 0.663194 0.0436198 0.0601852 0.0206909
0 0.68099 0.386574 0.0338542 0.0543981 0.0152512
0 0.69401 0.736111 0.0429688 0.0625 0.012146
0 0.0286458 0.83912 0.0332031 0.0555556 0.0118713
0 0.688802 0.55787 0.0338542 0.0578704 0.0110321
0 0.346029 0.53125 0.0351562 0.0532407 0.0106506
0 0.0851237 0.631944 0.0488281 0.0833333 0.00993347
0 0.0347494 0.528935 0.0413411 0.0555556 0.00981903
0 0.081543 0.6875 0.047526 0.0717593 0.00898743
0 0.443359 0.689236 0.0364583 0.0520833 0.00803375
0 0.0300293 0.472222 0.0413411 0.0659722 0.00800323
0 0.0551758 0.577546 0.0504557 0.09375 0.00723267
0 0.408203 0.537616 0.0351562 0.0613426 0.00720596
0 0.665365 0.882523 0.046875 0.0752315 0.00679779
0 0.101725 0.90162 0.0458984 0.0648148 0.0064888
0 0.595703 0.605324 0.0351562 0.0532407 0.00641251
0 0.0654297 0.390046 0.0397135 0.0648148 0.00638962
0 0.942708 0.487269 0.0520833 0.0891204 0.00570679
0 0.794271 0.880787 0.0572917 0.104167 0.00547028
0 0.0875651 0.761574 0.0416667 0.0625 0.00534439
0 0.09375 0.550926 0.0358073 0.0497685 0.00498199
0 0.464193 0.655093 0.0403646 0.0671296 0.00498199
0 0.91276 0.892361 0.0442708 0.0717593 0.00498199
0 0.405599 0.719907 0.0455729 0.0798611 0.00479126
0 0.0297038 0.401331 0.0432943 0.0700231 0.00408554
0 0.290365 0.445891 0.0442708 0.0590278 0.00408554
0 0.560547 0.385417 0.0338542 0.0457176 0.0039444
0 0.5625 0.476273 0.0364583 0.0578704 0.00391388
0 0.0375977 0.604167 0.0511068 0.0775463 0.00388527
0 0.467448 0.541667 0.0364583 0.0462963 0.00382423
0 0.658203 0.336806 0.0403646 0.0607639 0.00352478
0 0.9375 0.539931 0.0455729 0.0787037 0.708008
0 0.795573 0.898148 0.0546875 0.0902778 0.585938
0 0.384115 0.441551 0.03125 0.0555556 0.433105
0 0.0655925 0.601852 0.046224 0.0717593 0.433105
0 0.258138 0.746528 0.0345052 0.0590278 0.218628
0 0.30013 0.438079 0.0351562 0.0578704 0.154541
0 0.402344 0.735532 0.0416667 0.068287 0.136108
0 0.409505 0.83912 0.0416667 0.0787037 0.116333
0 0.442708 0.329861 0.0325521 0.0509259 0.106323
0 0.46582 0.631366 0.0403646 0.0729167 0.0772095
0 0.714844 0.597222 0.0377604 0.0601852 0.0639648
0 0.677734 0.336227 0.0325521 0.056713 0.0596619
0 0.884115 0.392361 0.0338542 0.056713 0.0538025
0 0.674479 0.87963 0.0520833 0.087963 0.0510864
0 0.260091 0.699074 0.0351562 0.0555556 0.0440063
0 0.984375 0.770833 0.03125 0.0671296 0.0378113
0 0.429688 0.859954 0.0507813 0.0810185 0.0375366
0 0.300781 0.422164 0.0377604 0.0717593 0.0287018
0 0.97526 0.458333 0.0364583 0.0717593 0.0245209
0 0.694661 0.736111 0.0416667 0.0625 0.0243378
0 0.345703 0.530093 0.0351562 0.0590278 0.0200195
0 0.0849609 0.659722 0.0455729 0.0671296 0.0167847
0 0.0273438 0.841435 0.0309245 0.056713 0.0126266
0 0.0838216 0.628472 0.0524089 0.0925926 0.0122375
0 0.102539 0.907407 0.0478516 0.0856481 0.0121002
0 0.0301107 0.467303 0.039388 0.0677083 0.0115051
0 0.683594 0.385417 0.03125 0.0590278 0.0111618
0 0.663411 0.883102 0.0442708 0.0787037 0.0102463
0 0.442708 0.690972 0.0338542 0.0532407 0.00955963
0 0.0807292 0.684028 0.046875 0.0787037 0.00912476
0 0.408203 0.53588 0.0345052 0.0625 0.00905609
0 0.0266927 0.402199 0.0384115 0.0694444 0.00871277
0 0.943359 0.488426 0.0481771 0.0925926 0.00844574
0 0.0673828 0.391782 0.0374349 0.0671296 0.00818634
0 0.0325521 0.527199 0.0380859 0.0590278 0.00806427
0 0.795573 0.882523 0.0572917 0.107639 0.00772476
0 0.0576986 0.579861 0.0519206 0.100694 0.00728989
0 0.688802 0.55787 0.03125 0.0601852 0.00714874
0 0.0929362 0.552662 0.0367839 0.0543981 0.00709534
0 0.464518 0.653356 0.0403646 0.0694444 0.00619125
0 0.40625 0.719907 0.0429688 0.0810185 0.00494385
0 0.764323 0.391782 0.0273438 0.0509259 0.00475693
0 0.912109 0.895833 0.0416667 0.0740741 0.00471878
0 0.5625 0.383681 0.0299479 0.0462963 0.0045929
0 0.44987 0.474537 0.0377604 0.0659722 0.00445175
0 0.468424 0.539931 0.0351562 0.0486111 0.00439835
0 0.318359 0.53588 0.0325521 0.0671296 0.00438309
0 0.0877279 0.759259 0.0419922 0.0706019 0.00416565
0 0.654948 0.336516 0.0325521 0.0607639 0.00385475
0 0.525065 0.920139 0.0384115 0.0578704 0.00382423
0 0.9375 0.540509 0.046875 0.0775463 0.722656
0 0.795573 0.898148 0.0546875 0.0925926 0.588867
0 0.066569 0.601852 0.046224 0.0694444 0.482422
0 0.384115 0.44213 0.03125 0.0555556 0.463867
0 0.258464 0.746528 0.0345052 0.0578704 0.215332
0 0.30013 0.438079 0.0364583 0.0578704 0.197388
0 0.402344 0.734954 0.0429688 0.0671296 0.152588
0 0.40918 0.836227 0.0416667 0.0775463 0.140869
0 0.443034 0.329282 0.0332031 0.0497685 0.125977
0 0.466146 0.631944 0.0403646 0.0717593 0.0903931
0 0.716146 0.597222 0.0364583 0.0578704 0.0806274
0 0.260986 0.699074 0.035319 0.0532407 0.0572815
0 0.677734 0.336806 0.0338542 0.0555556 0.0507202
0 0.983724 0.770833 0.0325521 0.0671296 0.0479431
0 0.67513 0.865741 0.0494792 0.0902778 0.0476074
0 0.885417 0.391782 0.0338542 0.0549769 0.0435181
0 0.431641 0.858218 0.0494792 0.0787037 0.0375366
0 0.977865 0.459491 0.0364583 0.0671296 0.0333862
0 0.30013 0.421875 0.0390625 0.0706019 0.0332031
0 0.695313 0.736111 0.0416667 0.0625 0.0217438
0 0.0857747 0.659722 0.0442708 0.0648148 0.0161591
0 0.104329 0.905093 0.0491536 0.0810185 0.0159607
0 0.444661 0.688657 0.0351562 0.0532407 0.0137405
0 0.682292 0.386574 0.0338542 0.056713 0.0131226
0 0.0859375 0.62963 0.0478516 0.0856481 0.0126266
0 0.346354 0.53125 0.0338542 0.0555556 0.0122375
0 0.0279134 0.840278 0.0325521 0.0555556 0.0115967
0 0.66276 0.882523 0.0442708 0.0752315 0.0113297
0 0.688802 0.559028 0.0325521 0.0601852 0.0107346
0 0.408203 0.536458 0.0338542 0.0601852 0.00971222
0 0.0304362 0.46875 0.0406901 0.0659722 0.0086441
0 0.0681966 0.390625 0.0367839 0.0636574 0.00818634
0 0.942708 0.487847 0.0494792 0.0856481 0.00818634
0 0.0323079 0.52445 0.0372721 0.0552662 0.00806427
0 0.0572917 0.578125 0.0498047 0.0960648 0.00800323
0 0.0262044 0.402199 0.0380859 0.0648148 0.0078125
0 0.0935872 0.552083 0.0358073 0.0532407 0.0078125
0 0.596354 0.605903 0.0338542 0.0590278 0.00728989
0 0.0807292 0.685764 0.0465495 0.0729167 0.00703812
0 0.464518 0.653935 0.0403646 0.0671296 0.00641251
0 0.469076 0.539931 0.0345052 0.0474537 0.00566483
0 0.405273 0.719907 0.0442708 0.0787037 0.00538635
0 0.28776 0.448495 0.0390625 0.0532407 0.0051384
0 0.792969 0.87963 0.0598958 0.105324 0.00510025
0 0.764323 0.390914 0.0286458 0.0497685 0.00479126
0 0.44987 0.475116 0.0377604 0.0636574 0.00432968
0 0.653646 0.534144 0.0299479 0.0451389 0.00345612
0 0.5625 0.383681 0.0292969 0.0439815 0.00329781
0 0.244629 0.691551 0.038737 0.0520833 0.00321007
0 0.563802 0.478009 0.0338542 0.0590278 0.00309944
0 0.9375 0.540509 0.046875 0.0775463 0.722656
0 0.795573 0.898148 0.0546875 0.0925926 0.588867
0 0.066569 0.601852 0.046224 0.068287 0.481445
0 0.384115 0.44213 0.03125 0.0555556 0.462891
0 0.258464 0.746528 0.0345052 0.0578704 0.216675
0 0.30013 0.438079 0.0364583 0.0578704 0.197388
0 0.402344 0.734954 0.0429688 0.0671296 0.152588
0 0.408854 0.836227 0.0416667 0.0775463 0.1427
0 0.443034 0.329282 0.0332031 0.0497685 0.125977
0 0.466146 0.631944 0.0403646 0.0706019 0.0907593
0 0.716146 0.597222 0.0364583 0.0578704 0.081543
0 0.260986 0.699074 0.035319 0.0532407 0.0579224
0 0.677734 0.336806 0.0338542 0.0555556 0.0509033
0 0.983724 0.770833 0.0325521 0.0659722 0.0483093
0 0.67513 0.865741 0.0494792 0.0902778 0.0479431
0 0.885417 0.391782 0.0338542 0.0549769 0.0437012
0 0.431641 0.858796 0.0501302 0.0787037 0.0379028
0 0.30013 0.421875 0.0390625 0.0706019 0.0333862
0 0.977865 0.459491 0.0364583 0.0671296 0.0333862
0 0.695313 0.736111 0.0416667 0.0625 0.0219879
0 0.0857747 0.659722 0.0442708 0.0648148 0.0162811
0 0.104329 0.905093 0.0491536 0.0810185 0.0161591
0 0.444661 0.688657 0.0351562 0.0532407 0.0137405
0 0.682292 0.386863 0.0338542 0.0561343 0.0131226
0 0.0859375 0.62963 0.0478516 0.0856481 0.0126724
0 0.346354 0.53125 0.0338542 0.0555556 0.0122375
0 0.0279134 0.840278 0.0325521 0.0555556 0.0115967
0 0.66276 0.882523 0.0442708 0.0752315 0.0115051
0 0.688802 0.559028 0.0325521 0.0601852 0.0107346
0 0.408203 0.53588 0.0338542 0.0601852 0.00978088
0 0.0305176 0.46875 0.0405273 0.0659722 0.00871277
0 0.0681966 0.390625 0.0367839 0.0636574 0.00818634
0 0.942057 0.487847 0.0481771 0.0856481 0.00818634
0 0.0323079 0.52445 0.0372721 0.0552662 0.00809479
0 0.0572917 0.578704 0.0498047 0.0972222 0.00800323
0 0.0935872 0.552083 0.0358073 0.0532407 0.00787354
0 0.0262044 0.402199 0.0380859 0.0648148 0.00775528
0 0.596354 0.605903 0.0338542 0.0590278 0.00728989
0 0.0807292 0.685764 0.0465495 0.0729167 0.00709534
0 0.464518 0.653935 0.0403646 0.0671296 0.00643921
0 0.469076 0.539931 0.0345052 0.0474537 0.00568771
0 0.405273 0.719907 0.0442708 0.0787037 0.00538635
0 0.28776 0.448495 0.0390625 0.0532407 0.00511932
0 0.792969 0.87963 0.0598958 0.105324 0.00510025
0 0.764323 0.390914 0.0286458 0.0497685 0.00477219
0 0.44987 0.475116 0.0377604 0.0636574 0.00436401
0 0.653646 0.534144 0.0299479 0.0451389 0.00348282
0 0.5625 0.383681 0.0292969 0.0439815 0.00329781
0 0.244629 0.691551 0.038737 0.0520833 0.00323486
0 0.563802 0.478009 0.0338542 0.0590278 0.00309944
