0 0.854167 0.918403 0.0546875 0.0868056 0.0123367
0 0.5 0.5 1 1 0.0109024
0 0.5 0.5 1 1 0.00985718
0 0.180827 0.529948 0.0517578 0.067419 0.0085144
0 0.701823 0.5 0.596354 1 0.00841522
0 0.683431 0.700521 0.633138 0.598958 0.00790405
0 0.941406 0.466435 0.0833333 0.115741 0.0078125
0 0.975586 0.929398 0.0488281 0.0902778 0.00706482
0 0.631999 0.525463 0.736003 0.949074 0.00701141
0 0.5 0.5 1 1 0.0068512
0 0.548828 0.5 0.902344 1 0.00661469
0 0.562663 0.547454 0.874674 0.905093 0.00661469
0 0.763997 0.641204 0.472005 0.717593 0.00658798
0 0.5 0.5 1 1 0.0064621
0 0.492188 0.5 0.984375 1 0.00629044
0 0.731771 0.593171 0.536458 0.813657 0.00469971
0 0.729167 0.684028 0.0377604 0.0555556 0.00462723
0 0.975586 0.887731 0.0488281 0.19213 0.00421524
0 0.940104 0.315104 0.117188 0.39294 0.00407028
0 0.907552 0.836227 0.184896 0.327546 0.00311089
0 0.938151 0.260417 0.123698 0.520833 0.00309944
0 0.94987 0.902778 0.10026 0.137731 0.00282288
0 0.77474 0.798032 0.0442708 0.116898 0.00276756
0 0.89974 0.886574 0.200521 0.203704 0.0027256
0 0.917318 0.866898 0.165365 0.266204 0.00266266
0 0.914063 0.269097 0.169271 0.538194 0.00260162
0 0.0563151 0.445602 0.0901693 0.128472 0.00245285
0 0.615885 0.3125 0.768229 0.625 0.00229645
0 0.974284 0.850694 0.0514323 0.238426 0.00218201
0 0.914714 0.770833 0.170573 0.458333 0.00217438
0 0.622396 0.928241 0.0572917 0.0972222 0.00205803
0 0.929036 0.160735 0.114583 0.13397 0.00201035
0 0.77474 0.872685 0.0520833 0.226852 0.00197983
0 0.936198 0.522569 0.0807292 0.118056 0.00188923
0 0.878906 0.267072 0.242188 0.534144 0.00183868
0 0.93099 0.204861 0.138021 0.409722 0.00178242
0 0.77474 0.695602 0.0416667 0.0671296 0.00178242
0 0.648438 0.618056 0.078125 0.0787037 0.00168705
0 0.789063 0.93287 0.398438 0.118056 0.00166798
0 0.97168 0.925347 0.0566406 0.149306 0.0015974
0 0.888672 0.28125 0.222656 0.5625 0.00158501
0 0.627604 0.945602 0.0729167 0.108796 0.00157928
0 0.923177 0.108471 0.153646 0.17542 0.00147247
0 0.871094 0.787037 0.257812 0.425926 0.00142097
0 0.516602 0.537182 0.0605469 0.124711 0.00138283
0 0.968099 0.587963 0.0638021 0.34838 0.00138283
0 0.0515137 0.447049 0.0945638 0.177662 0.00137806
0 0.810872 0.729167 0.378255 0.266204 0.00136662
0 0.884115 0.5 0.231771 1 0.00134087
0 0.930664 0.295139 0.138672 0.590278 0.00131512
0 0.311198 0.766204 0.046875 0.0625 0.163452
0 0.764974 0.771991 0.0546875 0.0787037 0.151489
0 0.941406 0.457176 0.0598958 0.087963 0.151001
0 0.517578 0.480324 0.0677083 0.0949074 0.140869
0 0.384766 0.737269 0.047526 0.0787037 0.112
0 0.60612 0.420139 0.0546875 0.0850694 0.100159
0 0.854167 0.900463 0.0494792 0.0844907 0.0960083
0 0.600911 0.4375 0.046875 0.0798611 0.0797729
0 0.770833 0.395833 0.0507813 0.0636574 0.0715942
0 0.634115 0.909722 0.0755208 0.145833 0.069519
0 0.0764974 0.464699 0.0553385 0.0983796 0.0680542
0 0.94401 0.429977 0.0755208 0.115162 0.0634766
0 0.976237 0.685764 0.047526 0.0798611 0.0623169
0 0.177572 0.766204 0.0507813 0.0717593 0.0623169
0 0.109375 0.826389 0.0429688 0.0706019 0.0585632
0 0.145508 0.168981 0.0572917 0.087963 0.0558167
0 0.686198 0.609375 0.0651042 0.0949074 0.0541992
0 0.485677 0.142795 0.0716146 0.134549 0.0505066
0 0.522461 0.497685 0.0592448 0.101852 0.044342
0 0.0229492 0.623843 0.0458984 0.0763889 0.0432129
0 0.391276 0.721065 0.0625 0.0949074 0.042572
0 0.720052 0.630787 0.0598958 0.0925926 0.0414734
0 0.438802 0.732639 0.0533854 0.0856481 0.0407715
0 0.178711 0.511719 0.0520833 0.0876736 0.0391235
0 0.430339 0.701389 0.0638021 0.099537 0.0347595
0 0.504557 0.47309 0.0677083 0.105903 0.0337219
0 0.652344 0.597222 0.0677083 0.099537 0.0323486
0 0.0253092 0.486111 0.0447591 0.087963 0.0320435
0 0.498047 0.136574 0.0826823 0.14294 0.02948
0 0.0823568 0.444444 0.0605469 0.106481 0.0293121
0 0.230306 0.704861 0.0445964 0.0763889 0.0280609
0 0.725911 0.672454 0.0507813 0.0717593 0.0268555
0 0.548828 0.759259 0.0533854 0.0810185 0.0263519
0 0.976563 0.916667 0.046875 0.0949074 0.0263519
0 0.954427 0.439815 0.0729167 0.119213 0.0256653
0 0.217773 0.917824 0.0826823 0.12963 0.0249329
0 0.683594 0.470486 0.046875 0.0659722 0.0248871
0 0.636719 0.085395 0.0755208 0.144025 0.0241394
0 0.619792 0.866898 0.0572917 0.104167 0.0229797
0 0.632813 0.0597512 0.0807292 0.115451 0.0223236
0 0.760417 0.725694 0.0651042 0.136574 0.0219879
0 0.537109 0.769097 0.0494792 0.0868056 0.0210114
0 0.236979 0.748843 0.0488281 0.0694444 0.0202942
0 0.369792 0.76331 0.0625 0.103009 0.0193481
0 0.97526 0.774306 0.0494792 0.0810185 0.0192413
0 0.430013 0.0673828 0.0729167 0.132595 0.0191956
0 0.0240885 0.521412 0.0445964 0.112269 0.0190887
0 0.558919 0.309606 0.0429688 0.0578704 0.0190582
0 0.315104 0.571181 0.0638021 0.105324 0.0187683
0 0.749349 0.740741 0.0703125 0.134259 0.0185394
0 0.679688 0.636429 0.171875 0.282697 0.191895
0 0.152669 0.167101 0.0546875 0.0737847 0.160767
0 0.855469 0.899306 0.0416667 0.0694444 0.104858
0 0.529948 0.825231 0.0403646 0.0578704 0.093689
0 0.977214 0.920139 0.0455729 0.0787037 0.0910645
0 0.713542 0.627315 0.104167 0.1875 0.0755615
0 0.534505 0.777199 0.0429688 0.0648148 0.0678101
0 0.776042 0.402199 0.0494792 0.0648148 0.0623169
0 0.715495 0.676505 0.117188 0.262731 0.0614319
0 0.440755 0.0690104 0.0585938 0.111979 0.0539856
0 0.500651 0.108218 0.121094 0.201389 0.0528259
0 0.688802 0.630787 0.15625 0.155093 0.0499573
0 0.608073 0.458912 0.0533854 0.0659722 0.0497742
0 0.915365 0.744213 0.166667 0.363426 0.0472412
0 0.979167 0.797454 0.0416667 0.09375 0.0453491
0 0.976563 0.815972 0.046875 0.106481 0.0435181
0 0.628255 0.85706 0.0638021 0.0972222 0.0418396
0 0.617839 0.846065 0.0481771 0.0648148 0.0415344
0 0.913411 0.80787 0.143229 0.273148 0.0414734
0 0.527344 0.512587 0.0436198 0.0651042 0.0413208
0 0.691406 0.478299 0.0494792 0.0619213 0.0386963
0 0.697917 0.605903 0.203125 0.283565 0.0383911
0 0.175781 0.154514 0.10026 0.104167 0.037384
0 0.108073 0.616898 0.0247396 0.0486111 0.037384
0 0.940104 0.46412 0.0651042 0.0868056 0.0367737
0 0.763021 0.782407 0.0364583 0.0625 0.0345459
0 0.147135 0.543403 0.0169271 0.037037 0.0343628
0 0.429362 0.736111 0.0332031 0.0578704 0.0335388
0 0.654297 0.627315 0.184896 0.30787 0.0330811
0 0.0170898 0.616898 0.0341797 0.0578704 0.0322266
0 0.317708 0.766204 0.0345052 0.0601852 0.0312042
0 0.605469 0.527778 0.0494792 0.068287 0.0283813
0 0.979818 0.617477 0.0403646 0.0520833 0.0283356
0 0.612142 0.425926 0.0595703 0.0925926 0.0282135
0 0.385417 0.743056 0.0325521 0.0578704 0.0271149
0 0.840495 0.480324 0.0390625 0.0520833 0.0269623
0 0.901693 0.858796 0.132812 0.164352 0.025177
0 0.928385 0.265914 0.140625 0.405671 0.0226746
0 0.945313 0.428819 0.0911458 0.119213 0.0226746
0 0.776042 0.548611 0.046875 0.0671296 0.021698
0 0.358724 0.0305266 0.0455729 0.0610532 0.0208893
0 0.435547 0.0577257 0.0742188 0.115451 0.0196838
0 0.0751953 0.480324 0.0397135 0.056713 0.0193787
0 0.697266 0.115162 0.25 0.210069 0.0192719
0 0.0668945 0.62037 0.030599 0.0486111 0.0183716
0 0.766927 0.671296 0.046875 0.0763889 0.0183411
0 0.876302 0.869213 0.0885417 0.118056 0.0182648
0 0.22168 0.481192 0.0322266 0.0549769 0.0177155
0 0.313802 0.0287905 0.0768229 0.057581 0.0170441
0 0.639323 0.739005 0.104167 0.104167 0.0165253
0 0.605469 0.45544 0.0377604 0.0601852 0.247314
0 0.943359 0.453993 0.0598958 0.0943287 0.221313
0 0.435547 0.740741 0.0345052 0.0601852 0.180054
0 0.614583 0.851852 0.046875 0.0648148 0.150024
0 0.85612 0.903356 0.0416667 0.0636574 0.144653
0 0.531901 0.766204 0.0416667 0.0648148 0.141235
0 0.0158691 0.62037 0.0317383 0.0648148 0.0977173
0 0.74349 0.774306 0.0442708 0.0648148 0.093689
0 0.759115 0.782407 0.0364583 0.0740741 0.0853882
0 0.317057 0.766782 0.0377604 0.0509259 0.0753174
0 0.623047 0.894676 0.0572917 0.104167 0.0379028
0 0.951172 0.460069 0.0690104 0.104167 0.0372009
0 0.98112 0.62037 0.0364583 0.0636574 0.0350037
0 0.946615 0.434028 0.0755208 0.114583 0.0336609
0 0.610677 0.420718 0.0442708 0.0775463 0.0317383
0 0.770833 0.814236 0.0338542 0.0717593 0.0303345
0 0.428711 0.710648 0.0351562 0.0671296 0.0282135
0 0.952474 0.416377 0.0755208 0.137731 0.0271759
0 0.381836 0.74537 0.0358073 0.0578704 0.0265045
0 0.978516 0.778935 0.0403646 0.0717593 0.0243378
0 0.176432 0.77662 0.0406901 0.0717593 0.024231
0 0.979818 0.686343 0.0351562 0.0648148 0.0240021
0 0.720052 0.664352 0.0325521 0.0625 0.0222931
0 0.527669 0.530093 0.0338542 0.0520833 0.0215302
0 0.775391 0.673032 0.0286458 0.0555556 0.0204926
0 0.759766 0.53588 0.0325521 0.0509259 0.0158997
0 0.624349 0.861111 0.0559896 0.087963 0.0158997
0 0.14974 0.541667 0.0266927 0.0393519 0.0146179
0 0.0152181 0.53588 0.0304362 0.0532407 0.0145035
0 0.109375 0.829282 0.0325521 0.0497685 0.0135345
0 0.0934245 0.470486 0.0332031 0.0555556 0.0106506
0 0.77474 0.46875 0.0364583 0.0474537 0.0103302
0 0.684245 0.476273 0.0390625 0.0601852 0.00993347
0 0.109701 0.765625 0.0338542 0.0486111 0.00985718
0 0.401042 0.541667 0.0338542 0.0532407 0.00978088
0 0.639323 0.604745 0.0299479 0.0509259 0.0086441
0 0.313802 0.832755 0.0377604 0.0625 0.00831604
0 0.52474 0.48206 0.0390625 0.0694444 0.00818634
0 0.946615 0.608796 0.0351562 0.037037 0.00815582
0 0.549479 0.767361 0.0338542 0.0555556 0.00806427
0 0.176758 0.813657 0.046875 0.0833333 0.00806427
0 0.222005 0.619213 0.0332031 0.0451389 0.00775528
0 0.976237 0.344907 0.047526 0.171296 0.00751877
0 0.232096 0.474537 0.0332031 0.0555556 0.00728989
0 0.679688 0.767361 0.0377604 0.0486111 0.00717545
0 0.720052 0.631944 0.0364583 0.0706019 0.00712204
0 0.53125 0.826968 0.0442708 0.0671296 0.00671768
0 0.0168457 0.681713 0.0336914 0.0555556 0.00658798
0 0.841146 0.474537 0.0364583 0.0543981 0.00612259
0 0.859375 0.868056 0.0481771 0.099537 0.00591278
0 0.976563 0.77662 0.0390625 0.0717593 0.209473
0 0.858724 0.902778 0.0390625 0.0625 0.168335
0 0.438477 0.735532 0.031901 0.0613426 0.167725
0 0.224935 0.471065 0.0260417 0.056713 0.107056
0 0.94401 0.456887 0.0364583 0.0613426 0.0974121
0 0.608073 0.453125 0.0260417 0.0486111 0.0939941
0 0.742188 0.767361 0.0416667 0.0555556 0.092041
0 0.761719 0.771991 0.0364583 0.0648148 0.0836182
0 0.608724 0.403356 0.03125 0.056713 0.0830078
0 0.727865 0.666667 0.0260417 0.0555556 0.0720825
0 0.111654 0.821759 0.0292969 0.0555556 0.0614319
0 0.763021 0.536458 0.0260417 0.0497685 0.0495911
0 0.151693 0.163773 0.047526 0.0729167 0.0438538
0 0.777344 0.397569 0.0338542 0.0555556 0.0413818
0 0.433594 0.712384 0.0364583 0.0717593 0.0393372
0 0.684896 0.478009 0.0286458 0.0578704 0.0388184
0 0.137695 0.920139 0.0377604 0.0648148 0.0352173
0 0.10026 0.453414 0.0227865 0.0532407 0.0344849
0 0.358073 0.833912 0.0247396 0.0428241 0.0318604
0 0.84375 0.467593 0.03125 0.0486111 0.0289764
0 0.403646 0.545139 0.0325521 0.0578704 0.0275269
0 0.526693 0.52662 0.0286458 0.0509259 0.0267639
0 0.537109 0.770833 0.0416667 0.0694444 0.0261536
0 0.617188 0.84838 0.046875 0.0671296 0.026062
0 0.978516 0.927083 0.0429688 0.0752315 0.0253296
0 0.388021 0.747685 0.0273438 0.0486111 0.0250397
0 0.966797 0.449653 0.0377604 0.0758102 0.0237732
0 0.0708008 0.466146 0.0315755 0.0532407 0.0235596
0 0.97526 0.686921 0.0338542 0.056713 0.0228882
0 0.522135 0.475405 0.0286458 0.0619213 0.0216522
0 0.0714518 0.396701 0.0397135 0.0677083 0.0213318
0 0.361979 0.613426 0.0273438 0.0532407 0.0207214
0 0.947917 0.418403 0.046875 0.0787037 0.0195312
0 0.313151 0.76794 0.0325521 0.0543981 0.0193024
0 0.308268 0.831019 0.0286458 0.0451389 0.0187225
0 0.973958 0.610532 0.0338542 0.0625 0.0186462
0 0.0206706 0.615741 0.0263672 0.0532407 0.0166626
0 0.772786 0.668981 0.0221354 0.0532407 0.0161591
0 0.925781 0.896412 0.0338542 0.056713 0.0158997
0 0.246419 0.0251013 0.0488281 0.0502025 0.0157776
0 0.686198 0.52662 0.0208333 0.0416667 0.0151291
0 0.726563 0.630208 0.0260417 0.0659722 0.0147324
0 0.197917 0.484664 0.0403646 0.0642361 0.0143356
0 0.977865 0.318287 0.0364583 0.0694444 0.0141754
0 0.425456 0.844907 0.0371094 0.0648148 0.0138474
0 0.548828 0.766204 0.0377604 0.0601852 0.0136871
0 0.28125 0.614005 0.03125 0.0451389 0.0135345
0 0.51888 0.966435 0.0364583 0.0555556 0.0131226
0 0.771484 0.458623 0.0221354 0.0353009 0.0127716
0 0.94987 0.609954 0.0325521 0.0462963 0.0124817
0 0.860677 0.899306 0.0338542 0.0532407 0.172119
0 0.442708 0.733796 0.0338542 0.0625 0.058136
0 0.938802 0.46875 0.0351562 0.0636574 0.0451965
0 0.746094 0.772569 0.0429688 0.0601852 0.0408325
0 0.610677 0.447049 0.0286458 0.052662 0.0316772
0 0.759115 0.777199 0.0390625 0.0636574 0.0283356
0 0.525391 0.477431 0.03125 0.0543981 0.026413
0 0.605469 0.406829 0.0338542 0.0590278 0.0253754
0 0.654948 0.54456 0.0338542 0.0509259 0.0183716
0 0.384115 0.741319 0.0338542 0.056713 0.0137405
0 0.315755 0.771991 0.03125 0.0520833 0.00978088
0 0.482422 0.465278 0.0260417 0.0381944 0.00948334
0 0.77474 0.398148 0.0286458 0.0497685 0.00941467
0 0.433594 0.711806 0.0377604 0.0740741 0.00871277
0 0.979167 0.78125 0.0338542 0.0671296 0.00818634
0 0.159017 0.53588 0.0332031 0.0486111 0.00803375
0 0.692708 0.470197 0.0286458 0.0457176 0.00734711
0 0.971354 0.461806 0.0338542 0.0671296 0.00706482
0 0.17806 0.528935 0.0351562 0.0578704 0.0068512
0 0.533854 0.829282 0.0351562 0.0590278 0.00634003
0 0.647135 0.604167 0.0299479 0.0474537 0.00624084
0 0.776042 0.460069 0.03125 0.0358796 0.00614548
0 0.728516 0.672454 0.0299479 0.0555556 0.00609589
0 0.83724 0.478588 0.0416667 0.056713 0.00566483
0 0.720703 0.464699 0.0299479 0.0358796 0.00559998
0 0.526042 0.524306 0.0299479 0.0520833 0.0055542
0 0.150879 0.173177 0.0345052 0.0546875 0.00498199
0 0.764323 0.543403 0.03125 0.0520833 0.00484848
0 0.60026 0.552083 0.03125 0.0555556 0.00466537
0 0.535807 0.771991 0.0390625 0.0601852 0.00460815
0 0.404948 0.53125 0.0325521 0.0486111 0.00455475
0 0.630208 0.850694 0.0455729 0.0625 0.00453949
0 0.561523 0.325231 0.0253906 0.0451389 0.00434875
0 0.727865 0.623843 0.03125 0.0532407 0.00429916
0 0.684245 0.531829 0.0273438 0.0381944 0.00390053
0 0.425781 0.533565 0.0338542 0.0462963 0.00382423
0 0.938802 0.147859 0.0572917 0.0752315 0.00370789
0 0.22526 0.472512 0.0299479 0.0474537 0.0036068
0 0.692708 0.614583 0.0286458 0.0462963 0.00327301
0 0.56901 0.0800058 0.0325521 0.0737847 0.00309944
0 0.563802 0.380787 0.0247396 0.0353009 0.0030632
0 0.404297 0.473958 0.0325521 0.0497685 0.0029583
0 0.983073 0.314525 0.03125 0.0706019 0.00293541
0 0.907552 0.462384 0.0364583 0.0497685 0.00287819
0 0.856771 0.169416 0.0260417 0.0520833 0.00284576
0 0.432292 0.467593 0.0279948 0.0393519 0.00271416
0 0.177083 0.768519 0.0345052 0.0462963 0.00268364
0 0.944661 0.417245 0.0533854 0.0925926 0.00257111
0 0.559896 0.457755 0.0234375 0.0428241 0.00257111
0 0.619792 0.850116 0.0455729 0.0601852 0.00257111
0 0.861328 0.891204 0.0390625 0.0625 0.408203
0 0.760417 0.768519 0.0338542 0.0590278 0.20813
0 0.778646 0.401042 0.0325521 0.0462963 0.193726
0 0.444661 0.730324 0.0338542 0.0648148 0.185913
0 0.845052 0.474537 0.0299479 0.046875 0.156616
0 0.386068 0.740162 0.0286458 0.0543981 0.146118
0 0.748047 0.773148 0.0442708 0.0625 0.113953
0 0.691406 0.474537 0.0260417 0.0462963 0.104492
0 0.528646 0.47338 0.0299479 0.0486111 0.101257
0 0.654948 0.536458 0.0286458 0.0462963 0.0923462
0 0.611979 0.398727 0.0286458 0.0428241 0.0847778
0 0.318034 0.756944 0.0279948 0.0462963 0.0806274
0 0.408854 0.46412 0.0338542 0.0428241 0.0758667
0 0.535807 0.764468 0.0390625 0.0613426 0.0656128
0 0.36849 0.611111 0.0338542 0.0555556 0.0564575
0 0.232096 0.475116 0.023763 0.0520833 0.0516663
0 0.440104 0.706597 0.0351562 0.0625 0.0516663
0 0.945964 0.613426 0.0260417 0.0439815 0.0514526
0 0.776042 0.449653 0.0260417 0.0451389 0.0505066
0 0.979167 0.77662 0.0338542 0.0625 0.0472412
0 0.600911 0.547454 0.0260417 0.0462963 0.0455322
0 0.530599 0.525463 0.0286458 0.0486111 0.0405273
0 0.950521 0.462384 0.0403646 0.0648148 0.0402527
0 0.690755 0.524306 0.0208333 0.0439815 0.0379639
0 0.535807 0.818866 0.0377604 0.0601852 0.0366211
0 0.608073 0.453125 0.0234375 0.0428241 0.0362244
0 0.180013 0.771991 0.0299479 0.0497685 0.0344238
0 0.61849 0.846065 0.0442708 0.0601852 0.0324707
0 0.926432 0.887731 0.0325521 0.0578704 0.0315552
0 0.480143 0.619213 0.0273438 0.0532407 0.0269165
0 0.551432 0.772569 0.0364583 0.0636574 0.0236969
0 0.152018 0.164352 0.0410156 0.0572917 0.0184784
0 0.408854 0.53588 0.03125 0.0462963 0.0162811
0 0.727865 0.674769 0.0234375 0.0462963 0.0154266
0 0.778646 0.66956 0.0273438 0.0532407 0.0154266
0 0.428711 0.530093 0.0253906 0.0462963 0.0141754
0 0.0212402 0.616898 0.0200195 0.0486111 0.0136337
0 0.0216471 0.521846 0.023112 0.0512153 0.0133286
0 0.727865 0.462384 0.0130208 0.0324074 0.0129242
0 0.903646 0.459491 0.0208333 0.0416667 0.012825
0 0.897135 0.767361 0.0260417 0.0509259 0.0122375
0 0.783854 0.612269 0.0325521 0.0462963 0.0119629
0 0.479818 0.462384 0.0182292 0.0358796 0.0114212
0 0.276693 0.612269 0.0208333 0.037037 0.0113297
0 0.313151 0.833333 0.0260417 0.0486111 0.0113297
0 0.0670573 0.611111 0.0236003 0.0416667 0.0110703
0 0.97526 0.680556 0.03125 0.0486111 0.0107346
0 0.359701 0.835648 0.0247396 0.0462963 0.0102463
0 0.982422 0.913194 0.0351562 0.0543981 0.00993347
0 0.628906 0.847222 0.046875 0.0625 0.00933838
0 0.763021 0.773148 0.0286458 0.0486111 0.0991211
0 0.742188 0.770833 0.0364583 0.0462963 0.0682983
0 0.611979 0.843171 0.0364583 0.0416667 0.0539856
0 0.979167 0.776042 0.03125 0.0520833 0.0510864
0 0.860677 0.909722 0.0364583 0.0462963 0.0394287
0 0.598958 0.549769 0.0234375 0.037037 0.0336609
0 0.64974 0.540509 0.0195313 0.0231481 0.0255585
0 0.440104 0.736111 0.0299479 0.0578704 0.023819
0 0.52474 0.531829 0.0279948 0.0347222 0.0223694
0 0.0184733 0.521412 0.0266927 0.0509259 0.0185089
0 0.231445 0.474537 0.0266927 0.0439815 0.0181274
0 0.605469 0.458912 0.0208333 0.0295139 0.0175781
0 0.0218099 0.615741 0.0234375 0.0439815 0.0166626
0 0.528646 0.766204 0.0325521 0.0439815 0.0150146
0 0.312826 0.761574 0.03125 0.0486111 0.014389
0 0.727865 0.681713 0.0208333 0.0347222 0.0142822
0 0.529297 0.835069 0.03125 0.037037 0.0136337
0 0.764974 0.543981 0.0221354 0.0335648 0.0132217
0 0.77474 0.460069 0.0234375 0.0266204 0.0129242
0 0.607422 0.403356 0.0273438 0.0381944 0.0122375
0 0.521159 0.475116 0.0240885 0.0381944 0.012146
0 0.684896 0.471644 0.0208333 0.0324074 0.0109024
0 0.772135 0.672454 0.0260417 0.0462963 0.0107346
0 0.773438 0.622106 0.0273438 0.0405093 0.0103302
0 0.945313 0.465856 0.046875 0.0578704 0.0102463
0 0.6875 0.538194 0.0208333 0.025463 0.0102463
0 0.977214 0.688657 0.0247396 0.0381944 0.00919342
0 0.0203451 0.489005 0.0292969 0.0659722 0.0091629
0 0.843099 0.472222 0.0273438 0.0347222 0.00818634
0 0.4375 0.706019 0.0364583 0.0601852 0.00809479
0 0.77474 0.405382 0.0286458 0.0451389 0.00806427
0 0.476563 0.625 0.0273438 0.0543981 0.00725937
0 0.0605469 0.612269 0.0240885 0.0324074 0.00669098
0 0.519531 0.625 0.0260417 0.0486111 0.00664139
0 0.983073 0.614583 0.0221354 0.0347222 0.00542831
0 0.27474 0.618056 0.0221354 0.0347222 0.00540543
0 0.388997 0.746528 0.0325521 0.0486111 0.00538635
0 0.689453 0.612847 0.0169271 0.0231481 0.00518036
0 0.727865 0.621528 0.0208333 0.0324074 0.0051384
0 0.431641 0.536458 0.0234375 0.0405093 0.00492477
0 0.942057 0.612269 0.0234375 0.0243056 0.00488663
0 0.925781 0.818287 0.125 0.164352 0.00486755
0 0.604167 0.601273 0.0208333 0.0347222 0.00468063
0 0.0222982 0.675926 0.0253906 0.0439815 0.00452042
0 0.06486 0.402778 0.0486654 0.0740741 0.00419998
0 0.770833 0.810764 0.0286458 0.068287 0.0041008
0 0.401693 0.538773 0.03125 0.0474537 0.00382423
0 0.729167 0.465567 0.015625 0.0202546 0.00380898
0 0.929688 0.853009 0.0677083 0.099537 0.00369263
0 0.925781 0.896412 0.0364583 0.056713 0.00369263
0 0.858073 0.897569 0.0416667 0.0613426 0.454346
0 0.757813 0.775463 0.0416667 0.068287 0.313965
0 0.31543 0.75463 0.0390625 0.0578704 0.187744
0 0.628906 0.859954 0.0520833 0.0787037 0.187134
0 0.748698 0.774306 0.0442708 0.0752315 0.166138
0 0.383464 0.737269 0.0338542 0.0601852 0.157715
0 0.437826 0.730324 0.0410156 0.0671296 0.0997925
0 0.626953 0.879051 0.0598958 0.0902778 0.0927124
0 0.942708 0.458912 0.0494792 0.0833333 0.0836182
0 0.625 0.891204 0.0677083 0.108796 0.0758667
0 0.923177 0.884259 0.0338542 0.0625 0.0758667
0 0.842448 0.479167 0.0338542 0.0509259 0.0682983
0 0.979818 0.921875 0.0390625 0.0590278 0.0614319
0 0.526693 0.518663 0.0338542 0.0529514 0.0598755
0 0.52474 0.478588 0.0332031 0.0543981 0.0534058
0 0.0202637 0.613426 0.0249023 0.0486111 0.041687
0 0.763021 0.538194 0.0273438 0.037037 0.0408325
0 0.978516 0.783565 0.0377604 0.0671296 0.0403137
0 0.727865 0.665509 0.0299479 0.0555556 0.037323
0 0.438151 0.714699 0.0442708 0.0717593 0.0347595
0 0.60612 0.452836 0.0273438 0.041088 0.0322876
0 0.276367 0.616898 0.0247396 0.0439815 0.0273743
0 0.0166016 0.520833 0.0283203 0.0486111 0.0252228
0 0.777995 0.618056 0.03125 0.0509259 0.0247955
0 0.684896 0.469618 0.0260417 0.0376157 0.0244751
0 0.785807 0.90162 0.0429688 0.0763889 0.0237274
0 0.397135 0.715856 0.0345052 0.0775463 0.0227203
0 0.474609 0.612269 0.03125 0.0578704 0.0214081
0 0.690104 0.527778 0.0234375 0.037037 0.0213623
0 0.772135 0.809606 0.0442708 0.087963 0.0187988
0 0.425781 0.844329 0.0377604 0.0590278 0.0183411
0 0.964193 0.453125 0.0455729 0.105324 0.0171814
0 0.520508 0.908565 0.0351562 0.0474537 0.0170441
0 0.0633952 0.604745 0.0258789 0.037037 0.0158997
0 0.727865 0.622685 0.03125 0.0462963 0.0158997
0 0.36263 0.619213 0.03125 0.0532407 0.0154266
0 0.941406 0.433738 0.0664062 0.106481 0.0145035
0 0.652344 0.538773 0.0234375 0.0335648 0.0131226
0 0.972656 0.80787 0.0338542 0.0601852 0.0131226
0 0.60026 0.546296 0.0286458 0.0416667 0.0130234
0 0.177083 0.775463 0.0351562 0.0532407 0.0123367
0 0.982422 0.612269 0.0260417 0.0451389 0.0120544
0 0.932292 0.84838 0.03125 0.0601852 0.0120087
0 0.994141 0.573929 0.0117188 0.852141 0.0119629
0 0.370443 0.739583 0.0403646 0.0648148 0.0115967
0 0.398763 0.458333 0.0234375 0.0358796 0.0106506
0 0.43099 0.533565 0.0253906 0.0393519 0.0105667
0 0.108398 0.824074 0.0234375 0.0486111 0.0105286
0 0.229492 0.469329 0.0279948 0.0474537 0.0104904
0 0.765625 0.127894 0.434896 0.255787 0.0104065
0 0.856771 0.911458 0.0416667 0.0636574 0.458984
0 0.744792 0.774306 0.0403646 0.0601852 0.24939
0 0.941406 0.46875 0.0364583 0.056713 0.180664
0 0.627604 0.857639 0.046875 0.0706019 0.132568
0 0.75651 0.77662 0.0416667 0.0625 0.128052
0 0.609375 0.454861 0.0286458 0.0405093 0.11676
0 0.384766 0.746528 0.0351562 0.0509259 0.11438
0 0.523438 0.480903 0.0338542 0.0601852 0.0960083
0 0.44043 0.733796 0.0384115 0.0601852 0.0715942
0 0.223307 0.47772 0.0325521 0.0549769 0.0446777
0 0.610026 0.409722 0.03125 0.0543981 0.0362854
0 0.630208 0.881366 0.0494792 0.0868056 0.0333252
0 0.979167 0.781829 0.0338542 0.0636574 0.0314941
0 0.841146 0.478009 0.0338542 0.0462963 0.0273285
0 0.726563 0.674769 0.0338542 0.0532407 0.0249939
0 0.684896 0.472512 0.0286458 0.0451389 0.0233765
0 0.019043 0.523148 0.0283203 0.0439815 0.0179138
0 0.525391 0.520255 0.0351562 0.0555556 0.0175781
0 0.963542 0.458044 0.0442708 0.0648148 0.0151291
0 0.439453 0.715278 0.0403646 0.0717593 0.0114212
0 0.481771 0.462384 0.0221354 0.037037 0.0109863
0 0.779948 0.413194 0.0364583 0.0607639 0.0103302
0 0.776042 0.449653 0.0286458 0.0416667 0.0102463
0 0.111165 0.833333 0.0322266 0.0462963 0.0100937
0 0.947917 0.426794 0.0494792 0.0868056 0.0086441
0 0.407878 0.468171 0.0351562 0.0428241 0.00812531
0 0.424154 0.530093 0.0351562 0.0439815 0.00787354
0 0.772786 0.8125 0.0403646 0.0925926 0.00784302
0 0.020752 0.618634 0.0265299 0.0497685 0.0077858
0 0.178385 0.778935 0.0351562 0.0578704 0.00760651
0 0.892578 0.762153 0.0338542 0.0509259 0.00712204
0 0.619792 0.890046 0.0572917 0.099537 0.00706482
0 0.0714518 0.465278 0.0328776 0.0405093 0.00658798
0 0.860677 0.877315 0.0494792 0.115741 0.00634003
0 0.969401 0.414931 0.0390625 0.0694444 0.005867
0 0.0203451 0.484954 0.0266927 0.0555556 0.00547028
0 0.690755 0.536458 0.0299479 0.0451389 0.00534439
0 0.317057 0.761574 0.0299479 0.0486111 0.00468063
0 0.402344 0.541667 0.0292969 0.0509259 0.00426483
0 0.562826 0.391204 0.0188802 0.0231481 0.00372124
0 0.352539 0.840278 0.0260417 0.0474537 0.00359344
0 0.396159 0.711806 0.0286458 0.0717593 0.00324821
0 0.0984701 0.462963 0.0250651 0.0393519 0.00304031
0 0.471354 0.616898 0.0351562 0.0601852 0.00296974
0 0.565104 0.315683 0.0221354 0.0283565 0.00282288
0 0.070638 0.539352 0.0273438 0.037037 0.00221634
0 0.425781 0.474537 0.0351562 0.0497685 0.00216484
0 0.0690104 0.40625 0.0367839 0.0590278 0.00214958
0 0.761068 0.545139 0.0325521 0.0509259 0.00214005
0 0.361003 0.626157 0.0338542 0.0648148 0.00209999
0 0.858724 0.902199 0.0403646 0.056713 0.180054
0 0.440104 0.734954 0.0351562 0.0543981 0.119995
0 0.617188 0.84838 0.0442708 0.0578704 0.0440063
0 0.222656 0.478588 0.0299479 0.0578704 0.0409851
0 0.316406 0.763889 0.0338542 0.0532407 0.0396423
0 0.610026 0.404514 0.0325521 0.0532407 0.0360718
0 0.740885 0.773148 0.0390625 0.0601852 0.0360107
0 0.938802 0.466435 0.0286458 0.0486111 0.0227203
0 0.980469 0.773148 0.0351562 0.0578704 0.0202942
0 0.761719 0.770833 0.03125 0.0601852 0.0191956
0 0.724609 0.671296 0.0299479 0.0486111 0.0178528
0 0.562174 0.319734 0.0266927 0.0393519 0.0171814
0 0.63151 0.852431 0.0390625 0.0648148 0.0162811
0 0.179036 0.77662 0.0325521 0.0578704 0.0138474
0 0.4375 0.714699 0.0390625 0.068287 0.013588
0 0.611328 0.456019 0.03125 0.037037 0.0134277
0 0.521484 0.474537 0.0299479 0.0578704 0.0132217
0 0.936198 0.407407 0.0286458 0.0509259 0.0131226
0 0.383789 0.747685 0.0332031 0.0509259 0.0104904
0 0.940104 0.612269 0.0286458 0.0462963 0.0103683
0 0.397786 0.462384 0.0247396 0.0381944 0.0078125
0 0.395833 0.694444 0.0260417 0.0428241 0.00636292
0 0.77474 0.456019 0.0260417 0.0335648 0.00634003
0 0.92513 0.894097 0.0338542 0.0520833 0.00584412
0 0.532552 0.770833 0.0403646 0.0625 0.00542831
0 0.984375 0.603009 0.03125 0.0462963 0.00518036
0 0.0196126 0.524306 0.0292969 0.0486111 0.00492477
0 0.230143 0.390914 0.0266927 0.0318287 0.00475693
0 0.266602 0.399595 0.0273438 0.041088 0.00426483
0 0.361979 0.625 0.0325521 0.0543981 0.00419998
0 0.64974 0.546296 0.0286458 0.0462963 0.00411606
0 0.242513 0.0284288 0.0585938 0.0568576 0.00407028
0 0.979818 0.922454 0.0403646 0.0694444 0.00403976
0 0.981771 0.402199 0.0286458 0.0497685 0.00385475
0 0.5625 0.396412 0.0260417 0.0416667 0.00365067
0 0.272135 0.618056 0.0221354 0.0393519 0.0036068
0 0.894531 0.756944 0.0286458 0.0439815 0.00358009
0 0.777344 0.412037 0.03125 0.0543981 0.00351143
0 0.608073 0.898727 0.0390625 0.0659722 0.00345612
0 0.019694 0.488715 0.0315755 0.0665509 0.00344276
0 0.979818 0.314815 0.03125 0.0509259 0.00324821
0 0.530273 0.831019 0.0338542 0.0439815 0.00324821
0 0.686198 0.477141 0.0260417 0.0515046 0.00323486
0 0.111003 0.82581 0.0332031 0.0474537 0.00314713
0 0.0694987 0.46412 0.0338542 0.0451389 0.00275803
0 0.142578 0.113715 0.285156 0.227431 0.00269318
0 0.0229492 0.779514 0.0332031 0.0671296 0.00257111
0 0.643229 0.311921 0.0234375 0.0405093 0.00239754
0 0.145182 0.124711 0.290365 0.249421 0.00232315
0 0.579427 0.067853 0.0611979 0.12066 0.00232315
0 0.858073 0.908565 0.0416667 0.0671296 0.430176
0 0.439779 0.731481 0.0397135 0.0648148 0.288574
0 0.742188 0.773148 0.0416667 0.068287 0.149048
0 0.981771 0.77662 0.0364583 0.0694444 0.138916
0 0.941406 0.460648 0.0390625 0.0619213 0.0974121
0 0.760417 0.774306 0.0403646 0.0671296 0.0705566
0 0.94401 0.608796 0.0338542 0.0532407 0.0680542
0 0.31901 0.759259 0.0325521 0.0555556 0.0531921
0 0.611979 0.4511 0.03125 0.0543981 0.0488586
0 0.616536 0.850694 0.0481771 0.0648148 0.0458679
0 0.36263 0.622685 0.0325521 0.0578704 0.0379028
0 0.517904 0.480903 0.0351562 0.0671296 0.0324097
0 0.276367 0.623843 0.0260417 0.0509259 0.0268555
0 0.776042 0.410301 0.0338542 0.0613426 0.0263062
0 0.384115 0.748843 0.0351562 0.0532407 0.0256195
0 0.980469 0.922454 0.0390625 0.0717593 0.02211
0 0.92513 0.891782 0.0351562 0.0613426 0.0190582
0 0.436849 0.717014 0.0429688 0.0752315 0.0184021
0 0.778646 0.448785 0.0299479 0.0486111 0.0162201
0 0.534505 0.770255 0.0416667 0.068287 0.0158386
0 0.785156 0.912037 0.0390625 0.0694444 0.0155411
0 0.0730794 0.465856 0.0364583 0.056713 0.0149536
0 0.532552 0.832755 0.0390625 0.0659722 0.014061
0 0.523763 0.521412 0.0364583 0.0636574 0.0139542
0 0.0228678 0.486111 0.0317383 0.0671296 0.0137405
0 0.688151 0.533565 0.0273438 0.0451389 0.013588
0 0.723958 0.671296 0.03125 0.0578704 0.0134277
0 0.610677 0.408275 0.0364583 0.0613426 0.0131226
0 0.0605469 0.613426 0.0289714 0.0439815 0.0126266
0 0.0241699 0.519676 0.0286458 0.0555556 0.0123367
0 0.628906 0.884259 0.0507813 0.0763889 0.0112457
0 0.934896 0.411748 0.0338542 0.0619213 0.0107803
0 0.0253906 0.621528 0.0268555 0.0613426 0.0107803
0 0.965495 0.456019 0.0390625 0.0677083 0.0102081
0 0.153971 0.173756 0.0436198 0.0679977 0.00993347
0 0.982422 0.603009 0.0273438 0.0671296 0.00971222
0 0.22168 0.478299 0.0335286 0.0619213 0.00926971
0 0.626953 0.860532 0.0494792 0.0752315 0.00844574
0 0.842448 0.477431 0.03125 0.0509259 0.00831604
0 0.0249023 0.778935 0.0294596 0.0694444 0.0078125
0 0.601563 0.552083 0.0299479 0.0532407 0.00763702
0 0.981771 0.546296 0.0286458 0.0578704 0.00751877
0 0.35612 0.752315 0.0260417 0.0578704 0.00737381
0 0.398438 0.463542 0.0273438 0.0462963 0.00709534
0 0.47526 0.619213 0.0325521 0.0555556 0.0064888
0 0.617188 0.894676 0.0546875 0.0902778 0.00634003
0 0.52181 0.619792 0.03125 0.0601852 0.00588989
0 0.0639648 0.395544 0.0351562 0.0520833 0.00577545
0 0.979167 0.403935 0.0260417 0.0596065 0.00559998
0 0.973958 0.810185 0.0364583 0.0671296 0.00559998
0 0.438151 0.728009 0.0423177 0.0694444 0.189575
0 0.384766 0.740741 0.0377604 0.0578704 0.157104
0 0.859375 0.91088 0.0442708 0.0717593 0.15564
0 0.982422 0.771991 0.0351562 0.0648148 0.146606
0 0.744792 0.773148 0.046875 0.0694444 0.101257
0 0.761719 0.775463 0.0442708 0.0671296 0.0866089
0 0.945313 0.453125 0.0442708 0.068287 0.0856934
0 0.777344 0.44184 0.0338542 0.0543981 0.0705566
0 0.72526 0.664931 0.0377604 0.0613426 0.0579224
0 0.223145 0.475694 0.0361328 0.0590278 0.0534058
0 0.611328 0.409722 0.0364583 0.0596065 0.0460205
0 0.438151 0.717593 0.0455729 0.0752315 0.0382385
0 0.0246582 0.484954 0.0362956 0.0659722 0.036438
0 0.0731608 0.467014 0.0424805 0.0613426 0.0361633
0 0.522786 0.477431 0.0364583 0.0613426 0.0354004
0 0.779948 0.414931 0.0390625 0.0625 0.0316772
0 0.606771 0.443576 0.0338542 0.0590278 0.0256195
0 0.0195313 0.516782 0.031901 0.0590278 0.0217743
0 0.945313 0.611111 0.0338542 0.0462963 0.0191956
0 0.966146 0.452546 0.0390625 0.0763889 0.0186157
0 0.233073 0.387153 0.0315755 0.037037 0.0167847
0 0.47526 0.622106 0.0390625 0.0648148 0.0167847
0 0.561198 0.391782 0.0266927 0.0393519 0.0147324
0 0.926432 0.890046 0.0364583 0.0671296 0.0145035
0 0.533529 0.827546 0.0416667 0.0601852 0.0132751
0 0.317708 0.761574 0.0351562 0.0509259 0.0131683
0 0.621094 0.856481 0.0507813 0.0671296 0.0125275
0 0.940104 0.418692 0.0416667 0.0694444 0.0123825
0 0.842448 0.476852 0.0338542 0.0486111 0.0121002
0 0.0236003 0.777778 0.0328776 0.0694444 0.0120544
0 0.177409 0.774884 0.0371094 0.0590278 0.0115051
0 0.0219727 0.619213 0.0292969 0.0648148 0.0110703
0 0.436198 0.392361 0.0260417 0.037037 0.00933838
0 0.0669759 0.393519 0.0450846 0.0578704 0.00908661
0 0.55013 0.773727 0.0442708 0.068287 0.00898743
0 0.628255 0.864583 0.0507813 0.0810185 0.00878143
0 0.277995 0.616319 0.0273438 0.0381944 0.00818634
0 0.363932 0.627315 0.0358073 0.0578704 0.00815582
0 0.391927 0.711806 0.0351562 0.0763889 0.00806427
0 0.52474 0.522569 0.0384115 0.0659722 0.00803375
0 0.63151 0.881366 0.0520833 0.0833333 0.00787354
0 0.976563 0.411458 0.03125 0.0671296 0.00746155
0 0.0905355 0.455729 0.0409342 0.0642361 0.00746155
0 0.401367 0.458333 0.03125 0.0399306 0.00712204
0 0.981771 0.604167 0.0273438 0.0532407 0.00712204
0 0.727214 0.634259 0.0351562 0.0625 0.00695801
0 0.763021 0.66088 0.0390625 0.0694444 0.00682449
0 0.263997 0.392361 0.0299479 0.0393519 0.00664139
0 0.562826 0.321759 0.0279948 0.0393519 0.00658798
0 0.619792 0.883102 0.0520833 0.0810185 0.0064888
0 0.744792 0.770833 0.0416667 0.0625 0.293457
0 0.44043 0.734375 0.0332031 0.0578704 0.169434
0 0.760417 0.773148 0.0351562 0.0625 0.165039
0 0.85612 0.905093 0.0351562 0.056713 0.136597
0 0.384766 0.746528 0.03125 0.0532407 0.0930176
0 0.980469 0.771991 0.03125 0.0532407 0.0900879
0 0.948568 0.45544 0.0364583 0.0532407 0.0682983
0 0.61849 0.851852 0.046875 0.0601852 0.0552063
0 0.611328 0.450231 0.03125 0.0497685 0.0484924
0 0.610026 0.40625 0.0338542 0.0555556 0.033905
0 0.520508 0.476852 0.0338542 0.0613426 0.0253296
0 0.525391 0.526042 0.0364583 0.0555556 0.0219421
0 0.627604 0.883102 0.0520833 0.0810185 0.0164642
0 0.967448 0.457176 0.03125 0.0590278 0.0129242
0 0.275065 0.614583 0.0214844 0.0347222 0.0129242
0 0.533203 0.769676 0.0364583 0.0555556 0.0118713
0 0.31901 0.760417 0.0299479 0.0451389 0.0114212
0 0.766927 0.668981 0.0286458 0.0578704 0.0108185
0 0.0192057 0.524306 0.023763 0.0486111 0.0105667
0 0.563802 0.313657 0.0208333 0.037037 0.00985718
0 0.723958 0.670139 0.0286458 0.0520833 0.00847626
0 0.0196126 0.483218 0.0249023 0.0636574 0.00803375
0 0.625651 0.864005 0.0507813 0.0810185 0.00793457
0 0.0181478 0.616319 0.0239258 0.0555556 0.00775528
0 0.0249023 0.772569 0.027832 0.0625 0.00728989
0 0.363281 0.623843 0.0299479 0.0520833 0.00661469
0 0.940755 0.411458 0.03125 0.056713 0.00643921
0 0.17806 0.778935 0.031901 0.0601852 0.00643921
0 0.311849 0.542245 0.0260417 0.0416667 0.00595856
0 0.552083 0.769676 0.0338542 0.056713 0.00582123
0 0.437826 0.716435 0.0364583 0.0717593 0.00561905
0 0.777344 0.404514 0.03125 0.0509259 0.0055542
0 0.842448 0.472222 0.0286458 0.0428241 0.00542831
0 0.061849 0.612269 0.0266927 0.0428241 0.00534439
0 0.684896 0.479745 0.0286458 0.0520833 0.00498199
0 0.527995 0.829282 0.0286458 0.0428241 0.00482941
0 0.925781 0.892361 0.03125 0.0578704 0.00455475
0 0.48112 0.454572 0.0234375 0.0480324 0.00439835
0 0.47526 0.613426 0.0286458 0.0509259 0.00432968
0 0.60026 0.541088 0.0286458 0.0451389 0.00408554
0 0.977865 0.402488 0.0234375 0.0520833 0.00400543
0 0.155273 0.175203 0.046224 0.0633681 0.00390053
0 0.973958 0.815394 0.0286458 0.0590278 0.0036068
0 0.77474 0.815972 0.0351562 0.0740741 0.00352478
0 0.982096 0.918981 0.0358073 0.0625 0.00352478
0 0.0694173 0.469329 0.0343424 0.0520833 0.00321007
0 0.763021 0.539352 0.0286458 0.0486111 0.00299263
0 0.984375 0.605324 0.0234375 0.0416667 0.0028553
0 0.524089 0.610532 0.0299479 0.0520833 0.00273705
0 0.776042 0.45081 0.0260417 0.0422454 0.0026722
0 0.853516 0.905671 0.0390625 0.0625 0.314941
0 0.979818 0.770833 0.0364583 0.0601852 0.23938
0 0.74349 0.772569 0.0442708 0.068287 0.225464
0 0.759115 0.770833 0.0390625 0.0648148 0.178345
0 0.382813 0.743056 0.0325521 0.0520833 0.134766
0 0.439779 0.733796 0.0338542 0.0601852 0.126343
0 0.942708 0.456597 0.0338542 0.0555556 0.0734253
0 0.611979 0.854167 0.0442708 0.0671296 0.0687866
0 0.721354 0.666667 0.0338542 0.0555556 0.0663452
0 0.311849 0.759259 0.0286458 0.0486111 0.0479431
0 0.173828 0.780093 0.0338542 0.056713 0.0453491
0 0.609375 0.452257 0.0286458 0.0457176 0.0428772
0 0.532552 0.825231 0.0351562 0.0520833 0.0341797
0 0.273438 0.618056 0.0221354 0.037037 0.0305023
0 0.523438 0.523148 0.03125 0.0509259 0.0236053
0 0.0141602 0.521412 0.0270182 0.0497685 0.0203705
0 0.0614421 0.612269 0.0247396 0.0405093 0.0193787
0 0.967448 0.451678 0.0338542 0.0642361 0.0187683
0 0.0135905 0.616898 0.027181 0.0532407 0.0187683
0 0.517253 0.478009 0.0286458 0.0555556 0.0178528
0 0.628255 0.857639 0.0442708 0.0706019 0.0174408
0 0.615885 0.886574 0.046875 0.0763889 0.0154266
0 0.605469 0.408565 0.0286458 0.0520833 0.0142288
0 0.533203 0.775463 0.0390625 0.0648148 0.013588
0 0.979818 0.917824 0.0403646 0.0717593 0.0128708
0 0.777344 0.41088 0.03125 0.0561343 0.012825
0 0.630208 0.87963 0.0481771 0.0775463 0.0127258
0 0.472005 0.613426 0.0299479 0.0509259 0.0126266
0 0.886719 0.760417 0.0338542 0.0486111 0.0125275
0 0.0180664 0.773727 0.0292969 0.0625 0.0114212
0 0.977214 0.401042 0.0260417 0.0520833 0.0112457
0 0.759115 0.53588 0.03125 0.0486111 0.0108566
0 0.971354 0.8125 0.0338542 0.0601852 0.0105667
0 0.981771 0.601852 0.0286458 0.0555556 0.0104065
0 0.838542 0.476273 0.0364583 0.0462963 0.00941467
0 0.934896 0.413194 0.0286458 0.0590278 0.00908661
0 0.941406 0.608796 0.0260417 0.0428241 0.00898743
0 0.921875 0.885417 0.0364583 0.0590278 0.0086441
0 0.765625 0.664352 0.03125 0.0625 0.00746155
0 0.0139974 0.677083 0.0266927 0.0416667 0.0069046
0 0.547526 0.775463 0.0377604 0.0590278 0.00669098
0 0.475911 0.45544 0.0195313 0.041088 0.00653839
0 0.598958 0.542824 0.0260417 0.0416667 0.0064621
0 0.433594 0.716435 0.0371094 0.0694444 0.00568771
0 0.77474 0.448495 0.0247396 0.0462963 0.00553513
0 0.983073 0.546296 0.03125 0.0578704 0.00526047
0 0.222331 0.478009 0.0266927 0.0509259 0.00494385
0 0.684896 0.528935 0.0247396 0.0405093 0.00492477
0 0.721354 0.633102 0.03125 0.0590278 0.00492477
0 0.352865 0.839699 0.0299479 0.0532407 0.00475693
0 0.744792 0.769676 0.0442708 0.0694444 0.329346
0 0.851563 0.907407 0.0390625 0.0601852 0.32251
0 0.75651 0.775463 0.0429688 0.0648148 0.139893
0 0.382813 0.742477 0.0345052 0.0532407 0.119629
0 0.44043 0.730324 0.0358073 0.0671296 0.11676
0 0.980469 0.771991 0.0364583 0.0578704 0.102661
0 0.610677 0.445602 0.03125 0.0555556 0.0957031
0 0.942708 0.457755 0.0338542 0.0590278 0.0628052
0 0.720052 0.666088 0.0364583 0.0601852 0.0456848
0 0.608073 0.411748 0.0338542 0.0584491 0.0432129
0 0.617839 0.854167 0.046875 0.0648148 0.0353394
0 0.778646 0.405961 0.0338542 0.0555556 0.0299835
0 0.0177409 0.517506 0.0325521 0.0622106 0.02948
0 0.519857 0.479167 0.0364583 0.0636574 0.0258026
0 0.153646 0.172743 0.0436198 0.0596065 0.022934
0 0.966146 0.456019 0.0338542 0.0630787 0.0220337
0 0.525391 0.520978 0.0364583 0.0622106 0.0195312
0 0.314453 0.755208 0.0286458 0.0486111 0.0156708
0 0.17513 0.780093 0.0361328 0.0601852 0.0142288
0 0.473633 0.617477 0.0358073 0.0613426 0.0124817
0 0.839844 0.476562 0.0338542 0.046875 0.0119629
0 0.0174967 0.489583 0.0349935 0.0763889 0.0118713
0 0.0691732 0.469329 0.0397135 0.0601852 0.0115051
0 0.759115 0.537037 0.0338542 0.0486111 0.011467
0 0.401693 0.460648 0.0273438 0.0405093 0.0112457
0 0.983073 0.59838 0.0286458 0.0578704 0.011116
0 0.0172526 0.614583 0.0315755 0.0740741 0.0110321
0 0.936198 0.411169 0.0338542 0.056713 0.0104904
0 0.531901 0.826968 0.0338542 0.056713 0.0104904
0 0.559245 0.395833 0.0266927 0.0462963 0.0100937
0 0.434245 0.717014 0.0403646 0.0706019 0.00945282
0 0.684896 0.478588 0.0273438 0.0509259 0.00891876
0 0.922526 0.885417 0.0364583 0.0613426 0.00871277
0 0.941406 0.604745 0.0273438 0.0462963 0.00751877
0 0.616536 0.885995 0.0481771 0.0763889 0.00712204
0 0.686849 0.52662 0.0273438 0.0462963 0.00651169
0 0.363932 0.617477 0.03125 0.0543981 0.00651169
0 0.977865 0.920139 0.0390625 0.0694444 0.0064888
0 0.898438 0.396412 0.0234375 0.0428241 0.00619125
0 0.0238444 0.779514 0.0333659 0.0775463 0.00609589
0 0.977865 0.399884 0.0260417 0.0515046 0.00605011
0 0.720703 0.634259 0.0364583 0.0625 0.005867
0 0.476888 0.452546 0.0247396 0.0486111 0.00526047
0 0.546875 0.774306 0.0416667 0.0625 0.00492477
0 0.561849 0.315394 0.0234375 0.0439815 0.00460815
0 0.774089 0.446759 0.0247396 0.0486111 0.00443268
0 0.984375 0.549769 0.03125 0.0648148 0.00441742
0 0.628906 0.87963 0.0494792 0.0763889 0.00429916
0 0.626302 0.859954 0.046875 0.0717593 0.00397491
0 0.177409 0.8125 0.0348307 0.0648148 0.00391388
0 0.745443 0.771991 0.0442708 0.0648148 0.422607
0 0.757813 0.775463 0.0455729 0.0671296 0.24292
0 0.440104 0.730324 0.0390625 0.0648148 0.23584
0 0.383789 0.743056 0.0345052 0.0532407 0.167236
0 0.85612 0.909144 0.0455729 0.0671296 0.128052
0 0.943359 0.457755 0.0390625 0.0619213 0.127686
0 0.611979 0.453125 0.0260417 0.0405093 0.0836182
0 0.980469 0.775463 0.0364583 0.0625 0.0817871
0 0.723307 0.666667 0.0338542 0.0555556 0.0524292
0 0.607422 0.411169 0.0299479 0.0538194 0.0357361
0 0.520833 0.483796 0.0351562 0.0625 0.0348816
0 0.524414 0.519676 0.0345052 0.0532407 0.0327148
0 0.966146 0.45515 0.0364583 0.0653935 0.0270081
0 0.0195313 0.519531 0.0299479 0.0535301 0.0250854
0 0.175456 0.782407 0.0371094 0.0648148 0.0246582
0 0.314779 0.759259 0.0325521 0.0509259 0.0232849
0 0.435547 0.71875 0.0416667 0.0729167 0.021286
0 0.155924 0.175637 0.0449219 0.0613426 0.0155411
0 0.940755 0.417824 0.0403646 0.0665509 0.0136337
0 0.619792 0.859954 0.0520833 0.0694444 0.0133286
0 0.626953 0.883102 0.0559896 0.0810185 0.0113297
0 0.759766 0.542824 0.03125 0.0474537 0.0111618
0 0.6875 0.530093 0.0260417 0.0381944 0.00926971
0 0.364583 0.622685 0.0299479 0.0509259 0.00844574
0 0.278646 0.623843 0.0260417 0.0451389 0.00746155
0 0.684896 0.48206 0.0234375 0.0509259 0.00734711
0 0.473958 0.617477 0.0338542 0.0578704 0.00717545
0 0.533203 0.829861 0.0364583 0.0590278 0.00614548
0 0.723307 0.634838 0.0325521 0.0636574 0.00605011
0 0.769531 0.663194 0.0364583 0.0625 0.00600433
0 0.779297 0.412616 0.0325521 0.0601852 0.00564194
0 0.177409 0.811343 0.0380859 0.0717593 0.00542831
0 0.775391 0.447917 0.0247396 0.0439815 0.00534439
0 0.399414 0.462674 0.0221354 0.0335648 0.00486755
0 0.975911 0.407407 0.0260417 0.0601852 0.00482941
0 0.0266113 0.784722 0.0372721 0.0787037 0.00468063
0 0.841146 0.480035 0.0338542 0.0503472 0.00457382
0 0.0189616 0.491609 0.035319 0.0769676 0.00448608
0 0.0197754 0.622685 0.0289714 0.0648148 0.00421524
0 0.477865 0.45544 0.0208333 0.0405093 0.00411606
0 0.0688477 0.476273 0.0361328 0.0601852 0.00392914
0 0.921875 0.889468 0.0390625 0.0648148 0.00390053
0 0.889323 0.766204 0.0364583 0.0543981 0.00385475
0 0.972656 0.809028 0.0338542 0.0671296 0.00382423
0 0.983073 0.603009 0.0260417 0.0532407 0.00379562
0 0.773438 0.805556 0.046875 0.0925926 0.00379562
0 0.063151 0.618056 0.0289714 0.0486111 0.00367928
0 0.561849 0.319444 0.0195313 0.0393519 0.00362206
0 0.559245 0.398727 0.0221354 0.0405093 0.00355148
0 0.690104 0.613426 0.0273438 0.0439815 0.00355148
0 0.746094 0.769676 0.046875 0.0648148 0.490234
0 0.75651 0.771991 0.046875 0.0625 0.306641
0 0.945313 0.461227 0.0455729 0.0694444 0.212036
0 0.382813 0.743056 0.0351562 0.0486111 0.203735
0 0.852865 0.90625 0.0429688 0.0601852 0.147095
0 0.439453 0.73206 0.0384115 0.0625 0.141724
0 0.611328 0.45081 0.03125 0.0509259 0.113586
0 0.979167 0.774306 0.0390625 0.0601852 0.0966797
0 0.608073 0.412037 0.0364583 0.0601852 0.0710449
0 0.963542 0.452546 0.0416667 0.0752315 0.0692749
0 0.723958 0.665509 0.0364583 0.0590278 0.0621033
0 0.520182 0.483796 0.0429688 0.0706019 0.0503235
0 0.52474 0.522135 0.0403646 0.0622106 0.0311432
0 0.155599 0.16985 0.0436198 0.0584491 0.0294189
0 0.314453 0.758681 0.0325521 0.0509259 0.0251312
0 0.628906 0.880787 0.0520833 0.0717593 0.0176392
0 0.759115 0.539931 0.0338542 0.0474537 0.0173035
0 0.0183919 0.521846 0.0296224 0.0512153 0.0147324
0 0.769531 0.663773 0.0403646 0.0648148 0.0147324
0 0.944661 0.423611 0.0520833 0.0810185 0.0132217
0 0.435872 0.716435 0.0436198 0.0694444 0.0129242
0 0.972656 0.412037 0.0390625 0.0746528 0.0116882
0 0.851563 0.168692 0.0338542 0.0471644 0.0108185
0 0.779948 0.407986 0.0364583 0.0613426 0.0100937
0 0.921875 0.888889 0.0364583 0.0578704 0.00993347
0 0.174805 0.782407 0.0384115 0.0625 0.00930023
0 0.364583 0.622685 0.0325521 0.0532407 0.0091629
0 0.6875 0.53125 0.0299479 0.0416667 0.0078125
0 0.55957 0.318576 0.0266927 0.0445602 0.00731659
0 0.839844 0.479745 0.0364583 0.0509259 0.00723267
0 0.621094 0.858218 0.0494792 0.0671296 0.00651169
0 0.983073 0.603009 0.03125 0.0578704 0.00602722
0 0.621745 0.88831 0.0520833 0.0775463 0.00595856
0 0.277344 0.621528 0.0273438 0.0439815 0.00591278
0 0.723958 0.634838 0.0338542 0.0636574 0.00584412
0 0.980469 0.921296 0.0390625 0.0694444 0.00559998
0 0.53125 0.833333 0.0338542 0.0532407 0.00553513
0 0.0192057 0.618056 0.0276693 0.0601852 0.0051384
0 0.972656 0.809028 0.0364583 0.0659722 0.00473785
0 0.558268 0.40191 0.0299479 0.0503472 0.00468063
0 0.401042 0.46412 0.0286458 0.0393519 0.00462723
0 0.472656 0.62037 0.0351562 0.0555556 0.0041008
0 0.626302 0.866898 0.0494792 0.0798611 0.00370789
0 0.901693 0.403067 0.0286458 0.0515046 0.00367928
0 0.773438 0.80787 0.046875 0.0949074 0.00353813
0 0.0268555 0.782407 0.0345052 0.0740741 0.00332451
0 0.0205078 0.488426 0.0354818 0.0763889 0.00327301
0 0.0634766 0.618056 0.0299479 0.0474537 0.00324821
0 0.480469 0.45544 0.0247396 0.0486111 0.00314713
0 0.686198 0.48206 0.0286458 0.0543981 0.00314713
0 0.744792 0.769676 0.0442708 0.0671296 0.458984
0 0.755208 0.774306 0.0494792 0.0694444 0.229492
0 0.383464 0.744213 0.0338542 0.0543981 0.195557
0 0.440104 0.731481 0.0377604 0.0636574 0.184204
0 0.946615 0.461227 0.0442708 0.0740741 0.138428
0 0.855469 0.908565 0.0416667 0.0671296 0.11084
0 0.980469 0.775463 0.0390625 0.0659722 0.106323
0 0.611979 0.45081 0.0299479 0.0520833 0.0869141
0 0.609375 0.411169 0.0338542 0.0584491 0.0750122
0 0.725911 0.663773 0.0351562 0.0625 0.0558167
0 0.963542 0.453704 0.0429688 0.0821759 0.0524292
0 0.155924 0.169271 0.0423177 0.0639468 0.0401611
0 0.526693 0.51794 0.0390625 0.0671296 0.0288086
0 0.520833 0.483796 0.0397135 0.0717593 0.0281677
0 0.315755 0.759259 0.0299479 0.0532407 0.0239563
0 0.175456 0.78125 0.0377604 0.0671296 0.0207214
0 0.0195313 0.518519 0.0302734 0.0578704 0.0202942
0 0.436849 0.718171 0.0429688 0.0729167 0.0179138
0 0.619792 0.857639 0.046875 0.0671296 0.0171814
0 0.94401 0.421875 0.046875 0.0787037 0.0157776
0 0.760417 0.542245 0.0338542 0.0532407 0.0149536
0 0.780599 0.41059 0.0351562 0.0625 0.0138474
0 0.840495 0.480903 0.0351562 0.0555556 0.0131226
0 0.688802 0.528935 0.0286458 0.0462963 0.0103302
0 0.53125 0.831597 0.0325521 0.0555556 0.01017
0 0.973958 0.409722 0.0364583 0.0763889 0.0100098
0 0.0262044 0.784722 0.0341797 0.0833333 0.0086441
0 0.983724 0.602431 0.0299479 0.0636574 0.00847626
0 0.627604 0.880787 0.0546875 0.0798611 0.00844574
0 0.768229 0.663194 0.0390625 0.0671296 0.00790405
0 0.923177 0.887731 0.0364583 0.0648148 0.00731659
0 0.219238 0.483218 0.0332031 0.0590278 0.00664139
0 0.727214 0.636574 0.0325521 0.0694444 0.00629044
0 0.398763 0.462095 0.0240885 0.0387731 0.00614548
0 0.363932 0.622685 0.03125 0.0555556 0.00605011
0 0.776693 0.445891 0.0273438 0.0515046 0.00598145
0 0.0196126 0.619213 0.0281576 0.0694444 0.00591278
0 0.973307 0.805556 0.0377604 0.0740741 0.00577545
0 0.277018 0.621528 0.0247396 0.0462963 0.00572968
0 0.686849 0.480903 0.0260417 0.0543981 0.00540543
0 0.619141 0.887731 0.0481771 0.0833333 0.00524139
0 0.0703125 0.471933 0.038737 0.0653935 0.0051384
0 0.479818 0.453125 0.0221354 0.0486111 0.0050621
0 0.980469 0.921296 0.0390625 0.0810185 0.00484848
0 0.890625 0.762731 0.0351562 0.0555556 0.00481033
0 0.0209961 0.489583 0.0341797 0.0787037 0.00471878
0 0.535807 0.77662 0.0403646 0.0694444 0.00460815
0 0.626302 0.864583 0.0494792 0.0810185 0.00457382
0 0.772135 0.806713 0.0455729 0.099537 0.00436401
0 0.548177 0.777199 0.0390625 0.0636574 0.00421524
0 0.744792 0.769097 0.0442708 0.0659722 0.525391
0 0.757813 0.774306 0.0494792 0.0694444 0.27832
0 0.855469 0.90625 0.0442708 0.0694444 0.226074
0 0.440755 0.731481 0.0397135 0.0648148 0.203125
0 0.383464 0.744213 0.0351562 0.0532407 0.192505
0 0.980469 0.775463 0.0377604 0.0625 0.121277
0 0.945313 0.465278 0.0416667 0.0671296 0.113953
0 0.611979 0.451389 0.03125 0.0497685 0.0907593
0 0.608724 0.41088 0.0338542 0.0578704 0.0592041
0 0.726563 0.664352 0.0364583 0.0601852 0.0583496
0 0.155924 0.16985 0.0419922 0.0613426 0.0522461
0 0.965495 0.458044 0.0390625 0.0734954 0.0371094
0 0.316406 0.758102 0.0325521 0.0555556 0.0368347
0 0.619792 0.856481 0.046875 0.0659722 0.0297546
0 0.526367 0.520689 0.0371094 0.0604745 0.0292053
0 0.520833 0.483218 0.0390625 0.0671296 0.0274353
0 0.436849 0.718171 0.0442708 0.0717593 0.0184021
0 0.779948 0.407697 0.0338542 0.0584491 0.0171051
0 0.019043 0.520255 0.0299479 0.0543981 0.0164032
0 0.628906 0.880787 0.0546875 0.0763889 0.0153046
0 0.175781 0.78125 0.0377604 0.0648148 0.0146179
0 0.531901 0.831019 0.0338542 0.0555556 0.0136337
0 0.941406 0.416667 0.0416667 0.0671296 0.0126266
0 0.363932 0.621528 0.03125 0.0532407 0.0117798
0 0.839844 0.480903 0.0338542 0.0532407 0.00993347
0 0.760417 0.541667 0.03125 0.0497685 0.00978088
0 0.977865 0.403646 0.0286458 0.0619213 0.0085144
0 0.728516 0.636574 0.0325521 0.0659722 0.0085144
0 0.276693 0.622685 0.0260417 0.0439815 0.00812531
0 0.688802 0.528935 0.0286458 0.0451389 0.00775528
0 0.923177 0.887153 0.0377604 0.0648148 0.00751877
0 0.769531 0.663194 0.0364583 0.0648148 0.00734711
0 0.626953 0.865162 0.0494792 0.0787037 0.00698471
0 0.619792 0.887153 0.0494792 0.0810185 0.00682449
0 0.0193685 0.618056 0.0279948 0.0625 0.00629044
0 0.983724 0.603009 0.0286458 0.0578704 0.00624084
0 0.980143 0.921296 0.0397135 0.0763889 0.00600433
0 0.560547 0.319155 0.0227865 0.0445602 0.005867
0 0.0260417 0.78125 0.0338542 0.0752315 0.00547028
0 0.972656 0.80787 0.0364583 0.0694444 0.00542831
0 0.772786 0.806713 0.0455729 0.0949074 0.00524139
0 0.47526 0.619213 0.0345052 0.0601852 0.00510025
0 0.899089 0.40191 0.0234375 0.0486111 0.0049057
0 0.399414 0.462963 0.0240885 0.0381944 0.0049057
0 0.478841 0.454861 0.0214844 0.0451389 0.00468063
0 0.686198 0.480613 0.0260417 0.052662 0.0046463
0 0.535807 0.774306 0.0403646 0.0659722 0.0046463
0 0.548503 0.775463 0.0397135 0.0625 0.00457382
0 0.219076 0.483218 0.0335286 0.0590278 0.00455475
0 0.890625 0.762731 0.0338542 0.0509259 0.00391388
0 0.744792 0.769097 0.0442708 0.0659722 0.527344
0 0.757813 0.774306 0.0494792 0.0694444 0.279053
0 0.855469 0.90625 0.0442708 0.0694444 0.225464
0 0.440755 0.731481 0.0397135 0.0648148 0.202393
0 0.383464 0.744213 0.0351562 0.0532407 0.193115
0 0.980469 0.775463 0.0377604 0.0625 0.122131
0 0.945964 0.465278 0.0403646 0.0671296 0.113586
0 0.611979 0.451389 0.03125 0.0497685 0.0903931
0 0.608724 0.411169 0.0338542 0.0572917 0.0589905
0 0.726563 0.663194 0.0364583 0.0601852 0.058136
0 0.155924 0.16985 0.0419922 0.0613426 0.0518494
0 0.965495 0.458044 0.0390625 0.0734954 0.0369873
0 0.316406 0.758681 0.0325521 0.0543981 0.0366211
0 0.619792 0.856481 0.046875 0.0659722 0.0300446
0 0.526367 0.520689 0.0371094 0.0604745 0.0294189
0 0.520833 0.483218 0.0390625 0.0671296 0.0276337
0 0.436849 0.718171 0.0442708 0.0717593 0.0184021
0 0.779948 0.407986 0.0338542 0.0578704 0.0173035
0 0.019043 0.520255 0.0299479 0.0543981 0.0164032
0 0.628906 0.880787 0.0546875 0.0763889 0.0154266
0 0.175781 0.78125 0.0377604 0.0648148 0.0147858
0 0.531901 0.831019 0.0338542 0.0555556 0.0136337
0 0.941406 0.416667 0.0416667 0.0671296 0.0126266
0 0.363932 0.621528 0.03125 0.0532407 0.0118713
0 0.839844 0.480903 0.0338542 0.0532407 0.0100098
0 0.760417 0.541667 0.03125 0.0486111 0.00985718
0 0.977865 0.403646 0.0286458 0.0619213 0.0085144
0 0.728516 0.636574 0.0325521 0.0659722 0.0085144
0 0.276693 0.622685 0.0260417 0.0439815 0.00818634
0 0.688802 0.528935 0.0286458 0.0451389 0.0078125
0 0.923177 0.887153 0.0377604 0.0648148 0.00748825
0 0.769531 0.663194 0.0364583 0.0648148 0.00728989
0 0.626953 0.865162 0.0494792 0.0787037 0.00712204
0 0.619792 0.887153 0.0494792 0.0810185 0.0068779
0 0.0192871 0.618056 0.0281576 0.0625 0.00629044
0 0.983724 0.603009 0.0286458 0.0578704 0.00624084
0 0.979818 0.921296 0.0403646 0.0763889 0.00595856
0 0.560547 0.319155 0.0227865 0.0445602 0.00582123
0 0.0259603 0.78125 0.0340169 0.0752315 0.00548935
0 0.973307 0.80787 0.0364583 0.0694444 0.00540543
0 0.772786 0.806713 0.0455729 0.0949074 0.00524139
0 0.47526 0.619213 0.0338542 0.0601852 0.00516129
0 0.399414 0.462963 0.0240885 0.0381944 0.00494385
0 0.899089 0.40191 0.0234375 0.0486111 0.00492477
0 0.478841 0.454861 0.0214844 0.0451389 0.00469971
0 0.686198 0.480613 0.0260417 0.052662 0.00468063
0 0.535807 0.774306 0.0403646 0.0659722 0.00466537
0 0.219076 0.483218 0.0335286 0.0590278 0.0046463
0 0.548503 0.775463 0.0397135 0.0625 0.0045929
0 0.890625 0.762731 0.0338542 0.0509259 0.00395966
