0 0.688802 0.77662 0.0651042 0.106481 0.810059
0 0.6875 0.797454 0.0651042 0.106481 0.152588
0 0.876302 0.68287 0.247396 0.5 0.10376
0 0.137329 0.865162 0.259196 0.269676 0.0470886
0 0.516276 0.622685 0.0533854 0.0729167 0.0311432
0 0.86849 0.478588 0.263021 0.957176 0.0292053
0 0.690592 0.478009 0.618815 0.946759 0.0264587
0 0.731771 0.5 0.536458 1 0.0253754
0 0.735026 0.674769 0.529948 0.650463 0.0200195
0 0.696289 0.594907 0.607422 0.810185 0.0197144
0 0.673177 0.5 0.653646 1 0.016983
0 0.871745 0.629051 0.25651 0.663194 0.0156708
0 0.5 0.485243 1 0.970486 0.0149002
0 0.745117 0.629196 0.509766 0.741609 0.0134277
0 0.701823 0.822338 0.596354 0.355324 0.0132751
0 0.625651 0.485532 0.731771 0.971065 0.0115509
0 0.872396 0.771412 0.244792 0.351852 0.0105667
0 0.157227 0.881944 0.314453 0.236111 0.00989532
0 0.895833 0.183738 0.208333 0.367477 0.00985718
0 0.692708 0.556713 0.614583 0.886574 0.00919342
0 0.5 0.498264 1 0.996528 0.00905609
0 0.682292 0.5 0.635417 1 0.00867462
0 0.158529 0.904514 0.284505 0.190972 0.00834656
0 0.874349 0.761574 0.251302 0.416667 0.00796509
0 0.603841 0.758681 0.792318 0.482639 0.00790405
0 0.520833 0.577546 0.0924479 0.12963 0.0068512
0 0.453451 0.5 0.906901 1 0.00641251
0 0.688151 0.81713 0.0807292 0.280093 0.00626373
0 0.129557 0.777778 0.24349 0.444444 0.00616837
0 0.598958 0.5 0.802083 1 0.00582123
0 0.5 0.5 1 1 0.00564194
0 0.5 0.5 1 1 0.00559998
0 0.696615 0.675926 0.078125 0.49537 0.00526047
0 0.5 0.5 1 1 0.00462723
0 0.173177 0.822917 0.328125 0.354167 0.00453949
0 0.871745 0.833333 0.25651 0.333333 0.00441742
0 0.86263 0.811343 0.209635 0.224537 0.00395966
0 0.86849 0.165509 0.260417 0.331019 0.00366402
0 0.879557 0.761574 0.233073 0.476852 0.00352478
0 0.682943 0.773727 0.0846354 0.125 0.00328636
0 0.883464 0.82581 0.231771 0.334491 0.00319672
0 0.560547 0.963831 0.0598958 0.072338 0.00282288
0 0.695313 0.755787 0.0859375 0.488426 0.00273705
0 0.81901 0.66088 0.335938 0.678241 0.00244331
0 0.910156 0.447627 0.179688 0.806134 0.00243378
0 0.682292 0.792824 0.09375 0.134259 0.002388
0 0.82487 0.173466 0.35026 0.346933 0.00218201
0 0.617839 0.580006 0.259115 0.506655 0.00214005
0 0.869792 0.856481 0.260417 0.287037 0.00208282
0 0.872396 0.543837 0.255208 0.912326 0.0019722
0 0.695313 0.781829 0.0677083 0.101852 0.885742
0 0.522786 0.621528 0.0546875 0.0648148 0.378418
0 0.442383 0.232567 0.047526 0.0707465 0.120422
0 0.604818 0.558449 0.0520833 0.0763889 0.105957
0 0.554362 0.248264 0.0514323 0.0763889 0.0917358
0 0.771484 0.773148 0.0429688 0.0798611 0.0806274
0 0.0918376 0.177083 0.0624186 0.0833333 0.0758667
0 0.0419108 0.94213 0.0717774 0.115741 0.0574951
0 0.0577799 0.898148 0.105469 0.203704 0.0481262
0 0.214681 0.221065 0.0576172 0.0920139 0.0477905
0 0.630208 0.561343 0.0572917 0.0763889 0.039856
0 0.491536 0.621528 0.046875 0.0694444 0.0389099
0 0.877604 0.59375 0.0572917 0.0925926 0.0343018
0 0.848958 0.854167 0.0546875 0.099537 0.0331421
0 0.519857 0.584491 0.0703125 0.131944 0.0309143
0 0.205241 0.231554 0.0507813 0.0878183 0.0307312
0 0.691406 0.749421 0.0703125 0.145833 0.0293732
0 0.783203 0.846065 0.0481771 0.0914352 0.0293121
0 0.727214 0.48206 0.0638021 0.0763889 0.0253754
0 0.564453 0.564815 0.0533854 0.0983796 0.0216217
0 0.800781 0.855903 0.078125 0.106481 0.0187988
0 0.0843099 0.181279 0.0690104 0.112558 0.0180969
0 0.634115 0.609954 0.0494792 0.0740741 0.0175781
0 0.47819 0.914352 0.0670573 0.087963 0.0173035
0 0.971354 0.755787 0.0507813 0.0902778 0.0170441
0 0.484375 0.541667 0.046875 0.0671296 0.0149536
0 0.617839 0.59375 0.0481771 0.0810185 0.0145035
0 0.702474 0.743634 0.105469 0.179398 0.0145035
0 0.761719 0.720486 0.0442708 0.152778 0.0145035
0 0.255208 0.696181 0.0605469 0.113426 0.0144501
0 0.867188 0.563657 0.0572917 0.0949074 0.0141754
0 0.845052 0.869213 0.046875 0.099537 0.014061
0 0.503255 0.929398 0.0807292 0.0856481 0.0139542
0 0.779948 0.881366 0.0442708 0.0891204 0.0118713
0 0.195638 0.368056 0.0533854 0.0891204 0.0112457
0 0.539062 0.613426 0.0742188 0.0763889 0.0111618
0 0.795573 0.821759 0.0859375 0.168981 0.0109863
0 0.760417 0.625 0.046875 0.0706019 0.0106125
0 0.43099 0.199942 0.0625 0.133681 0.00941467
0 0.394857 0.0843461 0.0638021 0.121817 0.00933838
0 0.608236 0.041739 0.0673828 0.0704572 0.00926971
0 0.0712891 0.222729 0.0836589 0.172598 0.00912476
0 0.540039 0.256944 0.0553385 0.0792824 0.00754929
0 0.219727 0.200376 0.0813802 0.136863 0.00751877
0 0.198242 0.186921 0.078776 0.113426 0.00748825
0 0.690104 0.539352 0.0338542 0.0694444 0.0069046
0 0.875 0.572338 0.0677083 0.109954 0.00669098
0 0.917969 0.20081 0.140625 0.354745 0.00626373
0 0.202148 0.253472 0.404297 0.506944 0.00616837
0 0.923828 0.120624 0.11849 0.187572 0.00614548
0 0.692708 0.779514 0.0703125 0.106481 0.684082
0 0.690755 0.798611 0.0703125 0.0902778 0.180054
0 0.528646 0.618056 0.0351562 0.0509259 0.133911
0 0.386719 0.849537 0.0397135 0.0590278 0.101257
0 0.723958 0.267072 0.528646 0.534144 0.0960083
0 0.363281 0.483796 0.0501302 0.0717593 0.0927124
0 0.598958 0.548611 0.0338542 0.0578704 0.0827026
0 0.48112 0.128472 0.214844 0.256944 0.0817871
0 0.897786 0.157697 0.190104 0.308449 0.0614319
0 0.850911 0.84838 0.0455729 0.0810185 0.0524292
0 0.472331 0.166956 0.10612 0.189815 0.0458679
0 0.555339 0.24537 0.0481771 0.0677083 0.0455322
0 0.479818 0.140336 0.229167 0.280671 0.0453491
0 0.472656 0.903935 0.0455729 0.0740741 0.0357361
0 0.969401 0.758681 0.0416667 0.0706019 0.0332642
0 0.902344 0.80787 0.143229 0.166667 0.0315552
0 0.566081 0.539931 0.0253906 0.0474537 0.0303345
0 0.304036 0.974248 0.0403646 0.0515046 0.028656
0 0.608073 0.609375 0.0234375 0.0381944 0.0284424
0 0.770833 0.627315 0.0286458 0.0555556 0.0280609
0 0.406901 0.0846354 0.0820313 0.127604 0.0239105
0 0.733073 0.486979 0.0546875 0.0688657 0.0234222
0 0.123535 0.203125 0.217122 0.332176 0.0223236
0 0.774089 0.261863 0.447917 0.46412 0.0222931
0 0.947917 0.836806 0.0625 0.114583 0.0212097
0 0.472656 0.539352 0.030599 0.0462963 0.0205231
0 0.977214 0.704861 0.0416667 0.0601852 0.0191956
0 0.878906 0.143808 0.199219 0.202546 0.0171814
0 0.510417 0.155997 0.145833 0.244141 0.0171814
0 0.267578 0.978299 0.047526 0.0434028 0.0171814
0 0.773438 0.885417 0.0390625 0.0717593 0.0166626
0 0.244792 0.697917 0.0566406 0.103009 0.0162201
0 0.253906 0.701968 0.046875 0.0856481 0.0159607
0 0.609375 0.0491898 0.0651042 0.0818866 0.0158997
0 0.978516 0.489005 0.0429688 0.0694444 0.0149536
0 0.511393 0.928819 0.0338542 0.0625 0.0141754
0 0.178874 0.329572 0.0589193 0.099537 0.013588
0 0.475911 0.609954 0.0214844 0.0324074 0.013588
0 0.690755 0.309317 0.61849 0.618634 0.013588
0 0.121704 0.744213 0.119873 0.0891204 0.0130234
0 0.430339 0.690972 0.03125 0.0439815 0.0126266
0 0.118815 0.773148 0.208984 0.371528 0.0126266
0 0.406901 0.114837 0.0794271 0.137804 0.0124283
0 0.644531 0.552083 0.0286458 0.0439815 0.012291
0 0.683757 0.196759 0.629883 0.393519 0.0120544
0 0.786621 0.221788 0.424154 0.443576 0.0120087
0 0.363281 0.51331 0.046224 0.0729167 0.0115967
0 0.639323 0.615741 0.03125 0.0439815 0.0112
0 0.364258 0.846065 0.030599 0.0509259 0.0110703
0 0.735677 0.519676 0.0390625 0.056713 0.0106506
0 0.688151 0.809028 0.0481771 0.0856481 0.770508
0 0.692708 0.793403 0.0598958 0.09375 0.616699
0 0.12797 0.842303 0.253174 0.315394 0.0462036
0 0.970052 0.771991 0.0416667 0.0833333 0.0388184
0 0.768229 0.888889 0.0338542 0.0601852 0.0332031
0 0.524089 0.619213 0.0364583 0.0532407 0.0278473
0 0.119629 0.742477 0.232096 0.515046 0.0179138
0 0.132812 0.782407 0.265625 0.377315 0.0150757
0 0.129883 0.820602 0.259766 0.236111 0.013588
0 0.0877279 0.778356 0.169596 0.443287 0.0108185
0 0.47168 0.893519 0.046224 0.0694444 0.0107346
0 0.136068 0.711661 0.272135 0.528067 0.00888062
0 0.769531 0.851273 0.0364583 0.0752315 0.00867462
0 0.142578 0.890625 0.27474 0.21875 0.00746155
0 0.078125 0.878183 0.14388 0.243634 0.00658798
0 0.764323 0.765046 0.0338542 0.0509259 0.00638962
0 0.0405273 0.947338 0.0628255 0.105324 0.00616837
0 0.571289 0.835648 0.0358073 0.0509259 0.00602722
0 0.695313 0.790509 0.0755208 0.111111 0.00600433
0 0.851563 0.853009 0.0364583 0.0648148 0.0050621
0 0.0408529 0.704861 0.0758464 0.300926 0.00482941
0 0.958333 0.770833 0.0546875 0.0763889 0.00457382
0 0.707031 0.821759 0.0494792 0.068287 0.00407028
0 0.604167 0.552662 0.0390625 0.0578704 0.00380898
0 0.519531 0.917824 0.0364583 0.0578704 0.00365067
0 0.13737 0.609375 0.27474 0.74537 0.00344276
0 0.0802409 0.710648 0.158529 0.578704 0.00324821
0 0.76888 0.633102 0.0338542 0.0648148 0.00318527
0 0.846354 0.894097 0.0338542 0.0543981 0.00283432
0 0.970052 0.810764 0.0442708 0.126157 0.00260162
0 0.98763 0.802083 0.0247396 0.395833 0.00259018
0 0.108317 0.730903 0.216634 0.538194 0.00250244
0 0.161133 0.873264 0.284505 0.253472 0.00237846
0 0.0965169 0.5 0.193034 1 0.00214958
0 0.767578 0.673611 0.0299479 0.0509259 0.00195694
0 0.229167 0.736256 0.311849 0.527488 0.00183868
0 0.472982 0.86169 0.0488281 0.0868056 0.00173378
0 0.947266 0.819444 0.0507813 0.118056 0.0017004
0 0.607422 0.605324 0.0351562 0.0578704 0.00162888
0 0.0538737 0.718171 0.107747 0.563657 0.00148964
0 0.0479329 0.666088 0.0958659 0.340278 0.00144958
0 0.6875 0.771412 0.0976563 0.101852 0.00144958
0 0.973307 0.966435 0.0442708 0.0671296 0.00137806
0 0.167318 0.752315 0.334635 0.49537 0.00137234
0 0.568034 0.546296 0.0501302 0.0578704 0.00135612
0 0.811198 0.835648 0.03125 0.0532407 0.00134563
0 0.686849 0.797454 0.106771 0.116898 0.00130939
0 0.989583 0.756366 0.0208333 0.487269 0.00130463
0 0.477865 0.543981 0.0455729 0.0671296 0.0012207
0 0 0.850116 0 0.299769 0.0012207
0 0.689453 0.798611 0.0546875 0.100694 0.616211
0 0.691406 0.783565 0.0598958 0.115741 0.565918
0 0.358073 0.478009 0.0442708 0.0740741 0.225464
0 0.599609 0.541667 0.03125 0.0625 0.216675
0 0.442057 0.23669 0.031901 0.0601852 0.106689
0 0.855469 0.84838 0.0455729 0.0775463 0.104126
0 0.249837 0.69213 0.055013 0.106481 0.092041
0 0.522135 0.60706 0.0338542 0.0578704 0.0913696
0 0.769531 0.627315 0.0325521 0.0648148 0.0755615
0 0.555339 0.244213 0.031901 0.056713 0.0673218
0 0.575521 0.539352 0.0338542 0.0543981 0.0592041
0 0.723958 0.478009 0.0390625 0.0648148 0.0433655
0 0.69987 0.788194 0.0742188 0.12963 0.036438
0 0.197103 0.384549 0.0371094 0.0619213 0.0321045
0 0.966146 0.762731 0.0416667 0.0706019 0.031311
0 0.863281 0.783565 0.046875 0.0821759 0.0242767
0 0.51237 0.924769 0.0429688 0.0740741 0.0242767
0 0.613932 0.601852 0.0325521 0.0509259 0.024231
0 0.563802 0.606481 0.0260417 0.0451389 0.0222473
0 0.561198 0.958333 0.0377604 0.0671296 0.0214539
0 0.846354 0.876157 0.0390625 0.0787037 0.019989
0 0.150879 0.742477 0.0485026 0.0740741 0.0191193
0 0.636719 0.616898 0.0338542 0.0625 0.0190887
0 0.484049 0.909144 0.0520833 0.0775463 0.0184021
0 0.35612 0.510417 0.0455729 0.0856481 0.0162811
0 0.434896 0.690972 0.0358073 0.0532407 0.0161591
0 0.889323 0.846065 0.046875 0.0763889 0.0154266
0 0.444661 0.400463 0.0351562 0.0561343 0.0150757
0 0.229818 0.243056 0.0224609 0.0474537 0.0150146
0 0.0337728 0.966146 0.050944 0.0677083 0.0142822
0 0.950521 0.890046 0.046875 0.0740741 0.0141754
0 0.894531 0.193866 0.209635 0.344907 0.0139542
0 0.191081 0.244792 0.0244141 0.0434028 0.01297
0 0.103516 0.843171 0.03125 0.056713 0.0127258
0 0.778646 0.891782 0.046875 0.0798611 0.0115967
0 0.770345 0.215856 0.45931 0.377315 0.0109024
0 0.954427 0.768519 0.046875 0.0601852 0.0106964
0 0.517578 0.548611 0.0325521 0.0578704 0.0105667
0 0.246419 0.709491 0.0664062 0.134259 0.0105286
0 0.380208 0.48669 0.0566406 0.0844907 0.0104904
0 0.215007 0.391782 0.0413411 0.0578704 0.0100937
0 0.183757 0.324653 0.0263672 0.0590278 0.0100098
0 0.778646 0.831019 0.0520833 0.104167 0.00993347
0 0.245931 0.65625 0.0595703 0.12037 0.00948334
0 0.777344 0.768519 0.0416667 0.0636574 0.00948334
0 0.970052 0.960069 0.0520833 0.0798611 0.00948334
0 0.768229 0.667245 0.0286458 0.0543981 0.00919342
0 0.484375 0.304398 0.0234375 0.0451389 0.0091629
0 0.689453 0.753472 0.0585938 0.164352 0.00912476
0 0.974609 0.696181 0.0390625 0.0775463 0.00901794
0 0.690104 0.809606 0.0494792 0.0914352 0.664551
0 0.691406 0.79456 0.0572917 0.115741 0.339844
0 0.525716 0.611111 0.0292969 0.0462963 0.0381165
0 0.613281 0.612269 0.0338542 0.0474537 0.0320435
0 0.695313 0.788194 0.0833333 0.141204 0.0257568
0 0.361003 0.480035 0.0371094 0.0642361 0.0211639
0 0.854818 0.850694 0.0338542 0.0648148 0.0211182
0 0.597656 0.54919 0.0299479 0.0520833 0.0175781
0 0.638672 0.617477 0.0325521 0.0497685 0.0146179
0 0.441732 0.241319 0.0286458 0.0445602 0.0142822
0 0.242513 0.691551 0.0371094 0.0659722 0.00740433
0 0.196289 0.246528 0.0279948 0.0405093 0.00717545
0 0.855469 0.153646 0.0442708 0.0775463 0.00634003
0 0.720703 0.478588 0.0377604 0.0532407 0.00530243
0 0.68099 0.792824 0.0859375 0.138889 0.00492477
0 0.893229 0.193576 0.213542 0.350694 0.00403976
0 0.574219 0.532986 0.03125 0.0381944 0.00379562
0 0.227865 0.245949 0.0244141 0.0405093 0.00345612
0 0.769531 0.677662 0.03125 0.0486111 0.00329781
0 0.558594 0.612847 0.0299479 0.0416667 0.0030632
0 0.770833 0.625 0.0286458 0.0532407 0.00298119
0 0.832031 0.151476 0.0755208 0.110243 0.0026722
0 0.772786 0.767361 0.0325521 0.0601852 0.00259018
0 0.483724 0.538773 0.0273438 0.0497685 0.00247192
0 0.0262858 0.971644 0.0426432 0.056713 0.00247192
0 0.684896 0.607639 0.0286458 0.037037 0.00246239
0 0.863281 0.608218 0.03125 0.037037 0.00239754
0 0.644531 0.540509 0.0260417 0.0393519 0.00234222
0 0.686198 0.707176 0.0546875 0.0856481 0.00234222
0 0.860026 0.113462 0.078125 0.138238 0.00229645
0 0.898438 0.168258 0.166667 0.246817 0.00228691
0 0.691406 0.534144 0.0273438 0.0451389 0.00221634
0 0.730469 0.611111 0.03125 0.0439815 0.00219917
0 0.861979 0.770255 0.0364583 0.0509259 0.00214958
0 0.639323 0.668981 0.0338542 0.0555556 0.00209045
0 0.729167 0.520255 0.0338542 0.0601852 0.00205803
0 0.55957 0.245949 0.0273438 0.0428241 0.00198746
0 0.181641 0.320602 0.031901 0.046875 0.00194931
0 0.516927 0.545718 0.030599 0.0474537 0.00184631
0 0.852214 0.890046 0.03125 0.0578704 0.00169373
0 0.900391 0.842593 0.0455729 0.0740741 0.0015974
0 0.27181 0.981481 0.0436198 0.037037 0.00154305
0 0.257894 0.693287 0.0415039 0.0740741 0.00151253
0 0.196289 0.3886 0.0351562 0.0462963 0.00144386
0 0.479167 0.311921 0.0299479 0.0393519 0.00141048
0 0.701823 0.470775 0.0442708 0.0497685 0.00138855
0 0.946615 0.853009 0.0416667 0.0763889 0.00130939
0 0.440104 0.693866 0.0390625 0.0520833 0.0012846
0 0.893229 0.61169 0.0390625 0.0405093 0.00126457
0 0.434896 0.173611 0.0325521 0.0462963 0.00123024
0 0.696615 0.779514 0.0572917 0.112269 0.741699
0 0.695313 0.796296 0.0598958 0.0902778 0.65332
0 0.444661 0.230324 0.0247396 0.0497685 0.17334
0 0.361979 0.471354 0.0377604 0.0572917 0.104492
0 0.643229 0.621528 0.0338542 0.0625 0.0703125
0 0.764323 0.619213 0.03125 0.0555556 0.0663452
0 0.858073 0.851852 0.0403646 0.0671296 0.0632324
0 0.230469 0.247685 0.0214844 0.0405093 0.0448608
0 0.527344 0.612269 0.0299479 0.0486111 0.0395508
0 0.561198 0.240162 0.0221354 0.0416667 0.0378113
0 0.19401 0.240741 0.0214844 0.0358796 0.033783
0 0.605469 0.546296 0.0208333 0.0405093 0.0290375
0 0.696615 0.779514 0.0755208 0.12963 0.0284424
0 0.616536 0.612269 0.03125 0.0462963 0.02034
0 0.570964 0.534722 0.0247396 0.0381944 0.0131226
0 0.769531 0.663194 0.03125 0.0648148 0.0125275
0 0.724609 0.47338 0.03125 0.0462963 0.0124283
0 0.848958 0.877315 0.0364583 0.0694444 0.0120087
0 0.69401 0.537037 0.0208333 0.037037 0.0116425
0 0.763021 0.530093 0.03125 0.0520833 0.0112457
0 0.197754 0.38397 0.0296224 0.0503472 0.0104065
0 0.651042 0.542824 0.0234375 0.037037 0.00772476
0 0.44694 0.387731 0.0292969 0.0428241 0.00712204
0 0.861979 0.784722 0.0442708 0.0949074 0.0069313
0 0.738281 0.613426 0.0325521 0.0532407 0.00666809
0 0.181966 0.319155 0.0208333 0.0358796 0.00638962
0 0.855469 0.12963 0.0598958 0.101852 0.00634003
0 0.951823 0.773727 0.0546875 0.0983796 0.00609589
0 0.91276 0.244792 0.0651042 0.0798611 0.00570679
0 0.111654 0.315394 0.0227865 0.0358796 0.00553513
0 0.274089 0.311632 0.0182292 0.0364583 0.00534439
0 0.96875 0.755208 0.0416667 0.0821759 0.00518036
0 0.889323 0.834491 0.101563 0.099537 0.00511932
0 0.888021 0.134838 0.195313 0.239583 0.00508118
0 0.690104 0.743634 0.0546875 0.150463 0.0046463
0 0.527669 0.242477 0.0201823 0.03125 0.00453949
0 0.947917 0.849537 0.0559896 0.0856481 0.00436401
0 0.483724 0.308449 0.0182292 0.0416667 0.00434875
0 0.774089 0.76331 0.0351562 0.0729167 0.00429916
0 0.688802 0.609375 0.0208333 0.0416667 0.00397491
0 0.219401 0.390914 0.03125 0.046875 0.0039444
0 0.738281 0.530671 0.0494792 0.0659722 0.0039444
0 0.903646 0.158131 0.132812 0.102141 0.00390053
0 0.809896 0.832176 0.0885417 0.099537 0.00351143
0 0.878255 0.81713 0.210938 0.188657 0.00333786
0 0.682292 0.770255 0.0807292 0.115741 0.00323486
0 0.750814 0.221354 0.498372 0.442708 0.00321007
0 0.776042 0.831019 0.0442708 0.0914352 0.00314713
0 0.97526 0.684028 0.0416667 0.0925926 0.00304031
0 0.863281 0.099103 0.138021 0.148438 0.00298119
0 0.688151 0.798611 0.0533854 0.0856481 0.639648
0 0.691406 0.78588 0.0572917 0.0972222 0.556641
0 0.524414 0.613426 0.0279948 0.0347222 0.0271149
0 0.693359 0.786458 0.0833333 0.106481 0.0176392
0 0.605469 0.608218 0.0182292 0.0277778 0.0147858
0 0.602865 0.548032 0.0208333 0.0358796 0.0131683
0 0.567057 0.539352 0.0221354 0.0289352 0.0113297
0 0.645182 0.619213 0.0247396 0.037037 0.0110321
0 0.89974 0.20298 0.200521 0.400174 0.00941467
0 0.442057 0.235822 0.0247396 0.0387731 0.00740433
0 0.866536 0.0963542 0.113281 0.166956 0.00706482
0 0.767578 0.622106 0.0234375 0.0416667 0.0064888
0 0.68099 0.787037 0.0833333 0.125 0.00634003
0 0.0253906 0.677083 0.0250651 0.0625 0.00614548
0 0.479167 0.543981 0.0247396 0.0393519 0.00609589
0 0.559896 0.614583 0.0195313 0.0277778 0.00577545
0 0.770833 0.833333 0.0338542 0.0740741 0.00577545
0 0.686198 0.609375 0.0208333 0.03125 0.00570679
0 0.769531 0.759259 0.0273438 0.0509259 0.00540543
0 0.690104 0.543981 0.0208333 0.0347222 0.00457382
0 0.729167 0.616319 0.0247396 0.037037 0.00446701
0 0.688965 0.22309 0.62207 0.446181 0.00421524
0 0.358724 0.469329 0.0286458 0.0399306 0.00363541
0 0.0218099 0.618056 0.0250651 0.107639 0.00344276
0 0.730469 0.533565 0.0338542 0.0462963 0.00332451
0 0.855469 0.848958 0.0390625 0.0787037 0.00328636
0 0.713542 0.164497 0.572917 0.328993 0.00325966
0 0.769531 0.677083 0.0260417 0.0439815 0.00312424
0 0.729167 0.478877 0.0325521 0.0480324 0.00291252
0 0.244792 0.674769 0.046875 0.0810185 0.00287819
0 0.476563 0.607639 0.0195313 0.0300926 0.00286674
0 0.518229 0.543403 0.0221354 0.0300926 0.00275803
0 0.644531 0.543981 0.0208333 0.0300926 0.00254059
0 0.860026 0.615741 0.0221354 0.037037 0.00253105
0 0.872396 0.777199 0.0625 0.0914352 0.00251198
0 0.950521 0.766204 0.046875 0.0810185 0.00250244
0 0.191895 0.242188 0.023112 0.0353009 0.00245285
0 0.804688 0.819444 0.0572917 0.105324 0.00222588
0 0.023763 0.549769 0.0244141 0.099537 0.00214005
0 0.48112 0.90162 0.0429688 0.0590278 0.00211525
0 0.764974 0.532407 0.0247396 0.0393519 0.00201988
0 0.686198 0.744213 0.0546875 0.136574 0.00198746
0 0.807943 0.777778 0.0455729 0.0810185 0.0018034
0 0.977214 0.686343 0.0364583 0.0740741 0.00179577
0 0.00846354 0.583333 0.0169271 0.685185 0.00176811
0 0.19401 0.387442 0.0299479 0.0405093 0.00171375
0 0.570312 0.836227 0.0286458 0.0428241 0.00166798
0 0.811198 0.614583 0.0208333 0.0324074 0.0016613
0 0.879557 0.786458 0.188802 0.221065 0.00153637
0 0.514323 0.917824 0.0455729 0.0509259 0.00148964
0 0.697266 0.781829 0.0598958 0.108796 0.79248
0 0.359375 0.469329 0.0416667 0.0625 0.237915
0 0.642578 0.616898 0.0364583 0.0590278 0.204346
0 0.248047 0.671875 0.047526 0.0891204 0.122498
0 0.772135 0.623843 0.0286458 0.0509259 0.100525
0 0.854818 0.851273 0.0455729 0.0775463 0.0927124
0 0.522135 0.609954 0.0325521 0.0462963 0.076416
0 0.197266 0.381076 0.0410156 0.0665509 0.062561
0 0.615885 0.604167 0.03125 0.0439815 0.0572815
0 0.214193 0.389757 0.0410156 0.0619213 0.0568542
0 0.48112 0.537616 0.0325521 0.0509259 0.0554199
0 0.890625 0.145797 0.195313 0.267433 0.0548096
0 0.863281 0.101816 0.122396 0.162688 0.0479431
0 0.970052 0.753472 0.0481771 0.0949074 0.0477905
0 0.882813 0.107928 0.170573 0.179688 0.0402527
0 0.77474 0.837384 0.0494792 0.0914352 0.0386047
0 0.440104 0.231481 0.0332031 0.0543981 0.0350647
0 0.957031 0.883102 0.046875 0.068287 0.0347595
0 0.570312 0.538194 0.0299479 0.0416667 0.0327759
0 0.604167 0.542824 0.0234375 0.0393519 0.0317383
0 0.959635 0.761574 0.0546875 0.0902778 0.0302124
0 0.558919 0.240451 0.030599 0.0462963 0.0301514
0 0.957682 0.850116 0.0533854 0.099537 0.0281067
0 0.90625 0.177807 0.182292 0.286748 0.0222015
0 0.808594 0.826389 0.0651042 0.104167 0.02034
0 0.178711 0.320602 0.0341797 0.0486111 0.0183716
0 0.72526 0.481192 0.0364583 0.0549769 0.0171814
0 0.563151 0.607639 0.0247396 0.0347222 0.0171814
0 0.888021 0.177662 0.210938 0.355324 0.016922
0 0.731771 0.606481 0.0221354 0.0393519 0.0163422
0 0.908854 0.822917 0.0885417 0.122685 0.0162201
0 0.690755 0.605324 0.0221354 0.0439815 0.0137939
0 0.811198 0.612269 0.0234375 0.037037 0.0132751
0 0.96224 0.889468 0.046875 0.0844907 0.0116882
0 0.38444 0.469329 0.0494792 0.056713 0.0109863
0 0.514974 0.921296 0.0566406 0.0671296 0.0109482
0 0.0249023 0.675347 0.0335286 0.0960648 0.0104065
0 0.570964 0.832755 0.0351562 0.056713 0.00941467
0 0.973958 0.699074 0.046875 0.0902778 0.00919342
0 0.96875 0.234881 0.0572917 0.140191 0.00898743
0 0.226074 0.244792 0.0322266 0.0509259 0.0086441
0 0.691406 0.53588 0.0208333 0.0381944 0.0086441
0 0.0074056 0.493056 0.0148112 0.87037 0.00844574
0 0.73112 0.524161 0.0299479 0.0489005 0.00821686
0 0.646484 0.542824 0.0273438 0.0324074 0.00812531
0 0.0224609 0.625 0.0371094 0.143519 0.00809479
0 0.96875 0.956019 0.0520833 0.087963 0.00746155
0 0.847656 0.878472 0.0416667 0.0671296 0.00712204
0 0.777344 0.770833 0.0442708 0.0763889 0.00695801
0 0.483724 0.601852 0.03125 0.0462963 0.0069313
0 0.692708 0.787037 0.0598958 0.111111 0.921875
0 0.442383 0.228299 0.0338542 0.0509259 0.288574
0 0.523112 0.614005 0.0299479 0.0439815 0.11676
0 0.359375 0.477431 0.0403646 0.0613426 0.101562
0 0.770182 0.628472 0.0286458 0.0532407 0.053009
0 0.854167 0.855324 0.0390625 0.0648148 0.0469055
0 0.772135 0.84375 0.0416667 0.0787037 0.041626
0 0.640625 0.622106 0.0338542 0.056713 0.0390625
0 0.480469 0.542824 0.03125 0.0462963 0.0319824
0 0.602865 0.548611 0.0234375 0.0393519 0.0319824
0 0.852865 0.105903 0.0807292 0.137153 0.0276337
0 0.89388 0.117043 0.158854 0.16059 0.0199127
0 0.89974 0.182002 0.192708 0.33044 0.0179901
0 0.615885 0.613426 0.0338542 0.0393519 0.0157776
0 0.772135 0.788194 0.0442708 0.101852 0.0141754
0 0.895833 0.157263 0.161458 0.212095 0.0120087
0 0.223633 0.248843 0.0247396 0.0393519 0.0104904
0 0.557943 0.24103 0.0260417 0.0381944 0.00888062
0 0.194987 0.247106 0.0240885 0.0381944 0.00878143
0 0.919271 0.203414 0.0989583 0.230903 0.00728989
0 0.808594 0.825231 0.0416667 0.0694444 0.00658798
0 0.19401 0.386574 0.0400391 0.056713 0.00579834
0 0.568359 0.542824 0.0234375 0.0324074 0.00566483
0 0.861979 0.78125 0.0390625 0.0648148 0.0055542
0 0.852865 0.120117 0.114583 0.165437 0.00527954
0 0.483073 0.611111 0.0260417 0.0347222 0.00527954
0 0.734375 0.527199 0.0325521 0.0497685 0.00498199
0 0.251302 0.686343 0.047526 0.0810185 0.00453949
0 0.445313 0.457755 0.0351562 0.0509259 0.00431442
0 0.951823 0.761574 0.0416667 0.0532407 0.00431442
0 0.511068 0.163484 0.0273438 0.0315394 0.00416565
0 0.490234 0.164786 0.0273438 0.0341435 0.0041008
0 0.684896 0.782407 0.0807292 0.101852 0.0041008
0 0.873047 0.194155 0.253906 0.383102 0.00405502
0 0.848307 0.882523 0.0403646 0.0590278 0.00379562
0 0.947917 0.890046 0.0364583 0.0578704 0.00378036
0 0.558594 0.613426 0.0234375 0.0324074 0.00345612
0 0.776693 0.878472 0.0455729 0.0787037 0.00324821
0 0.516927 0.563657 0.0397135 0.0775463 0.00321007
0 0.686849 0.756944 0.0638021 0.162037 0.00319672
0 0.685547 0.614005 0.0286458 0.0428241 0.00305176
0 0.864583 0.134838 0.145833 0.153935 0.00284576
0 0.435547 0.694444 0.0299479 0.0451389 0.00281143
0 0.730469 0.616898 0.0234375 0.0393519 0.00277901
0 0.0253092 0.685185 0.0317383 0.087963 0.00277901
0 0.951172 0.858796 0.046875 0.0717593 0.00271416
0 0.0227865 0.614583 0.0335286 0.12037 0.00263214
0 0.645182 0.549769 0.03125 0.0416667 0.0024929
0 0.968099 0.765046 0.0390625 0.0717593 0.0024929
0 0.606771 0.0896991 0.0377604 0.0642361 0.00235939
0 0.690755 0.803241 0.0520833 0.0717593 0.664551
0 0.693359 0.787616 0.0598958 0.100694 0.57373
0 0.445313 0.230324 0.0371094 0.0497685 0.0538025
0 0.522461 0.611111 0.0338542 0.0509259 0.0358887
0 0.601563 0.553241 0.03125 0.0532407 0.0271759
0 0.857422 0.851273 0.0377604 0.0625 0.0179138
0 0.769531 0.634259 0.03125 0.0601852 0.0164032
0 0.779948 0.884259 0.0416667 0.0601852 0.012146
0 0.641927 0.623843 0.0364583 0.0648148 0.0078125
0 0.722656 0.482928 0.0364583 0.0561343 0.0068512
0 0.949219 0.754051 0.0390625 0.0520833 0.0064621
0 0.770833 0.766204 0.0299479 0.0578704 0.00614548
0 0.557943 0.242766 0.03125 0.0462963 0.00572968
0 0.481771 0.539352 0.0325521 0.0497685 0.00551224
0 0.361328 0.475116 0.0390625 0.0578704 0.00548935
0 0.846354 0.886574 0.0364583 0.0532407 0.00527954
0 0.193034 0.244502 0.0260417 0.041088 0.00526047
0 0.569336 0.54456 0.0292969 0.0428241 0.0051384
0 0.905599 0.240162 0.0429688 0.0590278 0.00503922
0 0.946615 0.887731 0.0338542 0.0532407 0.00475693
0 0.610677 0.610532 0.03125 0.0439815 0.00471878
0 0.778646 0.853009 0.0390625 0.0694444 0.00466537
0 0.690755 0.543981 0.0260417 0.0439815 0.00434875
0 0.225586 0.250579 0.0266927 0.0451389 0.00431442
0 0.644531 0.552083 0.0286458 0.0462963 0.00431442
0 0.927083 0.149161 0.0338542 0.0546875 0.00403976
0 0.483073 0.614005 0.0286458 0.0416667 0.0036068
0 0.57487 0.835648 0.0351562 0.0520833 0.00353813
0 0.809245 0.826968 0.0260417 0.0486111 0.00353813
0 0.925781 0.114873 0.0416667 0.0827546 0.00342941
0 0.0603841 0.541667 0.0374349 0.0532407 0.00336266
0 0.26237 0.975694 0.0384115 0.0486111 0.00332451
0 0.851563 0.0979456 0.0481771 0.0772569 0.00329781
0 0.708333 0.782407 0.0494792 0.0856481 0.00321007
0 0.900391 0.0943287 0.0364583 0.0651042 0.00305176
0 0.558594 0.615741 0.0273438 0.0462963 0.00296974
0 0.188151 0.526042 0.0351562 0.0532407 0.00279999
0 0.770182 0.667824 0.03125 0.0486111 0.00265312
0 0.486979 0.69213 0.0351562 0.0532407 0.00257111
0 0.947917 0.858218 0.0416667 0.0659722 0.00256157
0 0.861979 0.771991 0.0351562 0.0474537 0.00252151
0 0.40625 0.697917 0.0384115 0.0578704 0.00247192
0 0.522135 0.555556 0.03125 0.0578704 0.00223351
0 0.611328 0.0525174 0.0585938 0.0824653 0.00215721
0 0.491862 0.16522 0.0325521 0.0376157 0.00213242
0 0.0264486 0.686343 0.0317383 0.0856481 0.00211525
0 0.020752 0.615741 0.0320638 0.112269 0.00210762
0 0.244466 0.675926 0.0449219 0.0717593 0.0020504
0 0.0268555 0.564815 0.0354818 0.0972222 0.00202751
0 0.0654297 0.854167 0.0540365 0.0763889 0.00193405
0 0.690104 0.802083 0.0520833 0.0856481 0.635254
0 0.443034 0.227431 0.0351562 0.0538194 0.30249
0 0.360352 0.472222 0.0390625 0.0659722 0.243652
0 0.524414 0.613426 0.0351562 0.0555556 0.119202
0 0.60026 0.54919 0.0286458 0.056713 0.0797729
0 0.561198 0.240741 0.0273438 0.0462963 0.0766602
0 0.483398 0.539352 0.0345052 0.0601852 0.0614319
0 0.765625 0.627315 0.0286458 0.0555556 0.0481262
0 0.243815 0.681134 0.0403646 0.0694444 0.0412292
0 0.864583 0.149016 0.0351562 0.0555556 0.0257111
0 0.615885 0.609375 0.0338542 0.0486111 0.0256653
0 0.639323 0.622685 0.0364583 0.0625 0.0245209
0 0.851563 0.853009 0.0364583 0.0648148 0.0241394
0 0.483398 0.613426 0.0299479 0.0486111 0.0231018
0 0.848958 0.885417 0.0338542 0.0555556 0.0193024
0 0.92513 0.153646 0.0403646 0.0578704 0.0179138
0 0.776042 0.882523 0.0403646 0.0717593 0.0165253
0 0.902344 0.236111 0.0442708 0.0625 0.0155411
0 0.21875 0.396991 0.0332031 0.0543981 0.0125275
0 0.946615 0.887731 0.0364583 0.0625 0.0122375
0 0.401693 0.145255 0.0253906 0.0532407 0.0118256
0 0.185547 0.527778 0.0299479 0.0578704 0.0102921
0 0.690104 0.543981 0.0234375 0.0462963 0.00963593
0 0.77474 0.846065 0.0403646 0.0787037 0.00963593
0 0.952474 0.751736 0.0429688 0.0659722 0.00955963
0 0.565755 0.541667 0.0260417 0.0532407 0.00874329
0 0.488281 0.160301 0.0273438 0.0434028 0.00806427
0 0.574219 0.836806 0.0338542 0.0625 0.00796509
0 0.966146 0.755787 0.0416667 0.0787037 0.00787354
0 0.893229 0.171296 0.0364583 0.0555556 0.00775528
0 0.190104 0.385706 0.0276693 0.0532407 0.00763702
0 0.772786 0.668981 0.0325521 0.0555556 0.00728989
0 0.688802 0.612847 0.0260417 0.0462963 0.00674438
0 0.947917 0.856481 0.0442708 0.0694444 0.00669098
0 0.0268555 0.54456 0.0273438 0.0659722 0.00664139
0 0.809896 0.613426 0.0260417 0.037037 0.00664139
0 0.0252279 0.68287 0.023763 0.0625 0.0064621
0 0.896484 0.0898438 0.03125 0.0604745 0.00643921
0 0.732422 0.609954 0.0273438 0.0486111 0.00634003
0 0.854167 0.112558 0.0390625 0.0775463 0.00624084
0 0.641927 0.388889 0.0299479 0.0486111 0.00600433
0 0.0293783 0.842593 0.0281576 0.0578704 0.00577545
0 0.511068 0.556713 0.0403646 0.0717593 0.0055542
0 0.192546 0.238426 0.0227865 0.0428241 0.00511932
0 0.442708 0.458912 0.0338542 0.0613426 0.00494385
0 0.408203 0.690394 0.0377604 0.0613426 0.00481033
0 0.225749 0.247106 0.0250651 0.0451389 0.00468063
0 0.263591 0.976852 0.035319 0.0462963 0.00460815
0 0.152995 0.528935 0.0299479 0.0520833 0.00434875
0 0.520833 0.922454 0.0403646 0.0625 0.00432968
0 0.692708 0.78588 0.0572917 0.106481 0.649414
0 0.525391 0.613426 0.0416667 0.0590278 0.0643921
0 0.641927 0.625 0.0416667 0.0648148 0.0534058
0 0.766927 0.630787 0.0286458 0.0532407 0.0472412
0 0.770182 0.663194 0.0325521 0.0601852 0.0240479
0 0.6875 0.614583 0.0286458 0.0439815 0.0231934
0 0.966797 0.755208 0.0429688 0.0821759 0.0228424
0 0.445313 0.231481 0.0364583 0.0515046 0.0135345
0 0.485026 0.612269 0.0338542 0.0451389 0.0119171
0 0.556641 0.618056 0.03125 0.0439815 0.0117798
0 0.957031 0.751736 0.046875 0.0706019 0.0117798
0 0.486328 0.543403 0.0364583 0.056713 0.0105667
0 0.854818 0.854167 0.0442708 0.0763889 0.00919342
0 0.60026 0.546296 0.0299479 0.0451389 0.00891876
0 0.731771 0.62037 0.0338542 0.0486111 0.00888062
0 0.617188 0.617477 0.0364583 0.0474537 0.008255
0 0.808594 0.612269 0.0260417 0.0324074 0.00706482
0 0.97526 0.699653 0.0377604 0.0636574 0.00631332
0 0.569987 0.543403 0.031901 0.0474537 0.00526047
0 0.691406 0.545718 0.0286458 0.0405093 0.00468063
0 0.927734 0.148438 0.0403646 0.0578704 0.00446701
0 0.779297 0.833333 0.0377604 0.0856481 0.00392914
0 0.361328 0.479456 0.0390625 0.0584491 0.00376511
0 0.408203 0.691551 0.0364583 0.0509259 0.00376511
0 0.251628 0.681713 0.046224 0.0729167 0.00370789
0 0.951823 0.885995 0.0390625 0.0613426 0.00367928
0 0.861979 0.148727 0.0390625 0.0561343 0.00363541
0 0.808594 0.820023 0.0442708 0.0833333 0.00363541
0 0.561198 0.241319 0.0325521 0.0486111 0.00336266
0 0.954427 0.856481 0.0494792 0.0671296 0.00335121
0 0.772786 0.771991 0.0364583 0.0798611 0.00333786
0 0.86263 0.774306 0.0364583 0.0578704 0.00323486
0 0.850911 0.880787 0.0390625 0.0613426 0.00318527
0 0.643229 0.659144 0.0390625 0.0648148 0.00316048
0 0.727214 0.477431 0.0377604 0.0532407 0.00312424
0 0.67513 0.762731 0.0664062 0.087963 0.00312424
0 0.893229 0.167824 0.0351562 0.0523727 0.00260162
0 0.901693 0.236979 0.0416667 0.0642361 0.0024929
0 0.515625 0.922454 0.0572917 0.0671296 0.00243378
0 0.482747 0.90625 0.0553385 0.0763889 0.00240517
0 0.0242513 0.678241 0.0257161 0.0659722 0.00232315
0 0.731771 0.532986 0.0351562 0.0532407 0.00223351
0 0.808594 0.670139 0.0286458 0.0532407 0.00219917
0 0.963542 0.829282 0.046875 0.0763889 0.00219917
0 0.895833 0.0853226 0.0351562 0.0660446 0.0020752
0 0.515951 0.572917 0.0429688 0.099537 0.00206757
0 0.925781 0.108507 0.0494792 0.0896991 0.00198746
0 0.852865 0.108796 0.046875 0.0833333 0.00196457
0 0.981771 0.627315 0.03125 0.0601852 0.00191212
0 0.0274251 0.540509 0.0273438 0.0671296 0.00189686
0 0.695313 0.787037 0.0585938 0.108796 0.565918
0 0.444987 0.229167 0.031901 0.0486111 0.0953369
0 0.525065 0.614583 0.0345052 0.0486111 0.0656128
0 0.854167 0.851852 0.0364583 0.068287 0.0240021
0 0.765625 0.626157 0.0286458 0.0555556 0.0220795
0 0.601563 0.546296 0.0234375 0.0462963 0.016922
0 0.641927 0.614583 0.03125 0.0532407 0.0154266
0 0.556966 0.23669 0.0260417 0.0428241 0.0139542
0 0.775391 0.775463 0.0403646 0.0856481 0.0138474
0 0.484049 0.534144 0.031901 0.0520833 0.0109024
0 0.953125 0.749421 0.0416667 0.0590278 0.00800323
0 0.360677 0.472801 0.0351562 0.0532407 0.00766754
0 0.773438 0.666667 0.03125 0.0555556 0.00717545
0 0.778646 0.832176 0.0364583 0.0821759 0.00712204
0 0.615885 0.607639 0.0325521 0.0405093 0.00695801
0 0.80599 0.781829 0.0390625 0.0740741 0.00679779
0 0.860677 0.149595 0.0364583 0.0538194 0.00619125
0 0.861979 0.774306 0.0338542 0.0555556 0.005867
0 0.24707 0.674769 0.0429688 0.0625 0.00577545
0 0.967448 0.755787 0.0364583 0.0694444 0.00570679
0 0.569661 0.538773 0.0273438 0.0451389 0.00551224
0 0.813802 0.821759 0.0416667 0.0810185 0.00551224
0 0.6875 0.610532 0.0234375 0.0451389 0.00494385
0 0.848958 0.881944 0.0338542 0.0578704 0.00457382
0 0.929688 0.151186 0.0338542 0.0546875 0.00379562
0 0.855469 0.113426 0.0416667 0.0844907 0.00337601
0 0.689453 0.542824 0.0208333 0.0393519 0.00332451
0 0.975911 0.693866 0.0286458 0.0532407 0.00323486
0 0.734375 0.606481 0.03125 0.0497685 0.00288963
0 0.901693 0.234954 0.0364583 0.0538194 0.00275803
0 0.897135 0.171007 0.0286458 0.0515046 0.00274658
0 0.486979 0.612269 0.0325521 0.0439815 0.00236893
0 0.644531 0.548032 0.0208333 0.0416667 0.00220871
0 0.979818 0.618634 0.0260417 0.0486111 0.00219917
0 0.895182 0.093316 0.0260417 0.0662616 0.00195694
0 0.735026 0.539352 0.0325521 0.0532407 0.00195694
0 0.950521 0.853588 0.046875 0.068287 0.00186062
0 0.408203 0.690972 0.0351562 0.0486111 0.00176811
0 0.486328 0.900463 0.0533854 0.0648148 0.00172043
0 0.817708 0.159722 0.0299479 0.041088 0.0017004
0 0.519531 0.54919 0.0273438 0.0590278 0.00169373
0 0.485677 0.166088 0.0234375 0.0381944 0.00165462
0 0.443685 0.453993 0.0279948 0.0509259 0.00155449
0 0.807292 0.608796 0.0260417 0.037037 0.00150681
0 0.948568 0.887731 0.0338542 0.0532407 0.00147247
0 0.0245768 0.540509 0.0211589 0.0648148 0.00146675
0 0.89974 0.840278 0.0260417 0.0601852 0.00145531
0 0.223958 0.246817 0.0253906 0.041088 0.00140476
0 0.0236816 0.684028 0.0224609 0.0648148 0.00135612
0 0.964193 0.827546 0.0416667 0.0740741 0.00135612
0 0.691406 0.788773 0.0598958 0.105324 0.617676
0 0.441406 0.229456 0.031901 0.0515046 0.126831
0 0.763672 0.628472 0.0299479 0.0555556 0.0469055
0 0.522461 0.614583 0.0325521 0.0474537 0.0334778
0 0.772135 0.666667 0.0338542 0.0555556 0.0257568
0 0.556641 0.237847 0.0286458 0.0451389 0.0253296
0 0.638021 0.615741 0.03125 0.0497685 0.0235138
0 0.923177 0.144965 0.0377604 0.0607639 0.0202179
0 0.96875 0.753472 0.0390625 0.0787037 0.0170441
0 0.357422 0.478877 0.0403646 0.0607639 0.0161591
0 0.897135 0.163194 0.03125 0.0532407 0.0104904
0 0.848958 0.856481 0.0390625 0.0717593 0.0103302
0 0.776042 0.84375 0.0442708 0.0891204 0.00919342
0 0.852865 0.105903 0.0520833 0.0896991 0.00837708
0 0.766927 0.762153 0.0390625 0.0775463 0.00831604
0 0.245605 0.676505 0.0406901 0.0659722 0.00784302
0 0.859375 0.146412 0.0416667 0.0613426 0.00746155
0 0.975911 0.695602 0.0364583 0.0625 0.00679779
0 0.948568 0.883681 0.0377604 0.0625 0.00679779
0 0.953125 0.751157 0.0442708 0.0694444 0.00634003
0 0.84375 0.880787 0.0390625 0.0601852 0.00614548
0 0.949219 0.859954 0.046875 0.0740741 0.00609589
0 0.614583 0.613426 0.03125 0.0416667 0.00526047
0 0.683594 0.607639 0.0234375 0.0439815 0.00516129
0 0.77474 0.882523 0.0416667 0.0694444 0.00498199
0 0.48112 0.538194 0.030599 0.0509259 0.00492477
0 0.80599 0.611111 0.0247396 0.0381944 0.00413513
0 0.598958 0.548611 0.0234375 0.0439815 0.00411606
0 0.0232747 0.54919 0.0275065 0.0740741 0.00392914
0 0.0198568 0.679398 0.0275065 0.0694444 0.00385475
0 0.811198 0.831597 0.0364583 0.0821759 0.00385475
0 0.963542 0.829861 0.0442708 0.0763889 0.00385475
0 0.017985 0.612269 0.0301107 0.0891204 0.00369263
0 0.479818 0.904514 0.046875 0.0659722 0.00349617
0 0.895182 0.100984 0.0299479 0.0801505 0.00348282
0 0.40625 0.695602 0.0351562 0.0555556 0.00328636
0 0.2618 0.976852 0.0362956 0.0462963 0.00322342
0 0.252279 0.678241 0.0416667 0.0648148 0.00307465
0 0.897135 0.233796 0.0377604 0.0578704 0.00304031
0 0.726563 0.609954 0.0260417 0.0486111 0.00299263
0 0.977865 0.174479 0.0286458 0.0543981 0.00284576
0 0.566732 0.540509 0.0221354 0.0416667 0.00245285
0 0.858724 0.772569 0.0325521 0.0590278 0.00230598
0 0.977865 0.626157 0.0338542 0.0625 0.00218201
0 0.470378 0.301505 0.030599 0.0532407 0.00214958
0 0.0232747 0.75 0.0270182 0.0648148 0.00211525
0 0.806641 0.776042 0.0364583 0.0694444 0.00211525
0 0.921224 0.12066 0.0481771 0.0914352 0.00204277
0 0.677734 0.773727 0.0716146 0.103009 0.00191212
0 0.976563 0.235243 0.0364583 0.0700231 0.00188923
0 0.692708 0.789352 0.0572917 0.101852 0.597168
0 0.442708 0.22772 0.0325521 0.0555556 0.210815
0 0.556641 0.237847 0.0299479 0.0474537 0.0894775
0 0.521484 0.609954 0.0351562 0.0509259 0.0841675
0 0.765625 0.624421 0.03125 0.0532407 0.0512695
0 0.85026 0.855324 0.0429688 0.0740741 0.0483093
0 0.92513 0.143808 0.0364583 0.0607639 0.0394897
0 0.861328 0.145255 0.0364583 0.0590278 0.0357361
0 0.88737 0.162037 0.0299479 0.046875 0.0321045
0 0.246094 0.670139 0.0423177 0.0648148 0.0287628
0 0.636719 0.614583 0.0338542 0.0532407 0.0213623
0 0.482096 0.534144 0.031901 0.0520833 0.016098
0 0.602865 0.548611 0.0260417 0.0462963 0.0147858
0 0.614583 0.605903 0.03125 0.0428241 0.0147324
0 0.805339 0.821759 0.0416667 0.0787037 0.013588
0 0.854167 0.115162 0.046875 0.0815972 0.0132217
0 0.252279 0.677083 0.0423177 0.0648148 0.0108566
0 0.780599 0.837963 0.0416667 0.0891204 0.0103302
0 0.954427 0.746528 0.0442708 0.0717593 0.00971222
0 0.890625 0.0966435 0.0286458 0.0633681 0.00933838
0 0.965495 0.752315 0.0403646 0.0763889 0.00923157
0 0.682292 0.605324 0.0260417 0.0462963 0.00818634
0 0.772135 0.771991 0.0403646 0.0810185 0.00806427
0 0.360026 0.476562 0.0384115 0.0607639 0.00669098
0 0.948568 0.85706 0.046875 0.0729167 0.00664139
0 0.845703 0.877894 0.0403646 0.0659722 0.00634003
0 0.815755 0.157697 0.0273438 0.0402199 0.00566483
0 0.569336 0.538773 0.0266927 0.0439815 0.00547028
0 0.772135 0.662037 0.0364583 0.0648148 0.00518036
0 0.89974 0.232639 0.0390625 0.056713 0.00508118
0 0.975911 0.693866 0.0351562 0.0590278 0.00453949
0 0.80599 0.784144 0.0429688 0.0752315 0.00446701
0 0.479167 0.610532 0.0325521 0.0462963 0.00438309
0 0.726563 0.603009 0.0286458 0.0497685 0.00402451
0 0.489258 0.152778 0.0279948 0.0491898 0.00390053
0 0.947917 0.881944 0.0377604 0.0648148 0.00355148
0 0.139323 0.748843 0.031901 0.0509259 0.00352478
0 0.921875 0.12066 0.046875 0.0850694 0.00351143
0 0.861979 0.773148 0.0390625 0.0625 0.00351143
0 0.407552 0.690972 0.0377604 0.0578704 0.00319672
0 0.688151 0.542824 0.0208333 0.0393519 0.00298119
0 0.978516 0.174045 0.0299479 0.0590278 0.00283432
0 0.96224 0.827546 0.0416667 0.0694444 0.00270462
0 0.401693 0.145544 0.0234375 0.0515046 0.00243378
0 0.776042 0.878472 0.0390625 0.0729167 0.00242424
0 0.0224609 0.678241 0.0273438 0.0740741 0.00237846
0 0.115234 0.696759 0.0351562 0.0625 0.00231361
0 0.979167 0.623843 0.0325521 0.0625 0.00226021
0 0.114258 0.751736 0.0332031 0.0497685 0.00215721
0 0.140951 0.697338 0.0384115 0.0694444 0.00214005
0 0.693359 0.796296 0.0585938 0.0972222 0.70752
0 0.444661 0.229239 0.0338542 0.0519387 0.137573
0 0.850911 0.85706 0.0455729 0.0821759 0.0847778
0 0.558594 0.240451 0.0299479 0.0439815 0.0572815
0 0.524089 0.618634 0.0338542 0.0486111 0.0477905
0 0.925781 0.143519 0.0364583 0.0613426 0.0446777
0 0.860677 0.145399 0.0364583 0.0552662 0.0367737
0 0.767578 0.630787 0.0299479 0.0555556 0.0292511
0 0.889323 0.164062 0.0286458 0.0462963 0.0252686
0 0.638021 0.62037 0.03125 0.0532407 0.0190887
0 0.807292 0.832176 0.0455729 0.0925926 0.016922
0 0.782552 0.836806 0.0442708 0.101852 0.0165253
0 0.847656 0.876157 0.0416667 0.0694444 0.0136337
0 0.853516 0.117622 0.0442708 0.0787037 0.0110703
0 0.965495 0.752894 0.0429688 0.0844907 0.0100937
0 0.955729 0.753472 0.0494792 0.0763889 0.00997162
0 0.89388 0.0989583 0.0234375 0.0584491 0.00948334
0 0.774089 0.777778 0.0416667 0.0856481 0.00948334
0 0.682292 0.611111 0.0260417 0.0405093 0.00847626
0 0.948568 0.858796 0.0520833 0.0787037 0.00831604
0 0.863281 0.784144 0.0429688 0.0752315 0.00812531
0 0.617188 0.613426 0.03125 0.037037 0.00720596
0 0.602865 0.552083 0.0234375 0.0462963 0.0068779
0 0.772135 0.662037 0.0364583 0.0613426 0.00666809
0 0.80599 0.788194 0.0442708 0.0810185 0.00609589
0 0.483724 0.539352 0.0299479 0.0486111 0.00553513
0 0.252279 0.681713 0.0429688 0.0694444 0.00534439
0 0.949219 0.882523 0.0390625 0.0648148 0.00516129
0 0.778646 0.879051 0.0416667 0.0740741 0.00419998
0 0.816406 0.154948 0.0286458 0.0405093 0.00416565
0 0.361654 0.48206 0.0410156 0.0648148 0.00413513
0 0.921875 0.121672 0.046875 0.088831 0.00391388
0 0.489909 0.157986 0.0273438 0.0407986 0.00382423
0 0.894531 0.850694 0.03125 0.0729167 0.00380898
0 0.479818 0.903935 0.0592448 0.0763889 0.00312424
0 0.901693 0.229818 0.0442708 0.0611979 0.00277901
0 0.979818 0.175492 0.0299479 0.0645255 0.00242424
0 0.726563 0.607639 0.0234375 0.0416667 0.00242424
0 0.96224 0.833333 0.0442708 0.0856481 0.00242424
0 0.483724 0.619213 0.0286458 0.0462963 0.00237846
0 0.696615 0.788773 0.0729167 0.113426 0.00237846
0 0.0252279 0.682292 0.0335286 0.0844907 0.00230598
0 0.973958 0.701968 0.0390625 0.0706019 0.00230598
0 0.976563 0.229745 0.0390625 0.0920139 0.00210762
0 0.408529 0.694444 0.0371094 0.0578704 0.00188923
0 0.0234375 0.618634 0.0345052 0.109954 0.00179577
0 0.807292 0.61169 0.0234375 0.037037 0.00178242
0 0.641927 0.66088 0.0338542 0.0590278 0.00168133
0 0.39974 0.149016 0.0201823 0.0445602 0.00161076
0 0.0288086 0.754051 0.0371094 0.0844907 0.00159168
0 0.691406 0.796296 0.0598958 0.0960648 0.728516
0 0.442057 0.229745 0.0351562 0.0509259 0.210815
0 0.770833 0.62963 0.0351562 0.056713 0.107422
0 0.52474 0.615162 0.0377604 0.0486111 0.0913696
0 0.557617 0.237269 0.03125 0.0439815 0.0856934
0 0.923177 0.142072 0.0390625 0.0607639 0.0753174
0 0.859375 0.143808 0.0416667 0.0590278 0.0653687
0 0.847656 0.858796 0.046875 0.0763889 0.0469055
0 0.894531 0.159722 0.0338542 0.0532407 0.0383301
0 0.854167 0.119358 0.0546875 0.088831 0.0363464
0 0.638021 0.619213 0.0351562 0.0532407 0.0332642
0 0.895833 0.104456 0.03125 0.0729167 0.021286
0 0.684245 0.609954 0.0273438 0.0428241 0.0206909
0 0.965495 0.751736 0.0442708 0.0787037 0.0202179
0 0.80599 0.832176 0.046875 0.087963 0.0182343
0 0.783854 0.832176 0.0442708 0.099537 0.0175781
0 0.483073 0.537037 0.0338542 0.0509259 0.0164032
0 0.957031 0.754051 0.0546875 0.0833333 0.0159607
0 0.617188 0.616898 0.0364583 0.0439815 0.0151901
0 0.602865 0.548611 0.0260417 0.0451389 0.0148392
0 0.772135 0.659144 0.0403646 0.068287 0.0147324
0 0.775391 0.778356 0.0442708 0.0949074 0.0134277
0 0.361328 0.479456 0.0403646 0.0607639 0.0124283
0 0.950521 0.857639 0.0546875 0.0763889 0.0102081
0 0.844401 0.877315 0.0416667 0.0648148 0.00981903
0 0.39974 0.148148 0.0234375 0.0462963 0.00963593
0 0.919922 0.121238 0.0481771 0.0891204 0.0091629
0 0.816406 0.154659 0.03125 0.0451389 0.00787354
0 0.803385 0.795139 0.0546875 0.0949074 0.00734711
0 0.488932 0.156539 0.0286458 0.0428241 0.00723267
0 0.251953 0.675926 0.0436198 0.0694444 0.00677109
0 0.97526 0.700231 0.0416667 0.0694444 0.00591278
0 0.726563 0.609375 0.0286458 0.0451389 0.00526047
0 0.482747 0.616319 0.0351562 0.0474537 0.00486755
0 0.511719 0.159867 0.0260417 0.0390625 0.00475693
0 0.949219 0.881944 0.0390625 0.0625 0.00455475
0 0.220703 0.248264 0.030599 0.041088 0.00439835
0 0.858724 0.792824 0.0494792 0.0960648 0.00436401
0 0.961589 0.83044 0.0481771 0.0891204 0.00382423
0 0.569661 0.542824 0.0273438 0.0439815 0.00378036
0 0.977865 0.175347 0.0338542 0.0648148 0.00370789
0 0.695313 0.788773 0.0755208 0.112269 0.00369263
0 0.83138 0.119502 0.0533854 0.087963 0.00342941
0 0.901042 0.228009 0.0442708 0.0613426 0.00311089
0 0.979167 0.62963 0.0390625 0.0694444 0.00282288
0 0.898438 0.846065 0.0364583 0.0740741 0.00277901
0 0.97526 0.23235 0.0416667 0.0856481 0.00257111
0 0.688802 0.548032 0.0234375 0.0439815 0.00245285
0 0.191081 0.242477 0.0224609 0.0405093 0.00219917
0 0.556315 0.615162 0.0299479 0.0358796 0.00218201
0 0.691406 0.795718 0.0572917 0.099537 0.640625
0 0.442708 0.23235 0.0299479 0.0486111 0.0980835
0 0.525391 0.616898 0.0332031 0.0509259 0.0830078
0 0.772135 0.628472 0.0286458 0.0555556 0.0687866
0 0.559245 0.241319 0.0273438 0.0451389 0.0394287
0 0.925781 0.14265 0.0364583 0.0607639 0.0341797
0 0.859375 0.143808 0.0338542 0.0564236 0.0288696
0 0.641927 0.62037 0.03125 0.0543981 0.0225372
0 0.895182 0.160301 0.0260417 0.0480324 0.0205231
0 0.684896 0.607639 0.0260417 0.0439815 0.0202942
0 0.851563 0.855903 0.0416667 0.0775463 0.0173798
0 0.483398 0.537616 0.0286458 0.0474537 0.0152512
0 0.897135 0.0954861 0.0234375 0.0590278 0.0151901
0 0.361979 0.478009 0.0351562 0.0578704 0.0145035
0 0.854818 0.116319 0.0416667 0.0787037 0.0134277
0 0.773438 0.771412 0.0364583 0.0902778 0.012825
0 0.603516 0.549769 0.0234375 0.0439815 0.0126724
0 0.773438 0.661458 0.0338542 0.0636574 0.0117798
0 0.781901 0.83044 0.0390625 0.099537 0.0108185
0 0.616536 0.613426 0.0325521 0.0405093 0.0107346
0 0.955078 0.751157 0.0481771 0.0752315 0.00908661
0 0.80599 0.825231 0.0390625 0.087963 0.0088501
0 0.966146 0.753472 0.0416667 0.0810185 0.00831604
0 0.48763 0.156539 0.0247396 0.041088 0.00634003
0 0.696615 0.78588 0.0729167 0.119213 0.00577545
0 0.816406 0.154659 0.0260417 0.0396412 0.00518036
0 0.922526 0.118056 0.0442708 0.0873843 0.00508118
0 0.252686 0.679398 0.042806 0.0694444 0.00503922
0 0.951172 0.857639 0.046875 0.0740741 0.00471878
0 0.39974 0.148872 0.0195313 0.0451389 0.00453949
0 0.729167 0.608218 0.0260417 0.0451389 0.00438309
0 0.246745 0.675347 0.0429688 0.0706019 0.00418091
0 0.804688 0.790509 0.0442708 0.087963 0.00415039
0 0.56901 0.541667 0.0247396 0.0393519 0.00397491
0 0.808594 0.609954 0.0234375 0.037037 0.00385475
0 0.482096 0.615741 0.0273438 0.0439815 0.0037365
0 0.847005 0.878472 0.0390625 0.0648148 0.00365067
0 0.860677 0.783565 0.0390625 0.0810185 0.00353813
0 0.977865 0.693866 0.0338542 0.0625 0.00333786
0 0.688802 0.545139 0.0208333 0.037037 0.00311089
0 0.513672 0.159578 0.0221354 0.0396412 0.0030632
0 0.642578 0.548611 0.0221354 0.0405093 0.00299263
0 0.947917 0.881944 0.0364583 0.0625 0.00279999
0 0.980469 0.168981 0.0286458 0.0570023 0.00209999
0 0.901042 0.22772 0.0390625 0.0590278 0.0020504
0 0.223145 0.249421 0.0257161 0.0439815 0.00204277
0 0.901042 0.846065 0.0325521 0.0740741 0.00199509
0 0.96224 0.829861 0.046875 0.0856481 0.00191879
0 0.557292 0.614583 0.0273438 0.0381944 0.00181007
0 0.980469 0.628472 0.03125 0.0648148 0.00175476
0 0.691406 0.787616 0.0598958 0.109954 0.661133
0 0.442708 0.230324 0.030599 0.0491898 0.105225
0 0.525391 0.615741 0.0338542 0.0509259 0.104492
0 0.772135 0.627894 0.03125 0.0555556 0.0646362
0 0.559245 0.241898 0.0286458 0.0439815 0.0483093
0 0.92513 0.142361 0.0377604 0.0625 0.0423889
0 0.850911 0.855324 0.0455729 0.0787037 0.0367737
0 0.859375 0.144097 0.0364583 0.0572917 0.0344238
0 0.894531 0.159433 0.0286458 0.0509259 0.0267029
0 0.640625 0.619213 0.0325521 0.0532407 0.0245209
0 0.898438 0.0988137 0.0273438 0.0616319 0.0210114
0 0.684896 0.607639 0.0260417 0.0439815 0.0204163
0 0.361654 0.477431 0.0371094 0.0590278 0.0197601
0 0.483073 0.536458 0.0299479 0.0474537 0.0186462
0 0.854818 0.117766 0.0455729 0.0804398 0.0153046
0 0.80599 0.828125 0.0390625 0.0844907 0.0149002
0 0.782552 0.835069 0.0416667 0.09375 0.0145035
0 0.603516 0.548611 0.0247396 0.0439815 0.0115051
0 0.955078 0.751157 0.0481771 0.0740741 0.0104904
0 0.773438 0.770833 0.0390625 0.0856481 0.0104523
0 0.615885 0.612269 0.0338542 0.0393519 0.0103302
0 0.966146 0.755787 0.0416667 0.0798611 0.00912476
0 0.246745 0.67419 0.0436198 0.0694444 0.00775528
0 0.77474 0.662037 0.0364583 0.0625 0.00757599
0 0.921875 0.118345 0.0442708 0.0868056 0.00698471
0 0.846354 0.877315 0.0416667 0.0659722 0.0068512
0 0.401042 0.147569 0.0221354 0.046875 0.00658798
0 0.951172 0.856481 0.0481771 0.0740741 0.00643921
0 0.48763 0.155093 0.0253906 0.041088 0.00624084
0 0.252279 0.678241 0.0436198 0.0717593 0.00568771
0 0.816406 0.15625 0.0260417 0.0390625 0.00510025
0 0.860677 0.781829 0.0416667 0.0763889 0.00496292
0 0.805339 0.788194 0.0429688 0.0833333 0.00466537
0 0.729167 0.60706 0.0260417 0.0451389 0.00426483
0 0.48112 0.615162 0.0286458 0.0439815 0.00383949
0 0.977865 0.693866 0.0364583 0.0625 0.00335121
0 0.568685 0.539352 0.0247396 0.0393519 0.00324821
0 0.807292 0.609954 0.0260417 0.0393519 0.00286674
0 0.948568 0.880787 0.0377604 0.0636574 0.00266266
0 0.688802 0.543981 0.0208333 0.037037 0.00247192
0 0.979167 0.167679 0.03125 0.057581 0.00245285
0 0.96224 0.829861 0.046875 0.0833333 0.00245285
0 0.89974 0.844907 0.0325521 0.0694444 0.00220871
0 0.222005 0.249421 0.0279948 0.0439815 0.00214005
0 0.641927 0.547454 0.0234375 0.0393519 0.00204277
0 0.902344 0.227358 0.0416667 0.0614873 0.00203514
0 0.513997 0.160301 0.0227865 0.0381944 0.00188255
0 0.979167 0.627894 0.0338542 0.0659722 0.00188255
0 0.408529 0.693287 0.0371094 0.0532407 0.0017004
0 0.556966 0.614583 0.0279948 0.037037 0.0015974
0 0.691406 0.787616 0.0598958 0.109954 0.660156
0 0.442708 0.230324 0.030599 0.0491898 0.106689
0 0.525391 0.615741 0.0338542 0.0509259 0.10376
0 0.772135 0.627894 0.03125 0.0555556 0.0646362
0 0.559245 0.241898 0.0286458 0.0439815 0.0483093
0 0.92513 0.142361 0.0377604 0.0625 0.042572
0 0.850911 0.855324 0.0455729 0.0787037 0.037262
0 0.859375 0.144097 0.0364583 0.0572917 0.0344849
0 0.894531 0.159433 0.0286458 0.0509259 0.0267639
0 0.640625 0.619213 0.0325521 0.0532407 0.0245667
0 0.898438 0.098669 0.0273438 0.0616319 0.0209198
0 0.684896 0.607639 0.0260417 0.0439815 0.0204163
0 0.361654 0.477141 0.0371094 0.0584491 0.0196381
0 0.483073 0.536458 0.0299479 0.0474537 0.0185089
0 0.854818 0.117766 0.0455729 0.0801505 0.0151901
0 0.80599 0.828125 0.0390625 0.0844907 0.0149536
0 0.782552 0.835069 0.0416667 0.09375 0.0145569
0 0.603516 0.548611 0.0247396 0.0439815 0.0115051
0 0.773438 0.770833 0.0390625 0.0856481 0.0104904
0 0.955078 0.751157 0.0481771 0.0740741 0.0104523
0 0.615885 0.612269 0.0338542 0.0393519 0.0103683
0 0.966146 0.755787 0.0416667 0.0810185 0.00908661
0 0.246745 0.674769 0.0436198 0.0694444 0.00769424
0 0.77474 0.662037 0.0364583 0.0625 0.00763702
0 0.921875 0.118345 0.0442708 0.0868056 0.00695801
0 0.846354 0.877315 0.0416667 0.0659722 0.0069046
0 0.401042 0.147569 0.0221354 0.046875 0.00656509
0 0.951172 0.856481 0.0481771 0.0740741 0.0064888
0 0.48763 0.155093 0.0253906 0.041088 0.00624084
0 0.816406 0.15625 0.0260417 0.0390625 0.00511932
0 0.860677 0.781829 0.0416667 0.0763889 0.00502014
0 0.805339 0.788194 0.0429688 0.0833333 0.0046463
0 0.729167 0.607639 0.0260417 0.0439815 0.00426483
0 0.48112 0.615162 0.0286458 0.0439815 0.00382423
0 0.977865 0.693866 0.0364583 0.0625 0.00336266
0 0.568685 0.539352 0.0247396 0.0393519 0.00324821
0 0.807292 0.610532 0.0260417 0.0393519 0.00288963
0 0.948568 0.880787 0.0377604 0.0636574 0.00268364
0 0.688802 0.543981 0.0208333 0.037037 0.00247192
0 0.96224 0.829861 0.046875 0.0833333 0.00245285
0 0.979167 0.167679 0.03125 0.057581 0.00244331
0 0.89974 0.844907 0.03125 0.0694444 0.00222588
0 0.222005 0.249421 0.0279948 0.0439815 0.00214958
0 0.902344 0.227141 0.0416667 0.0613426 0.00204277
0 0.641927 0.547454 0.0234375 0.0393519 0.00201988
0 0.979167 0.627315 0.0338542 0.0648148 0.00188923
0 0.513997 0.160301 0.0227865 0.0381944 0.00188255
0 0.408529 0.693287 0.0371094 0.0532407 0.00172043
0 0.556966 0.614583 0.0279948 0.037037 0.00160408
0 0.778646 0.879051 0.0364583 0.0717593 0.0015974
