0 0.875 0.704138 0.25 0.591725 0.93457
0 0.86849 0.788194 0.263021 0.363426 0.105591
0 0.871745 0.818287 0.25651 0.363426 0.0196075
0 0.717936 0.5 0.564128 1 0.016922
0 0.691406 0.5 0.617188 1 0.0146179
0 0.873047 0.844329 0.253906 0.311343 0.0145035
0 0.68099 0.534722 0.638021 0.930556 0.0143356
0 0.86849 0.705874 0.263021 0.574363 0.0136337
0 0.5 0.5 1 1 0.0122375
0 0.632487 0.5 0.735026 1 0.0110703
0 0.776042 0.811343 0.0885417 0.261574 0.0107346
0 0.224935 0.916088 0.0501302 0.0706019 0.0102463
0 0.701009 0.810475 0.597982 0.379051 0.0102463
0 0.741536 0.718171 0.516927 0.563657 0.0102463
0 0.748372 0.624277 0.503255 0.751447 0.00963593
0 0.5 0.5 1 1 0.00948334
0 0.685547 0.563079 0.628906 0.873843 0.0091629
0 0.583659 0.5 0.832682 1 0.00888062
0 0.696615 0.5 0.606771 1 0.00878143
0 0.0552572 0.916667 0.0919596 0.166667 0.0085144
0 0.916016 0.619213 0.167969 0.62037 0.00812531
0 0.867188 0.540654 0.265625 0.8886 0.00790405
0 0.14974 0.752315 0.0794271 0.115741 0.00775528
0 0.0612793 0.861979 0.100749 0.276042 0.00769424
0 0.147786 0.709491 0.0917969 0.159722 0.00751877
0 0.595703 0.712384 0.808594 0.575231 0.0064621
0 0.460612 0.5 0.921224 1 0.00614548
0 0.430339 0.5 0.860677 1 0.00609589
0 0.778646 0.859086 0.078125 0.281829 0.00588989
0 0.856771 0.586661 0.286458 0.662326 0.00502014
0 0.859375 0.5 0.28125 1 0.00500107
0 0.5 0.5 1 1 0.00492477
0 0.0524902 0.943287 0.0935872 0.113426 0.0046463
0 0.848958 0.927662 0.200521 0.144676 0.0045929
0 0.866862 0.892361 0.266276 0.215278 0.00453949
0 0.120443 0.767361 0.216797 0.465278 0.00452042
0 0.5 0.5 1 1 0.00446701
0 0.926432 0.749132 0.147135 0.501736 0.00413513
0 0.121745 0.880787 0.148112 0.196759 0.00391388
0 0.954427 0.630642 0.0885417 0.560475 0.00382423
0 0.798828 0.902778 0.109375 0.194444 0.00351143
0 0.896484 0.181134 0.207031 0.362269 0.00345612
0 0.651042 0.678819 0.0572917 0.087963 0.00345612
0 0.855469 0.744213 0.289063 0.479167 0.00345612
0 0.125977 0.853009 0.226563 0.293981 0.00299263
0 0.0996094 0.904803 0.166667 0.190394 0.00274658
0 0.484375 0.6875 0.0403646 0.0648148 0.00270462
0 0.906901 0.796875 0.186198 0.40625 0.00266266
0 0.853841 0.18533 0.292318 0.37066 0.00246239
0 0.142904 0.682292 0.0891927 0.181713 0.00228691
0 0.378255 0.646991 0.0455729 0.087963 0.277588
0 0.847656 0.848958 0.0625 0.100694 0.215332
0 0.533203 0.83044 0.0611979 0.0960648 0.201172
0 0.0315755 0.967593 0.0546875 0.0648148 0.15564
0 0.738932 0.773148 0.0481771 0.0763889 0.125122
0 0.222982 0.881944 0.0605469 0.0925926 0.109314
0 0.261393 0.527633 0.0455729 0.0604745 0.10376
0 0.111003 0.950231 0.0742188 0.099537 0.0878906
0 0.296875 0.962963 0.0546875 0.0740741 0.0772095
0 0.76237 0.782407 0.0638021 0.0868056 0.0705566
0 0.12793 0.958912 0.0686849 0.0821759 0.0703125
0 0.0530599 0.89294 0.0953776 0.21412 0.0651245
0 0.0453288 0.922743 0.0838216 0.154514 0.0499573
0 0.970703 0.693287 0.0507813 0.0717593 0.0470886
0 0.533203 0.829861 0.078125 0.122685 0.0440063
0 0.156576 0.74537 0.0553385 0.106481 0.0403137
0 0.314453 0.628472 0.0527344 0.0856481 0.0399475
0 0.813151 0.852431 0.105469 0.127315 0.0393372
0 0.0550944 0.410301 0.0805664 0.0983796 0.0385437
0 0.485026 0.635417 0.0488281 0.0810185 0.0376892
0 0.561849 0.613426 0.0429688 0.0671296 0.0333862
0 0.164063 0.74537 0.063151 0.0833333 0.0333252
0 0.973307 0.921875 0.0533854 0.09375 0.03302
0 0.178711 0.256944 0.0572917 0.0810185 0.0327759
0 0.678385 0.666667 0.0494792 0.0763889 0.0325928
0 0.676432 0.370081 0.0481771 0.0763889 0.0311432
0 0.486328 0.658565 0.0455729 0.0763889 0.0299835
0 0.429688 0.527778 0.0390625 0.0509259 0.0276337
0 0.78125 0.879051 0.0520833 0.105324 0.0273743
0 0.565104 0.470197 0.0429688 0.0619213 0.0272217
0 0.338542 0.80787 0.0585938 0.0925926 0.0263062
0 0.286458 0.962963 0.0605469 0.0740741 0.0230255
0 0.0260417 0.694444 0.0488281 0.0972222 0.0220795
0 0.0704753 0.875579 0.138021 0.248843 0.0210876
0 0.505859 0.633102 0.0507813 0.0787037 0.0207977
0 0.795573 0.0886863 0.0651042 0.112269 0.0197601
0 0.371094 0.642361 0.0579427 0.0856481 0.0191193
0 0.60612 0.52662 0.0338542 0.0532407 0.0177155
0 0.53125 0.805556 0.0690104 0.115741 0.0165253
0 0.782552 0.856481 0.0598958 0.122685 0.0160217
0 0.96875 0.752315 0.0494792 0.0856481 0.0158386
0 0.811198 0.905671 0.09375 0.188657 0.0155411
0 0.0957438 0.781829 0.0552572 0.0949074 0.0151291
0 0.0701497 0.414641 0.112305 0.087963 0.0150757
0 0.135905 0.464699 0.0517578 0.0821759 0.0149002
0 0.800781 0.837963 0.138021 0.199074 0.0148392
0 0.658854 0.664352 0.046875 0.0949074 0.0147324
0 0.645833 0.329282 0.0651042 0.0844907 0.0145035
0 0.802083 0.626157 0.0638021 0.0648148 0.0141754
0 0.675781 0.347222 0.0572917 0.0960648 0.0135345
0 0.860677 0.633247 0.266927 0.550637 0.96875
0 0.763021 0.33015 0.333333 0.585069 0.529297
0 0.10026 0.578704 0.186198 0.422454 0.343262
0 0.897135 0.141204 0.201823 0.254051 0.299805
0 0.205078 0.190972 0.123698 0.21875 0.291016
0 0.610026 0.183738 0.145833 0.247685 0.222046
0 0.105469 0.727431 0.181315 0.278935 0.168823
0 0.140788 0.699074 0.0966797 0.180556 0.166138
0 0.649089 0.17419 0.227865 0.280093 0.160278
0 0.855469 0.161458 0.278646 0.322917 0.143188
0 0.795573 0.279514 0.333333 0.497685 0.131226
0 0.86849 0.699653 0.247396 0.408565 0.126831
0 0.384766 0.641782 0.0572917 0.0821759 0.126343
0 0.395833 0.106626 0.0755208 0.122975 0.0960083
0 0.360677 0.62963 0.10612 0.106481 0.088501
0 0.527018 0.834491 0.0520833 0.0671296 0.0875854
0 0.797852 0.464988 0.404297 0.929977 0.083313
0 0.483724 0.665509 0.0390625 0.0613426 0.0797729
0 0.37793 0.646991 0.0449219 0.0810185 0.078064
0 0.170898 0.160156 0.205078 0.211516 0.0661011
0 0.316732 0.627315 0.0683594 0.099537 0.0600891
0 0.826172 0.202546 0.335938 0.372106 0.0558167
0 0.370443 0.57581 0.209635 0.211806 0.0531921
0 0.746094 0.425058 0.278646 0.520255 0.0528259
0 0.228516 0.865741 0.0651042 0.0902778 0.0512695
0 0.181966 0.172309 0.151042 0.234086 0.0479431
0 0.559896 0.330367 0.233073 0.574219 0.0406799
0 0.865885 0.225694 0.255208 0.430556 0.036499
0 0.746745 0.502894 0.261719 0.408565 0.036499
0 0.604004 0.216725 0.180013 0.342593 0.0358887
0 0.110189 0.119358 0.171549 0.184896 0.0337219
0 0.324544 0.582755 0.0996094 0.172454 0.0331421
0 0.762858 0.355324 0.458659 0.648148 0.0319214
0 0.926432 0.137695 0.147135 0.247179 0.0314331
0 0.663411 0.149306 0.276042 0.298611 0.0309601
0 0.432943 0.540509 0.0507813 0.0925926 0.0293121
0 0.233073 0.169271 0.21875 0.202546 0.0285492
0 0.408854 0.117441 0.0898438 0.136068 0.0283813
0 0.565104 0.613426 0.0390625 0.0509259 0.0281677
0 0.0893555 0.806713 0.132487 0.277778 0.0278473
0 0.633952 0.210938 0.164388 0.33044 0.0268555
0 0.267578 0.520833 0.0377604 0.0740741 0.0236053
0 0.86263 0.118779 0.222656 0.179688 0.0228882
0 0.11377 0.809606 0.19694 0.380787 0.0222931
0 0.925781 0.179253 0.144531 0.358507 0.0219879
0 0.755859 0.167245 0.447917 0.334491 0.0214539
0 0.436523 0.626157 0.0371094 0.0636574 0.0211639
0 0.391276 0.115307 0.0963542 0.146123 0.0207672
0 0.403646 0.121672 0.0970052 0.195312 0.02034
0 0.920573 0.457755 0.127604 0.175926 0.0190125
0 0.529948 0.832176 0.0442708 0.068287 0.125488
0 0.478516 0.677083 0.03125 0.0520833 0.111633
0 0.218913 0.890625 0.0517578 0.0914352 0.0917358
0 0.378581 0.670139 0.0377604 0.0578704 0.0665894
0 0.776042 0.891204 0.0364583 0.0694444 0.0512695
0 0.320313 0.633681 0.0455729 0.0787037 0.0346069
0 0.224609 0.870949 0.0638021 0.0960648 0.0321045
0 0.31901 0.670139 0.0403646 0.0555556 0.0314941
0 0.562826 0.615741 0.0279948 0.0393519 0.0167847
0 0.297852 0.976273 0.046224 0.0474537 0.0143356
0 0.0316569 0.967882 0.0473633 0.0642361 0.013588
0 0.845703 0.854167 0.0481771 0.0833333 0.0132751
0 0.954427 0.78588 0.0494792 0.0844907 0.0125275
0 0.638021 0.686343 0.0338542 0.0486111 0.0115051
0 0.0269368 0.68287 0.0486654 0.135417 0.0109863
0 0.964844 0.780671 0.0403646 0.0833333 0.00993347
0 0.688802 0.689815 0.0299479 0.0486111 0.00971222
0 0.841146 0.878472 0.0442708 0.0787037 0.00803375
0 0.218099 0.891204 0.0683594 0.104167 0.00800323
0 0.483073 0.62963 0.03125 0.0555556 0.00763702
0 0.567708 0.685185 0.03125 0.0486111 0.00757599
0 0.639323 0.616898 0.03125 0.0393519 0.00751877
0 0.383138 0.628472 0.0325521 0.0590278 0.00740433
0 0.604167 0.53125 0.0234375 0.0393519 0.00629044
0 0.950521 0.809028 0.0507813 0.101852 0.00629044
0 0.283854 0.977431 0.0566406 0.0451389 0.00624084
0 0.157389 0.736111 0.0644531 0.138889 0.00619125
0 0.170085 0.743056 0.0589193 0.0925926 0.00609589
0 0.0629883 0.791088 0.113932 0.362269 0.00534439
0 0.13265 0.778356 0.260091 0.443287 0.00526047
0 0.515625 0.614005 0.0234375 0.0347222 0.00518036
0 0.734375 0.757523 0.03125 0.0520833 0.00500107
0 0.0336914 0.666667 0.0621745 0.199074 0.00471878
0 0.358724 0.668981 0.0195313 0.0601852 0.00468063
0 0.690104 0.615741 0.0286458 0.0393519 0.00446701
0 0.730469 0.979167 0.0416667 0.0416667 0.00413513
0 0.267578 0.537037 0.0351562 0.0486111 0.00411606
0 0.820964 0.833912 0.0807292 0.105324 0.00372124
0 0.779297 0.856481 0.0455729 0.0902778 0.00359344
0 0.0507813 0.969907 0.0725911 0.0601852 0.00359344
0 0.973958 0.912616 0.0416667 0.0925926 0.00358009
0 0.349609 0.622685 0.015625 0.0671296 0.00348282
0 0.156576 0.83912 0.116211 0.224537 0.00345612
0 0.010498 0.5557 0.0209961 0.856192 0.00341606
0 0.167969 0.701968 0.0670573 0.141204 0.00333786
0 0.594401 0.688657 0.0325521 0.0509259 0.00323486
0 0.076416 0.760995 0.137533 0.423611 0.00319672
0 0.807292 0.877894 0.0729167 0.121528 0.00314713
0 0.800781 0.975984 0.0494792 0.0480324 0.00307465
0 0.434245 0.545139 0.0260417 0.0393519 0.0030632
0 0.870443 0.66059 0.259115 0.678819 0.461914
0 0.867188 0.522569 0.263021 0.954861 0.242188
0 0.223796 0.900463 0.0406901 0.0717593 0.192505
0 0.301432 0.974537 0.0390625 0.0509259 0.184204
0 0.813802 0.5 0.365885 1 0.11554
0 0.75765 0.186777 0.44043 0.281539 0.11499
0 0.763672 0.271412 0.436198 0.466435 0.108215
0 0.43457 0.53588 0.0286458 0.0532407 0.101562
0 0.771973 0.380787 0.456055 0.761574 0.0847778
0 0.526042 0.836806 0.0403646 0.0694444 0.0830078
0 0.861979 0.672309 0.263021 0.493345 0.0792236
0 0.133789 0.460069 0.0390625 0.068287 0.0634766
0 0.736979 0.23083 0.0390625 0.089265 0.0616455
0 0.264974 0.522135 0.0345052 0.0598958 0.0587769
0 0.382161 0.661458 0.0338542 0.0590278 0.0570679
0 0.480143 0.671296 0.030599 0.0590278 0.0570679
0 0.567708 0.613426 0.0325521 0.0486111 0.0446777
0 0.596191 0.180411 0.117513 0.220197 0.0438538
0 0.82487 0.182038 0.175781 0.290437 0.0433655
0 0.86849 0.76331 0.25 0.322917 0.0409851
0 0.572917 0.681134 0.0351562 0.0543981 0.037384
0 0.318359 0.666667 0.03125 0.0555556 0.036438
0 0.0683594 0.855324 0.047526 0.0752315 0.0348206
0 0.735026 0.975116 0.0429688 0.0497685 0.0332642
0 0.957031 0.775463 0.0572917 0.0891204 0.0325317
0 0.0607096 0.404514 0.0452474 0.068287 0.0311432
0 0.836589 0.847222 0.132812 0.188657 0.0310822
0 0.776042 0.889468 0.0403646 0.0717593 0.0303802
0 0.035319 0.965856 0.0537109 0.068287 0.0292053
0 0.848958 0.538628 0.302083 0.922743 0.0292053
0 0.610026 0.158854 0.147135 0.251157 0.0287018
0 0.873698 0.84375 0.242188 0.291667 0.028595
0 0.871745 0.209925 0.25 0.41985 0.0283813
0 0.283203 0.974248 0.046875 0.0515046 0.0279083
0 0.811198 0.192419 0.132812 0.23206 0.0263519
0 0.318359 0.631944 0.0423177 0.0717593 0.0253754
0 0.151855 0.736111 0.054362 0.0972222 0.0240021
0 0.151042 0.701389 0.0729167 0.143519 0.0222473
0 0.674479 0.153501 0.28776 0.26765 0.0219116
0 0.604167 0.519676 0.0234375 0.0590278 0.0219116
0 0.813802 0.228877 0.148438 0.219329 0.0214539
0 0.847656 0.318866 0.276042 0.563657 0.0213623
0 0.0493164 0.965278 0.0540365 0.0694444 0.0212402
0 0.972656 0.699074 0.0390625 0.0763889 0.0204468
0 0.384766 0.629051 0.030599 0.0636574 0.02034
0 0.758464 0.163339 0.450521 0.326678 0.0200195
0 0.112305 0.75463 0.03125 0.0439815 0.0193024
0 0.123372 0.447917 0.046875 0.0688657 0.0184021
0 0.479818 0.625 0.0286458 0.0613426 0.0180511
0 0.890625 0.138346 0.213542 0.263238 0.0174408
0 0.432292 0.541667 0.030599 0.0509259 0.0966797
0 0.568359 0.612269 0.0325521 0.0462963 0.0432739
0 0.265625 0.53588 0.0299479 0.0486111 0.0372009
0 0.319661 0.667245 0.03125 0.0555556 0.0186157
0 0.777344 0.896412 0.0390625 0.0717593 0.0164032
0 0.0291341 0.974826 0.0426432 0.0503472 0.0162811
0 0.382813 0.628472 0.0364583 0.0671296 0.013588
0 0.392578 0.52662 0.0260417 0.0462963 0.0134277
0 0.954427 0.783565 0.046875 0.0763889 0.0120544
0 0.430664 0.600694 0.0299479 0.0439815 0.0109863
0 0.379557 0.658565 0.0403646 0.0648148 0.00857544
0 0.517578 0.604167 0.0286458 0.0405093 0.00837708
0 0.317708 0.628472 0.0390625 0.0648148 0.00831604
0 0.556315 0.542824 0.031901 0.0451389 0.00787354
0 0.30013 0.982639 0.0416667 0.0347222 0.00787354
0 0.523438 0.532407 0.0260417 0.0393519 0.00723267
0 0.479818 0.619792 0.0299479 0.0532407 0.00658798
0 0.898438 0.614583 0.0351562 0.0486111 0.00559998
0 0.949219 0.811343 0.046875 0.101852 0.00559998
0 0.847656 0.833912 0.0703125 0.146991 0.00548935
0 0.221029 0.90162 0.0345052 0.0659722 0.00544739
0 0.566406 0.466435 0.0240885 0.037037 0.00503922
0 0.605469 0.476273 0.0286458 0.0486111 0.00468063
0 0.872396 0.734954 0.236979 0.393519 0.00452042
0 0.480469 0.535301 0.0214844 0.037037 0.00424957
0 0.0513509 0.97338 0.0613607 0.0532407 0.00407028
0 0.533854 0.84375 0.0384115 0.0636574 0.00395966
0 0.604167 0.526042 0.0260417 0.0405093 0.00390053
0 0.488281 0.668981 0.0299479 0.0578704 0.00385475
0 0.109701 0.760417 0.03125 0.0358796 0.00380898
0 0.283854 0.979456 0.046875 0.041088 0.00379562
0 0.856771 0.0865162 0.0260417 0.0509259 0.00355148
0 0.86849 0.735098 0.255208 0.522859 0.00325966
0 0.778646 0.856481 0.0507813 0.115741 0.00312424
0 0.358724 0.529514 0.0240885 0.0439815 0.00304031
0 0.152344 0.756944 0.0292969 0.0428241 0.00298119
0 0.859375 0.613426 0.0338542 0.037037 0.00253105
0 0.984375 0.476273 0.03125 0.0590278 0.00251198
0 0.941406 0.454861 0.0377604 0.0538194 0.00247192
0 0.763021 0.774306 0.0442708 0.0694444 0.00247192
0 0.0566406 0.75463 0.0449219 0.0509259 0.00231361
0 0.236328 0.62037 0.0364583 0.0532407 0.00226974
0 0.0244141 0.693866 0.0361328 0.0856481 0.00220871
0 0.485026 0.469039 0.0253906 0.037037 0.00219917
0 0.14209 0.837963 0.031901 0.0543981 0.00216484
0 0.245443 0.538194 0.0546875 0.0486111 0.00213242
0 0.514323 0.473958 0.0299479 0.0416667 0.00209999
0 0.96875 0.780671 0.0390625 0.0925926 0.00208282
0 0.727214 0.166667 0.0260417 0.0451389 0.00206757
0 0.0654297 0.857639 0.0566406 0.0821759 0.00188923
0 0.53125 0.831597 0.0377604 0.0601852 0.271973
0 0.570964 0.601852 0.03125 0.0532407 0.144165
0 0.440755 0.536458 0.0266927 0.0428241 0.11084
0 0.955729 0.773727 0.0494792 0.0844907 0.0881958
0 0.220703 0.887731 0.0488281 0.0752315 0.0753174
0 0.782552 0.883102 0.0390625 0.0648148 0.0713501
0 0.269531 0.53125 0.0253906 0.0486111 0.0632324
0 0.382161 0.656829 0.0364583 0.0625 0.0583496
0 0.385417 0.627315 0.0345052 0.0590278 0.0577087
0 0.321615 0.623843 0.0390625 0.0625 0.0520325
0 0.524089 0.534144 0.0208333 0.037037 0.0409851
0 0.434896 0.604167 0.0208333 0.0451389 0.0406799
0 0.848958 0.849537 0.0416667 0.0729167 0.037262
0 0.322266 0.661458 0.0325521 0.0578704 0.0363464
0 0.489909 0.663194 0.03125 0.0625 0.0287628
0 0.950521 0.809028 0.0546875 0.0902778 0.0284882
0 0.488281 0.625579 0.0325521 0.0613426 0.026062
0 0.692708 0.685185 0.0299479 0.0578704 0.0225372
0 0.757813 0.759259 0.0520833 0.0752315 0.0222931
0 0.84375 0.877315 0.0416667 0.0706019 0.0221558
0 0.738281 0.970486 0.0494792 0.0590278 0.0214539
0 0.608073 0.527778 0.0182292 0.0439815 0.0210114
0 0.89974 0.769676 0.0325521 0.0578704 0.0208893
0 0.391927 0.53125 0.0221354 0.0416667 0.0205688
0 0.595703 0.6875 0.03125 0.0509259 0.0177765
0 0.901042 0.833912 0.046875 0.0960648 0.016983
0 0.577474 0.689815 0.0377604 0.0555556 0.0156708
0 0.30013 0.97338 0.0494792 0.0532407 0.0154266
0 0.897786 0.612847 0.0260417 0.0497685 0.0136337
0 0.976563 0.899306 0.0416667 0.0717593 0.0136337
0 0.748698 0.758681 0.0507813 0.0810185 0.0130692
0 0.850586 0.809028 0.298828 0.347222 0.011734
0 0.647786 0.675347 0.0325521 0.0578704 0.0115967
0 0.609375 0.475984 0.0234375 0.0439815 0.0115051
0 0.850911 0.69213 0.298177 0.555556 0.0111618
0 0.0358887 0.971065 0.0504557 0.0578704 0.0109863
0 0.160319 0.740162 0.0432943 0.0694444 0.0108185
0 0.562826 0.550926 0.0221354 0.0462963 0.0107803
0 0.363281 0.623843 0.0247396 0.0543981 0.0104065
0 0.852865 0.614583 0.0195313 0.037037 0.0103302
0 0.235352 0.760417 0.0286458 0.0416667 0.0100098
0 0.109701 0.755787 0.0299479 0.0416667 0.00959778
0 0.169271 0.741898 0.0455729 0.0625 0.00933838
0 0.848633 0.591435 0.302734 0.711806 0.00926971
0 0.960938 0.81713 0.0625 0.145833 0.00919342
0 0.973958 0.698495 0.0364583 0.0844907 0.00854492
0 0.78125 0.862269 0.0494792 0.101852 0.00812531
0 0.847656 0.446759 0.0286458 0.056713 0.0078125
0 0.482747 0.537037 0.016276 0.0300926 0.00740433
0 0.219727 0.864583 0.0472005 0.0949074 0.00703812
0 0.527995 0.835648 0.0377604 0.0509259 0.0577087
0 0.435872 0.537037 0.0234375 0.0300926 0.0552063
0 0.566406 0.607639 0.0273438 0.0347222 0.0524292
0 0.267578 0.524306 0.0299479 0.0543981 0.0486755
0 0.316732 0.663194 0.0371094 0.0578704 0.0339661
0 0.861979 0.761574 0.252604 0.365741 0.033783
0 0.954427 0.783565 0.0520833 0.0868056 0.0276337
0 0.384115 0.627315 0.0325521 0.0486111 0.0272217
0 0.225586 0.88831 0.047526 0.0787037 0.026001
0 0.860677 0.69213 0.270833 0.547454 0.024704
0 0.431966 0.610532 0.0234375 0.0335648 0.0217743
0 0.870443 0.778935 0.170573 0.278935 0.0217743
0 0.317057 0.632523 0.0416667 0.0648148 0.019989
0 0.380208 0.659144 0.0351562 0.0601852 0.0157776
0 0.776042 0.885417 0.0416667 0.0671296 0.0148392
0 0.027832 0.682292 0.0338542 0.09375 0.0134277
0 0.518229 0.538194 0.0208333 0.0277778 0.0129242
0 0.392578 0.532986 0.0208333 0.0289352 0.012291
0 0.946615 0.79919 0.0625 0.116898 0.0116425
0 0.111328 0.759259 0.031901 0.037037 0.0108185
0 0.357096 0.618056 0.0247396 0.0428241 0.00993347
0 0.515299 0.609954 0.0227865 0.0277778 0.00978088
0 0.60612 0.533565 0.0234375 0.0335648 0.00926971
0 0.225423 0.865741 0.054362 0.0949074 0.0091629
0 0.483073 0.672454 0.0240885 0.0486111 0.00867462
0 0.0320638 0.971065 0.0426432 0.0578704 0.0086441
0 0.027181 0.634838 0.0348307 0.143519 0.00818634
0 0.875 0.840278 0.226563 0.243056 0.00787354
0 0.738281 0.971065 0.0494792 0.0578704 0.00717545
0 0.561198 0.548032 0.0208333 0.0335648 0.00661469
0 0.352865 0.537037 0.0175781 0.0277778 0.00653839
0 0.174805 0.741319 0.0384115 0.0625 0.0064888
0 0.30013 0.975694 0.0416667 0.0486111 0.00619125
0 0.47819 0.618056 0.0195313 0.0347222 0.00614548
0 0.28125 0.975116 0.0572917 0.0497685 0.00605011
0 0.0309245 0.724537 0.0371094 0.0949074 0.00595856
0 0.228841 0.763889 0.0358073 0.0416667 0.00577545
0 0.776042 0.858796 0.0520833 0.099537 0.00551224
0 0.828125 0.809606 0.15625 0.217593 0.00538635
0 0.0514323 0.690972 0.0638021 0.138889 0.00521851
0 0.153646 0.744792 0.046875 0.0648148 0.00519943
0 0.0533854 0.753472 0.0548503 0.0671296 0.0050621
0 0.479167 0.538773 0.0143229 0.0219907 0.00503922
0 0.763672 0.173322 0.472656 0.346644 0.00492477
0 0.690104 0.689236 0.0260417 0.0416667 0.00481033
0 0.570312 0.690972 0.0260417 0.0358796 0.00462723
0 0.31901 0.538194 0.0299479 0.0335648 0.00448608
0 0.866536 0.829861 0.266927 0.340278 0.00448608
0 0.395833 0.478009 0.0234375 0.0439815 0.00429916
0 0.740885 0.762731 0.0351562 0.0486111 0.00424957
0 0.223307 0.888889 0.0514323 0.0833333 0.320068
0 0.526042 0.836806 0.0442708 0.0648148 0.284668
0 0.955729 0.782986 0.0520833 0.0902778 0.237915
0 0.266276 0.524306 0.0338542 0.0578704 0.154053
0 0.776042 0.884838 0.0442708 0.0717593 0.153076
0 0.30013 0.969907 0.0449219 0.0601852 0.0946655
0 0.951172 0.802083 0.0572917 0.0983796 0.0856934
0 0.57194 0.605903 0.031901 0.037037 0.0853882
0 0.848307 0.856481 0.0455729 0.0787037 0.0841675
0 0.48112 0.66088 0.0338542 0.0625 0.0772095
0 0.319661 0.659722 0.0390625 0.0601852 0.0618896
0 0.177409 0.734954 0.0325521 0.0671296 0.0535889
0 0.959635 0.804398 0.0546875 0.115741 0.0516663
0 0.380859 0.658565 0.0364583 0.0601852 0.0497742
0 0.692057 0.685764 0.0299479 0.0474537 0.0469055
0 0.43457 0.602431 0.0240885 0.0416667 0.0462036
0 0.156901 0.736111 0.0410156 0.0706019 0.0448608
0 0.639323 0.672454 0.0338542 0.0532407 0.0413208
0 0.320638 0.629051 0.0455729 0.0694444 0.0397949
0 0.11263 0.755208 0.0292969 0.0439815 0.0319214
0 0.744141 0.756944 0.0416667 0.0671296 0.0310211
0 0.225911 0.870949 0.0611979 0.09375 0.0303345
0 0.842448 0.876736 0.0390625 0.0694444 0.0274353
0 0.286133 0.96441 0.0716146 0.0711806 0.0257568
0 0.386068 0.627894 0.0338542 0.0578704 0.0247955
0 0.778646 0.860532 0.0520833 0.0983796 0.0227661
0 0.973958 0.905093 0.0442708 0.087963 0.0220795
0 0.914063 0.833912 0.0546875 0.0960648 0.0214844
0 0.436198 0.534722 0.0234375 0.0324074 0.02034
0 0.826823 0.880208 0.0625 0.0891204 0.0182953
0 0.481771 0.622685 0.03125 0.0509259 0.0179901
0 0.174316 0.71412 0.0494792 0.0925926 0.0177765
0 0.152995 0.70544 0.0677083 0.12037 0.016922
0 0.759115 0.762153 0.0494792 0.0729167 0.0164032
0 0.712891 0.173322 0.309896 0.346644 0.0153046
0 0.357422 0.619213 0.0208333 0.0532407 0.0149536
0 0.663411 0.164786 0.235677 0.322049 0.0148392
0 0.522461 0.53125 0.0188802 0.0289352 0.0136337
0 0.921875 0.433449 0.101563 0.126157 0.0131226
0 0.576172 0.683449 0.0364583 0.0474537 0.0131226
0 0.271484 0.748843 0.0286458 0.0555556 0.012825
0 0.0281576 0.685185 0.039388 0.104167 0.0126266
0 0.89974 0.773148 0.046875 0.0625 0.0125275
0 0.821615 0.84375 0.0677083 0.108796 0.0124817
0 0.89388 0.496238 0.0729167 0.183449 0.0115051
0 0.916667 0.529514 0.164063 0.355324 0.0112457
0 0.00516764 0.49103 0.0103353 0.832755 0.0111618
0 0.630208 0.170428 0.170573 0.289352 0.0109024
0 0.980469 0.448495 0.0338542 0.105324 0.0108185
0 0.0984701 0.410012 0.0403646 0.0671296 0.0104065
0 0.778646 0.892361 0.0377604 0.0578704 0.650391
0 0.221517 0.899306 0.0439453 0.0763889 0.324219
0 0.270182 0.534144 0.0299479 0.0462963 0.168335
0 0.533203 0.840278 0.046224 0.0625 0.140869
0 0.848958 0.855324 0.0338542 0.0601852 0.12085
0 0.954427 0.77662 0.0429688 0.0601852 0.0930176
0 0.319661 0.663773 0.0390625 0.056713 0.0844727
0 0.380208 0.659722 0.0377604 0.0578704 0.0618896
0 0.320313 0.632523 0.0429688 0.0671296 0.0479431
0 0.4375 0.537037 0.0234375 0.0358796 0.0450134
0 0.570638 0.612847 0.030599 0.0381944 0.0413818
0 0.778646 0.866898 0.0390625 0.0810185 0.037323
0 0.030599 0.965856 0.0602214 0.068287 0.0358276
0 0.382161 0.637731 0.0397135 0.0671296 0.0256653
0 0.959635 0.772569 0.0494792 0.0706019 0.0208435
0 0.48112 0.662037 0.0338542 0.0625 0.0206451
0 0.842448 0.881366 0.0364583 0.0578704 0.0197906
0 0.477214 0.630787 0.0286458 0.0625 0.0176392
0 0.604167 0.53125 0.0208333 0.0358796 0.014389
0 0.438151 0.609954 0.0247396 0.037037 0.0138474
0 0.638021 0.677083 0.03125 0.0439815 0.0137405
0 0.736979 0.765046 0.03125 0.0532407 0.0130234
0 0.522135 0.537037 0.0182292 0.0277778 0.0119629
0 0.895833 0.76794 0.0208333 0.0347222 0.0106125
0 0.222493 0.876157 0.055013 0.113426 0.0105667
0 0.39681 0.53125 0.0227865 0.0358796 0.0104065
0 0.738281 0.965278 0.0625 0.0625 0.00787354
0 0.606771 0.48206 0.03125 0.0509259 0.00748825
0 0.942708 0.815972 0.0364583 0.0648148 0.00734711
0 0.480794 0.539352 0.0175781 0.0300926 0.00712204
0 0.155273 0.75463 0.031901 0.0439815 0.00553513
0 0.766927 0.769097 0.0338542 0.0520833 0.00521851
0 0.293294 0.973958 0.0579427 0.0520833 0.00521851
0 0.859375 0.77662 0.03125 0.0497685 0.0051384
0 0.176758 0.749421 0.03125 0.0451389 0.0046463
0 0.0288086 0.693287 0.0375977 0.087963 0.00443268
0 0.516927 0.609954 0.0208333 0.0300926 0.00391388
0 0.0580241 0.404803 0.0792643 0.099537 0.00388527
0 0.902344 0.843171 0.0364583 0.0555556 0.00385475
0 0.813802 0.832176 0.0260417 0.0474537 0.00383949
0 0.270508 0.967014 0.0833333 0.0659722 0.00319672
0 0.933594 0.40625 0.0703125 0.0844907 0.00300407
0 0.361979 0.625 0.0247396 0.0555556 0.00291252
0 0.437174 0.242188 0.0488281 0.0740741 0.00281143
0 0.138021 0.83044 0.031901 0.0439815 0.00273705
0 0.928385 0.445023 0.0729167 0.0787037 0.00245285
0 0.979167 0.466725 0.0286458 0.0578704 0.00243378
0 0.108724 0.761574 0.0266927 0.0324074 0.00237846
0 0.0289714 0.631944 0.0419922 0.127315 0.00225258
0 0.227376 0.769676 0.0328776 0.0462963 0.00219154
0 0.78125 0.893519 0.0416667 0.0578704 0.390381
0 0.268555 0.534144 0.0390625 0.0555556 0.240112
0 0.438151 0.524306 0.03125 0.0486111 0.237915
0 0.954427 0.773727 0.0455729 0.068287 0.0646362
0 0.221029 0.894676 0.0458984 0.0694444 0.0560303
0 0.604167 0.534722 0.0273438 0.0393519 0.0193481
0 0.848958 0.855324 0.0403646 0.0694444 0.0178528
0 0.606771 0.48206 0.0299479 0.0497685 0.016098
0 0.568034 0.603588 0.0332031 0.0462963 0.0150757
0 0.534505 0.832755 0.0403646 0.0532407 0.0148392
0 0.522135 0.53588 0.0266927 0.0393519 0.012825
0 0.738932 0.762731 0.0403646 0.0648148 0.0106506
0 0.779297 0.87037 0.0455729 0.0902778 0.0103302
0 0.960938 0.766782 0.0494792 0.0810185 0.0102463
0 0.111328 0.766782 0.0361328 0.0462963 0.00800323
0 0.39681 0.482639 0.03125 0.0497685 0.00793457
0 0.742839 0.965278 0.0664062 0.0648148 0.00751877
0 0.391927 0.532986 0.0299479 0.0428241 0.00748825
0 0.763021 0.762731 0.0364583 0.0578704 0.00679779
0 0.223796 0.865741 0.0485026 0.0902778 0.00614548
0 0.0651042 0.533565 0.0410156 0.0509259 0.00609589
0 0.977214 0.917824 0.0416667 0.0740741 0.00605011
0 0.316081 0.664352 0.0345052 0.0520833 0.00568771
0 0.321615 0.628472 0.0442708 0.0694444 0.00551224
0 0.936198 0.399306 0.0390625 0.0625 0.00547028
0 0.845703 0.444155 0.0325521 0.056713 0.0051384
0 0.842448 0.883102 0.0377604 0.0578704 0.0049057
0 0.477214 0.540509 0.0221354 0.0439815 0.00484848
0 0.981771 0.459491 0.0364583 0.0596065 0.00473785
0 0.940104 0.822917 0.0416667 0.0694444 0.0046463
0 0.0348307 0.963252 0.0533854 0.0734954 0.00428009
0 0.560547 0.543403 0.0221354 0.0428241 0.00379562
0 0.0273438 0.621528 0.0377604 0.106481 0.00370789
0 0.0302734 0.55787 0.0351562 0.087963 0.00342941
0 0.0668132 0.853009 0.0545247 0.0763889 0.00340271
0 0.0288086 0.688657 0.034668 0.0902778 0.00336266
0 0.563151 0.474537 0.0221354 0.037037 0.00325966
0 0.230632 0.770833 0.0335286 0.0486111 0.00317192
0 0.299479 0.972222 0.0455729 0.0555556 0.00304031
0 0.861979 0.773148 0.0364583 0.0509259 0.00302696
0 0.777344 0.605903 0.0286458 0.0428241 0.00300407
0 0.848958 0.619213 0.0286458 0.0486111 0.00300407
0 0.96875 0.71412 0.0494792 0.087963 0.00299263
0 0.0677083 0.410301 0.0494792 0.0740741 0.00291252
0 0.238281 0.539352 0.0546875 0.0578704 0.00291252
0 0.901042 0.397569 0.03125 0.0543981 0.00279999
0 0.150879 0.761574 0.0348307 0.0509259 0.00277901
0 0.0970052 0.414931 0.0364583 0.068287 0.00271416
0 0.108073 0.449363 0.03125 0.0561343 0.00255013
0 0.192383 0.532407 0.0260417 0.0509259 0.00251198
0 0.779297 0.888889 0.0403646 0.0671296 0.539062
0 0.270182 0.531829 0.0325521 0.0543981 0.312256
0 0.4375 0.528356 0.0286458 0.0451389 0.152588
0 0.953125 0.769676 0.0442708 0.0763889 0.107056
0 0.56901 0.605324 0.0351562 0.0509259 0.106323
0 0.606771 0.526042 0.0299479 0.0497685 0.0817871
0 0.221029 0.895255 0.0377604 0.068287 0.0486755
0 0.108724 0.762731 0.0286458 0.0393519 0.02948
0 0.317057 0.662037 0.0377604 0.0625 0.0227966
0 0.847005 0.853588 0.0364583 0.068287 0.0205994
0 0.520833 0.530093 0.0240885 0.0393519 0.0200958
0 0.391276 0.528356 0.0292969 0.0451389 0.0196381
0 0.779297 0.607639 0.0273438 0.0439815 0.0173798
0 0.936198 0.394097 0.0286458 0.052662 0.0170441
0 0.9375 0.822917 0.046875 0.0717593 0.0160217
0 0.31901 0.631944 0.0494792 0.0740741 0.0157776
0 0.973958 0.912037 0.0390625 0.0717593 0.0155411
0 0.354167 0.539352 0.0234375 0.0486111 0.0150757
0 0.766927 0.766204 0.0338542 0.0625 0.0139542
0 0.959635 0.759838 0.0494792 0.0821759 0.0139542
0 0.778646 0.868056 0.0442708 0.0925926 0.0137405
0 0.0313314 0.965278 0.0454102 0.0694444 0.0134811
0 0.069987 0.854167 0.0416667 0.0717593 0.012146
0 0.744792 0.969907 0.0533854 0.0601852 0.0117798
0 0.302083 0.977431 0.0390625 0.0451389 0.0116882
0 0.0262044 0.688657 0.0276693 0.0671296 0.0109024
0 0.984375 0.456597 0.0286458 0.0555556 0.0100937
0 0.395182 0.475116 0.0234375 0.0451389 0.00993347
0 0.476563 0.537037 0.0208333 0.037037 0.00985718
0 0.640625 0.675926 0.0325521 0.0555556 0.00905609
0 0.610677 0.248843 0.0286458 0.0520833 0.0088501
0 0.0296224 0.547454 0.0281576 0.0601852 0.00806427
0 0.151693 0.759259 0.0247396 0.0439815 0.00769424
0 0.736328 0.762153 0.0351562 0.0671296 0.00763702
0 0.482422 0.671296 0.03125 0.0601852 0.00720596
0 0.848307 0.450231 0.0247396 0.0462963 0.00717545
0 0.559245 0.545139 0.0240885 0.0416667 0.00709534
0 0.5625 0.460938 0.0195313 0.0364583 0.00703812
0 0.227539 0.852431 0.0406901 0.0636574 0.00703812
0 0.0575358 0.759838 0.0286458 0.037037 0.00695801
0 0.84375 0.881944 0.0364583 0.0613426 0.00664139
0 0.850911 0.617477 0.0208333 0.0405093 0.00643921
0 0.027181 0.616319 0.0292969 0.0763889 0.00629044
0 0.108398 0.448785 0.0253906 0.0538194 0.00600433
0 0.894531 0.622685 0.0299479 0.0543981 0.0055542
0 0.473958 0.615741 0.0299479 0.0555556 0.00548935
0 0.0301107 0.837963 0.0291341 0.0532407 0.00534439
0 0.348307 0.617477 0.0273438 0.0578704 0.00524139
0 0.355794 0.465278 0.0214844 0.0347222 0.00521851
0 0.60612 0.485243 0.0286458 0.0596065 0.00516129
0 0.267253 0.526042 0.0364583 0.0578704 0.269043
0 0.436849 0.527778 0.0286458 0.0462963 0.0917358
0 0.779948 0.890046 0.0416667 0.0671296 0.0723877
0 0.608073 0.523148 0.0299479 0.0474537 0.0568542
0 0.224935 0.891782 0.047526 0.0810185 0.0564575
0 0.568359 0.608796 0.0351562 0.0416667 0.0412292
0 0.317708 0.631944 0.046875 0.0740741 0.0271759
0 0.95638 0.766204 0.0481771 0.0787037 0.0219421
0 0.353841 0.541667 0.0234375 0.0405093 0.0209656
0 0.112142 0.760417 0.0341797 0.0416667 0.0192413
0 0.153971 0.75463 0.0338542 0.0462963 0.0187225
0 0.47526 0.533565 0.0227865 0.0347222 0.0185089
0 0.17513 0.742477 0.0345052 0.056713 0.0165863
0 0.5625 0.539352 0.0234375 0.0289352 0.0160217
0 0.535156 0.836806 0.0397135 0.0555556 0.0150146
0 0.770833 0.769676 0.0364583 0.0625 0.0146713
0 0.519206 0.530093 0.0247396 0.037037 0.0146179
0 0.850911 0.62037 0.0260417 0.0416667 0.014389
0 0.391927 0.527778 0.0286458 0.0416667 0.0140076
0 0.382813 0.657407 0.0358073 0.0648148 0.0130692
0 0.316406 0.659144 0.0377604 0.0613426 0.0128708
0 0.385417 0.634838 0.0403646 0.068287 0.0120087
0 0.23112 0.76794 0.03125 0.0439815 0.0112
0 0.74349 0.967014 0.046875 0.0601852 0.0109863
0 0.738932 0.761574 0.0351562 0.0601852 0.00941467
0 0.350911 0.611111 0.0240885 0.0555556 0.00905609
0 0.433594 0.598958 0.03125 0.0474537 0.00854492
0 0.0242513 0.683449 0.0273438 0.0590278 0.00661469
0 0.223307 0.865162 0.0501302 0.0891204 0.0064888
0 0.78125 0.862269 0.0442708 0.0949074 0.00636292
0 0.395182 0.476273 0.0260417 0.0428241 0.00559998
0 0.893229 0.626736 0.0338542 0.0555556 0.00559998
0 0.0581055 0.758102 0.0340169 0.0416667 0.00551224
0 0.778646 0.60706 0.0273438 0.0358796 0.00511932
0 0.482422 0.668403 0.0338542 0.0613426 0.00502014
0 0.474935 0.618634 0.0299479 0.0532407 0.00486755
0 0.145833 0.616898 0.0410156 0.0532407 0.00469971
0 0.641927 0.679398 0.03125 0.0486111 0.00450516
0 0.608073 0.484954 0.0286458 0.0532407 0.00431442
0 0.690104 0.688079 0.03125 0.0497685 0.00395966
0 0.241862 0.532407 0.0488281 0.0486111 0.00390053
0 0.848307 0.857639 0.0442708 0.0810185 0.00385475
0 0.846354 0.881366 0.0390625 0.0648148 0.0037365
0 0.0249023 0.744213 0.0266927 0.0555556 0.00353813
0 0.318359 0.533565 0.0351562 0.037037 0.00351143
0 0.514323 0.474248 0.0260417 0.0376157 0.00348282
0 0.023763 0.622106 0.0250651 0.0706019 0.00332451
0 0.947917 0.80787 0.0651042 0.115741 0.00332451
0 0.575521 0.688079 0.0364583 0.0532407 0.00324821
0 0.271159 0.760995 0.03125 0.0520833 0.00314713
0 0.266602 0.528356 0.0292969 0.0543981 0.287842
0 0.436849 0.528935 0.0247396 0.0416667 0.157104
0 0.779948 0.885417 0.0390625 0.0625 0.112
0 0.767578 0.769676 0.0299479 0.0555556 0.0745239
0 0.605469 0.526042 0.0260417 0.0428241 0.0734253
0 0.56901 0.604167 0.0338542 0.0486111 0.0723877
0 0.955078 0.765046 0.0442708 0.0636574 0.0634766
0 0.320313 0.626157 0.0442708 0.0763889 0.0401001
0 0.520833 0.528935 0.0234375 0.0393519 0.0354004
0 0.392578 0.53588 0.0273438 0.0416667 0.026062
0 0.475586 0.533565 0.0208333 0.0347222 0.0244293
0 0.848958 0.853009 0.0364583 0.0717593 0.0210876
0 0.781901 0.860532 0.0429688 0.0891204 0.0192719
0 0.113444 0.761574 0.0315755 0.0416667 0.0165253
0 0.226888 0.895255 0.0416667 0.0729167 0.0158997
0 0.740885 0.762731 0.0338542 0.0555556 0.0155411
0 0.354167 0.542824 0.0195313 0.0393519 0.0136871
0 0.605469 0.480324 0.0234375 0.0462963 0.0116882
0 0.319987 0.660301 0.0371094 0.0590278 0.0102463
0 0.802083 0.825231 0.0364583 0.0717593 0.0101318
0 0.861979 0.773148 0.03125 0.0497685 0.00919342
0 0.382161 0.658565 0.0345052 0.0625 0.00891876
0 0.395833 0.474537 0.0214844 0.0405093 0.00769424
0 0.942708 0.822917 0.0520833 0.0787037 0.00703812
0 0.561849 0.542245 0.0221354 0.0335648 0.00701141
0 0.431315 0.600694 0.0292969 0.0520833 0.00695801
0 0.89388 0.765046 0.0273438 0.0439815 0.00612259
0 0.385417 0.631944 0.0377604 0.0717593 0.00609589
0 0.845052 0.880208 0.0364583 0.0625 0.00492477
0 0.480469 0.476852 0.0195313 0.0428241 0.0049057
0 0.151042 0.758102 0.0266927 0.0439815 0.00446701
0 0.90625 0.842014 0.0364583 0.0706019 0.00434875
0 0.807292 0.780671 0.0325521 0.068287 0.00429916
0 0.348958 0.612269 0.0227865 0.0601852 0.00424957
0 0.777344 0.603009 0.0260417 0.037037 0.00400543
0 0.0679525 0.40162 0.0388997 0.0601852 0.00346947
0 0.561849 0.466435 0.0182292 0.0335648 0.00337601
0 0.48112 0.623843 0.0338542 0.0613426 0.00337601
0 0.229329 0.765046 0.0257161 0.0416667 0.00329781
0 0.0232747 0.684606 0.0224609 0.0625 0.00325966
0 0.177409 0.752315 0.0276693 0.0439815 0.00324821
0 0.0234375 0.393229 0.0201823 0.0590278 0.00307465
0 0.962891 0.815972 0.0455729 0.087963 0.00291252
0 0.898438 0.618056 0.0286458 0.0486111 0.00283432
0 0.986328 0.455729 0.0273438 0.0497685 0.00282288
0 0.110026 0.446759 0.0292969 0.0578704 0.00277901
0 0.516276 0.479745 0.0221354 0.0462963 0.00263214
0 0.0247396 0.456597 0.0182292 0.0497685 0.00259018
0 0.320964 0.539352 0.0325521 0.0393519 0.00258064
0 0.355469 0.471644 0.0188802 0.037037 0.00233269
0 0.777995 0.887731 0.0481771 0.0717593 0.256104
0 0.261719 0.525463 0.0299479 0.0532407 0.135742
0 0.602865 0.527778 0.0260417 0.0416667 0.0769653
0 0.566406 0.604167 0.0325521 0.0451389 0.0720825
0 0.220215 0.890046 0.0429688 0.0740741 0.0524292
0 0.955078 0.771991 0.0455729 0.0752315 0.0495911
0 0.10791 0.760995 0.0286458 0.0428241 0.0382385
0 0.779297 0.866898 0.0507813 0.0949074 0.036438
0 0.764323 0.766204 0.0403646 0.0671296 0.0354004
0 0.843099 0.857639 0.0403646 0.0740741 0.0269165
0 0.434896 0.532407 0.0208333 0.0347222 0.0254669
0 0.430664 0.601852 0.0273438 0.0486111 0.0250854
0 0.313802 0.630787 0.0416667 0.0740741 0.0246582
0 0.316406 0.662037 0.0364583 0.0578704 0.0174408
0 0.175293 0.743056 0.030599 0.0520833 0.0157166
0 0.807292 0.835648 0.0364583 0.087963 0.0147324
0 0.517578 0.532407 0.0208333 0.0347222 0.0133286
0 0.959635 0.759259 0.046875 0.0787037 0.01297
0 0.740885 0.755787 0.0390625 0.0648148 0.0122375
0 0.936198 0.821759 0.0494792 0.0844907 0.0113297
0 0.148112 0.757523 0.0247396 0.0428241 0.00945282
0 0.481771 0.666667 0.0325521 0.0578704 0.00941467
0 0.227214 0.76331 0.0260417 0.0416667 0.00905609
0 0.381836 0.632523 0.0364583 0.0648148 0.00898743
0 0.0192057 0.686921 0.0289714 0.0636574 0.00818634
0 0.0171712 0.744213 0.0266927 0.0578704 0.00790405
0 0.270833 0.751157 0.0260417 0.0520833 0.00787354
0 0.839844 0.877315 0.0416667 0.0671296 0.0078125
0 0.893229 0.619213 0.0338542 0.0532407 0.00754929
0 0.220703 0.858796 0.0436198 0.0729167 0.00746155
0 0.985677 0.458912 0.0286458 0.0532407 0.00723267
0 0.350586 0.614583 0.0214844 0.0555556 0.00666809
0 0.557292 0.540509 0.0208333 0.0300926 0.00658798
0 0.776042 0.604167 0.0234375 0.0405093 0.00656509
0 0.0582682 0.759259 0.0292969 0.0416667 0.00653839
0 0.904297 0.84838 0.0377604 0.0717593 0.00579834
0 0.474609 0.53588 0.0195313 0.0324074 0.00575256
0 0.976563 0.90625 0.0442708 0.0717593 0.00566483
0 0.96224 0.819444 0.046875 0.087963 0.00557709
0 0.0187174 0.619213 0.0291341 0.0763889 0.00536346
0 0.68099 0.606481 0.0260417 0.0416667 0.00484848
0 0.348958 0.541667 0.0195313 0.0358796 0.00455475
0 0.474609 0.618056 0.0273438 0.0486111 0.00453949
0 0.813802 0.876736 0.0664062 0.099537 0.00453949
0 0.380208 0.657986 0.0377604 0.0613426 0.00439835
0 0.0206706 0.545139 0.0253906 0.0625 0.00399017
0 0.846354 0.449074 0.0247396 0.0474537 0.00390053
0 0.691406 0.685185 0.03125 0.0532407 0.00379562
0 0.639323 0.670718 0.03125 0.0532407 0.00370789
0 0.934245 0.398727 0.0273438 0.0543981 0.00319672
0 0.777995 0.881944 0.046875 0.0694444 0.344238
0 0.264242 0.53125 0.0327148 0.0543981 0.246582
0 0.434245 0.530093 0.0260417 0.0428241 0.0907593
0 0.56901 0.607639 0.0325521 0.0474537 0.088501
0 0.954427 0.768519 0.0442708 0.0763889 0.0618896
0 0.765625 0.769676 0.0390625 0.0648148 0.0596619
0 0.604167 0.528356 0.0260417 0.0416667 0.0585632
0 0.780599 0.867477 0.0494792 0.0914352 0.0499573
0 0.844401 0.855324 0.0403646 0.0740741 0.0483093
0 0.107096 0.760995 0.0332031 0.0462963 0.0376892
0 0.220378 0.890046 0.0429688 0.0763889 0.0375366
0 0.315755 0.628472 0.046875 0.0740741 0.0307922
0 0.485677 0.66088 0.0351562 0.0648148 0.0261078
0 0.518229 0.52662 0.0221354 0.0405093 0.0224152
0 0.932292 0.819444 0.0494792 0.0810185 0.0196838
0 0.430664 0.60706 0.030599 0.0509259 0.0156021
0 0.800781 0.831019 0.046875 0.0833333 0.0155411
0 0.1486 0.753472 0.0273438 0.0486111 0.0127716
0 0.741536 0.755787 0.0416667 0.0625 0.0119629
0 0.959635 0.762731 0.0442708 0.0740741 0.0109863
0 0.386719 0.52662 0.0299479 0.0439815 0.0108185
0 0.473958 0.53125 0.0221354 0.0381944 0.0106125
0 0.476563 0.62963 0.0325521 0.0648148 0.00905609
0 0.777344 0.603588 0.0260417 0.0428241 0.00831604
0 0.890625 0.618056 0.0364583 0.0532407 0.00766754
0 0.319661 0.659144 0.0364583 0.0613426 0.00740433
0 0.380859 0.634838 0.0390625 0.0671296 0.00734711
0 0.17513 0.746528 0.0325521 0.0520833 0.00701141
0 0.0226237 0.684028 0.0286458 0.0671296 0.00669098
0 0.349609 0.538773 0.0234375 0.0405093 0.00658798
0 0.975911 0.905093 0.0403646 0.0671296 0.0064888
0 0.841146 0.876736 0.0390625 0.0671296 0.00634003
0 0.380208 0.65625 0.0377604 0.0648148 0.00624084
0 0.639974 0.671296 0.03125 0.0509259 0.00579834
0 0.903646 0.847801 0.0390625 0.0729167 0.00568771
0 0.350586 0.616898 0.0247396 0.0578704 0.00547028
0 0.556966 0.539352 0.0234375 0.0324074 0.00542831
0 0.691406 0.686343 0.0286458 0.0509259 0.00538635
0 0.96224 0.815972 0.0429688 0.0752315 0.00510025
0 0.860677 0.78125 0.0364583 0.0694444 0.00494385
0 0.0205078 0.743056 0.0266927 0.0578704 0.00468063
0 0.893229 0.769676 0.0338542 0.0578704 0.00445175
0 0.1875 0.530093 0.0240885 0.0497685 0.00424957
0 0.22168 0.869213 0.0488281 0.087963 0.0042305
0 0.0221354 0.618634 0.0309245 0.0844907 0.00419998
0 0.270833 0.74537 0.0286458 0.0625 0.00390053
0 0.604167 0.478588 0.0234375 0.0462963 0.00382423
0 0.392904 0.476273 0.0227865 0.0428241 0.00366402
0 0.0594889 0.758102 0.0323893 0.0416667 0.00363541
0 0.240072 0.674769 0.0328776 0.0509259 0.00356483
0 0.779948 0.884259 0.046875 0.0694444 0.233032
0 0.266602 0.536458 0.0299479 0.0474537 0.160278
0 0.56901 0.608796 0.0325521 0.0416667 0.093689
0 0.222005 0.892361 0.0514323 0.0902778 0.0894775
0 0.602865 0.532407 0.0260417 0.0381944 0.0872803
0 0.436198 0.535301 0.0227865 0.0347222 0.085083
0 0.954427 0.775463 0.0494792 0.0810185 0.0497742
0 0.76888 0.77662 0.0442708 0.0694444 0.0432129
0 0.84375 0.855324 0.0429688 0.0856481 0.0367126
0 0.317057 0.634259 0.0442708 0.0694444 0.0313721
0 0.78125 0.865741 0.0520833 0.101852 0.0268555
0 0.31901 0.659722 0.0364583 0.0578704 0.0201416
0 0.9375 0.813657 0.0598958 0.100694 0.0184784
0 0.519206 0.531829 0.0201823 0.0324074 0.0164032
0 0.800781 0.837963 0.0520833 0.101852 0.0163422
0 0.47526 0.539352 0.0208333 0.0324074 0.0123367
0 0.958333 0.766204 0.0481771 0.0833333 0.0119629
0 0.841146 0.876157 0.0390625 0.0694444 0.0115051
0 0.389974 0.533565 0.0234375 0.0347222 0.00997162
0 0.432943 0.607639 0.0279948 0.0393519 0.00945282
0 0.38151 0.657986 0.0351562 0.0601852 0.00844574
0 0.348958 0.616898 0.0208333 0.0462963 0.00619125
0 0.221354 0.878472 0.0579427 0.106481 0.00605011
0 0.351563 0.54456 0.0182292 0.0358796 0.00579834
0 0.485677 0.66088 0.0325521 0.0601852 0.00568771
0 0.777344 0.605903 0.0260417 0.0381944 0.00559998
0 0.477865 0.624421 0.0299479 0.0532407 0.00547028
0 0.0265299 0.688657 0.0371094 0.0787037 0.00547028
0 0.108398 0.765046 0.0338542 0.0462963 0.00521851
0 0.960938 0.820602 0.0494792 0.101852 0.00521851
0 0.74349 0.765046 0.0416667 0.0613426 0.00518036
0 0.903646 0.842593 0.0416667 0.0914352 0.00503922
0 0.808594 0.875 0.0755208 0.0972222 0.00500107
0 0.559896 0.542824 0.0195313 0.0324074 0.00466537
0 0.97526 0.905093 0.0416667 0.0810185 0.0046463
0 0.860026 0.791667 0.0403646 0.0833333 0.00439835
0 0.0238444 0.743634 0.0333659 0.0601852 0.00413513
0 0.891927 0.622685 0.0377604 0.0601852 0.00411606
0 0.0566406 0.764468 0.0372721 0.0462963 0.00369263
0 0.175456 0.744213 0.0325521 0.0520833 0.00348282
0 0.0262858 0.62963 0.038737 0.103009 0.00325966
0 0.603516 0.483218 0.0234375 0.0497685 0.00293541
0 0.384115 0.634259 0.0351562 0.0648148 0.00293541
0 0.151855 0.752894 0.0286458 0.0474537 0.00286674
0 0.804688 0.802083 0.0520833 0.109954 0.00271416
0 0.641927 0.671875 0.0325521 0.0520833 0.0026722
0 0.895833 0.780093 0.0403646 0.0717593 0.0024929
0 0.0270182 0.564815 0.031901 0.101852 0.00219154
0 0.514323 0.608796 0.0260417 0.037037 0.00219154
0 0.682943 0.611111 0.0234375 0.037037 0.00198746
0 0.265951 0.531829 0.0338542 0.0497685 0.236572
0 0.778646 0.884259 0.046875 0.068287 0.162354
0 0.569661 0.608796 0.0351562 0.0462963 0.105957
0 0.220703 0.892361 0.0507813 0.0810185 0.0977173
0 0.433594 0.531829 0.0273438 0.0405093 0.0875854
0 0.955729 0.772569 0.0520833 0.0856481 0.0585632
0 0.318359 0.633102 0.0494792 0.0706019 0.0552063
0 0.602865 0.529514 0.0286458 0.0428241 0.0486755
0 0.76888 0.782407 0.0494792 0.0856481 0.0366211
0 0.78125 0.863426 0.0546875 0.101852 0.0268097
0 0.841146 0.859954 0.0442708 0.0810185 0.0267029
0 0.519531 0.53125 0.0247396 0.037037 0.0188293
0 0.936849 0.818287 0.0625 0.101852 0.0174408
0 0.840495 0.876157 0.0403646 0.0671296 0.0153046
0 0.799479 0.843171 0.0559896 0.101852 0.0144501
0 0.389648 0.532986 0.0292969 0.0393519 0.0133743
0 0.319336 0.659722 0.0397135 0.0590278 0.0131226
0 0.379883 0.657407 0.0384115 0.0601852 0.012146
0 0.476563 0.537037 0.0234375 0.037037 0.0115051
0 0.434896 0.609954 0.0332031 0.0462963 0.0100555
0 0.77474 0.60706 0.0260417 0.0381944 0.00857544
0 0.889974 0.623843 0.0403646 0.0601852 0.00809479
0 0.480469 0.62963 0.0351562 0.0625 0.00769424
0 0.958984 0.809606 0.0533854 0.105324 0.00669098
0 0.485677 0.659722 0.0338542 0.0648148 0.00544739
0 0.38151 0.636574 0.0403646 0.0671296 0.00530243
0 0.815104 0.878472 0.0729167 0.0844907 0.00527954
0 0.904948 0.842593 0.0442708 0.0925926 0.00479126
0 0.349609 0.541667 0.0234375 0.0393519 0.00460815
0 0.354167 0.625 0.0221354 0.0578704 0.00453949
0 0.846354 0.446759 0.0273438 0.0497685 0.00445175
0 0.744792 0.759838 0.0442708 0.0636574 0.00443268
0 0.602865 0.483218 0.0286458 0.0543981 0.00416565
0 0.174154 0.740162 0.0354818 0.056713 0.00391388
0 0.220703 0.878472 0.0579427 0.104167 0.0037365
0 0.532552 0.83912 0.0390625 0.0555556 0.00370789
0 0.561198 0.547454 0.0247396 0.0416667 0.00367928
0 0.858724 0.802662 0.0455729 0.108796 0.00344276
0 0.798177 0.815972 0.0677083 0.138889 0.00336266
0 0.152018 0.746528 0.0345052 0.0555556 0.00322342
0 0.107747 0.758102 0.0338542 0.0462963 0.003088
0 0.853516 0.618056 0.0234375 0.0439815 0.00301552
0 0.933594 0.405671 0.0377604 0.0659722 0.00282288
0 0.0258789 0.690972 0.0341797 0.0891204 0.0027256
0 0.97526 0.90625 0.0442708 0.0717593 0.00258064
0 0.985677 0.456019 0.0286458 0.0596065 0.00255013
0 0.0258789 0.635417 0.0354818 0.127315 0.00234985
0 0.932943 0.442419 0.0429688 0.0706019 0.00233269
0 0.902344 0.791667 0.0572917 0.101852 0.00227928
0 0.0245768 0.739583 0.0309245 0.0648148 0.00224304
0 0.265625 0.534144 0.0299479 0.0520833 0.15564
0 0.570312 0.60706 0.0325521 0.0474537 0.111633
0 0.221842 0.893519 0.0498047 0.087963 0.105591
0 0.778646 0.885417 0.0442708 0.0671296 0.083313
0 0.955729 0.769676 0.0520833 0.0902778 0.0483093
0 0.435547 0.53125 0.0240885 0.0416667 0.0441895
0 0.604818 0.528935 0.0247396 0.0439815 0.0420837
0 0.319661 0.633102 0.0442708 0.0717593 0.036438
0 0.768229 0.775463 0.0416667 0.0763889 0.0242767
0 0.519531 0.531829 0.0221354 0.037037 0.0160217
0 0.319661 0.659144 0.0364583 0.0590278 0.0154266
0 0.941406 0.80787 0.0625 0.111111 0.012825
0 0.380859 0.656829 0.0364583 0.0613426 0.0125275
0 0.845052 0.855903 0.0442708 0.0868056 0.012146
0 0.434245 0.608218 0.0299479 0.0474537 0.0119629
0 0.391602 0.53125 0.0253906 0.0393519 0.0115967
0 0.78125 0.86169 0.0494792 0.104167 0.0115967
0 0.776042 0.60706 0.0234375 0.0393519 0.0114212
0 0.476563 0.537037 0.0221354 0.037037 0.0102921
0 0.486003 0.66088 0.031901 0.0625 0.00831604
0 0.533529 0.840278 0.0371094 0.056713 0.00743103
0 0.480794 0.628472 0.031901 0.0625 0.00661469
0 0.222005 0.878472 0.0559896 0.106481 0.00658798
0 0.842448 0.876157 0.0390625 0.068287 0.00624084
0 0.352539 0.616898 0.0208333 0.0543981 0.006073
0 0.798828 0.836806 0.0520833 0.104167 0.00588989
0 0.893229 0.623843 0.0364583 0.0613426 0.00575256
0 0.740885 0.760417 0.0364583 0.0625 0.00572968
0 0.352214 0.543981 0.0208333 0.0393519 0.00553513
0 0.177083 0.740741 0.03125 0.056713 0.00551224
0 0.383789 0.635995 0.0377604 0.0694444 0.00526047
0 0.957682 0.803819 0.0559896 0.116898 0.00510025
0 0.5625 0.546296 0.0221354 0.0393519 0.00500107
0 0.107422 0.760417 0.0302734 0.0451389 0.00419998
0 0.906901 0.834491 0.0455729 0.106481 0.00418091
0 0.642578 0.673611 0.0299479 0.0509259 0.00344276
0 0.151693 0.749421 0.0273438 0.0509259 0.00340271
0 0.24056 0.680556 0.0325521 0.0474537 0.00324821
0 0.811198 0.876736 0.078125 0.0914352 0.00304031
0 0.859375 0.800926 0.0416667 0.107639 0.00290108
0 0.0227865 0.688657 0.0276693 0.0717593 0.00263214
0 0.847656 0.447338 0.0260417 0.0497685 0.00256157
0 0.854167 0.615162 0.0182292 0.0405093 0.00251198
0 0.801432 0.80787 0.0559896 0.12963 0.00240517
0 0.89974 0.782407 0.046875 0.0914352 0.002388
0 0.516927 0.609954 0.0260417 0.0393519 0.00232315
0 0.0216471 0.743056 0.0260417 0.0578704 0.00226021
0 0.394857 0.480324 0.0208333 0.0462963 0.00225258
0 0.231771 0.623843 0.0286458 0.0509259 0.00214005
0 0.692708 0.688657 0.0260417 0.0509259 0.00196457
0 0.778646 0.884259 0.046875 0.0694444 0.24939
0 0.266276 0.534722 0.0286458 0.0486111 0.147095
0 0.222982 0.892361 0.0488281 0.0833333 0.137939
0 0.569661 0.606481 0.0325521 0.0462963 0.130737
0 0.955078 0.772569 0.0520833 0.0891204 0.10968
0 0.434896 0.53125 0.0247396 0.0393519 0.0605164
0 0.767578 0.774306 0.0442708 0.0740741 0.0544128
0 0.844401 0.858218 0.046875 0.0856481 0.0538025
0 0.605469 0.528356 0.0260417 0.0428241 0.0476074
0 0.780599 0.865741 0.0507813 0.0972222 0.0363464
0 0.941406 0.810764 0.0625 0.104167 0.0322266
0 0.31901 0.633681 0.0429688 0.068287 0.0204163
0 0.841797 0.875 0.0429688 0.0706019 0.0183716
0 0.802083 0.83912 0.0520833 0.099537 0.0179901
0 0.519531 0.532407 0.0221354 0.0347222 0.0158997
0 0.433919 0.608796 0.030599 0.0462963 0.0126266
0 0.776042 0.606481 0.0260417 0.0405093 0.0117798
0 0.486328 0.660301 0.0338542 0.0625 0.0115051
0 0.958333 0.808449 0.0546875 0.106481 0.011467
0 0.380859 0.657407 0.0377604 0.0601852 0.0114212
0 0.319661 0.659722 0.0364583 0.0578704 0.0109482
0 0.477214 0.536458 0.0234375 0.0358796 0.0106506
0 0.904948 0.841435 0.0442708 0.0949074 0.0104065
0 0.176595 0.740162 0.0315755 0.056713 0.0103683
0 0.108398 0.759259 0.0299479 0.0416667 0.0103302
0 0.391276 0.53125 0.0260417 0.037037 0.00926971
0 0.742188 0.758102 0.0390625 0.0625 0.00831604
0 0.352865 0.617477 0.0214844 0.0520833 0.0078125
0 0.152995 0.747685 0.0279948 0.0497685 0.00720596
0 0.480469 0.630208 0.0338542 0.0625 0.00717545
0 0.860026 0.799769 0.0442708 0.103009 0.0064621
0 0.223633 0.876157 0.0553385 0.101852 0.00643921
0 0.53418 0.83912 0.0390625 0.0555556 0.00595856
0 0.815104 0.878472 0.0755208 0.0833333 0.00595856
0 0.893229 0.621528 0.0390625 0.0601852 0.00591278
0 0.382813 0.635417 0.0377604 0.0671296 0.00536346
0 0.351888 0.542245 0.0208333 0.0358796 0.00534439
0 0.899089 0.784144 0.0481771 0.0891204 0.00469971
0 0.641927 0.671875 0.03125 0.0520833 0.00436401
0 0.5625 0.546296 0.0221354 0.0381944 0.00429916
0 0.297526 0.972512 0.047526 0.0549769 0.00405502
0 0.803385 0.804398 0.0559896 0.12037 0.00337601
0 0.847656 0.447917 0.0260417 0.0486111 0.00333786
0 0.97526 0.902199 0.0442708 0.0833333 0.00332451
0 0.239909 0.681134 0.03125 0.0428241 0.00319672
0 0.516276 0.609954 0.0260417 0.0405093 0.00291252
0 0.0592448 0.760995 0.03125 0.0393519 0.00260162
0 0.744141 0.962384 0.0494792 0.0729167 0.00252151
0 0.265299 0.970775 0.0520833 0.0584491 0.00248146
0 0.985352 0.456019 0.0292969 0.0578704 0.00235939
0 0.778646 0.884259 0.046875 0.0694444 0.250244
0 0.266276 0.534722 0.0286458 0.0486111 0.146606
0 0.222982 0.892361 0.0488281 0.0833333 0.138428
0 0.569661 0.606481 0.0325521 0.0462963 0.130249
0 0.955078 0.772569 0.0520833 0.0891204 0.110107
0 0.434896 0.53125 0.0247396 0.0393519 0.0598755
0 0.767578 0.774306 0.0442708 0.0740741 0.0544128
0 0.844401 0.858218 0.046875 0.0856481 0.0534058
0 0.605469 0.528356 0.0260417 0.0428241 0.0474243
0 0.780599 0.865162 0.0507813 0.0972222 0.0360718
0 0.941406 0.810185 0.0625 0.104167 0.0322266
0 0.31901 0.633681 0.0429688 0.068287 0.0202484
0 0.841797 0.875 0.0429688 0.0706019 0.0181885
0 0.802083 0.83912 0.0520833 0.099537 0.0178528
0 0.519531 0.532407 0.0221354 0.0347222 0.0158997
0 0.433919 0.608796 0.030599 0.0462963 0.0127258
0 0.776042 0.606481 0.0260417 0.0405093 0.0117798
0 0.486328 0.660301 0.0338542 0.0625 0.0115967
0 0.380534 0.657407 0.0371094 0.0601852 0.0114212
0 0.958333 0.808449 0.0546875 0.106481 0.0114212
0 0.319661 0.659722 0.0364583 0.0578704 0.0110703
0 0.477214 0.536458 0.0234375 0.0358796 0.0106125
0 0.176595 0.740741 0.0315755 0.0555556 0.0104065
0 0.904948 0.841435 0.0442708 0.0949074 0.0104065
0 0.108398 0.759259 0.0299479 0.0416667 0.0103683
0 0.391276 0.53125 0.0260417 0.037037 0.00926971
0 0.742188 0.758102 0.0390625 0.0625 0.00837708
0 0.352865 0.617477 0.0214844 0.0520833 0.0078125
0 0.152995 0.747685 0.0279948 0.0497685 0.00723267
0 0.480469 0.630208 0.0338542 0.0625 0.00720596
0 0.223633 0.876157 0.0553385 0.101852 0.0064888
0 0.860026 0.799769 0.0442708 0.101852 0.00643921
0 0.53418 0.83912 0.0390625 0.0555556 0.00600433
0 0.815104 0.878472 0.0755208 0.0833333 0.00591278
0 0.893229 0.621528 0.0390625 0.0601852 0.00588989
0 0.351888 0.542245 0.0208333 0.0358796 0.00534439
0 0.382813 0.635417 0.0377604 0.0671296 0.00530243
0 0.899089 0.784144 0.0481771 0.0891204 0.00471878
0 0.641927 0.671875 0.03125 0.0520833 0.00441742
0 0.5625 0.546296 0.0221354 0.0381944 0.00431442
0 0.297526 0.972512 0.047526 0.0549769 0.0041008
0 0.803385 0.804398 0.0559896 0.12037 0.00335121
0 0.847656 0.447917 0.0260417 0.0480324 0.00331116
0 0.97526 0.902199 0.0442708 0.0833333 0.00331116
0 0.239909 0.681134 0.03125 0.0428241 0.00322342
0 0.516276 0.609954 0.0260417 0.0405093 0.00291252
0 0.0592448 0.760995 0.03125 0.0393519 0.00260162
0 0.744141 0.962384 0.0494792 0.0729167 0.00250244
0 0.265299 0.970775 0.0520833 0.0584491 0.0024929
0 0.985352 0.456019 0.0292969 0.0578704 0.00234985
