0 0.519316 0.657946 0.65472 0.684109 0.136353
0 0.540968 0.794331 0.595905 0.411337 0.118774
0 0.602118 0.560683 0.795764 0.878634 0.0753174
0 0.536121 0.862403 0.493141 0.275194 0.044342
0 0.719998 0.513566 0.554541 0.955426 0.0432739
0 0.793678 0.493338 0.404595 0.875727 0.0262604
0 0.651885 0.523135 0.696231 0.953731 0.0138474
0 0.851201 0.499031 0.294721 0.947675 0.0106506
0 0.475124 0.718992 0.505259 0.540698 0.00933838
0 0.855475 0.740068 0.28905 0.399709 0.00898743
0 0.5 0.5 1 1 0.00881195
0 0.5 0.5 1 1 0.00871277
0 0.5 0.448159 1 0.896318 0.00831604
0 0.5 0.5 1 1 0.00821686
0 0.569802 0.531008 0.860395 0.937985 0.00800323
0 0.5 0.5 1 1 0.00790405
0 0.5 0.5 1 1 0.00695801
0 0.595905 0.768411 0.405888 0.414729 0.00679779
0 0.492494 0.512597 0.984988 0.974806 0.00666809
0 0.5 0.5 1 1 0.00626373
0 0.5 0.522287 1 0.955426 0.00624084
0 0.216516 0.76938 0.0678634 0.170543 0.0055542
0 0.5 0.5 1 1 0.00536346
0 0.6228 0.5 0.754399 1 0.0053215
0 0.5 0.5 1 1 0.00530243
0 0.514219 0.5 0.971562 1 0.00527954
0 0.5 0.5 1 1 0.00471878
0 0.80919 0.25218 0.364523 0.50436 0.00446701
0 0.500573 0.508236 0.687036 0.983527 0.00428009
0 0.5 0.5 1 1 0.00362206
0 0.659406 0.816376 0.309909 0.367248 0.00359344
0 0.571668 0.753634 0.318635 0.357074 0.00342941
0 0.966245 0.61095 0.056876 0.0998062 0.00317192
0 0.699962 0.864341 0.312818 0.267442 0.00296974
0 0.61788 0.858527 0.416229 0.282946 0.00284576
0 0.639208 0.717297 0.363231 0.503391 0.00266266
0 0.691399 0.890504 0.470843 0.218992 0.00251198
0 0.473105 0.822675 0.514469 0.354651 0.00248146
0 0.699154 0.746124 0.287288 0.507752 0.00230598
0 0.825348 0.175872 0.330915 0.351744 0.00215721
0 0.566894 0 0.866212 0 0.0020504
0 0.637108 0.483527 0.49411 0.967054 0.0019722
0 0.45016 0.83624 0.336732 0.327519 0.00184631
0 0.62991 0 0.74018 0 0.00183105
0 0.213931 0.760659 0.0636623 0.27907 0.00174141
0 0.337055 0.510174 0.347719 0.979651 0.00167465
0 0.821866 0.499031 0.356267 0.998062 0.00162888
0 0.191633 0.649225 0.383267 0.693798 0.00162315
0 0.963014 0.622093 0.0568759 0.186047 0.00161648
0 0.744558 0.863372 0.495079 0.273256 0.00154305
0 0.705779 0.531492 0.396839 0.911822 0.0913696
0 0.623212 0.54736 0.40815 0.866521 0.0853882
0 0.727916 0.414244 0.335762 0.642442 0.0762939
0 0.739388 0.324734 0.268868 0.470688 0.0665894
0 0.612548 0.725048 0.413967 0.526647 0.0522461
0 0.595905 0.812016 0.374864 0.375969 0.03125
0 0.791739 0.491279 0.404595 0.825581 0.0170441
0 0.620465 0.866279 0.108581 0.215116 0.0163422
0 0.741327 0.230136 0.188725 0.294574 0.0150757
0 0.783337 0.358043 0.381328 0.570736 0.014061
0 0.634684 0.859496 0.0982403 0.189922 0.0126266
0 0.542261 0.794331 0.399424 0.411337 0.0122375
0 0.5 0.5 1 1 0.0107803
0 0.372925 0.370155 0.745851 0.74031 0.0102081
0 0.542261 0.397287 0.743266 0.794574 0.00993347
0 0.630806 0.815891 0.099533 0.120155 0.00985718
0 0.5 0.5 1 1 0.00923157
0 0.672567 0.626938 0.654866 0.746124 0.00898743
0 0.774289 0.199491 0.144775 0.24249 0.0086441
0 0.399101 0.421512 0.798203 0.843023 0.00841522
0 0.57368 0.620397 0.85264 0.759205 0.00834656
0 0.518347 0.656977 0.0698023 0.0717054 0.00831604
0 0.609478 0.811047 0.0866066 0.133721 0.00818634
0 0.5 0.561047 1 0.877907 0.00812531
0 0.495726 0.80814 0.121508 0.24031 0.00800323
0 0.664326 0.463663 0.671347 0.927326 0.00784302
0 0.467288 0.637597 0.934576 0.724806 0.00784302
0 0.530708 0.525678 0.60867 0.929264 0.0078125
0 0.5 0.5 1 1 0.0078125
0 0.620465 0.66376 0.604954 0.672481 0.00772476
0 0.577162 0.857558 0.277917 0.265504 0.00746155
0 0.64761 0.859496 0.134434 0.228682 0.00743103
0 0.590896 0.684593 0.493464 0.630814 0.00731659
0 0.62709 0.868217 0.183231 0.232558 0.00728989
0 0.381328 0 0.762655 0 0.00717545
0 0.490878 0.63905 0.699962 0.721899 0.00706482
0 0.719998 0.666667 0.0620465 0.0697674 0.00679779
0 0.502262 0.5 0.995476 1 0.00679779
0 0.299892 0.357558 0.599783 0.715116 0.00674438
0 0.332854 0.0118702 0.665707 0.0237403 0.00651169
0 0.721202 0.743217 0.557595 0.513566 0.00616837
0 0.717251 0.328609 0.367432 0.532704 0.00614548
0 0.209084 0 0.418168 0 0.00614548
0 0.800142 0.171996 0.0930698 0.171512 0.00605011
0 0.464056 0 0.904845 0 0.00595856
0 0.46341 0.72093 0.670878 0.542636 0.005867
0 0.388437 0.692345 0.776874 0.61531 0.00584412
0 0.61763 0.589632 0.76474 0.820736 0.00559998
0 0.770411 0.950581 0.0698023 0.0872094 0.0055542
0 0.967934 0.552326 0.0641318 0.0678295 0.00551224
0 0.708364 0.528949 0.561004 0.889777 0.968262
0 0.716282 0.315891 0.289227 0.382752 0.436768
0 0.796014 0.539244 0.407973 0.842054 0.12146
0 0.624343 0.775436 0.361938 0.406492 0.119019
0 0.705206 0.674661 0.589588 0.546027 0.0766602
0 0.634846 0.599806 0.446929 0.726744 0.0674438
0 0.778813 0.975775 0.0555834 0.0484496 0.0646362
0 0.257558 0.363857 0.406534 0.40407 0.058136
0 0.317988 0.287064 0.527395 0.574128 0.0554199
0 0.345053 0.449612 0.57797 0.689923 0.0429688
0 0.601076 0.800388 0.670878 0.381783 0.0402527
0 0.508329 0.147771 0.169982 0.231589 0.0389099
0 0.817342 0.625 0.365316 0.637597 0.0360107
0 0.358383 0.192345 0.378096 0.38469 0.033783
0 0.307324 0.285853 0.283734 0.218992 0.0333862
0 0.294398 0.350896 0.491848 0.484254 0.0304413
0 0.63605 0.351744 0.7279 0.684109 0.0295868
0 0.295933 0.256783 0.303931 0.290698 0.0281067
0 0.392961 0.515625 0.700609 0.96875 0.0278473
0 0.658671 0.728682 0.682658 0.523256 0.0256653
0 0.448545 0.324612 0.774289 0.625969 0.024704
0 0.281148 0.328488 0.336085 0.331395 0.0237274
0 0.515762 0.458333 0.804019 0.908915 0.0227203
0 0.546139 0.146197 0.262405 0.248304 0.0226288
0 0.78463 0.979651 0.0620465 0.0406976 0.0219879
0 0.62709 0.722868 0.434002 0.395349 0.0212402
0 0.732763 0.416182 0.496695 0.760659 0.0211639
0 0.686463 0.561773 0.627075 0.876454 0.0202179
0 0.412997 0.188469 0.296014 0.376938 0.0197906
0 0.702063 0.414244 0.307324 0.543605 0.0195312
0 0.561973 0.820736 0.418168 0.344961 0.0173035
0 0.540968 0.239341 0.797556 0.463178 0.0157776
0 0.580555 0.574612 0.785599 0.850775 0.0154266
0 0.975044 0.560078 0.0499128 0.0736434 0.0142822
0 0.557449 0.798692 0.270807 0.359981 0.0133286
0 0.51964 0.75 0.18614 0.209302 0.012825
0 0.499604 0.199491 0.21587 0.362645 0.0127258
0 0.762655 0.260659 0.218455 0.377907 0.012146
0 0.27412 0.26938 0.20666 0.175388 0.0112457
0 0.299892 0.56686 0.599783 0.866279 0.0112
0 0.370986 0.188106 0.175798 0.350533 0.0109024
0 0.374218 0.303295 0.124093 0.169574 0.0106506
0 0.336166 0.304748 0.215709 0.199612 0.0105667
0 0.477629 0.194283 0.168043 0.261628 0.0100555
0 0.392315 0.577762 0.78463 0.844477 0.00985718
0 0.800142 0.160974 0.105996 0.168362 0.00941467
0 0.436588 0.670785 0.603015 0.65843 0.00888062
0 0.398778 0.289729 0.113752 0.131783 0.00803375
0 0.779459 0.189438 0.165457 0.223837 0.00796509
0 0.511237 0.722868 0.169335 0.19186 0.00796509
0 0.686463 0.481589 0.627075 0.947675 0.472656
0 0.54735 0.814923 0.659406 0.370155 0.212036
0 0.54428 0.668847 0.635815 0.654554 0.164551
0 0.550663 0.808382 0.682512 0.383236 0.128052
0 0.539756 0.512718 0.631937 0.962936 0.123779
0 0.736802 0.315891 0.255942 0.397287 0.123352
0 0.755942 0.387597 0.488116 0.734496 0.081543
0 0.646479 0.617248 0.653751 0.746124 0.0457764
0 0.624416 0.496124 0.751168 0.992248 0.0445251
0 0.775581 0.963663 0.0723876 0.0726744 0.037384
0 0.812495 0.425872 0.375011 0.750969 0.0347595
0 0.651238 0.6703 0.697523 0.659399 0.0327759
0 0.216355 0.757752 0.0933929 0.174419 0.0325928
0 0.699477 0.680233 0.242692 0.527132 0.028595
0 0.657702 0.556928 0.684597 0.886143 0.0275879
0 0.647522 0.81686 0.704956 0.366279 0.0273743
0 0.894504 0.591085 0.201651 0.447674 0.0245667
0 0.744558 0.240431 0.221041 0.305959 0.0242767
0 0.915186 0.597868 0.160287 0.366279 0.0231934
0 0.661668 0.645107 0.313141 0.585756 0.0214539
0 0.692853 0.311047 0.597198 0.597868 0.0190125
0 0.738095 0.44186 0.245601 0.577519 0.0179901
0 0.970769 0.577035 0.0517054 0.125 0.0162201
0 0.707718 0.759932 0.263698 0.464632 0.0158997
0 0.71612 0.528585 0.268868 0.528101 0.0156708
0 0.227827 0.675388 0.111813 0.333333 0.0153046
0 0.782691 0.971899 0.0633392 0.0562016 0.0153046
0 0.773716 0.310562 0.452569 0.608527 0.0142288
0 0.170991 0.772287 0.287531 0.408915 0.0130234
0 0.767826 0.927326 0.0904845 0.137597 0.0117798
0 0.928759 0.539729 0.140897 0.49031 0.0116882
0 0.213608 0.649225 0.116984 0.395349 0.0115509
0 0.967538 0.63469 0.0620465 0.228682 0.0113297
0 0.56165 0.819768 0.405888 0.348837 0.0113297
0 0.707307 0.652132 0.585387 0.695736 0.0113297
0 0.740034 0.868217 0.192603 0.263566 0.0111618
0 0.0336893 0.957849 0.0673786 0.0843023 0.0109482
0 0.75296 0.916667 0.152531 0.166667 0.0100098
0 0.14429 0.724806 0.288581 0.5 0.00985718
0 0.758777 0.306202 0.193895 0.463178 0.00978088
0 0.937161 0.630087 0.118922 0.313469 0.00971222
0 0.471812 0.787791 0.095655 0.170543 0.00952148
0 0.762655 0.207485 0.18614 0.25751 0.00933838
0 0.686786 0 0.626428 0 0.00905609
0 0.189694 0.633963 0.256588 0.689438 0.00905609
0 0.336166 0.792636 0.410897 0.383721 0.00901794
0 0.571345 0.773014 0.325744 0.407461 0.0088501
0 0.705133 0.748062 0.2107 0.372093 0.00874329
0 0.67289 1 0.65422 0 0.0086441
0 0.734863 0.83624 0.241723 0.327519 0.00857544
0 0.71095 0.504724 0.57393 0.922723 0.464844
0 0.753607 0.299297 0.24043 0.434351 0.157715
0 0.719998 0.320736 0.266283 0.387597 0.113586
0 0.706425 0.401647 0.28955 0.535853 0.110107
0 0.564882 0.829457 0.28438 0.325581 0.110107
0 0.616587 0.662791 0.345134 0.515504 0.108948
0 0.791739 0.364341 0.386498 0.693798 0.0805054
0 0.581848 0.867248 0.294398 0.265504 0.0618896
0 0.770411 0.959302 0.0646318 0.0775194 0.0535889
0 0.714181 0.758721 0.559711 0.44186 0.0509033
0 0.847969 0.744186 0.286965 0.48062 0.0495911
0 0.584271 0.794574 0.497665 0.389535 0.049408
0 0.73551 0.245155 0.230089 0.286822 0.0492249
0 0.785276 0.967054 0.0633391 0.0658914 0.0479431
0 0.61788 0.780039 0.327037 0.424419 0.0428162
0 0.75296 0.213057 0.222333 0.275436 0.0406189
0 0.765887 0.328973 0.169335 0.408915 0.0335388
0 0.810483 0.532946 0.359353 0.839147 0.0327759
0 0.875761 0.484012 0.231382 0.968023 0.0305023
0 0.505744 0.593508 0.591381 0.778101 0.0301056
0 0.816946 0.279191 0.320574 0.503634 0.0296478
0 0.637269 0.819768 0.280502 0.344961 0.0269165
0 0.824452 0.695979 0.351097 0.608043 0.0265503
0 0.668454 0.687742 0.237522 0.446221 0.0246124
0 0.303042 0.38469 0.346588 0.465116 0.0234222
0 0.638562 0.870155 0.245601 0.24031 0.0224609
0 0.569406 0.760659 0.306355 0.323643 0.0215302
0 0.81436 0.199128 0.297306 0.323643 0.0196075
0 0.672009 0.778101 0.227827 0.391473 0.0179901
0 0.608185 0.493702 0.727754 0.977713 0.0178528
0 0.968184 0.565892 0.0542907 0.100775 0.0175781
0 0.646318 0.920543 0.143483 0.131783 0.016922
0 0.411058 0.564438 0.641147 0.871124 0.0161591
0 0.696731 0.315407 0.18614 0.343023 0.0149536
0 0.319604 0.540698 0.412997 0.753876 0.0145035
0 0.897736 0.538275 0.190017 0.840116 0.0139542
0 0.432063 0.339147 0.570699 0.531977 0.0135345
0 0.682512 0.482558 0.351597 0.455426 0.0133286
0 0.367755 0.310078 0.146068 0.175388 0.0132217
0 0.767826 0.922481 0.0801434 0.151163 0.0132217
0 0.293751 0.283915 0.276624 0.224806 0.0122375
0 0.668939 0.428295 0.250771 0.370155 0.0120544
0 0.762655 0.406977 0.178384 0.405039 0.0120544
0 0.745851 0.944768 0.0917772 0.0910852 0.0112915
0 0.699962 0.866279 0.169335 0.25969 0.0109863
0 0.667 0.334787 0.197773 0.353682 0.0108566
0 0.966892 0.592539 0.056876 0.140504 0.0106506
0 0.249802 0.38578 0.41429 0.511386 0.0104904
0 0.652943 0.603682 0.330592 0.606589 0.0104523
0 0.667 0.217054 0.103411 0.156977 0.0104065
0 0.719102 0.502907 0.561797 0.924419 0.306641
0 0.842548 0.697674 0.314903 0.577519 0.265137
0 0.587988 0.716812 0.349335 0.508236 0.193726
0 0.7284 0.325097 0.275331 0.421512 0.177246
0 0.554541 0.819768 0.307647 0.360465 0.15918
0 0.814757 0.533067 0.370486 0.900921 0.11499
0 0.779621 0.393532 0.428832 0.771076 0.103943
0 0.741327 0.685078 0.505421 0.593023 0.0963745
0 0.30385 0.235586 0.320412 0.428052 0.0900879
0 0.299245 0.325581 0.298599 0.263566 0.085083
0 0.52481 0.682171 0.495079 0.583333 0.0723877
0 0.590088 0.864341 0.334793 0.267442 0.0560303
0 0.741973 0.287791 0.245601 0.323643 0.0509033
0 0.129102 0.749031 0.25368 0.494186 0.0497742
0 0.590088 0.792636 0.337378 0.356589 0.0428772
0 0.391992 0.229651 0.387144 0.459302 0.0380249
0 0.300215 0.389535 0.317988 0.393411 0.0358276
0 0.133141 0.817829 0.259173 0.352713 0.0345459
0 0.43788 0.203731 0.327683 0.407461 0.0340271
0 0.248832 0.597384 0.396839 0.805233 0.0328979
0 0.505097 0.502423 0.652135 0.964147 0.0324707
0 0.828579 0.198643 0.323159 0.290698 0.0316772
0 0.422369 0.261628 0.582332 0.523256 0.0305634
0 0.791093 0.172965 0.0904845 0.145349 0.0305023
0 0.464379 0.146318 0.367755 0.285853 0.0299225
0 0.553248 0.764535 0.253357 0.304264 0.0285492
0 0.29569 0.396802 0.335439 0.665698 0.0265045
0 0.755546 0.226744 0.184847 0.251938 0.0261993
0 0.852493 0.136143 0.267576 0.272287 0.026062
0 0.266364 0.278101 0.213123 0.156977 0.0253296
0 0.712242 0.421027 0.28438 0.646318 0.025177
0 0.326956 0.593023 0.502997 0.813954 0.0237274
0 0.663768 0.368338 0.637269 0.732316 0.0232849
0 0.390053 0.861434 0.305062 0.271318 0.0228424
0 0.138312 0.610465 0.276624 0.744186 0.0212097
0 0.374864 0.577035 0.736802 0.84593 0.0212097
0 0.47472 0.840116 0.412997 0.319767 0.0205231
0 0.713535 0.246124 0.19131 0.226744 0.0202179
0 0.466642 0.357558 0.612709 0.715116 0.0194244
0 0.540968 0.159884 0.315403 0.312016 0.0183411
0 0.507683 0.781977 0.539675 0.412791 0.0179901
0 0.592027 0.305233 0.731632 0.610465 0.0178528
0 0.391669 0.343992 0.202944 0.24031 0.0175781
0 0.351597 0.323159 0.168043 0.202519 0.0174408
0 0.810483 0.766473 0.356767 0.45155 0.0162811
0 0.528688 0.749031 0.224919 0.364341 0.0142822
0 0.81436 0.322553 0.338671 0.55063 0.0141754
0 0.796264 0.138566 0.0698023 0.102713 0.0137405
0 0.244308 0.46657 0.483446 0.90407 0.0136337
0 0.546785 0.258236 0.349012 0.510659 0.013588
0 0.7107 0.51405 0.578601 0.907946 0.30249
0 0.61077 0.803295 0.365816 0.381783 0.253906
0 0.672817 0.773014 0.49508 0.450097 0.0987549
0 0.792386 0.489462 0.413643 0.827277 0.097229
0 0.837378 0.496609 0.325244 0.925388 0.0709229
0 0.78955 0.726744 0.420899 0.50969 0.0690308
0 0.624989 0.712936 0.373572 0.430717 0.0680542
0 0.621596 0.876938 0.354505 0.246124 0.0648804
0 0.716767 0.694767 0.559711 0.585271 0.0554199
0 0.799495 0.331516 0.376157 0.559835 0.0458679
0 0.744558 0.280523 0.217163 0.324612 0.0394287
0 0.619173 0.635659 0.418814 0.631783 0.0354004
0 0.762655 0.345446 0.188725 0.41376 0.0317993
0 0.891919 0.676357 0.209407 0.569767 0.0295868
0 0.836732 0.67345 0.326537 0.614341 0.0292511
0 0.562943 0.792636 0.518347 0.395349 0.0270081
0 0.289631 0.340116 0.312656 0.312016 0.025177
0 0.758777 0.229167 0.201651 0.267442 0.0191956
0 0.855725 0.721173 0.281795 0.45688 0.0178528
0 0.779459 0.385174 0.165457 0.31686 0.0158997
0 0.346103 0.329457 0.38262 0.375969 0.0141754
0 0.778167 0.494671 0.168043 0.460271 0.0132217
0 0.707072 0.657946 0.219748 0.343023 0.0132217
0 0.570376 0.78125 0.304416 0.325097 0.0131226
0 0.967934 0.581395 0.0641318 0.0833334 0.0129242
0 0.732924 0.493217 0.255942 0.486434 0.0109863
0 0.742619 0.559109 0.192603 0.329457 0.0106506
0 0.581848 0.854651 0.309909 0.27907 0.0103302
0 0.541695 0.518411 0.628059 0.862403 0.0102463
0 0.925924 0.596899 0.148153 0.166667 0.01017
0 0.729047 0.343992 0.270161 0.43314 0.0100937
0 0.849262 0.562015 0.285672 0.463178 0.00971222
0 0.759423 0.599806 0.160287 0.242248 0.00930023
0 0.741973 0.642442 0.103411 0.151163 0.00908661
0 0.838274 0.472868 0.26499 0.536822 0.00905609
0 0.773642 0.204579 0.171921 0.222626 0.00898743
0 0.731632 0.610465 0.157702 0.22093 0.00891876
0 0.712242 0.554264 0.248186 0.476744 0.00878143
0 0.825994 0.389535 0.266283 0.651163 0.00871277
0 0.729047 0.653101 0.120215 0.135659 0.00847626
0 0.791739 0.179142 0.171921 0.219235 0.00831604
0 0.825994 0.169453 0.243016 0.207607 0.0078125
0 0.732924 0.732558 0.131849 0.257752 0.00723267
0 0.661183 0.885659 0.290843 0.213178 0.00717545
0 0.686228 0.758721 0.220071 0.296512 0.00706482
0 0.673302 0.847868 0.243339 0.282946 0.00706482
0 0.780752 0.57655 0.169335 0.329457 0.0069046
0 0.299326 0.287306 0.277755 0.188954 0.00674438
0 0.277836 0.520349 0.369855 0.664729 0.00674438
0 0.357333 0.571705 0.469388 0.76938 0.00656509
0 0.648168 0.525315 0.703663 0.92999 0.541992
0 0.515115 0.804021 0.542907 0.368702 0.387695
0 0.721291 0.663033 0.542907 0.646802 0.0708008
0 0.753445 0.478682 0.478598 0.825581 0.0638428
0 0.958489 0.57655 0.0698023 0.131783 0.0420837
0 0.730339 0.264656 0.217163 0.313711 0.0350647
0 0.95138 0.569283 0.0775582 0.167636 0.0340881
0 0.383267 0.900194 0.25982 0.186047 0.0269623
0 0.730339 0.318677 0.241723 0.389777 0.0266571
0 0.946209 0.546996 0.0891918 0.188953 0.0263519
0 0.544523 0.502422 0.599137 0.995155 0.0223236
0 0.599783 0.773014 0.399424 0.318314 0.0214539
0 0.220718 0.269864 0.102118 0.156008 0.0170441
0 0.818238 0.700097 0.342548 0.599806 0.0130692
0 0.791093 0.969961 0.0413643 0.0426357 0.0130692
0 0.768472 0.956395 0.0555833 0.0639535 0.0127716
0 0.425358 0.895349 0.39797 0.199612 0.0124817
0 0.778167 0.282946 0.423985 0.453488 0.0116425
0 0.632745 0.259205 0.694145 0.477713 0.0109482
0 0.405241 0.874031 0.307647 0.236434 0.0107346
0 0.596067 0.822674 0.477952 0.306202 0.0106506
0 0.453715 0.199612 0.321866 0.399225 0.0102463
0 0.383267 0.104167 0.168043 0.208333 0.00941467
0 0.751021 0.228198 0.175798 0.268411 0.00912476
0 0.242046 0.272287 0.138312 0.164729 0.00894928
0 0.619011 0.715116 0.320897 0.424419 0.00844574
0 0.526103 0.226744 0.665707 0.453488 0.00818634
0 0.422369 0.139777 0.26499 0.279554 0.00763702
0 0.033043 0.967054 0.059946 0.0581395 0.00746155
0 0.320574 0.889535 0.0866066 0.127907 0.00717545
0 0.93199 0.519864 0.118922 0.283915 0.00712204
0 0.955258 0.712209 0.0749728 0.410853 0.00712204
0 0.855725 0.748304 0.271453 0.460756 0.0069046
0 0.906138 0.534399 0.168043 0.324612 0.00679779
0 0.727754 0.396318 0.257235 0.610465 0.00671768
0 0.541938 0.777132 0.273392 0.29845 0.00658798
0 0.725169 0.669574 0.081436 0.0891473 0.00629044
0 0.703194 0.243096 0.14736 0.259932 0.00619125
0 0.731632 0.589147 0.0827287 0.22093 0.00602722
0 0.782045 0.205911 0.120215 0.227713 0.00593567
0 0.812422 0.532825 0.363231 0.893653 0.0055542
0 0.811775 0.460271 0.067217 0.127907 0.00540543
0 0.708364 0.687015 0.124093 0.19186 0.00538635
0 0.80919 0.342539 0.0723876 0.332364 0.00534439
0 0.37131 0.0867248 0.146068 0.17345 0.00524139
0 0.518993 0.815891 0.319281 0.275194 0.00502014
0 0.876407 0.472384 0.227504 0.497093 0.00486755
0 0.353617 0.224322 0.321705 0.360465 0.00481033
0 0.756192 0.44719 0.168043 0.553295 0.0045929
0 0.705779 0.582364 0.149946 0.257752 0.0045929
0 0.706175 0.516473 0.587649 0.920543 0.64502
0 0.616014 0.57219 0.767972 0.834302 0.100159
0 0.539675 0.808382 0.372279 0.37936 0.0917358
0 0.575546 0.804264 0.681865 0.391473 0.0841675
0 0.74068 0.318798 0.250771 0.436047 0.0812378
0 0.537413 0.804264 0.6056 0.391473 0.0637207
0 0.864773 0.687985 0.261112 0.449612 0.0492249
0 0.527395 0.790455 0.254649 0.349322 0.0492249
0 0.773877 0.411337 0.452246 0.735465 0.0480347
0 0.562943 0.692829 0.665707 0.600775 0.0326538
0 0.467934 0.817829 0.404595 0.364341 0.0282745
0 0.831165 0.647529 0.3335 0.557655 0.0275269
0 0.793678 0.969961 0.0491202 0.0523256 0.0261536
0 0.750375 0.22202 0.214578 0.286579 0.0250397
0 0.716193 0.730378 0.567613 0.488857 0.0244751
0 0.886748 0.734496 0.217163 0.406977 0.0236511
0 0.623212 0.754845 0.340933 0.393411 0.0235138
0 0.310879 0.595446 0.621758 0.809109 0.0233765
0 0.317908 0.211725 0.31815 0.42345 0.0230713
0 0.626767 0.672481 0.341579 0.496124 0.0225067
0 0.741973 0.448643 0.243016 0.556202 0.021698
0 0.825994 0.74031 0.341256 0.453488 0.0212097
0 0.769118 0.956395 0.067217 0.0717054 0.0198364
0 0.403868 0.566376 0.625797 0.853682 0.0186157
0 0.67903 0.770349 0.64194 0.459302 0.0184784
0 0.753607 0.849322 0.286965 0.301357 0.0182648
0 0.400717 0.863857 0.310879 0.272287 0.0182648
0 0.562297 0.750969 0.228797 0.310078 0.0177765
0 0.533212 0.509327 0.769118 0.981347 0.0170441
0 0.0357091 0.966085 0.058007 0.0678295 0.0162811
0 0.96883 0.560078 0.056876 0.0910853 0.0150146
0 0.948795 0.706395 0.0904845 0.346899 0.0149002
0 0.680573 0.377907 0.62305 0.709302 0.0145035
0 0.753607 0.717054 0.0723876 0.112403 0.014061
0 0.534505 0.754845 0.195188 0.277132 0.0136337
0 0.723876 0.662791 0.0581686 0.0717054 0.0136337
0 0.326714 0.529554 0.442728 0.85562 0.0131683
0 0.652619 0.728682 0.354505 0.496124 0.012825
0 0.587503 0.846899 0.414936 0.302326 0.012146
0 0.745851 0.875969 0.243016 0.248062 0.0119629
0 0.0655205 0.930233 0.121023 0.139535 0.011734
0 0.965599 0.581395 0.056876 0.100775 0.0116882
0 0.966892 0.726744 0.0542907 0.29845 0.0116882
0 0.787611 0.484012 0.424777 0.900194 0.0115051
0 0.950734 0.157946 0.0685097 0.106589 0.0112457
0 0.296579 0.307171 0.267737 0.226744 0.0103302
0 0.969227 0.643169 0.0615465 0.353198 0.0102081
0 0.753607 0.668362 0.0775582 0.0973837 0.0100098
0 0.363311 0.199128 0.23122 0.398256 0.00978088
0 0.96244 0.71875 0.0751192 0.442345 0.00978088
0 0.73551 0.249516 0.217163 0.276163 0.223999
0 0.540322 0.761628 0.245601 0.267442 0.131226
0 0.759423 0.305233 0.179676 0.267442 0.125977
0 0.726461 0.328004 0.237845 0.401163 0.123352
0 0.793032 0.433261 0.409766 0.753634 0.112
0 0.73833 0.473716 0.523341 0.82001 0.102295
0 0.529334 0.77907 0.522225 0.323643 0.0872803
0 0.730339 0.66376 0.0891919 0.0872093 0.0755615
0 0.785923 0.221415 0.28438 0.305233 0.0685425
0 0.219102 0.274225 0.0937161 0.156977 0.0651245
0 0.763301 0.566376 0.199066 0.305233 0.0589905
0 0.738741 0.619186 0.108581 0.195736 0.0566406
0 0.538383 0.578488 0.528688 0.697675 0.0542908
0 0.744558 0.589632 0.146068 0.247093 0.0541992
0 0.772996 0.365795 0.178384 0.340116 0.0450134
0 0.646964 0.50969 0.557126 0.829457 0.0440063
0 0.47569 0.178779 0.0607539 0.0823644 0.042572
0 0.37034 0.201793 0.196481 0.403585 0.0402527
0 0.290116 0.293605 0.24447 0.197674 0.0394287
0 0.371633 0.097626 0.153824 0.195252 0.037323
0 0.72016 0.498062 0.291813 0.422481 0.035614
0 0.533212 0.718023 0.5442 0.467054 0.0352173
0 0.581524 0.656977 0.49411 0.54845 0.0348816
0 0.965599 0.606589 0.0672171 0.141473 0.0343628
0 0.620627 0.698643 0.348688 0.403101 0.0343018
0 0.725815 0.664971 0.125386 0.13905 0.033905
0 0.772996 0.501454 0.193895 0.415698 0.0322876
0 0.776874 0.418605 0.168043 0.238372 0.0321655
0 0.350951 0.1875 0.16675 0.350775 0.0302124
0 0.35903 0.0629845 0.124739 0.125969 0.0298157
0 0.455654 0.807171 0.174506 0.238372 0.0288696
0 0.309667 0.217054 0.290681 0.407946 0.0280609
0 0.726461 0.597384 0.151238 0.214147 0.0267029
0 0.832457 0.144864 0.28438 0.210271 0.026001
0 0.689621 0.442829 0.221041 0.257752 0.024231
0 0.676049 0.396318 0.18614 0.232558 0.0236969
0 0.778167 0.474806 0.168043 0.25 0.0233765
0 0.835043 0.518411 0.056876 0.131783 0.0229797
0 0.416229 0.825581 0.306355 0.313953 0.0217438
0 0.959136 0.627907 0.067217 0.162791 0.0215302
0 0.841506 0.580426 0.0491202 0.108527 0.0214081
0 0.233805 0.29845 0.12377 0.207364 0.0210114
0 0.577808 0.742006 0.283087 0.275678 0.0209656
0 0.467611 0.801357 0.285026 0.29845 0.0204468
0 0.684451 0.24031 0.126678 0.209302 0.0195618
0 0.76007 0.622093 0.204236 0.374031 0.0193024
0 0.791093 0.465116 0.137019 0.167636 0.018692
0 0.518347 0.480136 0.705779 0.92345 0.0183411
0 0.503482 0.782946 0.187432 0.25969 0.0182343
0 0.811775 0.159763 0.144775 0.186289 0.0178528
0 0.730412 0.501938 0.539175 0.903101 0.411133
0 0.555833 0.858527 0.492494 0.267442 0.248657
0 0.626282 0.869186 0.363231 0.261628 0.191895
0 0.737449 0.275678 0.221041 0.333333 0.178955
0 0.593966 0.840116 0.334793 0.306202 0.0844727
0 0.567467 0.874031 0.343841 0.244186 0.0745239
0 0.757485 0.2586 0.182262 0.26187 0.0661011
0 0.64244 0.851744 0.553248 0.294574 0.0437012
0 0.217809 0.27374 0.0846677 0.142442 0.0343628
0 0.615295 0.782946 0.329622 0.405039 0.0327148
0 0.242692 0.27907 0.151238 0.168605 0.0311432
0 0.573284 0.802568 0.479568 0.352229 0.0290375
0 0.370986 0.197674 0.282441 0.395349 0.0276337
0 0.766533 0.947675 0.0775581 0.0852712 0.0249939
0 0.308294 0.20688 0.272746 0.403101 0.0226746
0 0.304981 0.30814 0.247055 0.229651 0.0226288
0 0.354505 0.206516 0.205529 0.387355 0.022583
0 0.76007 0.929264 0.0891918 0.139535 0.0218658
0 0.717413 0.871124 0.180969 0.25 0.0218201
0 0.686551 0.608527 0.612386 0.767442 0.0210876
0 0.761362 0.329457 0.19131 0.402132 0.0204926
0 0.760716 0.395228 0.460178 0.736676 0.0196381
0 0.778813 0.962209 0.0659244 0.0755814 0.0183716
0 0.811129 0.303173 0.336085 0.507994 0.0161591
0 0.766533 0.460271 0.19131 0.501938 0.0149536
0 0.345134 0.309109 0.174506 0.21124 0.0145035
0 0.56262 0.799419 0.286319 0.331395 0.0134277
0 0.449514 0.843023 0.405241 0.310078 0.0127258
0 0.617234 0.680233 0.329622 0.536822 0.0126266
0 0.429155 0.190891 0.288904 0.379845 0.0118713
0 0.524164 0.860465 0.566174 0.27907 0.011734
0 0.73551 0.899225 0.14219 0.186047 0.0115967
0 0.707072 0.829457 0.197773 0.321705 0.0102921
0 0.398778 0.848837 0.294721 0.294574 0.00952148
0 0.643483 0.437985 0.713035 0.813954 0.00948334
0 0.690268 0.353198 0.592027 0.677326 0.00878143
0 0.832457 0.195252 0.283087 0.275194 0.00871277
0 0.509945 0.885659 0.504128 0.228682 0.00757599
0 0.970123 0.583818 0.0542907 0.0920543 0.00746155
0 0.403949 0.148256 0.201651 0.294574 0.00728989
0 0.682512 0.742006 0.61788 0.500485 0.00653839
0 0.765887 0.563954 0.160287 0.261628 0.0064888
0 0.209569 0.37936 0.100502 0.35562 0.00638962
0 0.959136 0.681202 0.0646318 0.273256 0.00609589
0 0.729047 0.767684 0.139605 0.313469 0.005867
0 0.679765 0.80063 0.212315 0.356105 0.00575256
0 0.467934 0.812015 0.0995329 0.22093 0.00568771
0 0.627575 0.512718 0.45113 0.947432 0.00559998
0 0.537413 0.777132 0.230735 0.290698 0.00538635
0 0.941685 0.728682 0.0982403 0.412791 0.00534439
0 0.609874 0.784399 0.780252 0.431202 0.136597
0 0.678634 0.524709 0.625636 0.950581 0.0723877
0 0.553894 0.774225 0.580393 0.45155 0.0231018
0 0.621758 0.68314 0.654074 0.614341 0.0130234
0 0.544846 0.75 0.56876 0.5 0.00854492
0 0.758939 0.489341 0.459855 0.897287 0.0078125
0 0.60253 0.796512 0.379712 0.395349 0.00634003
0 0.526749 0.680233 0.864773 0.639535 0.006073
0 0.767826 0.948643 0.0698023 0.0852713 0.00479126
0 0.58104 0.506783 0.81436 0.986434 0.00388527
0 0.595259 0.948159 0.76524 0.103682 0.00370789
0 0.793678 0.301841 0.390376 0.550388 0.00366402
0 0.748436 0.223353 0.227504 0.305233 0.00351143
0 0.590088 0.856589 0.330915 0.263566 0.00344276
0 0.899028 0.748062 0.187432 0.465116 0.00305176
0 0.783337 0.965116 0.0620465 0.0697674 0.00299263
0 0.74068 0.930233 0.116337 0.124031 0.00273705
0 0.954611 0.737403 0.071095 0.44186 0.00270462
0 0.54323 0.609496 0.550017 0.74031 0.00258064
0 0.61384 0.709545 0.375188 0.503391 0.00257111
0 0.707307 0 0.585387 0 0.00257111
0 0.762009 0.463178 0.205529 0.612403 0.0024147
0 0.406534 0 0.766533 0 0.00240517
0 0.548724 0.849322 0.385205 0.301357 0.00235939
0 0.467934 0.789486 0.80919 0.421027 0.00233269
0 0.717413 0.881783 0.149946 0.205426 0.00216484
0 0.500573 0.98595 0.755546 0.0281008 0.00214958
0 0.511237 0.622335 0.729047 0.755329 0.00209045
0 0.657217 0 0.685566 0 0.00189686
0 0.744558 0.297965 0.24043 0.390504 0.00185299
0 0.285834 0 0.571668 0 0.0017271
0 0.638312 1 0.723376 0 0.0017004
0 0.873822 0.678537 0.239138 0.615795 0.00169373
0 0.510591 0.812016 0.48086 0.352713 0.00162315
0 0.525133 0.511143 0.637916 0.977713 0.00157356
0 0.640016 0.831395 0.346103 0.317829 0.00148392
0 0.970123 0.587694 0.0439496 0.111434 0.00144386
0 0.847323 0.872093 0.206822 0.24031 0.00143242
0 0.757485 0.492248 0.180969 0.465116 0.00137234
0 0.769118 0.200097 0.180969 0.274225 0.00131989
0 0.974647 0.56686 0.0413643 0.120155 0.00131989
0 0.707718 0.847868 0.184847 0.282946 0.0012846
0 0.754899 0.925388 0.0917771 0.143411 0.0012846
0 0.266121 0 0.532243 0 0.00126457
0 0.911308 0.854651 0.171921 0.290698 0.00125504
0 0.683158 0.273256 0.588149 0.517442 0.00124454
0 0.615456 0.328488 0.607216 0.625969 0.00122547
0 0.8777 0.861919 0.213285 0.276163 0.0012207
0 0.414936 0.820736 0.315403 0.329457 0.00120163
0 0.794971 0.144864 0.116337 0.15407 0.00117397
0 0.694703 0.497941 0.610594 0.980862 0.452393
0 0.61384 0.797481 0.39587 0.389535 0.355713
0 0.637108 0.763808 0.473428 0.472384 0.104309
0 0.748436 0.267442 0.248186 0.342054 0.0483093
0 0.529334 0.772287 0.559711 0.45155 0.0404663
0 0.588061 0.511628 0.823878 0.976744 0.0266571
0 0.524487 0.619186 0.577162 0.738372 0.0196381
0 0.639208 0.338299 0.717413 0.662548 0.0139542
0 0.766533 0.230136 0.199066 0.318798 0.0129242
0 0.770646 0.340964 0.458709 0.655281 0.00898743
0 0.553894 0.841085 0.502835 0.313954 0.00751877
0 0.63533 0.697917 0.37745 0.515019 0.00701141
0 0.223626 0.25969 0.107289 0.139535 0.00664139
0 0.802727 0.236919 0.390376 0.473837 0.00400543
0 0.471812 0.504966 0.71612 0.986192 0.00387001
0 0.659802 0.0462694 0.680396 0.0925388 0.00369263
0 0.794325 0.151042 0.115045 0.155281 0.00335121
0 0.358383 0.188469 0.409766 0.376938 0.00314713
0 0.423257 0.852713 0.359514 0.282946 0.00313568
0 0.811775 0.282098 0.299892 0.466812 0.00296974
0 0.830518 0.21233 0.285672 0.331153 0.00279999
0 0.739388 0.204457 0.368401 0.406008 0.00255013
0 0.751021 0.34157 0.209407 0.438954 0.00252151
0 0.472782 0.815892 0.486677 0.337209 0.00247192
0 0.59332 0.258842 0.731632 0.499758 0.00237846
0 0.692926 0.741279 0.614148 0.505814 0.00237846
0 0.314434 0.202035 0.295367 0.385659 0.00209999
0 0.399424 0.901163 0.330268 0.174419 0.00201988
0 0.729047 0.310562 0.250771 0.356589 0.00188923
0 0.221364 0.0220446 0.0420107 0.0440891 0.00181007
0 0.58314 0.886628 0.40815 0.207364 0.00178909
0 0.392961 0.864341 0.276624 0.24031 0.00178242
0 0.269515 0.168484 0.209407 0.3297 0.00176811
0 0.237199 0.226623 0.151238 0.203731 0.00176144
0 0.441435 0.190407 0.28955 0.380814 0.00173378
0 0.822116 0.370155 0.312818 0.616279 0.0017271
0 0.385205 0.116521 0.175798 0.233043 0.00166798
0 0.332854 0.0383963 0.0607539 0.0767926 0.0015974
0 0.761362 0.499031 0.204236 0.684109 0.00158501
0 0.406857 0.0111434 0.813714 0.0222868 0.00155449
0 0.348365 0.0571705 0.0904845 0.114341 0.00154877
0 0.866066 0.138566 0.243016 0.233527 0.0015192
0 0.393931 0.77689 0.310233 0.407461 0.00149536
0 0.273716 0.0271318 0.0471812 0.0523256 0.00148964
0 0.654074 0.223353 0.650196 0.446705 0.00146675
0 0.373006 0.236919 0.497503 0.467054 0.00144386
0 0.945563 0.738614 0.0943624 0.421996 0.00140476
0 0.860895 0.667878 0.274039 0.664244 0.00139904
0 0.886102 0.755572 0.217163 0.450097 0.00135612
0 0.575869 0.794089 0.577808 0.411822 0.00133514
0 0.714181 0.484981 0.562297 0.950581 0.67041
0 0.53095 0.809109 0.553894 0.379845 0.308105
0 0.622404 0.731105 0.726461 0.537791 0.0632324
0 0.223464 0.268411 0.116014 0.165698 0.0362244
0 0.610124 0.809593 0.381328 0.380814 0.0270081
0 0.619334 0.724806 0.366785 0.482558 0.0224152
0 0.544119 0.791909 0.597359 0.416182 0.0204163
0 0.721937 0.275678 0.280502 0.35562 0.0165253
0 0.293105 0.282946 0.258527 0.196705 0.0112
0 0.217486 0.335756 0.123447 0.297481 0.00800323
0 0.229281 0.293605 0.130879 0.207364 0.00763702
0 0.353213 0.190407 0.24043 0.380814 0.00751877
0 0.291166 0.329457 0.273392 0.346899 0.00614548
0 0.300215 0.251938 0.270161 0.300388 0.00582123
0 0.253357 0.356105 0.344487 0.415698 0.00557709
0 0.360322 0.0641957 0.111167 0.128391 0.00553513
0 0.372925 0.0939922 0.143483 0.187984 0.00519943
0 0.75086 0.33515 0.468257 0.633963 0.00510025
0 0.707072 0.374516 0.305062 0.547481 0.00500107
0 0.401687 0.184593 0.201651 0.369186 0.00455475
0 0.754899 0.253876 0.248186 0.303295 0.00413513
0 0.363877 0.270833 0.151238 0.223837 0.00392914
0 0.577162 0.874031 0.442081 0.24031 0.00387001
0 0.734056 0.459787 0.362261 0.669574 0.00383949
0 0.312252 0.20046 0.28034 0.399467 0.00379562
0 0.780106 0.23922 0.411058 0.447917 0.00353813
0 0.373895 0.125242 0.169982 0.243702 0.00346947
0 0.341579 0.0482074 0.0762655 0.0964147 0.00345612
0 0.438931 0.833333 0.412189 0.29845 0.00345612
0 0.318958 0.313469 0.224272 0.214147 0.00322342
0 0.730339 0.239341 0.222333 0.246124 0.00312424
0 0.649065 0.668605 0.351274 0.472868 0.00290108
0 0.960428 0.721899 0.0620465 0.377907 0.00239754
0 0.675402 0.218023 0.111167 0.195736 0.00237846
0 0.205206 0.357558 0.156409 0.366279 0.00234985
0 0.22298 0.0222868 0.0368401 0.0445736 0.00223351
0 0.312818 0.266352 0.317988 0.399467 0.00219917
0 0.578778 0.563954 0.529334 0.835271 0.00200272
0 0.396516 0.0862403 0.168689 0.162791 0.00196457
0 0.173819 0.379845 0.245682 0.427326 0.00193405
0 0.968184 0.596899 0.0491202 0.131783 0.00190449
0 0.431094 0.167757 0.274039 0.333091 0.00176811
0 0.599533 0.5 0.800934 1 0.00174809
0 0.803123 0.437016 0.393754 0.645349 0.00171375
0 0.429721 0.235344 0.640016 0.451793 0.00170708
0 0.285349 0.236313 0.226858 0.240552 0.00168705
0 0.366462 0.311047 0.133141 0.174419 0.00167465
0 0.564316 1 0.661668 0 0.00161076
0 0.308294 0.569283 0.343841 0.842054 0.00160408
0 0.630556 0.513687 0.738888 0.972626 0.00154877
0 0.70384 0.511143 0.581686 0.971899 0.810059
0 0.53709 0.812016 0.536444 0.360465 0.0491333
0 0.628867 0.62064 0.74068 0.758721 0.0211182
0 0.644379 0.797238 0.692853 0.405523 0.0205231
0 0.667646 0.717054 0.663122 0.565892 0.0201721
0 0.618041 0.725775 0.377126 0.507752 0.019165
0 0.314757 0.185804 0.28438 0.371609 0.0154266
0 0.38973 0.180475 0.180969 0.36095 0.0088501
0 0.224919 0.273256 0.116337 0.155039 0.00769424
0 0.416552 0.234981 0.526749 0.466085 0.00734711
0 0.218617 0.376938 0.148976 0.360465 0.00669098
0 0.374218 0.10126 0.153824 0.202519 0.00595856
0 0.658113 0.678052 0.400394 0.554748 0.0049057
0 0.23219 0.310562 0.135404 0.212209 0.00479126
0 0.480861 0.345446 0.713535 0.669574 0.00424957
0 0.434326 0.171391 0.288258 0.33939 0.00418091
0 0.172567 0.386628 0.244308 0.405039 0.00416565
0 0.597359 0.805959 0.382297 0.368702 0.00403976
0 0.292136 0.282946 0.251418 0.172481 0.00397491
0 0.259254 0.272771 0.180807 0.151163 0.0039444
0 0.350304 0.197674 0.192603 0.362403 0.00390053
0 0.510914 0.700581 0.538383 0.587209 0.00351143
0 0.957843 0.727713 0.0749728 0.393411 0.00349617
0 0.299892 0.319767 0.264344 0.246124 0.00304031
0 0.319847 0.409884 0.385367 0.786822 0.00250244
0 0.434972 0.113372 0.277917 0.226744 0.00247192
0 0.369047 0.0758236 0.127971 0.151647 0.00209045
0 0.603015 0.793362 0.705779 0.413275 0.0020504
0 0.721452 0.376938 0.552925 0.718992 0.00193405
0 0.175152 0.391957 0.162872 0.388566 0.00191879
0 0.249075 0.565407 0.413159 0.869186 0.00185299
0 0.585402 0.225654 0.698346 0.449855 0.00179577
0 0.787861 0.258721 0.405888 0.482558 0.0017271
0 0.938454 0.432171 0.116337 0.579457 0.00163555
0 0.897089 0.735465 0.196481 0.501938 0.00144958
0 0.301265 0.241279 0.497503 0.467054 0.00144958
0 0.5442 0.452519 0.850554 0.881783 0.00141621
0 0.23429 0.407946 0.46858 0.794574 0.00139427
0 0.141382 0.429264 0.156086 0.325581 0.00137806
0 0.299164 0.436531 0.265152 0.477713 0.00137806
0 0.407503 0.52798 0.571991 0.940165 0.00137234
0 0.910016 0.418484 0.168043 0.777374 0.00113392
0 0.356767 0.064438 0.118922 0.128876 0.0011158
0 0.50025 0.807171 0.299892 0.358527 0.00107765
0 0.823805 0.643411 0.35239 0.699612 0.00105286
0 0.4563 0.147771 0.294721 0.271318 0.00102043
0 0.668939 0.506783 0.64761 0.939923 0.569824
0 0.522871 0.799419 0.52481 0.370155 0.173828
0 0.614002 0.735465 0.385205 0.476744 0.0720825
0 0.736802 0.264535 0.24043 0.325581 0.0499573
0 0.601076 0.786822 0.396839 0.341085 0.0451965
0 0.231867 0.275678 0.127001 0.168605 0.0406189
0 0.619819 0.625 0.756192 0.713178 0.0218658
0 0.725169 0.318314 0.266283 0.402132 0.0177155
0 0.231382 0.361434 0.150592 0.350775 0.0129242
0 0.241077 0.297481 0.143483 0.215116 0.0112915
0 0.38262 0.10344 0.157702 0.20688 0.0105667
0 0.6077 0.786822 0.684774 0.418605 0.0102081
0 0.370663 0.0801841 0.130556 0.160368 0.00985718
0 0.730339 0.235465 0.222333 0.231589 0.00888062
0 0.370986 0.145349 0.153824 0.290698 0.00712204
0 0.764594 0.349322 0.448545 0.578488 0.0069046
0 0.344487 0.0443314 0.0878992 0.0886628 0.00629044
0 0.723876 0.434593 0.261112 0.65407 0.00524139
0 0.221364 0.0222868 0.042657 0.0445736 0.00498199
0 0.550663 0.784641 0.28955 0.318314 0.00496292
0 0.69156 0.316376 0.168043 0.374031 0.00462723
0 0.674756 0.209423 0.105996 0.172238 0.00438309
0 0.948148 0.717054 0.0866066 0.416667 0.00428009
0 0.767179 0.208454 0.169335 0.242006 0.00369263
0 0.663768 0.702519 0.668293 0.589147 0.00353813
0 0.450484 0.829457 0.398132 0.296512 0.00336266
0 0.308617 0.17781 0.277917 0.35562 0.00307465
0 0.957843 0.707122 0.0646318 0.368702 0.00277901
0 0.56779 0.530039 0.650842 0.912791 0.00255013
0 0.765402 0.50969 0.465026 0.905039 0.00250244
0 0.793678 0.426478 0.302477 0.639293 0.00245285
0 0.90226 0.722868 0.180969 0.472868 0.00245285
0 0.275978 0.0271318 0.0517054 0.0542636 0.00244331
0 0.276543 0.266473 0.205691 0.178295 0.00243378
0 0.665061 0.343992 0.156409 0.332364 0.00240517
0 0.648257 0.659884 0.386498 0.54845 0.00234985
0 0.180646 0.378876 0.28438 0.437016 0.00231361
0 0.467288 0.796512 0.253357 0.30814 0.00226974
0 0.727754 0.668605 0.0698023 0.0736434 0.00213242
0 0.2107 0.386143 0.162226 0.40407 0.00210762
0 0.288904 0.421027 0.283087 0.524225 0.00209999
0 0.369694 0.243217 0.13508 0.247093 0.0020504
0 0.290278 0.583818 0.335924 0.832364 0.00202751
0 0.459532 0.0792151 0.0840213 0.125484 0.00198746
0 0.758777 0.473837 0.206822 0.587209 0.00194168
0 0.242046 0.491279 0.366462 0.660853 0.00191212
0 0.824055 0.648983 0.347719 0.682655 0.00189686
0 0.227342 0.627422 0.163195 0.745155 0.0018177
0 0.849262 0.41376 0.28955 0.653101 0.00176144
0 0.871883 0.647529 0.244308 0.704942 0.00169373
0 0.681219 0.493217 0.620465 0.986434 0.652344
0 0.512853 0.811047 0.50736 0.368217 0.191284
0 0.589603 0.803295 0.387468 0.368217 0.0970459
0 0.738095 0.295664 0.258527 0.412548 0.0554199
0 0.624182 0.738372 0.388114 0.453488 0.0328369
0 0.229766 0.266473 0.114398 0.147287 0.0268097
0 0.618041 0.591085 0.744235 0.810078 0.0239105
0 0.251498 0.270833 0.160125 0.161822 0.0183411
0 0.780752 0.967054 0.067217 0.0542636 0.0179138
0 0.769118 0.953488 0.0723876 0.0658914 0.014389
0 0.624182 0.773498 0.731955 0.445252 0.0142822
0 0.767826 0.312985 0.439496 0.550388 0.0102463
0 0.244308 0.302326 0.148653 0.218992 0.00841522
0 0.225565 0.353682 0.144129 0.329457 0.00643921
0 0.304416 0.319767 0.271453 0.253876 0.00634003
0 0.386498 0.0942345 0.162872 0.184593 0.00614548
0 0.557126 0.782946 0.276624 0.321705 0.00577545
0 0.713535 0.342902 0.286965 0.519622 0.00518036
0 0.673302 0.677326 0.429478 0.517442 0.00482941
0 0.363231 0.179264 0.184847 0.358527 0.00436401
0 0.765887 0.510174 0.455008 0.93314 0.00407028
0 0.736802 0.236919 0.232674 0.260659 0.00397491
0 0.299568 0.271318 0.267576 0.21124 0.00395966
0 0.749729 0.427447 0.28438 0.720688 0.00385475
0 0.368401 0.0707364 0.120861 0.141473 0.00382423
0 0.817988 0.421027 0.364023 0.63469 0.00338936
0 0.82147 0.64438 0.35289 0.670543 0.00336266
0 0.306274 0.178295 0.279371 0.328488 0.00316048
0 0.612871 0.789244 0.759747 0.421512 0.00296974
0 0.491525 0.662791 0.515115 0.651163 0.00284576
0 0.509945 0.521802 0.601076 0.944768 0.00243378
0 0.609874 1 0.780252 0 0.00243378
0 0.40104 0.0171996 0.802081 0.0343992 0.00239754
0 0.349012 0.143895 0.222333 0.287791 0.00217438
0 0.37034 0.281008 0.139605 0.189922 0.00215721
0 0.396516 0.142563 0.197773 0.278828 0.00214005
0 0.452422 0.897287 0.392961 0.182171 0.00209999
0 0.626194 0 0.747613 0 0.00206757
0 0.289874 0.315407 0.288258 0.382752 0.00204277
0 0.239622 0.340116 0.389407 0.442829 0.00201988
0 0.460825 0.0789729 0.0930698 0.124031 0.00194168
0 0.341256 0.0416667 0.0762655 0.0833333 0.00192642
0 0.396193 0.232558 0.444667 0.448643 0.00191879
0 0.310879 0.232074 0.391669 0.453488 0.00191212
0 0.537736 0.455426 0.835043 0.872093 0.00188255
0 0.78463 0.520833 0.271453 0.702519 0.00187492
0 0.242692 0.239341 0.14219 0.187985 0.00185299
0 0.233967 0.395833 0.173213 0.416667 0.00174141
0 0.944917 0.70906 0.0917771 0.446221 0.00170708
0 0.539675 0.870155 0.448545 0.236434 0.00169373
0 0.707233 0.498547 0.583948 0.909884 0.63623
0 0.740034 0.259569 0.241723 0.321948 0.15918
0 0.221041 0.266473 0.0930698 0.132752 0.0847778
0 0.244954 0.267442 0.144775 0.147287 0.0510864
0 0.641794 0.66376 0.391669 0.536822 0.0455322
0 0.536444 0.803295 0.535151 0.368217 0.0296478
0 0.603822 0.79845 0.387468 0.350775 0.028595
0 0.309909 0.17781 0.286319 0.35562 0.0250397
0 0.338105 0.153585 0.235098 0.307171 0.0181885
0 0.387791 0.0959302 0.169335 0.190891 0.0179901
0 0.751021 0.288275 0.206822 0.416667 0.0135345
0 0.233967 0.297481 0.1228 0.195736 0.0121002
0 0.38876 0.171512 0.175152 0.343023 0.0120087
0 0.680969 0.691618 0.638062 0.605136 0.0105286
0 0.654074 0.767442 0.615295 0.453488 0.0102921
0 0.76524 0.39874 0.464056 0.725775 0.00989532
0 0.367755 0.0772771 0.126678 0.154554 0.00933838
0 0.299326 0.283915 0.257073 0.187985 0.00800323
0 0.714666 0.312985 0.271777 0.393411 0.00712204
0 0.769118 0.957364 0.0646318 0.0620155 0.00703812
0 0.780752 0.97093 0.0620465 0.0503876 0.00701141
0 0.71095 0.218871 0.175798 0.194041 0.00679779
0 0.584271 0.789729 0.307647 0.284884 0.00664139
0 0.42657 0.141594 0.262405 0.280766 0.00582123
0 0.288581 0.320252 0.230735 0.241279 0.00575256
0 0.261436 0.192345 0.182908 0.284884 0.0055542
0 0.771704 0.204457 0.143483 0.227713 0.00538635
0 0.56165 0.755814 0.271453 0.271318 0.00418091
0 0.855725 0.401163 0.286965 0.643411 0.00403976
0 0.369371 0.216085 0.141544 0.29845 0.0039444
0 0.345134 0.0629845 0.0917771 0.125969 0.00385475
0 0.561004 0.843023 0.4563 0.292636 0.00359344
0 0.473105 0.757752 0.104704 0.197674 0.00340271
0 0.43885 0.115552 0.231382 0.214632 0.00337601
0 0.362665 0.190044 0.39797 0.375727 0.00333786
0 0.672817 0.203004 0.0969477 0.159884 0.00317192
0 0.435618 0.844961 0.3335 0.273256 0.00309944
0 0.420753 0.0876938 0.204236 0.15407 0.00296974
0 0.493141 0.746124 0.140897 0.228682 0.00294685
0 0.489909 0.129845 0.109874 0.222868 0.00279999
0 0.508006 0.281129 0.701901 0.538517 0.00275803
0 0.581436 0.494671 0.837128 0.931202 0.00270462
0 0.284703 0.036095 0.0769118 0.067345 0.00253105
0 0.367109 0.296512 0.134434 0.166667 0.00242424
0 0.959136 0.714147 0.0646318 0.408915 0.00227928
0 0.612709 0.090843 0.170628 0.153585 0.00225258
0 0.602207 0.117248 0.170951 0.209302 0.00219917
0 0.922942 0.406492 0.14219 0.582364 0.00213242
0 0.723876 0.442829 0.279209 0.571705 0.00209045
0 0.222495 0.0228924 0.0416875 0.0457849 0.00198746
0 0.648257 0.499152 0.68639 0.966812 0.693359
0 0.537736 0.803295 0.535151 0.387597 0.152588
0 0.628059 0.712936 0.388114 0.515988 0.0460205
0 0.74779 0.273135 0.25982 0.370397 0.0437012
0 0.617234 0.649225 0.751021 0.695736 0.0403748
0 0.612709 0.780523 0.694145 0.438954 0.0354004
0 0.787215 0.337694 0.400717 0.597868 0.024704
0 0.224919 0.265504 0.106642 0.143411 0.0244751
0 0.773642 0.510659 0.438204 0.947675 0.0200958
0 0.61384 0.778101 0.393284 0.346899 0.0126266
0 0.387791 0.0920543 0.162872 0.184109 0.0110321
0 0.362907 0.176841 0.19842 0.353682 0.00857544
0 0.309909 0.178052 0.290197 0.356105 0.00793457
0 0.364846 0.135659 0.17903 0.271318 0.0078125
0 0.370986 0.0765504 0.131849 0.153101 0.00712204
0 0.235906 0.291667 0.132495 0.193798 0.00703812
0 0.565851 0.794574 0.300538 0.354651 0.00679779
0 0.225888 0.322674 0.136373 0.264535 0.0064888
0 0.587988 0.841085 0.413967 0.294574 0.00643921
0 0.953965 0.722868 0.0749728 0.422481 0.00508118
0 0.772996 0.323159 0.299892 0.540698 0.00484848
0 0.776874 0.969961 0.0723876 0.0562016 0.00479126
0 0.767179 0.957364 0.0723876 0.0697675 0.00428009
0 0.569325 0.783188 0.652943 0.433624 0.0036068
0 0.298599 0.314923 0.253357 0.239341 0.00348282
0 0.892565 0.724806 0.200359 0.492248 0.00327301
0 0.825994 0.390019 0.332207 0.650194 0.00319672
0 0.53192 0.768411 0.217163 0.292636 0.00317192
0 0.963014 0.690892 0.0568759 0.331395 0.00314713
0 0.347073 0.0578973 0.0917771 0.115795 0.00288963
0 0.707718 0.211119 0.173213 0.188227 0.00286674
0 0.719352 0.3125 0.288258 0.432171 0.0028553
0 0.787215 0.441376 0.307647 0.681202 0.00257111
0 0.825994 0.694041 0.341256 0.580911 0.00227928
0 0.41429 0.0809109 0.175152 0.136628 0.00221634
0 0.250691 0.218992 0.163034 0.24031 0.0020504
0 0.405888 0.131541 0.219748 0.263081 0.00204277
0 0.370663 0.218144 0.136373 0.296269 0.00201988
0 0.968184 0.585756 0.0517054 0.126938 0.0018177
0 0.27824 0.03125 0.0536444 0.056686 0.00175476
0 0.445636 0.841085 0.34578 0.286822 0.00175476
0 0.871883 0.660853 0.245601 0.655039 0.00166798
0 0.221364 0.0222868 0.0394254 0.0445736 0.00155449
0 0.611578 0.0847868 0.157378 0.140504 0.00155449
0 0.72533 0.452519 0.307324 0.653101 0.00154877
0 0.785923 0.495155 0.24043 0.649225 0.00154305
0 0.829622 0.499031 0.340756 0.687985 0.00151253
0 0.873822 0.398256 0.24043 0.676357 0.00143814
0 0.922296 0.449612 0.140897 0.494186 0.00142097
0 0.713535 0.653343 0.258527 0.503392 0.00138855
0 0.704486 0.499879 0.576516 0.944041 0.775391
0 0.224272 0.270349 0.11052 0.156977 0.0448608
0 0.643571 0.66061 0.40104 0.539244 0.0354919
0 0.744558 0.276163 0.255942 0.366279 0.0351562
0 0.229766 0.337209 0.14219 0.294574 0.0145569
0 0.237037 0.296512 0.134757 0.205426 0.0138474
0 0.387791 0.0932655 0.164165 0.181686 0.0103302
0 0.573284 0.775194 0.276624 0.29845 0.00985718
0 0.603661 0.797481 0.385205 0.360465 0.00963593
0 0.358141 0.177568 0.220879 0.355136 0.00757599
0 0.307324 0.172481 0.281795 0.344961 0.00748825
0 0.780752 0.97093 0.0646318 0.0542636 0.00709534
0 0.769765 0.957364 0.0659244 0.0658914 0.00701141
0 0.363231 0.129118 0.182262 0.258236 0.00679779
0 0.367109 0.0767926 0.1228 0.153585 0.00643921
0 0.291813 0.318314 0.243016 0.246124 0.00638962
0 0.520932 0.804506 0.496372 0.359981 0.00547028
0 0.775581 0.385174 0.425277 0.690892 0.00538635
0 0.719352 0.31686 0.288258 0.431202 0.00431442
0 0.528042 0.755814 0.205529 0.275194 0.0042305
0 0.769765 0.399225 0.266283 0.629845 0.00421524
0 0.500896 0.754845 0.156409 0.253876 0.00390053
0 0.701901 0.216085 0.160287 0.189922 0.00370789
0 0.824702 0.386628 0.323159 0.624031 0.00349617
0 0.593966 0.850775 0.386498 0.271318 0.00332451
0 0.963014 0.718023 0.0594612 0.418605 0.00313568
0 0.684451 0.659157 0.621758 0.662306 0.00307465
0 0.343841 0.0583818 0.0859603 0.116764 0.00299263
0 0.558815 0.5 0.88237 1 0.00288963
0 0.432063 0.835271 0.317342 0.290698 0.00282288
0 0.250771 0.224806 0.164811 0.225775 0.00274658
0 0.486031 0.804264 0.334793 0.294574 0.00265312
0 0.965599 0.678295 0.0517054 0.31783 0.00226021
0 0.409766 0.12718 0.226211 0.251453 0.00223351
0 0.411058 0.0862403 0.193895 0.149225 0.00208282
0 0.742619 0.234012 0.227504 0.293605 0.00202751
0 0.368401 0.219961 0.139605 0.302326 0.00201035
0 0.279532 0.0363372 0.0652781 0.0649225 0.00191212
0 0.214901 0.342054 0.177091 0.343023 0.00190449
0 0.176445 0.378391 0.275978 0.435078 0.00186729
0 0.517377 0.613857 0.524164 0.731589 0.00177479
0 0.889333 0.713421 0.206822 0.518895 0.00176144
0 0.221687 0.0228924 0.040718 0.0457849 0.00169373
0 0.477952 0.787791 0.115045 0.257752 0.00161076
0 0.3028 0.25969 0.285026 0.439923 0.00157356
0 0.969477 0.587694 0.0491202 0.14438 0.00155449
0 0.969477 0.559593 0.0517054 0.181202 0.00154877
0 0.725815 0.444767 0.298599 0.645349 0.00154305
0 0.366785 0.196221 0.38973 0.386628 0.00154305
0 0.672171 0.203004 0.100826 0.159884 0.00148964
0 0.704486 0.5 0.576516 0.943798 0.775391
0 0.224272 0.270349 0.11052 0.156977 0.0450134
0 0.643571 0.66061 0.40104 0.539244 0.0353394
0 0.744558 0.276163 0.255942 0.367248 0.0351562
0 0.229766 0.337209 0.14219 0.294574 0.0146179
0 0.237037 0.296512 0.134757 0.205426 0.0138474
0 0.387791 0.0932655 0.164165 0.181686 0.0103302
0 0.573284 0.775194 0.276624 0.29845 0.00981903
0 0.603661 0.796512 0.385205 0.360465 0.00963593
0 0.35806 0.177568 0.220394 0.355136 0.00757599
0 0.307324 0.172481 0.281795 0.344961 0.00751877
0 0.780752 0.97093 0.0646318 0.0542636 0.00706482
0 0.769765 0.957364 0.0659244 0.0639535 0.00703812
0 0.363231 0.129118 0.182262 0.258236 0.0068512
0 0.367109 0.0767926 0.1228 0.153585 0.0064888
0 0.291813 0.317829 0.243016 0.246124 0.00641251
0 0.520932 0.804264 0.496372 0.360465 0.00540543
0 0.775581 0.385538 0.425277 0.690165 0.00538635
0 0.719352 0.31686 0.288258 0.432171 0.00429916
0 0.528042 0.755814 0.205529 0.275194 0.0042305
0 0.769765 0.399104 0.266283 0.630087 0.00419998
0 0.500896 0.754845 0.156409 0.253876 0.00390053
0 0.701901 0.215964 0.160287 0.190165 0.0037365
0 0.824702 0.386628 0.323159 0.624031 0.00348282
0 0.593966 0.850775 0.386498 0.271318 0.00332451
0 0.963014 0.71875 0.0594612 0.419089 0.00314713
0 0.684451 0.658915 0.621758 0.662791 0.0030632
0 0.343841 0.058624 0.085314 0.116279 0.00300407
0 0.559138 0.5 0.881724 1 0.00287819
0 0.432063 0.835271 0.317342 0.290698 0.00282288
0 0.250771 0.224927 0.164811 0.226502 0.00275803
0 0.486354 0.804264 0.334146 0.294574 0.00264168
0 0.965599 0.678295 0.0517054 0.319768 0.00226974
0 0.410089 0.12718 0.226211 0.251453 0.00224304
0 0.411058 0.0862403 0.193895 0.149225 0.00208282
0 0.742619 0.234012 0.227504 0.293605 0.00201988
0 0.368401 0.219477 0.139605 0.303295 0.00201988
0 0.279532 0.0363372 0.0652781 0.0649225 0.00190449
0 0.214901 0.342054 0.177091 0.343023 0.00189686
0 0.176606 0.378391 0.276301 0.435078 0.00186729
0 0.889333 0.713421 0.206822 0.518895 0.00177479
0 0.517377 0.613372 0.524164 0.732558 0.00176144
0 0.221687 0.0228924 0.040718 0.0457849 0.00168705
0 0.477952 0.787791 0.115045 0.257752 0.00161076
0 0.303204 0.259205 0.285511 0.439922 0.00157356
0 0.969477 0.587694 0.0491202 0.14438 0.00155449
0 0.969477 0.560078 0.0517054 0.180233 0.00154877
0 0.725815 0.444767 0.298599 0.645349 0.00154305
0 0.366785 0.196221 0.38973 0.386628 0.00154305
0 0.672171 0.203609 0.100826 0.16061 0.00148392
