0 0.482543 0.623698 0.965085 0.674479 0.438721
0 0.529307 0.796224 0.920396 0.384115 0.237183
0 0.644692 0.833333 0.703301 0.322917 0.115173
0 0.686695 0.873698 0.619295 0.242188 0.0743408
0 0.367157 0.587891 0.684009 0.579427 0.0563354
0 0.268744 0.633952 0.531139 0.669596 0.0459595
0 0.492311 0.40918 0.453238 0.383464 0.0422363
0 0.530406 0.404622 0.330161 0.309896 0.0200958
0 0.783274 0.830078 0.433452 0.33724 0.0198669
0 0.5 0.48112 1 0.804688 0.0195618
0 0.63004 0.913737 0.666182 0.172526 0.0193481
0 0.336998 0.681641 0.662275 0.53776 0.0166626
0 0.5 0.609375 1 0.78125 0.0152512
0 0.415998 0.731608 0.812947 0.463867 0.0151901
0 0.525522 0.390625 0.402444 0.236979 0.0142822
0 0.7906 0.882162 0.4188 0.227865 0.0141754
0 0.5 0.597819 1 0.804362 0.0124283
0 0.736876 0.390951 0.526249 0.652995 0.0120087
0 0.511358 0.364583 0.295972 0.255859 0.0104065
0 0.774608 0.91276 0.427841 0.174479 0.0103683
0 0.5 0.516113 1 0.967773 0.0102081
0 0.55971 0.24349 0.388769 0.412109 0.01017
0 0.632727 0.753906 0.66081 0.460938 0.0100937
0 0.512335 0.276042 0.295972 0.367839 0.00971222
0 0.593285 0.386068 0.81343 0.68099 0.0085144
0 0.5 0.5 1 1 0.00754929
0 0.436633 0.883464 0.322346 0.233073 0.00740433
0 0.5 0.5 1 1 0.00714874
0 0.514652 0.641764 0.970696 0.716471 0.00701141
0 0.463983 0.51888 0.545058 0.389323 0.0068512
0 0.532235 0.720378 0.935531 0.559245 0.00634003
0 0.702324 0.276367 0.0820518 0.0638021 0.00624084
0 0.5 0.5 1 1 0.00602722
0 0.5 0.567708 1 0.864583 0.00595856
0 0.5 0.5 1 1 0.00575256
0 0.5 0.5 1 1 0.00575256
0 0.5 0.5 1 1 0.00521851
0 0 0.306966 0 0.613932 0.0051384
0 0.249086 0.700684 0.458122 0.400716 0.00498199
0 0.570455 0.894531 0.670089 0.208333 0.00492477
0 0.5138 0.471354 0.402444 0.354167 0.0049057
0 0.432237 0.445638 0.628087 0.728516 0.00446701
0 0.5 0.5 1 1 0.00434875
0 0.571307 0.5 0.857386 1 0.00419998
0 0.459588 0.849284 0.372163 0.301432 0.00378036
0 0 0.382161 0 0.764323 0.00372124
0 0.5 0.5 1 1 0.00366402
0 0.5 0.5 1 1 0.00341606
0 0.117705 0.302734 0.23541 0.605469 0.00340271
0 0.307206 0.572591 0.442493 0.638672 0.00331116
0 0.521856 0.726563 0.956288 0.540365 0.611328
0 0.538584 0.661784 0.922832 0.676432 0.235107
0 0.585107 0.769857 0.799028 0.460286 0.200562
0 0.497195 0.402344 0.310625 0.188802 0.172729
0 0.412701 0.806641 0.460076 0.386719 0.156128
0 0.476193 0.418294 0.395607 0.221354 0.127441
0 0.434679 0.408854 0.142614 0.133464 0.107422
0 0.699394 0.275716 0.095727 0.0605469 0.0957031
0 0.467402 0.483073 0.477658 0.359375 0.0849609
0 0.375582 0.646484 0.655437 0.707031 0.0769653
0 0.445912 0.584635 0.454215 0.567708 0.0733032
0 0.415143 0.829427 0.359465 0.341146 0.0395508
0 0.545058 0.341146 0.179732 0.15625 0.0331421
0 0.690602 0.270101 0.107449 0.0861003 0.0298767
0 0.510382 0.309245 0.456169 0.421875 0.0278473
0 0.567036 0.319336 0.129915 0.0800781 0.0275879
0 0.560199 0.338542 0.163127 0.106771 0.0249939
0 0.963131 0.722656 0.0703301 0.046875 0.0233307
0 0.0442005 0.577474 0.088401 0.0585938 0.0202484
0 0.878149 0.538086 0.11331 0.0462239 0.0178528
0 0.855683 0.311198 0.0664228 0.0403646 0.0160217
0 0.407328 0.877604 0.337975 0.234375 0.0156021
0 0.691579 0.721029 0.603667 0.557943 0.0148392
0 0.540174 0.306315 0.163127 0.121745 0.0145035
0 0.59634 0.291097 0.249086 0.159993 0.0120544
0 0.682788 0.285156 0.123078 0.0963542 0.0120544
0 0.287181 0.759766 0.109402 0.0742188 0.0116882
0 0.522467 0.507161 0.955067 0.985677 0.0107346
0 0.521978 0.882813 0.956044 0.234375 0.00901794
0 0.595364 0.319336 0.579246 0.48763 0.00857544
0 0.902569 0.181966 0.11331 0.0696615 0.00748825
0 0.265691 0.517578 0.0976807 0.0638021 0.00746155
0 0.639808 0.243815 0.207083 0.127604 0.00701141
0 0.607574 0.435221 0.670089 0.357422 0.00698471
0 0.294996 0.71224 0.158243 0.169271 0.0069046
0 0.580223 0.570964 0.730651 0.571615 0.00624084
0 0.296949 0.685059 0.21099 0.239258 0.00621796
0 0.172895 0.135417 0.34579 0.270833 0.00595856
0 0.563618 0.871745 0.695486 0.25651 0.00570679
0 0.430283 0.511637 0.561664 0.537923 0.00566483
0 0.0344324 0.858073 0.0688649 0.0442709 0.00564194
0 0.325277 0.781901 0.185593 0.317708 0.00530243
0 0.369721 0.898438 0.260807 0.190104 0.0051384
0 0.5 0.577474 1 0.845052 0.00500107
0 0.897685 0.152832 0.115263 0.0777995 0.00481033
0 0.0698417 0.584635 0.136753 0.0690104 0.00462723
0 0.45568 0.916016 0.524545 0.167969 0.00455475
0 0.427841 0.753255 0.855683 0.49349 0.00434875
0 0.600611 0.92513 0.798778 0.14974 0.00434875
0 0.289135 0.934896 0.0918198 0.0742188 0.00411606
0 0.626133 0.727865 0.677904 0.481771 0.998047
0 0.528941 0.642578 0.868381 0.68099 0.997559
0 0.491456 0.742188 0.968748 0.484375 0.983398
0 0.612946 0.836589 0.698417 0.28125 0.826172
0 0.619784 0.801107 0.714046 0.397786 0.601074
0 0.392676 0.449544 0.67595 0.725911 0.491211
0 0.491822 0.359049 0.880103 0.625651 0.433105
0 0.469844 0.463542 0.511847 0.34375 0.375732
0 0.49341 0.484375 0.892557 0.830729 0.367432
0 0.433214 0.309245 0.76484 0.498698 0.19873
0 0.208182 0.73584 0.4022 0.325195 0.122498
0 0.961178 0.712891 0.0742373 0.0455729 0.111267
0 0.623203 0.892578 0.730651 0.196615 0.0675659
0 0.326376 0.736816 0.646402 0.427409 0.0533142
0 0.85959 0.307292 0.0859589 0.0625 0.0516663
0 0.217828 0.381836 0.339929 0.276693 0.0477905
0 0.961053 0.701823 0.0778944 0.0677084 0.0470886
0 0.784376 0.191121 0.39463 0.289632 0.0370483
0 0.237852 0.334635 0.403421 0.367839 0.0358887
0 0.376071 0.683594 0.728698 0.570312 0.0353394
0 0.391699 0.789063 0.672043 0.408854 0.0298767
0 0.5 0.588379 1 0.818034 0.028595
0 0.514652 0.282552 0.970696 0.496094 0.0276947
0 0.621124 0.314453 0.757752 0.536458 0.0233307
0 0.699394 0.273438 0.132846 0.0800781 0.0192719
0 0.519661 0.151001 0.308671 0.223389 0.0176392
0 0.550919 0.130168 0.222712 0.176514 0.014389
0 0.877172 0.224284 0.230526 0.205729 0.014389
0 0.660196 0.688151 0.679607 0.59375 0.0142822
0 0.734559 0.229167 0.328207 0.223307 0.0137405
0 0.837975 0.228841 0.32405 0.240234 0.0130234
0 0.503055 0.395508 0.349697 0.179036 0.0126724
0 0.890848 0.163249 0.207083 0.230794 0.0125732
0 0.564594 0.166992 0.287181 0.255859 0.0124817
0 0.340417 0.310547 0.567525 0.374349 0.0119629
0 0.677904 0.27181 0.261784 0.11849 0.0115967
0 0.204275 0.785156 0.372896 0.257812 0.0115051
0 0.503055 0.194987 0.46496 0.30599 0.0109863
0 0.458122 0.166667 0.466914 0.251302 0.0105667
0 0.187058 0.410807 0.308671 0.226563 0.0105667
0 0.457146 0.404622 0.322346 0.146484 0.0102921
0 0.966914 0.620931 0.0661727 0.12793 0.00971222
0 0.439563 0.213704 0.597806 0.344076 0.00955963
0 0.393165 0.253255 0.618319 0.352865 0.00933838
0 0.625401 0.827474 0.652019 0.345052 0.00787354
0 0.581688 0.196289 0.387792 0.305339 0.00772476
0 0.674973 0.26888 0.197315 0.0950521 0.00740433
0 0.650553 0.288411 0.23248 0.123698 0.00720596
0 0.622226 0.31543 0.242248 0.165365 0.00717545
0 0.294141 0.74349 0.497927 0.315104 0.00717545
0 0.516606 0.76237 0.966789 0.473958 0.868164
0 0.519173 0.473307 0.41905 0.308594 0.376709
0 0.706964 0.813151 0.488892 0.373698 0.31665
0 0.592433 0.796224 0.794144 0.391927 0.267334
0 0.479612 0.640788 0.959224 0.694987 0.250244
0 0.488403 0.472331 0.498171 0.375651 0.181274
0 0.499148 0.623698 0.552873 0.6875 0.147339
0 0.524545 0.419922 0.316485 0.19401 0.0869141
0 0.504032 0.373372 0.296949 0.23112 0.0847778
0 0.896095 0.249919 0.20781 0.257975 0.076416
0 0.213799 0.718099 0.420271 0.384115 0.0668335
0 0.908305 0.236491 0.18339 0.197591 0.0639648
0 0.715142 0.312826 0.569717 0.328776 0.0589905
0 0.62711 0.454102 0.693533 0.451172 0.0497742
0 0.539197 0.354818 0.314532 0.213542 0.0486755
0 0.628087 0.824219 0.60562 0.34375 0.0484924
0 0.904523 0.197266 0.187547 0.266927 0.0453491
0 0.695361 0.412435 0.609277 0.375651 0.0367126
0 0.603667 0.354248 0.296949 0.239421 0.0358887
0 0.610993 0.328044 0.280344 0.174642 0.0346069
0 0.828332 0.230469 0.3243 0.266927 0.0321045
0 0.776436 0.847005 0.447127 0.294271 0.0317383
0 0.491334 0.406901 0.273506 0.169271 0.0305634
0 0.89756 0.312581 0.204879 0.383952 0.0305023
0 0.620272 0.274821 0.267645 0.252441 0.0298767
0 0.901956 0.179525 0.196088 0.35905 0.0280609
0 0.713432 0.258464 0.573135 0.260417 0.0279541
0 0.308549 0.739583 0.615632 0.467448 0.0257568
0 0.573386 0.363281 0.35165 0.285156 0.0248413
0 0.76948 0.294922 0.445912 0.246745 0.0236969
0 0.806842 0.262288 0.359465 0.207194 0.0222473
0 0.71893 0.263753 0.177779 0.193848 0.0215302
0 0.814657 0.192383 0.339929 0.354818 0.0210114
0 0.687916 0.352214 0.476193 0.273438 0.0209656
0 0.519661 0.337891 0.283274 0.284505 0.0207977
0 0.753118 0.224447 0.48645 0.318034 0.0202484
0 0.623203 0.304362 0.261784 0.154948 0.0198364
0 0 0.755534 0 0.488932 0.0180969
0 0.655437 0.294922 0.21099 0.14974 0.0154877
0 0.819541 0.338867 0.34579 0.366536 0.0153046
0 0.554826 0.503255 0.355558 0.282552 0.0145569
0 0.707208 0.799479 0.359465 0.391927 0.0136871
0 0 0.290202 0 0.580404 0.0134811
0 0.448354 0.441406 0.636878 0.501302 0.0132217
0 0.756412 0.786458 0.487176 0.403646 0.0115967
0 0.768747 0.206055 0.289135 0.36263 0.0113297
0 0.646402 0.231161 0.273994 0.322184 0.0112457
0 0 0.840495 0 0.31901 0.0105667
0 0.558245 0.606608 0.376071 0.289388 0.0104904
0 0.613923 0.61849 0.753118 0.748698 0.0102463
0 0.483397 0.69987 0.9497 0.592448 0.845215
0 0.461541 0.624349 0.923082 0.751302 0.472656
0 0.472286 0.474284 0.53236 0.340495 0.230225
0 0.381443 0.615885 0.762886 0.701823 0.170532
0 0.466425 0.543294 0.555803 0.647786 0.108765
0 0.639808 0.816406 0.625156 0.338542 0.107056
0 0.501102 0.450521 0.420027 0.33724 0.0812378
0 0.665569 0.239258 0.668863 0.478516 0.0632324
0 0.967402 0.715495 0.065196 0.0507813 0.0621033
0 0.380833 0.73291 0.746525 0.523763 0.0605164
0 0.436633 0.359375 0.574362 0.690104 0.0598755
0 0.680834 0.752604 0.621249 0.471354 0.0366211
0 0.5674 0.350911 0.865201 0.701823 0.0350037
0 0.571432 0.753255 0.845915 0.49349 0.0336609
0 0.757389 0.249349 0.485223 0.498698 0.0263519
0 0.511358 0.365234 0.315509 0.214844 0.0248413
0 0.966914 0.705729 0.0661727 0.0625 0.0235596
0 0.50794 0.296224 0.314532 0.343099 0.0227203
0 0.681811 0.86849 0.586084 0.257812 0.0198669
0 0.567525 0.436849 0.289135 0.33724 0.0187683
0 0.46789 0.32487 0.754095 0.563802 0.0182343
0 0.468867 0.433594 0.392676 0.216146 0.0179901
0 0.871312 0.292318 0.0996343 0.0807292 0.0166626
0 0.583642 0.782552 0.633948 0.356771 0.0166626
0 0.46789 0.388021 0.242248 0.14974 0.0145035
0 0.610504 0.626302 0.74628 0.730469 0.0141754
0 0.550431 0.391602 0.350674 0.372396 0.0138474
0 0.744446 0.205729 0.511108 0.358073 0.0126266
0 0.866428 0.545573 0.0742373 0.0442709 0.0126266
0 0.5 0.496094 1 0.992188 0.0122375
0 0.765817 0.60026 0.0605621 0.0364584 0.0108566
0 0.479612 0.285075 0.418073 0.411621 0.0106506
0 0.802691 0.234375 0.371675 0.321615 0.0106506
0 0.378146 0.288086 0.679613 0.474609 0.0105286
0 0.469356 0.636068 0.577293 0.334635 0.0104904
0 0.912212 0.325195 0.175575 0.650391 0.0102081
0 0.388769 0.847656 0.74628 0.299479 0.00967407
0 0.55678 0.345052 0.349697 0.265625 0.00955963
0 0.497195 0.600586 0.994389 0.798828 0.00905609
0 0.711115 0.738932 0.334068 0.28776 0.00898743
0 0.477658 0.538411 0.490357 0.341146 0.0088501
0 0.290112 0.8125 0.580223 0.348958 0.00874329
0 0.737852 0.281901 0.524295 0.375 0.00818634
0 0.775585 0.176432 0.421981 0.352865 0.00812531
0 0.689626 0.708984 0.298903 0.165365 0.00812531
0 0.633948 0.522461 0.156289 0.145182 0.00793457
0 0.359465 0.470378 0.71893 0.819662 0.00787354
0 0.874242 0.538411 0.0996343 0.0501302 0.00769424
0 0.524545 0.714193 0.642739 0.30599 0.00695801
0 0.41905 0.940755 0.294996 0.114583 0.0064888
0 0.658368 0.80599 0.62711 0.388021 0.421631
0 0.495241 0.628255 0.990482 0.74349 0.306641
0 0.44347 0.487956 0.55678 0.382162 0.262939
0 0.479612 0.731771 0.959224 0.533854 0.228149
0 0.559222 0.787435 0.796098 0.42513 0.138916
0 0.37021 0.637858 0.74042 0.653971 0.134766
0 0.286693 0.751953 0.573386 0.466146 0.0747681
0 0.968867 0.716146 0.0622656 0.0455729 0.064209
0 0.617342 0.863932 0.732605 0.272135 0.0623169
0 0.497195 0.376302 0.310625 0.216146 0.0479431
0 0.257877 0.806641 0.515754 0.371094 0.0424805
0 0.499148 0.448242 0.44347 0.330078 0.0423889
0 0.42601 0.553385 0.63468 0.514323 0.033783
0 0.585107 0.336589 0.0996343 0.110026 0.0270691
0 0.469844 0.546224 0.509893 0.415365 0.0267029
0 0.457146 0.623535 0.58413 0.385742 0.0200195
0 0.413678 0.391276 0.123078 0.10026 0.0185089
0 0.218805 0.871745 0.437609 0.25651 0.0178528
0 0.482543 0.461263 0.711115 0.470703 0.016922
0 0.474728 0.367188 0.545058 0.561198 0.0164032
0 0.703176 0.886719 0.593648 0.223958 0.0154877
0 0.439563 0.379232 0.179732 0.140625 0.0145569
0 0.697684 0.686198 0.249574 0.135417 0.0142822
0 0.407328 0.682455 0.607574 0.429362 0.0139542
0 0.969844 0.707031 0.0603119 0.0572917 0.01297
0 0.536755 0.189128 0.0752141 0.046224 0.0129242
0 0.169964 0.897135 0.339929 0.205729 0.0124283
0 0.0727721 0.603516 0.138707 0.0924479 0.012291
0 0.855683 0.313151 0.0547011 0.0455729 0.0120544
0 0.288158 0.943359 0.0742373 0.0846354 0.0115967
0 0.0417585 0.577148 0.083517 0.0618489 0.011116
0 0.704278 0.26888 0.0800981 0.0683594 0.0107346
0 0.683765 0.272135 0.101588 0.0768229 0.0104904
0 0.407817 0.413737 0.122101 0.0820313 0.0104904
0 0.055678 0.599609 0.103542 0.0898438 0.0103683
0 0.537244 0.27596 0.0937734 0.0561523 0.0102463
0 0.540663 0.116252 0.164104 0.120361 0.00948334
0 0.541151 0.140788 0.130892 0.107422 0.00926971
0 0.308183 0.834635 0.456169 0.325521 0.00908661
0 0.274971 0.679688 0.133823 0.184896 0.00888062
0 0.275459 0.552734 0.0976807 0.0833334 0.00806427
0 0.275459 0.609212 0.105495 0.0992839 0.00803375
0 0.367279 0.901693 0.291088 0.196615 0.00803375
0 0.704278 0.249837 0.0840054 0.0582683 0.00787354
0 0.762886 0.605469 0.0625156 0.0364583 0.0078125
0 0.260807 0.682292 0.164104 0.28776 0.0078125
0 0.703545 0.716146 0.31209 0.205729 0.0078125
0 0.511847 0.327474 0.691579 0.654948 0.00766754
0 0.494264 0.841471 0.982668 0.317057 0.00754929
0 0.272041 0.521484 0.0830286 0.0677083 0.00751877
0 0.5 0.648438 1 0.703125 0.682617
0 0.662275 0.837891 0.660321 0.324219 0.639648
0 0.503055 0.466146 0.418073 0.304688 0.17334
0 0.498171 0.410807 0.287181 0.16276 0.126343
0 0.260929 0.765625 0.495974 0.432292 0.11145
0 0.488403 0.638184 0.631017 0.629883 0.108765
0 0.500977 0.753906 0.998046 0.492188 0.0587769
0 0.668136 0.723796 0.6486 0.547201 0.0505066
0 0.516731 0.414063 0.404398 0.270182 0.0490417
0 0.502079 0.371745 0.277413 0.198568 0.0317383
0 0.524545 0.342122 0.23248 0.147786 0.0304413
0 0.698417 0.274658 0.0996343 0.0743815 0.0205994
0 0.963983 0.713542 0.0720336 0.0442709 0.0186157
0 0.626133 0.435221 0.670089 0.534505 0.0147324
0 0.479612 0.523112 0.484496 0.251953 0.0132217
0 0.313067 0.755371 0.626133 0.356445 0.0129242
0 0.855683 0.307292 0.0644692 0.0416667 0.0122375
0 0.45275 0.472656 0.579246 0.342448 0.011734
0 0.843961 0.848958 0.273506 0.177083 0.0114212
0 0.662275 0.292236 0.16215 0.105632 0.0102463
0 0.552873 0.322835 0.431749 0.313965 0.00978088
0 0.573386 0.317057 0.257877 0.169271 0.00948334
0 0.554338 0.547526 0.335045 0.167969 0.00912476
0 0.291088 0.940755 0.0634925 0.0429688 0.00901794
0 0.537244 0.328776 0.189501 0.151693 0.0085144
0 0.663252 0.351481 0.650553 0.501465 0.00834656
0 0.541151 0.496419 0.363372 0.285807 0.00812531
0 0.562152 0.353841 0.282297 0.272135 0.00698471
0 0.67595 0.262044 0.629063 0.458333 0.00682449
0 0.811726 0.798177 0.230526 0.138021 0.00577545
0 0.582665 0.438151 0.264715 0.31901 0.00542831
0 0.435656 0.719401 0.420027 0.33724 0.00536346
0 0.676927 0.875 0.576316 0.239583 0.00526047
0 0.589503 0.482422 0.258854 0.229167 0.00524139
0 0.692556 0.271484 0.146521 0.111979 0.00503922
0 0.699394 0.80599 0.53529 0.28776 0.00494385
0 0.963983 0.707682 0.0720336 0.0625 0.00481033
0 0.491822 0.604004 0.477658 0.291992 0.00479126
0 0.840054 0.813802 0.261784 0.158854 0.00453949
0 0.74628 0.280273 0.203176 0.108073 0.00450516
0 0.865451 0.291667 0.121124 0.0865885 0.00448608
0 0.900616 0.857422 0.173872 0.143229 0.00446701
0 0.254824 0.830729 0.504276 0.328125 0.00441742
0 0.619784 0.558594 0.202199 0.105469 0.00439835
0 0.643716 0.666667 0.199269 0.170573 0.00429916
0 0.903546 0.192708 0.136753 0.078125 0.00426483
0 0.611481 0.608073 0.220758 0.184896 0.00418091
0 0.549942 0.60612 0.357511 0.236979 0.00416565
0 0.505497 0.700684 0.364349 0.319987 0.0041008
0 0.782422 0.281331 0.164104 0.102702 0.00399017
0 0.495241 0.721354 0.990482 0.557292 0.844727
0 0.488403 0.384766 0.269599 0.205729 0.338867
0 0.490357 0.464193 0.457146 0.3125 0.254639
0 0.430772 0.498372 0.57827 0.35612 0.158203
0 0.53236 0.406901 0.353604 0.183594 0.0739746
0 0.481566 0.39974 0.257877 0.143229 0.0589905
0 0.519173 0.349609 0.252993 0.174479 0.0539856
0 0.634924 0.810547 0.71893 0.378906 0.0539856
0 0.969356 0.705078 0.0612887 0.0559896 0.0432739
0 0.286693 0.941406 0.055678 0.0403646 0.0404663
0 0.504521 0.34082 0.260807 0.224609 0.035675
0 0.413678 0.554036 0.674973 0.472656 0.0266571
0 0.525034 0.560221 0.772654 0.551432 0.0173035
0 0.238341 0.750651 0.476682 0.472656 0.0150757
0 0.570455 0.318359 0.214898 0.178385 0.0141754
0 0.505009 0.526693 0.420027 0.220052 0.014061
0 0.695486 0.265055 0.121124 0.0987956 0.0139542
0 0.684742 0.26945 0.154335 0.125163 0.0136871
0 0.585596 0.380534 0.659345 0.537109 0.0117798
0 0.541151 0.281331 0.421981 0.432129 0.011467
0 0.600736 0.979167 0.0664229 0.03125 0.0109482
0 0.919175 0.721354 0.154335 0.230469 0.00971222
0 0.519661 0.969401 0.085959 0.046875 0.00955963
0 0.852752 0.308594 0.060562 0.0442708 0.00898743
0 0.615388 0.223633 0.334068 0.36849 0.00844574
0 0.551896 0.122559 0.191454 0.16276 0.00812531
0 0.922106 0.681641 0.148475 0.153646 0.00751877
0 0.55678 0.244792 0.267645 0.355469 0.00734711
0 0.480101 0.318441 0.540174 0.447754 0.0064888
0 0.452262 0.770833 0.060562 0.0338542 0.0064621
0 0.714778 0.864583 0.5475 0.260417 0.00614548
0 0.350185 0.886719 0.0615388 0.0364583 0.00600433
0 0.915268 0.190104 0.126985 0.117188 0.00582123
0 0.244202 0.496745 0.102565 0.0598959 0.00536346
0 0.629308 0.296224 0.206595 0.151693 0.00530243
0 0.514777 0.967448 0.132846 0.0494791 0.00521851
0 0.527476 0.486979 0.37314 0.273438 0.00518036
0 0.201344 0.72526 0.38071 0.421875 0.00518036
0 0.262273 0.506185 0.112333 0.0774739 0.0050621
0 0.267645 0.520182 0.103541 0.0755209 0.0049057
0 0.417951 0.441488 0.654705 0.419108 0.00484848
0 0.542616 0.764323 0.0625157 0.03125 0.00473785
0 0.863497 0.53776 0.0918199 0.0442709 0.00455475
0 0.758002 0.276123 0.136753 0.0987956 0.00453949
0 0.400979 0.780599 0.801958 0.428385 0.00443268
0 0.688649 0.748372 0.619295 0.503255 0.00434875
0 0.473751 0.893229 0.0800982 0.046875 0.00429916
0 0.911361 0.140666 0.152382 0.253825 0.0042305
0 0.52308 0.563802 0.387792 0.21875 0.00419998
0 0.634924 0.284505 0.589991 0.532552 0.00407028
0 0.488892 0.72933 0.977784 0.541341 0.721191
0 0.5 0.613281 1 0.773438 0.628906
0 0.504032 0.376302 0.291088 0.261068 0.280518
0 0.545058 0.393229 0.361418 0.223958 0.143188
0 0.57961 0.798177 0.84078 0.395833 0.112427
0 0.54457 0.346436 0.309648 0.219889 0.103027
0 0.502079 0.551351 0.476682 0.635579 0.101074
0 0.965937 0.713542 0.0681264 0.0442709 0.0761108
0 0.486938 0.507161 0.501102 0.35026 0.0731812
0 0.548718 0.869141 0.902564 0.261719 0.0685425
0 0.540663 0.443929 0.421004 0.462402 0.0667114
0 0.379123 0.571615 0.724546 0.653646 0.0651245
0 0.539686 0.482422 0.387792 0.31901 0.0623169
0 0.576316 0.373698 0.343836 0.295573 0.0522461
0 0.55971 0.349609 0.478635 0.464844 0.0460205
0 0.463983 0.469401 0.55678 0.570312 0.0402527
0 0.609039 0.276693 0.620272 0.459635 0.0351562
0 0.593898 0.299398 0.326253 0.254069 0.0319824
0 0.459099 0.340576 0.617342 0.495931 0.02948
0 0.291088 0.942708 0.0634925 0.0585938 0.0287018
0 0.69744 0.271484 0.111356 0.0852865 0.0282745
0 0.430772 0.933594 0.3243 0.130208 0.026001
0 0.482543 0.949219 0.1895 0.09375 0.0248871
0 0.505009 0.413411 0.293042 0.174479 0.0246124
0 0.640785 0.297852 0.214898 0.140625 0.0242767
0 0.604155 0.97526 0.0732605 0.0390625 0.0231934
0 0.608551 0.413737 0.611481 0.561849 0.0227203
0 0.678148 0.275065 0.140172 0.101563 0.0214539
0 0.851776 0.306641 0.060562 0.0507813 0.0208893
0 0.485961 0.40332 0.251039 0.141276 0.0191193
0 0.630773 0.847656 0.598294 0.304688 0.0182343
0 0.565083 0.423177 0.317462 0.257813 0.0178528
0 0.60269 0.240397 0.267645 0.208008 0.0177155
0 0.568502 0.268229 0.369233 0.28125 0.0166626
0 0.664229 0.397705 0.359465 0.371257 0.0155411
0 0.2232 0.78776 0.418073 0.34375 0.0150757
0 0.192431 0.72526 0.377047 0.403646 0.0141144
0 0.372652 0.944662 0.204153 0.106771 0.0126266
0 0.516731 0.966797 0.0800981 0.0494792 0.0118713
0 0.933827 0.376953 0.117217 0.0846354 0.0115051
0 0.672043 0.920573 0.447378 0.15625 0.0112457
0 0.386693 0.438151 0.73871 0.692708 0.0112457
0 0.563129 0.18457 0.151405 0.0667318 0.0106506
0 0.282786 0.814453 0.551896 0.361979 0.0105667
0 0.282297 0.603516 0.0898662 0.0807292 0.0103302
0 0.85959 0.535156 0.0781446 0.046875 0.00978088
0 0.265203 0.746745 0.530406 0.483073 0.00971222
0 0.94347 0.705078 0.113059 0.0768229 0.00955963
0 0.575339 0.476888 0.293042 0.189453 0.0088501
0 0.282541 0.594889 0.565083 0.776367 0.00871277
0 0.495729 0.751139 0.97583 0.497721 0.910645
0 0.499637 0.405273 0.270575 0.17513 0.522461
0 0.506963 0.372396 0.271552 0.22526 0.135254
0 0.55678 0.332682 0.158243 0.106771 0.107422
0 0.5 0.652344 1 0.695313 0.0853882
0 0.699394 0.276693 0.0976807 0.0794271 0.083313
0 0.965937 0.71224 0.0681264 0.046875 0.0758667
0 0.549942 0.310221 0.146521 0.128255 0.0611877
0 0.565083 0.298828 0.157266 0.130859 0.0539856
0 0.548965 0.416341 0.361418 0.181641 0.0462036
0 0.551896 0.182943 0.138707 0.0540365 0.0411377
0 0.678881 0.287842 0.11917 0.1014 0.0301514
0 0.618319 0.259115 0.27546 0.196615 0.0245667
0 0.688649 0.271159 0.132846 0.116536 0.0245209
0 0.532848 0.380534 0.354581 0.291016 0.0226288
0 0.531871 0.320313 0.356534 0.35026 0.02211
0 0.554338 0.12679 0.196338 0.157878 0.0212402
0 0.56899 0.179362 0.174848 0.0807292 0.0200195
0 0.548965 0.455078 0.343836 0.257812 0.0198364
0 0.5138 0.967448 0.0781446 0.0442709 0.0196838
0 0.292065 0.945313 0.0586084 0.0416667 0.019455
0 0.572897 0.267904 0.20806 0.195964 0.0171051
0 0.413067 0.613281 0.740664 0.661458 0.016922
0 0.229061 0.774902 0.439563 0.416341 0.0162201
0 0.278878 0.614583 0.090843 0.0729167 0.0157776
0 0.851776 0.3125 0.0547011 0.046224 0.0148392
0 0.285716 0.530599 0.0986575 0.0729167 0.014389
0 0.58413 0.329997 0.205129 0.164225 0.0141754
0 0.289623 0.546875 0.0947502 0.0690104 0.0141754
0 0.500125 0.488281 0.449331 0.398438 0.0132751
0 0.593898 0.979167 0.0586084 0.0286459 0.0127258
0 0.765817 0.602865 0.0605621 0.0338542 0.0115051
0 0.914291 0.192871 0.0898662 0.0423177 0.0111618
0 0.628938 0.772135 0.742123 0.451823 0.00933838
0 0.279855 0.63151 0.105495 0.0742188 0.00912476
0 0.282297 0.708984 0.158243 0.260417 0.00912476
0 0.855683 0.14974 0.050794 0.0367839 0.00898743
0 0.577781 0.565755 0.266668 0.117188 0.00871277
0 0.772654 0.272461 0.109402 0.0891927 0.00857544
0 0.612458 0.558594 0.207083 0.0898438 0.00793457
0 0.565571 0.493164 0.316485 0.257161 0.00769424
0 0.34579 0.886719 0.0664228 0.0364583 0.00737381
0 0.0468867 0.858724 0.081075 0.0611979 0.00706482
0 0.601713 0.600911 0.195361 0.136719 0.0069046
0 0.857636 0.538411 0.085959 0.046875 0.00679779
0 0.599271 0.220215 0.288158 0.245768 0.00664139
0 0.85666 0.545573 0.0820518 0.0442709 0.00661469
0 0.311601 0.696615 0.11331 0.0651042 0.00658798
0 0.31502 0.526693 0.139683 0.0885417 0.00651169
0 0.495241 0.283854 0.285228 0.354818 0.0064888
0 0.487427 0.744141 0.974853 0.50651 0.750488
0 0.48645 0.395833 0.261784 0.201823 0.380371
0 0.484496 0.641276 0.968992 0.699219 0.332031
0 0.483519 0.822266 0.926013 0.355469 0.187744
0 0.542616 0.421224 0.364349 0.235677 0.122925
0 0.451285 0.494141 0.576316 0.384115 0.103027
0 0.519661 0.356771 0.209037 0.154948 0.0950317
0 0.55971 0.336263 0.150428 0.111328 0.0648804
0 0.476682 0.563802 0.525522 0.503906 0.0604248
0 0.546035 0.471029 0.35165 0.264974 0.0520325
0 0.550919 0.135905 0.203176 0.157878 0.0423889
0 0.552873 0.310547 0.144567 0.115885 0.0321045
0 0.558733 0.502279 0.316485 0.208984 0.0290833
0 0.503055 0.33724 0.207083 0.18099 0.0267029
0 0.506963 0.493164 0.433702 0.301432 0.0249939
0 0.638587 0.848958 0.539686 0.302083 0.0213623
0 0.551896 0.187826 0.126985 0.0494792 0.0180206
0 0.619295 0.361328 0.130892 0.103516 0.0167236
0 0.552384 0.116577 0.174848 0.124268 0.0151901
0 0.58413 0.191732 0.115263 0.0540365 0.014389
0 0.705254 0.269531 0.085959 0.0592448 0.0130692
0 0.57827 0.574544 0.222712 0.0891927 0.0130234
0 0.5812 0.507161 0.263738 0.167969 0.0111618
0 0.67302 0.273112 0.105495 0.0761719 0.0103683
0 0.523568 0.551432 0.148475 0.0820313 0.0100098
0 0.655437 0.313151 0.103542 0.0833334 0.00930023
0 0.607574 0.976563 0.105495 0.0442708 0.00894928
0 0.515266 0.967448 0.0771677 0.046875 0.00878143
0 0.858613 0.311198 0.060562 0.0442708 0.00871277
0 0.264715 0.783854 0.506963 0.375 0.00831604
0 0.525034 0.541667 0.301833 0.169271 0.00812531
0 0.294019 0.944662 0.0761909 0.0546875 0.00800323
0 0.5812 0.239258 0.130892 0.0885417 0.00763702
0 0.611481 0.335368 0.732605 0.574056 0.00751877
0 0.358976 0.897787 0.128938 0.0716146 0.00734711
0 0.617342 0.563802 0.160196 0.0716146 0.00723267
0 0.701347 0.253906 0.085959 0.0598958 0.00717545
0 0.561664 0.261637 0.154335 0.125163 0.00701141
0 0.488892 0.962891 0.114286 0.0625 0.00674438
0 0.451285 0.401042 0.242248 0.152344 0.00634003
0 0.566548 0.149414 0.205129 0.117839 0.00566483
0 0.652507 0.671875 0.121124 0.117188 0.00564194
0 0.411236 0.94401 0.205129 0.0989584 0.00564194
0 0.965937 0.713542 0.0681264 0.0455729 0.00559998
0 0.610993 0.621745 0.157266 0.119792 0.00557709
0 0.887917 0.276042 0.0644692 0.0364583 0.0055542
0 0.415143 0.920573 0.273506 0.148438 0.0055542
0 0.289623 0.721354 0.144567 0.0625 0.00530243
0 0.421981 0.458008 0.681811 0.505859 0.00521851
0 0.373629 0.959635 0.145544 0.0651041 0.0051384
0 0.500125 0.65446 0.984621 0.691081 0.596191
0 0.499148 0.377604 0.291088 0.233073 0.117554
0 0.476193 0.751628 0.952387 0.496745 0.0298157
0 0.408794 0.567708 0.626133 0.584635 0.0191956
0 0.294019 0.941406 0.0683765 0.0481771 0.014389
0 0.480101 0.371094 0.243225 0.173177 0.0106964
0 0.53529 0.395833 0.336022 0.216146 0.00800323
0 0.514289 0.967448 0.0830286 0.046875 0.00793457
0 0.490357 0.971354 0.0888894 0.0494791 0.00787354
0 0.469844 0.464111 0.509893 0.451986 0.00787354
0 0.462518 0.388672 0.209037 0.148438 0.0078125
0 0.5 0.592448 1 0.723958 0.00658798
0 0.511847 0.341227 0.230526 0.20166 0.00441742
0 0.459099 0.503255 0.826379 0.717448 0.00436401
0 0.969844 0.71224 0.0603119 0.0520833 0.00429916
0 0.537244 0.438151 0.34579 0.260417 0.00428009
0 0.69744 0.258138 0.105495 0.078125 0.00400543
0 0.857636 0.312175 0.0625157 0.0566406 0.00376511
0 0.354092 0.893229 0.0791214 0.0494791 0.00376511
0 0.568502 0.314779 0.156289 0.142578 0.00355148
0 0.575339 0.828776 0.629064 0.342448 0.00346947
0 0.596829 0.976563 0.0781445 0.0416667 0.00337601
0 0.923082 0.19694 0.107449 0.0683594 0.00300407
0 0.676927 0.263591 0.11917 0.0952149 0.00291252
0 0.413189 0.967448 0.14066 0.0625 0.00286674
0 0.347743 0.968099 0.0996343 0.0559896 0.00283432
0 0.937734 0.199544 0.0898662 0.0735677 0.00281143
0 0.941642 0.229492 0.0820518 0.0664062 0.00277901
0 0.92699 0.231445 0.0976806 0.0572917 0.00265312
0 0.972899 0.59375 0.0429795 0.078125 0.00263214
0 0.770701 0.598958 0.0722837 0.0481771 0.00255013
0 0.575339 0.378581 0.791213 0.757162 0.00255013
0 0.555803 0.0895182 0.126008 0.0771484 0.00236893
0 0.0498171 0.10616 0.0634924 0.052653 0.00223351
0 0.459588 0.778646 0.0537244 0.0364583 0.00220871
0 0.38535 0.925781 0.176802 0.127604 0.00219917
0 0.536755 0.343424 0.587061 0.641276 0.00213242
0 0.869358 0.652344 0.234434 0.192708 0.00210762
0 0.533825 0.486979 0.352627 0.244792 0.00202751
0 0.600736 0.360677 0.169964 0.217448 0.00201988
0 0.865451 0.548177 0.109402 0.0507813 0.00199509
0 0.963131 0.644369 0.0664228 0.226888 0.00193405
0 0.852752 0.292643 0.0761909 0.0826823 0.00192642
0 0.884987 0.560547 0.173872 0.0742188 0.00191879
0 0.426376 0.923177 0.233457 0.140625 0.00191879
0 0.647623 0.319987 0.11917 0.130208 0.00187492
0 0.867404 0.539062 0.0937734 0.0507813 0.00182438
0 0.547989 0.771484 0.0771677 0.0442708 0.0018177
0 0 0.776367 0 0.447266 0.0018034
0 0.329184 0.940104 0.132846 0.0963541 0.00178909
0 0.491334 0.721517 0.982668 0.549154 0.762695
0 0.493776 0.388997 0.284251 0.220052 0.129395
0 0.534313 0.41276 0.3243 0.184896 0.033905
0 0.579735 0.455404 0.243225 0.113932 0.0271759
0 0.374117 0.648438 0.748234 0.648438 0.0227661
0 0.539197 0.349609 0.193408 0.152344 0.0179901
0 0.46789 0.380534 0.22955 0.138021 0.016983
0 0.587549 0.50293 0.262761 0.181641 0.0146713
0 0.42833 0.454753 0.606597 0.335287 0.0136337
0 0.430772 0.38737 0.146521 0.117188 0.0133286
0 0.454215 0.496745 0.591945 0.502604 0.00641251
0 0.551896 0.514974 0.341882 0.210938 0.005867
0 0.511847 0.33667 0.236387 0.179525 0.00527954
0 0.501102 0.964844 0.109402 0.0546875 0.00502014
0 0.585107 0.412109 0.216851 0.200521 0.0049057
0 0.608062 0.553385 0.20806 0.109375 0.00486755
0 0.515754 0.966146 0.102565 0.0494792 0.00486755
0 0.611356 0.795573 0.777288 0.401042 0.00486755
0 0.564594 0.320313 0.158243 0.134766 0.00443268
0 0.869358 0.548177 0.14066 0.0598958 0.00438309
0 0.480101 0.358073 0.272529 0.182292 0.00436401
0 0.57827 0.54362 0.269599 0.183594 0.00403976
0 0.830161 0.635417 0.339679 0.246094 0.00376511
0 0.457023 0.402913 0.740664 0.448079 0.00369263
0 0.415998 0.564128 0.795365 0.554036 0.00359344
0 0.865451 0.538737 0.11331 0.0488281 0.00356483
0 0.545058 0.449219 0.402444 0.24349 0.00349617
0 0.848845 0.607422 0.289135 0.186198 0.00345612
0 0.857636 0.566406 0.222712 0.09375 0.00344276
0 0.798051 0.587891 0.11917 0.0742188 0.00325966
0 0.547989 0.114258 0.156289 0.130208 0.00317192
0 0.296949 0.949219 0.0820518 0.0625 0.00317192
0 0.550919 0.135091 0.193408 0.176432 0.00307465
0 0.900616 0.103678 0.164104 0.197591 0.00298119
0 0.907453 0.634277 0.179732 0.213216 0.00292397
0 0.5 0.578451 1 0.76237 0.00286674
0 0.970332 0.713542 0.0593351 0.0507813 0.00279045
0 0.90843 0.156413 0.148475 0.126953 0.00273705
0 0.563618 0.328125 0.857636 0.65625 0.00273705
0 0.606597 0.619141 0.216851 0.222656 0.00253105
0 0.941642 0.643229 0.111356 0.236979 0.00242424
0 0.642983 0.663412 0.183151 0.151042 0.00237846
0 0.923082 0.193848 0.105495 0.0660807 0.00234222
0 0.971798 0.701823 0.0564047 0.0729166 0.00224304
0 0.857636 0.309245 0.0703301 0.0501302 0.00223351
0 0.703301 0.270508 0.105495 0.0794271 0.00215721
0 0.884987 0.066569 0.171918 0.133138 0.00214005
0 0.429795 0.958333 0.220758 0.0729167 0.00212479
0 0.671799 0.271403 0.0981691 0.0782878 0.00200272
0 0.560687 0.374349 0.847868 0.464844 0.00200272
0 0.491822 0.71224 0.983644 0.571615 0.836914
0 0.490845 0.460612 0.491334 0.320964 0.189575
0 0.50159 0.389974 0.282297 0.181641 0.130249
0 0.512335 0.364258 0.252993 0.141927 0.0509033
0 0.564594 0.332682 0.148475 0.105469 0.0306244
0 0.533336 0.40625 0.359465 0.204427 0.0231018
0 0.696463 0.276042 0.11917 0.0904948 0.0192413
0 0.553849 0.121745 0.189501 0.157552 0.0187683
0 0.437609 0.598958 0.566548 0.632813 0.0173035
0 0.67302 0.293701 0.150428 0.117025 0.0146179
0 0.572897 0.309245 0.153359 0.119141 0.0120544
0 0.90843 0.169271 0.148475 0.107747 0.0104065
0 0.55678 0.177246 0.154335 0.0758464 0.00891876
0 0.622714 0.322184 0.149451 0.145996 0.00806427
0 0.517219 0.965495 0.0898662 0.046875 0.0077858
0 0.898662 0.0902507 0.168011 0.180501 0.00748825
0 0.918198 0.191406 0.125031 0.0859375 0.00734711
0 0.471798 0.517578 0.490357 0.316406 0.00695801
0 0.294996 0.94401 0.0703301 0.0494791 0.0069046
0 0.518684 0.498698 0.369233 0.257812 0.00653839
0 0.920152 0.156413 0.128938 0.0732422 0.00643921
0 0.857636 0.307943 0.0586084 0.0429688 0.00634003
0 0.970821 0.707682 0.0583583 0.0833334 0.00612259
0 0.505009 0.341797 0.21099 0.195313 0.00595856
0 0.898662 0.136108 0.160196 0.26945 0.00566483
0 0.565083 0.168945 0.16508 0.0989583 0.00559998
0 0.498171 0.967448 0.0918198 0.046875 0.0051384
0 0.595852 0.97526 0.0664229 0.0338541 0.00481033
0 0.951285 0.658203 0.0974306 0.263021 0.00468063
0 0.970332 0.715495 0.0593351 0.0559896 0.00450516
0 0.884987 0.682292 0.222712 0.348958 0.00418091
0 0.497195 0.437175 0.650553 0.348307 0.00403976
0 0.894755 0.193522 0.152382 0.120117 0.00397491
0 0.649576 0.83138 0.642739 0.33724 0.0039444
0 0.917221 0.209961 0.126985 0.093099 0.00385475
0 0.356534 0.902995 0.0879126 0.0703125 0.00370789
0 0.475705 0.604818 0.824425 0.670573 0.00348282
0 0.772654 0.599609 0.0586084 0.0390625 0.00345612
0 0.653484 0.277344 0.689626 0.554688 0.00332451
0 0.280344 0.723958 0.547012 0.421875 0.00329781
0 0.680834 0.309814 0.148475 0.155111 0.00324821
0 0.935781 0.212891 0.0937734 0.0885417 0.00304031
0 0.588038 0.38737 0.228573 0.22526 0.00304031
0 0.583154 0.137533 0.185593 0.121745 0.00291252
0 0.560687 0.264974 0.166057 0.138021 0.00286674
0 0.681811 0.270833 0.156289 0.115885 0.00286674
0 0.60269 0.266276 0.218805 0.155599 0.0028553
0 0.284739 0.522786 0.100611 0.0820313 0.00277901
0 0.519173 0.297201 0.579246 0.550781 0.00271416
0 0.533336 0.132121 0.166057 0.132894 0.00265312
0 0.5 0.673177 1 0.653646 0.815918
0 0.496218 0.38737 0.287181 0.211589 0.26123
0 0.499148 0.774577 0.998296 0.450846 0.118774
0 0.537244 0.407227 0.367279 0.210286 0.0891113
0 0.479124 0.379557 0.243225 0.144531 0.0747681
0 0.559222 0.329102 0.168988 0.129557 0.0381775
0 0.502567 0.466797 0.475705 0.322917 0.0354004
0 0.702324 0.272705 0.105495 0.0834961 0.022583
0 0.558245 0.125163 0.180709 0.14681 0.0207977
0 0.56606 0.310547 0.163127 0.13151 0.0158997
0 0.678881 0.290039 0.130892 0.10026 0.0148392
0 0.853729 0.309245 0.0644692 0.0455729 0.014389
0 0.5138 0.338542 0.250062 0.199219 0.0126266
0 0.607574 0.333984 0.181686 0.166667 0.0113297
0 0.474728 0.582357 0.515754 0.585286 0.0108566
0 0.477658 0.514648 0.498171 0.280599 0.0108185
0 0.642983 0.840169 0.648111 0.319661 0.00901794
0 0.557757 0.179688 0.146521 0.0683594 0.00871277
0 0.913314 0.150553 0.115263 0.0546875 0.00837708
0 0.57827 0.18278 0.128938 0.0686849 0.00834656
0 0.922106 0.190755 0.101588 0.0572917 0.00828552
0 0.966914 0.71224 0.0661727 0.0546875 0.00812531
0 0.937734 0.190755 0.0840053 0.0605469 0.00674438
0 0.931874 0.14974 0.0976807 0.0524089 0.00643921
0 0.942493 0.791667 0.115013 0.25 0.00638962
0 0.903546 0.108439 0.136753 0.115804 0.00619125
0 0.927966 0.22347 0.0937734 0.0634766 0.00557709
0 0.587549 0.397461 0.243225 0.217448 0.0055542
0 0.967891 0.701823 0.0642191 0.078125 0.0055542
0 0.680834 0.265625 0.152382 0.10612 0.00547028
0 0.845915 0.286458 0.0781445 0.0677083 0.00521851
0 0.942619 0.224609 0.0800982 0.0657552 0.00473785
0 0.916245 0.0939128 0.148475 0.122396 0.00466537
0 0.589991 0.253581 0.197315 0.16862 0.00457382
0 0.58413 0.138713 0.177779 0.122965 0.00434875
0 0.55971 0.274089 0.175825 0.164063 0.00429916
0 0.526499 0.495768 0.39463 0.235026 0.00429916
0 0.872288 0.152181 0.0898662 0.0553386 0.0042305
0 0.680102 0.314453 0.155801 0.152344 0.00397491
0 0.60562 0.217285 0.218805 0.176107 0.00380898
0 0.648844 0.666016 0.136265 0.113281 0.00367928
0 0.67595 0.682292 0.175825 0.127604 0.00363541
0 0.562152 0.326823 0.600736 0.526042 0.00362206
0 0.90843 0.273438 0.085959 0.0442708 0.00348282
0 0.867404 0.189616 0.0976807 0.0719401 0.00335121
0 0.47717 0.589844 0.514777 0.313802 0.00329781
0 0.224788 0.744141 0.42369 0.369792 0.00309944
0 0.88401 0.802083 0.230526 0.395833 0.00307465
0 0.900616 0.317708 0.109402 0.0677083 0.00304031
0 0.912337 0.794271 0.168011 0.335938 0.00300407
0 0.50293 0.705729 0.994139 0.570312 0.725586
0 0.497683 0.389323 0.272529 0.199219 0.213379
0 0.476682 0.378906 0.230526 0.144531 0.0806274
0 0.551407 0.439128 0.272529 0.126953 0.0549927
0 0.539686 0.334961 0.211967 0.14388 0.033905
0 0.688649 0.6875 0.193408 0.138021 0.024704
0 0.647623 0.674479 0.142614 0.132812 0.0244751
0 0.48938 0.357422 0.252016 0.165365 0.0185394
0 0.599759 0.589193 0.142614 0.0898438 0.0163422
0 0.604155 0.575521 0.168988 0.0872396 0.0153656
0 0.610993 0.608724 0.161173 0.139323 0.0150757
0 0.702324 0.272868 0.101588 0.0818685 0.0146179
0 0.547989 0.318685 0.147498 0.146484 0.0142822
0 0.511847 0.964844 0.0761909 0.0442708 0.0140076
0 0.577781 0.496419 0.284251 0.185547 0.0138474
0 0.560687 0.119141 0.173872 0.138997 0.0129242
0 0.545547 0.417969 0.338952 0.205729 0.0123367
0 0.855683 0.310547 0.0625157 0.0436198 0.0112457
0 0.683765 0.272786 0.117217 0.0859375 0.0104065
0 0.512824 0.337891 0.255923 0.197917 0.00963593
0 0.644448 0.649577 0.258365 0.200846 0.00963593
0 0.417219 0.573893 0.648355 0.583984 0.00948334
0 0.565571 0.146322 0.164104 0.135742 0.00941467
0 0.554826 0.152507 0.152382 0.105794 0.00837708
0 0.594875 0.457357 0.236387 0.125651 0.00831604
0 0.52601 0.566732 0.11624 0.0709636 0.0078125
0 0.585596 0.358643 0.215874 0.220215 0.00763702
0 0.550919 0.185221 0.109402 0.0559896 0.00751877
0 0.574362 0.397786 0.261784 0.213542 0.00740433
0 0.672287 0.293945 0.140172 0.115234 0.00734711
0 0.966914 0.713542 0.0661727 0.0520834 0.0069046
0 0.910384 0.150065 0.117217 0.055013 0.00679779
0 0.76484 0.722005 0.347743 0.259115 0.00568771
0 0.348232 0.889323 0.0713069 0.0390625 0.00544739
0 0.484496 0.460938 0.511847 0.382813 0.00540543
0 0.578758 0.1875 0.112333 0.061849 0.00538635
0 0.928943 0.152507 0.105495 0.0647787 0.00526047
0 0.920152 0.189779 0.109402 0.0605469 0.00521851
0 0.491334 0.964844 0.0820518 0.0494792 0.0051384
0 0.580712 0.589844 0.190477 0.106771 0.00500107
0 0.902569 0.107422 0.125031 0.077474 0.00488663
0 0.727721 0.72526 0.300857 0.222656 0.00488663
0 0.936758 0.192383 0.0879126 0.0703125 0.0046463
0 0.869358 0.148763 0.0820518 0.0488281 0.00438309
0 0.684009 0.669922 0.335533 0.1875 0.00432968
0 0.523568 0.514323 0.404398 0.21875 0.00426483
0 0.502079 0.568359 0.117217 0.0859375 0.00413513
0 0.493776 0.587891 0.133823 0.0729167 0.00413513
0 0.765817 0.597005 0.0625156 0.0442708 0.0041008
0 0.968867 0.702474 0.0622656 0.0703125 0.00387001
0 0.492311 0.707682 0.984621 0.579427 0.796387
0 0.489869 0.393555 0.270575 0.195964 0.230225
0 0.503544 0.369141 0.272529 0.161458 0.108582
0 0.472774 0.380208 0.231503 0.143229 0.085083
0 0.551896 0.446615 0.261784 0.114583 0.053009
0 0.561664 0.326823 0.158243 0.117188 0.0284424
0 0.701347 0.274414 0.109402 0.0846354 0.0205688
0 0.542128 0.428385 0.379001 0.223958 0.0204163
0 0.638832 0.835287 0.640785 0.329427 0.0194244
0 0.5138 0.968099 0.0713069 0.0403646 0.0177765
0 0.702324 0.283285 0.0918199 0.0766602 0.0146179
0 0.57827 0.49349 0.277413 0.173177 0.0126266
0 0.65153 0.665365 0.121124 0.104167 0.00959778
0 0.678881 0.688151 0.175825 0.13151 0.00955963
0 0.56899 0.30306 0.153359 0.111979 0.00923157
0 0.480589 0.973958 0.0625156 0.0390625 0.00919342
0 0.548965 0.311523 0.150428 0.128255 0.00912476
0 0.682788 0.291667 0.123078 0.093099 0.00871277
0 0.85959 0.311849 0.0664229 0.046875 0.00867462
0 0.598783 0.460286 0.23248 0.117839 0.00800323
0 0.5138 0.510417 0.398537 0.205729 0.00787354
0 0.69451 0.69401 0.228573 0.148438 0.00775528
0 0.612458 0.598307 0.150428 0.0963541 0.00728989
0 0.481077 0.491536 0.499148 0.290365 0.00712204
0 0.350674 0.889974 0.0664229 0.0351562 0.00695801
0 0.558733 0.186523 0.117217 0.0592448 0.00634003
0 0.610504 0.34668 0.16215 0.121745 0.00624084
0 0.568502 0.164063 0.156289 0.100911 0.00600433
0 0.916245 0.194336 0.117217 0.0716146 0.00600433
0 0.614411 0.565104 0.177779 0.0833334 0.00595856
0 0.679857 0.265299 0.136753 0.094401 0.005867
0 0.871312 0.545573 0.11331 0.0494791 0.00577545
0 0.442493 0.590983 0.576316 0.581055 0.00559998
0 0.482543 0.44987 0.418073 0.272135 0.00553513
0 0.912337 0.163574 0.125031 0.0810547 0.00538635
0 0.509893 0.335286 0.242248 0.190104 0.00534439
0 0.598783 0.980469 0.0644692 0.0325521 0.0053215
0 0.60562 0.516276 0.230526 0.14974 0.00519943
0 0.557757 0.122437 0.175825 0.145752 0.00510025
0 0.582177 0.187826 0.111356 0.0638021 0.00488663
0 0.580223 0.408529 0.25397 0.188802 0.00469971
0 0.575828 0.56901 0.247132 0.111979 0.00448608
0 0.707208 0.795573 0.498171 0.408854 0.00400543
0 0.516731 0.591797 0.386815 0.233073 0.00388527
0 0.968015 0.712891 0.0605621 0.0481771 0.00379562
0 0.883033 0.548177 0.148475 0.0533854 0.00376511
0 0.446401 0.779948 0.0693533 0.0442709 0.0037365
0 0.757758 0.735677 0.348232 0.273438 0.00358009
0 0.585596 0.2264 0.124054 0.0745443 0.00341606
0 0.921129 0.222819 0.105495 0.069336 0.00337601
0 0.5 0.688639 1 0.601888 0.768555
0 0.495729 0.389974 0.274483 0.207031 0.275879
0 0.477658 0.395182 0.244202 0.164063 0.117554
0 0.532848 0.435547 0.284251 0.130859 0.0470886
0 0.531871 0.416016 0.333091 0.188802 0.0274811
0 0.554338 0.333008 0.172895 0.129557 0.026413
0 0.695486 0.273356 0.109402 0.0847982 0.0222015
0 0.483519 0.357422 0.240294 0.161458 0.0146713
0 0.346766 0.889323 0.0566548 0.03125 0.0121002
0 0.966914 0.713542 0.0661727 0.046875 0.0120544
0 0.684741 0.289062 0.130892 0.0983073 0.0119171
0 0.558245 0.486328 0.317462 0.184896 0.0109024
0 0.483519 0.97526 0.0566548 0.0338541 0.00933838
0 0.570455 0.310221 0.164104 0.130859 0.00901794
0 0.478635 0.4375 0.367279 0.24349 0.00898743
0 0.509893 0.96875 0.0703301 0.0377604 0.008255
0 0.531871 0.328125 0.206106 0.165365 0.00821686
0 0.500125 0.482422 0.457146 0.266927 0.00796509
0 0.509405 0.338623 0.260807 0.204264 0.00787354
0 0.655437 0.661458 0.111356 0.0963542 0.0068779
0 0.611969 0.340495 0.178756 0.169271 0.00674438
0 0.854706 0.308268 0.0664228 0.0481771 0.00570679
0 0.968867 0.704427 0.0622656 0.0664062 0.00548935
0 0.669845 0.682292 0.145056 0.11849 0.00540543
0 0.680834 0.266927 0.142614 0.0989583 0.0053215
0 0.603667 0.457031 0.226619 0.11849 0.00432968
0 0.568013 0.162435 0.159219 0.106771 0.00415039
0 0.494264 0.575521 0.484496 0.529948 0.00407028
0 0.29353 0.942057 0.0625156 0.0377604 0.00397491
0 0.48938 0.573568 0.474728 0.279948 0.00385475
0 0.685718 0.691406 0.195361 0.138021 0.00382423
0 0.589991 0.403971 0.242248 0.194661 0.00379562
0 0.562641 0.119303 0.16215 0.129883 0.00376511
0 0.910384 0.170573 0.136753 0.102214 0.00372124
0 0.537732 0.438477 0.387792 0.309245 0.00362206
0 0.918198 0.195964 0.121124 0.0761719 0.00351143
0 0.559222 0.183919 0.130892 0.0638021 0.00341606
0 0.613923 0.615234 0.163127 0.132812 0.00338936
0 0.569478 0.554036 0.269599 0.128906 0.00337601
0 0.648355 0.83138 0.629552 0.33724 0.00319672
0 0.581688 0.185221 0.118194 0.0644531 0.00293541
0 0.607574 0.561523 0.195361 0.0878906 0.00283432
0 0.706231 0.708984 0.236387 0.175781 0.00283432
0 0.463495 0.894531 0.0703301 0.046875 0.00279045
0 0.500488 0.782227 0.999023 0.435547 0.00277901
0 0.594387 0.249349 0.182663 0.155599 0.00255013
0 0.947503 0.789714 0.101588 0.217448 0.00255013
0 0.33944 0.712077 0.587061 0.406576 0.00253105
0 0.925036 0.221191 0.103542 0.0673828 0.00245285
0 0.871312 0.546549 0.11331 0.047526 0.00244331
0 0.499637 0.671875 0.999273 0.643229 0.797363
0 0.497195 0.390625 0.277413 0.210938 0.210815
0 0.470821 0.391927 0.22955 0.15625 0.0628052
0 0.541151 0.42513 0.300856 0.153646 0.0462036
0 0.501102 0.359375 0.265691 0.179688 0.0313721
0 0.537244 0.412109 0.347743 0.197917 0.0225372
0 0.559222 0.330078 0.161173 0.125 0.0211182
0 0.675706 0.686849 0.172406 0.135417 0.0124283
0 0.687672 0.272054 0.121124 0.0913086 0.0122375
0 0.646646 0.669922 0.14066 0.13151 0.0111618
0 0.698417 0.69401 0.226619 0.154948 0.0104904
0 0.695486 0.279378 0.0976807 0.0844727 0.00941467
0 0.649576 0.831055 0.619295 0.337891 0.00941467
0 0.682788 0.287435 0.125031 0.10026 0.00891876
0 0.56899 0.479167 0.29988 0.183594 0.00844574
0 0.569478 0.310547 0.164104 0.129557 0.00787354
0 0.601225 0.348958 0.204153 0.195964 0.00728989
0 0.347743 0.886719 0.0586084 0.0338542 0.00629044
0 0.967039 0.713542 0.0625157 0.0481771 0.00614548
0 0.579246 0.398763 0.263738 0.210286 0.00600433
0 0.541151 0.321289 0.18364 0.145833 0.00577545
0 0.480589 0.422526 0.367279 0.221354 0.00570679
0 0.499148 0.557292 0.484496 0.557292 0.00527954
0 0.599759 0.453125 0.23248 0.125651 0.00511932
0 0.614411 0.625651 0.171918 0.171875 0.00510025
0 0.510382 0.968099 0.0771678 0.0429688 0.00481033
0 0.558245 0.126912 0.174848 0.158285 0.00475693
0 0.853729 0.310221 0.0605621 0.0442708 0.00450516
0 0.539197 0.429036 0.402444 0.311198 0.0042305
0 0.535779 0.495443 0.362395 0.223958 0.00418091
0 0.496218 0.470052 0.476682 0.304688 0.00385475
0 0.482543 0.974609 0.0586084 0.0390625 0.00383949
0 0.622226 0.645182 0.250062 0.208333 0.00379562
0 0.343958 0.713542 0.601469 0.429688 0.00342941
0 0.552384 0.0961914 0.153359 0.0960287 0.003088
0 0.9055 0.164876 0.142614 0.0966797 0.00305176
0 0.734559 0.724609 0.285228 0.236979 0.00302696
0 0.616365 0.563802 0.18364 0.0885417 0.00282288
0 0.971798 0.700521 0.0564047 0.0703125 0.00265312
0 0.589503 0.568359 0.22955 0.106771 0.00260162
0 0.871312 0.547526 0.11917 0.0507813 0.00251198
0 0.88108 0.551107 0.156289 0.0546875 0.00239754
0 0.703301 0.705729 0.259831 0.199219 0.00235939
0 0.598783 0.492839 0.248109 0.169271 0.00232315
0 0.596829 0.250326 0.195361 0.170573 0.00231361
0 0.769724 0.598958 0.0625157 0.046875 0.00231361
0 0.540052 0.783203 0.916489 0.428385 0.00231361
0 0.564594 0.18099 0.142614 0.0722656 0.00229645
0 0.574851 0.558594 0.266668 0.140625 0.00226021
0 0.913314 0.190267 0.123078 0.0745443 0.00219917
0 0.5 0.682292 1 0.63151 0.788574
0 0.493287 0.385417 0.27546 0.21224 0.24585
0 0.465937 0.375 0.218805 0.147135 0.0966797
0 0.557757 0.33138 0.166057 0.127604 0.0435181
0 0.476682 0.40625 0.242248 0.164063 0.0433655
0 0.541151 0.435547 0.265691 0.128906 0.0269623
0 0.69744 0.273356 0.11331 0.0861003 0.0189056
0 0.535779 0.411458 0.352627 0.201823 0.0184326
0 0.684009 0.290365 0.12845 0.102214 0.0152512
0 0.570455 0.311523 0.171918 0.130859 0.0131683
0 0.527476 0.325521 0.209037 0.154948 0.0126266
0 0.504521 0.339518 0.262761 0.192708 0.0116882
0 0.346766 0.889323 0.0527476 0.03125 0.0112915
0 0.60562 0.347005 0.21099 0.19401 0.00985718
0 0.967039 0.713542 0.0625157 0.0494791 0.00898743
0 0.484008 0.974609 0.0566548 0.0351562 0.00793457
0 0.511847 0.968099 0.0742373 0.0403646 0.00740433
0 0.476682 0.427734 0.382908 0.240885 0.00653839
0 0.650797 0.666667 0.124543 0.117188 0.00614548
0 0.855683 0.309896 0.0625157 0.0442708 0.00572968
0 0.557757 0.125977 0.175825 0.155599 0.0055542
0 0.678881 0.266602 0.146521 0.102214 0.00553513
0 0.673997 0.686198 0.160196 0.132812 0.0053215
0 0.570944 0.487956 0.295972 0.184245 0.00519943
0 0.48645 0.472331 0.492311 0.311849 0.00503922
0 0.586084 0.392578 0.259831 0.217448 0.00477219
0 0.969844 0.700521 0.0603119 0.0729167 0.00439835
0 0.523568 0.498047 0.386815 0.222656 0.00413513
0 0.55971 0.183757 0.136753 0.0660807 0.00380898
0 0.552873 0.10022 0.160196 0.104248 0.0037365
0 0.652263 0.828776 0.613923 0.342448 0.00362206
0 0.614411 0.619141 0.16215 0.151042 0.00356483
0 0.698417 0.69401 0.222712 0.153646 0.00355148
0 0.503055 0.523438 0.470821 0.52474 0.00353813
0 0.347255 0.712077 0.610504 0.422201 0.00340271
0 0.600736 0.254232 0.207083 0.175781 0.00321007
0 0.541151 0.403646 0.420027 0.342448 0.00304031
0 0.868381 0.547526 0.105495 0.0488281 0.00300407
0 0.90843 0.159017 0.136753 0.0934245 0.00287819
0 0.293042 0.942057 0.0625156 0.0390625 0.0028553
0 0.603667 0.452474 0.228573 0.125 0.00268364
0 0.469356 0.587402 0.546035 0.629883 0.00263214
0 0.88108 0.551432 0.148475 0.0546875 0.00259018
0 0.618319 0.563802 0.179732 0.0859375 0.00252151
0 0.576316 0.562826 0.261784 0.132161 0.0024929
0 0.769724 0.598958 0.0625157 0.0429688 0.00245285
0 0.55971 0.274089 0.181686 0.190104 0.00239754
0 0.587061 0.570312 0.228573 0.102865 0.00239754
0 0.662031 0.3243 0.191943 0.180827 0.00226974
0 0.864474 0.540039 0.0976807 0.046875 0.00223351
0 0.5 0.682943 1 0.630208 0.788574
0 0.493287 0.385742 0.27546 0.21224 0.246582
0 0.465937 0.375 0.218805 0.147135 0.0970459
0 0.476682 0.40625 0.242248 0.164714 0.0437012
0 0.557757 0.33138 0.166057 0.127604 0.0433655
0 0.540174 0.435547 0.265691 0.128906 0.0270081
0 0.69744 0.273356 0.11331 0.0861003 0.0189362
0 0.53529 0.411458 0.35165 0.201823 0.0184326
0 0.684009 0.290365 0.12845 0.102214 0.0152512
0 0.570455 0.311768 0.171918 0.130371 0.0131683
0 0.527964 0.325521 0.20806 0.154948 0.0126266
0 0.504521 0.339518 0.262761 0.192708 0.0116882
0 0.346766 0.889323 0.0527476 0.03125 0.0113754
0 0.605132 0.347005 0.210013 0.19401 0.00981903
0 0.967039 0.713542 0.0625157 0.0494791 0.00901794
0 0.484008 0.974609 0.0566548 0.0351562 0.00800323
0 0.511847 0.968099 0.0742373 0.0403646 0.00746155
0 0.476682 0.427734 0.382908 0.240885 0.00653839
0 0.650797 0.666667 0.124543 0.117188 0.00614548
0 0.855683 0.309896 0.0625157 0.0442708 0.00577545
0 0.557757 0.125977 0.175825 0.155599 0.0055542
0 0.678881 0.266602 0.146521 0.102214 0.00553513
0 0.673997 0.686198 0.160196 0.132812 0.00534439
0 0.570455 0.48763 0.294996 0.183594 0.00519943
0 0.486938 0.472331 0.491334 0.311849 0.00498199
0 0.586084 0.392578 0.259831 0.217448 0.00475693
0 0.969844 0.700521 0.0603119 0.0729167 0.00443268
0 0.524057 0.498047 0.385839 0.222656 0.0041008
0 0.559222 0.183919 0.135776 0.0657552 0.00382423
0 0.552873 0.10026 0.160196 0.104167 0.0037365
0 0.652263 0.828776 0.613923 0.342448 0.00362206
0 0.614411 0.619141 0.16215 0.151042 0.00356483
0 0.698417 0.69401 0.222712 0.153646 0.00356483
0 0.503055 0.523438 0.470821 0.526042 0.00349617
0 0.347255 0.712077 0.610504 0.422201 0.00340271
0 0.600248 0.254232 0.206106 0.175781 0.00321007
0 0.541151 0.402995 0.420027 0.342448 0.00301552
0 0.868381 0.547526 0.105495 0.0488281 0.00299263
0 0.293042 0.941406 0.0625156 0.0390625 0.00288963
0 0.90843 0.159017 0.136753 0.0934245 0.00287819
0 0.603667 0.452474 0.228573 0.125 0.0026722
0 0.469356 0.58724 0.546035 0.628906 0.00261116
0 0.88108 0.551432 0.148475 0.0546875 0.00258064
0 0.618319 0.563802 0.179732 0.0859375 0.00253105
0 0.576316 0.563151 0.261784 0.13151 0.00247192
0 0.768747 0.598958 0.0625156 0.0429688 0.00245285
0 0.55971 0.274089 0.181686 0.190104 0.00239754
0 0.587549 0.569987 0.227596 0.102214 0.00239754
0 0.662031 0.3243 0.191943 0.180827 0.00226974
0 0.864474 0.540039 0.0976807 0.046875 0.00222588
