0 0.448868 0.342539 0.312172 0.334302 0.646973
0 0.437234 0.395833 0.343195 0.396318 0.0271759
0 0.441435 0.505814 0.355475 0.573643 0.0261078
0 0.620627 0.484496 0.700285 0.967054 0.0146179
0 0.756192 0.439438 0.100826 0.125 0.0109024
0 0.605996 0.497093 0.788008 0.994186 0.0101318
0 0.348365 0.385659 0.111167 0.248062 0.00978088
0 0.5 0.5 1 1 0.00971222
0 0.5 0.497093 1 0.994186 0.00926971
0 0.5 0.5 1 1 0.00919342
0 0.702944 0.479651 0.594112 0.959302 0.0078125
0 0.614398 0.5 0.771204 1 0.00763702
0 0.346426 0.437985 0.121508 0.23062 0.00709534
0 0.5 0.5 1 1 0.0068512
0 0.636623 0.56686 0.650196 0.707364 0.00651169
0 0.5 0.5 1 1 0.00641251
0 0.5 0.5 1 1 0.00621796
0 0.5 0.5 1 1 0.00621796
0 0.5 0.499031 1 0.998062 0.00609589
0 0.5 0.5 1 1 0.00605011
0 0.754899 0.320736 0.149946 0.391473 0.00553513
0 0.505494 0.5 0.989013 1 0.00551224
0 0.836732 0.251938 0.326537 0.503876 0.00530243
0 0.5 0.5 1 1 0.00488663
0 0.402656 0.360465 0.223626 0.30814 0.00362206
0 0.81436 0.270833 0.274039 0.495155 0.00335121
0 0.483769 0.333333 0.238491 0.304264 0.00307465
0 0.839567 0.500969 0.305062 0.96124 0.00281143
0 0.729693 0.389535 0.164165 0.253876 0.00271416
0 0.097594 0.481105 0.195188 0.91376 0.00247192
0 0.046858 0.52798 0.0937161 0.874273 0.00237846
0 0.423015 0.418605 0.570699 0.829457 0.00201988
0 0.53192 0.371124 0.112459 0.300388 0.00188923
0 0.0681057 0.537306 0.136211 0.925388 0.00185299
0 0.77752 0.30814 0.187432 0.429264 0.0018034
0 0.840213 0.721899 0.294721 0.418605 0.00170708
0 0.354182 0.392442 0.188725 0.228682 0.00136185
0 0.845134 0.477834 0.309733 0.887355 0.00126934
0 0.650592 0.324128 0.698816 0.581395 0.0012064
0 0.367755 0.402616 0.268868 0.371124 0.00118828
0 0.420026 0.303295 0.473266 0.606589 0.00115108
0 0.741973 0.457364 0.134434 0.141473 0.00112438
0 0.296014 0.866279 0.592027 0.267442 0.00104809
0 0.505171 0.127907 0.989659 0.255814 0.00104427
0 0.743912 0.341085 0.190017 0.306202 0.00104046
0 0.301184 0.328488 0.602368 0.656977 0.00102425
0 0.438204 0.313954 0.0659244 0.0823643 0.0337219
0 0.434326 0.486434 0.320574 0.465116 0.0265045
0 0.440142 0.425388 0.293428 0.358527 0.0244751
0 0.447898 0.560078 0.359353 0.616279 0.0236053
0 0.336732 0.395349 0.0846676 0.224806 0.0221558
0 0.280179 0.618217 0.0704486 0.0755814 0.0193024
0 0.446606 0.612403 0.392961 0.775194 0.0184021
0 0.326391 0.44186 0.069156 0.104651 0.0118713
0 0.439496 0.356589 0.0749729 0.184109 0.00619125
0 0.326067 0.411822 0.0794971 0.153101 0.00605011
0 0.0221364 0.860465 0.0442728 0.104651 0.0055542
0 0.3949 0.5 0.7898 1 0.00519943
0 0.362907 0.377423 0.150592 0.241279 0.0050621
0 0.5 0.0906008 1 0.181202 0.0050621
0 0.400071 0.380814 0.231382 0.261628 0.00498199
0 0.5 0.186047 1 0.372093 0.0045929
0 0.713608 0.703488 0.572784 0.593023 0.00450516
0 0.656409 0.5 0.687182 1 0.00446701
0 0.5 0.5 1 1 0.00439835
0 0.753607 0.420543 0.0982403 0.0901163 0.00438309
0 0.700843 0.5 0.598314 1 0.00426483
0 0.184685 0.977713 0.369371 0.0445736 0.00416565
0 0.467934 0.46124 0.935868 0.922481 0.00403976
0 0.84578 0.974806 0.30844 0.0503876 0.00388527
0 0.534828 0.613372 0.564236 0.773256 0.00387001
0 0.450807 0.375121 0.379389 0.652859 0.00382423
0 0.5 0.475775 1 0.95155 0.00366402
0 0.361292 0.225291 0.722583 0.450581 0.00363541
0 0.64219 0.422481 0.71562 0.844961 0.00348282
0 0.182585 0.759448 0.36517 0.481105 0.00325966
0 0.881974 0.765504 0.236052 0.468992 0.00325966
0 0.359676 0.994186 0.719352 0.0116279 0.00322342
0 0.624901 0.676357 0.750198 0.647287 0.00321007
0 0.302477 0.067345 0.604954 0.13469 0.00313568
0 0.905888 0.982558 0.188225 0.0348837 0.00311089
0 0.459532 0.364341 0.228797 0.215116 0.00304031
0 0.524487 0.372093 0.0872529 0.170543 0.00304031
0 0.497988 0.976744 0.732278 0.0465116 0.00302696
0 0.784541 0.977713 0.430917 0.0445736 0.00302696
0 0.432387 0.5 0.864773 1 0.00300407
0 0.720233 0.984012 0.559534 0.0319767 0.00300407
0 0.640089 0.984012 0.719821 0.0319767 0.00298119
0 0.234937 0.284399 0.0465349 0.0775194 0.0029583
0 0.600826 0.5 0.798349 1 0.00284576
0 0.362261 0.610707 0.480214 0.778585 0.0027256
0 0.362261 0.757752 0.724522 0.484496 0.00243378
0 0.537413 0.35562 0.083375 0.182171 0.00240517
0 0.797953 0.742248 0.404095 0.515504 0.00237846
0 0.496049 0.697674 0.745205 0.604651 0.00232315
0 0.651885 0.70155 0.696231 0.596899 0.00229645
0 0.418491 0.46124 0.393608 0.437985 0.610352
0 0.743912 0.561047 0.504128 0.841085 0.331055
0 0.440789 0.375969 0.274039 0.213178 0.308105
0 0.770249 0.666667 0.44499 0.606589 0.307373
0 0.442728 0.335271 0.0646318 0.114341 0.269043
0 0.796264 0.797481 0.392961 0.381783 0.217285
0 0.45113 0.359012 0.213931 0.197674 0.15979
0 0.438204 0.4375 0.30894 0.38469 0.124634
0 0.494433 0.608043 0.558419 0.702519 0.123779
0 0.359353 0.383236 0.153824 0.210271 0.122131
0 0.722583 0.759448 0.52481 0.453973 0.100342
0 0.760716 0.329457 0.193895 0.319767 0.076416
0 0.811775 0.544574 0.328329 0.813954 0.0638428
0 0.523517 0.362403 0.126678 0.168605 0.0634766
0 0.397485 0.375969 0.224919 0.215116 0.0528259
0 0.778167 0.30281 0.253357 0.396318 0.0507202
0 0.749082 0.359496 0.14736 0.236434 0.0474243
0 0.31403 0.457364 0.191472 0.358527 0.0408325
0 0.618438 0.589632 0.763125 0.768411 0.0360107
0 0.807897 0.369307 0.356767 0.579215 0.0305634
0 0.464703 0.649225 0.392961 0.666667 0.029541
0 0.475367 0.403585 0.234613 0.283915 0.0263519
0 0.925527 0.0181686 0.067217 0.0363372 0.0257568
0 0.664488 0.581395 0.671024 0.837209 0.0248413
0 0.539029 0.717054 0.391669 0.542636 0.0243835
0 0.563589 0.579215 0.825994 0.84157 0.0236053
0 0.719748 0.596657 0.560504 0.806686 0.0208435
0 0.535474 0.293605 0.658598 0.562016 0.0206451
0 0.822763 0.292636 0.325744 0.471899 0.0201416
0 0.677503 0.688954 0.612386 0.618217 0.0192719
0 0.809586 0.761386 0.380828 0.477229 0.0154266
0 0.758777 0.430233 0.116337 0.158915 0.0149536
0 0.448545 0.586967 0.754899 0.826066 0.0136871
0 0.450484 0.778101 0.35289 0.434109 0.0132217
0 0.594362 0.503876 0.811275 0.562016 0.0128708
0 0.74068 0.402132 0.14736 0.195736 0.0115967
0 0.520932 0.435078 0.164165 0.337209 0.0113297
0 0.484738 0.366279 0.177091 0.174419 0.0108185
0 0.820574 0.585756 0.358853 0.809108 0.00974274
0 0.603896 0.383236 0.792209 0.609496 0.00948334
0 0.580393 0.77907 0.610124 0.418605 0.00926971
0 0.128617 0.411822 0.229443 0.432171 0.00919342
0 0.383267 0.549176 0.64761 0.901647 0.0085144
0 0.619407 0.694525 0.761186 0.61095 0.00787354
0 0.40718 0.70906 0.663122 0.550872 0.0077858
0 0.476983 0.90843 0.180969 0.18314 0.00734711
0 0.806355 0.559593 0.387291 0.880814 0.00723267
0 0.189048 0.0770349 0.0937161 0.122093 0.00717545
0 0.479891 0.78876 0.234613 0.399225 0.00717545
0 0.479568 0.862403 0.205529 0.267442 0.00717545
0 0.43788 0.593023 0.493141 0.810078 0.280518
0 0.532243 0.614826 0.721937 0.770349 0.240112
0 0.687682 0.632752 0.607539 0.717054 0.103027
0 0.800538 0.552326 0.398924 0.887597 0.0558167
0 0.618041 0.698643 0.749406 0.602713 0.0498657
0 0.773158 0.684351 0.434002 0.611919 0.044281
0 0.436911 0.305233 0.056876 0.0717054 0.0407715
0 0.608185 0.553295 0.757485 0.881783 0.0403748
0 0.715385 0.512597 0.569229 0.939923 0.0400085
0 0.611651 0.867248 0.776697 0.265504 0.0375366
0 0.417845 0.354651 0.109874 0.195736 0.0370483
0 0.443697 0.487403 0.38973 0.532946 0.0367126
0 0.493787 0.540698 0.505421 0.676357 0.0354919
0 0.439173 0.412306 0.312172 0.340116 0.0346069
0 0.553894 0.575824 0.78463 0.848353 0.0310822
0 0.658348 0.99031 0.683304 0.0193798 0.0293121
0 0.542657 0.499516 0.914686 0.999031 0.0262604
0 0.420107 0.497941 0.776874 0.984738 0.0243378
0 0.725242 1 0.549516 0 0.0240936
0 0.417845 0.371124 0.275978 0.277132 0.0206451
0 0.725888 0.683624 0.548224 0.632752 0.0192719
0 0.701005 0.833333 0.59799 0.333333 0.0180511
0 0.349981 0.361434 0.133141 0.251938 0.0157776
0 0.82833 0.491279 0.343341 0.982558 0.0156021
0 0.612063 0.548934 0.482153 0.828488 0.0142288
0 0.747143 0.436047 0.137019 0.153101 0.0141754
0 0.0373653 0.5 0.0747305 1 0.0141754
0 0.395223 0.643895 0.790447 0.712209 0.0138474
0 0.493787 0.862403 0.866066 0.275194 0.0134277
0 0.526426 0.286822 0.546139 0.526163 0.0128708
0 0.383913 0.346899 0.209407 0.26938 0.0124817
0 0.830915 0.685078 0.338171 0.600775 0.012146
0 0.0234694 0.438954 0.0469388 0.877907 0.0116425
0 0.0624505 0.630814 0.124901 0.738372 0.0112457
0 0.285026 1 0.570052 0 0.0110703
0 0.336085 0.39438 0.0982403 0.187985 0.0109863
0 0.604057 1 0.791886 0 0.0109482
0 0.755546 0.522408 0.23526 0.906734 0.0108185
0 0.736802 0.372093 0.170628 0.290698 0.00967407
0 0.846676 0.150678 0.0465349 0.0833334 0.00948334
0 0.354182 0.991279 0.708364 0.0174419 0.00933838
0 0.850554 0.125484 0.056876 0.0755814 0.00908661
0 0.761362 0.438954 0.105996 0.127907 0.00905609
0 0.550017 0.398256 0.0685096 0.106589 0.00812531
0 0.794721 0.259932 0.410558 0.519864 0.00812531
0 0.51253 1 0.899674 0 0.00812531
0 0.0764271 0.596415 0.152854 0.807171 0.00769424
0 0.0211265 0.858527 0.042253 0.108527 0.00757599
0 0.28131 0.943798 0.56262 0.112403 0.00748825
0 0.645583 0.5 0.708834 1 0.00737381
0 0.429155 0.52907 0.323159 0.550388 0.38208
0 0.577485 0.617733 0.657305 0.739341 0.296631
0 0.606408 0.523377 0.775258 0.92999 0.222046
0 0.455008 0.599806 0.389083 0.69186 0.188354
0 0.43174 0.467539 0.342548 0.402132 0.162354
0 0.732278 0.492248 0.515762 0.984496 0.0381165
0 0.518347 0.561531 0.515762 0.625 0.0328979
0 0.84086 0.501454 0.296014 0.896318 0.0328369
0 0.429478 0.412791 0.30183 0.28876 0.0316162
0 0.435618 0.304264 0.0620465 0.0697674 0.031311
0 0.836335 0.351744 0.307647 0.682171 0.0304413
0 0.393931 0.375969 0.190664 0.236434 0.0293121
0 0.485708 0.876938 0.184201 0.24031 0.0259094
0 0.788508 0.232074 0.162872 0.225775 0.0199432
0 0.53192 0.385659 0.116337 0.198643 0.0190125
0 0.931344 0.0162306 0.0827287 0.0324612 0.0189362
0 0.470519 0.906977 0.133142 0.174419 0.0185852
0 0.491848 0.773014 0.305062 0.430717 0.0182343
0 0.775581 0.316013 0.183554 0.404797 0.018158
0 0.351597 0.388081 0.133141 0.233527 0.0174408
0 0.338347 0.418605 0.144129 0.284884 0.0167847
0 0.522871 0.436047 0.156409 0.333333 0.0144501
0 0.499604 0.903101 0.239138 0.186047 0.012146
0 0.955904 0.0259205 0.0568759 0.0518411 0.0102921
0 0.950087 0.0186531 0.0723876 0.0373062 0.00941467
0 0.483446 0.305354 0.435618 0.559835 0.00919342
0 0.79691 0.192708 0.16675 0.166909 0.00905609
0 0.403302 0.517926 0.361938 0.431202 0.00898743
0 0.824055 0.306323 0.296014 0.42999 0.00894928
0 0.374218 0.458333 0.416229 0.5 0.00790405
0 0.336004 0.45155 0.181131 0.344961 0.00712204
0 0.774289 0.274709 0.149946 0.295543 0.00616837
0 0.744558 0.437985 0.134434 0.152132 0.00609589
0 0.91454 0.0151405 0.0788508 0.030281 0.00595856
0 0.900967 0.494186 0.180969 0.988372 0.00591278
0 0.802727 0.217175 0.206822 0.226502 0.00588989
0 0.573607 0.468023 0.266929 0.521318 0.00588989
0 0.111651 0.519864 0.196157 0.268411 0.00584412
0 0.804019 0.389535 0.211992 0.453488 0.00575256
0 0.930051 0.579457 0.121508 0.151163 0.00572968
0 0.778813 0.568798 0.421399 0.821705 0.00570679
0 0.828976 0.389535 0.342048 0.77907 0.0055542
0 0.757485 0.429748 0.108581 0.126938 0.00547028
0 0.442081 0.354651 0.28955 0.25 0.00544739
0 0.553894 0.315891 0.572638 0.631783 0.00542831
0 0.90743 0.577035 0.158994 0.169574 0.00527954
0 0.91971 0.463178 0.143483 0.426357 0.0050621
0 0.817592 0.708333 0.341256 0.416667 0.00502014
0 0.565205 0.388566 0.22298 0.364341 0.00498199
0 0.115004 0.459302 0.20561 0.397287 0.00486755
0 0.421076 0.612888 0.374218 0.731589 0.349609
0 0.757235 0.498183 0.485531 0.972626 0.161865
0 0.622404 0.530887 0.743266 0.920785 0.155029
0 0.820177 0.72626 0.35289 0.547481 0.0923462
0 0.418168 0.42345 0.368401 0.443798 0.0912476
0 0.4563 0.350775 0.111167 0.164729 0.0869141
0 0.459532 0.785126 0.339963 0.425872 0.0820923
0 0.423985 0.434109 0.31411 0.361434 0.076416
0 0.825348 0.399225 0.346426 0.79845 0.0670776
0 0.677341 0.709302 0.615295 0.573643 0.0652466
0 0.408473 0.518895 0.359353 0.489341 0.0579224
0 0.43885 0.309109 0.0504128 0.0697675 0.0564575
0 0.414855 0.332849 0.406049 0.577519 0.0531006
0 0.510591 0.797965 0.296014 0.40407 0.0455322
0 0.322836 0.623547 0.645672 0.752907 0.0435181
0 0.473751 0.697917 0.347719 0.600291 0.0413818
0 0.828579 0.37609 0.325744 0.577277 0.0405273
0 0.104098 0.531492 0.206741 0.312985 0.0365601
0 0.0916156 0.68968 0.183231 0.593508 0.035553
0 0.0988866 0.698159 0.197773 0.603682 0.0343628
0 0.119609 0.477713 0.233886 0.437984 0.0342407
0 0.43174 0.376454 0.292136 0.258721 0.0331421
0 0.129264 0.392926 0.25271 0.626938 0.0269165
0 0.747305 0.75751 0.493464 0.484981 0.026413
0 0.827933 0.337088 0.293428 0.436289 0.0227661
0 0.52481 0.890988 0.301184 0.218023 0.0213318
0 0.111894 0.596899 0.223788 0.775194 0.0211182
0 0.769765 0.600291 0.412351 0.603682 0.0196381
0 0.31411 0.338178 0.628221 0.676357 0.0195618
0 0.818635 0.25969 0.362731 0.51938 0.0183411
0 0.774289 0.482074 0.162872 0.208333 0.0158997
0 0.332854 0.363372 0.0982403 0.207364 0.0157776
0 0.131203 0.512112 0.262405 0.975775 0.0144501
0 0.180323 0.329942 0.360645 0.659884 0.014389
0 0.783337 0.344477 0.245601 0.380814 0.0141754
0 0.293105 0.533794 0.58621 0.916909 0.013588
0 0.0919387 0.809109 0.183877 0.375969 0.0127258
0 0.755546 0.434109 0.0827287 0.131783 0.0125275
0 0.789154 0.500485 0.396839 0.491279 0.0122375
0 0.528042 0.390988 0.0775581 0.131783 0.0118713
0 0.551309 0.389535 0.0594612 0.0988372 0.0117798
0 0.765079 0.795543 0.377773 0.401163 0.0116882
0 0.816299 0.828488 0.346426 0.343023 0.0114212
0 0.528688 0.370155 0.0846676 0.176357 0.0112457
0 0.802154 0.483043 0.395693 0.964147 0.00948334
0 0.823409 0.296512 0.258527 0.339147 0.00933838
0 0.648257 0.368217 0.683804 0.736434 0.00919342
0 0.0866066 0.749031 0.173213 0.498062 0.00898743
0 0.283734 0.67345 0.567467 0.643411 0.00888062
0 0.83375 0.185078 0.266283 0.162791 0.00878143
0 0.44499 0.419574 0.343195 0.349806 0.286865
0 0.458886 0.578488 0.392961 0.662791 0.141479
0 0.67903 0.626454 0.64194 0.741279 0.117188
0 0.796014 0.542757 0.407973 0.908673 0.0987549
0 0.44499 0.484496 0.379389 0.478682 0.0970459
0 0.703913 0.499516 0.592174 0.999031 0.0770874
0 0.735906 0.723595 0.528188 0.55281 0.0657349
0 0.804416 0.694041 0.391169 0.611919 0.0652466
0 0.558419 0.619186 0.607539 0.742248 0.0564575
0 0.440142 0.400194 0.301184 0.275194 0.0509033
0 0.414936 0.385659 0.244308 0.233527 0.035614
0 0.50025 0.428295 0.211992 0.261628 0.0104523
0 0.422369 0.491764 0.367755 0.33624 0.0100098
0 0.436911 0.317829 0.067217 0.0968992 0.00926971
0 0.474074 0.44719 0.279856 0.283915 0.00926971
0 0.529011 0.400194 0.13508 0.215116 0.00912476
0 0.535151 0.445736 0.165457 0.277132 0.0069313
0 0.471166 0.363857 0.217163 0.208333 0.0039444
0 0.551955 0.42345 0.14736 0.26938 0.00331116
0 0.595743 0.515019 0.682835 0.694767 0.00325966
0 0.558419 0.722868 0.54937 0.531008 0.00286674
0 0.529334 0.352713 0.115045 0.166667 0.00255013
0 0.780752 0.635659 0.359353 0.546512 0.00239754
0 0.465672 0.331395 0.369047 0.467054 0.00235939
0 0.769118 0.559109 0.310233 0.375969 0.00214958
0 0.368482 0.609496 0.593158 0.75 0.00204277
0 0.745851 0.456395 0.197773 0.164729 0.00201988
0 0.74068 0.435078 0.129264 0.133721 0.00195694
0 0.449514 0.751938 0.504774 0.455426 0.00184631
0 0.718705 0.442829 0.23526 0.238372 0.00174141
0 0.794971 0.482074 0.233967 0.235465 0.00168705
0 0.366785 0.383721 0.162226 0.222868 0.00156689
0 0.798203 0.437984 0.223626 0.224806 0.00155449
0 0.721937 0.435078 0.179676 0.178295 0.00152493
0 0.483446 0.866279 0.16675 0.155039 0.00139427
0 0.820574 0.457364 0.358853 0.914729 0.00128937
0 0.816696 0.814923 0.366609 0.362403 0.00127411
0 0.697773 0.507752 0.604454 0.984496 0.00121593
0 0.564236 0.46657 0.140897 0.342054 0.00114727
0 0.818885 0.748062 0.324452 0.503876 0.00112915
0 0.704325 0.546027 0.333823 0.371124 0.0011158
0 0.699066 0.260659 0.601868 0.521318 0.00109863
0 0.557126 0.290698 0.540322 0.581395 0.00103188
0 0.718705 0.391473 0.201651 0.29845 0.00102806
0 0.657305 0.437985 0.361938 0.350775 0.00101185
0 0.442405 0.420543 0.344487 0.346899 0.505859
0 0.650357 0.609496 0.689944 0.763566 0.0630493
0 0.683804 0.700581 0.602368 0.591085 0.0340881
0 0.411058 0.378391 0.122154 0.225775 0.031311
0 0.376157 0.379845 0.187432 0.25 0.0172424
0 0.331561 0.379845 0.0930698 0.231589 0.0148392
0 0.718059 0.554748 0.528688 0.843992 0.0110321
0 0.437557 0.317345 0.0523517 0.0939922 0.0109863
0 0.446283 0.606589 0.522871 0.767442 0.0107803
0 0.188725 0.0755814 0.101472 0.135659 0.0068512
0 0.515438 0.400678 0.186786 0.223837 0.00626373
0 0.535474 0.368217 0.123447 0.174419 0.00624084
0 0.683804 0.968992 0.0465349 0.0426356 0.00530243
0 0.539675 0.409884 0.131849 0.242248 0.00494385
0 0.726461 0.375485 0.149946 0.280039 0.00484848
0 0.737449 0.393411 0.11763 0.217054 0.00448608
0 0.405888 0.448159 0.43174 0.442829 0.00388527
0 0.522548 0.861434 0.562943 0.253876 0.00372124
0 0.339317 0.40407 0.129264 0.304264 0.00370789
0 0.630806 0.954457 0.0801434 0.0678295 0.00367928
0 0.752314 0.419574 0.095655 0.145349 0.0030632
0 0.475044 0.340601 0.381328 0.460271 0.00279999
0 0.56876 0.365189 0.635977 0.471173 0.00279999
0 0.513176 0.843023 0.0698023 0.0872093 0.00263214
0 0.625636 0.930233 0.0904845 0.114341 0.00228691
0 0.497665 0.375 0.221041 0.256783 0.00222588
0 0.378096 0.491764 0.518347 0.547481 0.00218201
0 0.147522 0.976744 0.0462117 0.0387597 0.00213242
0 0.717413 0.962209 0.0749728 0.0503876 0.00213242
0 0.623697 0.945736 0.0840214 0.0813953 0.00208282
0 0.71095 0.368702 0.180969 0.34593 0.00202751
0 0.491525 0.891473 0.232028 0.199612 0.00191879
0 0.550663 0.424903 0.137019 0.29845 0.0017271
0 0.869298 0.497093 0.0878992 0.0930233 0.00168133
0 0.480214 0.887597 0.175798 0.178295 0.0016613
0 0.631453 0.453004 0.678634 0.677326 0.0016489
0 0.745205 0.438469 0.120215 0.177326 0.00163555
0 0.405241 0.377059 0.469227 0.536579 0.00160408
0 0.655366 0.368702 0.0723876 0.199612 0.00153637
0 0.654074 0.421027 0.0620465 0.20155 0.00151253
0 0.792386 0.483406 0.372279 0.763808 0.00150681
0 0.725169 0.425388 0.155116 0.21124 0.00145531
0 0.511237 0.432171 0.211992 0.296512 0.00142097
0 0.825994 0.458333 0.253357 0.25 0.00133038
0 0.888687 0.540213 0.133141 0.123062 0.00126934
0 0.295448 0.367733 0.149784 0.40407 0.00122547
0 0.701901 0.924419 0.193895 0.139535 0.00119686
0 0.662476 0.883721 0.223626 0.22093 0.00116062
0 0.775581 0.419574 0.134434 0.21124 0.0011425
0 0.927466 0.57219 0.0943624 0.121124 0.00110722
0 0.427862 0.628876 0.440789 0.742248 0.414062
0 0.64244 0.582364 0.708364 0.835271 0.38501
0 0.543876 0.626454 0.648257 0.745155 0.136108
0 0.738814 0.50969 0.522371 0.96124 0.0718384
0 0.422692 0.529554 0.364523 0.535853 0.0579224
0 0.498957 0.899225 0.241723 0.186047 0.0285492
0 0.527719 0.881783 0.291489 0.228682 0.0222931
0 0.440789 0.303779 0.0491202 0.0658915 0.0207214
0 0.435618 0.437016 0.346426 0.368217 0.0158386
0 0.500896 0.852713 0.0995329 0.124031 0.0151901
0 0.599371 0.622093 0.801257 0.755814 0.0126724
0 0.68 0.712209 0.640001 0.575581 0.0122375
0 0.00876569 0.663517 0.0175314 0.672965 0.0112457
0 0.379712 0.374031 0.201005 0.234496 0.0111618
0 0.484415 0.874031 0.237199 0.25 0.0109024
0 0.0184201 0.858527 0.0368401 0.0968992 0.0108185
0 0.836732 0.496972 0.326537 0.965358 0.0106506
0 0.717324 0.705426 0.565351 0.569767 0.0106506
0 0.341902 0.369186 0.118922 0.25969 0.00978088
0 0.69156 0.955426 0.0672171 0.0678295 0.00971222
0 0.615295 0.926357 0.0853139 0.112403 0.00952148
0 0.471812 0.918605 0.174506 0.155039 0.00941467
0 0.431094 0.347868 0.109874 0.160853 0.00898743
0 0.599137 0.910853 0.121508 0.151163 0.00891876
0 0.565528 0.770591 0.255942 0.458818 0.0088501
0 0.0179353 0.88469 0.0358706 0.0755814 0.0086441
0 0.538706 0.377907 0.131203 0.197674 0.00857544
0 0.752314 0.443798 0.100826 0.141473 0.00857544
0 0.454038 0.810562 0.270807 0.378876 0.00818634
0 0.782279 0.656977 0.435441 0.686047 0.00760651
0 0.854432 0.109738 0.0439496 0.060562 0.00757599
0 0.716767 0.952519 0.0788508 0.0717054 0.00751877
0 0.751021 0.834302 0.349012 0.331395 0.0069313
0 0.772261 0.686047 0.455477 0.627907 0.00677109
0 0.818238 0.83624 0.349012 0.327519 0.00664139
0 0.831165 0.321584 0.307647 0.478924 0.00656509
0 0.62305 0.768653 0.347719 0.462694 0.00653839
0 0.483123 0.432171 0.264344 0.335271 0.0064621
0 0.780752 0.344961 0.232674 0.397287 0.00631332
0 0.480214 0.383721 0.245601 0.236434 0.00624084
0 0.63016 0.937985 0.0878992 0.0910853 0.00624084
0 0.74068 0.363372 0.211992 0.341085 0.00619125
0 0.533859 0.432171 0.180969 0.327519 0.00614548
0 0.548401 0.831395 0.206175 0.263566 0.00609589
0 0.335439 0.61531 0.670878 0.765504 0.00600433
0 0.149138 0.967054 0.0410412 0.0542636 0.00591278
0 0.782691 0.629603 0.389083 0.566376 0.00568771
0 0.00537252 0.532946 0.010745 0.804264 0.00561905
0 0.767179 0.4375 0.143483 0.15407 0.00559998
0 0.0127648 0.728682 0.0255296 0.542636 0.00542831
0 0.690106 0.588178 0.574253 0.790698 0.157104
0 0.717413 0.357558 0.180969 0.302326 0.0800781
0 0.440142 0.306202 0.0478275 0.0658915 0.0794678
0 0.332854 0.387597 0.104703 0.242248 0.0653687
0 0.447575 0.56686 0.397485 0.728682 0.0552979
0 0.738095 0.409399 0.129264 0.167636 0.0514526
0 0.746497 0.430233 0.113752 0.124031 0.0413208
0 0.439496 0.321705 0.0529981 0.0813954 0.0391846
0 0.531596 0.578973 0.566821 0.772287 0.0340881
0 0.326391 0.39438 0.0827287 0.20155 0.0317993
0 0.47472 0.415698 0.0349012 0.0629845 0.0310211
0 0.806605 0.513081 0.315403 0.785853 0.0282745
0 0.385205 0.369186 0.20359 0.25969 0.0259094
0 0.444667 0.439922 0.376157 0.51938 0.0210419
0 0.55551 0.400678 0.0413644 0.0532946 0.02034
0 0.514469 0.426841 0.0536444 0.0610465 0.0197144
0 0.650842 0.372093 0.0672171 0.129845 0.019455
0 0.559711 0.543605 0.0517054 0.0591085 0.0164032
0 0.657952 0.392442 0.0775582 0.129845 0.0147324
0 0.317019 0.349806 0.168689 0.344961 0.0136337
0 0.236068 0.301357 0.050736 0.0736434 0.0134811
0 0.765887 0.352713 0.202944 0.323643 0.0121918
0 0.498957 0.494186 0.493787 0.672481 0.0120544
0 0.805312 0.357679 0.315403 0.585029 0.0117798
0 0.699316 0.703488 0.559711 0.562016 0.0108185
0 0.266929 0.348837 0.0639855 0.160853 0.0107346
0 0.4256 0.379845 0.275978 0.296512 0.00963593
0 0.75296 0.329457 0.148653 0.339147 0.00905609
0 0.513176 0.45155 0.0420107 0.0562016 0.0088501
0 0.800788 0.629603 0.343841 0.698159 0.00818634
0 0.542907 0.367248 0.0685097 0.106589 0.00803375
0 0.306031 0.373062 0.125386 0.236434 0.00769424
0 0.601237 0.513081 0.726138 0.830426 0.00751877
0 0.4563 0.369186 0.250771 0.255814 0.00734711
0 0.517377 0.831395 0.0607539 0.0678295 0.0069046
0 0.930698 0.582849 0.0801434 0.119186 0.00609589
0 0.855725 0.123547 0.0568759 0.0668605 0.00579834
0 0.53095 0.368702 0.0840213 0.128876 0.00508118
0 0.540968 0.613372 0.30894 0.748062 0.00486755
0 0.0308617 0.543605 0.0439496 0.0949612 0.00468063
0 0.486031 0.335392 0.445959 0.462936 0.00468063
0 0.0178545 0.862403 0.0357091 0.0988372 0.00429916
0 0.197289 0.0775194 0.106319 0.135659 0.00426483
0 0.774935 0.319283 0.40201 0.553295 0.0042305
0 0.682512 0.344477 0.168043 0.297481 0.0041008
0 0.921649 0.571221 0.105996 0.11531 0.00403976
0 0.396193 0.56686 0.526103 0.817829 0.00382423
0 0.780752 0.448643 0.204236 0.187985 0.00378036
0 0.527395 0.862403 0.209407 0.209302 0.00342941
0 0.242369 0.315891 0.0659244 0.117248 0.00328636
0 0.439819 0.583818 0.362584 0.669574 0.401611
0 0.433679 0.435562 0.334793 0.367248 0.12854
0 0.718705 0.358527 0.178384 0.30814 0.0544128
0 0.724522 0.426357 0.158994 0.182171 0.0395508
0 0.59332 0.602713 0.719998 0.744186 0.0191956
0 0.732924 0.445736 0.14219 0.139535 0.014061
0 0.407099 0.48062 0.36727 0.319767 0.0134277
0 0.761362 0.360465 0.193895 0.315891 0.0100937
0 0.473751 0.425872 0.262405 0.331395 0.00985718
0 0.753607 0.44186 0.137019 0.158915 0.00871277
0 0.442081 0.385659 0.310233 0.255814 0.00818634
0 0.455654 0.370155 0.35806 0.455426 0.00593567
0 0.164165 1 0.328329 0 0.00566483
0 0.391669 0.589147 0.480861 0.755814 0.00566483
0 0.774935 0.450581 0.182262 0.155039 0.00516129
0 0.336732 0.383721 0.0963014 0.232558 0.00511932
0 0.762655 0.568798 0.435618 0.80814 0.0050621
0 0.339317 0.00726744 0.678634 0.0145349 0.00462723
0 0.503482 0.389535 0.201651 0.253876 0.00453949
0 0.368967 0.395833 0.539191 0.642442 0.00413513
0 0.459532 0.676357 0.368401 0.608527 0.00405502
0 0.541695 0.366764 0.640986 0.362403 0.00379562
0 0.413643 0.36531 0.219748 0.213178 0.00369263
0 0.14833 0 0.29666 0 0.00366402
0 0.834396 0.322674 0.310233 0.471899 0.00363541
0 0.396839 0 0.793678 0 0.00340271
0 0.640016 0.74031 0.643409 0.492248 0.00328636
0 0.761362 0.343023 0.124093 0.362403 0.00322342
0 0.419137 0.762597 0.363877 0.449612 0.00312424
0 0.473105 0.348837 0.270161 0.299419 0.00298119
0 0.754253 0.476744 0.248186 0.198643 0.00292397
0 0.509945 0.848837 0.0995329 0.124031 0.0028553
0 0.515115 0.870155 0.262405 0.244186 0.00275803
0 0.81436 0.371609 0.255942 0.379845 0.00271416
0 0.221849 1 0.443697 0 0.00266266
0 0.553894 0.684109 0.594612 0.602713 0.00260162
0 0.190502 0.0789729 0.101149 0.122093 0.00253105
0 0.680323 0 0.639355 0 0.00250244
0 0.140251 1 0.280502 0 0.00247192
0 0.811775 0.475775 0.195188 0.162791 0.00246239
0 0.640501 0.315891 0.489909 0.453488 0.00243378
0 0.0944028 0.531492 0.16473 0.266473 0.00239754
0 0.712242 0.949612 0.0723876 0.0736434 0.00236893
0 0.175152 0.0935078 0.12991 0.164729 0.00231361
0 0.165942 0.266957 0.331884 0.533915 0.00230598
0 0.348365 0.354651 0.120215 0.282946 0.00226021
0 0.688975 0.376938 0.134434 0.290698 0.00226021
0 0.793678 0.503876 0.274039 0.261628 0.00221634
0 0.508006 0.337209 0.196481 0.277132 0.00217438
0 0.780752 0.327035 0.14736 0.377907 0.00213242
0 0.440142 0.565892 0.400717 0.755814 0.443604
0 0.443051 0.400194 0.392315 0.430233 0.385742
0 0.415906 0.43314 0.372925 0.341085 0.0261536
0 0.580393 0.578488 0.769118 0.812016 0.0209198
0 0.240753 1 0.481507 0 0.0150146
0 0.441435 0.360465 0.337378 0.341085 0.0113297
0 0.721364 1 0.557272 0 0.011116
0 0.561731 0.372093 0.659083 0.492248 0.00595856
0 0.361938 1 0.723876 0 0.0051384
0 0.685743 0.542636 0.586857 0.914729 0.00482941
0 0.496372 0.647771 0.85314 0.704457 0.00469971
0 0.572638 1 0.835043 0 0.00441742
0 0.425358 0.459787 0.41736 0.650194 0.00431442
0 0.822116 0.422481 0.321866 0.678295 0.00365067
0 0.164973 1 0.329945 0 0.00359344
0 0.607539 0.408915 0.775581 0.687985 0.00348282
0 0.340286 0 0.680573 0 0.00328636
0 0.833104 0.319283 0.316696 0.479651 0.00324821
0 0.40815 0.54312 0.762009 0.91376 0.00305176
0 0.381247 0.347747 0.50429 0.643653 0.0026207
0 0.336085 0.945736 0.672171 0.108527 0.00260162
0 0.702459 0.817829 0.595082 0.364341 0.00233269
0 0.70359 0 0.59282 0 0.00210762
0 0.375511 0.786337 0.721291 0.427326 0.00203514
0 0.599533 0.741279 0.800934 0.517442 0.00201988
0 0.464703 0 0.7898 0 0.00188255
0 0.633465 0.695736 0.733071 0.608527 0.00186062
0 0.438123 0.621124 0.527557 0.72093 0.00183868
0 0.71612 0.955426 0.0827287 0.0658915 0.0018177
0 0.405888 0.518411 0.383913 0.478682 0.00177479
0 0.496372 0.882752 0.219748 0.217054 0.0017004
0 0.692853 0.959302 0.071095 0.0620155 0.00166798
0 0.701255 0.668605 0.570052 0.624031 0.00159168
0 0.396516 0.626938 0.517701 0.746124 0.00158501
0 0.801184 0 0.397632 0 0.00156116
0 0.799892 0.284157 0.400217 0.568314 0.00155449
0 0.409766 0.661822 0.819531 0.676357 0.00154877
0 0.620215 0 0.75957 0 0.00153637
0 0.18 0.822675 0.359999 0.354651 0.00153637
0 0.827037 1 0.345926 0 0.00151253
0 0.76007 0.959302 0.108581 0.0620155 0.00147247
0 0.109228 0.958333 0.218455 0.0833333 0.00147247
0 0.804019 0.965116 0.103411 0.0542636 0.00146675
0 0.510268 0.833333 0.237199 0.321705 0.00145531
0 0.299811 0.528585 0.531435 0.91376 0.00145531
0 0.259012 0.0112645 0.518024 0.0225291 0.00144958
0 0.489586 0.5 0.749082 1 0.00143242
0 0.474397 0.903101 0.146068 0.174419 0.00137806
0 0.0731147 0.739583 0.146229 0.520833 0.00135136
0 0.615045 0.286337 0.769911 0.572674 0.00133514
0 0.440789 0.448159 0.351597 0.427326 0.600098
0 0.422046 0.603198 0.412351 0.760659 0.143433
0 0.655528 0.604167 0.658921 0.762597 0.0115967
0 0.442405 0.340116 0.392315 0.569767 0.0109024
0 0.449837 0.386143 0.307647 0.281008 0.00701141
0 0.563266 0.58624 0.70384 0.827519 0.00695801
0 0.597036 0.328488 0.781075 0.656977 0.00462723
0 0.357091 0.346415 0.518993 0.692829 0.0036068
0 0.404595 0.372093 0.218455 0.24031 0.00307465
0 0.678634 0.738372 0.614002 0.523256 0.00283432
0 0.460825 0.432171 0.293428 0.327519 0.00263214
0 0.192603 0.0692829 0.097594 0.128876 0.00226974
0 0.409766 0.31686 0.535151 0.633721 0.00221634
0 0.58621 0.704457 0.592027 0.575581 0.00191879
0 0.581436 0.313227 0.837128 0.626454 0.00188255
0 0.506713 0.374516 0.180969 0.227713 0.00174141
0 0.226534 0.264535 0.362584 0.513566 0.00154877
0 0.516408 0.690892 0.324452 0.591085 0.00146675
0 0.46244 0.34593 0.281148 0.253876 0.00132465
0 0.182746 0.0811531 0.123124 0.14874 0.00123978
0 0.332854 0.0135659 0.665707 0.0271318 0.00123501
0 0.30183 0.517442 0.603661 0.965116 0.00120163
0 0.674594 0.421633 0.646641 0.771076 0.00115585
0 0.390376 0.171512 0.23526 0.0678295 0.00114727
0 0.49411 0.879845 0.213931 0.226744 0.0011425
0 0.859603 0.145349 0.224919 0.223837 0.00107765
0 0.749729 0.437985 0.109874 0.155039 0.00104427
0 0.142352 0.251938 0.284703 0.488372 0.00102043
0 0.930698 0.0241037 0.095655 0.0482074 0.00101662
0 0.503482 0.432655 0.214578 0.311047 0.00101662
0 0.84086 0.371609 0.290843 0.588178 0.00101185
0 0.429801 0.42345 0.351597 0.385659 0.583984
0 0.434002 0.585271 0.36517 0.765504 0.0792236
0 0.435295 0.395349 0.300538 0.312016 0.014389
0 0.734217 0.440891 0.129264 0.164729 0.00542831
0 0.492171 0.601744 0.29666 0.753876 0.00488663
0 0.71612 0.44186 0.162872 0.190891 0.00311089
0 0.603661 0.59593 0.721291 0.765504 0.00302696
0 0.726461 0.476744 0.188725 0.232558 0.00243378
0 0.653912 0.73062 0.594936 0.517442 0.00239754
0 0.581686 0.692829 0.506713 0.589147 0.00226974
0 0.544765 0.454457 0.628383 0.684109 0.00224304
0 0.44402 0.358527 0.332207 0.44186 0.00193405
0 0.513823 0.707364 0.28955 0.550388 0.00176811
0 0.506067 0.367248 0.180969 0.219961 0.00143242
0 0.788508 0.611434 0.403302 0.531008 0.00142097
0 0.492171 0.410853 0.217809 0.323643 0.00141621
0 0.400717 0.378391 0.227504 0.268411 0.00136185
0 0.762655 0.446705 0.134434 0.168605 0.00117874
0 0.351597 0.381783 0.125386 0.245155 0.00117397
0 0.788508 0.530039 0.305062 0.354651 0.00114727
0 0.787215 0.48062 0.400717 0.891473 0.0011425
0 0.522548 0.344961 0.149299 0.197674 0.00108147
0 0.428832 0.553295 0.393608 0.707364 0.533203
0 0.668939 0.546633 0.650196 0.902859 0.27124
0 0.673463 0.675388 0.635977 0.645349 0.0965576
0 0.421965 0.435562 0.384074 0.431202 0.0797729
0 0.526103 0.591085 0.597198 0.806202 0.0717163
0 0.682673 0.797481 0.594289 0.391473 0.0423279
0 0.791093 0.525315 0.405888 0.933866 0.0137405
0 0.759423 0.328488 0.169335 0.379845 0.00955963
0 0.825994 0.315891 0.330915 0.553295 0.00572968
0 0.74068 0.42345 0.129264 0.187985 0.00496292
0 0.731632 0.366279 0.157702 0.317829 0.0049057
0 0.809836 0.333333 0.24043 0.465116 0.00411606
0 0.718059 0.401163 0.177091 0.25969 0.00379562
0 0.592585 0.5 0.81483 1 0.00291252
0 0.779459 0.292636 0.179676 0.426357 0.00261116
0 0.559065 0.822675 0.35289 0.331395 0.00230598
0 0.749729 0.446705 0.111167 0.139535 0.00225258
0 0.77235 0.635417 0.440789 0.546996 0.00213242
0 0.715474 0.74249 0.541614 0.511143 0.00205803
0 0.751668 0.50969 0.299892 0.273256 0.00156116
0 0.767826 0.432655 0.138312 0.17345 0.00154877
0 0.597359 0.363857 0.793355 0.603682 0.00129414
0 0.895797 0.749031 0.19131 0.501938 0.00121117
0 0.493787 0.367733 0.532566 0.499031 0.00110722
0 0.827287 0.611434 0.3335 0.75 0.00110722
0 0.760716 0.346899 0.471812 0.600775 0.00109863
0 0.58928 0.849806 0.447575 0.292636 0.00109005
0 0.564882 0.893411 0.392961 0.186047 0.00107288
0 0.766695 0.279797 0.465026 0.559593 0.00101662
0 0.437234 0.422965 0.339317 0.378876 0.524414
0 0.434002 0.600775 0.36517 0.751938 0.122314
0 0.665061 0.575581 0.626928 0.810078 0.0124283
0 0.436265 0.379845 0.307647 0.265504 0.00746155
0 0.74068 0.438954 0.124093 0.164729 0.00674438
0 0.741973 0.354651 0.139605 0.325581 0.00619125
0 0.534505 0.623547 0.310233 0.702519 0.00527954
0 0.359676 0.367733 0.149299 0.245155 0.00510025
0 0.679926 0.707607 0.592027 0.549903 0.00448608
0 0.725169 0.392442 0.160287 0.262597 0.00439835
0 0.195673 0.0707364 0.102441 0.127907 0.00436401
0 0.337378 0.371124 0.106642 0.228682 0.00279999
0 0.38973 0.372093 0.221041 0.261628 0.00265312
0 0.521578 0.501938 0.595905 0.678295 0.00244331
0 0.184524 0.0828488 0.118599 0.151163 0.00217438
0 0.765887 0.443798 0.124093 0.157946 0.00215721
0 0.391669 0.349806 0.164165 0.189922 0.00196457
0 0.7898 0.322674 0.204236 0.405039 0.00194168
0 0.713535 0.356105 0.19131 0.331395 0.00186062
0 0.750375 0.472868 0.139605 0.205426 0.00185299
0 0.839567 0.318798 0.285672 0.474806 0.00182438
0 0.758777 0.492248 0.465349 0.984496 0.0018177
0 0.632099 0.756056 0.483446 0.464632 0.00161076
0 0.510591 0.75 0.249479 0.46124 0.00146103
0 0.825994 0.487403 0.329622 0.899225 0.00146103
0 0.561004 0.787064 0.341256 0.402616 0.00141621
0 0.485062 0.364826 0.433679 0.47093 0.00131989
0 0.189371 0.11095 0.107935 0.192829 0.00126934
0 0.0185816 0.851744 0.0352243 0.153101 0.00123978
0 0.370663 0.425388 0.465995 0.476744 0.0012207
0 0.202621 0.151284 0.124093 0.27689 0.00116062
0 0.493141 0.862403 0.190017 0.228682 0.00112915
0 0.0266606 0.559109 0.0326391 0.122093 0.00112438
0 0.466642 0.74031 0.297306 0.457364 0.00112438
0 0.0214093 0.790455 0.0386175 0.333818 0.00112438
0 0.812422 0.496609 0.285672 0.274225 0.0011158
0 0.529334 0.364826 0.148653 0.190891 0.0011034
0 0.741973 0.334787 0.107289 0.323643 0.00107288
0 0.502189 0.423934 0.222333 0.306202 0.00106525
0 0.584918 0.867248 0.417521 0.238372 0.00106525
0 0.532647 0.325703 0.640986 0.548207 0.00106525
0 0.778813 0.604651 0.42657 0.5 0.00104046
0 0.0180969 0.874031 0.0355475 0.106589 0.00103664
0 0.80919 0.359496 0.211992 0.387597 0.00102806
0 0.424631 0.424419 0.373572 0.436047 0.714844
0 0.434972 0.58624 0.422692 0.784884 0.0996704
0 0.655366 0.563954 0.654074 0.841085 0.0289307
0 0.436588 0.39438 0.341902 0.321705 0.0109863
0 0.676695 0.687742 0.61788 0.605136 0.00926971
0 0.813068 0.396802 0.346426 0.66376 0.00818634
0 0.820824 0.296512 0.328329 0.478682 0.0069046
0 0.741973 0.448159 0.131849 0.161822 0.00540543
0 0.720394 1 0.559211 0 0.00496292
0 0.764594 0.32546 0.196481 0.405281 0.00439835
0 0.776228 0.603682 0.430448 0.50969 0.0041008
0 0.727108 0.432655 0.173213 0.215116 0.00405502
0 0.536767 0.589147 0.416875 0.784884 0.00388527
0 0.750375 0.499152 0.47569 0.974564 0.00380898
0 0.230089 1 0.460178 0 0.00366402
0 0.742619 0.354651 0.157702 0.339147 0.00365067
0 0.815653 0.507873 0.346426 0.937742 0.00351143
0 0.794971 0.486919 0.311525 0.249031 0.00332451
0 0.625709 1 0.748582 0 0.00324821
0 0.601076 0.47093 0.775581 0.827519 0.003088
0 0.334469 0 0.668939 0 0.0028553
0 0.447898 0.365431 0.444667 0.499758 0.002388
0 0.793678 0.454457 0.188725 0.170543 0.00219917
0 0.769118 0.445252 0.143483 0.166667 0.00197983
0 0.577162 0.342054 0.753607 0.51938 0.00191879
0 0.522548 0.889535 0.251418 0.193798 0.00183868
0 0.731632 0.312985 0.508006 0.507752 0.00176144
0 0.755061 0.734496 0.459855 0.498062 0.0017004
0 0.58104 0.879845 0.390376 0.22093 0.00166798
0 0.0209245 0.879845 0.0418491 0.100775 0.0016613
0 0.718705 0.375484 0.18614 0.312985 0.00161076
0 0.491848 0.897287 0.178384 0.176357 0.00149536
0 0.144129 0.659157 0.259173 0.596415 0.00141048
0 0.0208034 0.860465 0.0416067 0.143411 0.00139904
0 0.226858 0.0145349 0.453715 0.0290698 0.00130463
0 0.419137 0.0101744 0.838274 0.0203488 0.00129414
0 0.805958 0.383236 0.222333 0.330426 0.00121117
0 0.127284 0.593992 0.224353 0.77907 0.00118351
0 0.0988866 0.71124 0.185493 0.573643 0.00117874
0 0.654147 0 0.691706 0 0.00115585
0 0.394981 0.399709 0.414775 0.549419 0.00115585
0 0.855725 0.733527 0.274039 0.498062 0.00111198
0 0.792386 0.666667 0.363231 0.563954 0.00109863
0 0.365897 0.336725 0.522063 0.592054 0.00106907
0 0.74068 0.483043 0.255942 0.265504 0.00104427
0 0.836085 0.997093 0.327829 0.0058139 0.00102806
0 0.0349012 0.572674 0.0513823 0.160853 0.00102425
0 0.564559 0.908915 0.344487 0.158915 0.00102425
0 0.437234 0.42781 0.356121 0.396318 0.787109
0 0.43174 0.584302 0.395547 0.746124 0.0997925
0 0.434972 0.393411 0.317988 0.299419 0.0124283
0 0.749729 0.442829 0.111167 0.138566 0.0115967
0 0.724522 0.424419 0.164165 0.207364 0.00510025
0 0.679926 0.642442 0.608831 0.670543 0.00488663
0 0.607539 0.59157 0.71095 0.772287 0.00441742
0 0.741327 0.369186 0.143483 0.290698 0.0041008
0 0.774289 0.444767 0.124093 0.149225 0.00340271
0 0.51455 0.492733 0.600914 0.66376 0.00269318
0 0.340286 0.367248 0.106642 0.232558 0.00234222
0 0.754899 0.478682 0.137019 0.207364 0.00232315
0 0.196157 0.0731589 0.0982403 0.126938 0.00203514
0 0.552925 0.622093 0.331561 0.697674 0.00199509
0 0.385852 0.356589 0.175152 0.217054 0.00191212
0 0.391669 0.36531 0.221041 0.255814 0.00185299
0 0.688329 0.769622 0.590735 0.449128 0.00174809
0 0.661183 0.492733 0.660537 0.985465 0.00161076
0 0.355475 0.357558 0.140897 0.255814 0.0015974
0 0.230412 1 0.460825 0 0.00139904
0 0.678707 1 0.642586 0 0.00119686
0 0.344487 0.00339147 0.688975 0.00678295 0.0011425
0 0.798203 0.49031 0.192603 0.232558 0.00112915
0 0.0168043 0.856589 0.0326391 0.135659 0.00112438
0 0.537413 0.870155 0.278563 0.224806 0.00110722
0 0.0169658 0.874031 0.0339317 0.0949612 0.00109863
0 0.528042 0.361434 0.135727 0.180233 0.00108147
0 0.790447 0.622093 0.376157 0.525194 0.00106049
0 0.559065 0.78876 0.332207 0.393411 0.00104427
0 0.433679 0.415698 0.361938 0.439922 0.773438
0 0.434649 0.571705 0.409119 0.800388 0.108948
0 0.661183 0.554142 0.648903 0.860707 0.0303345
0 0.684935 0.728924 0.605277 0.518895 0.00985718
0 0.441112 0.376938 0.323805 0.302326 0.00981903
0 0.558096 0.537791 0.701255 0.804264 0.0068779
0 0.738095 0.440891 0.131849 0.151163 0.0064621
0 0.721291 0.414244 0.169335 0.23062 0.0049057
0 0.74068 0.356589 0.149946 0.324612 0.00415039
0 0.539029 0.583333 0.40201 0.792636 0.00234985
0 0.819531 0.310078 0.338671 0.52907 0.00232315
0 0.754899 0.479651 0.183554 0.218992 0.00214005
0 0.78059 0.609012 0.413967 0.518411 0.0019722
0 0.805312 0.501454 0.367109 0.958333 0.00188923
0 0.716767 0.374031 0.184847 0.302326 0.00188255
0 0.763948 0.442829 0.121508 0.156977 0.00164223
0 0.53806 0.860465 0.283734 0.25 0.00142097
0 0.0175718 0.875969 0.0351435 0.0930233 0.00137806
0 0.347396 0.361919 0.124739 0.263566 0.00134563
0 0.774289 0.326672 0.193895 0.395107 0.00129414
0 0.0176122 0.858527 0.0332854 0.135659 0.00121593
0 0.72323 0.471899 0.211992 0.26938 0.00119209
0 0.547431 0.893411 0.293428 0.186047 0.00115108
0 0.580232 0.850775 0.377773 0.27907 0.0011425
0 0.813714 0.500969 0.280502 0.271318 0.00105286
0 0.498311 0.895349 0.182262 0.182171 0.00102806
0 0.42859 0.424419 0.366947 0.443798 0.737793
0 0.432306 0.575097 0.409927 0.799419 0.190063
0 0.673463 0.554264 0.620465 0.862403 0.0562439
0 0.683804 0.703731 0.607539 0.577035 0.00923157
0 0.743266 0.444767 0.124093 0.149225 0.00579834
0 0.72323 0.408915 0.171921 0.248062 0.00457382
0 0.441435 0.371609 0.324452 0.295543 0.00434875
0 0.776228 0.625969 0.416229 0.55814 0.00281143
0 0.805312 0.445858 0.369694 0.825339 0.00257111
0 0.74068 0.353682 0.152531 0.323643 0.00239754
0 0.537736 0.578488 0.396839 0.810078 0.002388
0 0.751021 0.483043 0.175798 0.224806 0.00219154
0 0.196481 0.0765504 0.097594 0.131783 0.00181007
0 0.537736 0.853682 0.286965 0.25969 0.00165462
0 0.0185008 0.853682 0.0339317 0.153101 0.00152493
0 0.76524 0.443798 0.116337 0.155039 0.00150681
0 0.723876 0.486434 0.226211 0.325581 0.00143814
0 0.598329 0.4914 0.78366 0.906735 0.00133514
0 0.546139 0.893411 0.296014 0.182171 0.0012207
0 0.838274 0.299419 0.306355 0.502907 0.00121117
0 0.35289 0.359496 0.135727 0.261628 0.00111198
0 0.50025 0.843992 0.206822 0.277132 0.00110722
0 0.0211669 0.830426 0.0329622 0.244186 0.00109482
0 0.497665 0.89438 0.188725 0.180233 0.00105286
0 0.449191 0.372941 0.447252 0.498304 0.00101662
0 0.429074 0.424419 0.36727 0.443798 0.737793
0 0.432306 0.575097 0.409927 0.799419 0.190674
0 0.673302 0.554142 0.620788 0.862645 0.0557251
0 0.683804 0.703488 0.607539 0.577519 0.00912476
0 0.742619 0.444767 0.125386 0.149225 0.00577545
0 0.72323 0.408915 0.171921 0.248062 0.00457382
0 0.441112 0.371609 0.325098 0.295543 0.00431442
0 0.776228 0.625969 0.416229 0.55814 0.00279999
0 0.805312 0.446221 0.369694 0.824612 0.00256157
0 0.740034 0.353682 0.153824 0.323643 0.00239754
0 0.537413 0.578488 0.397485 0.810078 0.002388
0 0.751021 0.483527 0.175798 0.224806 0.00218201
0 0.196642 0.0765504 0.0972708 0.131783 0.0018177
0 0.537736 0.853682 0.286965 0.25969 0.0016489
0 0.0185008 0.853682 0.0339317 0.153101 0.00153637
0 0.76524 0.443798 0.116337 0.155039 0.00150108
0 0.723876 0.486919 0.226211 0.32655 0.00143242
0 0.59849 0.491279 0.78463 0.906977 0.00133514
0 0.546139 0.893411 0.296014 0.182171 0.00121593
0 0.838274 0.299419 0.306355 0.502907 0.00120163
0 0.35289 0.359496 0.135727 0.261628 0.00110722
0 0.0211669 0.830426 0.0329622 0.244186 0.0011034
0 0.50025 0.843992 0.206822 0.277132 0.00109863
0 0.497665 0.89438 0.188725 0.180233 0.00104427
0 0.44911 0.372941 0.447414 0.498304 0.00102043
