0 0.727754 0.589147 0.486031 0.593023 0.81543
0 0.261759 0.59157 0.386498 0.531977 0.770996
0 0.272827 0.471899 0.370825 0.354651 0.394287
0 0.754738 0.521802 0.419137 0.582364 0.288574
0 0.811775 0.565407 0.341256 0.562985 0.156128
0 0.771057 0.483527 0.376157 0.424419 0.108582
0 0.850304 0.622093 0.299392 0.577519 0.0645142
0 0.254972 0.72844 0.385852 0.291182 0.0552063
0 0.294398 0.4375 0.265637 0.278101 0.0403748
0 0.813714 0.662791 0.339963 0.5 0.0389099
0 0.829872 0.704457 0.297306 0.372093 0.0283356
0 0.725169 0.416667 0.214578 0.273256 0.0245667
0 0.347638 0.613372 0.226373 0.50969 0.0242767
0 0.771704 0.423934 0.274039 0.289729 0.0171814
0 0.554541 0.843992 0.105996 0.164729 0.0171814
0 0.29569 0.623062 0.579747 0.540698 0.0165253
0 0.566174 0.757752 0.131849 0.352713 0.0148392
0 0.603499 0.72093 0.201974 0.399225 0.014389
0 0.5 0.5 1 1 0.012146
0 0.5 0.5 1 1 0.0110321
0 0.5 0.5 1 1 0.0104904
0 0.542907 0.863372 0.095655 0.112403 0.00989532
0 0.5 0.5 1 1 0.00837708
0 0.5 0.5 1 1 0.00834656
0 0.717324 0.5 0.565351 1 0.0077858
0 0.5 0.5 1 1 0.00760651
0 0.330188 0.681202 0.519801 0.403101 0.00748825
0 0.591777 0.5 0.816446 1 0.00717545
0 0.792136 0.5 0.415729 1 0.0068779
0 0.5 0.5 1 1 0.00679779
0 0.346103 0.462209 0.14736 0.25 0.00631332
0 0.5 0.5 1 1 0.00629044
0 0.602926 0.5 0.794148 1 0.00605011
0 0.813714 0.419574 0.339963 0.314922 0.00595856
0 0.480214 0.5 0.960428 1 0.00584412
0 0.5 0.5 1 1 0.00572968
0 0.61788 0.659884 0.231382 0.505814 0.00557709
0 0.845384 0.616279 0.281795 0.437984 0.00538635
0 0.656409 0.5 0.687182 1 0.00538635
0 0.340933 0.500485 0.681865 0.793605 0.00516129
0 0.867359 0.705426 0.23526 0.416667 0.00457382
0 0.567467 0.187016 0.127971 0.124031 0.00450516
0 0.538383 0.751696 0.126678 0.372578 0.00424957
0 0.847719 0.572674 0.304562 0.703488 0.0042305
0 0.256265 0.464632 0.442081 0.838178 0.00416565
0 0.659244 0.550388 0.217163 0.602713 0.00388527
0 0.309667 0.450581 0.171759 0.267442 0.00367928
0 0.523437 0.542151 0.65165 0.702519 0.00366402
0 0.739388 0.400678 0.133141 0.227713 0.00338936
0 0.22201 0.391473 0.097594 0.164729 0.00318527
0 0.260466 0.592054 0.391669 0.587209 0.787109
0 0.737933 0.594477 0.424308 0.625 0.282227
0 0.752152 0.710271 0.385529 0.46124 0.124451
0 0.550017 0.807171 0.111167 0.203488 0.0897827
0 0.763301 0.44719 0.347719 0.39438 0.0859985
0 0.856371 0.72311 0.205529 0.390988 0.0830078
0 0.71095 0.406977 0.224919 0.304264 0.0786133
0 0.825994 0.696705 0.224919 0.387597 0.078064
0 0.916479 0.768411 0.0930698 0.147287 0.0708008
0 0.872529 0.699855 0.170628 0.21657 0.0558167
0 0.920357 0.73062 0.0775582 0.104651 0.0544128
0 0.050736 0.601744 0.0730339 0.0930233 0.0538025
0 0.3028 0.693556 0.286319 0.399709 0.0510864
0 0.833104 0.518895 0.127971 0.116279 0.0470886
0 0.342548 0.393411 0.067217 0.0697674 0.0465393
0 0.871237 0.757752 0.193895 0.302326 0.0462036
0 0.849262 0.543605 0.0930698 0.0852713 0.0460205
0 0.555833 0.777132 0.1228 0.275194 0.0450134
0 0.771704 0.419574 0.109874 0.232558 0.0441895
0 0.743266 0.411822 0.149946 0.267442 0.0376892
0 0.549047 0.83624 0.101472 0.155039 0.0367126
0 0.33964 0.367248 0.0782045 0.100775 0.0342407
0 0.21587 0.4375 0.104057 0.285853 0.0324097
0 0.632745 0.720688 0.102118 0.279554 0.0316772
0 0.894504 0.784884 0.14219 0.244186 0.0310822
0 0.327683 0.418605 0.0950087 0.213178 0.0309143
0 0.844091 0.650921 0.182262 0.271802 0.0303345
0 0.232674 0.434593 0.156409 0.301357 0.0298767
0 0.574577 0.736434 0.133141 0.350775 0.0256195
0 0.316049 0.358527 0.0937161 0.114341 0.0223694
0 0.265313 0.429264 0.232028 0.312016 0.0215302
0 0.868651 0.542151 0.095655 0.0794573 0.0184326
0 0.208438 0.466085 0.0859603 0.224806 0.0179901
0 0.776874 0.661822 0.364523 0.364341 0.0164032
0 0.0455654 0.599806 0.0720644 0.122093 0.0154266
0 0.604307 0.697674 0.152531 0.302326 0.0154266
0 0.384236 0.327035 0.069156 0.123062 0.0152512
0 0.404595 0.782946 0.113752 0.193799 0.0147858
0 0.335439 0.456395 0.0878992 0.189922 0.0142822
0 0.831811 0.73062 0.105996 0.335271 0.0129242
0 0.327037 0.653101 0.248832 0.51938 0.0120544
0 0.867359 0.610465 0.129264 0.197674 0.0116882
0 0.912601 0.690892 0.105996 0.184108 0.0111618
0 0.385205 0.774225 0.124093 0.218992 0.00993347
0 0.815653 0.442829 0.140897 0.265504 0.00891876
0 0.40201 0.742248 0.118922 0.189923 0.00871277
0 0.657305 0.709302 0.0827286 0.244186 0.0085144
0 0.959782 0.664729 0.0594612 0.108527 0.00757599
0 0.38262 0.7328 0.137019 0.270833 0.00728989
0 0.264667 0.380814 0.148007 0.178295 0.0069046
0 0.74779 0.608527 0.461471 0.620155 0.99707
0 0.262728 0.579457 0.430448 0.577519 0.990723
0 0.582332 0.204457 0.157702 0.149225 0.228882
0 0.582979 0.193314 0.135727 0.11531 0.119202
0 0.571345 0.244065 0.175798 0.230862 0.0960083
0 0.729047 0.509205 0.506713 0.818798 0.0637207
0 0.771704 0.52907 0.385205 0.542636 0.0562439
0 0.527395 0.330911 0.263698 0.427326 0.0535889
0 0.566821 0.265019 0.213285 0.264535 0.0445251
0 0.744955 0.426235 0.510091 0.796754 0.0390625
0 0.117589 0.428295 0.216597 0.496124 0.0271759
0 0.76524 0.454942 0.28438 0.347868 0.0216217
0 0.258204 0.465116 0.378742 0.406977 0.0174408
0 0.395547 0.292151 0.0672171 0.117248 0.0121918
0 0.701974 0.260659 0.596051 0.360465 0.0121002
0 0.720394 0.334302 0.559211 0.668605 0.0110703
0 0.0924235 0.551357 0.145422 0.246124 0.0106506
0 0.705779 0.438954 0.18614 0.292636 0.0102921
0 0.322836 0.524225 0.609478 0.75 0.00978088
0 0.386498 0.31686 0.0827287 0.149225 0.00926971
0 0.862834 0.308624 0.056876 0.0591085 0.00891876
0 0.7107 0.308624 0.578601 0.617248 0.00878143
0 0.723876 0.396802 0.193895 0.219961 0.00760651
0 0.315322 0.427326 0.247055 0.352713 0.00751877
0 0.414936 0.464268 0.829872 0.889293 0.00706482
0 0.158833 0.476744 0.264667 0.372093 0.0069046
0 0.644379 0.395833 0.508006 0.541667 0.00682449
0 0.829872 0.420543 0.302477 0.329457 0.00669098
0 0.668131 0.637839 0.385529 0.515019 0.00669098
0 0.592027 0.684593 0.582979 0.630814 0.00636292
0 0.290762 0.426841 0.235421 0.282946 0.00609589
0 0.866066 0.416667 0.230089 0.294574 0.00595856
0 0.550986 0.761628 0.141544 0.24031 0.00595856
0 0.807897 0.40407 0.299892 0.246124 0.00566483
0 0.35192 0.335271 0.145422 0.149225 0.00561905
0 0.674183 0.507752 0.651635 0.984496 0.00557709
0 0.252387 0.403101 0.157055 0.232558 0.00527954
0 0.202459 0.452519 0.165781 0.317829 0.00524139
0 0.551632 0.763566 0.120861 0.170543 0.00516129
0 0.361938 0.692829 0.723876 0.614341 0.0049057
0 0.300861 0.35126 0.0969477 0.121124 0.0041008
0 0.560358 0.800388 0.129264 0.228682 0.00408554
0 0.885455 0.344961 0.100826 0.111434 0.00376511
0 0.352566 0.415698 0.180969 0.346899 0.00356483
0 0.279775 0.660853 0.393123 0.408915 0.00349617
0 0.602368 0.73813 0.219748 0.368702 0.00346947
0 0.631453 0.557171 0.460178 0.633721 0.00342941
0 0.109874 0.543605 0.189694 0.476744 0.00337601
0 0.619173 0.5 0.491202 1 0.00333786
0 0.604542 0.5 0.790916 1 0.00332451
0 0.735348 0.588663 0.44499 0.574612 0.944824
0 0.286319 0.611434 0.380035 0.484496 0.782715
0 0.30175 0.655281 0.312979 0.390988 0.609375
0 0.066086 0.862403 0.0449191 0.0620155 0.123352
0 0.0183393 0.972868 0.0366785 0.0542636 0.111633
0 0.328895 0.656735 0.247055 0.345446 0.0907593
0 0.548078 0.838178 0.0995329 0.168605 0.0630493
0 0.542907 0.875969 0.0917771 0.104651 0.0450134
0 0.776874 0.556202 0.315403 0.536822 0.0409851
0 0.90226 0.794574 0.116337 0.213178 0.0391235
0 0.299326 0.57655 0.272585 0.55814 0.0344849
0 0.869944 0.757752 0.18614 0.329457 0.0341797
0 0.552602 0.811047 0.107289 0.22093 0.0312042
0 0.903552 0.73062 0.105996 0.139535 0.0306244
0 0.922942 0.74031 0.0775582 0.122093 0.0297546
0 0.540968 0.858527 0.0969477 0.145349 0.0263519
0 0.834396 0.765504 0.0917772 0.125969 0.0232849
0 0.593966 0.138445 0.341256 0.228924 0.0229797
0 0.323159 0.572674 0.579101 0.649225 0.0213318
0 0.740034 0.452641 0.464056 0.77689 0.0201416
0 0.558419 0.763808 0.118923 0.309593 0.019455
0 0.511237 0.130087 0.460178 0.260174 0.0168457
0 0.127809 0.678295 0.167073 0.277132 0.0160217
0 0.131364 0.714147 0.150269 0.197674 0.0146179
0 0.279209 0.466085 0.26499 0.360465 0.0143356
0 0.591866 0.781008 0.186463 0.275194 0.014061
0 0.665781 0.758721 0.668439 0.482558 0.014061
0 0.0513015 0.612403 0.0702871 0.120155 0.0137405
0 0.721937 0.171633 0.461471 0.327277 0.0135345
0 0.717163 0.126211 0.565674 0.252422 0.0127258
0 0.230089 0.442345 0.173213 0.311047 0.0125275
0 0.574577 0.156129 0.16675 0.210998 0.0121918
0 0.371633 0.665698 0.174506 0.300388 0.0120544
0 0.137019 0.641473 0.102765 0.207364 0.0118713
0 0.710538 0 0.578924 0 0.011734
0 0.866066 0.66376 0.199066 0.310077 0.0116882
0 0.12276 0.781008 0.171355 0.22093 0.0115967
0 0.890626 0.674419 0.149946 0.25969 0.0115051
0 0.689048 1 0.621904 0 0.0114212
0 0.433679 0.977229 0.0465349 0.0455427 0.0109024
0 0.35903 0.545058 0.11052 0.100775 0.0107346
0 0.653427 0.43314 0.626928 0.866279 0.0107346
0 0.26596 0.663033 0.455008 0.484012 0.0105667
0 0.61788 0.757752 0.144775 0.205426 0.0102921
0 0.771777 0.557171 0.456447 0.722868 0.0101318
0 0.396839 0.690165 0.129264 0.286337 0.00948334
0 0.933283 0.706395 0.100826 0.217054 0.00945282
0 0.188725 0.974806 0.0491202 0.0503876 0.00941467
0 0.576192 0.196221 0.180323 0.189922 0.00933838
0 0.565851 0.180233 0.123447 0.135659 0.00930023
0 0.257154 0.561047 0.41639 0.622093 0.94873
0 0.739226 0.561531 0.496695 0.63469 0.853027
0 0.718867 0.570252 0.405564 0.537791 0.577637
0 0.251418 0.705184 0.413643 0.419089 0.262207
0 0.716282 0.754845 0.459855 0.331395 0.124634
0 0.261436 0.635659 0.372925 0.426357 0.0358887
0 0.932637 0.786822 0.107289 0.244186 0.0259094
0 0.754253 0.511628 0.316696 0.472868 0.0242767
0 0.935222 0.735465 0.112459 0.352713 0.0236053
0 0.585726 0.183261 0.154793 0.123789 0.0219879
0 0.928112 0.807171 0.0878992 0.209302 0.0207214
0 0.521255 0.887597 0.0581686 0.0813954 0.0184021
0 0.900967 0.775194 0.152531 0.275194 0.0168457
0 0.921003 0.847868 0.071095 0.131783 0.0162201
0 0.906138 0.79845 0.126678 0.224806 0.0155411
0 0.197773 0.465116 0.266283 0.358527 0.014061
0 0.913893 0.833333 0.108581 0.166667 0.0132217
0 0.384559 0.550388 0.0866066 0.164729 0.0124817
0 0.0727108 0.860465 0.0533212 0.0755815 0.0118713
0 0.90743 0.729651 0.155116 0.375969 0.0109024
0 0.255942 0.519864 0.352243 0.471899 0.0107346
0 0.367755 0.526163 0.115045 0.0949612 0.0100937
0 0.813714 0.428779 0.267576 0.330426 0.00993347
0 0.315726 0.48062 0.226211 0.428295 0.00985718
0 0.557126 0.177326 0.116337 0.141473 0.0091629
0 0.362584 0.505814 0.137019 0.503876 0.0091629
0 0.8777 0.781977 0.173213 0.244186 0.00854492
0 0.410412 0.787791 0.104703 0.189922 0.0085144
0 0.724522 0.463663 0.288258 0.353682 0.00812531
0 0.939746 0.571705 0.103411 0.693798 0.00806427
0 0.855725 0.307171 0.0723876 0.0891473 0.00751877
0 0.683158 0.505814 0.470519 0.810078 0.00751877
0 0.164165 0.502422 0.296014 0.444767 0.00748825
0 0.535151 0.859496 0.0801434 0.118217 0.00731659
0 0.874468 0.465116 0.219748 0.416667 0.0068512
0 0.904845 0.46657 0.137019 0.309109 0.00674438
0 0.886748 0.413275 0.19131 0.310078 0.00658798
0 0.852493 0.328488 0.0878992 0.125969 0.00653839
0 0.187755 0.972868 0.0445959 0.0503876 0.00653839
0 0.333581 0.559109 0.661668 0.676357 0.00651169
0 0.734217 0.657946 0.389083 0.457364 0.005867
0 0.204075 0.436531 0.198096 0.299419 0.00582123
0 0.76524 0.42781 0.281795 0.307171 0.00564194
0 0.218455 0.512597 0.436911 0.742248 0.00561905
0 0.672171 0.531977 0.270161 0.472868 0.00559998
0 0.392961 0.594477 0.0878992 0.146318 0.0055542
0 0.530627 0.802326 0.0749729 0.145349 0.00530243
0 0.868651 0.350775 0.124093 0.172481 0.00527954
0 0.0909692 0.780039 0.112782 0.178295 0.0051384
0 0.114398 0.80814 0.143159 0.184109 0.0051384
0 0.733086 0.592054 0.459855 0.662791 0.756348
0 0.242531 0.585271 0.406857 0.637597 0.754395
0 0.247863 0.703246 0.449191 0.484981 0.197388
0 0.730178 0.534399 0.390699 0.541667 0.182983
0 0.725169 0.697917 0.496372 0.507267 0.0621033
0 0.265717 0.527616 0.303608 0.489341 0.0577087
0 0.557772 0.184593 0.0866066 0.118217 0.0518494
0 0.27727 0.695736 0.351597 0.414729 0.0307922
0 0.569406 0.185562 0.120215 0.123062 0.0302734
0 0.265717 0.440891 0.284218 0.28876 0.026413
0 0.200035 0.445736 0.142836 0.286822 0.0230255
0 0.109066 0.729651 0.193572 0.374031 0.0227203
0 0.734056 0.442829 0.491525 0.868217 0.0215302
0 0.0912924 0.69186 0.167396 0.290698 0.0214539
0 0.713535 0.415698 0.230089 0.286822 0.0212402
0 0.223626 0.435078 0.177091 0.264535 0.0200195
0 0.723876 0.525194 0.28438 0.5 0.014389
0 0.18921 0.496609 0.1535 0.390504 0.0138474
0 0.752314 0.422481 0.261112 0.300388 0.0133286
0 0.153016 0.58188 0.129264 0.293605 0.0133286
0 0.535151 0.736434 0.160287 0.397287 0.0128708
0 0.127971 0.605136 0.106642 0.13469 0.0126266
0 0.714828 0.379845 0.165457 0.189922 0.0125275
0 0.540968 0.790698 0.131849 0.25969 0.0124817
0 0.309263 0.36531 0.215224 0.174419 0.0122375
0 0.125224 0.784884 0.203267 0.275194 0.0115509
0 0.74068 0.377423 0.197773 0.204457 0.0113297
0 0.147684 0.540213 0.219102 0.473837 0.0104065
0 0.0974324 0.773498 0.169012 0.340601 0.0102081
0 0.564236 0.752907 0.149946 0.372093 0.01017
0 0.860895 0.375 0.115045 0.20155 0.00989532
0 0.85314 0.314922 0.0646318 0.0872093 0.00985718
0 0.381004 0.340116 0.0723876 0.135659 0.00978088
0 0.923588 0.765504 0.116337 0.26938 0.00978088
0 0.56165 0.162912 0.125386 0.17999 0.00963593
0 0.769765 0.752907 0.434326 0.422481 0.00963593
0 0.199066 0.369186 0.0885456 0.143411 0.00888062
0 0.824702 0.421512 0.299892 0.310078 0.00844574
0 0.300538 0.36531 0.0878992 0.143411 0.00812531
0 0.928112 0.693798 0.11763 0.346899 0.00740433
0 0.678634 0.406008 0.164165 0.247093 0.00717545
0 0.887394 0.78876 0.187432 0.286822 0.00712204
0 0.58928 0.205305 0.170951 0.159157 0.00701141
0 0.893858 0.406492 0.164165 0.275194 0.00695801
0 0.745205 0.369186 0.115045 0.195736 0.00679779
0 0.118761 0.573159 0.218779 0.524225 0.00674438
0 0.340933 0.411337 0.168043 0.29845 0.0064621
0 0.388437 0.322674 0.0659244 0.147287 0.00634003
0 0.589442 0.179748 0.164165 0.143411 0.00629044
0 0.26499 0.393411 0.176445 0.20155 0.00614548
0 0.727754 0.604651 0.461471 0.616279 0.916016
0 0.259497 0.600775 0.411058 0.596899 0.848145
0 0.0964629 0.66376 0.164488 0.244186 0.0158997
0 0.729047 0.461725 0.281795 0.35562 0.014389
0 0.133141 0.58624 0.0846676 0.0988372 0.0137405
0 0.0662476 0.643411 0.102765 0.193798 0.0134277
0 0.237522 0.500485 0.221687 0.293605 0.0129242
0 0.134596 0.590116 0.0979171 0.145349 0.0108185
0 0.275978 0.703488 0.413643 0.399225 0.0104065
0 0.714181 0.540698 0.363231 0.50969 0.0100098
0 0.0688329 0.661822 0.113752 0.251938 0.00898743
0 0.886748 0.799419 0.175798 0.236434 0.00881195
0 0.399424 0.614341 0.104703 0.153101 0.00871277
0 0.900967 0.772287 0.129264 0.20155 0.0085144
0 0.590088 0.186531 0.153824 0.113372 0.00703812
0 0.310152 0.528101 0.265152 0.329457 0.0069046
0 0.757485 0.510659 0.476983 0.753876 0.00677109
0 0.184847 0.557655 0.153824 0.146318 0.00669098
0 0.725169 0.416667 0.243016 0.273256 0.00605011
0 0.549047 0.800388 0.106642 0.217054 0.00593567
0 0.37131 0.67345 0.168689 0.290698 0.00542831
0 0.200359 0.487403 0.171921 0.366279 0.00538635
0 0.246086 0.439923 0.217486 0.300388 0.00518036
0 0.377126 0.580426 0.128617 0.133721 0.00516129
0 0.855725 0.366279 0.100826 0.16376 0.00492477
0 0.85831 0.339147 0.0904845 0.129845 0.00469971
0 0.758777 0.383721 0.14736 0.199612 0.0046463
0 0.0978768 0.623062 0.175879 0.292636 0.00453949
0 0.312495 0.36531 0.120215 0.150194 0.00439835
0 0.90743 0.718023 0.160287 0.25969 0.00429916
0 0.816946 0.427326 0.219748 0.30814 0.00424957
0 0.0971093 0.656735 0.117953 0.225291 0.00424957
0 0.40201 0.706395 0.135727 0.323643 0.00418091
0 0.357737 0.53343 0.127971 0.0968992 0.00415039
0 0.332854 0.47093 0.156409 0.21124 0.00397491
0 0.446929 0.741279 0.130556 0.281008 0.00397491
0 0.317019 0.421027 0.11052 0.215116 0.0039444
0 0.396193 0.580426 0.105996 0.168605 0.0039444
0 0.328249 0.537791 0.491363 0.695736 0.00380898
0 0.754899 0.411822 0.161579 0.263566 0.0037365
0 0.719352 0.403101 0.201651 0.228682 0.00370789
0 0.357091 0.514535 0.175152 0.315891 0.00363541
0 0.861542 0.416667 0.157702 0.281008 0.00359344
0 0.291409 0.437016 0.235421 0.27907 0.00349617
0 0.395223 0.327519 0.0614002 0.0872093 0.00346947
0 0.731632 0.380814 0.164165 0.184109 0.00342941
0 0.875114 0.551357 0.104703 0.120155 0.00340271
0 0.884163 0.709302 0.178384 0.372093 0.00328636
0 0.804666 0.483043 0.25982 0.41376 0.00322342
0 0.900967 0.844961 0.138312 0.153101 0.0030632
0 0.732924 0.594477 0.483446 0.648256 0.872559
0 0.266606 0.592539 0.431094 0.63469 0.78125
0 0.525133 0.431202 0.215224 0.312016 0.012825
0 0.721937 0.482558 0.38262 0.439923 0.0123367
0 0.0515438 0.599322 0.0646318 0.117248 0.0103302
0 0.860895 0.334302 0.0878992 0.139535 0.0100098
0 0.411704 0.559109 0.0762655 0.164729 0.00695801
0 0.922942 0.77907 0.103411 0.236434 0.0069046
0 0.524487 0.473837 0.197127 0.234496 0.00661469
0 0.582979 0.185078 0.139605 0.120155 0.00643921
0 0.739226 0.536337 0.460501 0.468023 0.00638962
0 0.93199 0.652132 0.121508 0.393411 0.00629044
0 0.868651 0.371124 0.118922 0.209302 0.00609589
0 0.0827691 0.592539 0.136939 0.245155 0.00588989
0 0.115206 0.575581 0.123447 0.182171 0.00584412
0 0.387468 0.50969 0.109228 0.265504 0.00559998
0 0.538706 0.781977 0.0846676 0.149225 0.00547028
0 0.238168 0.541667 0.0659244 0.0852713 0.00542831
0 0.506067 0.51938 0.146068 0.172481 0.00534439
0 0.227019 0.357558 0.107612 0.19186 0.00526047
0 0.415259 0.585756 0.0698023 0.150194 0.00526047
0 0.0636623 0.643169 0.0950087 0.236919 0.00518036
0 0.106319 0.547481 0.182908 0.329457 0.00502014
0 0.428509 0.527132 0.067217 0.23062 0.00468063
0 0.139281 0.5625 0.0743266 0.10562 0.00466537
0 0.280825 0.49031 0.434972 0.494186 0.00413513
0 0.395547 0.565892 0.0840213 0.131783 0.00388527
0 0.762655 0.35562 0.0878992 0.19186 0.00366402
0 0.301184 0.357074 0.0943624 0.181202 0.0036068
0 0.889333 0.395833 0.157702 0.270349 0.00353813
0 0.0492817 0.613857 0.0740034 0.179264 0.00345612
0 0.749082 0.378876 0.112459 0.209302 0.00317192
0 0.13815 0.577519 0.0623697 0.0813953 0.00314713
0 0.206175 0.360465 0.0743266 0.160853 0.00312424
0 0.866066 0.410368 0.193895 0.297481 0.00312424
0 0.518347 0.370155 0.296014 0.455426 0.0030632
0 0.0636623 0.732558 0.0727108 0.135659 0.0030632
0 0.78463 0.383721 0.156409 0.234496 0.00298119
0 0.263051 0.361919 0.166104 0.192829 0.00296974
0 0.372925 0.485465 0.129264 0.255814 0.00292397
0 0.0948472 0.639293 0.119892 0.26405 0.00286674
0 0.588149 0.196221 0.152531 0.161822 0.00284576
0 0.0466965 0.715116 0.0681865 0.147287 0.00277901
0 0.80919 0.358527 0.134434 0.195736 0.0027256
0 0.363554 0.435562 0.14736 0.375 0.0027256
0 0.322513 0.362403 0.130556 0.19186 0.00271416
0 0.390053 0.327035 0.0646318 0.142442 0.0026722
0 0.105188 0.722868 0.0843445 0.112403 0.00263214
0 0.53806 0.810078 0.0898382 0.228682 0.00263214
0 0.145098 0.538275 0.193249 0.278101 0.00260162
0 0.718705 0.614826 0.487324 0.650194 0.863281
0 0.245924 0.614341 0.456947 0.639535 0.839355
0 0.270888 0.540213 0.37341 0.530039 0.0903931
0 0.730339 0.531492 0.381328 0.535853 0.0698242
0 0.582332 0.181202 0.171921 0.135659 0.0614319
0 0.276947 0.666667 0.372279 0.449612 0.0531921
0 0.322432 0.710271 0.291005 0.374031 0.0287018
0 0.387791 0.667636 0.148653 0.271318 0.0257568
0 0.0232674 0.972868 0.0413643 0.0542636 0.024231
0 0.129264 0.749031 0.187109 0.29845 0.0218658
0 0.900321 0.792636 0.140897 0.228682 0.021698
0 0.576192 0.167636 0.199712 0.209302 0.0178528
0 0.40104 0.639535 0.105996 0.217054 0.0170441
0 0.915832 0.75 0.111167 0.207364 0.0160217
0 0.959782 0.773256 0.0659244 0.244186 0.0139542
0 0.877053 0.76938 0.193895 0.271318 0.0122375
0 0.966892 0.79845 0.056876 0.224806 0.0119171
0 0.39587 0.773256 0.127325 0.213178 0.0118713
0 0.268545 0.502907 0.292136 0.457364 0.0110321
0 0.2435 0.466085 0.248509 0.375969 0.0108185
0 0.982153 0.74031 0.0356938 0.51938 0.0104065
0 0.383267 0.740068 0.151238 0.279554 0.0103302
0 0.19131 0.969961 0.042657 0.0445736 0.00800323
0 0.198581 0.459302 0.229766 0.391473 0.00790405
0 0.590896 0.784884 0.209084 0.265504 0.0078125
0 0.99508 0.699612 0.00984106 0.600775 0.00769424
0 0.90226 0.716812 0.162872 0.349322 0.00723267
0 0.547431 0.765504 0.102118 0.228682 0.0068512
0 0.136535 0.585271 0.0626928 0.0794573 0.00669098
0 0.357414 0.449128 0.165457 0.283915 0.00661469
0 0.680573 0.217175 0.400717 0.412548 0.00634003
0 0.322189 0.433624 0.206175 0.297481 0.00634003
0 0.345861 0.446705 0.200197 0.343023 0.00631332
0 0.327683 0.443798 0.143483 0.228682 0.00629044
0 0.694307 0.340601 0.50639 0.527132 0.00624084
0 0.401363 0.791667 0.105996 0.18217 0.005867
0 0.380035 0.560562 0.1228 0.117248 0.00577545
0 0.124416 0.792636 0.190987 0.224806 0.00557709
0 0.858956 0.29845 0.0620465 0.0639535 0.00551224
0 0.148976 0.782946 0.230735 0.263566 0.00544739
0 0.678634 0.506783 0.581686 0.819768 0.00538635
0 0.9563 0.725775 0.0873992 0.30814 0.00527954
0 0.64761 0.310199 0.299892 0.443556 0.00518036
0 0.541291 0.79845 0.101472 0.232558 0.0049057
0 0.980537 0.647529 0.0389254 0.704942 0.00477219
0 0.110359 0.70906 0.195511 0.345446 0.00475693
0 0.904199 0.819768 0.178384 0.224806 0.00462723
0 0.272181 0.430233 0.209245 0.296512 0.00453949
0 0.134596 0.493217 0.267252 0.484496 0.00453949
0 0.294075 0.495155 0.49508 0.676357 0.00453949
0 0.254649 0.601744 0.452422 0.643411 0.815918
0 0.732278 0.589632 0.457593 0.623062 0.774414
0 0.547431 0.837209 0.0982403 0.174419 0.149048
0 0.550663 0.809109 0.103411 0.236434 0.0812378
0 0.738095 0.547481 0.37745 0.525194 0.0453491
0 0.74068 0.393895 0.157702 0.227713 0.0414734
0 0.130556 0.764535 0.162872 0.277132 0.032959
0 0.213608 0.434109 0.097594 0.282946 0.0326538
0 0.119569 0.693556 0.190664 0.298934 0.0299835
0 0.136696 0.59593 0.0878992 0.0930233 0.0269623
0 0.25368 0.40407 0.169982 0.227713 0.0251312
0 0.241077 0.368217 0.134434 0.16376 0.0222473
0 0.71612 0.405523 0.201651 0.25969 0.0219421
0 0.253922 0.43314 0.192764 0.300388 0.0205231
0 0.27113 0.377907 0.19131 0.182171 0.0202179
0 0.195996 0.48062 0.0988866 0.176357 0.0170441
0 0.214578 0.376938 0.0878992 0.187985 0.0159607
0 0.570052 0.718023 0.129264 0.277132 0.0157776
0 0.222657 0.457364 0.143483 0.315891 0.0155411
0 0.0993714 0.679264 0.158348 0.236434 0.0154877
0 0.657952 0.399225 0.0827287 0.21124 0.0141754
0 0.570052 0.781008 0.130556 0.246124 0.014061
0 0.749729 0.371124 0.133141 0.199612 0.0127258
0 0.287611 0.368217 0.149299 0.158915 0.0110321
0 0.282118 0.553779 0.356767 0.526163 0.0110321
0 0.158186 0.565892 0.129587 0.155039 0.0104065
0 0.112096 0.73813 0.162953 0.310562 0.01017
0 0.286642 0.419089 0.151885 0.245155 0.00993347
0 0.859603 0.353682 0.0982404 0.155039 0.00963593
0 0.772996 0.347868 0.109874 0.155039 0.00948334
0 0.87059 0.341085 0.0827287 0.122093 0.00926971
0 0.858956 0.32219 0.0930698 0.100775 0.00905609
0 0.0598652 0.631541 0.0922619 0.167151 0.00854492
0 0.550986 0.736434 0.100179 0.271318 0.00751877
0 0.230251 0.350775 0.110844 0.17345 0.00734711
0 0.043788 0.631541 0.0678634 0.140019 0.00656509
0 0.391022 0.325581 0.0555833 0.0920543 0.00582123
0 0.145745 0.585271 0.221041 0.589147 0.00568771
0 0.292782 0.489826 0.311525 0.382752 0.00540543
0 0.0393446 0.605136 0.0625313 0.101744 0.00526047
0 0.590573 0.69937 0.158025 0.271802 0.0049057
0 0.312495 0.437016 0.133788 0.251938 0.00477219
0 0.620465 0.583333 0.195188 0.556202 0.00475693
0 0.0908077 0.833333 0.100826 0.143411 0.00436401
0 0.600914 0.787791 0.189048 0.21124 0.00429916
0 0.871237 0.383721 0.0904845 0.21124 0.00428009
0 0.608185 0.649225 0.164165 0.335271 0.00428009
0 0.138474 0.699612 0.203913 0.410853 0.00428009
0 0.39587 0.315891 0.0646318 0.0968992 0.00415039
0 0.412351 0.601744 0.0710949 0.131783 0.00413513
0 0.714828 0.605136 0.478275 0.626938 0.820312
0 0.249156 0.598837 0.424631 0.608527 0.774414
0 0.249479 0.738614 0.425277 0.344477 0.349609
0 0.261678 0.681928 0.384074 0.453973 0.128052
0 0.727592 0.542151 0.377773 0.531977 0.0368347
0 0.259173 0.446705 0.279209 0.339147 0.0328979
0 0.571991 0.207849 0.184847 0.171512 0.0189056
0 0.0551794 0.657219 0.0874145 0.228198 0.0177155
0 0.547431 0.81686 0.100826 0.22093 0.0175781
0 0.562297 0.184109 0.187432 0.17345 0.0158997
0 0.706425 0.648983 0.387791 0.519864 0.0156708
0 0.319281 0.435078 0.166104 0.30814 0.0144501
0 0.10842 0.684109 0.159964 0.286822 0.0142822
0 0.186786 0.453488 0.148007 0.325581 0.0137405
0 0.124255 0.763566 0.148976 0.166667 0.0137405
0 0.253276 0.437984 0.188886 0.310078 0.0135345
0 0.135767 0.746124 0.186705 0.292636 0.0132217
0 0.384559 0.7328 0.151238 0.294089 0.0131683
0 0.900321 0.796512 0.116337 0.209302 0.0127716
0 0.12587 0.784884 0.165781 0.215116 0.0125732
0 0.139928 0.581395 0.0652781 0.0872093 0.0115967
0 0.0481507 0.616279 0.071095 0.147287 0.0115051
0 0.25473 0.494671 0.319119 0.435078 0.0109863
0 0.557126 0.153222 0.19131 0.232316 0.0104065
0 0.285996 0.402132 0.141544 0.234496 0.00963593
0 0.305789 0.698643 0.311364 0.381783 0.00963593
0 0.536121 0.856589 0.0859603 0.131783 0.00930023
0 0.393284 0.653101 0.116984 0.248062 0.00919342
0 0.810483 0.437016 0.226211 0.339147 0.0088501
0 0.763948 0.447674 0.306355 0.362403 0.00874329
0 0.145098 0.570736 0.0801434 0.113372 0.00800323
0 0.34376 0.443314 0.196642 0.341085 0.00775528
0 0.31411 0.415698 0.130556 0.256783 0.00769424
0 0.67928 0.725775 0.381328 0.354651 0.00763702
0 0.563589 0.78876 0.127971 0.244186 0.00698471
0 0.762655 0.398256 0.14219 0.238372 0.00661469
0 0.400717 0.767442 0.109874 0.22093 0.00658798
0 0.841506 0.375484 0.112459 0.195736 0.0064888
0 0.864773 0.426357 0.157702 0.323643 0.00634003
0 0.344811 0 0.689621 0 0.00588989
0 0.173496 0.481105 0.189452 0.376938 0.00584412
0 0.175798 0.507752 0.132495 0.218992 0.0055542
0 0.867359 0.376938 0.105996 0.199612 0.00544739
0 0.186463 0.775194 0.307001 0.248062 0.00530243
0 0.730986 0.394864 0.161579 0.225775 0.00519943
0 0.690914 0.47093 0.526103 0.686047 0.00518036
0 0.215224 0.363372 0.0840213 0.151163 0.00492477
0 0.56779 0.259811 0.185493 0.263324 0.00482941
0 0.369047 0.674419 0.173213 0.368217 0.00453949
0 0.555187 0.318314 0.306355 0.429264 0.00443268
0 0.739226 0.600775 0.470843 0.656977 0.903809
0 0.26596 0.597384 0.436265 0.63469 0.84375
0 0.276947 0.677326 0.378096 0.437984 0.0250397
0 0.0519478 0.66376 0.0770734 0.253876 0.0122375
0 0.0439496 0.624031 0.0623697 0.176357 0.0121002
0 0.73147 0.545058 0.398455 0.537791 0.0119171
0 0.387144 0.730378 0.157702 0.291182 0.00712204
0 0.0455654 0.683866 0.0617234 0.221415 0.0064621
0 0.116701 0.771318 0.157621 0.273256 0.0064621
0 0.899028 0.820736 0.120215 0.186047 0.00629044
0 0.0675402 0.734254 0.085314 0.256298 0.00626373
0 0.0328814 0.968992 0.048797 0.0620155 0.00475693
0 0.88287 0.796512 0.152531 0.234496 0.00446701
0 0.541938 0.812985 0.0963014 0.222868 0.00436401
0 0.2578 0.486919 0.457755 0.723837 0.00426483
0 0.394577 0.76938 0.133788 0.228682 0.00392914
0 0.361615 0.705184 0.207468 0.364826 0.00388527
0 0.0433033 0.746124 0.056876 0.104651 0.00385475
0 0.0508167 0.587694 0.0780429 0.175388 0.00366402
0 0.194219 0.97093 0.0458886 0.0542636 0.00356483
0 0.273473 0.547965 0.316534 0.541667 0.00349617
0 0.0849908 0.675388 0.110844 0.26938 0.00345612
0 0.12684 0.735465 0.17903 0.341085 0.00344276
0 0.107612 0.725775 0.117307 0.296512 0.00336266
0 0.702547 0.475291 0.548078 0.739341 0.00318527
0 0.737037 1 0.525926 0 0.00287819
0 0.276624 0.453973 0.261759 0.34593 0.00269318
0 0.388437 0.648983 0.133141 0.233043 0.00269318
0 0.904845 0.858527 0.111167 0.116279 0.0024929
0 0.348688 0 0.697377 0 0.00247192
0 0.0832134 0.813954 0.0875761 0.197674 0.0024147
0 0.772908 0 0.454185 0 0.00235939
0 0.210538 0.434109 0.11666 0.290698 0.00230598
0 0.211669 0.370155 0.0801434 0.158915 0.00215721
0 0.527395 0.513081 0.0853139 0.100775 0.00215721
0 0.548724 0.767684 0.112459 0.313469 0.00214005
0 0.0579262 0.512597 0.0773966 0.182171 0.00211525
0 0.230412 0.424419 0.144129 0.267442 0.00201988
0 0.572315 0.185562 0.116984 0.141473 0.0019722
0 0.528365 0.42345 0.185493 0.283915 0.00191212
0 0.714666 0.334423 0.44499 0.515262 0.00188923
0 0.690017 0 0.619965 0 0.00183868
0 0.871883 0.7672 0.177091 0.28343 0.00182438
0 0.579747 0.210756 0.146068 0.165698 0.00181007
0 0.571991 0.165698 0.129264 0.188954 0.00175476
0 0.493787 0 0.752314 0 0.00174809
0 0.243016 0.746366 0.399424 0.317345 0.00173378
0 0.160933 0.806202 0.281148 0.251938 0.00161648
0 0.372925 0.486434 0.677341 0.833333 0.00153065
0 0.12684 0.603682 0.0946856 0.125969 0.00150681
0 0.254326 0.585271 0.451776 0.618217 0.777344
0 0.733571 0.589147 0.488616 0.641473 0.769043
0 0.392961 0.669574 0.112459 0.26938 0.00933838
0 0.389083 0.692829 0.137019 0.315891 0.0088501
0 0.57393 0.177326 0.109874 0.119186 0.0068512
0 0.270807 0.667636 0.384559 0.445736 0.00664139
0 0.553248 0.817829 0.111167 0.217054 0.00570679
0 0.0515438 0.671512 0.0811129 0.251938 0.00564194
0 0.26491 0.454457 0.310394 0.339147 0.0051384
0 0.575869 0.156977 0.129264 0.172481 0.00445175
0 0.246247 0.446705 0.231382 0.30814 0.00416565
0 0.197612 0.45155 0.181292 0.321705 0.00411606
0 0.0835366 0.671512 0.137989 0.265504 0.00353813
0 0.14122 0.578488 0.0633391 0.0852713 0.00335121
0 0.864127 0.366764 0.105996 0.172481 0.00331116
0 0.118963 0.787791 0.153743 0.195736 0.00329781
0 0.0424954 0.736434 0.0555833 0.100775 0.00312424
0 0.11048 0.743217 0.0912116 0.122093 0.00294685
0 0.866066 0.422481 0.139605 0.292636 0.00293541
0 0.0452422 0.65407 0.0647934 0.218992 0.00281143
0 0.568437 0.769622 0.137666 0.297965 0.00277901
0 0.859603 0.339147 0.0878992 0.127907 0.00271416
0 0.714181 0.485344 0.497665 0.730862 0.00268364
0 0.211023 0.373062 0.0859603 0.158915 0.0026207
0 0.14526 0.563954 0.0785276 0.106589 0.00260162
0 0.274039 0.414729 0.176445 0.261628 0.00251198
0 0.207468 0.426357 0.0943624 0.26938 0.002388
0 0.404595 0.588178 0.083375 0.137597 0.00233269
0 0.0563912 0.753876 0.0694792 0.108527 0.00209045
0 0.400071 0.75969 0.129264 0.209302 0.00208282
0 0.271777 0.514535 0.369047 0.468992 0.00202751
0 0.752314 0.355136 0.108581 0.161822 0.00199509
0 0.270161 0.494671 0.499604 0.770349 0.00198746
0 0.145139 0.804264 0.224838 0.226744 0.00197983
0 0.302396 0.416182 0.13201 0.258721 0.00195694
0 0.534505 0.854651 0.0736802 0.135659 0.00195694
0 0.719352 0.327641 0.427862 0.519138 0.00192642
0 0.0402333 0.751938 0.0536444 0.0775194 0.00185299
0 0.383267 0.593992 0.113752 0.149225 0.0018034
0 0.787215 0.342054 0.0969477 0.147287 0.00176811
0 0.148815 0.471899 0.247217 0.397287 0.00175476
0 0.196804 0.802326 0.350951 0.242248 0.00171375
0 0.757485 0.386628 0.144775 0.226744 0.00168133
0 0.654074 0.280887 0.342548 0.391715 0.00168133
0 0.217001 0.354167 0.0798203 0.161822 0.0016613
0 0.720644 0.383721 0.171921 0.218023 0.00163555
0 0.129587 0.74031 0.164165 0.304264 0.00162888
0 0.651327 0.749031 0.318312 0.352713 0.0015974
0 0.915832 0.765504 0.0930698 0.20155 0.00156116
0 0.679926 0.352229 0.0904845 0.164729 0.00153637
0 0.258527 0.580426 0.435618 0.633721 0.91748
0 0.731793 0.581395 0.465026 0.658915 0.888184
0 0.0452422 0.597868 0.0636623 0.118217 0.00477219
0 0.864127 0.361434 0.103411 0.174419 0.00468063
0 0.388437 0.343992 0.0723876 0.129845 0.00352478
0 0.869944 0.406977 0.130556 0.281008 0.00340271
0 0.566821 0.182655 0.0827286 0.119186 0.00305176
0 0.0498473 0.624516 0.074165 0.159884 0.00305176
0 0.2107 0.375485 0.083375 0.162791 0.00261116
0 0.194219 0.968023 0.0478275 0.0426357 0.00253105
0 0.352243 0.40407 0.156409 0.265504 0.00250244
0 0.205044 0.446705 0.134111 0.310078 0.0024147
0 0.893211 0.424419 0.170628 0.321705 0.0024147
0 0.132334 0.796512 0.179353 0.209302 0.00216484
0 0.327683 0.377907 0.120215 0.180233 0.00204277
0 0.395223 0.325581 0.0756192 0.125969 0.00201035
0 0.0600268 0.678295 0.0861218 0.218992 0.00188255
0 0.572638 0.187016 0.118922 0.125 0.00185299
0 0.0495241 0.588178 0.0770734 0.156977 0.00181007
0 0.217324 0.356589 0.0778813 0.162791 0.00167465
0 0.271777 0.50969 0.376803 0.482558 0.00158501
0 0.90743 0.805233 0.113752 0.215116 0.00156116
0 0.205529 0.456395 0.216516 0.354651 0.0014782
0 0.14833 0.567345 0.0950087 0.121124 0.00146675
0 0.25368 0.415213 0.18614 0.245155 0.00146103
0 0.165781 0.468023 0.216516 0.374031 0.00145531
0 0.0272261 0.97093 0.0297306 0.0426357 0.00144958
0 0.35806 0.358527 0.131849 0.172481 0.00139904
0 0.670878 0.352713 0.0775581 0.156977 0.00127888
0 0.557126 0.800388 0.111167 0.22093 0.00123501
0 0.818238 0.342054 0.116337 0.162791 0.0012064
0 0.32122 0.411337 0.124093 0.245155 0.0012064
0 0.100179 0.783915 0.131849 0.21124 0.00119209
0 0.142028 0.585271 0.0668939 0.0833333 0.00117874
0 0.259497 0.458333 0.317342 0.364341 0.0011692
0 0.707718 0.393411 0.18614 0.227713 0.00112438
0 0.399424 0.341085 0.0943624 0.160853 0.0011158
0 0.12276 0.787791 0.129344 0.20155 0.0011158
0 0.534828 0.887597 0.0665708 0.0697674 0.00109482
0 0.652781 0.367248 0.0736802 0.181202 0.00106049
0 0.0421722 0.71124 0.054937 0.135659 0.00104046
0 0.903552 0.762597 0.113752 0.187984 0.00102806
0 0.563589 0.76938 0.116337 0.224806 0.00101662
0 0.732278 0.596415 0.496372 0.661822 0.864746
0 0.259901 0.593023 0.440627 0.635659 0.864258
0 0.0467773 0.656977 0.0780429 0.242248 0.0158386
0 0.0410412 0.609496 0.0656013 0.164729 0.0115051
0 0.87059 0.373062 0.121508 0.186047 0.00841522
0 0.898382 0.429264 0.175798 0.304264 0.00748825
0 0.255296 0.473837 0.306355 0.372093 0.00542831
0 0.362584 0.42781 0.16675 0.28876 0.00530243
0 0.900967 0.528585 0.170628 0.522287 0.00439835
0 0.569406 0.178295 0.143483 0.126938 0.00416565
0 0.0378904 0.738372 0.0547754 0.112403 0.0039444
0 0.0438688 0.578488 0.071095 0.180233 0.00390053
0 0.130193 0.790698 0.189452 0.228682 0.00365067
0 0.0655205 0.728682 0.0954935 0.215116 0.00359344
0 0.397809 0.714147 0.158348 0.339147 0.00331116
0 0.199066 0.453488 0.159641 0.317829 0.00269318
0 0.243177 0.442829 0.210376 0.296512 0.00256157
0 0.390053 0.343023 0.0782045 0.116279 0.0024929
0 0.565851 0.800388 0.142836 0.255814 0.00237846
0 0.280583 0.678295 0.401848 0.420543 0.00236893
0 0.40718 0.633721 0.103411 0.205426 0.00217438
0 0.574577 0.155523 0.157702 0.184109 0.00213242
0 0.0379712 0.545543 0.0562297 0.251938 0.00208282
0 0.553894 0.807171 0.115045 0.218992 0.00181007
0 0.576839 0.761386 0.151885 0.30281 0.00177479
0 0.118922 0.73062 0.14219 0.218992 0.00172043
0 0.282441 0.436047 0.270161 0.296512 0.00167465
0 0.0496857 0.521802 0.0793355 0.270349 0.0016489
0 0.0878992 0.66376 0.116014 0.238372 0.0016489
0 0.153177 0.449612 0.232028 0.395349 0.00152493
0 0.3949 0.412791 0.120215 0.263566 0.00151253
0 0.171597 0.476744 0.173213 0.341085 0.00151253
0 0.266364 0.53876 0.357899 0.507752 0.0014782
0 0.339963 0.395349 0.143483 0.217054 0.00146103
0 0.917771 0.757752 0.103411 0.22093 0.00141048
0 0.952673 0.411337 0.0698023 0.250969 0.00140476
0 0.904845 0.712209 0.157702 0.341085 0.00139904
0 0.912601 0.792636 0.126678 0.232558 0.00136185
0 0.946856 0.71124 0.085314 0.22093 0.00131989
0 0.209569 0.376938 0.089515 0.168605 0.00129986
0 0.536444 0.399709 0.250771 0.349806 0.00129414
0 0.598329 0.790698 0.227827 0.267442 0.0012846
0 0.0788508 0.823643 0.0820824 0.162791 0.0012598
0 0.179353 0.791667 0.304416 0.238372 0.0012598
0 0.859603 0.349806 0.100826 0.153101 0.00125504
0 0.937807 0.390504 0.100826 0.263566 0.00124931
0 0.711596 0.402132 0.201651 0.23062 0.00123501
0 0.3949 0.377907 0.108581 0.213178 0.00122547
0 0.0982403 0.621609 0.114721 0.17345 0.0012207
0 0.152693 0.773256 0.2414 0.25969 0.00121593
0 0.265637 0.590116 0.453715 0.625969 0.790039
0 0.740034 0.602713 0.478275 0.635659 0.788086
0 0.235906 0.450581 0.25982 0.335271 0.00661469
0 0.896443 0.417636 0.177091 0.300388 0.00619125
0 0.0416067 0.645349 0.0651165 0.242248 0.00598145
0 0.884163 0.389535 0.144775 0.219961 0.00591278
0 0.0368401 0.594477 0.0578455 0.156008 0.00508118
0 0.203267 0.446705 0.159641 0.306202 0.00502014
0 0.246247 0.434109 0.201651 0.27907 0.00479126
0 0.581848 0.189075 0.136696 0.119913 0.00436401
0 0.23833 0.512112 0.309263 0.473837 0.00397491
0 0.665869 0.539729 0.255619 0.544574 0.00391388
0 0.713535 0.399709 0.183554 0.223837 0.00382423
0 0.356444 0.417151 0.17386 0.297481 0.00370789
0 0.674756 0.40407 0.157702 0.228682 0.00365067
0 0.720644 0.424419 0.231382 0.290698 0.00355148
0 0.213931 0.374031 0.0885456 0.155039 0.00322342
0 0.391669 0.336725 0.0723876 0.121124 0.00311089
0 0.276947 0.39438 0.158348 0.213178 0.00304031
0 0.325744 0.382752 0.130556 0.195736 0.00263214
0 0.0392638 0.67999 0.0555833 0.236919 0.00250244
0 0.725007 0.530039 0.367432 0.527132 0.00237846
0 0.206499 0.393411 0.0924235 0.20155 0.00225258
0 0.64761 0.374031 0.0749729 0.187984 0.00221634
0 0.323159 0.422965 0.116337 0.261628 0.00208282
0 0.660537 0.391473 0.0995329 0.21124 0.00202751
0 0.171436 0.465116 0.174183 0.352713 0.00194168
0 0.0454038 0.569767 0.0762655 0.217054 0.00192642
0 0.036517 0.544574 0.0552602 0.275194 0.00190449
0 0.308294 0.375 0.0969477 0.194767 0.00162888
0 0.0616426 0.694041 0.0867682 0.297965 0.00154305
0 0.156732 0.439438 0.227504 0.400194 0.00152493
0 0.683158 0.367248 0.1228 0.180233 0.00148392
0 0.860895 0.360465 0.107289 0.180233 0.0014267
0 0.358383 0.364341 0.146068 0.189922 0.00142097
0 0.903552 0.547481 0.157702 0.397287 0.00134563
0 0.0532404 0.501454 0.0912924 0.343992 0.00133514
0 0.793032 0.38469 0.162872 0.205426 0.00122547
0 0.641794 0.335271 0.0723876 0.19186 0.00120163
0 0.906138 0.821705 0.113752 0.182171 0.00119686
0 0.579747 0.160732 0.131849 0.186289 0.00118351
0 0.904845 0.746124 0.118922 0.166667 0.00112438
0 0.405241 0.40407 0.104703 0.27907 0.00107288
0 0.588149 0.223353 0.156409 0.194767 0.00106049
0 0.34061 0.45155 0.0866066 0.210271 0.00105667
0 0.116822 0.765504 0.158025 0.271318 0.00105286
0 0.624343 0.596415 0.192603 0.66376 0.00103188
0 0.897089 0.790698 0.140897 0.228682 0.00102425
0 0.925527 0.418605 0.121508 0.28876 0.00102043
0 0.277917 0.712209 0.414936 0.368217 0.00100803
0 0.255296 0.593023 0.436911 0.614341 0.868652
0 0.732924 0.594961 0.457593 0.635659 0.849121
0 0.0428186 0.647529 0.069156 0.23595 0.012825
0 0.279856 0.48062 0.385205 0.403101 0.012146
0 0.893211 0.419574 0.175798 0.284884 0.0107803
0 0.577485 0.189922 0.137666 0.135659 0.0106506
0 0.881578 0.387597 0.14219 0.218992 0.0106506
0 0.0392638 0.598353 0.0646318 0.15407 0.00926971
0 0.0515438 0.664486 0.0840213 0.252423 0.00743103
0 0.354505 0.427326 0.164811 0.281008 0.00518036
0 0.249802 0.443798 0.234613 0.303295 0.00503922
0 0.0420107 0.695736 0.0614002 0.207364 0.00503922
0 0.329945 0.43314 0.121508 0.253876 0.00457382
0 0.904845 0.785853 0.109874 0.209302 0.00418091
0 0.910016 0.744186 0.0943624 0.149225 0.00408554
0 0.873822 0.361434 0.1228 0.175388 0.00400543
0 0.906138 0.831395 0.104703 0.170543 0.00379562
0 0.124376 0.790698 0.157136 0.205426 0.00366402
0 0.0633392 0.70155 0.0946856 0.261628 0.00340271
0 0.363877 0.477229 0.151238 0.206395 0.00336266
0 0.0438688 0.568798 0.0770734 0.197674 0.00324821
0 0.297306 0.37936 0.120215 0.18314 0.00314713
0 0.199712 0.449612 0.16675 0.313954 0.00304031
0 0.19228 0.968992 0.0517054 0.0465116 0.00302696
0 0.40815 0.611919 0.0872529 0.156008 0.00284576
0 0.3949 0.763566 0.14736 0.213178 0.00282288
0 0.32122 0.375969 0.113752 0.174419 0.00275803
0 0.346426 0.478198 0.0982403 0.168605 0.00275803
0 0.897089 0.707364 0.14736 0.236434 0.00252151
0 0.389083 0.337209 0.0685097 0.107558 0.00234985
0 0.0300538 0.953488 0.0465349 0.0813954 0.00218201
0 0.904845 0.575097 0.14736 0.233527 0.00213242
0 0.586857 0.208818 0.158994 0.170543 0.00209045
0 0.212315 0.366279 0.0814361 0.145349 0.00209045
0 0.872529 0.546996 0.121508 0.130814 0.00206757
0 0.117307 0.746124 0.107935 0.131783 0.00204277
0 0.220071 0 0.440142 0 0.00197983
0 0.957843 0.659157 0.0620465 0.142926 0.00174809
0 0.165134 0.476744 0.160287 0.302326 0.0017271
0 0.040718 0.547481 0.0685097 0.281008 0.00171375
0 0.370663 0.55814 0.138958 0.123062 0.00166798
0 0.582817 0.16267 0.150269 0.180475 0.00163555
0 0.0381328 0.899225 0.0517054 0.19186 0.00161648
0 0.953965 0.703488 0.0620465 0.184109 0.0015974
0 0.0654397 0.504845 0.119246 0.346899 0.00158501
0 0.411704 0.554264 0.071095 0.109496 0.00158501
0 0.334146 0 0.668293 0 0.00157356
0 0.0571183 0.875969 0.0777197 0.120155 0.00156116
0 0.934576 0.419574 0.0982403 0.26938 0.00150681
0 0.0474236 0.924419 0.0754576 0.143411 0.00150681
0 0.732278 0.593508 0.465349 0.623062 0.875
0 0.261759 0.587209 0.438204 0.608527 0.871582
0 0.237522 0.453973 0.29666 0.325581 0.00905609
0 0.0452422 0.643411 0.0672171 0.224806 0.00815582
0 0.0412028 0.593508 0.0584918 0.132752 0.00812531
0 0.19842 0.459302 0.213931 0.319767 0.00455475
0 0.191472 0.973837 0.040718 0.0368217 0.00402451
0 0.866066 0.364341 0.100826 0.156977 0.00367928
0 0.580393 0.187016 0.118922 0.110465 0.00359344
0 0.234775 0.437016 0.180646 0.275194 0.00333786
0 0.350951 0.424419 0.173213 0.281008 0.00294685
0 0.893211 0.425388 0.168043 0.286822 0.00254059
0 0.32122 0.425388 0.103411 0.251938 0.00240517
0 0.321866 0.377907 0.103411 0.176357 0.00234222
0 0.390376 0.333333 0.0646318 0.0949613 0.00205803
0 0.899674 0.510659 0.155116 0.482558 0.00196457
0 0.123608 0.791667 0.170951 0.217054 0.00189686
0 0.919064 0.733527 0.0775581 0.145349 0.00183868
0 0.357414 0.464632 0.162872 0.268411 0.00182438
0 0.712242 0.396318 0.18614 0.217054 0.00181007
0 0.910016 0.699612 0.126678 0.236434 0.00177479
0 0.293994 0.425872 0.135888 0.26938 0.00176144
0 0.910662 0.831395 0.0969477 0.162791 0.00174809
0 0.745851 0.375485 0.108581 0.17345 0.00170708
0 0.0418491 0.700581 0.0584918 0.193798 0.0017004
0 0.0436265 0.580426 0.0704487 0.174419 0.00167465
0 0.158348 0.516957 0.137666 0.204457 0.00166798
0 0.95655 0.666424 0.0646318 0.155523 0.0016489
0 0.878992 0.444767 0.162872 0.356589 0.00162888
0 0.908723 0.775194 0.100826 0.213178 0.00162888
0 0.866066 0.422481 0.14736 0.281008 0.0015974
0 0.276947 0.425872 0.22815 0.281977 0.0015974
0 0.215547 0.367248 0.0730339 0.131783 0.00154877
0 0.955904 0.701308 0.0594612 0.178779 0.00152493
0 0.793678 0.377423 0.130556 0.186047 0.0014782
0 0.268141 0.407946 0.187594 0.238372 0.00144958
0 0.90743 0.600291 0.14736 0.340116 0.00139427
0 0.409119 0.629845 0.0904845 0.182171 0.00130939
0 0.160772 0.429264 0.212315 0.372093 0.0012598
0 0.105956 0.709302 0.0983211 0.176357 0.00124454
0 0.651488 0.366279 0.0801434 0.162791 0.00123024
0 0.0667323 0.722868 0.0856371 0.23062 0.00123024
0 0.950087 0.625969 0.0775581 0.232558 0.00119209
0 0.0904441 0.656977 0.104138 0.242248 0.00116062
0 0.941039 0.597868 0.095655 0.284884 0.0011425
0 0.332207 0.458333 0.0930698 0.195736 0.00107288
0 0.552602 0.783915 0.108581 0.255814 0.00104809
0 0.533859 0.863372 0.0762655 0.118217 0.00103188
0 0.758777 0.35562 0.095655 0.155039 0.00100803
0 0.259093 0.588178 0.456462 0.596899 0.888184
0 0.730986 0.58624 0.471812 0.627907 0.868652
0 0.869944 0.387597 0.111167 0.21124 0.00746155
0 0.902906 0.817829 0.107289 0.189923 0.00734711
0 0.580393 0.182049 0.126678 0.126211 0.00709534
0 0.910016 0.753876 0.0969477 0.189923 0.00638962
0 0.891919 0.426841 0.164165 0.29845 0.00624084
0 0.0416875 0.650921 0.0646318 0.240795 0.00530243
0 0.240269 0.463663 0.300861 0.351744 0.00486755
0 0.0383751 0.591085 0.0584918 0.139535 0.00460815
0 0.897089 0.711483 0.149946 0.270833 0.00428009
0 0.895797 0.496609 0.155116 0.456395 0.00408554
0 0.359353 0.435078 0.156409 0.29845 0.00405502
0 0.131526 0.792636 0.187109 0.217054 0.00390053
0 0.363877 0.496124 0.156409 0.337209 0.0030632
0 0.948795 0.714147 0.0723876 0.209302 0.00300407
0 0.0384559 0.71124 0.0539675 0.174419 0.00257111
0 0.952026 0.669574 0.0723876 0.164729 0.00255013
0 0.330915 0.436047 0.0982403 0.24031 0.00251198
0 0.897089 0.640504 0.162872 0.306202 0.00247192
0 0.859603 0.353198 0.100826 0.158915 0.00246239
0 0.392638 0.737403 0.150592 0.265504 0.0024147
0 0.251175 0.531977 0.362423 0.507752 0.002388
0 0.403302 0.649467 0.100826 0.228198 0.00234985
0 0.19131 0.972868 0.0413643 0.0426357 0.00230598
0 0.389083 0.335271 0.0659244 0.102713 0.00225258
0 0.323159 0.388566 0.102118 0.197674 0.00221634
0 0.869298 0.584787 0.1228 0.225775 0.00206757
0 0.251983 0.436047 0.186301 0.27907 0.00182438
0 0.213285 0.454457 0.199066 0.321705 0.00171375
0 0.310233 0.379845 0.0891919 0.180233 0.00162315
0 0.0609962 0.729651 0.088384 0.242248 0.00157356
0 0.950087 0.632025 0.0749729 0.212694 0.00154305
0 0.871883 0.743217 0.173213 0.327519 0.00154305
0 0.798203 0.382752 0.149946 0.20155 0.00148964
0 0.876407 0.790698 0.165457 0.248062 0.00145531
0 0.909369 0.872093 0.0801434 0.0852713 0.00139427
0 0.344487 0.457849 0.0956551 0.205426 0.00135612
0 0.548724 0.813954 0.113752 0.217054 0.00132465
0 0.874468 0.687742 0.16675 0.345446 0.00129414
0 0.941039 0.74782 0.0878992 0.240795 0.00127411
0 0.590735 0.210392 0.14736 0.176114 0.00126457
0 0.933283 0.598353 0.105996 0.276163 0.0012598
0 0.0265798 0.967054 0.0353859 0.0620156 0.00119686
0 0.0420915 0.573643 0.0715797 0.182171 0.00116539
0 0.532889 0.866279 0.0730339 0.112403 0.00115585
0 0.37034 0.566376 0.155116 0.35562 0.0011158
0 0.40201 0.763566 0.129264 0.213178 0.0011034
0 0.215062 0.366764 0.0740034 0.136628 0.00109863
0 0.557772 0.781008 0.116337 0.27907 0.00109863
0 0.263051 0.593023 0.4563 0.624031 0.889648
0 0.732763 0.601744 0.468257 0.637597 0.868164
0 0.037648 0.588178 0.0559065 0.137597 0.00619125
0 0.908723 0.825581 0.095655 0.170543 0.00521851
0 0.196804 0.46124 0.204883 0.339147 0.0051384
0 0.0408796 0.642442 0.0614002 0.23062 0.00502014
0 0.581686 0.182655 0.127971 0.129845 0.00477219
0 0.90743 0.78876 0.100826 0.23062 0.00446701
0 0.869944 0.376454 0.105996 0.188954 0.00331116
0 0.243985 0.517442 0.342548 0.484496 0.00319672
0 0.916479 0.746124 0.0827286 0.166667 0.00296974
0 0.893211 0.424419 0.162872 0.295543 0.00293541
0 0.191956 0.971899 0.042657 0.0387597 0.00291252
0 0.897089 0.520349 0.158994 0.523256 0.00189686
0 0.0510591 0.660853 0.0782045 0.25 0.00188255
0 0.237037 0.431686 0.16061 0.271318 0.00184631
0 0.903552 0.710271 0.134434 0.26938 0.0018177
0 0.133465 0.794574 0.187755 0.217054 0.0018034
0 0.037648 0.718023 0.0500896 0.158915 0.00178909
0 0.860895 0.352713 0.0982403 0.158915 0.00155449
0 0.953319 0.717297 0.0646318 0.204942 0.00154305
0 0.360645 0.429264 0.15447 0.28876 0.00153065
0 0.0265798 0.967054 0.0344164 0.0581395 0.0014267
0 0.0433033 0.570736 0.0720645 0.182171 0.0012846
0 0.161579 0.522287 0.138958 0.207364 0.00127411
0 0.876407 0.789729 0.162872 0.246124 0.00127411
0 0.258204 0.443798 0.324452 0.322674 0.00126934
0 0.915186 0.875969 0.0672171 0.0775193 0.00126934
0 0.213608 0.371609 0.0762655 0.146318 0.0012207
0 0.207145 0.383236 0.083375 0.185078 0.00117874
0 0.648903 0.369186 0.0749728 0.170543 0.00115108
0 0.363231 0.487403 0.157702 0.389535 0.00114727
0 0.953965 0.676357 0.071095 0.184109 0.00113392
0 0.391022 0.338178 0.0659244 0.106589 0.0011158
0 0.529981 0.885659 0.0633391 0.0736434 0.0011158
0 0.899028 0.636628 0.158994 0.348837 0.0011034
0 0.704486 0.390019 0.18614 0.204457 0.00109005
0 0.672171 0.406977 0.178384 0.238372 0.00104809
0 0.0640663 0.732316 0.0867682 0.229167 0.00103664
0 0.590735 0.208818 0.144775 0.175388 0.00101662
0 0.263051 0.593023 0.4563 0.624031 0.890137
0 0.732763 0.601744 0.468257 0.637597 0.868164
0 0.037648 0.588178 0.0559065 0.137597 0.00621796
0 0.908723 0.825581 0.095655 0.170543 0.00521851
0 0.196804 0.46124 0.204236 0.339147 0.00511932
0 0.0408796 0.642442 0.0614002 0.23062 0.0050621
0 0.581686 0.182655 0.127971 0.129845 0.00475693
0 0.90743 0.78876 0.100826 0.23062 0.00448608
0 0.869944 0.376938 0.105996 0.189922 0.00331116
0 0.243985 0.517442 0.342548 0.484496 0.00319672
0 0.916479 0.746124 0.0827286 0.166667 0.00296974
0 0.893211 0.424419 0.162872 0.295543 0.00293541
0 0.191956 0.971899 0.042657 0.0387597 0.00288963
0 0.897089 0.520833 0.158994 0.524225 0.00189686
0 0.0511399 0.660853 0.078366 0.25 0.00189686
0 0.236876 0.431202 0.160287 0.271318 0.00183868
0 0.903552 0.710271 0.134434 0.26938 0.0018177
0 0.133424 0.794574 0.187513 0.217054 0.00181007
0 0.037648 0.718992 0.0500896 0.158915 0.0018034
0 0.860895 0.352713 0.0982403 0.158915 0.00155449
0 0.953319 0.717054 0.0646318 0.203488 0.00154877
0 0.360645 0.429264 0.15447 0.28876 0.00153065
0 0.0265798 0.967054 0.0344164 0.0581395 0.00143242
0 0.0432225 0.570736 0.072226 0.182171 0.00128937
0 0.161579 0.522287 0.138958 0.207364 0.00127888
0 0.876407 0.789729 0.162872 0.246124 0.00127411
0 0.915186 0.875969 0.0672171 0.0775193 0.00126934
0 0.258446 0.443798 0.324613 0.321705 0.00125504
0 0.213608 0.371609 0.0762655 0.146318 0.00121593
0 0.207145 0.383721 0.083375 0.184109 0.00117874
0 0.363231 0.487403 0.157702 0.389535 0.00114727
0 0.648903 0.369186 0.0749728 0.170543 0.0011425
0 0.953965 0.676357 0.0698023 0.184109 0.00113773
0 0.391022 0.338178 0.0659244 0.106589 0.0011158
0 0.530627 0.885659 0.0633391 0.0736434 0.0011158
0 0.899028 0.636628 0.158994 0.348837 0.00110722
0 0.704486 0.390504 0.18614 0.205426 0.00108624
0 0.672171 0.406977 0.178384 0.238372 0.00104809
0 0.0639855 0.732558 0.0866066 0.228682 0.00104046
0 0.590735 0.208818 0.144775 0.175388 0.00100803
