0 0.47384 0.786621 0.255145 0.416992 0.511719
0 0.485556 0.762695 0.235618 0.3125 0.0455322
0 0.470585 0.844727 0.300706 0.310547 0.0306244
0 0.050199 0.763184 0.0824989 0.204102 0.0240936
0 0.913183 0.782227 0.149702 0.341797 0.0214081
0 0.906024 0.82373 0.130176 0.22168 0.0195312
0 0.524608 0.757812 0.432184 0.457031 0.0184021
0 0.612765 0.5 0.774471 1 0.0120544
0 0.519727 0.644043 0.431533 0.711914 0.0119629
0 0.348871 0.658203 0.0520703 0.0703125 0.0107803
0 0.520052 0.821289 0.393131 0.347656 0.0105667
0 0.0532907 0.648438 0.0912858 0.488281 0.00948334
0 0.49597 0.719727 0.200471 0.228516 0.00894928
0 0.915136 0.655762 0.160116 0.602539 0.00874329
0 0.452686 0.708984 0.333901 0.539062 0.00754929
0 0.318931 0.5 0.637861 1 0.00748825
0 0.441947 0.5 0.883894 1 0.00746155
0 0.635546 0.609375 0.728909 0.78125 0.00714874
0 0.5 0.5 1 1 0.00682449
0 0.680294 0.5 0.639413 1 0.00661469
0 0.563135 0.600586 0.87373 0.798828 0.0064888
0 0.520828 0.527344 0.958344 0.945312 0.00629044
0 0.485881 0.689941 0.246683 0.588867 0.00612259
0 0.891704 0.802734 0.195264 0.300781 0.00600433
0 0.5 0.5 1 1 0.00593567
0 0.178666 0.5 0.357333 1 0.00582123
0 0.887799 0.833984 0.0963301 0.207031 0.00544739
0 0.359936 0.536133 0.719872 0.927734 0.0053215
0 0.446503 0.600464 0.360587 0.761963 0.00455475
0 0.5 0.5 1 1 0.00455475
0 0.483278 0.687012 0.231062 0.182617 0.00390053
0 0.197379 0.520386 0.384344 0.824463 0.00382423
0 0.5 0.5 1 1 0.0036068
0 0.5 0.527344 1 0.945312 0.00353813
0 0.5 0.5 1 1 0.00302696
0 0.537626 0.877197 0.412657 0.245605 0.00288963
0 0.598158 0.57019 0.648275 0.859619 0.00287819
0 0.0478396 0.54834 0.080709 0.643555 0.00279999
0 0.876083 0.646484 0.24473 0.6875 0.00271416
0 0.416888 0.611328 0.180293 0.576172 0.00211525
0 0.357983 0.734375 0.130176 0.394531 0.00205803
0 0.891829 0.617676 0.216342 0.764648 0.0020504
0 0.938567 0.411133 0.0911231 0.139648 0.00202751
0 0.106744 0.620972 0.213488 0.730713 0.00194168
0 0.524608 0.827637 0.486857 0.344727 0.0016613
0 0.183548 0.686157 0.354078 0.627686 0.00130939
0 0.894308 0.430664 0.19266 0.299805 0.00130463
0 0.559756 0.563354 0.436089 0.842041 0.00129986
0 0.361238 0.626953 0.0924248 0.136719 0.00127411
0 0.895084 0.639526 0.209833 0.711182 0.00126934
0 0.465053 0.793945 0.234967 0.371094 0.503906
0 0.0475142 0.774414 0.0865669 0.130859 0.166626
0 0.411355 0.795898 0.121714 0.292969 0.0596619
0 0.891053 0.839844 0.108046 0.179688 0.0384521
0 0.797978 0.653809 0.393131 0.631836 0.0369873
0 0.459195 0.689453 0.300055 0.599609 0.0344238
0 0.431858 0.607422 0.331297 0.726562 0.0248871
0 0.895609 0.830566 0.153607 0.239258 0.021286
0 0.608572 0.738281 0.567566 0.5 0.0180511
0 0.301032 0.522949 0.602063 0.911133 0.016922
0 0.43674 0.770996 0.338457 0.458008 0.0134811
0 0.680657 0.650391 0.625169 0.695312 0.01297
0 0.314375 0.743652 0.544135 0.452148 0.0120544
0 0.628098 0.737305 0.7407 0.525391 0.0120087
0 0.653119 0.512207 0.693762 0.975586 0.0112457
0 0.386622 0.566406 0.42177 0.832031 0.0108185
0 0.478396 0.719727 0.195264 0.220703 0.00971222
0 0.527988 0.5 0.944024 1 0.00901794
0 0.47742 0.786865 0.30396 0.42627 0.0086441
0 0.395084 0.787109 0.394433 0.425781 0.00857544
0 0.0556501 0.666382 0.1113 0.667236 0.00844574
0 0.554549 0.5 0.745907 1 0.00720596
0 0.5 0.5 1 1 0.00706482
0 0.891704 0.785645 0.169229 0.356445 0.00609589
0 0.552596 0.773926 0.464728 0.438477 0.00518036
0 0.575502 0.5 0.848996 1 0.00484848
0 0.5 0.5 1 1 0.00477219
0 0.5 0.495605 1 0.991211 0.0046463
0 0.11846 0.631226 0.23692 0.737549 0.00446701
0 0.628711 0.5 0.742577 1 0.00441742
0 0.665323 0.463379 0.669354 0.926758 0.00432968
0 0.261328 0.68457 0.522656 0.630859 0.00424957
0 0.21121 0.3396 0.42242 0.575684 0.00419998
0 0.874906 0.850098 0.250188 0.299805 0.00413513
0 0.43674 0.750488 0.135383 0.268555 0.00400543
0 0.710234 0.564453 0.579532 0.871094 0.00399017
0 0.886622 0.638184 0.226756 0.694336 0.00397491
0 0.380113 0.5 0.760227 1 0.00397491
0 0.294197 0.636719 0.588395 0.691406 0.00390053
0 0.645634 0.876465 0.708732 0.24707 0.00388527
0 0.871326 0.519409 0.257347 0.873291 0.00353813
0 0.194287 0.460938 0.388575 0.803711 0.00329781
0 0.809168 0.860352 0.381665 0.279297 0.00327301
0 0.0742002 0.583862 0.1484 0.832275 0.00312424
0 0.233828 0.623169 0.467657 0.753662 0.0028553
0 0.850048 0.834961 0.158814 0.255859 0.00277901
0 0.834552 0.495117 0.330896 0.990234 0.00269318
0 0.300055 0.765137 0.60011 0.469727 0.00268364
0 0.0905535 0.738281 0.181107 0.523438 0.00247192
0 0.427627 0.799316 0.180944 0.313477 0.00240517
0 0.464077 0.761719 0.283783 0.375 0.964355
0 0.196403 0.685547 0.388249 0.574219 0.388672
0 0.906674 0.820312 0.17053 0.234375 0.156128
0 0.870225 0.823242 0.242127 0.251953 0.0894775
0 0.767186 0.646362 0.465628 0.638916 0.0344849
0 0.273044 0.976562 0.0501177 0.046875 0.0343628
0 0.428604 0.728027 0.410705 0.49707 0.0343018
0 0.44097 0.765625 0.231062 0.269531 0.0322266
0 0.542833 0.782715 0.439994 0.405273 0.0307922
0 0.318931 0.670044 0.617033 0.601318 0.0271149
0 0.874906 0.492676 0.250188 0.335938 0.0195312
0 0.85538 0.64209 0.28924 0.670898 0.0157776
0 0.166462 0.595215 0.332925 0.530273 0.0154877
0 0.687779 0.620605 0.624443 0.735352 0.0141754
0 0.81828 0.496216 0.36344 0.341553 0.0130234
0 0.909403 0.797852 0.181194 0.320312 0.0111618
0 0.571597 0.156738 0.856807 0.313477 0.0106125
0 0.254819 0.661133 0.331297 0.533203 0.0104523
0 0.268813 0.142639 0.142542 0.129761 0.00831604
0 0.876083 0.779297 0.205678 0.167969 0.00757599
0 0.167927 0.113281 0.25905 0.177734 0.00701141
0 0.550769 0 0.898463 0 0.00624084
0 0.627285 0.700195 0.664222 0.585938 0.00619125
0 0.288339 0.158447 0.106744 0.112793 0.00605011
0 0.242452 0.124512 0.162069 0.158691 0.00566483
0 0.0442598 0.758789 0.0885195 0.136719 0.00564194
0 0.332925 0.808105 0.665849 0.383789 0.00564194
0 0.45887 0.728516 0.237571 0.244141 0.0053215
0 0.616382 0.776367 0.659991 0.447266 0.00503922
0 0.687328 0.571289 0.0650879 0.0722656 0.00502014
0 0.632779 0.152222 0.734441 0.304443 0.00500107
0 0.894959 0.431152 0.206979 0.18457 0.00484848
0 0.473514 0.783691 0.674961 0.432617 0.00479126
0 0.502479 0.778809 0.183548 0.360352 0.00475693
0 0.454313 0.583618 0.671707 0.832764 0.0045929
0 0.183548 0.76416 0.341711 0.444336 0.0042305
0 0.338782 0.590942 0.677565 0.818115 0.00416565
0 0.583838 0.599121 0.579282 0.74707 0.00411606
0 0.598934 0.115967 0.802133 0.231934 0.00399017
0 0.399314 0.740234 0.188755 0.314453 0.00391388
0 0.844841 0.838867 0.299404 0.306641 0.00380898
0 0.906674 0.42395 0.175737 0.1521 0.00376511
0 0.302984 0.185486 0.105442 0.162231 0.00358009
0 0.386622 0.763184 0.135383 0.213867 0.00348282
0 0.5 0.128906 1 0.257812 0.00329781
0 0.879988 0.446289 0.239523 0.233398 0.00325966
0 0.0732239 0.757812 0.146448 0.300781 0.00325966
0 0.293872 0.230408 0.143844 0.248169 0.00324821
0 0.0958419 0.672852 0.191684 0.363281 0.00302696
0 0.291594 0.745605 0.583188 0.508789 0.00301552
0 0.752579 0.722656 0.444876 0.470703 0.639648
0 0.32186 0.70459 0.574726 0.430664 0.586914
0 0.479047 0.780762 0.249938 0.313477 0.314941
0 0.460171 0.70752 0.28118 0.448242 0.233032
0 0.0495482 0.791504 0.0890077 0.15918 0.191284
0 0.670405 0.719238 0.63656 0.432617 0.166626
0 0.393782 0.709961 0.361889 0.431641 0.131592
0 0.0545925 0.766113 0.10886 0.213867 0.0878906
0 0.486857 0.703125 0.488159 0.384766 0.0410767
0 0.333901 0.713867 0.335854 0.439453 0.0379028
0 0.321534 0.604004 0.619637 0.670898 0.0365601
0 0.529165 0.712891 0.803185 0.408203 0.0343628
0 0.857858 0.792969 0.24473 0.375 0.0321655
0 0.740663 0.706055 0.518675 0.572266 0.0243378
0 0.759538 0.594849 0.480924 0.747803 0.0236969
0 0.830647 0.716797 0.338707 0.517578 0.018692
0 0.841586 0.737305 0.256446 0.517578 0.0165253
0 0.752416 0.72168 0.296801 0.453125 0.0142822
0 0.893657 0.838379 0.137986 0.256836 0.0136337
0 0.880639 0.748047 0.199169 0.445312 0.0123367
0 0.0506058 0.77002 0.101212 0.459961 0.0119171
0 0.895084 0.731445 0.209833 0.492188 0.011467
0 0.320883 0.711914 0.641767 0.576172 0.0113754
0 0.639288 0.580566 0.721424 0.768555 0.0110703
0 0.900166 0.80127 0.175737 0.321289 0.0104523
0 0.0548365 0.666992 0.103815 0.412109 0.00989532
0 0.236106 0.74707 0.459195 0.423828 0.00941467
0 0.0626471 0.636719 0.12204 0.533203 0.00831604
0 0.27402 0.685547 0.522005 0.53125 0.00787354
0 0.933485 0.741699 0.133029 0.516602 0.00746155
0 0.913183 0.72168 0.173134 0.513672 0.00728989
0 0.913834 0.830078 0.14059 0.289062 0.00679779
0 0.948781 0.81543 0.102438 0.369141 0.00577545
0 0.081848 0.840332 0.163696 0.319336 0.00557709
0 0.731387 0.737793 0.537225 0.524414 0.00557709
0 0.33382 0.466797 0.466192 0.929688 0.0046463
0 0.895609 0.857422 0.106744 0.228516 0.0045929
0 0.0534534 0.833496 0.106907 0.333008 0.00452042
0 0.0841261 0.762695 0.168252 0.4375 0.00434875
0 0.870876 0.85498 0.234316 0.262695 0.00431442
0 0.717919 0.674805 0.199169 0.376953 0.00413513
0 0.394758 0.817383 0.598158 0.365234 0.00403976
0 0.243429 0.463867 0.411355 0.927734 0.00395966
0 0.410379 0.48877 0.369048 0.868164 0.00392914
0 0.342037 0.955078 0.625495 0.0898438 0.00391388
0 0.256284 0.501465 0.512567 0.938477 0.00380898
0 0.833901 0.76416 0.332198 0.47168 0.0037365
0 0.674311 0.614258 0.127572 0.242188 0.00366402
0 0 0.749512 0 0.500977 0.00362206
0 0.167439 0.945801 0.334877 0.108398 0.00345612
0 0.463751 0.773438 0.24408 0.345703 0.704102
0 0.0486532 0.765625 0.0852651 0.164062 0.256104
0 0.872178 0.841797 0.164021 0.230469 0.0632324
0 0.397118 0.744629 0.377347 0.43457 0.0474243
0 0.405172 0.773438 0.150353 0.298828 0.0320435
0 0.872178 0.788086 0.190057 0.3125 0.0281067
0 0.469935 0.722656 0.200471 0.269531 0.0267029
0 0.880639 0.70752 0.206979 0.483398 0.0236053
0 0.420142 0.639771 0.383368 0.67749 0.0213623
0 0.894308 0.460815 0.203074 0.314697 0.0197144
0 0.0578469 0.676758 0.114717 0.414062 0.0196075
0 0.290862 0.726562 0.306076 0.431641 0.0193024
0 0.387924 0.740234 0.201772 0.384766 0.0192719
0 0.870876 0.57666 0.256446 0.647461 0.0189056
0 0.327718 0.708984 0.462775 0.519531 0.0164032
0 0.876734 0.526367 0.243429 0.457031 0.0153046
0 0.408101 0.678711 0.100235 0.19043 0.0138474
0 0.856557 0.777832 0.158814 0.239258 0.0133286
0 0.287119 0.64209 0.248473 0.264648 0.0131226
0 0.889751 0.394043 0.206979 0.22168 0.0128708
0 0.626146 0.639648 0.699044 0.677734 0.0126266
0 0.532094 0.616699 0.48881 0.719727 0.0118713
0 0.700997 0.583984 0.597507 0.777344 0.0115967
0 0.244405 0.694336 0.484905 0.556641 0.0110321
0 0.291675 0.60144 0.515333 0.769775 0.0109024
0 0.94052 0.463989 0.117158 0.323975 0.0104065
0 0.0750138 0.795898 0.139939 0.289062 0.01017
0 0.497922 0.699219 0.231713 0.332031 0.00955963
0 0.51094 0.871582 0.156211 0.233398 0.00955963
0 0.269545 0.665527 0.260189 0.334961 0.0088501
0 0.364492 0.644531 0.110649 0.208984 0.00878143
0 0.0442598 0.751953 0.0885195 0.255859 0.00857544
0 0.457893 0.652344 0.203725 0.443359 0.00772476
0 0.489461 0.654297 0.196565 0.357422 0.00757599
0 0.0826616 0.710938 0.155235 0.363281 0.00751877
0 0.469935 0.873047 0.248636 0.248047 0.00664139
0 0.365143 0.834961 0.0833125 0.144531 0.00638962
0 0.271091 0.970703 0.054023 0.0507812 0.00621796
0 0.280447 0.617676 0.19803 0.255859 0.00566483
0 0.278576 0.23291 0.180293 0.274414 0.00559998
0 0.192335 0.751465 0.382717 0.442383 0.00553513
0 0.277844 0.165466 0.15377 0.147583 0.00547028
0 0.426977 0.579956 0.195264 0.463135 0.0049057
0 0.28541 0.203674 0.162069 0.202026 0.00477219
0 0.0529653 0.834961 0.0968182 0.306641 0.00473785
0 0.486857 0.899414 0.212187 0.189453 0.00452042
0 0.405498 0.804199 0.204376 0.301758 0.00419998
0 0.863716 0.387817 0.212187 0.249756 0.00418091
0 0.684725 0.566406 0.080709 0.0859375 0.00415039
0 0.34464 0.630859 0.107395 0.222656 0.00407028
0 0.446503 0.80957 0.278576 0.369141 0.805664
0 0.19624 0.154236 0.39248 0.295044 0.0913696
0 0.0437716 0.820312 0.0875432 0.261719 0.0838623
0 0.402894 0.765625 0.126271 0.263672 0.0648804
0 0.449757 0.29248 0.318931 0.233398 0.0438538
0 0.186151 0.201904 0.372303 0.39502 0.0374756
0 0.471887 0.745117 0.166625 0.246094 0.0368958
0 0.43674 0.232422 0.322836 0.301758 0.0365601
0 0.434787 0.759766 0.357983 0.457031 0.0249329
0 0.680819 0.571289 0.0611826 0.0839844 0.0237274
0 0.126271 0.837891 0.252541 0.316406 0.0236969
0 0.509638 0.787109 0.16272 0.292969 0.0236053
0 0.26686 0.187988 0.20763 0.226074 0.0173035
0 0.483603 0.787598 0.212187 0.329102 0.0171814
0 0.395734 0.69873 0.0663897 0.138672 0.0166626
0 0.248636 0.508301 0.497272 0.983398 0.0159607
0 0.21776 0.187439 0.301926 0.246216 0.0158997
0 0.803185 0.611328 0.374906 0.738281 0.0147324
0 0.286712 0.418457 0.573424 0.773438 0.0138474
0 0.685376 0.560547 0.0689932 0.0898438 0.0136871
0 0.434787 0.615723 0.339759 0.725586 0.0136337
0 0.909278 0.844727 0.0872178 0.140625 0.0131226
0 0.183222 0.459961 0.366445 0.908203 0.0131226
0 0.0545925 0.688477 0.109185 0.539062 0.0129242
0 0.451385 0.327148 0.300055 0.449219 0.0123367
0 0.157675 0.12738 0.315351 0.250122 0.0118713
0 0.109673 0.786621 0.219346 0.375977 0.0118713
0 0.826616 0.699219 0.328043 0.572266 0.0114212
0 0.842237 0.85498 0.161418 0.249023 0.0113297
0 0.350742 0.38855 0.546901 0.633057 0.0110703
0 0.322185 0.546875 0.589696 0.90625 0.0109024
0 0.357658 0.652344 0.0611826 0.109375 0.0106964
0 0.292245 0.229004 0.143193 0.204102 0.0100937
0 0.894308 0.42627 0.195264 0.227539 0.00993347
0 0.846143 0.866211 0.257748 0.253906 0.00985718
0 0.314375 0.227051 0.129525 0.177734 0.00971222
0 0.714665 0.588867 0.127572 0.158203 0.00963593
0 0.900166 0.842773 0.14059 0.244141 0.00948334
0 0.65153 0.606567 0.679518 0.743896 0.00948334
0 0.860462 0.487793 0.275973 0.342773 0.00912476
0 0.324463 0.583008 0.0709458 0.0966797 0.00912476
0 0.209583 0.178711 0.419166 0.357422 0.00878143
0 0.687328 0.580078 0.0989336 0.109375 0.00854492
0 0.351475 0.605469 0.0559756 0.119141 0.00815582
0 0.273451 0.233398 0.238059 0.275391 0.00809479
0 0.5552 0.730469 0.0820107 0.212891 0.00800323
0 0.382717 0.756836 0.136685 0.396484 0.00757599
0 0.312422 0.273682 0.613128 0.433105 0.00740433
0 0.926852 0.833496 0.0781055 0.174805 0.00723267
0 0.0815226 0.800293 0.163045 0.375977 0.00709534
0 0.462124 0.799805 0.268162 0.361328 0.556641
0 0.0453988 0.779785 0.0872178 0.144531 0.213989
0 0.441296 0.768555 0.326741 0.380859 0.142212
0 0.389226 0.760742 0.447805 0.447266 0.0220337
0 0.503455 0.78125 0.171181 0.300781 0.0171814
0 0.0606945 0.796875 0.121063 0.205078 0.011467
0 0.456917 0.757812 0.209583 0.277344 0.00912476
0 0.887799 0.854004 0.127572 0.168945 0.00888062
0 0.428604 0.687988 0.358634 0.538086 0.00881195
0 0.313724 0.713379 0.264257 0.397461 0.00746155
0 0.387598 0.72168 0.328694 0.390625 0.00743103
0 0.47384 0.724609 0.200471 0.212891 0.00677109
0 0.287607 0.666016 0.155072 0.193359 0.00664139
0 0.327473 0.698242 0.491902 0.535156 0.00629044
0 0.86632 0.851074 0.167927 0.202148 0.00600433
0 0.29493 0.657227 0.232852 0.28418 0.0050621
0 0.54804 0.809082 0.0728984 0.209961 0.00428009
0 0.415912 0.714844 0.161418 0.208984 0.0042305
0 0.894959 0.832031 0.139288 0.21875 0.0042305
0 0.316897 0.65625 0.174598 0.255859 0.00397491
0 0.496621 0.575195 0.428278 0.757812 0.00337601
0 0.526887 0.746094 0.146448 0.256836 0.00314713
0 0.0711899 0.771973 0.135871 0.202148 0.00283432
0 0.575377 0.697754 0.61443 0.553711 0.00265312
0 0.722476 0.692871 0.494668 0.551758 0.00263214
0 0.0485718 0.77832 0.0971437 0.292969 0.00240517
0 0.714828 0.573242 0.530792 0.767578 0.00229645
0 0.689932 0.580078 0.100235 0.121094 0.00223351
0 0.817504 0.791504 0.0911231 0.126953 0.00210762
0 0.283132 0.566284 0.553247 0.7854 0.00195694
0 0.0589045 0.84082 0.117809 0.318359 0.00186729
0 0.870876 0.800781 0.210885 0.289062 0.00181007
0 0.251565 0.766602 0.221299 0.425781 0.00171375
0 0.774546 0.740723 0.398338 0.454102 0.00166798
0 0.36254 0.813477 0.101537 0.191406 0.00155449
0 0.850048 0.850586 0.216092 0.242188 0.00154305
0 0.699044 0.604492 0.135383 0.201172 0.00153065
0 0.773407 0.635742 0.418841 0.648438 0.00150108
0 0.645835 0.746094 0.663571 0.457031 0.00150108
0 0.374255 0.547852 0.413959 0.841797 0.00146675
0 0.678216 0.613281 0.143193 0.207031 0.00144958
0 0.240174 0.6875 0.187453 0.203125 0.00141621
0 0.575377 0.571167 0.606619 0.797119 0.00130463
0 0.204051 0.739258 0.408101 0.466797 0.00128937
0 0.19266 0.71582 0.0735493 0.0839844 0.00112915
0 0.0526398 0.814941 0.10528 0.370117 0.00109863
0 0.661293 0.623047 0.203074 0.244141 0.00105286
0 0.447805 0.777344 0.287688 0.363281 0.657715
0 0.0434462 0.766113 0.0862415 0.158203 0.526367
0 0.0523958 0.790039 0.0943774 0.181641 0.0939941
0 0.467331 0.769531 0.253843 0.292969 0.0343628
0 0.44097 0.745605 0.186802 0.257812 0.0257111
0 0.865018 0.807617 0.191358 0.298828 0.0235596
0 0.816202 0.780273 0.075502 0.101562 0.0216522
0 0.38532 0.777344 0.437391 0.404297 0.0126266
0 0.19982 0.182129 0.39964 0.298828 0.0115051
0 0.889101 0.833008 0.135383 0.201172 0.0100098
0 0.0593927 0.827148 0.116507 0.291016 0.00905609
0 0.396385 0.700195 0.0689932 0.162109 0.00763702
0 0.355705 0.647461 0.0670405 0.169922 0.00723267
0 0.0513381 0.718262 0.0968182 0.28418 0.00658798
0 0.756321 0.614258 0.462124 0.716797 0.00653839
0 0.286305 0.186768 0.158977 0.20459 0.00591278
0 0.0715153 0.765137 0.102025 0.189453 0.00577545
0 0.325765 0.59082 0.0917739 0.101562 0.00564194
0 0.945076 0.48584 0.0963301 0.234375 0.0055542
0 0.48165 0.716797 0.195264 0.240234 0.00527954
0 0.357983 0.683594 0.0709458 0.21875 0.00524139
0 0.349522 0.630371 0.0748511 0.172852 0.00521851
0 0.271417 0.970703 0.0507686 0.0390625 0.00494385
0 0.885195 0.490356 0.221299 0.33374 0.00486755
0 0.870225 0.753906 0.203074 0.355469 0.00481033
0 0.95549 0.521484 0.075502 0.169922 0.00432968
0 0.878687 0.55957 0.234316 0.464844 0.00426483
0 0.315595 0.651367 0.164184 0.244141 0.0041008
0 0.44455 0.253418 0.287688 0.272461 0.00387001
0 0.295824 0.725586 0.096981 0.0898438 0.00385475
0 0.904722 0.757812 0.137986 0.349609 0.00383949
0 0.466355 0.702148 0.328694 0.486328 0.00382423
0 0.309493 0.208496 0.117158 0.211914 0.00376511
0 0.379788 0.245117 0.134732 0.21875 0.00355148
0 0.575052 0.762695 0.612477 0.427734 0.00338936
0 0.26263 0.224854 0.525259 0.337402 0.00333786
0 0.935964 0.450195 0.109348 0.242188 0.00332451
0 0.109348 0.966797 0.0397036 0.0585938 0.00327301
0 0.0450734 0.775391 0.0901467 0.337891 0.00319672
0 0.305344 0.708496 0.196403 0.368164 0.00318527
0 0.206817 0.294434 0.411681 0.538086 0.00317192
0 0.68863 0.958984 0.0546738 0.0546875 0.00309944
0 0.269138 0.208252 0.216743 0.280762 0.00293541
0 0.455615 0.299805 0.265559 0.271484 0.00282288
0 0.617033 0.702148 0.708156 0.548828 0.00282288
0 0.0364492 0.197266 0.0576028 0.0600586 0.00279999
0 0.830522 0.586914 0.335854 0.728516 0.00274658
0 0.359285 0.794434 0.0728984 0.182617 0.00261116
0 0.501502 0.762207 0.202423 0.325195 0.00255013
0 0.0436089 0.410645 0.0702949 0.100586 0.00252151
0 0.472538 0.796387 0.260352 0.393555 0.620605
0 0.052233 0.779297 0.0930757 0.166016 0.24585
0 0.874781 0.789062 0.205678 0.330078 0.166626
0 0.0616708 0.805664 0.116507 0.248047 0.123779
0 0.433485 0.758301 0.348871 0.432617 0.0500488
0 0.912532 0.811523 0.111951 0.220703 0.0392761
0 0.0619962 0.835449 0.123992 0.329102 0.0319214
0 0.878687 0.597656 0.234316 0.576172 0.0316162
0 0.679355 0.703613 0.599134 0.557617 0.0278015
0 0.0561383 0.712402 0.108046 0.348633 0.0275879
0 0.843539 0.818359 0.132779 0.25 0.0265045
0 0.761528 0.644531 0.462124 0.679688 0.0257111
0 0.872178 0.849121 0.206979 0.272461 0.0210114
0 0.883243 0.852051 0.177039 0.211914 0.0201721
0 0.84419 0.709473 0.26686 0.549805 0.0195618
0 0.88845 0.703613 0.201772 0.475586 0.0189056
0 0.590347 0.743164 0.654784 0.484375 0.0188751
0 0.313073 0.746094 0.219346 0.480469 0.0158997
0 0.469935 0.634277 0.381415 0.694336 0.0156021
0 0.831172 0.846191 0.104141 0.256836 0.0155411
0 0.487183 0.749023 0.247985 0.345703 0.0152512
0 0.327392 0.641602 0.149702 0.240234 0.0150757
0 0.646773 0.594238 0.706454 0.801758 0.0147858
0 0.909929 0.858398 0.127572 0.205078 0.0143356
0 0.0518262 0.76123 0.103652 0.477539 0.0142288
0 0.673172 0.729004 0.296475 0.541992 0.0134277
0 0.387598 0.51062 0.523958 0.949463 0.0125732
0 0.504757 0.799805 0.180293 0.308594 0.0125275
0 0.352125 0.632324 0.0781055 0.171875 0.0122375
0 0.341386 0.741211 0.164672 0.449219 0.012146
0 0.0752579 0.723633 0.143356 0.361328 0.011467
0 0.94455 0.754395 0.110899 0.40918 0.0114212
0 0.34041 0.737793 0.488159 0.475586 0.0109024
0 0.299974 0.750488 0.144658 0.321289 0.0106506
0 0.885846 0.496094 0.225204 0.348633 0.00963593
0 0.325114 0.55957 0.516147 0.833984 0.00955963
0 0.687328 0.953125 0.0611826 0.0742188 0.00933838
0 0.943774 0.809082 0.110649 0.27832 0.00930023
0 0.816202 0.865234 0.203074 0.269531 0.00930023
0 0.850173 0.643555 0.299654 0.666016 0.00905609
0 0.304611 0.490234 0.609223 0.980469 0.00905609
0 0.338132 0.616211 0.100235 0.167969 0.00871277
0 0.389226 0.755859 0.106744 0.314453 0.00871277
0 0.909929 0.628418 0.169229 0.387695 0.00809479
0 0.38532 0.691895 0.0950283 0.225586 0.00803375
0 0.373279 0.643555 0.129525 0.269531 0.00775528
0 0.671056 0.955078 0.0898213 0.0742188 0.00751877
0 0.0482464 0.660156 0.0964928 0.443359 0.00748825
0 0.864367 0.87207 0.24473 0.255859 0.00703812
0 0.354078 0.631348 0.109348 0.271484 0.00669098
0 0.474816 0.783691 0.24408 0.319336 0.709961
0 0.0488159 0.77002 0.0920994 0.15332 0.585938
0 0.0575214 0.78418 0.112114 0.203125 0.0448608
0 0.464728 0.759766 0.196565 0.285156 0.0369873
0 0.809693 0.779297 0.0572773 0.0898438 0.0115051
0 0.441947 0.741211 0.152306 0.240234 0.0110703
0 0.900166 0.84375 0.109348 0.15625 0.0109863
0 0.232689 0.547852 0.0605317 0.0996094 0.0109482
0 0.893006 0.834473 0.132779 0.202148 0.00941467
0 0.359936 0.654297 0.0520703 0.09375 0.0078125
0 0.387924 0.730957 0.122365 0.301758 0.00757599
0 0.231713 0.566406 0.0546738 0.078125 0.00671768
0 0.321209 0.259766 0.0657388 0.0839844 0.00658798
0 0.879988 0.824219 0.171832 0.25 0.00658798
0 0.52591 0.703125 0.166625 0.183594 0.0064888
0 0.0523144 0.69873 0.102351 0.331055 0.00579834
0 0.0484905 0.74707 0.096981 0.230469 0.00534439
0 0.277356 0.729492 0.0610199 0.0732422 0.00530243
0 0.291919 0.193909 0.143193 0.20105 0.0051384
0 0.813599 0.818359 0.0611826 0.125 0.00498199
0 0.438692 0.759766 0.324138 0.394531 0.00471878
0 0.195589 0.154724 0.391178 0.257935 0.00460815
0 0.216783 0.152832 0.303228 0.214355 0.00424957
0 0.950283 0.539551 0.085916 0.173828 0.00408554
0 0.942473 0.558105 0.080709 0.157227 0.00400543
0 0.270766 0.167969 0.189406 0.199707 0.00391388
0 0.47384 0.649292 0.292896 0.613525 0.00359344
0 0.055162 0.561523 0.0816853 0.121094 0.00355148
0 0.309249 0.215332 0.154746 0.239258 0.00341606
0 0.478721 0.673828 0.14059 0.208984 0.00312424
0 0.848746 0.681641 0.246032 0.537109 0.003088
0 0.412332 0.748047 0.216743 0.365234 0.00296974
0 0.060369 0.828125 0.117809 0.298828 0.00294685
0 0.877385 0.757324 0.193962 0.358398 0.00293541
0 0.321453 0.673828 0.194125 0.324219 0.00291252
0 0.214465 0.212158 0.394433 0.353027 0.00287819
0 0.276624 0.594727 0.102839 0.115234 0.00286674
0 0.321453 0.635742 0.14596 0.210938 0.00276756
0 0.0385646 0.416992 0.0675287 0.120117 0.00274658
0 0.286956 0.19043 0.185012 0.232422 0.0027256
0 0.95549 0.526855 0.0794072 0.12793 0.00271416
0 0.354078 0.226562 0.196565 0.273438 0.00258064
0 0.0351475 0.575684 0.0576028 0.0742188 0.00245285
0 0.322185 0.614258 0.0891704 0.142578 0.00243378
0 0.247985 0.186584 0.245381 0.281128 0.00234222
0 0.39248 0.2771 0.0956792 0.151367 0.00226021
0 0.352125 0.242188 0.136685 0.219727 0.00225258
0 0.35538 0.628906 0.0650879 0.154297 0.00222588
0 0.937266 0.481445 0.117158 0.283203 0.00218201
0 0.290943 0.234375 0.560407 0.369141 0.00215721
0 0.464728 0.806641 0.248636 0.347656 0.651367
0 0.0488973 0.777832 0.081848 0.15332 0.297363
0 0.893657 0.849609 0.0937266 0.150391 0.0514526
0 0.0590673 0.799805 0.112927 0.208984 0.0469055
0 0.443899 0.773438 0.190057 0.279297 0.0343018
0 0.474491 0.734375 0.173134 0.208984 0.0164032
0 0.810995 0.770508 0.0598809 0.0761719 0.0158997
0 0.409403 0.703125 0.0663897 0.136719 0.0121918
0 0.0675287 0.762695 0.109999 0.160156 0.0111618
0 0.366119 0.759766 0.0846143 0.248047 0.0105667
0 0.279227 0.739258 0.0585791 0.0742188 0.01017
0 0.356682 0.661621 0.0598809 0.143555 0.00948334
0 0.680819 0.953125 0.0546738 0.0664062 0.00933838
0 0.683423 0.568359 0.075502 0.0859375 0.00898743
0 0.0513381 0.740234 0.0906349 0.236328 0.00878143
0 0.899515 0.791992 0.130176 0.269531 0.00809479
0 0.319907 0.609863 0.0826616 0.132812 0.00769424
0 0.438042 0.791504 0.337155 0.374023 0.00746155
0 0.182246 0.137756 0.347569 0.272339 0.00734711
0 0.686677 0.583008 0.0924248 0.132812 0.00706482
0 0.32609 0.646484 0.144495 0.226562 0.00706482
0 0.878687 0.771484 0.0885195 0.1875 0.00703812
0 0.239035 0.546875 0.0641116 0.105469 0.00679779
0 0.265559 0.479492 0.0514194 0.0703125 0.00669098
0 0.812297 0.757812 0.0650879 0.101562 0.00669098
0 0.350824 0.628418 0.0650879 0.158203 0.00653839
0 0.813599 0.815918 0.0598809 0.107422 0.0064888
0 0.574726 0.730957 0.085916 0.176758 0.00616837
0 0.384344 0.802734 0.132779 0.242188 0.00605011
0 0.663246 0.955078 0.0585791 0.0722656 0.00605011
0 0.0431207 0.759277 0.0862415 0.313477 0.005867
0 0.535673 0.749512 0.144495 0.239258 0.00568771
0 0.0842481 0.87207 0.0846956 0.228516 0.00568771
0 0.276542 0.59082 0.0873805 0.103516 0.00530243
0 0.0208281 0.759766 0.0416563 0.205078 0.00524139
0 0.108046 0.958008 0.0462124 0.0683594 0.00498199
0 0.48881 0.657227 0.0911231 0.162109 0.00492477
0 0.318931 0.773438 0.113904 0.188477 0.0049057
0 0.190708 0.222168 0.367096 0.430664 0.00486755
0 0.0680168 0.591309 0.0553247 0.0673828 0.00460815
0 0.458544 0.217529 0.218695 0.254395 0.00453949
0 0.330647 0.22583 0.0898213 0.148926 0.00446701
0 0.259619 0.542969 0.0652506 0.0878906 0.00439835
0 0.466029 0.625854 0.307215 0.732666 0.00439835
0 0.309818 0.656738 0.173785 0.280273 0.00429916
0 0.0660642 0.844238 0.121389 0.311523 0.00429916
0 0.237896 0.573242 0.0637861 0.0820312 0.00424957
0 0.379462 0.244629 0.154909 0.212891 0.00421524
0 0.311446 0.207092 0.139288 0.219604 0.00418091
0 0.805137 0.172852 0.165323 0.138184 0.00416565
0 0.476443 0.773438 0.304611 0.398438 0.596191
0 0.0496295 0.813965 0.088845 0.213867 0.0386047
0 0.530466 0.766602 0.472538 0.449219 0.0153046
0 0.489461 0.609863 0.341061 0.743164 0.014061
0 0.0509313 0.758789 0.0995845 0.302734 0.0119629
0 0.0607758 0.839355 0.112439 0.301758 0.0116425
0 0.480349 0.784668 0.343664 0.430664 0.00538635
0 0.480349 0.540527 0.419166 0.891602 0.00492477
0 0.896911 0.854004 0.115856 0.19043 0.00486755
0 0.463751 0.759766 0.238873 0.328125 0.00450516
0 0.559756 0.564453 0.553247 0.855469 0.00428009
0 0.0547552 0.692383 0.101374 0.505859 0.00342941
0 0.874781 0.795898 0.182246 0.341797 0.00316048
0 0.601249 0.631836 0.679843 0.705078 0.00300407
0 0.567566 0.772461 0.583188 0.455078 0.00259018
0 0.389876 0.679199 0.49597 0.620117 0.00236893
0 0.0473514 0.818359 0.0947029 0.34375 0.00208282
0 0.0943774 0.926025 0.0751765 0.144043 0.00203514
0 0.41461 0.540161 0.633956 0.919678 0.00202751
0 0.040924 0.774902 0.081848 0.450195 0.00178242
0 0.844841 0.860352 0.166625 0.251953 0.00173378
0 0.813599 0.847656 0.0650879 0.199219 0.00167465
0 0.446503 0.834961 0.307215 0.330078 0.0016613
0 0.487508 0.702637 0.249938 0.397461 0.00157356
0 0.324789 0.776367 0.568868 0.447266 0.00155449
0 0.684725 0.958008 0.075502 0.0761719 0.00146675
0 0.0427139 0.228516 0.0659015 0.129883 0.00141048
0 0.60011 0.763184 0.648275 0.473633 0.00137234
0 0.846143 0.877441 0.26686 0.245117 0.00127411
0 0.932059 0.743164 0.123667 0.513672 0.00124931
0 0.665198 0.557617 0.656086 0.884766 0.00116062
0 0.286061 0.788086 0.572123 0.423828 0.00115108
0 0.700346 0.708984 0.581886 0.523438 0.0011425
0 0.689932 0.568848 0.080709 0.12793 0.0011034
0 0.127735 0.777344 0.25547 0.445312 0.00109005
0 0.953012 0.738281 0.0939766 0.498047 0.00108147
0 0.900816 0.374023 0.0650879 0.0976562 0.00106525
0 0.0498736 0.523926 0.0997472 0.952148 0.00104809
0 0.217068 0.506348 0.434136 0.987305 0.00104427
0 0.279227 0.96875 0.0611826 0.0585938 0.00102425
0 0.374255 0.73584 0.11846 0.393555 0.00100803
0 0.47384 0.77002 0.264257 0.334961 0.646973
0 0.0484091 0.783691 0.0857533 0.15332 0.0987549
0 0.899515 0.842285 0.102839 0.163086 0.0379028
0 0.0537789 0.809082 0.100073 0.208008 0.0276947
0 0.462449 0.757812 0.194613 0.3125 0.0167847
0 0.05923 0.825684 0.114229 0.260742 0.0102081
0 0.88129 0.787109 0.166625 0.291016 0.00809479
0 0.812948 0.79541 0.0702949 0.129883 0.00575256
0 0.445201 0.77002 0.334552 0.395508 0.00553513
0 0.687328 0.955078 0.080709 0.0722656 0.00479126
0 0.816202 0.814453 0.0650879 0.125 0.00469971
0 0.898213 0.38269 0.0781055 0.105713 0.00356483
0 0.0484905 0.698242 0.0947029 0.390625 0.00317192
0 0.40745 0.717773 0.0943774 0.222656 0.00277901
0 0.499875 0.75293 0.173134 0.279297 0.00275803
0 0.907976 0.397949 0.105442 0.143555 0.00269318
0 0.465704 0.635254 0.29615 0.663086 0.00264168
0 0.42958 0.585938 0.40745 0.773438 0.00252151
0 0.673009 0.953125 0.0781055 0.0664062 0.00237846
0 0.838983 0.858887 0.136685 0.22168 0.00226974
0 0.363841 0.747559 0.105442 0.333008 0.00225258
0 0.896911 0.435547 0.143193 0.22168 0.00219917
0 0.477094 0.671875 0.109348 0.183594 0.00217438
0 0.0623217 0.776367 0.109348 0.21875 0.00214958
0 0.354729 0.677734 0.0768037 0.236328 0.00196457
0 0.446178 0.691406 0.136034 0.225586 0.00185299
0 0.0659015 0.859375 0.125945 0.265625 0.00185299
0 0.322836 0.256836 0.0676914 0.12207 0.00179577
0 0.711411 0.955078 0.0794072 0.0703125 0.00171375
0 0.0405986 0.817383 0.0811972 0.28125 0.00169373
0 0.444876 0.55127 0.503129 0.897461 0.00163555
0 0.336504 0.524536 0.673009 0.950928 0.00162315
0 0.186151 0.144531 0.364492 0.289062 0.00161648
0 0.82206 0.791504 0.111951 0.211914 0.00155449
0 0.349522 0.644531 0.0833125 0.212891 0.00152493
0 0.593602 0.535645 0.702949 0.928711 0.0015192
0 0.686677 0.572266 0.080709 0.0927734 0.00143814
0 0.396385 0.666016 0.0689932 0.208984 0.00138283
0 0.882592 0.380981 0.106744 0.118896 0.00135612
0 0.308517 0.2146 0.109348 0.215332 0.00129986
0 0.178504 0.506958 0.357007 0.986084 0.00129414
0 0.0488159 0.672363 0.094052 0.583008 0.0012846
0 0.100886 0.950195 0.0650879 0.0859375 0.00127888
0 0.874781 0.88208 0.190057 0.23584 0.00125504
0 0.277925 0.200623 0.156862 0.241333 0.00123501
0 0.355054 0.700684 0.496621 0.553711 0.00123501
0 0.907325 0.772949 0.147099 0.368164 0.00120163
0 0.392155 0.783203 0.156862 0.287109 0.00120163
0 0.200796 0.181885 0.322185 0.327637 0.00117874
0 0.337155 0.342285 0.674311 0.618164 0.00116539
0 0.459846 0.77832 0.254494 0.330078 0.796875
0 0.0486532 0.781738 0.0810344 0.149414 0.0939941
0 0.897562 0.84082 0.11846 0.1875 0.0465393
0 0.870876 0.780762 0.187453 0.301758 0.0357361
0 0.813599 0.813477 0.0676914 0.158203 0.0157776
0 0.887148 0.770508 0.130176 0.291016 0.00746155
0 0.843539 0.79834 0.14059 0.235352 0.00653839
0 0.0506058 0.684082 0.0865669 0.383789 0.00643921
0 0.686026 0.569824 0.085916 0.100586 0.00629044
0 0.489136 0.775879 0.220648 0.290039 0.00605011
0 0.0618335 0.77832 0.103815 0.185547 0.00475693
0 0.0408427 0.713379 0.0657388 0.37793 0.00441742
0 0.0514194 0.343262 0.0872178 0.349609 0.0039444
0 0.0642743 0.811523 0.103164 0.230469 0.00352478
0 0.850048 0.850586 0.153607 0.216797 0.00345612
0 0.0449106 0.305176 0.0761528 0.286133 0.00342941
0 0.0488973 0.646484 0.0864042 0.603516 0.00340271
0 0.911231 0.769531 0.135383 0.3125 0.00318527
0 0.0387273 0.427612 0.0618335 0.158447 0.00299263
0 0.686026 0.581055 0.0924248 0.134766 0.00284576
0 0.361238 0.652344 0.0689932 0.193359 0.00258064
0 0.0475142 0.399292 0.0781055 0.2229 0.00255013
0 0.367096 0.731445 0.0898213 0.337891 0.00247192
0 0.0452361 0.456177 0.0758274 0.226318 0.00218201
0 0.453337 0.774414 0.319582 0.400391 0.00212479
0 0.0679355 0.751953 0.0974691 0.182617 0.00210762
0 0.0392155 0.602539 0.0642743 0.273438 0.00209045
0 0.398012 0.712891 0.0820107 0.200195 0.00185299
0 0.69644 0.566406 0.0963301 0.138672 0.00177479
0 0.269789 0.464844 0.0416563 0.0742188 0.00154877
0 0.331623 0.617188 0.0833125 0.160156 0.0015192
0 0.68863 0.603027 0.114555 0.185547 0.00146675
0 0.0751765 0.318604 0.130176 0.612793 0.0014267
0 0.320883 0.656738 0.154909 0.263672 0.00139427
0 0.464402 0.668457 0.287038 0.55957 0.00137806
0 0.907325 0.441406 0.166625 0.245117 0.00128937
0 0.870225 0.87915 0.187453 0.241699 0.00128937
0 0.842888 0.757324 0.111951 0.28418 0.00127888
0 0.956141 0.526855 0.0768037 0.114258 0.00125504
0 0.318931 0.214844 0.0898213 0.212891 0.00124931
0 0.0532094 0.182678 0.0947029 0.309448 0.00120163
0 0.952887 0.681641 0.0820107 0.425781 0.00120163
0 0.948331 0.472168 0.0911231 0.210938 0.00116539
0 0.462449 0.218811 0.182897 0.281128 0.00114727
0 0.0338864 0.791016 0.0677728 0.230469 0.00112057
0 0.173134 0.441895 0.328043 0.854492 0.00109863
0 0.958094 0.509766 0.0702949 0.113281 0.00108624
0 0.954189 0.601074 0.0833125 0.255859 0.00107765
0 0.51452 0.547974 0.404196 0.904053 0.00107765
0 0.389876 0.65918 0.0611826 0.207031 0.00106049
0 0.465378 0.812012 0.282481 0.375977 0.698242
0 0.052233 0.779297 0.103164 0.162109 0.33374
0 0.863065 0.785156 0.210885 0.320312 0.0414734
0 0.0523144 0.728027 0.1017 0.276367 0.0352783
0 0.0559756 0.828125 0.111951 0.261719 0.0303802
0 0.90342 0.833008 0.109348 0.171875 0.0218658
0 0.877385 0.811523 0.164021 0.228516 0.0217438
0 0.812948 0.806641 0.0742002 0.162109 0.0183716
0 0.848095 0.796387 0.154909 0.243164 0.0117798
0 0.891053 0.849609 0.132779 0.162109 0.0109024
0 0.040924 0.676758 0.0782682 0.301758 0.0106506
0 0.062403 0.748535 0.107883 0.18457 0.00959778
0 0.0498736 0.668457 0.0968182 0.386719 0.00837708
0 0.917739 0.834961 0.0820107 0.126953 0.00784302
0 0.686026 0.575195 0.0846143 0.109375 0.0064888
0 0.0393782 0.398438 0.0693186 0.171875 0.00612259
0 0.0483278 0.194336 0.0790818 0.129883 0.00561905
0 0.0459683 0.336426 0.0824989 0.296875 0.00557709
0 0.0304286 0.414062 0.0589045 0.126953 0.00527954
0 0.832474 0.848633 0.139288 0.216797 0.00518036
0 0.0567892 0.123779 0.102513 0.210449 0.00479126
0 0.908627 0.752441 0.153607 0.333008 0.00479126
0 0.0423885 0.234863 0.0662269 0.12793 0.00469971
0 0.692535 0.582031 0.111951 0.160156 0.0042305
0 0.052233 0.367432 0.0881941 0.17334 0.00416565
0 0.687328 0.607422 0.14059 0.194336 0.00416565
0 0.089984 0.120239 0.1663 0.205322 0.00390053
0 0.449757 0.765625 0.222601 0.285156 0.00388527
0 0.172157 0.216064 0.344315 0.412598 0.00376511
0 0.0815226 0.208557 0.151004 0.383667 0.00369263
0 0.0426326 0.152588 0.0719221 0.147949 0.00365067
0 0.0359611 0.750977 0.0719221 0.208984 0.00352478
0 0.0369374 0.552246 0.0719221 0.114258 0.00346947
0 0.0406799 0.463379 0.0803835 0.193359 0.0030632
0 0.0497109 0.524414 0.0984454 0.239258 0.0029583
0 0.359936 0.645508 0.0820107 0.216797 0.00292397
0 0.0502804 0.406738 0.0999099 0.197266 0.00287819
0 0.367096 0.726562 0.0989336 0.328125 0.00281143
0 0.0345779 0.780273 0.0691559 0.216797 0.00276756
0 0.952887 0.574219 0.0911231 0.201172 0.00269318
0 0.47384 0.745117 0.187453 0.275391 0.0026722
0 0.951585 0.679688 0.0911231 0.417969 0.00245285
0 0.073468 0.291016 0.124155 0.385742 0.00237846
0 0.0201772 0.741699 0.0403545 0.194336 0.00234222
0 0.449106 0.212952 0.205678 0.296753 0.00228691
0 0.485556 0.231445 0.356682 0.341797 0.00223351
0 0.393782 0.694336 0.0742002 0.169922 0.00221634
0 0.0649252 0.670898 0.109022 0.290039 0.00214005
0 0.958745 0.522461 0.0820107 0.111328 0.00211525
0 0.159791 0.407349 0.319582 0.77124 0.00211525
0 0.45887 0.793945 0.269464 0.365234 0.604004
0 0.0497922 0.799805 0.0953538 0.195312 0.254639
0 0.055162 0.82373 0.100561 0.260742 0.102295
0 0.049955 0.72168 0.0907976 0.330078 0.0177765
0 0.0564637 0.843262 0.112927 0.30957 0.0173035
0 0.865018 0.783203 0.201772 0.306641 0.0167847
0 0.882592 0.820801 0.1484 0.233398 0.0161591
0 0.0478396 0.642578 0.0878687 0.511719 0.0125275
0 0.898213 0.845703 0.106744 0.162109 0.0110321
0 0.461473 0.76123 0.208281 0.305664 0.0101318
0 0.0448293 0.333496 0.0782682 0.331055 0.00737381
0 0.900816 0.820801 0.128874 0.206055 0.00734711
0 0.813599 0.810547 0.0702949 0.162109 0.00706482
0 0.0385646 0.422974 0.0732239 0.173584 0.00669098
0 0.0607758 0.774414 0.114717 0.277344 0.00568771
0 0.0473514 0.453125 0.0907976 0.244141 0.00494385
0 0.68863 0.57666 0.0885195 0.124023 0.00436401
0 0.0541857 0.633911 0.104466 0.665771 0.00421524
0 0.361238 0.651367 0.0950283 0.240234 0.00408554
0 0.0516635 0.374023 0.0932384 0.238281 0.00372124
0 0.896911 0.744141 0.177039 0.414062 0.00348282
0 0.36677 0.693359 0.0917739 0.313477 0.00348282
0 0.387924 0.68457 0.0820107 0.201172 0.00316048
0 0.0530466 0.407349 0.102188 0.228271 0.00312424
0 0.307215 0.194824 0.104141 0.175781 0.00309944
0 0.92555 0.398926 0.0833125 0.137695 0.00271416
0 0.339108 0.636719 0.110649 0.21875 0.00260162
0 0.329996 0.648926 0.144495 0.234375 0.00254059
0 0.321534 0.230957 0.075502 0.15918 0.00253105
0 0.0487346 0.812988 0.0974691 0.299805 0.00252151
0 0.69644 0.583984 0.109348 0.181641 0.0024929
0 0.935313 0.427734 0.0846143 0.1875 0.002388
0 0.325114 0.2229 0.100886 0.20166 0.00234985
0 0.853953 0.852051 0.161418 0.225586 0.00226974
0 0.898213 0.381714 0.0663897 0.0998535 0.00214005
0 0.0453988 0.78125 0.0907976 0.314453 0.00196457
0 0.943774 0.779297 0.106744 0.310547 0.00190449
0 0.0385646 0.217834 0.0615081 0.275269 0.00182438
0 0.947029 0.486328 0.0846143 0.170898 0.00173378
0 0.127735 0.52832 0.25547 0.943359 0.00173378
0 0.0742002 0.324707 0.128223 0.425781 0.0017004
0 0.419166 0.24115 0.161418 0.232544 0.00163555
0 0.339759 0.24292 0.0937266 0.20166 0.00162888
0 0.956792 0.509766 0.0728984 0.115234 0.00159168
0 0.310144 0.668945 0.124318 0.200195 0.00159168
0 0.44813 0.228027 0.176388 0.245117 0.00154305
0 0.0504431 0.168213 0.085916 0.279785 0.0015192
0 0.296719 0.18988 0.122528 0.209106 0.00149536
0 0.948981 0.720215 0.0911231 0.52832 0.00148392
0 0.0813599 0.300781 0.143844 0.578125 0.00138855
0 0.468958 0.787598 0.255795 0.348633 0.630859
0 0.0475142 0.783691 0.0901467 0.149414 0.2854
0 0.892355 0.806641 0.130176 0.257812 0.0438538
0 0.0545925 0.843262 0.106907 0.272461 0.0394287
0 0.861113 0.779297 0.203074 0.3125 0.0393372
0 0.900816 0.849609 0.104141 0.162109 0.037384
0 0.0597181 0.794922 0.10772 0.191406 0.0272217
0 0.0515822 0.688477 0.0979573 0.365234 0.0188751
0 0.898213 0.822266 0.122365 0.197266 0.0180511
0 0.0508499 0.613281 0.0994218 0.580078 0.0165253
0 0.810995 0.797852 0.0702949 0.152344 0.0155411
0 0.472538 0.755859 0.208281 0.292969 0.00841522
0 0.0618335 0.757812 0.115531 0.228516 0.00775528
0 0.392805 0.741211 0.0878687 0.253906 0.0068512
0 0.684725 0.574219 0.0820107 0.101562 0.005867
0 0.466029 0.73291 0.291594 0.493164 0.00582123
0 0.889101 0.754883 0.182246 0.333984 0.00413513
0 0.363516 0.67334 0.0846143 0.241211 0.00403976
0 0.0639489 0.525513 0.127898 0.663818 0.00340271
0 0.686026 0.584961 0.0950283 0.132812 0.00269318
0 0.850048 0.848633 0.151004 0.21875 0.00269318
0 0.138678 0.123535 0.26743 0.231445 0.00261116
0 0.390527 0.674805 0.0728984 0.203125 0.00256157
0 0.0689932 0.647583 0.132454 0.673584 0.00255013
0 0.179968 0.146545 0.359936 0.25769 0.00247192
0 0.35538 0.634766 0.0833125 0.207031 0.00237846
0 0.0463751 0.480591 0.0911231 0.281006 0.00233269
0 0.0376696 0.427246 0.0704576 0.176758 0.00222588
0 0.156536 0.297363 0.313073 0.560547 0.00218201
0 0.126108 0.631714 0.252216 0.654541 0.00215721
0 0.535022 0.833984 0.110649 0.216797 0.00212479
0 0.0449106 0.334473 0.0800581 0.341797 0.00194168
0 0.68863 0.616211 0.117158 0.195312 0.00192642
0 0.14417 0.112793 0.283132 0.225586 0.00186729
0 0.0413308 0.402832 0.0717594 0.186523 0.00186062
0 0.0759901 0.89209 0.112602 0.21582 0.00186062
0 0.328368 0.652344 0.149702 0.234375 0.00181007
0 0.0571146 0.120117 0.104466 0.218262 0.00176811
0 0.0512567 0.189941 0.0920994 0.344727 0.00172043
0 0.578631 0.717773 0.0781055 0.1875 0.00170708
0 0.0797327 0.445312 0.159465 0.850586 0.00168133
0 0.500526 0.54248 0.389226 0.897461 0.00166798
0 0.144658 0.477051 0.289316 0.920898 0.00165462
0 0.0432834 0.265869 0.0702949 0.257324 0.00160408
0 0.588395 0.675781 0.0676914 0.138672 0.00157928
0 0.34041 0.629883 0.105442 0.205078 0.00150681
0 0.0585791 0.295166 0.107395 0.453613 0.00148392
0 0.434787 0.123535 0.122365 0.117188 0.00146675
0 0.69644 0.572266 0.111951 0.144531 0.00145531
0 0.449757 0.237793 0.16272 0.197266 0.0014267
0 0.465378 0.787598 0.257748 0.342773 0.776855
0 0.0476769 0.776367 0.0865669 0.146484 0.401611
0 0.896911 0.821777 0.119762 0.21582 0.0505066
0 0.874781 0.798828 0.174436 0.273438 0.0467224
0 0.900816 0.844727 0.104141 0.158203 0.0460205
0 0.811646 0.803711 0.0650879 0.162109 0.022583
0 0.0525585 0.835449 0.100886 0.262695 0.0184784
0 0.0512567 0.720703 0.0894959 0.269531 0.0149536
0 0.834427 0.791016 0.122365 0.228516 0.0134811
0 0.0582537 0.785645 0.10772 0.19043 0.0129242
0 0.466029 0.753906 0.209583 0.302734 0.0126266
0 0.391178 0.748535 0.0982827 0.25293 0.0064888
0 0.361238 0.651367 0.0794072 0.222656 0.00593567
0 0.683423 0.572266 0.075502 0.0898438 0.00557709
0 0.0434462 0.693848 0.0751765 0.364258 0.00551224
0 0.366119 0.681641 0.0781055 0.205078 0.00502014
0 0.0610199 0.754395 0.110649 0.205078 0.00479126
0 0.335203 0.630859 0.0989336 0.201172 0.00419998
0 0.332599 0.644531 0.128874 0.226562 0.00374985
0 0.839634 0.845215 0.122365 0.211914 0.00322342
0 0.39248 0.688965 0.0742002 0.175781 0.00316048
0 0.904071 0.763672 0.147099 0.308594 0.00269318
0 0.0509313 0.641113 0.0930757 0.524414 0.00253105
0 0.684725 0.580078 0.0885195 0.113281 0.00246239
0 0.0517449 0.848145 0.10349 0.303711 0.00237846
0 0.295174 0.612305 0.104792 0.167969 0.00230598
0 0.382717 0.647949 0.0748511 0.223633 0.00219154
0 0.31169 0.673828 0.129037 0.191406 0.00204277
0 0.0459683 0.78418 0.0919366 0.261719 0.00176811
0 0.0445852 0.739746 0.0891704 0.25293 0.00174141
0 0.482952 0.669922 0.123667 0.216797 0.00157356
0 0.511916 0.795898 0.154258 0.289062 0.00156689
0 0.0383205 0.624023 0.0701322 0.316406 0.00148964
0 0.321209 0.249512 0.0663897 0.106445 0.00137234
0 0.299079 0.195374 0.104141 0.178589 0.0012846
0 0.315676 0.21167 0.0846143 0.163574 0.00126457
0 0.378812 0.766602 0.0995845 0.275391 0.00126457
0 0.444225 0.22467 0.154909 0.230347 0.00125504
0 0.930757 0.424805 0.0937266 0.175781 0.00124454
0 0.946378 0.771484 0.101537 0.265625 0.00118828
0 0.833125 0.745117 0.104141 0.277344 0.00118351
0 0.805788 0.79248 0.0833125 0.168945 0.00112915
0 0.454313 0.669922 0.16272 0.25 0.0011158
0 0.697091 0.570312 0.109348 0.150391 0.00110722
0 0.513869 0.742188 0.168578 0.267578 0.00102806
0 0.43674 0.140564 0.124318 0.138794 0.00100422
0 0.466029 0.78125 0.255145 0.349609 0.70166
0 0.045887 0.78125 0.0833125 0.15918 0.251709
0 0.898864 0.845703 0.105442 0.164062 0.0420837
0 0.0527212 0.838379 0.102839 0.28418 0.0383911
0 0.0554874 0.599121 0.110975 0.602539 0.0336609
0 0.863065 0.784668 0.195264 0.303711 0.0327759
0 0.809693 0.802734 0.0676914 0.166016 0.0133286
0 0.0580096 0.793945 0.109185 0.25 0.00963593
0 0.840936 0.791992 0.143193 0.251953 0.00908661
0 0.474491 0.747559 0.206979 0.301758 0.00666809
0 0.895609 0.724609 0.179643 0.443359 0.00488663
0 0.683423 0.571777 0.0781055 0.0976562 0.00421524
0 0.0595554 0.694824 0.114229 0.399414 0.00421524
0 0.400616 0.75 0.123667 0.269531 0.00355148
0 0.357333 0.647461 0.0813599 0.225586 0.00329781
0 0.847444 0.844238 0.143193 0.21582 0.00316048
0 0.468633 0.718262 0.295499 0.536133 0.00266266
0 0.324138 0.645508 0.144495 0.224609 0.00217438
0 0.336179 0.636719 0.104141 0.210938 0.00206757
0 0.684725 0.57666 0.0898213 0.12207 0.00189686
0 0.0462938 0.531372 0.0916112 0.392334 0.00188923
0 0.937266 0.767578 0.119762 0.320312 0.00186729
0 0.948331 0.707031 0.0950283 0.496094 0.00173378
0 0.384669 0.671387 0.0781055 0.209961 0.0017004
0 0.0334389 0.435425 0.0619962 0.195557 0.00135612
0 0.69644 0.57373 0.109348 0.157227 0.00134563
0 0.480349 0.6875 0.128874 0.262695 0.00131512
0 0.893006 0.658691 0.197867 0.584961 0.00130939
0 0.372303 0.644531 0.0865669 0.230469 0.00129414
0 0.305181 0.629883 0.135546 0.204102 0.0012207
0 0.512567 0.747559 0.188104 0.307617 0.00119209
0 0.0424699 0.335449 0.0738748 0.37207 0.00118828
0 0.928153 0.437378 0.109348 0.213135 0.00116539
0 0.0385646 0.40332 0.0670405 0.207031 0.00114727
0 0.519076 0.809082 0.139939 0.305664 0.00112915
0 0.069644 0.869141 0.11846 0.261719 0.00110722
0 0.693837 0.609375 0.114555 0.179688 0.00104427
0 0.920343 0.410645 0.0989336 0.168945 0.00103188
0 0.044097 0.785156 0.0881941 0.257812 0.00103188
0 0.0513381 0.527344 0.102676 0.569336 0.00102043
0 0.468633 0.78125 0.260352 0.341797 0.76416
0 0.0460497 0.779297 0.0833125 0.154297 0.405518
0 0.899515 0.833984 0.111951 0.193359 0.0648804
0 0.861764 0.783203 0.200471 0.304688 0.0518494
0 0.876083 0.806641 0.166625 0.255859 0.0495911
0 0.054023 0.833984 0.101537 0.277344 0.0335999
0 0.902118 0.842773 0.0976318 0.146484 0.0264587
0 0.809693 0.803711 0.0663897 0.158203 0.0241394
0 0.0502804 0.700684 0.0924248 0.338867 0.0224152
0 0.0518262 0.598755 0.0987709 0.575928 0.0215302
0 0.0589045 0.789062 0.10772 0.216797 0.0162811
0 0.83703 0.791992 0.132779 0.240234 0.0159607
0 0.462775 0.748047 0.199169 0.279297 0.0118713
0 0.407776 0.755859 0.13343 0.263672 0.0116425
0 0.0604504 0.74707 0.111788 0.263672 0.00653839
0 0.683423 0.574219 0.080709 0.102539 0.0064888
0 0.361238 0.647461 0.0742002 0.212891 0.00466537
0 0.887799 0.743164 0.190057 0.375 0.00416565
0 0.367747 0.682129 0.0794072 0.196289 0.00370789
0 0.840936 0.843262 0.124969 0.208008 0.00333786
0 0.394758 0.692383 0.0735493 0.162109 0.00331116
0 0.682121 0.573242 0.0911231 0.150391 0.00274658
0 0.334226 0.62793 0.0963301 0.193359 0.00271416
0 0.0672033 0.628418 0.130501 0.618164 0.00233269
0 0.382066 0.645508 0.0833125 0.222656 0.00221634
0 0.697742 0.571289 0.111951 0.171875 0.00219917
0 0.0443411 0.502441 0.084777 0.331055 0.00216484
0 0.332599 0.640625 0.128874 0.220703 0.00214958
0 0.0312422 0.430664 0.0566265 0.178711 0.00176144
0 0.477094 0.667969 0.126271 0.208008 0.00176144
0 0.322185 0.253418 0.0624844 0.0986328 0.00172043
0 0.29257 0.611328 0.106093 0.162109 0.00166798
0 0.943774 0.774414 0.106744 0.269531 0.0016489
0 0.835729 0.748047 0.122365 0.289062 0.00164223
0 0.443249 0.777344 0.217394 0.275391 0.00157928
0 0.0444225 0.78125 0.088845 0.25 0.00153637
0 0.693837 0.60791 0.110649 0.180664 0.0015192
0 0.447805 0.666992 0.156211 0.238281 0.00149536
0 0.312503 0.663086 0.132617 0.203125 0.00149536
0 0.0363679 0.405273 0.0593927 0.185547 0.00144958
0 0.926852 0.433105 0.106744 0.206055 0.00144386
0 0.0422258 0.737793 0.0844515 0.250977 0.00137234
0 0.513543 0.750977 0.182246 0.285156 0.00135136
0 0.919692 0.409058 0.100235 0.16626 0.00133514
0 0.951585 0.698242 0.0885195 0.462891 0.00133514
0 0.891704 0.65918 0.200471 0.548828 0.00125504
0 0.316327 0.210938 0.085916 0.172852 0.00121117
0 0.0398663 0.343262 0.064437 0.326172 0.00117397
0 0.522981 0.797852 0.132128 0.294922 0.00116539
0 0.50378 0.252014 0.374906 0.392456 0.00115108
0 0.468633 0.78125 0.260352 0.341797 0.76416
0 0.046131 0.779297 0.0831498 0.155273 0.406494
0 0.899515 0.834473 0.111951 0.192383 0.0648804
0 0.861113 0.783203 0.200471 0.304688 0.0518494
0 0.876083 0.807617 0.166625 0.253906 0.0495911
0 0.054023 0.833984 0.101537 0.277344 0.0336609
0 0.902118 0.842285 0.0976318 0.145508 0.0264587
0 0.809693 0.803711 0.0663897 0.158203 0.0241394
0 0.0502804 0.700684 0.0924248 0.338867 0.0224152
0 0.0518262 0.598755 0.0987709 0.575928 0.0215759
0 0.0589045 0.789062 0.10772 0.216797 0.0162811
0 0.83703 0.791992 0.132779 0.240234 0.0159607
0 0.462775 0.748047 0.199169 0.279297 0.0118713
0 0.40745 0.755859 0.132779 0.263672 0.0116882
0 0.683423 0.574219 0.080709 0.102539 0.00653839
0 0.0604504 0.74707 0.111788 0.263672 0.00651169
0 0.361238 0.647461 0.0742002 0.212891 0.00468063
0 0.887799 0.743164 0.190057 0.375 0.00416565
0 0.367747 0.682129 0.0794072 0.196289 0.00372124
0 0.840285 0.843262 0.124969 0.208008 0.00333786
0 0.394758 0.692383 0.0735493 0.162109 0.00332451
0 0.682121 0.573242 0.0911231 0.149414 0.00275803
0 0.334226 0.62793 0.0963301 0.193359 0.0027256
0 0.0672033 0.62793 0.130501 0.617188 0.00234222
0 0.382066 0.645508 0.0833125 0.222656 0.00221634
0 0.697742 0.571289 0.111951 0.170898 0.00219917
0 0.0443411 0.503052 0.084777 0.331787 0.00216484
0 0.332599 0.640625 0.128874 0.220703 0.00215721
0 0.47742 0.667969 0.126271 0.207031 0.00176144
0 0.0312422 0.430542 0.0566265 0.177979 0.00175476
0 0.322185 0.253418 0.0624844 0.0986328 0.00173378
0 0.29257 0.611816 0.106093 0.162109 0.00166798
0 0.943774 0.774414 0.106744 0.269531 0.0016489
0 0.835729 0.748047 0.122365 0.289062 0.00164223
0 0.442923 0.777344 0.216743 0.275391 0.00158501
0 0.0444225 0.78125 0.088845 0.25 0.00153637
0 0.693837 0.60791 0.110649 0.180664 0.0015192
0 0.312503 0.663086 0.132617 0.203125 0.00150108
0 0.447805 0.666992 0.156211 0.238281 0.00149536
0 0.0363679 0.405273 0.0593927 0.185547 0.00144386
0 0.926852 0.433105 0.106744 0.206055 0.00143814
0 0.0422258 0.737793 0.0844515 0.250977 0.00137234
0 0.513543 0.750977 0.182246 0.285156 0.00135136
0 0.951585 0.698242 0.0885195 0.462891 0.00133514
0 0.920343 0.408691 0.0989336 0.166016 0.00133038
0 0.891704 0.65918 0.200471 0.548828 0.00125504
0 0.316327 0.210938 0.085916 0.172852 0.00121117
0 0.0398663 0.343262 0.064437 0.326172 0.00117397
0 0.522981 0.797852 0.132128 0.294922 0.00116539
0 0.50378 0.252686 0.374906 0.393066 0.00114727
