0 0.390202 0.779785 0.241476 0.331055 0.117188
0 0.442272 0.787109 0.345617 0.355469 0.0358276
0 0.480349 0.820801 0.439994 0.352539 0.00888062
0 0.5 0.5 1 1 0.00803375
0 0.5 0.5 1 1 0.00763702
0 0.542958 0.5 0.914084 1 0.00709534
0 0.520177 0.5 0.959646 1 0.00706482
0 0.595679 0.542969 0.808642 0.914062 0.00598145
0 0.5 0.5 1 1 0.00588989
0 0.62806 0.806152 0.743879 0.387695 0.00547028
0 0.5 0.5 1 1 0.00488663
0 0.5 0.5 1 1 0.00482941
0 0.644495 0.5 0.71101 1 0.00481033
0 0.541531 0.867676 0.23692 0.254883 0.00473785
0 0.5 0.5 1 1 0.00450516
0 0.528514 0.84668 0.533721 0.306641 0.00418091
0 0.352776 0.773438 0.19266 0.296875 0.00374985
0 0.5 0.5 1 1 0.00370789
0 0.5 0.5 1 1 0.00348282
0 0.463426 0.866211 0.371001 0.263672 0.00290108
0 0.512567 0.799805 0.297452 0.400391 0.00247192
0 0.380113 0.695801 0.176388 0.139648 0.00226021
0 0.5 0.5 1 1 0.0020752
0 0.484905 0.637695 0.425675 0.589844 0.00112438
0 0.351475 0.811035 0.292245 0.342773 0.194946
0 0.404114 0.808594 0.376371 0.357422 0.10144
0 0.346349 0.779297 0.204213 0.316406 0.0734253
0 0.420468 0.680664 0.39964 0.638672 0.0231018
0 0.331297 0.79541 0.389876 0.40918 0.0228424
0 0.325765 0.762695 0.314375 0.40625 0.0208893
0 0.402894 0.79834 0.408752 0.40332 0.0110703
0 0.5 0.5 1 1 0.0103302
0 0.582987 0.5 0.834026 1 0.01017
0 0.283458 0.791504 0.40745 0.416992 0.0100937
0 0.471236 0.5 0.942473 1 0.00985718
0 0.550969 0.588867 0.861113 0.822266 0.00955963
0 0.5 0.5 1 1 0.00905609
0 0.481325 0.5 0.96265 1 0.00898743
0 0.668578 0.5 0.662845 1 0.00888062
0 0.29737 0.672363 0.384181 0.588867 0.00874329
0 0.652143 0.47168 0.695714 0.943359 0.00837708
0 0.343013 0.138672 0.686026 0.277344 0.008255
0 0.406148 0.113281 0.812297 0.226562 0.00809479
0 0.515947 0.105713 0.968107 0.211426 0.00809479
0 0.747659 0.644043 0.504681 0.711914 0.00772476
0 0.410054 0.178223 0.820107 0.356445 0.00723267
0 0.599585 0.107666 0.800831 0.215332 0.00714874
0 0.5 0.5 1 1 0.00666809
0 0.673785 0.118652 0.652431 0.237305 0.00636292
0 0.787688 0.803467 0.424623 0.393066 0.00634003
0 0.850173 0.824219 0.299654 0.351562 0.005867
0 0.637824 0.77832 0.724353 0.443359 0.00577545
0 0.677202 0.5 0.645596 1 0.00564194
0 0.230737 0.72168 0.461473 0.556641 0.00551224
0 0.238873 0.164429 0.477745 0.328857 0.00540543
0 0.383368 0.758789 0.1484 0.246094 0.00486755
0 0.498248 0.682983 0.996496 0.634033 0.00479126
0 0.969159 0.289062 0.0533721 0.0654297 0.00413513
0 0.5 0.5 1 1 0.00390053
0 0.941822 0.29541 0.0702949 0.0546875 0.00356483
0 0.126271 0.5 0.252541 0.96875 0.00294685
0 0.0798954 0.5 0.159791 1 0.0028553
0 0.10951 0.73877 0.219021 0.522461 0.00279999
0 0.212349 0.620605 0.424699 0.758789 0.00263214
0 0.156862 0.567871 0.313724 0.864258 0.0026207
0 0.217882 0.779541 0.435763 0.440918 0.00246239
0 0.382066 0.783203 0.180944 0.291016 0.00237846
0 0.884669 0.869141 0.230661 0.261719 0.00233269
0 0.0906349 0.606445 0.18127 0.787109 0.00217438
0 0.195264 0.508789 0.390527 0.947266 0.00206757
0 0.197216 0.654419 0.394433 0.691162 0.00205803
0 0.889101 0.296143 0.085916 0.0566406 0.00196457
0 0.860462 0.29126 0.0598809 0.0595703 0.00189686
0 0.521354 0.897461 0.0820107 0.148438 0.00177479
0 0.376127 0.79248 0.26442 0.313477 0.623535
0 0.859285 0.761719 0.28143 0.427734 0.160278
0 0.609874 0.660034 0.738097 0.611572 0.120422
0 0.65153 0.731934 0.584489 0.518555 0.104675
0 0.517774 0.579102 0.711411 0.800781 0.0831299
0 0.39248 0.240723 0.730286 0.481445 0.0778198
0 0.340328 0.798828 0.375069 0.355469 0.0585632
0 0.201772 0.268555 0.344966 0.462891 0.0563354
0 0.516472 0.783203 0.591649 0.357422 0.0560303
0 0.5552 0.861328 0.248636 0.269531 0.055603
0 0.281831 0.782227 0.489461 0.369141 0.045105
0 0.425024 0.346191 0.831823 0.692383 0.0382385
0 0.428929 0.801758 0.369699 0.365234 0.0368347
0 0.564312 0.914551 0.225204 0.170898 0.036499
0 0.633756 0.574707 0.732489 0.831055 0.0362854
0 0.758925 0.780273 0.468633 0.417969 0.0342407
0 0.58156 0.765137 0.324789 0.458008 0.0340271
0 0.775848 0.237061 0.0468633 0.0556641 0.0317383
0 0.176673 0.730957 0.317059 0.510742 0.031311
0 0.331948 0.791504 0.169229 0.321289 0.0302734
0 0.567566 0.585938 0.847444 0.828125 0.0297546
0 0.515496 0.227539 0.945076 0.455078 0.0281067
0 0.542508 0.733887 0.447154 0.504883 0.0278473
0 0.864367 0.296875 0.0494668 0.0537109 0.0265503
0 0.829019 0.799805 0.341961 0.363281 0.0239105
0 0.935964 0.300781 0.080709 0.0537109 0.0238647
0 0.394433 0.539062 0.752416 0.867188 0.023468
0 0.427627 0.575684 0.809693 0.848633 0.0215302
0 0.544135 0.675293 0.527212 0.549805 0.0212097
0 0.337806 0.301025 0.626146 0.498535 0.0204926
0 0.486857 0.184143 0.286387 0.363159 0.019455
0 0.600886 0.161133 0.798228 0.322266 0.0184326
0 0.652306 0.185059 0.695389 0.367676 0.0173798
0 0.508336 0.433838 0.860462 0.867676 0.0156708
0 0.852776 0.6875 0.294447 0.601562 0.0145035
0 0.890402 0.300537 0.0650879 0.0507812 0.0126266
0 0.268813 0.532227 0.501177 0.900391 0.0119629
0 0.455615 0.100342 0.894308 0.200684 0.00923157
0 0.389876 0.762207 0.238222 0.239258 0.008255
0 0.410705 0.151611 0.770641 0.303223 0.00815582
0 0.44455 0.807861 0.714665 0.384277 0.00806427
0 0.565739 0.0627441 0.868523 0.125488 0.00803375
0 0.856682 0.709961 0.286637 0.5625 0.00769424
0 0.334226 0.736328 0.152957 0.199219 0.00757599
0 0.54088 0.4375 0.248636 0.390625 0.00723267
0 0.574401 0.795898 0.698393 0.408203 0.00703812
0 0.782644 0.565552 0.434712 0.868896 0.00674438
0 0.71837 0.144287 0.56326 0.256836 0.00664139
0 0.720323 0.113525 0.559355 0.227051 0.00651169
0 0.628223 0.291748 0.743554 0.583496 0.0064621
0 0.403545 0.811523 0.269464 0.355469 0.715332
0 0.449432 0.810547 0.384669 0.371094 0.204956
0 0.380195 0.798828 0.361726 0.371094 0.133179
0 0.382391 0.78125 0.223902 0.324219 0.085083
0 0.343013 0.791992 0.190708 0.339844 0.0572815
0 0.320477 0.794922 0.515008 0.365234 0.0494995
0 0.343664 0.665527 0.430882 0.629883 0.0348206
0 0.541206 0.792969 0.598158 0.394531 0.033905
0 0.710597 0.129883 0.416888 0.259766 0.0279541
0 0.288177 0.663086 0.576353 0.658203 0.0201416
0 0.792771 0.777344 0.317629 0.367188 0.0189819
0 0.435113 0.673828 0.39248 0.625 0.0182953
0 0.850173 0.779785 0.299654 0.366211 0.0176392
0 0.609874 0.130859 0.589696 0.261719 0.0175171
0 0.970586 0.835938 0.0588291 0.328125 0.012825
0 0.676751 0.764648 0.330972 0.371094 0.0108185
0 0.284109 0.789551 0.292245 0.385742 0.0105667
0 0.249124 0.753906 0.498248 0.423828 0.0100937
0 0.431858 0.790527 0.557803 0.418945 0.0100555
0 0.953012 0.924316 0.0939766 0.151367 0.00971222
0 0.022496 0.532227 0.044992 0.935547 0.00919342
0 0.545437 0.693359 0.584489 0.595703 0.00878143
0 0.96668 0.787598 0.0666397 0.415039 0.00812531
0 0.736795 0.146484 0.278576 0.255859 0.00757599
0 0.507686 0.137451 0.568868 0.250488 0.00748825
0 0.873605 0.776367 0.252791 0.447266 0.00740433
0 0.0124074 0.665894 0.0248148 0.668213 0.00712204
0 0.865143 0.949219 0.269714 0.101562 0.00661469
0 0.026564 0.439453 0.053128 0.878906 0.00643921
0 0.0702136 0.827637 0.140427 0.344727 0.00619125
0 0.723777 0.714844 0.290292 0.484375 0.00609589
0 0.321534 0.867676 0.643068 0.264648 0.00577545
0 0.835203 0.973633 0.329595 0.0527344 0.00561905
0 0.0228621 0.719238 0.0457242 0.561523 0.00559998
0 0.820107 0.700684 0.328043 0.491211 0.0055542
0 0.31828 0.842773 0.101537 0.25 0.00534439
0 0.243266 0.996094 0.486532 0.0078125 0.00488663
0 0.466029 0.587402 0.45171 0.825195 0.00484848
0 0.508987 0.858398 0.206979 0.28125 0.00460815
0 0.183548 0.983887 0.367096 0.0322266 0.00452042
0 0.763281 0.806641 0.473439 0.386719 0.00450516
0 0.14661 0.508301 0.293221 0.983398 0.00438309
0 0.574726 0.811035 0.675612 0.37793 0.00432968
0 0.487183 0.134033 0.775197 0.268066 0.00428009
0 0.659991 0.821289 0.562359 0.355469 0.00416565
0 0.479698 0.883789 0.162069 0.21875 0.00408554
0 0.781017 0.977539 0.437966 0.0449219 0.00407028
0 0.344966 0.286621 0.417213 0.567383 0.00395966
0 0.227319 0.5 0.454639 1 0.00387001
0 0.628749 0.231445 0.648275 0.462891 0.00372124
0 0.383368 0.812012 0.279227 0.366211 0.377441
0 0.460497 0.808594 0.440645 0.382812 0.37207
0 0.350824 0.799805 0.191358 0.333984 0.169922
0 0.556502 0.625 0.699044 0.746094 0.12146
0 0.530385 0.791992 0.60548 0.412109 0.0614319
0 0.602513 0.486328 0.794973 0.972656 0.0523376
0 0.639163 0.237305 0.713363 0.474609 0.0491333
0 0.368479 0.80957 0.469772 0.380859 0.0488586
0 0.365469 0.760742 0.225855 0.273438 0.0397034
0 0.488485 0.523804 0.835078 0.952393 0.0392761
0 0.554874 0.922607 0.249287 0.154785 0.037262
0 0.860462 0.294922 0.0520703 0.0615234 0.0292511
0 0.39606 0.55188 0.613779 0.884521 0.0290833
0 0.279878 0.262207 0.508336 0.508789 0.0223236
0 0.406799 0.858887 0.260352 0.282227 0.0204926
0 0.363841 0.253418 0.715967 0.506836 0.0200958
0 0.504757 0.838379 0.323487 0.323242 0.0185089
0 0.53665 0.870605 0.266209 0.258789 0.0179138
0 0.941171 0.299316 0.0663897 0.0595703 0.0158997
0 0.338457 0.728027 0.171832 0.223633 0.0142288
0 0.40745 0.399414 0.8149 0.798828 0.0136871
0 0.445201 0.759277 0.344966 0.356445 0.0134811
0 0.395084 0.223877 0.0546738 0.0668945 0.0129242
0 0.323161 0.808594 0.13343 0.345703 0.0129242
0 0.723577 0.5 0.552846 1 0.0125275
0 0.526561 0.794922 0.31112 0.40625 0.0124283
0 0.402569 0.90918 0.324789 0.181641 0.0124283
0 0.29615 0.796387 0.484905 0.40332 0.0114212
0 0.477094 0.921143 0.365794 0.157715 0.00933838
0 0.424373 0.283691 0.0494668 0.0654297 0.0088501
0 0.769339 0.231445 0.0416563 0.0556641 0.00878143
0 0.308842 0.711914 0.126271 0.193359 0.00871277
0 0.364818 0.0649414 0.0709458 0.0947266 0.00844574
0 0.0601249 0.098999 0.0642743 0.0671387 0.00837708
0 0.44813 0.804199 0.517449 0.391602 0.00818634
0 0.444876 0.891602 0.247985 0.216797 0.00800323
0 0.830972 0.66394 0.338056 0.644775 0.00769424
0 0.95549 0.298096 0.0650879 0.0649414 0.00746155
0 0.49955 0.629395 0.366445 0.506836 0.00740433
0 0.319663 0.172119 0.57912 0.344238 0.00723267
0 0.887799 0.297852 0.0650879 0.0625 0.0064888
0 0.25189 0.806152 0.321534 0.37793 0.0064888
0 0.371001 0.0551758 0.0585791 0.0888672 0.00584412
0 0.602714 0.805664 0.295499 0.388672 0.00577545
0 0.855255 0.0584717 0.28118 0.116943 0.00564194
0 0.657225 0.115356 0.276298 0.185303 0.00548935
0 0.861889 0.541992 0.276223 0.916016 0.0053215
0 0.521354 0.700195 0.296801 0.410156 0.00516129
0 0.378486 0.708496 0.246032 0.233398 0.00498199
0 0.881415 0.689453 0.23717 0.615234 0.0049057
0 0.378893 0.817383 0.278413 0.361328 0.510742
0 0.466355 0.811523 0.478396 0.376953 0.262939
0 0.352125 0.811035 0.187453 0.30957 0.122498
0 0.503211 0.769043 0.555688 0.448242 0.122498
0 0.48165 0.669922 0.5923 0.65625 0.0849609
0 0.541857 0.81543 0.369048 0.369141 0.0761108
0 0.328694 0.816406 0.264257 0.361328 0.0472412
0 0.383368 0.812012 0.410054 0.375977 0.0464783
0 0.775197 0.231201 0.0364492 0.050293 0.0445251
0 0.50378 0.624023 0.458219 0.746094 0.0395508
0 0.511265 0.728516 0.380764 0.451172 0.0255127
0 0.550644 0.865234 0.313724 0.269531 0.0254211
0 0.68863 0.142822 0.0325439 0.0537109 0.0218658
0 0.535673 0.662598 0.394433 0.604492 0.0173035
0 0.560407 0.916504 0.25905 0.166992 0.014061
0 0.553898 0.444214 0.248636 0.390869 0.0121918
0 0.550644 0.376953 0.195264 0.220703 0.0100098
0 0.293221 0.716797 0.529815 0.5625 0.00941467
0 0.387924 0.710938 0.0924248 0.132812 0.00905609
0 0.325439 0.565918 0.620938 0.860352 0.00878143
0 0.490763 0.737793 0.361889 0.323242 0.00874329
0 0.558454 0.399536 0.213488 0.306396 0.00828552
0 0.594903 0.586426 0.643068 0.78418 0.0078125
0 0.747209 0.710938 0.0872178 0.171875 0.00769424
0 0.765434 0.673828 0.0650879 0.136719 0.00717545
0 0.545437 0.567505 0.309818 0.654053 0.00669098
0 0.256772 0.813477 0.31828 0.363281 0.00658798
0 0.758925 0.0838623 0.373605 0.115967 0.0064888
0 0.763481 0.702148 0.0846143 0.175781 0.00643921
0 0.508336 0.455933 0.454313 0.740479 0.00634003
0 0.748511 0.681641 0.085916 0.152344 0.00629044
0 0.306564 0.764648 0.113253 0.251953 0.00582123
0 0.646974 0.804688 0.354078 0.390625 0.00564194
0 0.398338 0.729492 0.169229 0.209961 0.00547028
0 0.525259 0.513672 0.285085 0.518555 0.00526047
0 0.512893 0.381958 0.128874 0.195068 0.00521851
0 0.866971 0.30127 0.0468633 0.0585938 0.00519943
0 0.424048 0.285645 0.0605317 0.0771484 0.00518036
0 0.440726 0.371826 0.537463 0.717285 0.00510025
0 0.492064 0.345215 0.0715967 0.124023 0.0050621
0 0.546738 0.739258 0.376208 0.353516 0.00479126
0 0.792896 0.0871582 0.414209 0.137207 0.00477219
0 0.751114 0.132385 0.344966 0.210815 0.0045929
0 0.481976 0.645996 0.167276 0.198242 0.0045929
0 0.455941 0.803955 0.595554 0.39209 0.00411606
0 0.360912 0.329346 0.660642 0.644043 0.0041008
0 0.58335 0.410156 0.543809 0.755859 0.00408554
0 0.20942 0.291504 0.392155 0.581055 0.00405502
0 0.176551 0.175781 0.353102 0.343262 0.00400543
0 0.564312 0.149353 0.0344966 0.0499268 0.00397491
0 0.429906 0.808105 0.44455 0.383789 0.429199
0 0.361563 0.805664 0.237571 0.34375 0.160767
0 0.474816 0.722656 0.479698 0.554688 0.109924
0 0.494668 0.82666 0.493366 0.34668 0.0958862
0 0.391097 0.817383 0.317792 0.365234 0.058136
0 0.542182 0.92041 0.318931 0.15918 0.0394897
0 0.487508 0.915039 0.398338 0.169922 0.0281067
0 0.471236 0.864258 0.419166 0.271484 0.0276337
0 0.396385 0.803711 0.607921 0.392578 0.0265045
0 0.771942 0.224121 0.0312422 0.0390625 0.0236511
0 0.339108 0.79541 0.505082 0.40918 0.0222015
0 0.311771 0.728027 0.54804 0.524414 0.0187988
0 0.502479 0.618042 0.541531 0.724854 0.0159607
0 0.865018 0.290527 0.0455615 0.0458984 0.0134277
0 0.478396 0.837158 0.558454 0.325684 0.0118256
0 0.522981 0.890625 0.344315 0.207031 0.0104904
0 0.311771 0.553833 0.623542 0.884521 0.00993347
0 0.361889 0.649414 0.577981 0.685547 0.00993347
0 0.284271 0.499512 0.568543 0.999023 0.00888062
0 0.520378 0.840332 0.333901 0.319336 0.00664139
0 0.691233 0.139648 0.0286387 0.0483398 0.00502014
0 0.317059 0.819824 0.273206 0.360352 0.00426483
0 0.260026 0.629883 0.520052 0.720703 0.00413513
0 0.563987 0.707031 0.60727 0.580078 0.00397491
0 0.427302 0.287109 0.0462124 0.0673828 0.00392914
0 0.943124 0.299805 0.0637861 0.0517578 0.00376511
0 0.396385 0.222656 0.0390527 0.0449219 0.00318527
0 0.885846 0.296387 0.0598809 0.050293 0.00269318
0 0.49597 0.787598 0.365794 0.424805 0.00255013
0 0.606619 0.573364 0.572773 0.814209 0.00250244
0 0.5923 0.892578 0.296801 0.210938 0.0024147
0 0.264094 0.758789 0.528188 0.482422 0.00234222
0 0.301682 0.791016 0.603365 0.417969 0.00223351
0 0.216743 0.499023 0.433485 0.998047 0.00191879
0 0.368397 0.738281 0.199169 0.205078 0.00155449
0 0.479698 0.172363 0.0403545 0.0556641 0.00154877
0 0.551294 0.750977 0.252541 0.416016 0.00135612
0 0.522005 0.158691 0.037751 0.0429688 0.00133038
0 0.691396 0.496582 0.60369 0.922852 0.00130939
0 0.417864 0.22168 0.0898213 0.0673828 0.00117874
0 0.727319 0.0197144 0.545361 0.0394287 0.0011692
0 0.196891 0.470215 0.393782 0.875977 0.00116062
0 0.792896 0 0.414209 0 0.00114727
0 0.252541 0.800781 0.384669 0.382812 0.0011158
0 0.387273 0.520996 0.774546 0.958008 0.00107288
0 0.960046 0.29834 0.0598809 0.0527344 0.00104427
0 0.810144 0.0720215 0.379712 0.144043 0.00102425
0 0.497353 0.397949 0.506221 0.541016 0.00100803
0 0.343013 0.790039 0.174436 0.316406 0.495117
0 0.346837 0.798828 0.307378 0.371094 0.244385
0 0.440076 0.799805 0.571309 0.382812 0.112793
0 0.509964 0.748535 0.56301 0.499023 0.097229
0 0.517449 0.625977 0.581886 0.732422 0.0690308
0 0.280854 0.797852 0.43674 0.382812 0.0597534
0 0.57017 0.817871 0.447805 0.364258 0.0254211
0 0.5552 0.854492 0.386622 0.291016 0.0200653
0 0.554223 0.909912 0.335203 0.17627 0.0149536
0 0.380764 0.756836 0.239523 0.253906 0.012291
0 0.375557 0.738281 0.14059 0.226562 0.00933838
0 0.422095 0.776855 0.167927 0.209961 0.00905609
0 0.296801 0.768555 0.0911231 0.275391 0.00878143
0 0.428604 0.29541 0.0520703 0.0878906 0.00769424
0 0.982952 0.48291 0.0340957 0.0517578 0.00638962
0 0.452686 0.835449 0.132128 0.188477 0.00616837
0 0.58156 0.924805 0.261002 0.150391 0.00600433
0 0.416888 0.742188 0.184199 0.230469 0.005867
0 0.777149 0.617188 0.0494668 0.0761719 0.00419998
0 0.400941 0.794922 0.683423 0.410156 0.00413513
0 0.771942 0.229004 0.0312422 0.0439453 0.00411606
0 0.433811 0.717773 0.456266 0.525391 0.00376511
0 0.291512 0.795898 0.257911 0.351562 0.0037365
0 0.300625 0.724609 0.515659 0.519531 0.00365067
0 0.85916 0.289062 0.0338457 0.0400391 0.00362206
0 0.432835 0.72998 0.130176 0.235352 0.00359344
0 0.624681 0.581055 0.695464 0.806641 0.00328636
0 0.395734 0.256348 0.075502 0.110352 0.00304031
0 0.408101 0.284668 0.100235 0.132812 0.00268364
0 0.533721 0.778809 0.6665 0.442383 0.00239754
0 0.418515 0.270508 0.116507 0.145996 0.00226974
0 0.452686 0.711914 0.136034 0.248047 0.00225258
0 0.935964 0.298584 0.0728984 0.0512695 0.00209999
0 0.580259 0.530396 0.374255 0.509521 0.00206757
0 0.902118 0.294434 0.0598809 0.0473633 0.00201988
0 0.568543 0.724609 0.453663 0.365234 0.00200272
0 0.569519 0.60791 0.415261 0.473633 0.00198746
0 0.533721 0.720215 0.359285 0.306641 0.00196457
0 0.273044 0.801758 0.546087 0.396484 0.00186062
0 0.779753 0.642578 0.0533721 0.101562 0.0017271
0 0.531443 0.463379 0.12562 0.236328 0.00170708
0 0.516147 0.658691 0.191358 0.25293 0.00157928
0 0.699044 0.544922 0.14059 0.294922 0.00151253
0 0.585628 0.454224 0.245056 0.372803 0.00145531
0 0.773244 0.275391 0.0442598 0.0605469 0.00136185
0 0.469284 0.630859 0.119762 0.158203 0.00131989
0 0.446503 0.655273 0.124969 0.207031 0.00126934
0 0.493366 0.347656 0.131478 0.253906 0.0012207
0 0.423641 0.522949 0.600273 0.766602 0.00121117
0 0.725079 0.589844 0.166625 0.365234 0.00116539
0 0.37694 0.814453 0.257585 0.371094 0.37207
0 0.434136 0.811523 0.410054 0.376953 0.177856
0 0.339433 0.808594 0.195915 0.345703 0.130249
0 0.770641 0.227539 0.0442598 0.0527344 0.0670776
0 0.53307 0.920166 0.242127 0.159668 0.0663452
0 0.621064 0.525513 0.757873 0.948975 0.0560303
0 0.473189 0.75293 0.501177 0.490234 0.0436096
0 0.530466 0.631348 0.628749 0.737305 0.0400085
0 0.376533 0.0563965 0.054023 0.0734863 0.0344849
0 0.532419 0.865234 0.275973 0.269531 0.0316162
0 0.360912 0.801758 0.509638 0.382812 0.0268097
0 0.500526 0.84375 0.285085 0.3125 0.0267639
0 0.538928 0.817383 0.347569 0.365234 0.0221558
0 0.928804 0.30127 0.0963301 0.0610352 0.02034
0 0.865669 0.291748 0.0494668 0.0556641 0.0196838
0 0.439669 0.5 0.625495 1 0.0187988
0 0.893006 0.300293 0.0728984 0.0625 0.0177155
0 0.00345779 0.633667 0.00691559 0.732666 0.0163422
0 0.547064 0.468872 0.203725 0.407959 0.0145035
0 0.506384 0.902832 0.223902 0.194336 0.013588
0 0.29493 0.535156 0.533558 0.910156 0.0134811
0 0.694776 0.469238 0.610449 0.932617 0.0131226
0 0.561058 0.498047 0.249938 0.477539 0.0117798
0 0.687328 0.146545 0.0390527 0.0565186 0.011734
0 0.367096 0.065918 0.0702949 0.0786133 0.0111618
0 0.368316 0.812744 0.656249 0.374512 0.00985718
0 0.965378 0.694824 0.0692432 0.610352 0.00908661
0 0.773244 0.618164 0.0572773 0.0869141 0.00905609
0 0.966555 0.295898 0.048165 0.0595703 0.0086441
0 0.243266 0.800781 0.317954 0.398438 0.008255
0 0.701648 0.587891 0.119762 0.286133 0.00763702
0 0.769339 0.264893 0.0546738 0.0664062 0.00746155
0 0.720973 0.338379 0.558053 0.666992 0.00740433
0 0.996621 0.699219 0.00675879 0.601562 0.00734711
0 0.466029 0.908691 0.285085 0.182617 0.00734711
0 0.0146041 0.542847 0.0292082 0.824463 0.00712204
0 0.332274 0.793457 0.130827 0.311523 0.00679779
0 0.422746 0.28125 0.0650879 0.0942383 0.00547028
0 0 0.523926 0 0.793945 0.00538635
0 0.770641 0.650391 0.0624844 0.117188 0.00527954
0 0.260189 0.5 0.520378 1 0.00521851
0 0.742002 0.275635 0.0885195 0.0673828 0.00510025
0 0.380439 0.704102 0.113253 0.130859 0.00510025
0 0.719221 0.792969 0.21479 0.414062 0.00508118
0 0.683423 0.301758 0.0833125 0.0996094 0.00466537
0 0.0130989 0.376709 0.0261979 0.753418 0.0046463
0 0.731588 0.962891 0.0442598 0.0664062 0.00455475
0 0.765434 0.697754 0.0781055 0.189453 0.00453949
0 0.0372221 0.5 0.0744443 1 0.0042305
0 0.751114 0.245117 0.109348 0.115234 0.00416565
0 0.37751 0.79834 0.252541 0.334961 0.387695
0 0.343664 0.797363 0.173134 0.295898 0.227417
0 0.513869 0.630859 0.536975 0.703125 0.0802002
0 0.489786 0.795898 0.478396 0.375 0.0287018
0 0.374581 0.0571289 0.0566265 0.0751953 0.023819
0 0.863716 0.296875 0.0455615 0.0507812 0.0204926
0 0.367096 0.735352 0.154909 0.201172 0.0145569
0 0.781055 0.63916 0.0572773 0.0878906 0.0134277
0 0.774546 0.233643 0.0364492 0.0522461 0.0123367
0 0.601249 0.583496 0.659015 0.612305 0.0120544
0 0.276542 0.722168 0.441459 0.499023 0.0101318
0 0.517449 0.479004 0.182246 0.355469 0.00912476
0 0.542833 0.460449 0.143193 0.15332 0.00818634
0 0.520052 0.469727 0.0911231 0.136719 0.0078125
0 0.335528 0.625488 0.447154 0.723633 0.00740433
0 0.68863 0.145996 0.0390527 0.0541992 0.00634003
0 0.387924 0.743652 0.231713 0.233398 0.00577545
0 0.606619 0.471191 0.0611826 0.0947266 0.00510025
0 0.398989 0.72168 0.14059 0.185547 0.00488663
0 0.506058 0.58252 0.108046 0.155273 0.00460815
0 0.490112 0.599609 0.110649 0.115234 0.0042305
0 0.553247 0.476685 0.251239 0.366943 0.00407028
0 0.789516 0.634277 0.0663897 0.120117 0.00363541
0 0.650879 0.394653 0.0989336 0.144287 0.0036068
0 0.639163 0.466797 0.0728984 0.121094 0.00353813
0 0.527537 0.39563 0.136034 0.236084 0.00345612
0 0.663246 0.364258 0.109348 0.162109 0.00299263
0 0.555851 0.439941 0.193962 0.333008 0.00291252
0 0.534046 0.46936 0.621589 0.701904 0.00287819
0 0.555525 0.667969 0.469284 0.460938 0.00286674
0 0.770641 0.269043 0.0455615 0.0498047 0.00282288
0 0.248636 0.589722 0.468633 0.820557 0.00266266
0 0.49597 0.508667 0.151004 0.293213 0.00264168
0 0.596856 0.417114 0.115856 0.197021 0.00257111
0 0.758925 0.660645 0.454313 0.586914 0.00250244
0 0.53429 0.753418 0.598971 0.481445 0.00245285
0 0.689932 0.519531 0.109348 0.173828 0.0024147
0 0.515496 0.391602 0.115856 0.167969 0.00236893
0 0.883894 0.300781 0.075502 0.0585938 0.00235939
0 0.319256 0.808594 0.145146 0.3125 0.00226974
0 0.537626 0.591797 0.37751 0.332031 0.00223351
0 0.224716 0.780273 0.357007 0.392578 0.00222588
0 0.415912 0.583984 0.680819 0.826172 0.00218201
0 0.454964 0.661133 0.206979 0.236328 0.00194168
0 0.932059 0.299805 0.0911231 0.0551758 0.00183105
0 0.674311 0.500122 0.144495 0.255615 0.00182438
0 0.792771 0.609375 0.080709 0.138672 0.00178909
0 0.71857 0.285156 0.080709 0.0537109 0.00174141
0 0.712062 0.611328 0.166625 0.355469 0.0017271
0 0.742002 0.65332 0.124969 0.200195 0.00172043
0 0.394107 0.797852 0.298753 0.333984 0.364746
0 0.456917 0.808594 0.42177 0.349609 0.338135
0 0.345698 0.794922 0.202912 0.310547 0.220703
0 0.537301 0.907959 0.319582 0.172363 0.0185394
0 0.429906 0.812988 0.398989 0.374023 0.0165253
0 0.384995 0.798828 0.430231 0.357422 0.0154266
0 0.859811 0.294189 0.0572773 0.0522461 0.0145569
0 0.76999 0.233154 0.0442598 0.0556641 0.012825
0 0.456347 0.770508 0.529653 0.449219 0.00971222
0 0.520052 0.15332 0.412657 0.306641 0.00948334
0 0.524934 0.84082 0.343013 0.314453 0.00926971
0 0.309493 0.808594 0.528514 0.357422 0.00888062
0 0.552271 0.869629 0.298753 0.260742 0.00809479
0 0.456917 0.167969 0.467331 0.333008 0.00763702
0 0.934662 0.302246 0.075502 0.0546875 0.00588989
0 0.397362 0.848633 0.331948 0.291016 0.00559998
0 0.471887 0.22998 0.268162 0.208984 0.00547028
0 0.431614 0.554199 0.422909 0.887695 0.00521851
0 0.51452 0.127686 0.431533 0.255371 0.00502014
0 0.520703 0.913574 0.374906 0.172852 0.00482941
0 0.898213 0.300537 0.0702949 0.0566406 0.00432968
0 0.552596 0.787598 0.308517 0.415039 0.00421524
0 0.421444 0.27832 0.0722476 0.111328 0.00415039
0 0.404521 0.260254 0.124969 0.139648 0.00403976
0 0.48881 0.202393 0.346268 0.404785 0.00402451
0 0.47327 0.45752 0.547877 0.881836 0.00397491
0 0.68863 0.13501 0.0572773 0.0800781 0.00383949
0 0.368397 0.0625 0.0702949 0.102539 0.00379562
0 0.4631 0.898438 0.367747 0.195312 0.00370789
0 0.390609 0.127869 0.411193 0.245239 0.00348282
0 0.288014 0.501465 0.501828 0.977539 0.00346947
0 0.251565 0.806152 0.365143 0.352539 0.00327301
0 0.540555 0.459839 0.162069 0.306885 0.00324821
0 0.266209 0.758789 0.453663 0.376953 0.00317192
0 0.454883 0.803223 0.563824 0.393555 0.00316048
0 0.730286 0.274414 0.0598809 0.0576172 0.00313568
0 0.387273 0.185547 0.514194 0.35498 0.00307465
0 0.747209 0.244629 0.0937266 0.102051 0.00298119
0 0.283214 0.681641 0.463263 0.636719 0.00294685
0 0.967857 0.297363 0.0494668 0.0517578 0.00288963
0 0.506302 0.298584 0.638024 0.570801 0.00275803
0 0.770641 0.269287 0.0520703 0.0610352 0.00271416
0 0.465053 0.124512 0.413308 0.249023 0.00270462
0 0.307784 0.0678711 0.195426 0.117188 0.00263214
0 0.338132 0.0668945 0.138637 0.109863 0.00257111
0 0.476769 0.282227 0.333901 0.477539 0.00255013
0 0.0564637 0.151855 0.0911231 0.25 0.00251198
0 0.361238 0.741699 0.15556 0.204102 0.00226974
0 0.490112 0.721191 0.304611 0.366211 0.0020504
0 0.301357 0.0938721 0.269464 0.179932 0.00203514
0 0.472538 0.800781 0.466029 0.388672 0.343262
0 0.398663 0.799316 0.29615 0.362305 0.112427
0 0.478721 0.793457 0.497922 0.413086 0.0874023
0 0.771942 0.234375 0.037751 0.0576172 0.0560303
0 0.863716 0.291016 0.0455615 0.0556641 0.0380249
0 0.380764 0.802734 0.433485 0.390625 0.0362244
0 0.483034 0.644531 0.506221 0.710938 0.0204163
0 0.551945 0.894531 0.296801 0.210938 0.0198669
0 0.28476 0.792969 0.478396 0.392578 0.0195007
0 0.34041 0.809082 0.228459 0.358398 0.0107346
0 0.549342 0.845215 0.308517 0.305664 0.00993347
0 0.771942 0.265625 0.042958 0.0585938 0.00701141
0 0.938567 0.299561 0.0611826 0.0551758 0.00656509
0 0.883894 0.296387 0.0520703 0.0595703 0.00643921
0 0.690583 0.14624 0.0364492 0.0571289 0.00609589
0 0.284109 0.801758 0.512242 0.396484 0.00521851
0 0.393131 0.632812 0.476443 0.734375 0.00494385
0 0.729635 0.282471 0.0533721 0.0556641 0.00479126
0 0.536975 0.73291 0.617033 0.53418 0.00415039
0 0.573343 0.878174 0.656249 0.243652 0.00387001
0 0.486207 0.89209 0.393131 0.21582 0.00379562
0 0.425024 0.29126 0.0507686 0.0786133 0.00363541
0 0.528514 0.791016 0.341061 0.417969 0.00353813
0 0.540229 0.911377 0.434787 0.177246 0.00332451
0 0.258724 0.722656 0.453012 0.496094 0.00307465
0 0.291024 0.532227 0.524446 0.935547 0.00304031
0 0.372954 0.059082 0.0572773 0.0888672 0.00248146
0 0.257748 0.634644 0.461473 0.730713 0.00237846
0 0.68863 0.29541 0.0650879 0.0839844 0.00228691
0 0.765434 0.0836182 0.0494668 0.0769043 0.00226974
0 0.965253 0.294678 0.048165 0.0522461 0.00211525
0 0.322185 0.828125 0.321534 0.34375 0.00210762
0 0.738748 0.237305 0.0546738 0.0649414 0.00191879
0 0.480918 0.514648 0.546901 0.970703 0.00181007
0 0.666337 0.978027 0.653808 0.0439453 0.00174141
0 0.643068 0.73291 0.687328 0.53418 0.00172043
0 0.430231 0.310059 0.0546738 0.0800781 0.00167465
0 0.424373 0.244629 0.0728984 0.0878906 0.00166798
0 0.765434 0.0661621 0.0663897 0.0996094 0.0016489
0 0.377835 0.753906 0.24473 0.253906 0.00160408
0 0.395734 0.233887 0.0559756 0.0722656 0.0015974
0 0.582211 0.523926 0.708807 0.952148 0.00159168
0 0.412006 0.276367 0.0676914 0.0957031 0.00149536
0 0.0485718 0.191162 0.0808717 0.214844 0.00141621
0 0.365143 0.0700684 0.0663897 0.0898438 0.00141048
0 0.0557315 0.164307 0.0828243 0.215332 0.00140476
0 0.589045 0.90625 0.253843 0.1875 0.00134563
0 0.669754 0.339844 0.0742002 0.163086 0.00134087
0 0.531117 0.16333 0.0598809 0.0683594 0.00129414
0 0.825315 0.0649414 0.114555 0.119141 0.00127411
0 0.475467 0.799805 0.453663 0.380859 0.389648
0 0.382391 0.792969 0.283132 0.320312 0.229492
0 0.347 0.785645 0.200308 0.319336 0.0910645
0 0.559105 0.912109 0.30331 0.175781 0.064209
0 0.488078 0.655273 0.510452 0.6875 0.0200958
0 0.539904 0.855469 0.297452 0.289062 0.00818634
0 0.394758 0.634644 0.491414 0.720947 0.00714874
0 0.307133 0.774414 0.524771 0.421875 0.00526047
0 0.325114 0.773926 0.154258 0.268555 0.00498199
0 0.556827 0.724609 0.600761 0.550781 0.00408554
0 0.359936 0.729004 0.1484 0.182617 0.00407028
0 0.541613 0.567749 0.648113 0.864502 0.00390053
0 0.619111 0.241455 0.761778 0.48291 0.00367928
0 0.404196 0.276367 0.117158 0.138672 0.00296974
0 0.29973 0.556152 0.54088 0.87207 0.00256157
0 0.422095 0.244141 0.165974 0.216797 0.00253105
0 0.600561 0.398193 0.798878 0.796387 0.0024929
0 0.619436 0.316895 0.761127 0.633789 0.00247192
0 0.7778 0.237305 0.0533721 0.0761719 0.00230598
0 0.394433 0.71582 0.106744 0.160156 0.00222588
0 0.394433 0.766113 0.226506 0.272461 0.00214005
0 0.596205 0.5 0.786262 1 0.00212479
0 0.379788 0.0562744 0.0533721 0.0844727 0.00201988
0 0.372872 0.52002 0.579445 0.959961 0.0019722
0 0.628912 0.945312 0.215766 0.101562 0.00193405
0 0.492064 0.192627 0.312422 0.366699 0.00188923
0 0.934662 0.299316 0.0911231 0.0576172 0.00184631
0 0.584777 0.161743 0.830446 0.323486 0.00178242
0 0.501828 0.775391 0.324138 0.390625 0.00170708
0 0.413959 0.209473 0.158164 0.286133 0.0017004
0 0.401592 0.308594 0.147099 0.206055 0.00168133
0 0.87413 0.290039 0.0598809 0.0610352 0.0016489
0 0.269138 0.79248 0.338457 0.364258 0.0016489
0 0.902118 0.297363 0.0963301 0.0654297 0.00161648
0 0.383368 0.185059 0.485556 0.349609 0.00147247
0 0.859936 0.0821533 0.280128 0.164307 0.00137234
0 0.5552 0.919922 0.371001 0.160156 0.00134563
0 0.486532 0.90625 0.365143 0.183594 0.00134087
0 0.777149 0.260742 0.0559756 0.0732422 0.00128937
0 0.598158 0.834961 0.589696 0.330078 0.00128937
0 0.393131 0.421387 0.226506 0.426758 0.0012207
0 0.507686 0.151489 0.339759 0.302979 0.0012064
0 0.82922 0.168091 0.341061 0.336182 0.0012064
0 0.696565 0.164307 0.606869 0.328613 0.00118828
0 0.384588 0.83252 0.36856 0.331055 0.00115108
0 0.32609 0.119507 0.206979 0.224854 0.00113392
0 0.246846 0.50293 0.493692 0.994141 0.0011158
0 0.966555 0.294434 0.0520703 0.0561523 0.00111198
0 0.339189 0.810547 0.264094 0.347656 0.0011034
0 0.473189 0.306091 0.298103 0.394653 0.00109863
0 0.398338 0.798828 0.308517 0.367188 0.395996
0 0.457893 0.788574 0.453663 0.389648 0.341553
0 0.365469 0.791016 0.233666 0.3125 0.0991211
0 0.555851 0.911133 0.283783 0.175781 0.0204468
0 0.317303 0.782227 0.145146 0.289062 0.00891876
0 0.471969 0.853516 0.482789 0.28125 0.00834656
0 0.416563 0.275879 0.075502 0.108398 0.00395966
0 0.867622 0.288086 0.048165 0.0449219 0.00388527
0 0.401592 0.250488 0.0989336 0.117188 0.00366402
0 0.581235 0.912354 0.200471 0.175293 0.00284576
0 0.690583 0.12207 0.0663897 0.118652 0.00282288
0 0.404847 0.264648 0.114555 0.132324 0.00282288
0 0.431207 0.709961 0.405498 0.554688 0.00265312
0 0.503129 0.907227 0.298103 0.179688 0.00253105
0 0.773244 0.234863 0.042958 0.0610352 0.00244331
0 0.306564 0.786621 0.507035 0.362305 0.0024147
0 0.288014 0.785645 0.20763 0.323242 0.00225258
0 0.0528839 0.165527 0.0764783 0.208984 0.00223351
0 0.474165 0.623535 0.435438 0.75293 0.00209999
0 0.37751 0.0732422 0.0702949 0.104492 0.00162888
0 0.774546 0.268555 0.0416563 0.0537109 0.00162888
0 0.889101 0.293457 0.075502 0.0527344 0.00161076
0 0.301357 0.763184 0.0989336 0.260742 0.00157356
0 0.278007 0.784668 0.136522 0.30957 0.00144958
0 0.734191 0.0888672 0.205678 0.165039 0.00136662
0 0.415261 0.782227 0.199169 0.291016 0.00134087
0 0.761528 0.0773926 0.130176 0.137207 0.00128937
0 0.365794 0.0917969 0.102839 0.142578 0.00127411
0 0.393131 0.169434 0.196565 0.298828 0.00127411
0 0.734191 0.172852 0.273369 0.34375 0.00124931
0 0.409077 0.291504 0.10349 0.134766 0.00123501
0 0.540555 0.357422 0.152957 0.246094 0.00123024
0 0.505082 0.826172 0.299404 0.341797 0.0011692
0 0.374906 0.755859 0.137986 0.246094 0.00116539
0 0.229272 0.709473 0.458544 0.379883 0.00116539
0 0.93336 0.291992 0.0963301 0.0478516 0.00116062
0 0.0469446 0.188232 0.0659015 0.168457 0.00113392
0 0.490112 0.190918 0.316327 0.357422 0.00112915
0 0.687328 0.101196 0.196565 0.156006 0.00103664
0 0.297777 0.539062 0.536324 0.861328 0.00101185
0 0.463995 0.803711 0.488322 0.367188 0.548828
0 0.390446 0.819336 0.300869 0.361328 0.305664
0 0.352207 0.810059 0.215929 0.336914 0.178345
0 0.522005 0.813477 0.313724 0.373047 0.0321045
0 0.54088 0.899414 0.322836 0.195312 0.0171814
0 0.507686 0.920166 0.365794 0.159668 0.0119629
0 0.483603 0.540405 0.501177 0.919189 0.00955963
0 0.555525 0.646973 0.591649 0.706055 0.00624084
0 0.312747 0.791992 0.556502 0.402344 0.00530243
0 0.865669 0.29541 0.0468633 0.0488281 0.00473785
0 0.537626 0.788086 0.57017 0.423828 0.0045929
0 0.37751 0.51709 0.593602 0.96582 0.00418091
0 0.619637 0.518066 0.723777 0.963867 0.00374985
0 0.581235 0.915039 0.325439 0.160156 0.00362206
0 0.261979 0.800781 0.331297 0.367188 0.00321007
0 0.773244 0.239014 0.0442598 0.0654297 0.00317192
0 0.483278 0.809326 0.514845 0.381348 0.00293541
0 0.488159 0.844727 0.400941 0.304688 0.0026207
0 0.771942 0.271973 0.0442598 0.0498047 0.00261116
0 0.887148 0.299316 0.0650879 0.0537109 0.00245285
0 0.0507686 0.175049 0.0784309 0.205566 0.00233269
0 0.93336 0.298828 0.0781055 0.0507812 0.00233269
0 0.400291 0.268555 0.105442 0.133789 0.00210762
0 0.0406799 0.197998 0.0598809 0.157715 0.00204277
0 0.489461 0.207275 0.322836 0.378418 0.00203514
0 0.413308 0.249023 0.145797 0.208008 0.00194168
0 0.687328 0.124146 0.0728984 0.134033 0.00190449
0 0.0515822 0.139404 0.0680168 0.151855 0.00189686
0 0.486207 0.515625 0.667802 0.96875 0.00188255
0 0.335203 0.0913086 0.157513 0.127441 0.00182438
0 0.410705 0.280029 0.0911231 0.119629 0.00176144
0 0.379462 0.0668945 0.0689932 0.0834961 0.00162315
0 0.287038 0.571167 0.533721 0.851807 0.0015974
0 0.487508 0.166565 0.374906 0.29187 0.00157356
0 0.729635 0.282715 0.0572773 0.0507812 0.00142097
0 0.796676 0.193604 0.390527 0.365723 0.00141621
0 0.384344 0.389648 0.172483 0.311523 0.00141048
0 0.278576 0.713379 0.512893 0.508789 0.00138855
0 0.395409 0.306885 0.151655 0.177246 0.00136185
0 0.967206 0.292969 0.0455615 0.0458984 0.00127888
0 0.359611 0.185791 0.478396 0.33252 0.00126934
0 0.320232 0.790039 0.139288 0.294922 0.00123978
0 0.655923 0.309814 0.68505 0.61084 0.00122547
0 0.64437 0.740234 0.627447 0.519531 0.00122547
0 0.730123 0.212402 0.362214 0.397461 0.00121117
0 0.41461 0.418457 0.223902 0.392578 0.00121117
0 0.553247 0.425293 0.175737 0.286133 0.00120163
0 0.345291 0.380005 0.0566265 0.0837402 0.00119209
0 0.350824 0.356934 0.0611826 0.107422 0.00116062
0 0.391178 0.396484 0.777149 0.776367 0.00112438
0 0.450327 0.805664 0.45708 0.369141 0.483398
0 0.393456 0.796875 0.313724 0.332031 0.265869
0 0.35481 0.794434 0.221136 0.319336 0.260498
0 0.525259 0.919922 0.361889 0.160156 0.0526123
0 0.522005 0.870117 0.341061 0.253906 0.0164032
0 0.520703 0.816406 0.339759 0.367188 0.0151291
0 0.478315 0.905273 0.462287 0.183594 0.0119171
0 0.486288 0.723633 0.538765 0.552734 0.00775528
0 0.375557 0.0627441 0.0546738 0.0766602 0.0064888
0 0.554223 0.631714 0.573424 0.724854 0.00411606
0 0.544786 0.773438 0.576679 0.449219 0.00400543
0 0.400941 0.268066 0.100235 0.13623 0.00353813
0 0.773244 0.23291 0.0364492 0.0527344 0.00353813
0 0.866971 0.289062 0.0416563 0.0424805 0.00335121
0 0.419166 0.282227 0.0715967 0.112305 0.00304031
0 0.442598 0.57373 0.471236 0.852539 0.00298119
0 0.374906 0.0783691 0.0637861 0.106934 0.00293541
0 0.686026 0.142334 0.0455615 0.0717773 0.00290108
0 0.318605 0.795898 0.547389 0.384766 0.0028553
0 0.769339 0.0716553 0.0989336 0.104736 0.00282288
0 0.584489 0.9104 0.300706 0.179199 0.00279045
0 0.393131 0.789551 0.24473 0.290039 0.00276756
0 0.053128 0.158936 0.0720848 0.184082 0.00240517
0 0.771942 0.270752 0.0390527 0.0454102 0.00235939
0 0.328694 0.785156 0.160116 0.302734 0.00233269
0 0.282807 0.787109 0.309168 0.367188 0.00211525
0 0.602714 0.941406 0.286387 0.117188 0.00203514
0 0.0399477 0.18457 0.0584164 0.18457 0.00181007
0 0.790167 0.0717773 0.123667 0.109375 0.00157356
0 0.761528 0.0758057 0.109348 0.13208 0.00146675
0 0.726381 0.282471 0.0572773 0.0488281 0.00146103
0 0.64437 0.106689 0.0794072 0.113281 0.00138283
0 0.49597 0.531738 0.169229 0.226562 0.00136662
0 0.48523 0.166016 0.369048 0.303223 0.00133514
0 0.883894 0.29541 0.0546738 0.0488281 0.00133514
0 0.649577 0.603027 0.632654 0.782227 0.00132465
0 0.402894 0.17749 0.145797 0.308105 0.00130463
0 0.400291 0.299072 0.119762 0.155762 0.00130463
0 0.934662 0.297852 0.075502 0.0488281 0.0012598
0 0.705553 0.105713 0.21479 0.142578 0.00125504
0 0.372954 0.70752 0.131478 0.12793 0.00118351
0 0.682121 0.295898 0.0702949 0.0791016 0.00115108
0 0.723615 0.199463 0.304937 0.380371 0.00112915
0 0.304286 0.513184 0.550644 0.973633 0.0011158
0 0.582537 0.803223 0.33325 0.393555 0.00108624
0 0.539579 0.498047 0.191358 0.25293 0.00106525
0 0.780404 0.630859 0.0585791 0.101562 0.00104809
0 0.553898 0.452271 0.141892 0.210693 0.00103188
0 0.645672 0.735352 0.632654 0.519531 0.00100803
0 0.443899 0.797852 0.439994 0.390625 0.571777
0 0.384344 0.8125 0.305913 0.363281 0.299805
0 0.553247 0.915527 0.308517 0.168945 0.15979
0 0.345617 0.804199 0.221299 0.344727 0.0236053
0 0.530141 0.887695 0.297452 0.224609 0.0123367
0 0.491739 0.852539 0.482301 0.292969 0.0100937
0 0.374906 0.0664062 0.0598809 0.0849609 0.00978088
0 0.610687 0.938477 0.252216 0.123047 0.00793457
0 0.505082 0.822266 0.315025 0.349609 0.00725937
0 0.402894 0.269531 0.122365 0.152344 0.00712204
0 0.299404 0.78418 0.556502 0.417969 0.00612259
0 0.413308 0.28125 0.0833125 0.118164 0.00609589
0 0.376859 0.0797119 0.0676914 0.114014 0.00561905
0 0.360912 0.709473 0.491414 0.581055 0.0053215
0 0.594252 0.914062 0.216092 0.171875 0.00518036
0 0.493692 0.183838 0.316978 0.343262 0.00471878
0 0.773244 0.236816 0.0390527 0.0576172 0.00436401
0 0.48165 0.904053 0.315025 0.191895 0.0042305
0 0.766735 0.0693359 0.085916 0.0986328 0.00400543
0 0.686026 0.138428 0.0494668 0.0854492 0.00348282
0 0.408752 0.79541 0.213488 0.305664 0.00342941
0 0.0521517 0.149902 0.0769664 0.165527 0.00340271
0 0.0497922 0.190186 0.0836379 0.189941 0.00324821
0 0.417864 0.180664 0.171832 0.317383 0.00302696
0 0.506709 0.782227 0.257097 0.376953 0.00284576
0 0.367747 0.0737305 0.0781055 0.0976562 0.00239754
0 0.86632 0.293701 0.0468633 0.046875 0.00237846
0 0.289641 0.511353 0.572123 0.977295 0.00217438
0 0.330972 0.77832 0.156862 0.277344 0.00195694
0 0.758925 0.0737305 0.0963301 0.120117 0.00194168
0 0.754369 0.0841064 0.128874 0.13208 0.00194168
0 0.773244 0.266113 0.0442598 0.0556641 0.00191879
0 0.794072 0.0712891 0.104141 0.106934 0.00189686
0 0.471562 0.698242 0.548691 0.603516 0.00170708
0 0.446828 0.575073 0.499224 0.849854 0.00161648
0 0.404847 0.296387 0.117158 0.139648 0.00159168
0 0.702298 0.103516 0.21479 0.146484 0.00156116
0 0.717919 0.201904 0.28899 0.382324 0.00144958
0 0.552271 0.776367 0.547389 0.447266 0.00144386
0 0.88129 0.0755615 0.231713 0.133057 0.00141621
0 0.653482 0.103271 0.121063 0.128418 0.00141048
0 0.551945 0.919434 0.321534 0.161133 0.00139427
0 0.446178 0.0939941 0.192009 0.150391 0.00136662
0 0.726381 0.282471 0.0546738 0.0571289 0.00135612
0 0.715967 0.956055 0.080709 0.0878906 0.00132465
0 0.0547552 0.203125 0.0968182 0.253418 0.00127411
0 0.257423 0.725586 0.46668 0.455078 0.00126457
0 0.390202 0.516602 0.661944 0.966797 0.0012598
0 0.212675 0.360107 0.414284 0.680176 0.00125504
0 0.425349 0.881104 0.344315 0.237793 0.00121593
0 0.440645 0.803223 0.389226 0.360352 0.358398
0 0.387273 0.793945 0.279227 0.314453 0.355713
0 0.350173 0.791504 0.199169 0.307617 0.26123
0 0.562359 0.918213 0.28899 0.163574 0.237915
0 0.503129 0.817383 0.467331 0.363281 0.0406189
0 0.374255 0.0651855 0.0598809 0.0820312 0.0110703
0 0.531768 0.862793 0.287688 0.274414 0.0104904
0 0.485881 0.839844 0.311771 0.316406 0.00844574
0 0.686677 0.141357 0.0442598 0.059082 0.00763702
0 0.563661 0.784668 0.553247 0.430664 0.00706482
0 0.531768 0.814453 0.304611 0.363281 0.0069046
0 0.771942 0.236328 0.0403545 0.0551758 0.0055542
0 0.610524 0.945312 0.238222 0.109375 0.00518036
0 0.609223 0.922363 0.269464 0.155273 0.00510025
0 0.414935 0.282959 0.0781055 0.106934 0.00503922
0 0.400291 0.266602 0.104141 0.135742 0.00486755
0 0.494017 0.77832 0.307215 0.423828 0.00390053
0 0.366445 0.726562 0.142542 0.171875 0.00372124
0 0.439018 0.716797 0.405498 0.556641 0.00362206
0 0.480674 0.609863 0.454964 0.780273 0.00291252
0 0.493366 0.912354 0.272067 0.175293 0.00279999
0 0.770641 0.265625 0.042958 0.0527344 0.00248146
0 0.868272 0.29126 0.0468633 0.0444336 0.00247192
0 0.500851 0.182861 0.323487 0.34082 0.00216484
0 0.402243 0.174561 0.130176 0.312988 0.00214958
0 0.315025 0.757812 0.11846 0.240234 0.00212479
0 0.765434 0.0717773 0.0963301 0.102051 0.00206757
0 0.552271 0.689453 0.565614 0.615234 0.00204277
0 0.717269 0.165771 0.210885 0.290527 0.00179577
0 0.549667 0.868896 0.447154 0.262207 0.00176811
0 0.382635 0.732422 0.39069 0.509766 0.0017271
0 0.756972 0.0880127 0.11846 0.124268 0.00153065
0 0.700346 0.11084 0.161418 0.120117 0.00150681
0 0.725079 0.282227 0.0598809 0.0517578 0.00148964
0 0.405498 0.720703 0.0989336 0.152344 0.00143242
0 0.648275 0.110962 0.104141 0.113037 0.00124931
0 0.308191 0.791504 0.50378 0.37207 0.00119209
0 0.400616 0.237061 0.117158 0.184082 0.00118828
0 0.410054 0.293457 0.0937266 0.116211 0.00118828
0 0.403545 0.293213 0.121063 0.143066 0.00118351
0 0.682121 0.290771 0.0728984 0.0708008 0.00109863
0 0.731588 0.236816 0.111951 0.121094 0.00104809
0 0.785611 0.0720215 0.119762 0.105957 0.00101185
0 0.44813 0.804688 0.409403 0.373047 0.370117
0 0.390202 0.803711 0.285736 0.337891 0.326904
0 0.561058 0.917236 0.292896 0.165527 0.141235
0 0.343339 0.801758 0.202423 0.330078 0.0269165
0 0.485556 0.786133 0.5181 0.427734 0.0119629
0 0.530141 0.900391 0.288339 0.199219 0.00993347
0 0.481325 0.855469 0.307866 0.289062 0.00559998
0 0.44097 0.660645 0.435438 0.678711 0.00530243
0 0.374906 0.0634766 0.0585791 0.081543 0.00527954
0 0.530466 0.816406 0.31112 0.365234 0.00438309
0 0.32609 0.763672 0.145797 0.25 0.00407028
0 0.479698 0.901855 0.279878 0.196289 0.00400543
0 0.470585 0.545898 0.479047 0.908203 0.00400543
0 0.48881 0.785156 0.313724 0.421875 0.00279045
0 0.376533 0.076416 0.0670405 0.109863 0.00265312
0 0.764783 0.0701904 0.0963301 0.0979004 0.00259018
0 0.866971 0.291992 0.0442598 0.0463867 0.00255013
0 0.398663 0.263672 0.10349 0.139648 0.0024929
0 0.406799 0.259766 0.124969 0.166992 0.0024929
0 0.409728 0.277832 0.0898213 0.116211 0.0024147
0 0.364492 0.744629 0.161418 0.213867 0.00239754
0 0.771292 0.236816 0.0390527 0.0595703 0.00211525
0 0.614592 0.919678 0.27044 0.160645 0.00209999
0 0.619637 0.94873 0.23692 0.102539 0.0020752
0 0.496946 0.161194 0.309168 0.297729 0.00201988
0 0.685376 0.140137 0.0468633 0.0664062 0.00179577
0 0.546657 0.584106 0.60548 0.825928 0.00168133
0 0.309168 0.752441 0.109348 0.228516 0.00157928
0 0.809693 0.0705566 0.18485 0.106445 0.0014782
0 0.449432 0.175232 0.219346 0.318481 0.00139427
0 0.488891 0.794922 0.495807 0.410156 0.0012846
0 0.757623 0.083252 0.122365 0.121582 0.00126457
0 0.433811 0.880859 0.287038 0.238281 0.0012207
0 0.770641 0.266602 0.0416563 0.0556641 0.0012064
0 0.92555 0.297852 0.102839 0.0507812 0.00118828
0 0.781055 0.0723877 0.158814 0.115479 0.00118351
0 0.890402 0.298828 0.0715967 0.0537109 0.00115585
0 0.408752 0.741211 0.11846 0.198242 0.00110722
0 0.847444 0.0722656 0.296801 0.125977 0.00109005
0 0.302089 0.767578 0.527049 0.4375 0.00103188
0 0.441947 0.0910645 0.182246 0.147461 0.00102806
0 0.357983 0.796875 0.227808 0.328125 0.485352
0 0.449025 0.809082 0.419329 0.366211 0.375732
0 0.55878 0.919434 0.294848 0.161133 0.144653
0 0.399314 0.801758 0.296801 0.369141 0.0470886
0 0.542508 0.895508 0.290943 0.201172 0.00926971
0 0.374255 0.0650635 0.0611826 0.0842285 0.00923157
0 0.525259 0.862793 0.292896 0.270508 0.008255
0 0.335528 0.775391 0.167276 0.273438 0.00624084
0 0.529165 0.8125 0.309818 0.367188 0.00572968
0 0.482301 0.908203 0.282481 0.183594 0.00445175
0 0.444225 0.574219 0.475792 0.851562 0.00411606
0 0.493366 0.782227 0.320232 0.417969 0.00408554
0 0.359611 0.749023 0.167276 0.219727 0.00352478
0 0.557152 0.76416 0.576679 0.47168 0.00300407
0 0.771942 0.234619 0.0390527 0.0551758 0.00279999
0 0.866971 0.291504 0.0442598 0.0454102 0.00261116
0 0.686026 0.142578 0.0442598 0.0620117 0.00237846
0 0.564312 0.567871 0.632654 0.856445 0.00233269
0 0.312747 0.766602 0.120413 0.255859 0.00231361
0 0.398338 0.26416 0.0963301 0.132812 0.00222588
0 0.415261 0.282227 0.0781055 0.108398 0.00200272
0 0.608572 0.921387 0.274671 0.157227 0.00199509
0 0.478071 0.519653 0.612477 0.960693 0.00191879
0 0.406148 0.263184 0.122365 0.15918 0.00175476
0 0.586241 0.505371 0.827517 0.989258 0.00175476
0 0.614592 0.948242 0.239198 0.103516 0.00166798
0 0.300706 0.741699 0.527212 0.485352 0.00152493
0 0.493366 0.153564 0.304611 0.282227 0.00144386
0 0.779102 0.628906 0.0546738 0.107422 0.00143242
0 0.408752 0.740234 0.1113 0.194336 0.00139904
0 0.771942 0.269043 0.042958 0.0546875 0.00131512
0 0.285166 0.794434 0.282319 0.362305 0.00129986
0 0.412332 0.171875 0.143844 0.30957 0.00127888
0 0.0484091 0.161865 0.0720848 0.221191 0.00127411
0 0.926852 0.297852 0.0963301 0.0507812 0.00121593
0 0.889751 0.29834 0.0689932 0.0527344 0.0012064
0 0.766735 0.0715332 0.0937266 0.101074 0.00116539
0 0.435438 0.883789 0.292896 0.230469 0.0011425
0 0.0497922 0.151917 0.0641116 0.170776 0.00109482
0 0.357983 0.796875 0.227808 0.328125 0.484375
0 0.449025 0.809082 0.419329 0.366211 0.375732
0 0.558454 0.919434 0.294197 0.161133 0.143677
0 0.399314 0.80127 0.296801 0.370117 0.0469055
0 0.374255 0.0651855 0.0611826 0.0844727 0.00919342
0 0.542508 0.895508 0.290943 0.201172 0.00919342
0 0.525259 0.862305 0.292896 0.271484 0.00821686
0 0.335528 0.775391 0.167276 0.273438 0.00629044
0 0.529165 0.8125 0.309818 0.367188 0.00568771
0 0.482301 0.908203 0.282481 0.183594 0.00443268
0 0.444225 0.574829 0.475792 0.850342 0.00411606
0 0.493366 0.782227 0.320232 0.417969 0.00407028
0 0.359611 0.749023 0.167276 0.219727 0.00353813
0 0.557152 0.76416 0.576679 0.47168 0.00299263
0 0.771942 0.234619 0.0390527 0.0551758 0.00277901
0 0.866971 0.291504 0.0442598 0.0454102 0.00261116
0 0.686026 0.142517 0.0442598 0.0616455 0.00236893
0 0.564312 0.567871 0.632654 0.856445 0.00233269
0 0.312747 0.766602 0.120413 0.255859 0.00231361
0 0.398338 0.26416 0.0963301 0.132812 0.00220871
0 0.608572 0.921387 0.274671 0.157227 0.00199509
0 0.415261 0.282227 0.0774546 0.108398 0.00197983
0 0.478315 0.520386 0.611989 0.959229 0.00191212
0 0.586241 0.505859 0.827517 0.988281 0.00174141
0 0.406148 0.263184 0.122365 0.15918 0.00173378
0 0.61443 0.948242 0.238222 0.103516 0.00166798
0 0.300625 0.741211 0.527375 0.486328 0.00153065
0 0.779102 0.628906 0.0546738 0.107422 0.00143814
0 0.493366 0.153381 0.304611 0.282104 0.0014267
0 0.408752 0.740234 0.1113 0.194336 0.00139904
0 0.771942 0.269287 0.042958 0.0541992 0.00130939
0 0.285085 0.794434 0.282481 0.362305 0.00129986
0 0.0484091 0.161865 0.0720848 0.221191 0.0012846
0 0.412006 0.171875 0.141892 0.30957 0.00127411
0 0.926852 0.297852 0.0963301 0.0507812 0.0012064
0 0.889751 0.29834 0.0689932 0.0527344 0.00119686
0 0.766735 0.0715332 0.0937266 0.101074 0.00116539
0 0.435438 0.883789 0.292896 0.230469 0.0011425
0 0.0497922 0.152405 0.0641116 0.171753 0.00109482
0 0.779102 0.645508 0.0507686 0.112305 0.00100422
