0 0.480023 0.502808 0.76999 0.908447 0.533203
0 0.583838 0.575195 0.69644 0.847656 0.0562439
0 0.323812 0.500488 0.647625 0.948242 0.0484924
0 0.603002 0.499512 0.793997 0.999023 0.03125
0 0.611989 0.77002 0.512567 0.426758 0.0301056
0 0.802534 0.418457 0.0663897 0.0966797 0.0240479
0 0.557603 0.588867 0.884794 0.822266 0.0178528
0 0.383693 0.606934 0.677565 0.745117 0.0163422
0 0.274345 0.487793 0.402894 0.928711 0.0151291
0 0.0228621 0.785156 0.0385646 0.0898438 0.0106506
0 0.685864 0.798828 0.359611 0.375 0.0106125
0 0.5 0.5 1 1 0.0104065
0 0.560044 0.576172 0.879913 0.847656 0.00993347
0 0.450083 0.678711 0.74786 0.609375 0.00933838
0 0.537951 0.220215 0.319582 0.44043 0.00881195
0 0.576153 0.503906 0.847694 0.992188 0.00712204
0 0.45171 0.5 0.656086 1 0.00698471
0 0.5 0.5 1 1 0.0069046
0 0.5 0.5 1 1 0.00679779
0 0.496295 0.5 0.99259 1 0.00653839
0 0.5 0.5 1 1 0.00530243
0 0.333169 0.723633 0.533883 0.513672 0.00511932
0 0.5 0.5 1 1 0.00498199
0 0.0984454 0.582031 0.178015 0.188477 0.00479126
0 0.484254 0.5 0.968508 1 0.00403976
0 0.0814412 0.573242 0.151818 0.249023 0.00367928
0 0.778451 0.757812 0.158814 0.416016 0.003088
0 0.487508 0.5 0.975017 1 0.00305176
0 0.464402 0.392212 0.430231 0.752686 0.00290108
0 0.825114 0.725586 0.349772 0.548828 0.00283432
0 0.54804 0.719727 0.631353 0.550781 0.00283432
0 0.520378 0.162598 0.272718 0.325195 0.00276756
0 0.819907 0.825684 0.360186 0.334961 0.00270462
0 0.434462 0.775391 0.195915 0.449219 0.0026722
0 0.90342 0.0770264 0.182246 0.133057 0.00253105
0 0.720523 0.754395 0.294197 0.450195 0.0024929
0 0.810995 0.379028 0.109348 0.193115 0.00242424
0 0.539904 0.276855 0.281831 0.545898 0.0024147
0 0.724065 0.537598 0.55187 0.852539 0.00234985
0 0.0431207 0.680664 0.0758274 0.322266 0.00222588
0 0.797327 0.416504 0.0950283 0.104492 0.00214958
0 0.402569 0.262939 0.460171 0.525879 0.00214005
0 0.559756 0.162354 0.196565 0.324707 0.00212479
0 0.788865 0.809082 0.121063 0.280273 0.0020504
0 0.0831498 0.702637 0.161093 0.594727 0.00204277
0 0.111626 0.545898 0.209583 0.276367 0.00184631
0 0.385646 0.751953 0.264908 0.486328 0.00175476
0 0.445201 0.864258 0.187453 0.259766 0.00168705
0 0.870876 0.0977783 0.257748 0.179932 0.00162888
0 0.775848 0.342041 0.182246 0.26709 0.00161648
0 0.528839 0.512695 0.939218 0.974609 0.363037
0 0.678379 0.658203 0.374581 0.638672 0.246582
0 0.501828 0.517578 0.669104 0.947266 0.164551
0 0.800581 0.410156 0.0728984 0.09375 0.131592
0 0.584489 0.560425 0.572773 0.845947 0.116333
0 0.36319 0.779785 0.485556 0.428711 0.0997925
0 0.48881 0.256592 0.535022 0.460449 0.0957031
0 0.302659 0.812012 0.369048 0.375977 0.0823975
0 0.671056 0.799805 0.393131 0.400391 0.067688
0 0.694488 0.543457 0.369699 0.885742 0.0656128
0 0.390527 0.655273 0.0559756 0.0742188 0.0592041
0 0.45171 0.80957 0.712062 0.380859 0.0559387
0 0.52949 0.251953 0.380764 0.494141 0.0466309
0 0.316653 0.76123 0.301357 0.477539 0.044342
0 0.299404 0.59082 0.381415 0.806641 0.0432129
0 0.7407 0.77002 0.242127 0.432617 0.0409241
0 0.0199332 0.787598 0.0398663 0.0712891 0.0401611
0 0.188429 0.652832 0.0631353 0.0800781 0.0322266
0 0.270115 0.500854 0.447805 0.951416 0.0280151
0 0.613779 0.263428 0.434787 0.474121 0.0275269
0 0.44455 0.527344 0.0663897 0.09375 0.0252686
0 0.432184 0.862305 0.0663897 0.126953 0.0249939
0 0.788865 0.40332 0.0911231 0.114258 0.0243835
0 0.422095 0.281982 0.0995845 0.16748 0.0222931
0 0.773244 0.788574 0.157513 0.327148 0.0207214
0 0.349197 0.595215 0.0748511 0.107422 0.0204926
0 0.831823 0.700195 0.0885195 0.125 0.0173798
0 0.153119 0.757812 0.0953538 0.152344 0.0171814
0 0.163371 0.740234 0.117809 0.196289 0.0171051
0 0.721174 0.80957 0.187453 0.355469 0.016098
0 0.372303 0.818848 0.188755 0.362305 0.0160217
0 0.29973 0.254883 0.372954 0.441406 0.0160217
0 0.790167 0.694336 0.153607 0.226562 0.0148392
0 0.5 0.5 1 1 0.0146179
0 0.319256 0.647461 0.064437 0.078125 0.0145569
0 0.0226994 0.744141 0.0453988 0.0908203 0.0130234
0 0.79212 0.383301 0.0976318 0.148438 0.0127258
0 0.369048 0.644531 0.0917739 0.0976562 0.0126266
0 0.415912 0.299316 0.119111 0.228516 0.0115051
0 0.544786 0.21582 0.273369 0.431641 0.0111618
0 0.704251 0.780762 0.225204 0.438477 0.0110703
0 0.383693 0.629395 0.0852651 0.123047 0.0103302
0 0.427627 0.897461 0.0820107 0.177734 0.00985718
0 0.438692 0.192322 0.1484 0.380981 0.00948334
0 0.419817 0.244629 0.0963301 0.12793 0.00937653
0 0.445201 0.241455 0.111951 0.278809 0.00926971
0 0.626796 0.451294 0.464728 0.853271 0.00923157
0 0.435113 0.295898 0.0917739 0.188477 0.00878143
0 0.751765 0.348633 0.16272 0.217773 0.00878143
0 0.417213 0.465332 0.132779 0.216797 0.0085144
0 0.516147 0.51416 0.796676 0.928711 0.992188
0 0.609223 0.55481 0.558454 0.792725 0.992188
0 0.648438 0.668823 0.476118 0.646729 0.695312
0 0.606782 0.722656 0.554223 0.5 0.650391
0 0.418515 0.577026 0.673009 0.761963 0.435791
0 0.326416 0.245361 0.271417 0.435059 0.343262
0 0.482627 0.404785 0.490112 0.779297 0.255371
0 0.280203 0.601562 0.379462 0.546875 0.201172
0 0.332274 0.616211 0.512242 0.697266 0.193726
0 0.516798 0.211426 0.384019 0.422852 0.188965
0 0.532419 0.172607 0.302008 0.312988 0.141724
0 0.285085 0.685547 0.408752 0.589844 0.102478
0 0.63656 0.774414 0.515496 0.386719 0.0888062
0 0.574075 0.160156 0.183548 0.279785 0.0875854
0 0.303635 0.512817 0.476443 0.939209 0.0830078
0 0.50378 0.284668 0.432184 0.520508 0.0742188
0 0.79993 0.413086 0.0624844 0.0908203 0.0661011
0 0.188918 0.166016 0.371326 0.332031 0.0606384
0 0.445852 0.540039 0.0650879 0.0722656 0.0600891
0 0.368723 0.277283 0.209583 0.378052 0.0483093
0 0.428197 0.310547 0.62761 0.621094 0.0403137
0 0.357983 0.224854 0.233015 0.38623 0.0374756
0 0.791469 0.399902 0.080709 0.114258 0.0342407
0 0.478721 0.756836 0.677565 0.478516 0.0336609
0 0.552596 0.147949 0.24473 0.29248 0.0332642
0 0.353509 0.40625 0.641604 0.771484 0.0316162
0 0.0906349 0.574219 0.161418 0.162109 0.0272675
0 0.40086 0.705078 0.62761 0.578125 0.0193481
0 0.294523 0.259033 0.231062 0.364746 0.0150757
0 0.318931 0.101318 0.0833125 0.145508 0.0150146
0 0.149702 0.57666 0.12985 0.157227 0.0145035
0 0.329345 0.228027 0.635258 0.456055 0.0141144
0 0.552596 0.567383 0.834427 0.865234 0.0124817
0 0.424373 0.241211 0.0891704 0.151855 0.0117798
0 0.469284 0.797363 0.774546 0.405273 0.0111618
0 0.291268 0.452148 0.408101 0.526367 0.0104523
0 0.289641 0.304626 0.357983 0.482544 0.0102921
0 0.803185 0.390625 0.101537 0.124023 0.00930023
0 0.505408 0.722656 0.6294 0.554688 0.00905609
0 0.084899 0.600586 0.159547 0.193359 0.00894928
0 0.253192 0.607422 0.406799 0.732422 0.0086441
0 0.18485 0.583008 0.199169 0.248047 0.00837708
0 0.359285 0.807617 0.71857 0.384766 0.00837708
0 0.289967 0.163086 0.201772 0.26416 0.00809479
0 0.562685 0.132385 0.182897 0.216675 0.00803375
0 0.193962 0.150635 0.277274 0.248535 0.00787354
0 0.430556 0.559082 0.767386 0.881836 0.00787354
0 0.680819 0.931641 0.110649 0.136719 0.00740433
0 0.269138 0.966797 0.064437 0.0664062 0.00703812
0 0.32967 0.124756 0.128223 0.190918 0.00701141
0 0.486207 0.602539 0.831823 0.794922 0.733398
0 0.569519 0.644409 0.635258 0.62915 0.491211
0 0.357983 0.635742 0.510289 0.714844 0.19873
0 0.0156211 0.798828 0.0312422 0.0625 0.150513
0 0.441947 0.53418 0.0624844 0.078125 0.143677
0 0.646811 0.671387 0.494993 0.547852 0.113403
0 0.771942 0.77002 0.200471 0.416992 0.0718384
0 0.527863 0.5177 0.699044 0.806396 0.0626831
0 0.420793 0.40918 0.257097 0.313477 0.0572815
0 0.296475 0.630859 0.365143 0.695312 0.0561218
0 0.800581 0.42627 0.0637861 0.0898438 0.049408
0 0.431533 0.441895 0.113253 0.265625 0.0472412
0 0.482627 0.405762 0.363841 0.329102 0.0387573
0 0.382391 0.391479 0.237571 0.363525 0.0344238
0 0.319582 0.547974 0.436089 0.67749 0.0337219
0 0.36677 0.32428 0.283132 0.497925 0.0332031
0 0.784309 0.800781 0.141892 0.3125 0.0302124
0 0.722313 0.599121 0.383042 0.688477 0.0298767
0 0.394433 0.443848 0.255145 0.348633 0.0294189
0 0.719221 0.760254 0.300706 0.456055 0.0277405
0 0.413959 0.508301 0.130176 0.150391 0.0241394
0 0.412006 0.398926 0.157513 0.334961 0.0239563
0 0.479047 0.407715 0.252541 0.342773 0.022583
0 0.376859 0.470215 0.709458 0.94043 0.0213623
0 0.788214 0.838867 0.131478 0.234375 0.0212402
0 0.596042 0.290283 0.518425 0.560059 0.0197906
0 0.75502 0.42041 0.239523 0.404297 0.0195007
0 0.359285 0.265137 0.232364 0.490234 0.0192413
0 0.788865 0.418945 0.0885195 0.101562 0.0183411
0 0.707994 0.281982 0.297126 0.478027 0.0167847
0 0.531036 0.326904 0.648438 0.64502 0.0163422
0 0.0173703 0.732422 0.0347407 0.0644531 0.016098
0 0.344234 0.779297 0.359448 0.439453 0.0149536
0 0.132779 0.598145 0.0566265 0.0888672 0.0137405
0 0.771942 0.838867 0.169229 0.28125 0.0131226
0 0.777149 0.662598 0.328043 0.541992 0.0129242
0 0.372872 0.490234 0.2501 0.416016 0.0124283
0 0.44455 0.507812 0.889101 0.984375 0.0119629
0 0.774546 0.356445 0.119762 0.248047 0.0116882
0 0.18127 0.652344 0.0618335 0.0869141 0.0113297
0 0.796676 0.362549 0.0833125 0.224121 0.0112915
0 0.120738 0.580078 0.0605317 0.0996094 0.0107346
0 0.404196 0.244873 0.145797 0.327637 0.0105667
0 0.410705 0.305664 0.137986 0.296875 0.00933838
0 0.179968 0.62207 0.112602 0.189453 0.00919342
0 0.782357 0.706543 0.152306 0.55957 0.00901794
0 0.405498 0.79248 0.234316 0.415039 0.00894928
0 0.34822 0.473511 0.346268 0.420166 0.00871277
0 0.78496 0.435547 0.101537 0.121094 0.00844574
0 0.745256 0.35376 0.173134 0.276855 0.00828552
0 0.432184 0.492676 0.756321 0.985352 0.904297
0 0.360587 0.366455 0.71857 0.73291 0.135498
0 0.36913 0.525391 0.566102 0.949219 0.116943
0 0.273288 0.720703 0.377672 0.46875 0.0587769
0 0.303635 0.488281 0.383368 0.53125 0.0495911
0 0.108534 0.5625 0.178341 0.205078 0.0438538
0 0.282807 0.411621 0.45887 0.823242 0.0402527
0 0.797327 0.432617 0.0533721 0.0859375 0.035553
0 0.374906 0.690918 0.557152 0.618164 0.0352783
0 0.51452 0.364258 0.387273 0.52832 0.0310822
0 0.782357 0.563477 0.145797 0.356445 0.0310822
0 0.0910824 0.583984 0.149784 0.166016 0.0299835
0 0.563661 0.5 0.687328 1 0.0271759
0 0.760227 0.564575 0.19266 0.448975 0.0265503
0 0.478071 0.359131 0.660642 0.716309 0.026062
0 0.482627 0.635742 0.678867 0.724609 0.0245209
0 0.246683 0.527344 0.313724 0.492188 0.0238647
0 0.521354 0.443848 0.415261 0.505859 0.0233307
0 0.445527 0.52832 0.0611826 0.0820312 0.0230713
0 0.134244 0.513672 0.243754 0.322266 0.0218658
0 0.105402 0.632812 0.184931 0.273438 0.019165
0 0.126759 0.550781 0.214465 0.261719 0.0180511
0 0.175371 0.494629 0.268243 0.326172 0.0161591
0 0.25189 0.629883 0.337155 0.539062 0.0142822
0 0.533395 0.191833 0.247985 0.331177 0.0142288
0 0.095191 0.608398 0.165323 0.181641 0.0141754
0 0.786262 0.637695 0.1484 0.158203 0.0124283
0 0.55943 0.160889 0.181595 0.256836 0.0112457
0 0.234642 0.445312 0.304611 0.537109 0.0109482
0 0.779753 0.500488 0.110649 0.275391 0.0106964
0 0.187494 0.566406 0.230981 0.363281 0.0105667
0 0.236594 0.538574 0.372954 0.719727 0.0103302
0 0.337155 0.764648 0.489461 0.470703 0.00971222
0 0.0269301 0.783203 0.0514194 0.103516 0.00963593
0 0.103652 0.687012 0.192986 0.401367 0.00891876
0 0.551294 0.562012 0.45171 0.478516 0.00871277
0 0.786262 0.408325 0.075502 0.101318 0.00867462
0 0.513543 0.277832 0.329345 0.514648 0.00841522
0 0.3147 0.756836 0.369699 0.443359 0.008255
0 0.791469 0.827148 0.14059 0.257812 0.00812531
0 0.398989 0.647461 0.0611826 0.0800781 0.00763702
0 0.569519 0.55481 0.597507 0.812256 0.00760651
0 0.332274 0.271484 0.259701 0.487305 0.00754929
0 0.792771 0.870117 0.122365 0.175781 0.00734711
0 0.435113 0.505859 0.0917739 0.134766 0.00723267
0 0.790818 0.757812 0.160116 0.369141 0.00723267
0 0.579933 0.646973 0.458219 0.575195 0.00720596
0 0.41819 0.300293 0.746558 0.600586 0.00698471
0 0.212675 0.390625 0.414935 0.756836 0.00695801
0 0.214953 0.418945 0.221624 0.310547 0.00674438
0 0.514194 0.49707 0.770641 0.994141 0.326904
0 0.471562 0.35498 0.500526 0.709961 0.165039
0 0.585791 0.630005 0.555851 0.730225 0.148315
0 0.28899 0.713867 0.374906 0.548828 0.0849609
0 0.254575 0.525879 0.30575 0.551758 0.081543
0 0.282563 0.608398 0.396873 0.728516 0.0680542
0 0.413959 0.469727 0.6665 0.933594 0.0630493
0 0.503129 0.322266 0.344966 0.574219 0.0560303
0 0.269138 0.514648 0.447154 0.927734 0.050415
0 0.254819 0.601562 0.290292 0.37793 0.0481262
0 0.256446 0.622925 0.308517 0.56665 0.041687
0 0.285736 0.441895 0.360587 0.62207 0.0386047
0 0.235618 0.542847 0.270766 0.386963 0.035675
0 0.464728 0.601074 0.758925 0.797852 0.0323486
0 0.590835 0.782715 0.54446 0.420898 0.0312042
0 0.519727 0.442383 0.39248 0.478516 0.0299225
0 0.198844 0.625488 0.164672 0.389648 0.0287628
0 0.21121 0.558594 0.210885 0.304688 0.0249329
0 0.134732 0.642578 0.206003 0.375 0.0232849
0 0.406148 0.277344 0.0624844 0.0888672 0.0231934
0 0.413308 0.233887 0.0742002 0.134766 0.0224152
0 0.327392 0.380615 0.532419 0.76123 0.02211
0 0.146122 0.580566 0.264908 0.314453 0.0200653
0 0.802534 0.446289 0.0442598 0.0644531 0.0197601
0 0.236269 0.40332 0.252541 0.623047 0.0194244
0 0.338782 0.741211 0.298753 0.517578 0.0185852
0 0.469935 0.398438 0.251239 0.398438 0.0184326
0 0.521029 0.249756 0.284434 0.459473 0.0181274
0 0.105117 0.763672 0.210234 0.458984 0.016983
0 0.343745 0.308594 0.271905 0.558594 0.016922
0 0.112602 0.637695 0.225204 0.292969 0.0158997
0 0.120575 0.588867 0.200796 0.212891 0.0156708
0 0.227482 0.487305 0.192009 0.426758 0.0154266
0 0.181595 0.675781 0.136034 0.404297 0.0151901
0 0.671707 0.757812 0.400941 0.433594 0.0151901
0 0.553898 0.14447 0.175737 0.24231 0.0149536
0 0.138637 0.679199 0.150678 0.399414 0.0148392
0 0.441947 0.539062 0.0520703 0.0800781 0.0145569
0 0.799279 0.428223 0.0520703 0.0791016 0.0131226
0 0.412657 0.367188 0.128874 0.249023 0.012825
0 0.543809 0.157227 0.22195 0.313477 0.0125275
0 0.402894 0.651855 0.0715967 0.0908203 0.0124283
0 0.252866 0.385254 0.171181 0.533203 0.0118256
0 0.786913 0.411621 0.0689932 0.108398 0.0117798
0 0.149377 0.728516 0.0943774 0.310547 0.0115509
0 0.305262 0.137451 0.0611826 0.11084 0.0113297
0 0.323487 0.283142 0.171832 0.457153 0.0110321
0 0.465053 0.341553 0.198518 0.287598 0.0109863
0 0.148726 0.791016 0.0924248 0.273438 0.0105667
0 0.423397 0.268066 0.0826616 0.160156 0.0102081
0 0.491088 0.506958 0.850699 0.986084 0.876465
0 0.573424 0.601074 0.601412 0.790039 0.614258
0 0.591161 0.757812 0.55162 0.484375 0.282227
0 0.501502 0.332764 0.45887 0.644043 0.17334
0 0.503455 0.338867 0.354729 0.509766 0.0462036
0 0.159465 0.673828 0.14059 0.335938 0.0408325
0 0.16272 0.689941 0.113253 0.254883 0.0365601
0 0.448781 0.522461 0.0605317 0.0898438 0.0328369
0 0.477745 0.680298 0.757623 0.639404 0.0263519
0 0.445527 0.484497 0.621589 0.913818 0.0188293
0 0.268081 0.760254 0.34643 0.479492 0.0175171
0 0.45887 0.398926 0.235618 0.305664 0.0167236
0 0.193799 0.67334 0.196891 0.348633 0.0160217
0 0.334552 0.553223 0.489461 0.875977 0.0153046
0 0.129199 0.671875 0.209908 0.349609 0.0131226
0 0.391829 0.645996 0.0449106 0.0615234 0.0121918
0 0.783658 0.755859 0.174436 0.371094 0.0119171
0 0.42242 0.511719 0.122365 0.128906 0.0108185
0 0.23692 0.69873 0.265559 0.331055 0.0104065
0 0.258074 0.666992 0.339108 0.476562 0.00978088
0 0.551945 0.244568 0.248636 0.402466 0.00971222
0 0.390527 0.493652 0.18485 0.205078 0.00963593
0 0.148726 0.749512 0.104141 0.147461 0.00963593
0 0.390853 0.446289 0.184199 0.274414 0.00861359
0 0.499224 0.407227 0.347569 0.357422 0.00857544
0 0.48165 0.340088 0.270766 0.303223 0.00831604
0 0.332925 0.761719 0.266209 0.425781 0.0078125
0 0.566265 0.188538 0.190057 0.285034 0.00746155
0 0.170693 0.623047 0.220323 0.341797 0.00734711
0 0.427627 0.501465 0.153607 0.149414 0.00728989
0 0.529815 0.441528 0.315025 0.3396 0.00723267
0 0.302984 0.707031 0.369048 0.433594 0.00695801
0 0.145309 0.650391 0.185826 0.277344 0.00679779
0 0.496295 0.472168 0.31828 0.25293 0.00658798
0 0.413308 0.243164 0.085916 0.131836 0.00612259
0 0.374255 0.476562 0.209583 0.345703 0.00575256
0 0.568217 0.175781 0.152306 0.227539 0.00568771
0 0.786262 0.702148 0.153607 0.224609 0.00566483
0 0.02034 0.788086 0.0351475 0.0742188 0.00510025
0 0.417213 0.274902 0.0937266 0.106934 0.0050621
0 0.413959 0.348145 0.14059 0.174805 0.00496292
0 0.379462 0.370605 0.21479 0.350586 0.00488663
0 0.361238 0.703613 0.190057 0.314453 0.00486755
0 0.782357 0.810547 0.145797 0.277344 0.00457382
0 0.387924 0.231689 0.147099 0.196777 0.00450516
0 0.781055 0.663574 0.161418 0.157227 0.00428009
0 0.23692 0.75293 0.22195 0.419922 0.00415039
0 0.578631 0.337402 0.615731 0.674805 0.00399017
0 0.554874 0.156738 0.227157 0.285156 0.00390053
0 0.405172 0.667969 0.127572 0.112305 0.00385475
0 0.478396 0.5 0.761528 1 0.884766
0 0.504431 0.381348 0.6665 0.762695 0.146606
0 0.495888 0.243164 0.559919 0.486328 0.140625
0 0.459521 0.652222 0.770641 0.689697 0.105225
0 0.0188755 0.789062 0.0331948 0.0664062 0.0458679
0 0.293872 0.496582 0.37751 0.651367 0.0167847
0 0.55463 0.46875 0.632492 0.865234 0.0139008
0 0.269138 0.490723 0.372954 0.893555 0.0132217
0 0.240174 0.509766 0.246032 0.668945 0.0130692
0 0.118135 0.567383 0.0670405 0.121094 0.0116425
0 0.49719 0.581055 0.636722 0.837891 0.00959778
0 0.0235944 0.735352 0.0312422 0.128906 0.00955963
0 0.299079 0.643188 0.435438 0.713623 0.00937653
0 0.409403 0.271484 0.0702949 0.0859375 0.00933838
0 0.788865 0.801758 0.14059 0.289062 0.00926971
0 0.244568 0.661621 0.323812 0.647461 0.00926971
0 0.800581 0.442383 0.0494668 0.0644531 0.00919342
0 0.792771 0.422852 0.0624844 0.0888672 0.00905609
0 0.792771 0.753906 0.161418 0.375 0.0088501
0 0.117158 0.592285 0.0663897 0.123047 0.0086441
0 0.517774 0.746094 0.714014 0.482422 0.00837708
0 0.783658 0.409302 0.080709 0.111084 0.00790405
0 0.797978 0.817871 0.109348 0.256836 0.00790405
0 0.164347 0.682617 0.120413 0.204102 0.00784302
0 0.180944 0.665039 0.141241 0.287109 0.00725937
0 0.149377 0.628418 0.0943774 0.179688 0.00709534
0 0.153607 0.715332 0.100235 0.174805 0.00677109
0 0.790167 0.657227 0.151004 0.164062 0.00674438
0 0.510289 0.197754 0.47384 0.395508 0.00671768
0 0.3889 0.641602 0.0403545 0.0625 0.00653839
0 0.0797327 0.593262 0.135383 0.157227 0.00638962
0 0.504431 0.324707 0.300706 0.514648 0.005867
0 0.560488 0.669067 0.633793 0.626709 0.005867
0 0.691233 0.949219 0.075502 0.0742188 0.00584412
0 0.588232 0.29541 0.552271 0.581055 0.00572968
0 0.424373 0.268066 0.0650879 0.0756836 0.00564194
0 0.307133 0.474731 0.303472 0.517334 0.0055542
0 0.151655 0.585938 0.135383 0.232422 0.00518036
0 0.775848 0.382935 0.0989336 0.165771 0.00503922
0 0.783658 0.42395 0.104141 0.11499 0.00481033
0 0.208281 0.588379 0.184199 0.469727 0.00477219
0 0.566916 0.125 0.151004 0.220703 0.00460815
0 0.196077 0.61377 0.158489 0.330078 0.00460815
0 0.404521 0.271484 0.141892 0.339844 0.00453949
0 0.44455 0.53125 0.0598809 0.0898438 0.00450516
0 0.454639 0.338623 0.0702949 0.126465 0.00441742
0 0.544786 0.174744 0.216092 0.343872 0.00426483
0 0.687328 0.358398 0.0598809 0.126953 0.00413513
0 0.0289641 0.640625 0.0341711 0.0820312 0.00403976
0 0.367747 0.334961 0.0715967 0.365234 0.00400543
0 0.486207 0.5 0.82922 1 0.791016
0 0.479047 0.643066 0.825315 0.713867 0.226807
0 0.531443 0.765137 0.690583 0.46582 0.135864
0 0.441296 0.395386 0.502479 0.773682 0.130981
0 0.783007 0.762695 0.193962 0.398438 0.115173
0 0.797978 0.417847 0.0676914 0.0998535 0.0878906
0 0.292896 0.755859 0.408752 0.46875 0.0703125
0 0.801883 0.44043 0.0494668 0.0664062 0.0668335
0 0.375557 0.497559 0.665198 0.96582 0.0548096
0 0.360912 0.251709 0.213488 0.471191 0.0367126
0 0.779102 0.820312 0.152306 0.287109 0.0367126
0 0.617684 0.782227 0.493366 0.376953 0.0346069
0 0.164998 0.694824 0.123016 0.269531 0.0343018
0 0.790167 0.711914 0.171832 0.28125 0.0319824
0 0.239686 0.774414 0.293872 0.451172 0.0266571
0 0.355054 0.325928 0.257748 0.520996 0.0261536
0 0.167276 0.686523 0.109999 0.210938 0.0248871
0 0.0183873 0.784668 0.0367747 0.0849609 0.023468
0 0.501177 0.336426 0.523307 0.631836 0.0225372
0 0.308842 0.530151 0.369048 0.595947 0.0215759
0 0.366445 0.256592 0.212187 0.333496 0.0208893
0 0.390527 0.420898 0.188755 0.329102 0.0208435
0 0.502153 0.334961 0.307866 0.519531 0.0204163
0 0.439343 0.380981 0.154909 0.316162 0.0198364
0 0.447805 0.527344 0.0624844 0.0976562 0.0195007
0 0.391504 0.76709 0.620288 0.463867 0.0194244
0 0.786262 0.859375 0.127572 0.208984 0.0193787
0 0.328368 0.470703 0.320883 0.494141 0.0187683
0 0.796025 0.777832 0.169229 0.31543 0.0187225
0 0.556502 0.178711 0.210885 0.307617 0.0178528
0 0.420793 0.325195 0.11846 0.201172 0.0178528
0 0.127247 0.680664 0.0956792 0.268555 0.0176392
0 0.274101 0.474121 0.443737 0.916992 0.0176392
0 0.387924 0.642578 0.0468633 0.0605469 0.0170441
0 0.434787 0.874023 0.18485 0.251953 0.0167847
0 0.419817 0.243652 0.0911231 0.163086 0.0157776
0 0.415261 0.49707 0.136034 0.166016 0.0156708
0 0.742653 0.784668 0.24473 0.411133 0.0149536
0 0.316897 0.795898 0.34643 0.408203 0.0147324
0 0.406148 0.862305 0.173134 0.273438 0.014389
0 0.0224553 0.726562 0.0354729 0.158203 0.0131226
0 0.788865 0.676758 0.156211 0.210938 0.0129242
0 0.37393 0.851074 0.247985 0.297852 0.0127716
0 0.801883 0.813477 0.1484 0.222656 0.0124283
0 0.423071 0.285156 0.0963301 0.162109 0.0122375
0 0.099259 0.677246 0.180293 0.3125 0.012146
0 0.463751 0.891357 0.241476 0.217285 0.0120087
0 0.749813 0.659668 0.275973 0.661133 0.0100098
0 0.371001 0.479004 0.226506 0.426758 0.00978088
0 0.0797327 0.696289 0.149051 0.273438 0.00974274
0 0.475142 0.499512 0.838332 0.999023 0.869629
0 0.445527 0.527344 0.0715967 0.0976562 0.196167
0 0.45529 0.354736 0.570821 0.709473 0.0918579
0 0.471236 0.625488 0.761528 0.749023 0.0864868
0 0.803185 0.443359 0.0494668 0.0625 0.076416
0 0.183222 0.635742 0.0670405 0.0859375 0.0708008
0 0.438692 0.513672 0.0924248 0.136719 0.0455322
0 0.801232 0.429688 0.0598809 0.0839844 0.0403748
0 0.785611 0.776367 0.160116 0.376953 0.0394287
0 0.418515 0.278809 0.0885195 0.117188 0.0378113
0 0.302089 0.472168 0.303147 0.416992 0.033783
0 0.395084 0.450195 0.165323 0.256836 0.0336609
0 0.165323 0.68457 0.119762 0.269531 0.0325317
0 0.555525 0.128174 0.175086 0.254395 0.0313721
0 0.15556 0.750488 0.113904 0.173828 0.0310211
0 0.781055 0.829102 0.137986 0.257812 0.0303345
0 0.38532 0.350098 0.197867 0.390625 0.0296478
0 0.182083 0.619629 0.0611826 0.0947266 0.0293121
0 0.361156 0.33252 0.254005 0.516602 0.0288086
0 0.430231 0.498047 0.105442 0.179688 0.0275269
0 0.250588 0.450195 0.182897 0.40918 0.0246124
0 0.301357 0.339111 0.151004 0.51416 0.0240021
0 0.281912 0.403442 0.169066 0.429443 0.0230255
0 0.133105 0.601562 0.0820107 0.115234 0.0223694
0 0.33268 0.322754 0.176876 0.519531 0.0219116
0 0.345698 0.439941 0.271905 0.30957 0.0218201
0 0.786913 0.651367 0.166625 0.191406 0.0205994
0 0.116873 0.587891 0.0741188 0.111328 0.0201416
0 0.794723 0.42627 0.080709 0.09375 0.0199432
0 0.278576 0.393066 0.117809 0.354492 0.0197601
0 0.424373 0.289551 0.100235 0.191406 0.0193787
0 0.391178 0.648438 0.0520703 0.0683594 0.0191956
0 0.418515 0.249512 0.080709 0.153809 0.0191193
0 0.400291 0.250977 0.124969 0.241211 0.0175781
0 0.42242 0.32959 0.121063 0.197266 0.0174408
0 0.0201772 0.787109 0.037751 0.0839844 0.016922
0 0.618172 0.499023 0.578306 0.951172 0.0161591
0 0.561709 0.114258 0.17053 0.165527 0.0150146
0 0.254168 0.444336 0.143193 0.271484 0.0148392
0 0.329996 0.771484 0.393782 0.443359 0.014389
0 0.366119 0.256287 0.211536 0.488403 0.0139542
0 0.567566 0.161865 0.153607 0.255859 0.0138474
0 0.164347 0.749023 0.138637 0.257812 0.0120087
0 0.524934 0.13623 0.272718 0.272461 0.0115509
0 0.438692 0.326172 0.102839 0.139648 0.0110703
0 0.327067 0.249756 0.124318 0.422363 0.0109863
0 0.779753 0.580078 0.190057 0.449219 0.0106506
0 0.278902 0.740234 0.389226 0.509766 0.0106506
0 0.768037 0.632812 0.242127 0.710938 0.0106125
0 0.239849 0.474121 0.163371 0.319336 0.0105667
0 0.482301 0.539917 0.824013 0.91626 0.791992
0 0.466029 0.755859 0.769339 0.482422 0.0778198
0 0.323487 0.751953 0.462124 0.474609 0.0574951
0 0.434462 0.383911 0.57733 0.749756 0.0299835
0 0.359285 0.769043 0.344966 0.461914 0.0231476
0 0.388249 0.65332 0.600761 0.679688 0.0215302
0 0.562359 0.167236 0.179643 0.294434 0.0175781
0 0.324138 0.830566 0.380113 0.333008 0.0175781
0 0.403545 0.454102 0.153607 0.251953 0.0139008
0 0.319256 0.536255 0.324789 0.390381 0.0131683
0 0.182734 0.640625 0.0654133 0.0878906 0.0126724
0 0.38532 0.549805 0.190057 0.300781 0.0120087
0 0.389551 0.315186 0.188755 0.35498 0.011734
0 0.781055 0.765137 0.166625 0.381836 0.0111618
0 0.443249 0.535645 0.0676914 0.0888672 0.0107346
0 0.163208 0.688477 0.113578 0.255859 0.0106125
0 0.472538 0.484375 0.0416563 0.0820312 0.0104904
0 0.393782 0.275391 0.158164 0.254883 0.01017
0 0.419817 0.281006 0.108046 0.209473 0.00974274
0 0.302659 0.606934 0.323487 0.327148 0.00971222
0 0.370025 0.350342 0.249287 0.51123 0.00948334
0 0.0196891 0.787109 0.0393782 0.0966797 0.00891876
0 0.181433 0.617676 0.0654133 0.0996094 0.00888062
0 0.14238 0.689453 0.0960046 0.238281 0.008255
0 0.416563 0.327393 0.126271 0.179199 0.00800323
0 0.507686 0.334229 0.318931 0.537598 0.00800323
0 0.248961 0.557129 0.208932 0.245117 0.00775528
0 0.800581 0.443359 0.0442598 0.0585938 0.00763702
0 0.372303 0.266113 0.201772 0.329102 0.00746155
0 0.390527 0.645996 0.0676914 0.0839844 0.00706482
0 0.693837 0.953125 0.0820107 0.0742188 0.0068512
0 0.34822 0.601562 0.210234 0.230469 0.00656509
0 0.431533 0.331543 0.134081 0.207031 0.0064621
0 0.779102 0.809082 0.147099 0.293945 0.00643921
0 0.554467 0.623535 0.651042 0.739258 0.00636292
0 0.29558 0.569336 0.283621 0.251953 0.00634003
0 0.373605 0.602051 0.160116 0.198242 0.00624084
0 0.519076 0.209961 0.271417 0.419922 0.00619125
0 0.128549 0.605469 0.0709458 0.128906 0.00614548
0 0.805788 0.90625 0.0937266 0.101562 0.00588989
0 0.478071 0.400391 0.352125 0.379883 0.005867
0 0.0201772 0.73877 0.037751 0.147461 0.00572968
0 0.220648 0.575195 0.146448 0.1875 0.00559998
0 0.552596 0.224365 0.212187 0.336426 0.00551224
0 0.32666 0.673828 0.362051 0.392578 0.00538635
0 0.361563 0.633789 0.266209 0.287109 0.00538635
0 0.114717 0.589355 0.0621589 0.107422 0.00527954
0 0.132779 0.725098 0.075502 0.182617 0.00498199
0 0.25189 0.514771 0.234316 0.353271 0.00479126
0 0.199169 0.574219 0.101537 0.168945 0.00469971
0 0.473189 0.5 0.860462 1 0.637207
0 0.418841 0.361084 0.549993 0.722168 0.0168457
0 0.01855 0.791992 0.0361238 0.0957031 0.0110703
0 0.783658 0.760254 0.164021 0.375977 0.00572968
0 0.466029 0.657837 0.791469 0.684326 0.00564194
0 0.780404 0.807129 0.143193 0.290039 0.0050621
0 0.794072 0.833984 0.114555 0.248047 0.00418091
0 0.0234316 0.730469 0.0357983 0.199219 0.00390053
0 0.0187941 0.814453 0.0349847 0.0722656 0.00367928
0 0.182083 0.65918 0.214465 0.597656 0.00363541
0 0.684725 0.943359 0.109348 0.105469 0.00338936
0 0.669104 0.930664 0.137986 0.130859 0.00327301
0 0.34464 0.690918 0.522656 0.618164 0.00304031
0 0.186477 0.532227 0.246683 0.900391 0.00269318
0 0.528839 0.790527 0.457568 0.418945 0.00268364
0 0.272393 0.954102 0.069644 0.0839844 0.00259018
0 0.212512 0.705078 0.268813 0.527344 0.00256157
0 0.130664 0.693848 0.0715967 0.231445 0.00246239
0 0.676263 0.758789 0.397036 0.433594 0.00240517
0 0.39248 0.649414 0.0585791 0.078125 0.00235939
0 0.31112 0.500488 0.371652 0.456055 0.00226974
0 0.337806 0.761719 0.419166 0.476562 0.00221634
0 0.0294523 0.691895 0.0462124 0.250977 0.00213242
0 0.275973 0.723633 0.378812 0.542969 0.00212479
0 0.0575214 0.708008 0.103652 0.236328 0.00208282
0 0.736144 0.695312 0.28118 0.572266 0.00200272
0 0.366445 0.65918 0.230411 0.373047 0.00199509
0 0.412006 0.28418 0.075502 0.126953 0.00196457
0 0.350824 0.558594 0.200471 0.292969 0.00192642
0 0.293872 0.583984 0.383368 0.607422 0.00188923
0 0.705553 0.943359 0.0728984 0.0976562 0.00185299
0 0.608572 0.766113 0.545437 0.467773 0.00181007
0 0.435763 0.247803 0.46668 0.495605 0.00179577
0 0.445852 0.540039 0.0572773 0.0810547 0.00175476
0 0.218858 0.505981 0.329019 0.984131 0.00168133
0 0.6294 0.945312 0.0950283 0.105469 0.0016489
0 0.128223 0.744629 0.0631353 0.164062 0.00164223
0 0.13701 0.499023 0.27402 0.908203 0.00159168
0 0.0624844 0.664062 0.114555 0.282227 0.00157928
0 0.127572 0.595581 0.255145 0.517822 0.00154305
0 0.438042 0.946289 0.106744 0.107422 0.00153065
0 0.49239 0.480469 0.0748511 0.111328 0.00144386
0 0.114229 0.668945 0.0650879 0.185547 0.00144386
0 0.379137 0.579102 0.169229 0.238281 0.00142097
0 0.805788 0.444824 0.0468633 0.0615234 0.00139904
0 0.387192 0.316162 0.321697 0.486816 0.00135612
0 0.150028 0.693848 0.0989336 0.24707 0.00134087
0 0.54804 0.155212 0.18485 0.30188 0.00131989
0 0.129199 0.595215 0.0520703 0.0859375 0.00130939
0 0.114392 0.595703 0.0628098 0.119141 0.0012846
0 0.487508 0.495117 0.787564 0.990234 0.73877
0 0.565288 0.538086 0.625495 0.902344 0.289307
0 0.604667 0.640137 0.536324 0.717773 0.0545959
0 0.556176 0.115845 0.171181 0.19165 0.0239105
0 0.557803 0.158447 0.177039 0.277832 0.0205688
0 0.513543 0.701172 0.667802 0.582031 0.0133743
0 0.148726 0.723633 0.101537 0.169922 0.0116882
0 0.173622 0.595215 0.243754 0.56543 0.0112457
0 0.176103 0.679688 0.219916 0.400391 0.0112457
0 0.159791 0.687988 0.115856 0.264648 0.011116
0 0.378893 0.393799 0.625983 0.787598 0.0106506
0 0.103164 0.664062 0.14059 0.259766 0.00871277
0 0.125294 0.630859 0.0624844 0.176758 0.00812531
0 0.104303 0.59375 0.0865669 0.128906 0.00806427
0 0.317954 0.514526 0.325439 0.435791 0.00757599
0 0.169879 0.669922 0.0976318 0.22168 0.00728989
0 0.445527 0.527344 0.0683423 0.103516 0.00717545
0 0.788214 0.764648 0.175737 0.382812 0.00643921
0 0.387273 0.564941 0.196565 0.307617 0.00638962
0 0.0205027 0.790039 0.0361238 0.0800781 0.00624084
0 0.806439 0.444336 0.048165 0.0605469 0.00519943
0 0.286956 0.591797 0.27223 0.261719 0.00486755
0 0.552596 0.0855713 0.167927 0.154053 0.00468063
0 0.0759088 0.647949 0.131315 0.229492 0.00452042
0 0.076641 0.607422 0.136034 0.164062 0.00441742
0 0.0230248 0.731445 0.0299404 0.175781 0.00419998
0 0.78496 0.812012 0.149702 0.301758 0.00416565
0 0.419817 0.512695 0.130176 0.144531 0.0041008
0 0.391504 0.499512 0.178992 0.386719 0.00407028
0 0.611989 0.782227 0.517774 0.410156 0.00397491
0 0.413959 0.261719 0.0820107 0.154785 0.00390053
0 0.251809 0.560547 0.27223 0.296875 0.00367928
0 0.192986 0.457031 0.316978 0.869141 0.00365067
0 0.135708 0.75293 0.075502 0.123047 0.00363541
0 0.382717 0.542847 0.593602 0.902588 0.00351143
0 0.0273369 0.68457 0.0341711 0.230469 0.00348282
0 0.197867 0.572754 0.0833125 0.162109 0.00333786
0 0.329996 0.621094 0.174436 0.212891 0.00321007
0 0.801232 0.424805 0.0611826 0.0917969 0.00312424
0 0.275973 0.654297 0.356031 0.398438 0.00312424
0 0.415912 0.293457 0.0885195 0.139648 0.00311089
0 0.193962 0.59082 0.149051 0.207031 0.00299263
0 0.354729 0.604492 0.134081 0.197266 0.00299263
0 0.0349034 0.655273 0.0493041 0.21875 0.00283432
0 0.451059 0.507324 0.0924248 0.129883 0.00265312
0 0.578957 0.102783 0.149051 0.15332 0.00257111
0 0.224553 0.539551 0.1484 0.24707 0.00254059
0 0.791469 0.412109 0.0676914 0.104492 0.00250244
0 0.409403 0.369141 0.130176 0.251953 0.00237846
0 0.0642743 0.746094 0.115206 0.141602 0.00234222
0 0.496946 0.489258 0.809043 0.978516 0.966309
0 0.430231 0.691406 0.702949 0.615234 0.018692
0 0.177202 0.646484 0.260677 0.456055 0.0123825
0 0.0931164 0.622559 0.11968 0.194336 0.0100098
0 0.07957 0.650391 0.142217 0.257812 0.00989532
0 0.356112 0.71875 0.538765 0.539062 0.00989532
0 0.101212 0.591797 0.0937266 0.132812 0.00766754
0 0.565939 0.166565 0.163371 0.277222 0.00740433
0 0.0234316 0.69873 0.0292896 0.206055 0.00725937
0 0.0346593 0.678711 0.0497922 0.232422 0.00695801
0 0.126596 0.67627 0.0676914 0.233398 0.00624084
0 0.0517449 0.665039 0.0833125 0.240234 0.00547028
0 0.0213163 0.775879 0.0312422 0.102539 0.00544739
0 0.313073 0.0855713 0.0728984 0.157471 0.00540543
0 0.543809 0.149902 0.194613 0.294922 0.0051384
0 0.391829 0.65332 0.0468633 0.0615234 0.00471878
0 0.196077 0.445801 0.318605 0.847656 0.00453949
0 0.559756 0.128967 0.166625 0.212769 0.0042305
0 0.789516 0.758789 0.171832 0.378906 0.00416565
0 0.320558 0.498047 0.397687 0.521484 0.00383949
0 0.37092 0.628052 0.57554 0.743896 0.0037365
0 0.0792445 0.599609 0.136685 0.200195 0.00325966
0 0.78496 0.805176 0.156211 0.290039 0.00313568
0 0.228743 0.700195 0.313805 0.480469 0.00294685
0 0.126596 0.585938 0.0689932 0.123047 0.0028553
0 0.311771 0.118164 0.0833125 0.202637 0.00276756
0 0.372303 0.32373 0.188755 0.435547 0.00273705
0 0.122284 0.642578 0.244568 0.283203 0.00261116
0 0.488159 0.328125 0.330647 0.59375 0.00247192
0 0.148075 0.647461 0.10349 0.235352 0.0024147
0 0.516472 0.170898 0.250588 0.341797 0.00237846
0 0.805788 0.442871 0.0442598 0.0634766 0.00230598
0 0.311201 0.362793 0.32788 0.546875 0.00212479
0 0.30396 0.575317 0.310469 0.419678 0.00211525
0 0.347651 0.289062 0.254982 0.402344 0.00203514
0 0.406799 0.256348 0.0924248 0.178223 0.00202751
0 0.301276 0.577637 0.376371 0.649414 0.00200272
0 0.176063 0.59082 0.0904722 0.140625 0.00198746
0 0.324138 0.10144 0.104141 0.190674 0.00188923
0 0.349197 0.651367 0.162069 0.28125 0.00185299
0 0.058335 0.710938 0.0955165 0.207031 0.00174809
0 0.269138 0.958984 0.0709458 0.0722656 0.00166798
0 0.421688 0.32251 0.467494 0.64502 0.0016613
0 0.328694 0.753906 0.420468 0.488281 0.00163555
0 0.145471 0.697266 0.099259 0.238281 0.00158501
0 0.337155 0.151611 0.136685 0.274902 0.00156116
0 0.126271 0.753906 0.0572773 0.121094 0.00155449
0 0.446828 0.52832 0.0624844 0.0917969 0.00154877
0 0.676263 0.649536 0.397036 0.64624 0.00151253
0 0.305913 0.675293 0.426977 0.555664 0.00150681
0 0.48881 0.5 0.805788 1 0.875488
0 0.0201772 0.694336 0.0382391 0.273438 0.112427
0 0.0198925 0.742188 0.039785 0.178711 0.110107
0 0.0291268 0.671875 0.0493041 0.257812 0.0258026
0 0.0747697 0.669434 0.136196 0.277344 0.0201721
0 0.790167 0.788086 0.169229 0.347656 0.0118713
0 0.308842 0.509766 0.354078 0.470703 0.0107346
0 0.0781055 0.616211 0.137986 0.175781 0.0100555
0 0.514194 0.764648 0.723777 0.466797 0.00989532
0 0.435763 0.404541 0.708807 0.809082 0.00861359
0 0.0480023 0.70166 0.0943774 0.235352 0.00831604
0 0.555851 0.162109 0.183548 0.296875 0.00803375
0 0.0102513 0.667969 0.0205027 0.259766 0.00769424
0 0.0191602 0.777344 0.0383205 0.152344 0.00734711
0 0.360587 0.218689 0.213488 0.391724 0.00634003
0 0.789516 0.822754 0.139288 0.280273 0.00612259
0 0.415912 0.271973 0.0898213 0.163086 0.00564194
0 0.357251 0.325684 0.2501 0.512695 0.00564194
0 0.379462 0.350098 0.198518 0.387695 0.00557709
0 0.37035 0.24585 0.18485 0.257812 0.00542831
0 0.118785 0.687988 0.0650879 0.198242 0.00538635
0 0.327067 0.770996 0.380113 0.458008 0.00536346
0 0.313398 0.113281 0.0872178 0.18457 0.00534439
0 0.351556 0.789551 0.519239 0.40332 0.00526047
0 0.0366119 0.608398 0.0566265 0.193359 0.00494385
0 0.103002 0.59082 0.0833125 0.121094 0.00434875
0 0.31112 0.17041 0.106744 0.243164 0.00421524
0 0.0148482 0.685059 0.0296964 0.265625 0.00411606
0 0.388575 0.653809 0.048165 0.0683594 0.00405502
0 0.383693 0.505737 0.198518 0.406494 0.00376511
0 0.528839 0.244385 0.247985 0.35498 0.00356483
0 0.561058 0.11377 0.166625 0.178711 0.00340271
0 0.312096 0.258789 0.130827 0.28125 0.00327301
0 0.803836 0.442383 0.0494668 0.0654297 0.00313568
0 0.515822 0.179932 0.258399 0.353516 0.00301552
0 0.41819 0.245117 0.0833125 0.136719 0.0029583
0 0.300381 0.312012 0.134732 0.447266 0.00276756
0 0.395084 0.422852 0.166625 0.302734 0.00263214
0 0.44455 0.527832 0.0650879 0.09375 0.0026207
0 0.425675 0.282227 0.0839634 0.125 0.00255013
0 0.423397 0.498047 0.113904 0.161133 0.00252151
0 0.264908 0.754883 0.382717 0.466797 0.00248146
0 0.315676 0.566406 0.291594 0.332031 0.00236893
0 0.315025 0.0866699 0.0774546 0.153809 0.00235939
0 0.316327 0.835938 0.350173 0.328125 0.00216484
0 0.512893 0.321045 0.307215 0.490723 0.00215721
0 0.289072 0.346741 0.193799 0.499878 0.00214958
0 0.220038 0.71875 0.312341 0.474609 0.00201988
0 0.573099 0.602051 0.626796 0.795898 0.00194931
0 0.423722 0.326172 0.101537 0.146484 0.00193405
0 0.481976 0.499023 0.801232 0.998047 0.600098
0 0.0193636 0.732422 0.0384019 0.208984 0.148071
0 0.0205027 0.69043 0.0357983 0.287109 0.127197
0 0.0288014 0.679688 0.0468633 0.275391 0.0441895
0 0.791469 0.767578 0.166625 0.373047 0.0219879
0 0.129525 0.71582 0.0728984 0.1875 0.0175781
0 0.10951 0.59082 0.0771292 0.117188 0.0172424
0 0.389226 0.649414 0.0455615 0.0625 0.0172424
0 0.180293 0.635742 0.069644 0.0810547 0.0167847
0 0.018306 0.767578 0.0357983 0.170898 0.0161591
0 0.0763156 0.675293 0.138312 0.299805 0.0157776
0 0.092913 0.628906 0.11846 0.185547 0.0157776
0 0.434787 0.400391 0.721174 0.794922 0.0135345
0 0.136847 0.762695 0.0790818 0.117188 0.0124283
0 0.15735 0.719727 0.116182 0.205078 0.0120544
0 0.0535348 0.668945 0.0986082 0.292969 0.0108185
0 0.441621 0.524414 0.0709458 0.0976562 0.00955963
0 0.3518 0.558594 0.145797 0.259766 0.00861359
0 0.40745 0.277832 0.0715967 0.0673828 0.00806427
0 0.162394 0.663086 0.101537 0.1875 0.00734711
0 0.0140753 0.666016 0.0281505 0.283203 0.00717545
0 0.788214 0.80957 0.137986 0.302734 0.0069313
0 0.151329 0.746094 0.102188 0.166016 0.0069046
0 0.0374255 0.629395 0.0553247 0.235352 0.00656509
0 0.433485 0.515625 0.0937266 0.123047 0.00579834
0 0.123992 0.591797 0.054023 0.0957031 0.00577545
0 0.801883 0.441406 0.0468633 0.0644531 0.00570679
0 0.417213 0.5625 0.130176 0.227539 0.00536346
0 0.405498 0.369873 0.130827 0.193848 0.00526047
0 0.278576 0.514771 0.278576 0.409912 0.00521851
0 0.180944 0.618164 0.064437 0.0859375 0.00521851
0 0.42177 0.232178 0.0572773 0.0888672 0.0051384
0 0.34822 0.586914 0.0715967 0.117188 0.00479126
0 0.574075 0.143311 0.141892 0.220703 0.00446701
0 0.412006 0.237061 0.0820107 0.144043 0.00443268
0 0.295418 0.576172 0.19803 0.21875 0.00432968
0 0.149987 0.693359 0.211617 0.359375 0.00421524
0 0.423722 0.2854 0.0846143 0.115234 0.00416565
0 0.400941 0.457031 0.153607 0.28418 0.00411606
0 0.360668 0.322998 0.260189 0.527832 0.00395966
0 0.376533 0.491089 0.19982 0.371338 0.00392914
0 0.0803835 0.597656 0.13343 0.176758 0.00388527
0 0.571472 0.107422 0.143193 0.153809 0.00307465
0 0.38532 0.621094 0.0768037 0.121094 0.00304031
0 0.396385 0.430664 0.137335 0.208008 0.00300407
0 0.424373 0.335205 0.0989336 0.130371 0.00279045
0 0.463751 0.28418 0.0728984 0.102539 0.0026722
0 0.347244 0.799805 0.311771 0.392578 0.00245285
0 0.305262 0.456055 0.309168 0.513672 0.00239754
0 0.364492 0.290283 0.190057 0.397949 0.002388
0 0.472864 0.498535 0.802534 0.99707 0.810059
0 0.0196891 0.765137 0.0393782 0.146484 0.20813
0 0.0208281 0.71582 0.0371001 0.240234 0.167725
0 0.0273369 0.694336 0.0442598 0.283203 0.117554
0 0.0532094 0.683594 0.0960046 0.286133 0.0618896
0 0.0814412 0.671875 0.149539 0.291016 0.0382385
0 0.081848 0.625 0.138963 0.185547 0.0357361
0 0.0890077 0.594727 0.12204 0.128906 0.0314331
0 0.0183873 0.789062 0.0367747 0.121094 0.0201416
0 0.124318 0.710938 0.0621589 0.180664 0.0164642
0 0.390527 0.652832 0.048165 0.0673828 0.0116425
0 0.572123 0.121216 0.141892 0.18335 0.00941467
0 0.41461 0.282227 0.0846143 0.116211 0.00919342
0 0.0589859 0.618652 0.0994218 0.206055 0.00751877
0 0.3518 0.515625 0.263606 0.417969 0.00706482
0 0.35416 0.308594 0.269301 0.527344 0.00669098
0 0.123016 0.591797 0.0553247 0.101562 0.00666809
0 0.0571146 0.717773 0.109673 0.220703 0.00664139
0 0.128549 0.761719 0.0602063 0.121094 0.00664139
0 0.402243 0.342773 0.142542 0.206055 0.0064621
0 0.373279 0.241455 0.172483 0.22998 0.00619125
0 0.15198 0.706543 0.108046 0.203125 0.00609589
0 0.557478 0.15094 0.173785 0.277222 0.00600433
0 0.803836 0.44043 0.0494668 0.0673828 0.00564194
0 0.346918 0.600586 0.0820107 0.15625 0.00540543
0 0.171507 0.644531 0.096981 0.126953 0.00534439
0 0.793421 0.769043 0.17053 0.37793 0.00521851
0 0.355949 0.269287 0.230574 0.422363 0.00519943
0 0.104792 0.672852 0.209583 0.307617 0.00518036
0 0.287363 0.59082 0.261653 0.293945 0.00492477
0 0.158814 0.675781 0.273369 0.390625 0.00484848
0 0.442272 0.529297 0.0702949 0.0996094 0.00482941
0 0.149702 0.645508 0.0937266 0.173828 0.00475693
0 0.18127 0.60791 0.085916 0.117188 0.00446701
0 0.42242 0.40625 0.669104 0.8125 0.00441742
0 0.426326 0.515625 0.107395 0.132812 0.00438309
0 0.399965 0.559082 0.16272 0.258789 0.00419998
0 0.570821 0.188477 0.14059 0.246582 0.00388527
0 0.397687 0.467651 0.160116 0.273682 0.00380898
0 0.387273 0.613281 0.0937266 0.146484 0.00369263
0 0.41461 0.247559 0.0846143 0.131836 0.00355148
0 0.792771 0.662109 0.156211 0.146484 0.00351143
0 0.787564 0.817383 0.151004 0.291016 0.00317192
0 0.568217 0.0932617 0.143193 0.147461 0.00311089
0 0.171344 0.475586 0.316653 0.839844 0.00304031
0 0.29615 0.5 0.330647 0.462891 0.00302696
0 0.350092 0.727051 0.27223 0.424805 0.00283432
0 0.146122 0.733887 0.0937266 0.193359 0.00279045
0 0.314049 0.668457 0.164672 0.280273 0.00277901
0 0.0150516 0.673828 0.0301032 0.253906 0.00276756
0 0.4631 0.490234 0.850699 0.980469 0.811035
0 0.0200145 0.703125 0.0335203 0.267578 0.135254
0 0.0187941 0.746094 0.0374255 0.179688 0.131592
0 0.56659 0.147461 0.156862 0.246094 0.0512695
0 0.566265 0.107788 0.152306 0.160889 0.0458679
0 0.0280692 0.680176 0.0421444 0.266602 0.0400085
0 0.111463 0.588867 0.0764783 0.111328 0.0218201
0 0.802534 0.44043 0.0494668 0.0644531 0.0173035
0 0.0820107 0.603516 0.146773 0.146484 0.0164032
0 0.414284 0.283203 0.0878687 0.109863 0.0134277
0 0.129525 0.720703 0.0706204 0.164062 0.0103302
0 0.402894 0.3479 0.132128 0.17041 0.0100937
0 0.442598 0.52832 0.0702949 0.0957031 0.00948334
0 0.0982827 0.622559 0.110649 0.165039 0.00941467
0 0.387273 0.652344 0.0455615 0.0634766 0.00941467
0 0.389226 0.23877 0.14059 0.207031 0.00933838
0 0.0172483 0.777344 0.0341711 0.146484 0.00912476
0 0.0765596 0.65625 0.137173 0.255859 0.00898743
0 0.363841 0.287048 0.241476 0.42981 0.00894928
0 0.187453 0.599609 0.108046 0.128906 0.00874329
0 0.217719 0.52832 0.192009 0.304688 0.0086441
0 0.795374 0.761719 0.171832 0.357422 0.00844574
0 0.416563 0.515625 0.130176 0.130859 0.00812531
0 0.360587 0.220703 0.199169 0.324219 0.00809479
0 0.382717 0.5 0.200471 0.401367 0.0078125
0 0.282807 0.567383 0.305262 0.378906 0.00728989
0 0.401267 0.51123 0.160767 0.243164 0.00723267
0 0.200796 0.560547 0.161418 0.244141 0.00712204
0 0.540229 0.21875 0.222601 0.34082 0.0068512
0 0.398989 0.450195 0.157513 0.270508 0.0068512
0 0.799279 0.421875 0.0546738 0.0957031 0.00677109
0 0.522981 0.16626 0.261002 0.32959 0.00624084
0 0.0119599 0.650391 0.0239198 0.341797 0.00614548
0 0.12204 0.587891 0.0553247 0.0957031 0.00609589
0 0.266779 0.610352 0.356844 0.439453 0.00609589
0 0.410054 0.24585 0.0911231 0.134277 0.00542831
0 0.132454 0.756836 0.0702949 0.130859 0.00526047
0 0.154909 0.703125 0.121063 0.229492 0.00521851
0 0.355705 0.593262 0.10349 0.186523 0.00511932
0 0.562359 0.21344 0.161418 0.241089 0.00502014
0 0.421119 0.329834 0.10349 0.13623 0.00482941
0 0.0407613 0.606934 0.0602063 0.186523 0.00475693
0 0.581235 0.262695 0.117158 0.124023 0.00466537
0 0.794072 0.666016 0.161418 0.154297 0.0046463
0 0.204701 0.558594 0.107395 0.169922 0.00439835
0 0.797978 0.426758 0.0742002 0.0917969 0.00436401
0 0.301438 0.506836 0.343501 0.447266 0.00434875
0 0.167601 0.651855 0.109348 0.1875 0.00429916
0 0.549016 0.0830078 0.152957 0.136719 0.00421524
0 0.31828 0.183838 0.105442 0.223633 0.00416565
0 0.497922 0.492188 0.844841 0.984375 0.834473
0 0.0196077 0.738281 0.0379137 0.197266 0.167725
0 0.0196891 0.695801 0.0351475 0.28125 0.140869
0 0.0281505 0.682617 0.0452361 0.28125 0.0446777
0 0.0811972 0.607422 0.151329 0.160156 0.0162811
0 0.07957 0.672852 0.148726 0.294922 0.0162811
0 0.0180619 0.772461 0.0344966 0.158203 0.0135345
0 0.102351 0.589844 0.0943774 0.119141 0.0114212
0 0.571146 0.136963 0.143844 0.211914 0.0104904
0 0.794072 0.771484 0.166625 0.376953 0.00945282
0 0.12562 0.699219 0.0657388 0.216797 0.00941467
0 0.0891297 0.625 0.121796 0.181641 0.00905609
0 0.316002 0.515747 0.34822 0.480225 0.00854492
0 0.571797 0.101685 0.138637 0.145264 0.00847626
0 0.803185 0.44043 0.0494668 0.0683594 0.00793457
0 0.786262 0.808594 0.144495 0.302734 0.00728989
0 0.0144007 0.667969 0.0288014 0.316406 0.00723267
0 0.569194 0.175781 0.150353 0.271973 0.00631332
0 0.231062 0.514526 0.26686 0.44751 0.00547028
0 0.403545 0.343262 0.127572 0.173828 0.00503922
0 0.0431207 0.616211 0.067366 0.203125 0.00496292
0 0.360261 0.285889 0.240174 0.437988 0.00488663
0 0.412332 0.292969 0.0878687 0.131836 0.00469971
0 0.12985 0.752441 0.064437 0.140625 0.00455475
0 0.0567892 0.700195 0.112927 0.259766 0.00432968
0 0.388575 0.5 0.190057 0.402344 0.00426483
0 0.530792 0.216797 0.233666 0.367188 0.00399017
0 0.193799 0.552612 0.183222 0.355713 0.00353813
0 0.396385 0.456055 0.161418 0.302734 0.00349617
0 0.443574 0.52832 0.0663897 0.0947266 0.00345612
0 0.183873 0.595703 0.114555 0.132812 0.00342941
0 0.804486 0.867188 0.0989336 0.179688 0.00337601
0 0.410054 0.498047 0.14059 0.162109 0.00327301
0 0.34822 0.553711 0.202423 0.378906 0.00324821
0 0.357658 0.220154 0.194613 0.325317 0.00309944
0 0.221136 0.466675 0.196891 0.381104 0.003088
0 0.383368 0.246094 0.1484 0.222656 0.00296974
0 0.122365 0.589355 0.056301 0.100586 0.00293541
0 0.79212 0.662109 0.153607 0.148438 0.00290108
0 0.149214 0.69873 0.106419 0.235352 0.00274658
0 0.79993 0.417969 0.0572773 0.103516 0.00265312
0 0.390527 0.651367 0.0494668 0.0703125 0.0026207
0 0.402243 0.424316 0.14059 0.238281 0.0024929
0 0.797327 0.422729 0.0768037 0.0998535 0.00245285
0 0.506058 0.305176 0.316978 0.554688 0.002388
0 0.258399 0.594604 0.336504 0.496338 0.00237846
0 0.420468 0.32959 0.102839 0.136719 0.00233269
0 0.455615 0.288574 0.117158 0.148438 0.00228691
0 0.580584 0.259277 0.117158 0.139648 0.00217438
0 0.448781 0.318115 0.107395 0.187012 0.00212479
0 0.492715 0.496094 0.824013 0.992188 0.911621
0 0.0196891 0.738281 0.0379137 0.195312 0.223999
0 0.0198518 0.698242 0.0341711 0.275391 0.196777
0 0.0278251 0.683594 0.0436089 0.279297 0.0675659
0 0.0776987 0.67334 0.143356 0.297852 0.0196075
0 0.0811158 0.626465 0.149214 0.195312 0.019455
0 0.803185 0.44043 0.0494668 0.0664062 0.0164032
0 0.0188755 0.767578 0.0351475 0.169922 0.0151901
0 0.105768 0.59082 0.085916 0.120117 0.0146179
0 0.12562 0.702637 0.0618335 0.212891 0.0114212
0 0.013343 0.665039 0.026686 0.316406 0.0109863
0 0.79993 0.418457 0.0572773 0.100586 0.00664139
0 0.313642 0.499512 0.385483 0.545898 0.00605011
0 0.353427 0.288818 0.272067 0.498535 0.005867
0 0.0402731 0.613281 0.0600436 0.195312 0.005867
0 0.410379 0.27417 0.0728984 0.0893555 0.00521851
0 0.574075 0.146423 0.139288 0.224731 0.00486755
0 0.390853 0.653809 0.048165 0.0625 0.00457382
0 0.055162 0.700195 0.109022 0.256836 0.00453949
0 0.576353 0.105835 0.132128 0.148193 0.00419998
0 0.394107 0.322754 0.151004 0.253906 0.00403976
0 0.129362 0.75293 0.0615081 0.137695 0.00403976
0 0.342362 0.234314 0.205027 0.403442 0.00385475
0 0.0806276 0.59375 0.138149 0.15625 0.00365067
0 0.231387 0.508789 0.264908 0.454102 0.00338936
0 0.310795 0.0888672 0.0715967 0.149414 0.00291252
0 0.188104 0.596191 0.117809 0.139648 0.00277901
0 0.795374 0.771484 0.17053 0.375 0.00275803
0 0.31112 0.115234 0.0781055 0.187988 0.0024929
0 0.122853 0.589844 0.0546738 0.101562 0.00242424
0 0.148238 0.700195 0.101863 0.237305 0.00231361
0 0.195264 0.54895 0.188755 0.394287 0.00229645
0 0.30754 0.156006 0.0982827 0.237305 0.00228691
0 0.227157 0.462036 0.205027 0.394287 0.00217438
0 0.524283 0.234924 0.259701 0.440308 0.00216484
0 0.42242 0.274902 0.0787564 0.0961914 0.00208282
0 0.543809 0.162048 0.208932 0.308716 0.0020504
0 0.397036 0.236572 0.113253 0.184082 0.00203514
0 0.198518 0.562012 0.123667 0.168945 0.0018177
0 0.816202 0.891602 0.0781055 0.128906 0.00170708
0 0.286468 0.251221 0.143031 0.372559 0.00168705
0 0.342037 0.47998 0.288339 0.442383 0.00168705
0 0.794072 0.3927 0.075502 0.150146 0.00165462
0 0.48881 0.262451 0.179643 0.17627 0.00154877
0 0.445852 0.53125 0.0624844 0.0878906 0.00153065
0 0.554549 0.125244 0.178341 0.218262 0.00144386
0 0.580909 0.243164 0.123016 0.174805 0.00139904
0 0.508011 0.313416 0.271417 0.449341 0.00133514
0 0.513869 0.312988 0.339108 0.625977 0.00131989
0 0.390527 0.499512 0.188755 0.395508 0.00128937
0 0.492715 0.496094 0.824013 0.992188 0.911133
0 0.0196891 0.738281 0.037751 0.195312 0.224731
0 0.0198518 0.698242 0.0341711 0.275391 0.197388
0 0.0278251 0.683594 0.0436089 0.279297 0.0682983
0 0.0776987 0.67334 0.143356 0.297852 0.0198669
0 0.0811158 0.625977 0.149214 0.195312 0.0196838
0 0.803185 0.44043 0.0494668 0.0664062 0.0164032
0 0.0188755 0.767578 0.0351475 0.169922 0.0153046
0 0.105727 0.59082 0.0859974 0.120117 0.0147858
0 0.125457 0.702637 0.0621589 0.212891 0.0115051
0 0.0133837 0.665039 0.0267674 0.316406 0.0110703
0 0.79993 0.418457 0.0572773 0.100586 0.00664139
0 0.313642 0.499512 0.385483 0.545898 0.00600433
0 0.0401918 0.613281 0.0598809 0.195312 0.00595856
0 0.353427 0.288635 0.272067 0.498901 0.005867
0 0.410379 0.274414 0.0728984 0.0888672 0.00524139
0 0.574075 0.146057 0.139288 0.224487 0.00486755
0 0.390853 0.654297 0.048165 0.0625 0.00457382
0 0.055162 0.700195 0.109022 0.257812 0.00457382
0 0.576679 0.105713 0.131478 0.147949 0.00418091
0 0.129525 0.75293 0.0618335 0.137695 0.00407028
0 0.393782 0.323242 0.151004 0.25293 0.00405502
0 0.342688 0.234314 0.205027 0.403442 0.00385475
0 0.080709 0.59375 0.137986 0.15625 0.00367928
0 0.231225 0.508667 0.263931 0.453369 0.00337601
0 0.31112 0.0888672 0.0715967 0.149414 0.00290108
0 0.188104 0.59668 0.117809 0.138672 0.00279999
0 0.795374 0.771484 0.17053 0.375 0.00277901
0 0.31112 0.115234 0.0781055 0.187988 0.0024929
0 0.122691 0.589844 0.0546738 0.101562 0.00245285
0 0.148238 0.700195 0.101863 0.237305 0.00232315
0 0.195264 0.549316 0.188755 0.392578 0.00230598
0 0.307866 0.156006 0.0976318 0.236816 0.00228691
0 0.524283 0.234924 0.259701 0.440308 0.00216484
0 0.227157 0.462036 0.204376 0.394287 0.00216484
0 0.42242 0.275146 0.0781055 0.0961914 0.00208282
0 0.543809 0.162354 0.208932 0.308594 0.0020504
0 0.397036 0.236572 0.113253 0.184082 0.00203514
0 0.198844 0.5625 0.123667 0.168945 0.0018177
0 0.816202 0.891602 0.0781055 0.128906 0.00171375
0 0.286468 0.251038 0.143031 0.371948 0.00168705
0 0.342932 0.480469 0.286549 0.44043 0.00168133
0 0.794072 0.3927 0.075502 0.150146 0.00165462
0 0.48881 0.262451 0.179643 0.175781 0.00155449
0 0.445852 0.53125 0.0624844 0.0878906 0.00154305
0 0.554549 0.125244 0.178341 0.217773 0.00143814
0 0.580909 0.243408 0.123016 0.174316 0.00139427
0 0.508011 0.313232 0.271417 0.449707 0.00134087
0 0.513869 0.3125 0.339108 0.625 0.00131989
0 0.390853 0.5 0.188104 0.394531 0.00129414
