0 0.309086 0.695312 0.398501 0.474609 0.500977
0 0.38109 0.587891 0.557803 0.671875 0.262207
0 0.37751 0.696289 0.542833 0.441406 0.161377
0 0.410379 0.508301 0.734842 0.983398 0.0216217
0 0.539053 0.540039 0.921895 0.919922 0.012825
0 0.504757 0.634277 0.300055 0.446289 0.0126724
0 0.453663 0.730469 0.37751 0.380859 0.0107346
0 0.545437 0.500977 0.887799 0.998047 0.00974274
0 0.549467 0.568359 0.901066 0.863281 0.00952148
0 0.622365 0.510742 0.75527 0.978516 0.00871277
0 0.5 0.5 1 1 0.00867462
0 0.326741 0.602539 0.326741 0.320312 0.00818634
0 0.344884 0.601562 0.268325 0.242188 0.00731659
0 0.900816 0.327881 0.190057 0.427246 0.00666809
0 0.5 0.5 1 1 0.00656509
0 0.5 0.5 1 1 0.00653839
0 0.260352 0.562012 0.351475 0.711914 0.00616837
0 0.5 0.5 1 1 0.00570679
0 0.502479 0.5 0.976318 1 0.00570679
0 0.643844 0.5 0.712312 1 0.00516129
0 0.385646 0.918213 0.0956792 0.097168 0.00486755
0 0.876208 0.466309 0.247584 0.576172 0.0045929
0 0.5 0.53418 1 0.931641 0.00419998
0 0.5 0.5 1 1 0.00416565
0 0.282156 0.737305 0.332599 0.412109 0.00365067
0 0.5 0.5 1 1 0.00362206
0 0.5 0.5 1 1 0.00333786
0 0.458544 0.521484 0.404196 0.673828 0.00328636
0 0.172157 0.892822 0.0826616 0.0893555 0.00307465
0 0.448456 0.726074 0.25905 0.454102 0.0029583
0 0.425105 0.5625 0.448944 0.521484 0.00288963
0 0.87751 0.506348 0.24498 0.739258 0.0028553
0 0.553573 0.758789 0.379462 0.361328 0.00257111
0 0.540229 0.674805 0.23692 0.433594 0.0024147
0 0.405823 0.744141 0.198518 0.443359 0.00235939
0 0.865794 0.585815 0.268412 0.814697 0.00233269
0 0.559105 0.723633 0.208281 0.349609 0.00216484
0 0.510289 0.722168 0.31112 0.46582 0.00215721
0 0.944425 0.322998 0.108046 0.403809 0.00190449
0 0.869699 0.569214 0.260602 0.861572 0.00149536
0 0.308517 0.610352 0.372954 0.443359 0.00146675
0 0.213814 0.869141 0.181595 0.128906 0.00137806
0 0.372628 0.784668 0.517449 0.430664 0.00136662
0 0.312096 0.794434 0.374906 0.389648 0.00130939
0 0.237896 0.780273 0.253843 0.326172 0.00130463
0 0.956792 0.347656 0.075502 0.371094 0.00129414
0 0.0414935 0.633301 0.0758274 0.119141 0.00124931
0 0.0557315 0.546875 0.101049 0.253906 0.00117874
0 0.17232 0.868652 0.131152 0.120117 0.00103188
0 0.294523 0.732422 0.356031 0.419922 0.620605
0 0.378486 0.71875 0.521354 0.443359 0.44458
0 0.356031 0.711914 0.272067 0.404297 0.148071
0 0.376859 0.917969 0.0715967 0.078125 0.0678101
0 0.422502 0.58252 0.44634 0.674805 0.0466309
0 0.391178 0.66748 0.177039 0.299805 0.0427246
0 0.779753 0.863281 0.0885195 0.0878906 0.0357361
0 0.524934 0.695312 0.246683 0.339844 0.0309143
0 0.553898 0.722168 0.19266 0.301758 0.0285492
0 0.605317 0.734863 0.0820107 0.196289 0.0225372
0 0.573424 0.739746 0.151004 0.282227 0.0224152
0 0.18127 0.88501 0.0748511 0.101074 0.0205231
0 0.345942 0.765625 0.236269 0.375 0.0203705
0 0.143682 0.845703 0.0885195 0.140625 0.0172424
0 0.358634 0.600586 0.105442 0.171875 0.0143356
0 0.1663 0.777344 0.130176 0.308594 0.0136337
0 0.413308 0.723633 0.130827 0.251953 0.012825
0 0.422095 0.665039 0.126921 0.259766 0.0126266
0 0.494668 0.47998 0.78496 0.959961 0.0124283
0 0.595554 0.71582 0.100235 0.253906 0.00941467
0 0.396385 0.785156 0.160116 0.300781 0.00831604
0 0.119924 0.831055 0.0475142 0.0976562 0.00812531
0 0.469935 0.505859 0.404847 0.839844 0.00757599
0 0.378812 0.601562 0.11846 0.169922 0.00728989
0 0.489461 0.491211 0.978922 0.982422 0.00709534
0 0.516147 0.470703 0.743304 0.941406 0.00695801
0 0.32967 0.612305 0.110649 0.1875 0.0069046
0 0.598646 0.745117 0.120087 0.275391 0.00626373
0 0.24831 0.740723 0.293546 0.379883 0.00626373
0 0.459846 0.671875 0.428929 0.486328 0.00605011
0 0.0353102 0.633789 0.0670405 0.0996094 0.00577545
0 0.5 0.5 1 1 0.00566483
0 0.973064 0.470215 0.0468633 0.0849609 0.00519943
0 0.375557 0.63269 0.630051 0.56665 0.00492477
0 0.5 0.5 1 1 0.00455475
0 0.313398 0.666504 0.412657 0.588867 0.00446701
0 0.475142 0.5 0.749813 1 0.00445175
0 0.476118 0.5 0.952236 1 0.00411606
0 0.410379 0.5 0.724428 1 0.00399017
0 0.203888 0.760742 0.206654 0.333984 0.0037365
0 0.650353 0.5 0.699294 1 0.00366402
0 0.378812 0.5 0.744605 1 0.00365067
0 0.535147 0.5 0.929705 1 0.00353813
0 0.5 0.5 1 1 0.00333786
0 0.421119 0.619141 0.111951 0.193359 0.00329781
0 0.211536 0.716797 0.423071 0.566406 0.00317192
0 0.874255 0.857178 0.251489 0.285645 0.00307465
0 0.611175 0.73877 0.100235 0.239258 0.00305176
0 0.5 0.5 1 1 0.00305176
0 0.591611 0.5 0.816778 1 0.00302696
0 0.376208 0.614258 0.550644 0.667969 0.87207
0 0.288339 0.628418 0.426977 0.62207 0.661133
0 0.884019 0.297607 0.231963 0.35498 0.474609
0 0.472538 0.679199 0.369699 0.40332 0.189575
0 0.413389 0.688477 0.485393 0.480469 0.145874
0 0.3566 0.710938 0.428441 0.410156 0.0651245
0 0.356682 0.300781 0.205678 0.374023 0.0432129
0 0.400372 0.288513 0.312259 0.385864 0.0420227
0 0.244893 0.603027 0.317303 0.557617 0.0339661
0 0.779753 0.861328 0.080709 0.0761719 0.0240021
0 0.309737 0.716797 0.402406 0.478516 0.0194244
0 0.0450734 0.611328 0.0885195 0.125 0.016098
0 0.382066 0.921875 0.0676914 0.078125 0.0157776
0 0.371977 0.911133 0.0735493 0.0898438 0.0156708
0 0.359611 0.203369 0.180293 0.191895 0.0155411
0 0.971887 0.464355 0.0562256 0.0966797 0.0136871
0 0.372872 0.541504 0.648438 0.78418 0.0127716
0 0.792771 0.865234 0.0728984 0.0664062 0.0122375
0 0.350173 0.560059 0.700346 0.879883 0.011116
0 0.559105 0.54541 0.576679 0.90918 0.0104904
0 0.199494 0.68457 0.235618 0.453125 0.00933838
0 0.134081 0.443848 0.261002 0.467773 0.0086441
0 0.349603 0.430542 0.202912 0.273682 0.00775528
0 0.222601 0.583984 0.246683 0.375977 0.00709534
0 0.375232 0.447144 0.253192 0.318604 0.0068512
0 0.40387 0.608398 0.266209 0.185547 0.00669098
0 0.30331 0.890869 0.075502 0.112793 0.00669098
0 0.41404 0.447754 0.357821 0.44043 0.00638962
0 0.170856 0.679199 0.243429 0.373047 0.00634003
0 0.117321 0.496216 0.22553 0.361084 0.00614548
0 0.450408 0.628906 0.309818 0.224609 0.00609589
0 0.337806 0.77002 0.675612 0.459961 0.00609589
0 0.728984 0.362061 0.0624844 0.0834961 0.00559998
0 0.839759 0.300049 0.320482 0.394043 0.00559998
0 0.434136 0.311523 0.249938 0.313477 0.00521851
0 0.782156 0.274902 0.435688 0.413086 0.00475693
0 0.328694 0.702148 0.574075 0.595703 0.00448608
0 0.404847 0.55957 0.282481 0.232422 0.00436401
0 0.339759 0.36084 0.188104 0.273438 0.00395966
0 0.356356 0.547852 0.176388 0.216797 0.00380898
0 0.183182 0.723145 0.202505 0.323242 0.00353813
0 0.236594 0.728516 0.309168 0.412109 0.00351143
0 0.911231 0.291992 0.177039 0.408203 0.00323486
0 0.289967 0.506714 0.301357 0.330322 0.00323486
0 0.513543 0.555176 0.869574 0.889648 0.00318527
0 0.872303 0.24707 0.255395 0.494141 0.00275803
0 0.449106 0.449219 0.260352 0.392578 0.00274658
0 0.951585 0.316895 0.0963301 0.34668 0.00271416
0 0.106093 0.576172 0.205027 0.259766 0.00270462
0 0.911231 0.395386 0.166625 0.232666 0.00257111
0 0.382798 0.678711 0.536162 0.501953 0.709961
0 0.368967 0.708984 0.364655 0.478516 0.660156
0 0.515822 0.65332 0.300055 0.451172 0.518555
0 0.300137 0.675781 0.363028 0.496094 0.476562
0 0.893006 0.311768 0.208281 0.369629 0.237183
0 0.269138 0.723633 0.331297 0.417969 0.209473
0 0.468307 0.674805 0.333901 0.458984 0.171021
0 0.42242 0.732422 0.28899 0.472656 0.0994873
0 0.581886 0.71875 0.16272 0.328125 0.0445251
0 0.561058 0.690918 0.218695 0.395508 0.0426331
0 0.211048 0.722168 0.224879 0.420898 0.0402527
0 0.419817 0.765625 0.231713 0.398438 0.0380249
0 0.469284 0.640625 0.446503 0.515625 0.0360107
0 0.92177 0.302246 0.156461 0.345703 0.0326538
0 0.0898213 0.277832 0.179643 0.555664 0.0324097
0 0.508662 0.662109 0.212837 0.421875 0.0313721
0 0.112765 0.422363 0.219021 0.539062 0.0303802
0 0.125131 0.356934 0.250263 0.713867 0.0295868
0 0.249612 0.654297 0.270115 0.5625 0.0257568
0 0.341142 0.600098 0.477582 0.688477 0.0231934
0 0.210397 0.646973 0.202749 0.629883 0.0227661
0 0.378812 0.8125 0.0924248 0.306641 0.0225372
0 0.605317 0.620605 0.191358 0.541992 0.0200195
0 0.553898 0.758789 0.26686 0.464844 0.0200195
0 0.153119 0.489258 0.279552 0.537109 0.0192413
0 0.378242 0.695801 0.599948 0.608398 0.0189819
0 0.617684 0.709473 0.127572 0.370117 0.0186157
0 0.426977 0.645508 0.31112 0.521484 0.0178528
0 0.578306 0.753906 0.201122 0.326172 0.0173035
0 0.0770478 0.163086 0.154096 0.326172 0.016922
0 0.460171 0.48938 0.242127 0.2771 0.0164032
0 0.191358 0.380371 0.382717 0.760742 0.0158997
0 0.657225 0.66748 0.435113 0.438477 0.0149536
0 0.0484091 0.622559 0.0964928 0.166016 0.014389
0 0.163533 0.738281 0.176714 0.457031 0.0140076
0 0.0687491 0.513184 0.132942 0.368164 0.0132751
0 0.0558129 0.255859 0.111626 0.511719 0.0131226
0 0.147099 0.697266 0.253843 0.503906 0.0131226
0 0.0541043 0.555664 0.101374 0.279297 0.01297
0 0.0582537 0.150757 0.116507 0.301514 0.012825
0 0.674311 0.637695 0.270766 0.539062 0.012825
0 0.0703763 0.675293 0.140753 0.561523 0.0126724
0 0.613779 0.635742 0.623542 0.513672 0.0126724
0 0.115206 0.636719 0.218044 0.625 0.0123367
0 0.082743 0.447266 0.161906 0.510742 0.0110703
0 0.173459 0.785645 0.156211 0.295898 0.0108185
0 0.372628 0.761719 0.219346 0.396484 0.0105286
0 0.54088 0.546753 0.475142 0.773682 0.0105286
0 0.466029 0.405273 0.212187 0.40918 0.01017
0 0.391504 0.46582 0.132128 0.231445 0.01017
0 0.300706 0.711914 0.408752 0.435547 0.724121
0 0.34041 0.698242 0.522005 0.496094 0.661133
0 0.364492 0.556641 0.568868 0.757812 0.34082
0 0.482301 0.665039 0.30331 0.417969 0.306641
0 0.30396 0.63562 0.449106 0.638916 0.104309
0 0.445283 0.605957 0.395572 0.625977 0.0616455
0 0.0536162 0.610352 0.0851024 0.136719 0.0503235
0 0.392155 0.500854 0.434136 0.767822 0.0432739
0 0.384344 0.689941 0.279878 0.375977 0.0339661
0 0.224553 0.672852 0.248636 0.337891 0.0323486
0 0.502804 0.599731 0.267511 0.538818 0.0270081
0 0.381415 0.921875 0.0559756 0.0703125 0.0250397
0 0.363841 0.700195 0.410054 0.382812 0.0211182
0 0.401511 0.343689 0.351637 0.441528 0.02034
0 0.895609 0.304626 0.199169 0.36145 0.0202179
0 0.775848 0.855957 0.0820107 0.0751953 0.0186157
0 0.336504 0.201172 0.143193 0.144043 0.0165253
0 0.376208 0.914062 0.0598809 0.0742188 0.0156708
0 0.380113 0.629883 0.1484 0.283203 0.0142288
0 0.850699 0.394531 0.137986 0.192383 0.0139542
0 0.463751 0.329651 0.405498 0.452026 0.0135345
0 0.508255 0.484863 0.516961 0.889648 0.0120544
0 0.457893 0.541992 0.262304 0.537109 0.011734
0 0.38589 0.284668 0.277437 0.362305 0.0109482
0 0.844841 0.42334 0.1484 0.176758 0.0104065
0 0.665849 0.268066 0.386622 0.516602 0.0102921
0 0.786262 0.848633 0.0911231 0.0976562 0.0102463
0 0.35538 0.189697 0.160116 0.172852 0.0100937
0 0.110161 0.833008 0.0484905 0.0703125 0.0100098
0 0.936615 0.314941 0.121063 0.322266 0.00941467
0 0.44032 0.827148 0.0527212 0.0820312 0.00912476
0 0.184524 0.694336 0.162069 0.359375 0.0088501
0 0.491739 0.744141 0.253192 0.269531 0.00874329
0 0.541531 0.754883 0.191358 0.255859 0.0086441
0 0.342037 0.262695 0.169879 0.273438 0.00841522
0 0.120575 0.240723 0.0585791 0.0693359 0.00837708
0 0.595066 0.790039 0.106419 0.197266 0.00812531
0 0.0576841 0.587891 0.102676 0.199219 0.00806427
0 0.5552 0.573242 0.469935 0.675781 0.00790405
0 0.630214 0.421753 0.517774 0.826416 0.00787354
0 0.451059 0.45166 0.262955 0.388672 0.0077858
0 0.625983 0.0820312 0.182572 0.117188 0.00751877
0 0.366445 0.579102 0.14059 0.208984 0.00746155
0 0.504431 0.497192 0.166625 0.255615 0.00746155
0 0.161581 0.894531 0.0576028 0.0683594 0.00701141
0 0.177365 0.880615 0.0904722 0.109863 0.00701141
0 0.549667 0.309814 0.569519 0.565918 0.00698471
0 0.28899 0.500977 0.501828 0.725586 0.0069046
0 0.889101 0.394043 0.213488 0.251953 0.00679779
0 0.635909 0.106445 0.380113 0.212891 0.00666809
0 0.273695 0.728027 0.383368 0.442383 0.715332
0 0.497597 0.693359 0.271417 0.380859 0.422607
0 0.626308 0.25 0.286061 0.492188 0.151978
0 0.342362 0.674805 0.177039 0.296875 0.149048
0 0.464728 0.606934 0.249938 0.411133 0.072876
0 0.624193 0.182617 0.290292 0.335938 0.0663452
0 0.378812 0.66748 0.0924248 0.232422 0.0520325
0 0.261328 0.830078 0.36254 0.298828 0.0512695
0 0.186762 0.772461 0.211617 0.332031 0.0484924
0 0.486207 0.646484 0.334552 0.486328 0.0470886
0 0.372221 0.677734 0.563824 0.494141 0.0432129
0 0.384019 0.592285 0.0794072 0.173828 0.0413818
0 0.618172 0.0966797 0.245056 0.136719 0.0370483
0 0.222438 0.765625 0.278902 0.357422 0.0367737
0 0.176388 0.719238 0.158814 0.280273 0.032959
0 0.356682 0.601562 0.0689932 0.128906 0.0318604
0 0.51875 0.734375 0.257748 0.298828 0.0303802
0 0.515822 0.535645 0.0774546 0.131836 0.0303345
0 0.443899 0.552246 0.256446 0.417969 0.0284424
0 0.0447479 0.628906 0.0833125 0.143555 0.0283813
0 0.361889 0.698242 0.158814 0.296875 0.0278473
0 0.425024 0.40332 0.0611826 0.09375 0.0269623
0 0.397036 0.47168 0.0702949 0.0859375 0.026413
0 0.522005 0.29541 0.0520703 0.0664062 0.0246124
0 0.400941 0.404175 0.0742002 0.0979004 0.0222931
0 0.341061 0.339355 0.0689932 0.0791016 0.0215302
0 0.365143 0.315369 0.248636 0.399536 0.0205994
0 0.361563 0.585938 0.0917739 0.142578 0.0189819
0 0.339108 0.251953 0.16272 0.194336 0.0182343
0 0.520703 0.400879 0.048165 0.0732422 0.0177155
0 0.574726 0.741211 0.119762 0.275391 0.0175781
0 0.173785 0.381958 0.0436089 0.0700684 0.0166626
0 0.351149 0.54248 0.531768 0.829102 0.0165863
0 0.353346 0.33252 0.22016 0.297852 0.0162811
0 0.364167 0.227295 0.223251 0.224121 0.0160217
0 0.335203 0.612305 0.122365 0.160156 0.0158997
0 0.347244 0.223877 0.180293 0.164551 0.014389
0 0.543158 0.314941 0.117809 0.166992 0.0143356
0 0.582537 0.256836 0.446503 0.498047 0.0142288
0 0.502804 0.467651 0.478396 0.838135 0.0141144
0 0.338457 0.321777 0.096981 0.12207 0.014061
0 0.60727 0.773438 0.183548 0.259766 0.0137405
0 0.370676 0.404175 0.0650879 0.107666 0.0136337
0 0.37035 0.176331 0.183548 0.140503 0.0133286
0 0.52591 0.346924 0.069644 0.133301 0.0129242
0 0.542833 0.331055 0.0663897 0.0908203 0.0124283
0 0.123179 0.241211 0.0523958 0.0654297 0.012146
0 0.176063 0.366699 0.0455615 0.0693359 0.0120544
0 0.553898 0.746094 0.175737 0.279297 0.0120087
0 0.291268 0.64209 0.198518 0.233398 0.0117798
0 0.3099 0.723633 0.403382 0.449219 0.63623
0 0.362214 0.708496 0.543484 0.461914 0.536133
0 0.37035 0.736328 0.368397 0.429688 0.121277
0 0.510289 0.682617 0.247334 0.359375 0.0933228
0 0.428278 0.60144 0.424373 0.556885 0.0403137
0 0.547389 0.712402 0.191358 0.253906 0.0287018
0 0.501177 0.541016 0.121063 0.158203 0.0173035
0 0.493366 0.564941 0.165323 0.227539 0.0165253
0 0.388656 0.51709 0.517937 0.760742 0.0164032
0 0.459521 0.697754 0.308517 0.331055 0.0139542
0 0.363109 0.744629 0.252704 0.446289 0.0132751
0 0.0437716 0.624023 0.0836379 0.119141 0.0124283
0 0.559756 0.736816 0.161418 0.205078 0.0123367
0 0.413959 0.401855 0.0898213 0.108398 0.0117798
0 0.513869 0.516602 0.0878687 0.173828 0.0112457
0 0.47026 0.506348 0.195915 0.271484 0.0110703
0 0.482301 0.660156 0.226506 0.289062 0.01017
0 0.452035 0.473633 0.462775 0.799805 0.00723267
0 0.467982 0.58252 0.246032 0.375977 0.0064888
0 0.522981 0.413574 0.0585791 0.0791016 0.00641251
0 0.569519 0.748535 0.135383 0.157227 0.00624084
0 0.356031 0.633301 0.149702 0.214844 0.00534439
0 0.264582 0.817871 0.372954 0.270508 0.00530243
0 0.863065 0.449219 0.0546738 0.0898438 0.0050621
0 0.344315 0.673828 0.256446 0.314453 0.0050621
0 0.529165 0.578247 0.463426 0.673584 0.00446701
0 0.455941 0.510864 0.210234 0.3396 0.00428009
0 0.171832 0.378906 0.0488159 0.0683594 0.00402451
0 0.528514 0.714355 0.460822 0.49707 0.00385475
0 0.561709 0.689453 0.160116 0.318359 0.00380898
0 0.293546 0.660156 0.352776 0.324219 0.00379562
0 0.517449 0.494141 0.164021 0.332031 0.00367928
0 0.38532 0.917969 0.0950283 0.0742188 0.00356483
0 0.728984 0.351807 0.0507686 0.0561523 0.00341606
0 0.389876 0.44812 0.136685 0.205322 0.00335121
0 0.369699 0.59375 0.151004 0.191406 0.00332451
0 0.195426 0.652344 0.145471 0.140625 0.00325966
0 0.402243 0.384766 0.190057 0.230469 0.00312424
0 0.525259 0.764648 0.264257 0.310547 0.00311089
0 0.378486 0.923828 0.064437 0.0683594 0.003088
0 0.5552 0.457153 0.446503 0.843506 0.00299263
0 0.413308 0.741211 0.18485 0.277344 0.00298119
0 0.849397 0.416992 0.0846143 0.140625 0.00270462
0 0.202098 0.841797 0.192009 0.199219 0.00263214
0 0.367747 0.336426 0.209583 0.293945 0.00259018
0 0.497597 0.76416 0.306564 0.40918 0.0024929
0 0.345617 0.588867 0.164021 0.166016 0.00243378
0 0.286468 0.553711 0.141729 0.171875 0.00236893
0 0.57733 0.800293 0.149702 0.176758 0.00224304
0 0.117809 0.823242 0.0618335 0.107422 0.00198746
0 0.322511 0.708984 0.495319 0.460938 0.602051
0 0.350824 0.605469 0.555851 0.605469 0.127197
0 0.362458 0.698242 0.277437 0.423828 0.0545959
0 0.410786 0.633789 0.464565 0.523438 0.0480347
0 0.0372628 0.631348 0.0742002 0.111328 0.0430298
0 0.0442598 0.617676 0.0829871 0.131836 0.0403748
0 0.336586 0.691406 0.610362 0.574219 0.0276947
0 0.443249 0.565918 0.265559 0.279297 0.0210114
0 0.393131 0.664062 0.191358 0.34668 0.0207672
0 0.889101 0.296814 0.21479 0.384888 0.0196838
0 0.175737 0.881836 0.0839634 0.103516 0.0192719
0 0.474165 0.500854 0.197216 0.275635 0.0191193
0 0.489786 0.538086 0.150353 0.201172 0.0180206
0 0.37751 0.589844 0.16272 0.21875 0.0179138
0 0.529815 0.696289 0.216092 0.369141 0.0173035
0 0.505733 0.657227 0.261653 0.435547 0.0158997
0 0.431858 0.470215 0.14775 0.260742 0.0144501
0 0.451059 0.514771 0.255795 0.361084 0.0142288
0 0.425675 0.351562 0.295499 0.479492 0.013588
0 0.521679 0.52002 0.0956792 0.208984 0.0130234
0 0.484905 0.569336 0.1484 0.179688 0.012146
0 0.433485 0.598633 0.166625 0.197266 0.0120087
0 0.392805 0.385376 0.391178 0.549561 0.0109863
0 0.453337 0.439453 0.24473 0.391602 0.0100098
0 0.522005 0.446777 0.0885195 0.291016 0.00963593
0 0.599948 0.730957 0.0680168 0.273438 0.00948334
0 0.412657 0.500488 0.262304 0.270508 0.00941467
0 0.541206 0.642578 0.162069 0.464844 0.00926971
0 0.477094 0.681641 0.219997 0.349609 0.00908661
0 0.911881 0.277344 0.157513 0.347656 0.00905609
0 0.894959 0.321045 0.182246 0.234863 0.00837708
0 0.398663 0.407715 0.0833125 0.123047 0.00806427
0 0.36254 0.597656 0.121063 0.193359 0.00796509
0 0.602551 0.691406 0.0602063 0.25 0.00701141
0 0.120413 0.236816 0.0546738 0.0566406 0.00669098
0 0.53307 0.542114 0.130176 0.406006 0.00669098
0 0.523958 0.342285 0.0833125 0.150391 0.00664139
0 0.432102 0.49707 0.46489 0.798828 0.00616837
0 0.536324 0.445435 0.128874 0.378662 0.00572968
0 0.1017 0.477051 0.0491414 0.0673828 0.00570679
0 0.11488 0.835938 0.0579282 0.0976562 0.00568771
0 0.0555688 0.587402 0.0919366 0.202148 0.00564194
0 0.776499 0.865234 0.085916 0.0742188 0.00547028
0 0.812297 0.352051 0.0546738 0.0576172 0.00534439
0 0.341711 0.581055 0.161418 0.222656 0.00498199
0 0.73289 0.356445 0.048165 0.0595703 0.00477219
0 0.207956 0.723145 0.219346 0.385742 0.00477219
0 0.344966 0.230469 0.130827 0.182617 0.00473785
0 0.538277 0.336426 0.080709 0.123047 0.00462723
0 0.117158 0.786621 0.0618335 0.118164 0.00457382
0 0.306239 0.713379 0.382066 0.49707 0.400635
0 0.509638 0.663086 0.279878 0.431641 0.379395
0 0.379462 0.651367 0.555851 0.591797 0.373779
0 0.439343 0.66748 0.433485 0.50293 0.311523
0 0.883243 0.303955 0.230411 0.402832 0.151489
0 0.042958 0.62207 0.0826616 0.136719 0.0980835
0 0.379137 0.924805 0.0670405 0.0800781 0.0698242
0 0.351475 0.708984 0.309818 0.431641 0.0445251
0 0.257423 0.822266 0.37035 0.285156 0.0362244
0 0.445852 0.681641 0.350173 0.398438 0.0241394
0 0.175086 0.380371 0.0468633 0.0654297 0.0219879
0 0.384019 0.282227 0.0781055 0.0673828 0.02034
0 0.120413 0.238525 0.05923 0.0712891 0.0197906
0 0.0506872 0.583984 0.0925875 0.226562 0.0192413
0 0.484254 0.518555 0.238222 0.361328 0.0186462
0 0.505082 0.55957 0.182246 0.226562 0.0179901
0 0.430556 0.498901 0.512242 0.857666 0.0175781
0 0.553247 0.707031 0.186151 0.303711 0.0163422
0 0.469609 0.56543 0.284434 0.446289 0.0162811
0 0.527537 0.385864 0.05923 0.0895996 0.0156708
0 0.0762342 0.13916 0.152468 0.27832 0.0154266
0 0.889226 0.3479 0.221549 0.532715 0.0151901
0 0.279308 0.644409 0.412495 0.621338 0.0144501
0 0.611175 0.766602 0.0963301 0.177734 0.0141754
0 0.524283 0.52002 0.0911231 0.162109 0.0137939
0 0.508987 0.546387 0.119111 0.172852 0.0133286
0 0.592137 0.756836 0.099259 0.166016 0.0122375
0 0.352776 0.515747 0.200471 0.392334 0.0120544
0 0.570495 0.722656 0.158164 0.244141 0.0119171
0 0.923071 0.298401 0.153857 0.38562 0.0117798
0 0.178015 0.370117 0.0527212 0.0742188 0.0115051
0 0.075502 0.60791 0.135383 0.198242 0.0113754
0 0.536975 0.493652 0.135383 0.261719 0.0107346
0 0.0788377 0.638672 0.140753 0.1875 0.0105667
0 0.610687 0.74707 0.103815 0.25 0.0103683
0 0.858509 0.422729 0.193962 0.195557 0.0102921
0 0.600273 0.655762 0.07778 0.268555 0.00989532
0 0.405498 0.383301 0.126271 0.173828 0.00955963
0 0.598158 0.800293 0.0911231 0.165039 0.00933838
0 0.358309 0.564453 0.173134 0.277344 0.00923157
0 0.531768 0.355957 0.0676914 0.120117 0.00891876
0 0.538602 0.408691 0.0982827 0.224609 0.00881195
0 0.127898 0.23877 0.0533721 0.0625 0.00878143
0 0.487508 0.594238 0.390527 0.643555 0.00871277
0 0.415912 0.401367 0.0885195 0.123047 0.0086441
0 0.404196 0.72168 0.381415 0.447266 0.0085144
0 0.100601 0.496094 0.0689118 0.109375 0.00831604
0 0.203725 0.845215 0.233666 0.200195 0.00818634
0 0.475792 0.465332 0.212187 0.368164 0.00800323
0 0.385971 0.648438 0.16272 0.296875 0.0078125
0 0.332925 0.689941 0.474491 0.481445 0.530273
0 0.359367 0.623535 0.530954 0.598633 0.279053
0 0.296475 0.729004 0.380764 0.44043 0.216675
0 0.34399 0.706055 0.344966 0.431641 0.124634
0 0.39191 0.535278 0.530954 0.767334 0.0855713
0 0.42299 0.584839 0.454476 0.607666 0.085083
0 0.0475142 0.612305 0.0885195 0.138672 0.0609741
0 0.508336 0.64209 0.286387 0.448242 0.0605164
0 0.39248 0.697266 0.248636 0.400391 0.0492249
0 0.529165 0.384766 0.0611826 0.0976562 0.0389709
0 0.200145 0.765625 0.242127 0.345703 0.0365601
0 0.534372 0.354492 0.0689932 0.135742 0.0359497
0 0.368072 0.44043 0.149051 0.196289 0.0240021
0 0.424373 0.679688 0.213488 0.378906 0.0215302
0 0.406148 0.418823 0.110649 0.146729 0.0198669
0 0.498573 0.563965 0.180944 0.216797 0.019165
0 0.441947 0.496094 0.273369 0.333008 0.0186462
0 0.372303 0.575195 0.11846 0.164062 0.0180206
0 0.262304 0.538574 0.0553247 0.0927734 0.0178528
0 0.176876 0.368652 0.0536975 0.0810547 0.0176392
0 0.346918 0.459473 0.200471 0.282227 0.0172424
0 0.169879 0.861328 0.120413 0.150391 0.0170441
0 0.370269 0.494019 0.246195 0.357666 0.0166626
0 0.36677 0.414551 0.115856 0.157227 0.0159607
0 0.433485 0.611816 0.197867 0.249023 0.0155411
0 0.361238 0.350098 0.206979 0.291016 0.0151901
0 0.396385 0.625977 0.14775 0.238281 0.0151901
0 0.371001 0.574219 0.180944 0.21875 0.0149002
0 0.556502 0.714844 0.183548 0.292969 0.0147858
0 0.344315 0.418945 0.182246 0.224609 0.0146179
0 0.491414 0.535645 0.141892 0.192383 0.014389
0 0.469284 0.493164 0.205678 0.291992 0.0133286
0 0.367747 0.304138 0.233015 0.396606 0.0131226
0 0.113619 0.837402 0.06761 0.145508 0.0129242
0 0.490437 0.455078 0.163371 0.287109 0.0124817
0 0.219672 0.724609 0.270115 0.425781 0.0124817
0 0.277274 0.484375 0.0637861 0.109375 0.012146
0 0.54088 0.368896 0.0898213 0.149902 0.0115051
0 0.382066 0.925781 0.0689932 0.0742188 0.0113297
0 0.335854 0.226074 0.141892 0.197266 0.0108566
0 0.346918 0.373291 0.169229 0.228027 0.0104065
0 0.504106 0.540039 0.106744 0.173828 0.00993347
0 0.133918 0.801758 0.109348 0.214844 0.00981903
0 0.188267 0.725586 0.182572 0.376953 0.00871277
0 0.567566 0.745117 0.16272 0.230469 0.0086441
0 0.53307 0.326904 0.0624844 0.117676 0.0085144
0 0.516147 0.507324 0.0820107 0.179688 0.00828552
0 0.178015 0.804688 0.188104 0.265625 0.0078125
0 0.333901 0.350098 0.153607 0.351562 0.00725937
0 0.730937 0.36084 0.0507686 0.0625 0.00682449
0 0.292896 0.734375 0.417864 0.447266 0.606934
0 0.374825 0.720703 0.251402 0.425781 0.129395
0 0.0466192 0.600098 0.0798954 0.166992 0.0930176
0 0.535999 0.683594 0.20763 0.380859 0.0847778
0 0.555525 0.712891 0.175086 0.310547 0.0507202
0 0.381415 0.927734 0.0624844 0.0742188 0.0378113
0 0.520703 0.640625 0.187453 0.398438 0.0375977
0 0.358716 0.717773 0.560895 0.4375 0.0266113
0 0.391829 0.674805 0.212187 0.345703 0.0240479
0 0.501177 0.671875 0.256446 0.388672 0.0193787
0 0.505733 0.541016 0.128874 0.201172 0.0189056
0 0.572773 0.745117 0.132779 0.255859 0.0185394
0 0.51094 0.609375 0.196565 0.291016 0.0164032
0 0.247009 0.812988 0.357983 0.295898 0.0154266
0 0.397036 0.638672 0.173785 0.246094 0.0127258
0 0.171832 0.876953 0.145146 0.115234 0.0113297
0 0.37751 0.546875 0.498573 0.792969 0.0112457
0 0.593439 0.652344 0.0706204 0.183594 0.0111618
0 0.521354 0.546875 0.14059 0.308594 0.0107346
0 0.0654133 0.591309 0.111626 0.186523 0.0100937
0 0.531117 0.402344 0.0624844 0.0878906 0.00963593
0 0.602714 0.802734 0.0872178 0.160156 0.00948334
0 0.5923 0.741211 0.151004 0.28125 0.00941467
0 0.554549 0.746094 0.131478 0.216797 0.00905609
0 0.541531 0.340088 0.0624844 0.106934 0.00881195
0 0.536975 0.39209 0.075502 0.151367 0.00831604
0 0.505082 0.474609 0.124969 0.272461 0.00800323
0 0.534046 0.355957 0.069644 0.141602 0.00787354
0 0.415261 0.398438 0.0872178 0.121094 0.0077858
0 0.202912 0.781738 0.257423 0.311523 0.00743103
0 0.816202 0.402832 0.0833125 0.166992 0.00734711
0 0.408427 0.390625 0.100886 0.15332 0.00728989
0 0.584489 0.783203 0.115856 0.175781 0.00643921
0 0.0476769 0.556641 0.0816853 0.257812 0.00609589
0 0.812948 0.429565 0.0898213 0.179932 0.00602722
0 0.239035 0.749023 0.317303 0.388672 0.00600433
0 0.425024 0.601562 0.156211 0.222656 0.00588989
0 0.0800581 0.569824 0.0904722 0.196289 0.00561905
0 0.827918 0.421021 0.108046 0.167725 0.00503922
0 0.389226 0.601562 0.1484 0.185547 0.00494385
0 0.464728 0.515503 0.203074 0.359619 0.00492477
0 0.502479 0.391479 0.126271 0.256104 0.00481033
0 0.0989336 0.481934 0.0608572 0.0800781 0.00481033
0 0.545762 0.322021 0.0715967 0.0966797 0.00438309
0 0.605317 0.723633 0.197867 0.314453 0.00421524
0 0.345291 0.341797 0.048165 0.0703125 0.00416565
0 0.286061 0.568481 0.481 0.765381 0.00415039
0 0.40745 0.436401 0.102839 0.133057 0.00411606
0 0.860462 0.466797 0.0533721 0.0878906 0.00382423
0 0.0576028 0.116699 0.104466 0.229004 0.00369263
0 0.355705 0.684082 0.548691 0.541992 0.584961
0 0.304937 0.719727 0.426977 0.478516 0.24585
0 0.0445852 0.614258 0.0826616 0.140625 0.0731812
0 0.382391 0.537598 0.508336 0.81543 0.050415
0 0.372628 0.697754 0.331948 0.430664 0.0332642
0 0.0500363 0.59082 0.0886823 0.193359 0.0185852
0 0.421119 0.685547 0.279878 0.398438 0.014389
0 0.320558 0.612793 0.495319 0.696289 0.00831604
0 0.378812 0.924805 0.0663897 0.0839844 0.00479126
0 0.49955 0.661133 0.266209 0.425781 0.0046463
0 0.406799 0.384644 0.0950283 0.150635 0.00428009
0 0.0694 0.602539 0.0958419 0.199219 0.00424957
0 0.0301845 0.585449 0.060369 0.220703 0.00366402
0 0.348546 0.340332 0.0631353 0.0761719 0.00338936
0 0.044992 0.561523 0.0746884 0.288086 0.00332451
0 0.379788 0.9375 0.0702949 0.0742188 0.00312424
0 0.52591 0.701172 0.221299 0.351562 0.00291252
0 0.413308 0.650391 0.222601 0.296875 0.00261116
0 0.0165974 0.591797 0.0331948 0.175781 0.00246239
0 0.462449 0.577637 0.553898 0.663086 0.0024147
0 0.428278 0.4823 0.252541 0.357666 0.00239754
0 0.554549 0.718262 0.16272 0.285156 0.00233269
0 0.464809 0.666992 0.52054 0.492188 0.00231361
0 0.357983 0.283691 0.0670405 0.123047 0.00216484
0 0.0558129 0.267334 0.0507686 0.0561523 0.00206757
0 0.389226 0.306641 0.166625 0.308594 0.00205803
0 0.366119 0.391602 0.108697 0.148438 0.0020504
0 0.0870551 0.576172 0.0745256 0.216797 0.0020504
0 0.252866 0.816895 0.384669 0.303711 0.00194931
0 0.121714 0.243652 0.0501177 0.0722656 0.00184631
0 0.462124 0.632812 0.273369 0.419922 0.00175476
0 0.0375069 0.233398 0.0496295 0.102051 0.00170708
0 0.452686 0.518555 0.247985 0.466797 0.00170708
0 0.575377 0.671875 0.554549 0.484375 0.0017004
0 0.407125 0.599609 0.218044 0.261719 0.00168705
0 0.0615081 0.662109 0.1113 0.246094 0.00168705
0 0.805788 0.432495 0.075502 0.152588 0.00167465
0 0.174436 0.384644 0.0520703 0.076416 0.0016613
0 0.460822 0.462036 0.208281 0.294678 0.00162888
0 0.331623 0.350342 0.0800581 0.0991211 0.00161076
0 0.384019 0.550903 0.268162 0.48999 0.00157928
0 0.560407 0.596558 0.609223 0.627197 0.00156116
0 0.573424 0.767578 0.16272 0.240234 0.00150108
0 0.0543484 0.234863 0.0839634 0.110352 0.00148392
0 0.510289 0.481445 0.551945 0.841797 0.0014267
0 0.860462 0.463379 0.0520703 0.0927734 0.00139904
0 0.201935 0.733398 0.256121 0.40625 0.00135136
0 0.529815 0.432129 0.0781055 0.234375 0.00134563
0 0.805788 0.463867 0.080709 0.144531 0.00131989
0 0.176714 0.859375 0.141892 0.158203 0.00131989
0 0.300706 0.708496 0.425675 0.485352 0.679199
0 0.0427953 0.62207 0.0724103 0.123047 0.0720825
0 0.549993 0.719727 0.191358 0.291016 0.0367737
0 0.410054 0.672363 0.196565 0.366211 0.0330811
0 0.3889 0.697266 0.535673 0.457031 0.0159607
0 0.492715 0.618164 0.167927 0.287109 0.0158386
0 0.530466 0.69043 0.17053 0.260742 0.0150146
0 0.484905 0.574707 0.1484 0.22168 0.0119171
0 0.496621 0.550781 0.122365 0.207031 0.0115509
0 0.0497109 0.592773 0.0893331 0.195312 0.0102921
0 0.458544 0.610352 0.128223 0.189453 0.0102921
0 0.432184 0.609375 0.124969 0.206055 0.00871277
0 0.575052 0.739746 0.14775 0.25293 0.00787354
0 0.183548 0.782227 0.180944 0.289062 0.00669098
0 0.65934 0.0803223 0.253843 0.128418 0.00643921
0 0.400941 0.614258 0.158814 0.235352 0.00588989
0 0.586442 0.688477 0.0989336 0.222656 0.00582123
0 0.821409 0.430664 0.122365 0.205078 0.00568771
0 0.597507 0.748047 0.128874 0.267578 0.00521851
0 0.531768 0.73291 0.341061 0.381836 0.00516129
0 0.376533 0.583984 0.109999 0.175781 0.00446701
0 0.511591 0.523438 0.0898213 0.179688 0.00434875
0 0.805788 0.422363 0.0937266 0.182617 0.00429916
0 0.321616 0.581055 0.434624 0.71875 0.00418091
0 0.509313 0.590332 0.159465 0.313477 0.00408554
0 0.395409 0.401855 0.085916 0.123047 0.0037365
0 0.0751765 0.610352 0.0881941 0.15625 0.00365067
0 0.348546 0.345459 0.0546738 0.0854492 0.00348282
0 0.376208 0.396606 0.0663897 0.12085 0.00346947
0 0.390527 0.390137 0.113253 0.152344 0.00333786
0 0.41461 0.405273 0.0820107 0.115234 0.00283432
0 0.177039 0.384888 0.0462124 0.0681152 0.00273705
0 0.560407 0.763184 0.329345 0.270508 0.00263214
0 0.730937 0.37207 0.0624844 0.0898438 0.0024929
0 0.398338 0.480469 0.0787564 0.0859375 0.00246239
0 0.587744 0.78418 0.272067 0.220703 0.00243378
0 0.364492 0.65918 0.274671 0.378906 0.002388
0 0.392399 0.53894 0.510452 0.824463 0.00233269
0 0.658527 0.115967 0.271091 0.191895 0.00230598
0 0.27044 0.467773 0.0611826 0.0849609 0.00228691
0 0.36254 0.291504 0.201772 0.331055 0.00225258
0 0.121063 0.823242 0.0598809 0.126953 0.00223351
0 0.128223 0.797363 0.075502 0.192383 0.00219917
0 0.262304 0.820801 0.395734 0.260742 0.00216484
0 0.792771 0.409668 0.0781055 0.176758 0.00214005
0 0.60906 0.741699 0.484579 0.37207 0.00212479
0 0.451059 0.51416 0.169229 0.303711 0.00205803
0 0.532744 0.422363 0.0663897 0.155273 0.00203514
0 0.313073 0.535156 0.128223 0.216797 0.00198746
0 0.365469 0.538086 0.127572 0.214844 0.00191879
0 0.324463 0.705566 0.393782 0.493164 0.671387
0 0.369699 0.686523 0.544135 0.498047 0.381104
0 0.0455615 0.616211 0.0816853 0.134766 0.0603027
0 0.406799 0.396484 0.108046 0.154297 0.0271759
0 0.505733 0.578125 0.173134 0.261719 0.01297
0 0.508987 0.647461 0.242127 0.410156 0.0109482
0 0.498899 0.541992 0.134081 0.181641 0.0107346
0 0.464728 0.486816 0.212187 0.295898 0.00905609
0 0.0497922 0.594727 0.0842888 0.201172 0.00763702
0 0.513543 0.521484 0.112602 0.185547 0.0069046
0 0.393131 0.404785 0.0937266 0.129883 0.00669098
0 0.274345 0.458984 0.0663897 0.0839844 0.00664139
0 0.406148 0.427246 0.11846 0.162109 0.00616837
0 0.531117 0.394043 0.0794072 0.137695 0.00577545
0 0.17411 0.385254 0.0452361 0.0673828 0.00488663
0 0.535022 0.359131 0.0774546 0.154785 0.0045929
0 0.394433 0.569336 0.446503 0.740234 0.00450516
0 0.382717 0.387695 0.100235 0.150391 0.00416565
0 0.430556 0.669922 0.257097 0.402344 0.00403976
0 0.293546 0.487305 0.0989336 0.152344 0.00397491
0 0.0864042 0.598633 0.0654133 0.158203 0.00390053
0 0.269138 0.527344 0.0768037 0.138672 0.00388527
0 0.469609 0.563477 0.218044 0.296875 0.00340271
0 0.278576 0.430664 0.0559756 0.106445 0.00313568
0 0.390527 0.584473 0.132779 0.202148 0.0029583
0 0.308517 0.41748 0.0872178 0.130859 0.00279999
0 0.388575 0.293457 0.154909 0.287109 0.00269318
0 0.0561383 0.137756 0.099259 0.258667 0.00266266
0 0.408752 0.666992 0.201772 0.355469 0.00255013
0 0.60011 0.693848 0.0689932 0.198242 0.0024147
0 0.397036 0.493652 0.126271 0.199219 0.00231361
0 0.514845 0.376465 0.111951 0.211914 0.00228691
0 0.730937 0.365723 0.0572773 0.0947266 0.00222588
0 0.464077 0.624023 0.230411 0.325195 0.00220871
0 0.183548 0.878906 0.143193 0.121094 0.00214958
0 0.404847 0.303467 0.283783 0.42041 0.00211525
0 0.0990963 0.556152 0.0523958 0.134766 0.00202751
0 0.599948 0.65625 0.0628098 0.199219 0.00200272
0 0.0400291 0.196289 0.0559756 0.149414 0.00199509
0 0.0526398 0.098999 0.0977946 0.19751 0.00198746
0 0.186802 0.770508 0.179643 0.285156 0.00186729
0 0.337237 0.566406 0.18729 0.267578 0.00177479
0 0.327392 0.365234 0.075502 0.117188 0.00176811
0 0.477094 0.681152 0.554549 0.499023 0.00176811
0 0.267186 0.81543 0.357333 0.263672 0.00175476
0 0.819457 0.381348 0.0872178 0.152344 0.0017271
0 0.0564637 0.553711 0.0855906 0.245117 0.00172043
0 0.212512 0.797852 0.238222 0.292969 0.00168705
0 0.214831 0.725098 0.281098 0.424805 0.00167465
0 0.169879 0.879883 0.0989336 0.115234 0.00166798
0 0.29973 0.713867 0.413959 0.484375 0.569824
0 0.513543 0.657715 0.265559 0.428711 0.181274
0 0.0439343 0.598633 0.0833125 0.155273 0.178955
0 0.048165 0.566895 0.0917739 0.227539 0.0946655
0 0.368072 0.694824 0.589045 0.495117 0.0762939
0 0.391829 0.529297 0.627447 0.865234 0.0623169
0 0.440726 0.709961 0.417702 0.445312 0.0311432
0 0.492064 0.550781 0.14775 0.200195 0.0194244
0 0.546087 0.711426 0.206979 0.329102 0.0173798
0 0.364492 0.709961 0.287038 0.412109 0.0173035
0 0.0649252 0.144531 0.12985 0.28418 0.0167847
0 0.473189 0.509888 0.212187 0.337646 0.0144501
0 0.511591 0.612305 0.191358 0.353516 0.0103302
0 0.516798 0.516602 0.110649 0.1875 0.00974274
0 0.781055 0.427246 0.0572773 0.203125 0.00919342
0 0.0698881 0.584961 0.0997472 0.193359 0.00888062
0 0.404521 0.394653 0.113253 0.157959 0.00881195
0 0.402894 0.396484 0.135383 0.192383 0.0086441
0 0.528514 0.39563 0.0865669 0.159912 0.008255
0 0.0533721 0.0878906 0.106744 0.175781 0.00754929
0 0.820107 0.4375 0.124969 0.226562 0.00734711
0 0.0405172 0.172119 0.064437 0.221191 0.00709534
0 0.529815 0.482544 0.121063 0.288818 0.00658798
0 0.12204 0.243652 0.0517449 0.0703125 0.00595856
0 0.404196 0.42688 0.121063 0.179443 0.00591278
0 0.568868 0.711914 0.1484 0.302734 0.00591278
0 0.578631 0.724609 0.476443 0.398438 0.00591278
0 0.0866076 0.561523 0.0728171 0.183594 0.00588989
0 0.437391 0.612305 0.151004 0.251953 0.00548935
0 0.373605 0.295959 0.201772 0.365112 0.00462723
0 0.397687 0.323486 0.285085 0.434082 0.00460815
0 0.0353102 0.51416 0.0533721 0.327148 0.00436401
0 0.398338 0.648438 0.147099 0.280273 0.0042305
0 0.423071 0.669922 0.154909 0.339844 0.00411606
0 0.731588 0.392456 0.0676914 0.133057 0.00405502
0 0.731588 0.374268 0.0598809 0.104004 0.00397491
0 0.838332 0.438477 0.114555 0.182617 0.0037365
0 0.375232 0.384277 0.10349 0.152344 0.00365067
0 0.173459 0.380005 0.0494668 0.0720215 0.00351143
0 0.393456 0.595215 0.132779 0.199219 0.00348282
0 0.00988522 0.587891 0.0197704 0.179688 0.00337601
0 0.794072 0.468262 0.0911231 0.170898 0.00327301
0 0.676914 0.754883 0.230411 0.279297 0.00324821
0 0.529815 0.362061 0.0846143 0.155762 0.00300407
0 0.0174924 0.557617 0.0349847 0.210938 0.00293541
0 0.494343 0.498535 0.625495 0.897461 0.00292397
0 0.83703 0.419434 0.166625 0.254883 0.00273705
0 0.516147 0.411133 0.122365 0.302734 0.0026722
0 0.506384 0.57605 0.507686 0.693604 0.00266266
0 0.0493041 0.502441 0.0849397 0.383789 0.0026207
0 0.297452 0.719727 0.402894 0.462891 0.744629
0 0.51094 0.65625 0.251239 0.414062 0.237915
0 0.0416563 0.605469 0.0797327 0.150391 0.167725
0 0.501502 0.591797 0.205027 0.289062 0.0984497
0 0.489786 0.5625 0.167276 0.226562 0.0859985
0 0.0483278 0.579102 0.0881941 0.22168 0.0715942
0 0.544786 0.709961 0.196565 0.310547 0.032959
0 0.0444225 0.54541 0.0758274 0.282227 0.0236511
0 0.408101 0.390137 0.101537 0.152344 0.0197601
0 0.43674 0.601562 0.121063 0.213867 0.0189362
0 0.407776 0.682617 0.193311 0.366211 0.018158
0 0.447805 0.677734 0.400941 0.451172 0.0159607
0 0.508987 0.529297 0.121714 0.1875 0.0154266
0 0.386948 0.586914 0.119762 0.166016 0.0137405
0 0.423722 0.644531 0.144495 0.300781 0.012291
0 0.528188 0.391602 0.0761528 0.119141 0.0110703
0 0.422095 0.428833 0.105442 0.17749 0.0104065
0 0.173297 0.381348 0.0462124 0.0693359 0.00912476
0 0.406148 0.43457 0.096981 0.119141 0.0086441
0 0.36254 0.341309 0.0676914 0.078125 0.00821686
0 0.399314 0.610352 0.146448 0.206055 0.00793457
0 0.523307 0.540039 0.124969 0.242188 0.00751877
0 0.274345 0.457031 0.064437 0.0820312 0.0068512
0 0.57017 0.726562 0.141892 0.272461 0.00677109
0 0.381415 0.286621 0.0507686 0.0507812 0.00674438
0 0.0689932 0.59668 0.104792 0.181641 0.00624084
0 0.530466 0.361328 0.0781055 0.145508 0.00609589
0 0.729635 0.36377 0.0585791 0.0771484 0.00582123
0 0.777149 0.408325 0.0390527 0.161865 0.00500107
0 0.0785936 0.573242 0.094052 0.201172 0.00475693
0 0.729635 0.381836 0.0689932 0.114258 0.00466537
0 0.275891 0.529785 0.0834752 0.151367 0.0046463
0 0.050199 0.125549 0.100073 0.247925 0.00432968
0 0.364492 0.29248 0.0507686 0.0566406 0.00418091
0 0.277925 0.430664 0.0533721 0.0917969 0.00407028
0 0.0392155 0.139221 0.0719221 0.253784 0.00391388
0 0.8149 0.401855 0.0846143 0.182617 0.00382423
0 0.773895 0.378784 0.0351475 0.127197 0.00378036
0 0.485556 0.454102 0.171832 0.306641 0.00372124
0 0.589534 0.726562 0.190382 0.291016 0.0036068
0 0.328043 0.338379 0.0494668 0.0527344 0.00329781
0 0.0320558 0.214355 0.0445852 0.108398 0.00327301
0 0.336179 0.561523 0.178992 0.25 0.00324821
0 0.813599 0.430176 0.102839 0.201172 0.00316048
0 0.533395 0.665039 0.435438 0.470703 0.003088
0 0.305994 0.489258 0.122203 0.171875 0.00304031
0 0.78496 0.433105 0.0572773 0.166016 0.00300407
0 0.0362865 0.520996 0.0590673 0.375977 0.00284576
0 0.546087 0.604004 0.173134 0.331055 0.00282288
0 0.559756 0.75293 0.188755 0.269531 0.00247192
0 0.289641 0.69873 0.406148 0.481445 0.704102
0 0.522656 0.664062 0.23692 0.412109 0.274414
0 0.0423885 0.615234 0.0828243 0.126953 0.203125
0 0.494668 0.554688 0.152306 0.212891 0.119202
0 0.507035 0.601074 0.203074 0.311523 0.116333
0 0.375557 0.69043 0.28118 0.394531 0.107056
0 0.55162 0.702637 0.185501 0.323242 0.0448608
0 0.045887 0.59082 0.0842888 0.1875 0.0433655
0 0.416563 0.668457 0.178341 0.345703 0.0294189
0 0.441947 0.620117 0.137986 0.250977 0.0265503
0 0.51094 0.524414 0.115856 0.170898 0.0143356
0 0.457893 0.672852 0.365143 0.4375 0.012825
0 0.472538 0.583008 0.190057 0.257812 0.0120544
0 0.566265 0.655273 0.134081 0.238281 0.0116882
0 0.470911 0.672852 0.147099 0.333984 0.00888062
0 0.577004 0.738281 0.129525 0.246094 0.00793457
0 0.0434462 0.54834 0.0732239 0.266602 0.00740433
0 0.787564 0.418945 0.0624844 0.192383 0.00712204
0 0.384669 0.575195 0.113253 0.15625 0.0069046
0 0.816202 0.431152 0.117158 0.207031 0.00669098
0 0.529165 0.396362 0.0781055 0.111572 0.00653839
0 0.173134 0.382324 0.0462124 0.0693359 0.00643921
0 0.79212 0.438477 0.075502 0.181641 0.00619125
0 0.0722476 0.600098 0.10349 0.166016 0.00609589
0 0.45887 0.477539 0.178341 0.255859 0.00542831
0 0.565614 0.763672 0.151004 0.195312 0.00538635
0 0.845492 0.442871 0.109348 0.177734 0.00508118
0 0.274752 0.459961 0.0727357 0.09375 0.00503922
0 0.403219 0.400879 0.0930757 0.121094 0.00492477
0 0.843539 0.431152 0.174436 0.212891 0.00431442
0 0.358634 0.34668 0.05923 0.078125 0.00400543
0 0.730286 0.375488 0.0650879 0.110352 0.00378036
0 0.317548 0.569458 0.425838 0.730225 0.00365067
0 0.597344 0.741699 0.127898 0.274414 0.00342941
0 0.289316 0.463867 0.0924248 0.117188 0.00340271
0 0.403219 0.456055 0.0937266 0.101562 0.00338936
0 0.278251 0.435547 0.0624844 0.101562 0.00327301
0 0.382066 0.299561 0.0585791 0.0805664 0.003088
0 0.594903 0.810059 0.109348 0.155273 0.00305176
0 0.0875025 0.5625 0.0833939 0.173828 0.00301552
0 0.556502 0.578613 0.152306 0.259766 0.00275803
0 0.532419 0.364746 0.0833125 0.150391 0.0024929
0 0.364492 0.293213 0.0494668 0.0605469 0.00247192
0 0.872829 0.391113 0.253843 0.317383 0.00242424
0 0.390446 0.521484 0.536487 0.794922 0.00242424
0 0.807741 0.464355 0.0976318 0.166992 0.00240517
0 0.508987 0.459473 0.124969 0.265625 0.00236893
0 0.272718 0.513672 0.0885195 0.161133 0.00235939
0 0.327718 0.348145 0.0514194 0.0615234 0.00232315
0 0.469365 0.48877 0.487996 0.819336 0.00221634
0 0.302659 0.697266 0.415261 0.474609 0.720215
0 0.516147 0.654297 0.249938 0.416016 0.217285
0 0.0407613 0.616211 0.0763156 0.121094 0.174927
0 0.498573 0.586914 0.195264 0.28125 0.0726318
0 0.501177 0.549805 0.130176 0.197266 0.0607605
0 0.556502 0.707031 0.174436 0.308594 0.0343628
0 0.0473514 0.59082 0.080709 0.183594 0.0202484
0 0.486857 0.534668 0.171832 0.243164 0.0173035
0 0.443981 0.67334 0.396873 0.454102 0.0166626
0 0.400941 0.688477 0.242127 0.396484 0.0142822
0 0.572448 0.734375 0.134732 0.25 0.0142822
0 0.454313 0.607422 0.165323 0.265625 0.0132217
0 0.517123 0.523438 0.10349 0.175781 0.0124283
0 0.471887 0.558594 0.227808 0.326172 0.0107346
0 0.435113 0.65625 0.156211 0.330078 0.00985718
0 0.40745 0.407349 0.102839 0.126709 0.00878143
0 0.460822 0.501953 0.21479 0.318359 0.00775528
0 0.526561 0.524902 0.110649 0.222656 0.00751877
0 0.173134 0.380005 0.0468633 0.0700684 0.00564194
0 0.530466 0.410645 0.0820107 0.128906 0.00536346
0 0.483603 0.664062 0.180944 0.347656 0.00534439
0 0.36319 0.36377 0.0715967 0.114258 0.00475693
0 0.0759901 0.603516 0.0924248 0.152344 0.00450516
0 0.398012 0.624512 0.14059 0.248047 0.00446701
0 0.274345 0.464844 0.0676914 0.0859375 0.00400543
0 0.782357 0.429199 0.0468633 0.180664 0.00395966
0 0.400941 0.444336 0.110649 0.176758 0.00379562
0 0.379462 0.294434 0.0663897 0.0742188 0.0037365
0 0.384019 0.573242 0.108046 0.177734 0.00362206
0 0.593764 0.724609 0.153282 0.272461 0.00348282
0 0.789516 0.458984 0.0611826 0.134766 0.00342941
0 0.393131 0.399536 0.0989336 0.128662 0.00341606
0 0.552596 0.620117 0.160116 0.353516 0.00309944
0 0.730286 0.373535 0.0598809 0.100586 0.00286674
0 0.041819 0.547852 0.064437 0.261719 0.00274658
0 0.302659 0.509766 0.11846 0.197266 0.00270462
0 0.583838 0.787598 0.122365 0.194336 0.00268364
0 0.534372 0.364014 0.0820107 0.147949 0.00255013
0 0.279227 0.431152 0.0572773 0.0976562 0.00244331
0 0.804486 0.44043 0.0872178 0.192383 0.0024147
0 0.796676 0.472168 0.0728984 0.129883 0.00237846
0 0.36254 0.290283 0.0572773 0.0649414 0.00235939
0 0.777149 0.405762 0.0416563 0.172852 0.00217438
0 0.0894552 0.566406 0.071678 0.160156 0.00197983
0 0.328694 0.351074 0.0650879 0.0820312 0.00186729
0 0.311771 0.416138 0.105442 0.126709 0.00183868
0 0.27459 0.521484 0.0912858 0.169922 0.0017271
0 0.376859 0.510742 0.160116 0.269531 0.00168705
0 0.536324 0.349121 0.0702949 0.113281 0.00157928
0 0.435763 0.553223 0.405498 0.743164 0.00157928
0 0.299404 0.700195 0.415261 0.480469 0.744629
0 0.520378 0.656738 0.236269 0.413086 0.303223
0 0.0387273 0.611816 0.072573 0.131836 0.266602
0 0.504431 0.598633 0.191358 0.296875 0.139404
0 0.49597 0.558105 0.149702 0.21582 0.125977
0 0.555525 0.71582 0.176388 0.306641 0.0545959
0 0.0449106 0.59082 0.080709 0.1875 0.0456848
0 0.404847 0.687988 0.230411 0.389648 0.0345459
0 0.45171 0.612305 0.135383 0.245117 0.0212402
0 0.57733 0.742188 0.122365 0.257812 0.018692
0 0.433485 0.665039 0.154909 0.341797 0.0174408
0 0.549016 0.66748 0.171181 0.297852 0.0160217
0 0.406148 0.651367 0.160116 0.296875 0.0134277
0 0.352451 0.694336 0.331297 0.419922 0.0117798
0 0.508987 0.532227 0.120413 0.186523 0.0108185
0 0.473514 0.582031 0.20763 0.265625 0.0103302
0 0.470585 0.673828 0.135383 0.321289 0.0088501
0 0.431533 0.672852 0.430882 0.466797 0.00806427
0 0.52233 0.542969 0.123016 0.25 0.00787354
0 0.60011 0.751953 0.139288 0.269531 0.00717545
0 0.0416563 0.549805 0.0680168 0.267578 0.00712204
0 0.404196 0.388184 0.106744 0.15918 0.00706482
0 0.0677728 0.602539 0.107883 0.164062 0.00706482
0 0.588232 0.776367 0.125294 0.216797 0.00624084
0 0.426326 0.473145 0.126271 0.256836 0.0051384
0 0.174436 0.379028 0.048165 0.0739746 0.00498199
0 0.384669 0.57666 0.113253 0.172852 0.00445175
0 0.528839 0.402344 0.0761528 0.118164 0.00443268
0 0.364492 0.370361 0.0728984 0.132324 0.0039444
0 0.271986 0.459961 0.0665524 0.0898438 0.00366402
0 0.641929 0.761719 0.213163 0.269531 0.00351143
0 0.381415 0.308594 0.075502 0.103516 0.00313568
0 0.544135 0.60498 0.178341 0.327148 0.00312424
0 0.277925 0.431641 0.0572773 0.103516 0.00298119
0 0.779102 0.421387 0.042958 0.180664 0.00296974
0 0.730286 0.368164 0.0585791 0.0917969 0.00292397
0 0.081848 0.570801 0.0846143 0.182617 0.00292397
0 0.403219 0.437012 0.106744 0.143555 0.00277901
0 0.479698 0.474487 0.178341 0.287354 0.00274658
0 0.0302252 0.584961 0.0604504 0.182617 0.00252151
0 0.788865 0.446411 0.0611826 0.159912 0.00227928
0 0.29558 0.495117 0.107883 0.177734 0.00223351
0 0.305913 0.411255 0.0989336 0.136475 0.00211525
0 0.805788 0.437012 0.0924248 0.197266 0.00210762
0 0.773244 0.401367 0.0390527 0.166016 0.00205803
0 0.53307 0.36377 0.0761528 0.148438 0.00198746
0 0.0790818 0.617188 0.088845 0.144531 0.00197983
0 0.326741 0.361816 0.0683423 0.106445 0.00190449
0 0.317629 0.580566 0.423722 0.713867 0.00182438
0 0.565288 0.755859 0.159465 0.25 0.00176811
0 0.307215 0.708008 0.403545 0.5 0.768555
0 0.0386459 0.612793 0.0720848 0.128906 0.36377
0 0.51452 0.657227 0.249287 0.417969 0.276611
0 0.0444225 0.591797 0.0784309 0.181641 0.072876
0 0.494017 0.562012 0.154909 0.21875 0.0678101
0 0.552922 0.705078 0.176388 0.316406 0.0366211
0 0.513543 0.605469 0.177039 0.318359 0.0340881
0 0.444632 0.677734 0.396873 0.462891 0.0197144
0 0.585791 0.73877 0.105442 0.248047 0.0154266
0 0.462775 0.611816 0.173134 0.274414 0.0141754
0 0.409728 0.405151 0.0989336 0.133057 0.0132217
0 0.477094 0.570312 0.219997 0.279297 0.0109863
0 0.395084 0.694336 0.249938 0.408203 0.0107346
0 0.514845 0.524414 0.100235 0.171875 0.0104904
0 0.0719221 0.603516 0.101537 0.158203 0.0100098
0 0.564963 0.732422 0.151004 0.25 0.00963593
0 0.428278 0.462036 0.128874 0.23999 0.00878143
0 0.040924 0.550781 0.064437 0.261719 0.00844574
0 0.529815 0.399414 0.0728984 0.112305 0.00818634
0 0.438692 0.660156 0.153607 0.347656 0.00784302
0 0.174924 0.380737 0.0491414 0.0725098 0.00775528
0 0.527863 0.529297 0.115856 0.248047 0.00748825
0 0.273044 0.462891 0.0683423 0.0917969 0.00728989
0 0.364167 0.368652 0.0683423 0.119141 0.00671768
0 0.402894 0.438965 0.101537 0.142578 0.00591278
0 0.394107 0.398438 0.100886 0.135742 0.00559998
0 0.60548 0.75 0.116833 0.261719 0.00551224
0 0.277925 0.435059 0.0598809 0.101562 0.00547028
0 0.475142 0.466797 0.187453 0.287109 0.00479126
0 0.598646 0.72998 0.15914 0.28418 0.00471878
0 0.294279 0.503418 0.109185 0.185547 0.00468063
0 0.591649 0.77832 0.113253 0.212891 0.00468063
0 0.0846549 0.568848 0.0819294 0.176758 0.00462723
0 0.382717 0.296387 0.0663897 0.0751953 0.00460815
0 0.383042 0.572754 0.102839 0.167969 0.00450516
0 0.532419 0.368164 0.0768037 0.146484 0.00426483
0 0.435519 0.539062 0.441133 0.802734 0.00415039
0 0.393131 0.612305 0.128223 0.222656 0.00408554
0 0.648113 0.762695 0.200796 0.261719 0.00395966
0 0.0545111 0.553711 0.0878687 0.249023 0.00385475
0 0.0329101 0.583496 0.0658201 0.186523 0.0037365
0 0.550969 0.608887 0.164672 0.335938 0.00365067
0 0.302333 0.419434 0.0924248 0.124023 0.00338936
0 0.776499 0.422363 0.0364492 0.165039 0.00307465
0 0.327392 0.35791 0.0611826 0.0878906 0.00304031
0 0.576679 0.76416 0.14059 0.223633 0.00291252
0 0.365143 0.287109 0.0494668 0.0585938 0.00275803
0 0.382717 0.51416 0.143193 0.25293 0.00270462
0 0.732239 0.366211 0.0559756 0.0917969 0.00269318
0 0.270033 0.518555 0.084777 0.167969 0.00252151
0 0.307215 0.70752 0.403545 0.500977 0.768555
0 0.0386459 0.612793 0.0720848 0.128906 0.36377
0 0.51452 0.657227 0.249287 0.417969 0.275879
0 0.0444225 0.591797 0.0784309 0.181641 0.072876
0 0.494017 0.562012 0.154909 0.21875 0.0678101
0 0.552922 0.705078 0.176388 0.316406 0.0368347
0 0.513543 0.605469 0.177039 0.318359 0.0340271
0 0.44455 0.677734 0.397036 0.462891 0.0197144
0 0.585791 0.739258 0.105442 0.248047 0.0155411
0 0.462449 0.611816 0.172483 0.274414 0.014061
0 0.409728 0.405151 0.0989336 0.133057 0.0131683
0 0.477094 0.570801 0.219997 0.279297 0.0109024
0 0.394758 0.694336 0.250588 0.408203 0.0108185
0 0.514845 0.524414 0.100235 0.171875 0.0104904
0 0.0719221 0.603516 0.101537 0.158203 0.0100098
0 0.564963 0.732422 0.151004 0.25 0.00971222
0 0.428278 0.462402 0.128874 0.239258 0.00878143
0 0.0408427 0.550781 0.064437 0.261719 0.00844574
0 0.529815 0.399414 0.0728984 0.112305 0.00818634
0 0.438692 0.660645 0.153607 0.348633 0.00787354
0 0.174924 0.380859 0.0491414 0.0732422 0.00784302
0 0.527863 0.529297 0.115856 0.248047 0.00748825
0 0.273044 0.463379 0.0683423 0.0917969 0.00734711
0 0.364492 0.369141 0.0689932 0.119141 0.00669098
0 0.402569 0.438965 0.100886 0.142578 0.00591278
0 0.394107 0.398438 0.100886 0.135742 0.00559998
0 0.605317 0.750977 0.115856 0.261719 0.00553513
0 0.277925 0.435059 0.0598809 0.101562 0.00551224
0 0.475467 0.466797 0.186802 0.287109 0.00477219
0 0.598646 0.730469 0.15914 0.285156 0.00471878
0 0.293872 0.503418 0.108697 0.185547 0.00469971
0 0.591649 0.77832 0.113253 0.212891 0.00469971
0 0.0844515 0.568848 0.0820107 0.176758 0.0046463
0 0.383042 0.296387 0.0657388 0.0751953 0.0045929
0 0.383042 0.572754 0.102839 0.167969 0.00450516
0 0.532419 0.368164 0.0768037 0.146484 0.00426483
0 0.435438 0.538574 0.441296 0.801758 0.00413513
0 0.393131 0.612305 0.128874 0.222656 0.0041008
0 0.648275 0.762695 0.200471 0.261719 0.00395966
0 0.0545111 0.553711 0.0878687 0.249023 0.00388527
0 0.032788 0.583496 0.0655761 0.186523 0.00374985
0 0.550969 0.608887 0.164672 0.335938 0.00365067
0 0.302333 0.4198 0.0924248 0.123291 0.00338936
0 0.776499 0.422363 0.0364492 0.165039 0.003088
0 0.327392 0.358398 0.0611826 0.0878906 0.00302696
0 0.576679 0.76416 0.14059 0.223633 0.00292397
0 0.365143 0.287109 0.0494668 0.0581055 0.00275803
0 0.382717 0.514648 0.143193 0.251953 0.00271416
0 0.732239 0.366211 0.0559756 0.0917969 0.00269318
0 0.270033 0.518555 0.084777 0.167969 0.00252151
