0 0.15556 0.670898 0.291594 0.527344 0.403564
0 0.157838 0.751953 0.315676 0.453125 0.212036
0 0.147424 0.594238 0.287038 0.368164 0.188354
0 0.162232 0.859375 0.324463 0.28125 0.0343018
0 0.204213 0.692871 0.206003 0.495117 0.0289307
0 0.158489 0.54834 0.316978 0.829102 0.0272217
0 0.209258 0.705078 0.416563 0.554688 0.0127716
0 0.576353 0.5802 0.539579 0.837646 0.0110703
0 0.5 0.5 1 1 0.00967407
0 0.416563 0.5 0.820107 1 0.00837708
0 0.629688 0.516479 0.740625 0.967041 0.00760651
0 0.5 0.5 1 1 0.00754929
0 0.5 0.5 1 1 0.00725937
0 0.675086 0.606445 0.649827 0.787109 0.00725937
0 0.425675 0.5 0.85135 1 0.00720596
0 0.475142 0.291931 0.252541 0.373169 0.00712204
0 0.32609 0.5 0.652181 1 0.00698471
0 0.63721 0.5 0.706855 1 0.00698471
0 0.0432834 0.905273 0.0865669 0.132812 0.0069046
0 0.656211 0.5 0.687578 1 0.00664139
0 0.5 0.53125 1 0.9375 0.00664139
0 0.165323 0.563965 0.330647 0.87207 0.00661469
0 0.205027 0.769043 0.275322 0.44043 0.00600433
0 0.5 0.5 1 1 0.00559998
0 0.496946 0.5 0.993892 1 0.00538635
0 0.5 0.5 1 1 0.00484848
0 0.643193 0.5 0.713613 1 0.00473785
0 0.168252 0.661743 0.336504 0.676514 0.00446701
0 0.452035 0.836914 0.180293 0.1875 0.00439835
0 0.213 0.789062 0.200145 0.404297 0.00382423
0 0.0495482 0.77832 0.0990963 0.394531 0.00349617
0 0.483278 0.559692 0.936615 0.880615 0.00349617
0 0.45529 0.852051 0.247985 0.295898 0.00316048
0 0.471236 0.214417 0.229109 0.216675 0.00228691
0 0.0576028 0.710449 0.115206 0.510742 0.00226021
0 0.217719 0.75 0.158164 0.351562 0.00221634
0 0.138963 0.491211 0.277925 0.982422 0.00198746
0 0.200471 0.872559 0.367096 0.254883 0.00194168
0 0.862415 0.70459 0.264257 0.59082 0.00193405
0 0.513543 0.545898 0.384019 0.908203 0.0018177
0 0.138271 0.385742 0.270196 0.607422 0.0017271
0 0.502479 0.840332 0.37751 0.319336 0.00144958
0 0.0393782 0.595215 0.0787564 0.321289 0.00142097
0 0.191196 0.669922 0.382391 0.660156 0.00129986
0 0.239849 0.831055 0.242778 0.322266 0.00127888
0 0.484254 0.308044 0.359285 0.417114 0.00119209
0 0.14836 0.268066 0.255226 0.383789 0.00118828
0 0.18908 0.769043 0.378161 0.461914 0.00116062
0 0.517449 0.706543 0.386622 0.520508 0.00103188
0 0.144821 0.717773 0.289641 0.460938 0.595703
0 0.136034 0.711914 0.272067 0.554688 0.105774
0 0.129525 0.709473 0.25905 0.581055 0.0310822
0 0.175575 0.755859 0.155886 0.333984 0.0268555
0 0.256121 0.666992 0.512242 0.613281 0.0248413
0 0.259375 0.524414 0.51875 0.876953 0.0179901
0 0.429906 0.391113 0.0566265 0.0791016 0.0150146
0 0.137335 0.565308 0.274671 0.724854 0.0125275
0 0.365143 0.835938 0.730286 0.328125 0.0115509
0 0.368397 0.5177 0.736795 0.9646 0.00967407
0 0.418515 0.301819 0.273369 0.420776 0.0086441
0 0.169595 0.762207 0.222519 0.334961 0.00837708
0 0.5 0.5 1 1 0.008255
0 0.692986 0.594727 0.614029 0.810547 0.0077858
0 0.591123 0.5 0.817754 1 0.00760651
0 0.164184 0.741211 0.328368 0.517578 0.00706482
0 0.503905 0.5 0.99219 1 0.00703812
0 0.0349034 0.920898 0.0698068 0.078125 0.00677109
0 0.104792 0.5 0.209583 1 0.00674438
0 0.5 0.5 1 1 0.00638962
0 0.608046 0.503418 0.783908 0.993164 0.00636292
0 0.637986 0.469727 0.724027 0.939453 0.00626373
0 0.882066 0.604492 0.235868 0.791016 0.00624084
0 0.513668 0.429199 0.972663 0.858398 0.00588989
0 0.703725 0.399902 0.59255 0.799805 0.00564194
0 0.479698 0.5 0.959396 1 0.00547028
0 0.873605 0.801758 0.252791 0.396484 0.00518036
0 0.358309 0.536621 0.40745 0.875977 0.00500107
0 0.792245 0.737793 0.415511 0.524414 0.0049057
0 0.448781 0.856689 0.897562 0.286621 0.00481033
0 0.678341 0.841797 0.643318 0.316406 0.00471878
0 0.725204 0.791504 0.549592 0.416992 0.0045929
0 0.470585 0.294678 0.372303 0.449707 0.00424957
0 0.780692 0.5 0.438617 1 0.00403976
0 0.0434462 0.917969 0.0868923 0.0703125 0.00383949
0 0.0389714 0.597656 0.0779428 0.166992 0.00352478
0 0.473514 0.5 0.947029 1 0.0028553
0 0.110812 0.47998 0.221624 0.834961 0.00284576
0 0.335935 0.425903 0.39427 0.673584 0.00266266
0 0.446828 0.323486 0.559105 0.500488 0.00240517
0 0.130664 0.355957 0.109348 0.0722656 0.00218201
0 0.468633 0.456177 0.381415 0.743896 0.00218201
0 0.256772 0.764893 0.513543 0.470215 0.00211525
0 0.853102 0.858398 0.293796 0.283203 0.00210762
0 0.91461 0.662598 0.17078 0.629883 0.00198746
0 0.439343 0.310303 0.180944 0.375488 0.00192642
0 0.304042 0.588501 0.495807 0.822998 0.00177479
0 0.808392 0.712402 0.361889 0.551758 0.00176144
0 0.0421444 0.571289 0.0842888 0.205078 0.0017004
0 0.212024 0.796875 0.254168 0.347656 0.00162315
0 0.14417 0.681641 0.280529 0.503906 0.878906
0 0.676914 0.588379 0.624844 0.762695 0.808594
0 0.703112 0.671387 0.554223 0.62207 0.342529
0 0.491414 0.287048 0.318931 0.402466 0.260498
0 0.190057 0.772461 0.376859 0.408203 0.257568
0 0.180293 0.242737 0.352776 0.441284 0.253174
0 0.606619 0.525391 0.617033 0.902344 0.212036
0 0.206654 0.539551 0.413308 0.862305 0.174438
0 0.145471 0.682617 0.290943 0.535156 0.132568
0 0.149377 0.245117 0.290943 0.338867 0.129395
0 0.780892 0.685059 0.437716 0.602539 0.114563
0 0.130989 0.745117 0.261979 0.363281 0.101929
0 0.334552 0.415894 0.669104 0.664307 0.0669556
0 0.335854 0.273193 0.671707 0.438965 0.0623169
0 0.379137 0.521484 0.727032 0.910156 0.0608521
0 0.843013 0.686523 0.313974 0.583984 0.0562439
0 0.481 0.218201 0.294197 0.246216 0.0467224
0 0.165811 0.293884 0.319256 0.349731 0.0328979
0 0.162882 0.74707 0.222275 0.324219 0.0308533
0 0.214465 0.292969 0.350824 0.410156 0.0274811
0 0.232852 0.777344 0.281505 0.380859 0.0228882
0 0.540229 0.43103 0.479047 0.692627 0.0219421
0 0.415912 0.282471 0.428278 0.397949 0.0188751
0 0.64775 0.587402 0.704501 0.825195 0.0173798
0 0.393456 0.246338 0.786913 0.492676 0.0165253
0 0.626108 0.427246 0.747784 0.836914 0.0157776
0 0.674961 0.595703 0.47384 0.545898 0.0138474
0 0.568868 0.582031 0.808392 0.835938 0.013588
0 0.274345 0.775391 0.546087 0.412109 0.0125275
0 0.474165 0.581177 0.707505 0.831787 0.0125275
0 0.643031 0.789307 0.713939 0.421387 0.0109863
0 0.559105 0.657349 0.540229 0.650146 0.0103683
0 0.943899 0.524414 0.112201 0.296875 0.0103302
0 0.880113 0.681641 0.239773 0.525391 0.00933838
0 0.413308 0.332031 0.300706 0.436523 0.00908661
0 0.406799 0.580078 0.795374 0.839844 0.0088501
0 0.452361 0.824707 0.114555 0.125977 0.00871277
0 0.264094 0.245605 0.528188 0.491211 0.00871277
0 0.44032 0.764648 0.164672 0.28125 0.0086441
0 0.396711 0.681152 0.305262 0.450195 0.00831604
0 0.954314 0.467773 0.091373 0.166016 0.00812531
0 0.85916 0.750488 0.278576 0.442383 0.00787354
0 0.486207 0.289795 0.972413 0.57959 0.00746155
0 0.595066 0.731445 0.601087 0.511719 0.00703812
0 0.443249 0.834473 0.16272 0.182617 0.0068512
0 0.322836 0.570801 0.645672 0.858398 0.00631332
0 0.618335 0.411621 0.164021 0.21582 0.00600433
0 0.48881 0.802246 0.76283 0.395508 0.00593567
0 0.379788 0.675293 0.719221 0.604492 0.00568771
0 0.907776 0.540039 0.184449 0.435547 0.00564194
0 0.1663 0.64563 0.332599 0.654053 0.547852
0 0.144495 0.683594 0.28899 0.59375 0.144653
0 0.152957 0.495117 0.305913 0.990234 0.107056
0 0.130827 0.408691 0.261653 0.817383 0.0360718
0 0.748511 0.648926 0.489461 0.645508 0.0345459
0 0.125457 0.206543 0.250914 0.407227 0.0309601
0 0.192335 0.759766 0.193311 0.433594 0.0272217
0 0.87348 0.688965 0.242127 0.577148 0.0249329
0 0.2034 0.646484 0.382717 0.65625 0.0223694
0 0.354648 0.66748 0.513055 0.584961 0.0193787
0 0.393456 0.713867 0.405498 0.458984 0.0185394
0 0.817504 0.674805 0.346268 0.587891 0.0179901
0 0.196565 0.68457 0.393131 0.630859 0.0167847
0 0.717394 0.527832 0.565213 0.854492 0.0157776
0 0.685376 0.672363 0.442598 0.563477 0.0154877
0 0.124237 0.235352 0.248473 0.470703 0.0149536
0 0.0491414 0.914062 0.0585791 0.0664062 0.0139542
0 0.270277 0.517578 0.540555 0.9375 0.0113297
0 0.486207 0.710938 0.272067 0.457031 0.0109482
0 0.0366119 0.916992 0.0732239 0.0800781 0.0107346
0 0.115694 0.199219 0.219997 0.398438 0.0102463
0 0.598158 0.696289 0.296801 0.494141 0.00989532
0 0.510615 0.65918 0.32609 0.599609 0.00787354
0 0.871001 0.687988 0.257998 0.624023 0.00703812
0 0.903545 0.88501 0.19291 0.22998 0.00629044
0 0.656086 0.989258 0.575377 0.0214844 0.00621796
0 0.54088 0.987305 0.661293 0.0253906 0.00600433
0 0.823487 0.967773 0.353026 0.0644531 0.00595856
0 0.176551 0.578125 0.126596 0.308594 0.00568771
0 0.0312422 0.696289 0.0624844 0.164062 0.00551224
0 0.777312 0.467773 0.429255 0.935547 0.00524139
0 0.239523 0.73877 0.479047 0.522461 0.00516129
0 0.0883568 0.216797 0.176714 0.433594 0.0050621
0 0.184199 0.732422 0.368397 0.535156 0.00496292
0 0.133756 0.730957 0.267511 0.532227 0.00479126
0 0.894433 0.706543 0.211135 0.586914 0.00477219
0 0.146773 0.363281 0.0742002 0.0771484 0.00471878
0 0.105809 0.167969 0.169147 0.335938 0.00469971
0 0.750588 0.987305 0.498823 0.0253906 0.00468063
0 0.857983 0.510742 0.284033 0.945312 0.00462723
0 0.447154 0.555664 0.425675 0.857422 0.0045929
0 0.625495 0.449219 0.542833 0.898438 0.00441742
0 0.119436 0.257874 0.238873 0.363159 0.00439835
0 0.369699 0.927246 0.702949 0.145508 0.00434875
0 0.916563 0.444824 0.166875 0.889648 0.00407028
0 0.883693 0.637695 0.232614 0.716797 0.00400543
0 0.301032 0.789551 0.602063 0.420898 0.00400543
0 0.753517 0.5 0.492965 1 0.00399017
0 0.124806 0.545898 0.249612 0.448242 0.00387001
0 0.200959 0.747559 0.161743 0.352539 0.00387001
0 0.137335 0.648315 0.274671 0.625244 0.408203
0 0.133105 0.60791 0.266209 0.709961 0.2323
0 0.578957 0.484863 0.805137 0.969727 0.217285
0 0.886297 0.647949 0.227407 0.62793 0.114563
0 0.65755 0.560669 0.673985 0.847412 0.111816
0 0.828043 0.620972 0.343914 0.732666 0.0849609
0 0.158977 0.534668 0.317954 0.868164 0.0825195
0 0.376859 0.493042 0.753718 0.968994 0.062439
0 0.280203 0.526367 0.560407 0.908203 0.051178
0 0.836504 0.645996 0.326991 0.655273 0.039856
0 0.812422 0.576172 0.375156 0.820312 0.0395508
0 0.317629 0.630859 0.635258 0.699219 0.0305634
0 0.793546 0.494629 0.412907 0.989258 0.0288696
0 0.461148 0.280334 0.266209 0.383667 0.028595
0 0.219672 0.810547 0.187453 0.361328 0.0273743
0 0.277193 0.387329 0.537789 0.746826 0.025177
0 0.141241 0.330811 0.216092 0.169434 0.0244751
0 0.619637 0.355469 0.571472 0.606445 0.0235596
0 0.132454 0.239014 0.223251 0.338379 0.0219116
0 0.720323 0.636719 0.559355 0.669922 0.0213623
0 0.716092 0.5 0.567816 1 0.0207672
0 0.645021 0.358887 0.709458 0.717773 0.0207214
0 0.0515822 0.90332 0.075502 0.0957031 0.0204926
0 0.473514 0.373047 0.628098 0.605469 0.0202484
0 0.141566 0.765625 0.283132 0.40625 0.0201721
0 0.241151 0.859375 0.216743 0.261719 0.0190582
0 0.320883 0.386719 0.641767 0.773438 0.0177765
0 0.130501 0.490234 0.261002 0.980469 0.016983
0 0.926201 0.519043 0.147099 0.358398 0.0144501
0 0.192335 0.792969 0.176388 0.388672 0.0139542
0 0.199006 0.617065 0.149377 0.539307 0.0136871
0 0.442272 0.194336 0.189406 0.217773 0.0135345
0 0.202098 0.759277 0.144495 0.379883 0.0131226
0 0.46668 0.210449 0.255145 0.23877 0.0130234
0 0.248148 0.90625 0.224879 0.175781 0.0122375
0 0.141607 0.289551 0.241395 0.307617 0.0119629
0 0.123179 0.605469 0.243429 0.378906 0.0117798
0 0.853953 0.683105 0.278576 0.633789 0.0115967
0 0.248798 0.734375 0.256121 0.509766 0.0107346
0 0.93336 0.47644 0.132779 0.258057 0.0101318
0 0.151004 0.399292 0.214139 0.138916 0.00955963
0 0.863065 0.532227 0.252541 0.308594 0.00867462
0 0.452361 0.808594 0.156862 0.144531 0.00861359
0 0.440645 0.323669 0.210885 0.463013 0.00787354
0 0.30274 0.713867 0.373442 0.548828 0.00775528
0 0.459521 0.158691 0.186151 0.204102 0.00769424
0 0.835729 0.53418 0.182246 0.246094 0.00763702
0 0.218858 0.652222 0.425349 0.679932 0.00748825
0 0.822711 0.585449 0.213488 0.324219 0.00723267
0 0.100235 0.126221 0.130827 0.234863 0.00677109
0 0.137335 0.68457 0.274671 0.552734 0.378418
0 0.813398 0.6875 0.373204 0.609375 0.139404
0 0.72195 0.65918 0.556101 0.654297 0.107239
0 0.630051 0.564941 0.736795 0.850586 0.106689
0 0.286712 0.521973 0.573424 0.901367 0.0985718
0 0.457893 0.318848 0.27402 0.414062 0.0797729
0 0.126921 0.597656 0.253843 0.380859 0.0592041
0 0.263281 0.671875 0.526561 0.617188 0.0585632
0 0.175086 0.733398 0.350173 0.533203 0.0533142
0 0.430882 0.522949 0.325439 0.821289 0.0460205
0 0.143356 0.549316 0.286712 0.84668 0.0420837
0 0.417213 0.522461 0.834427 0.914062 0.0396423
0 0.464077 0.253174 0.260352 0.278809 0.0290375
0 0.431858 0.352295 0.349522 0.473145 0.0263519
0 0.864367 0.581909 0.260352 0.551025 0.0252228
0 0.846268 0.565918 0.307465 0.790039 0.0239563
0 0.68147 0.75293 0.62224 0.494141 0.0239105
0 0.854729 0.675293 0.290542 0.524414 0.0222931
0 0.136359 0.277344 0.272718 0.316406 0.0196075
0 0.439018 0.364258 0.208281 0.50293 0.0179138
0 0.445201 0.844727 0.182246 0.230469 0.0165253
0 0.305262 0.372559 0.610524 0.520508 0.0162811
0 0.167601 0.822754 0.335203 0.354492 0.0148392
0 0.138963 0.35083 0.277925 0.455566 0.014061
0 0.793546 0.491211 0.412907 0.867188 0.0137405
0 0.617033 0.695312 0.580584 0.587891 0.0133286
0 0.441947 0.342041 0.16272 0.374512 0.0124283
0 0.210275 0.834961 0.331216 0.322266 0.0120544
0 0.499956 0.705078 0.51273 0.552734 0.0112915
0 0.154909 0.389526 0.309818 0.562744 0.0112
0 0.894308 0.52356 0.210885 0.503662 0.0104065
0 0.465378 0.479492 0.0924248 0.181641 0.00878143
0 0.797978 0.727051 0.296801 0.545898 0.00844574
0 0.577004 0.732422 0.413308 0.507812 0.00831604
0 0.915136 0.419922 0.169229 0.614258 0.008255
0 0.459521 0.215881 0.238222 0.210815 0.00754929
0 0.624193 0.688965 0.39964 0.62207 0.00674438
0 0.817504 0.789062 0.354078 0.416016 0.00669098
0 0.802333 0.834473 0.395334 0.329102 0.00661469
0 0.84822 0.60791 0.30356 0.78418 0.0064621
0 0.44455 0.758789 0.209583 0.398438 0.006073
0 0.427627 0.606934 0.213488 0.604492 0.00600433
0 0.120087 0.535645 0.240174 0.27832 0.00591278
0 0.360912 0.738281 0.387273 0.496094 0.00559998
0 0.842237 0.594727 0.200471 0.267578 0.0055542
0 0.589045 0.3479 0.657388 0.519043 0.0055542
0 0.472538 0.858398 0.273369 0.246094 0.00538635
0 0.381415 0.639648 0.35538 0.710938 0.00518036
0 0.187779 0.75 0.152306 0.433594 0.00516129
0 0.0676914 0.567383 0.135383 0.294922 0.00479126
0 0.163696 0.667969 0.327392 0.615234 0.435791
0 0.660642 0.688477 0.673009 0.623047 0.27832
0 0.609022 0.598633 0.781956 0.798828 0.0895996
0 0.183873 0.74707 0.358634 0.501953 0.0840454
0 0.74965 0.69873 0.487183 0.602539 0.0558167
0 0.252216 0.66394 0.499875 0.646729 0.0549927
0 0.173297 0.691895 0.217068 0.545898 0.037384
0 0.222112 0.807617 0.26263 0.351562 0.0354919
0 0.204376 0.794434 0.17053 0.323242 0.033905
0 0.27402 0.747559 0.538928 0.500977 0.0288696
0 0.171181 0.787109 0.260352 0.375 0.0235596
0 0.363516 0.718262 0.65153 0.555664 0.0214539
0 0.137498 0.65918 0.269789 0.490234 0.0198669
0 0.521354 0.649414 0.853953 0.689453 0.0165253
0 0.758887 0.541992 0.482226 0.876953 0.0129242
0 0.41461 0.865234 0.699044 0.263672 0.0123367
0 0.174924 0.607422 0.349847 0.755859 0.0119629
0 0.828043 0.651489 0.343914 0.681396 0.0118713
0 0.349522 0.524414 0.69644 0.916016 0.0117798
0 0.815025 0.51123 0.369949 0.958008 0.008255
0 0.49597 0.842773 0.782357 0.306641 0.00800323
0 0.830522 0.714844 0.257748 0.544922 0.00609589
0 0.118094 0.608887 0.233096 0.379883 0.00582123
0 0.2405 0.859375 0.253192 0.257812 0.00572968
0 0.484905 0.366699 0.0689932 0.0791016 0.0041008
0 0.157675 0.492188 0.315351 0.763672 0.00405502
0 0.193636 0.768066 0.387273 0.463867 0.0039444
0 0.781055 0.698242 0.322836 0.525391 0.00374985
0 0.200471 0.833984 0.335203 0.332031 0.0037365
0 0.360587 0.822998 0.693837 0.354004 0.00333786
0 0.682572 0.45459 0.634857 0.868164 0.00332451
0 0.68485 0.719238 0.630301 0.561523 0.00324821
0 0.470016 0.87207 0.448944 0.251953 0.00317192
0 0.269789 0.791016 0.539579 0.417969 0.00314713
0 0.871527 0.70752 0.243429 0.584961 0.00282288
0 0.602714 0.763672 0.765434 0.472656 0.00279045
0 0.208769 0.69873 0.179968 0.602539 0.00253105
0 0.782357 0.791992 0.307215 0.416016 0.00243378
0 0.863065 0.8125 0.268162 0.375 0.00236893
0 0.712224 0.654297 0.322511 0.570312 0.00219917
0 0.477094 0.866211 0.709458 0.267578 0.00219154
0 0.130827 0.311035 0.261653 0.233398 0.00203514
0 0.249938 0.765625 0.23692 0.417969 0.00191879
0 0.135708 0.298767 0.270115 0.36731 0.00172043
0 0.378812 0.550293 0.757623 0.899414 0.00166798
0 0.134732 0.553711 0.263606 0.353516 0.0016613
0 0.877385 0.859863 0.242127 0.280273 0.00162888
0 0.467006 0.792969 0.114555 0.0820312 0.00157928
0 0.251321 0.900146 0.230248 0.172363 0.00154305
0 0.721825 0.818848 0.477745 0.362305 0.00141048
0 0.171181 0.671387 0.342362 0.606445 0.34082
0 0.791268 0.678711 0.417463 0.609375 0.0420227
0 0.180619 0.662109 0.184199 0.572266 0.0394897
0 0.138637 0.60498 0.277274 0.430664 0.0278473
0 0.226343 0.787109 0.263931 0.341797 0.0174408
0 0.0820107 0.619629 0.153607 0.49707 0.0137405
0 0.197704 0.780273 0.172157 0.345703 0.0118713
0 0.655435 0.626953 0.687328 0.703125 0.0100098
0 0.482627 0.801758 0.0768037 0.0927734 0.00997162
0 0.443899 0.824219 0.157513 0.146484 0.00941467
0 0.199169 0.791016 0.1484 0.265625 0.00888062
0 0.143885 0.681641 0.265477 0.525391 0.00871277
0 0.175412 0.842285 0.109999 0.157227 0.00837708
0 0.15198 0.589722 0.30396 0.732666 0.00809479
0 0.498573 0.3396 0.0950283 0.122559 0.00766754
0 0.0930757 0.567871 0.177365 0.319336 0.00763702
0 0.179154 0.667847 0.358309 0.619385 0.00602722
0 0.229109 0.630737 0.458219 0.676025 0.00540543
0 0.0384832 0.914062 0.0675287 0.0839844 0.00516129
0 0.1663 0.364258 0.143844 0.0927734 0.00445175
0 0.196891 0.737305 0.145146 0.373047 0.00366402
0 0.877385 0.642578 0.24473 0.486328 0.00324821
0 0.146285 0.358154 0.29257 0.483887 0.00323486
0 0.627572 0.552246 0.744856 0.895508 0.00314713
0 0.148563 0.309082 0.263931 0.230469 0.00305176
0 0.265396 0.541016 0.530792 0.865234 0.0028553
0 0.938367 0.485229 0.123266 0.293213 0.00243378
0 0.874781 0.561646 0.249938 0.39624 0.00226974
0 0.202423 0.29126 0.376208 0.361816 0.00225258
0 0.163208 0.251953 0.298428 0.323242 0.00224304
0 0.490112 0.278748 0.368397 0.348755 0.00224304
0 0.29737 0.68457 0.544298 0.554688 0.00214005
0 0.860587 0.664185 0.278826 0.626709 0.0020752
0 0.157879 0.816406 0.17891 0.242188 0.0020504
0 0.472538 0.779785 0.138637 0.189453 0.00204277
0 0.219672 0.80957 0.204376 0.291016 0.00204277
0 0.842362 0.613403 0.315275 0.656006 0.00204277
0 0.497922 0.814453 0.0833125 0.146484 0.00203514
0 0.890402 0.523926 0.216092 0.313477 0.00194168
0 0.13701 0.44043 0.232364 0.238281 0.00184631
0 0.487508 0.273193 0.187453 0.270996 0.00182438
0 0.0727357 0.300293 0.128549 0.254883 0.0018034
0 0.930231 0.557617 0.139538 0.40332 0.00174141
0 0.961473 0.558594 0.0770537 0.400391 0.00170708
0 0.485556 0.297852 0.28118 0.341797 0.0017004
0 0.916438 0.64209 0.166625 0.612305 0.00165462
0 0.444876 0.769531 0.199169 0.296875 0.00162888
0 0.033683 0.588379 0.0585791 0.141602 0.00153065
0 0.359611 0.546753 0.690583 0.890869 0.00151253
0 0.147587 0.391113 0.176388 0.119141 0.00144958
0 0.161093 0.683105 0.322185 0.581055 0.587891
0 0.157025 0.487305 0.314049 0.974609 0.168823
0 0.135546 0.661133 0.271091 0.544922 0.141235
0 0.838132 0.69043 0.323737 0.564453 0.0626831
0 0.834552 0.575684 0.330896 0.836914 0.0383301
0 0.699169 0.574341 0.601662 0.835693 0.0332642
0 0.22016 0.814453 0.254819 0.339844 0.0317993
0 0.758724 0.686523 0.482551 0.595703 0.0303345
0 0.138963 0.252502 0.264908 0.319214 0.0263519
0 0.217719 0.525391 0.435438 0.886719 0.0200195
0 0.790943 0.678101 0.418114 0.643799 0.0188293
0 0.180131 0.803711 0.260677 0.359375 0.0160217
0 0.870876 0.712402 0.256446 0.563477 0.0149002
0 0.191033 0.438965 0.382066 0.701172 0.0146713
0 0.865143 0.493164 0.269714 0.986328 0.0113297
0 0.216255 0.644531 0.432509 0.644531 0.0102081
0 0.456917 0.289551 0.134081 0.219727 0.00963593
0 0.194776 0.785645 0.170205 0.352539 0.00959778
0 0.479698 0.781738 0.0520703 0.0673828 0.00912476
0 0.326416 0.530273 0.652832 0.904297 0.00784302
0 0.826616 0.689453 0.242127 0.527344 0.00775528
0 0.144658 0.785156 0.289316 0.402344 0.00734711
0 0.239849 0.364746 0.0624844 0.0742188 0.00709534
0 0.180944 0.831055 0.361889 0.337891 0.00600433
0 0.971887 0.662598 0.0562256 0.674805 0.00575256
0 0.658164 0.671387 0.683673 0.657227 0.00534439
0 0.783783 0.469849 0.432434 0.935303 0.00521851
0 0.453337 0.516602 0.796025 0.919922 0.00503922
0 0.0589859 0.258545 0.10528 0.312988 0.00488663
0 1 0.69873 0 0.602539 0.00479126
0 0.504757 0.787109 0.0735493 0.111328 0.00455475
0 0.152794 0.277344 0.305588 0.43457 0.00455475
0 0.590347 0.529297 0.712062 0.904297 0.00439835
0 0.437391 0.286133 0.208932 0.31543 0.00432968
0 0.0597995 0.26123 0.0844515 0.261719 0.00429916
0 0.246846 0.855957 0.228784 0.266602 0.00429916
0 0.047026 0.708008 0.094052 0.583984 0.00419998
0 0.0465378 0.904297 0.0761528 0.126953 0.00416565
0 0.0406799 0.453613 0.0813599 0.741211 0.00415039
0 0.0368967 0.437012 0.0737934 0.795898 0.00408554
0 0.830522 0.667969 0.18485 0.46875 0.0039444
0 0.758274 0.689941 0.262955 0.561523 0.00392914
0 0.0647625 0.475586 0.129525 0.744141 0.00365067
0 0.448456 0.687988 0.22195 0.405273 0.00356483
0 0.0466192 0.311035 0.0932384 0.521484 0.00355148
0 0.307866 0.25 0.615731 0.37207 0.00348282
0 0.128386 0.425781 0.252866 0.638672 0.00346947
0 0.450083 0.689941 0.182246 0.317383 0.00340271
0 0.479698 0.624512 0.127572 0.374023 0.00332451
0 0.0515822 0.470825 0.103164 0.640381 0.00309944
0 0.169717 0.686035 0.339433 0.602539 0.211426
0 0.178829 0.56543 0.357658 0.845703 0.140869
0 0.489461 0.367676 0.0533721 0.0683594 0.122131
0 0.26686 0.536255 0.533721 0.853271 0.0476074
0 0.379462 0.546387 0.748511 0.844727 0.0437012
0 0.475142 0.474609 0.0442598 0.0644531 0.0417786
0 0.0449106 0.617188 0.0885195 0.276367 0.0232849
0 0.220323 0.799805 0.253192 0.347656 0.0230255
0 0.858634 0.598145 0.282731 0.75293 0.0216217
0 0.196565 0.807617 0.181595 0.324219 0.0201416
0 0.139125 0.640137 0.278251 0.461914 0.0191956
0 0.640465 0.554565 0.713363 0.806885 0.0167236
0 0.163533 0.510254 0.327067 0.928711 0.0154266
0 0.429255 0.391602 0.0403545 0.0458984 0.0140076
0 0.0805463 0.714844 0.15914 0.503906 0.0138474
0 0.173459 0.753418 0.233666 0.407227 0.0133743
0 0.802659 0.574341 0.394683 0.741943 0.0132217
0 0.0624844 0.585449 0.122365 0.37207 0.0110703
0 0.165161 0.599609 0.330321 0.664062 0.0106506
0 0.495644 0.342773 0.104141 0.111328 0.0104065
0 0.336179 0.272949 0.648926 0.323242 0.0104065
0 0.470585 0.275879 0.249938 0.275391 0.00978088
0 0.034822 0.655762 0.069644 0.211914 0.0088501
0 0.201284 0.682129 0.183873 0.516602 0.00878143
0 0.462043 0.373047 0.526073 0.514648 0.008255
0 0.529165 0.32428 0.463426 0.41687 0.00757599
0 0.829345 0.665527 0.341311 0.616211 0.00731659
0 0.135057 0.233887 0.228784 0.302734 0.00717545
0 0.71837 0.610229 0.56326 0.701416 0.00709534
0 0.29257 0.65918 0.574075 0.603516 0.00695801
0 0.508336 0.266113 0.42958 0.330078 0.00682449
0 0.478396 0.788086 0.0663897 0.0761719 0.00636292
0 0.492064 0.255432 0.313724 0.284058 0.00605011
0 0.173134 0.27533 0.322185 0.309692 0.00602722
0 0.113904 0.201904 0.180293 0.215332 0.00577545
0 0.129037 0.571289 0.258074 0.472656 0.00572968
0 0.840084 0.491211 0.319832 0.597656 0.00477219
0 0.74229 0.5 0.515421 0.668945 0.00418091
0 0.533721 0.279541 0.605317 0.356934 0.00407028
0 0.104751 0.47937 0.201854 0.662354 0.00402451
0 0.154584 0.315186 0.28899 0.42627 0.00395966
0 0.204701 0.765625 0.162069 0.306641 0.00385475
0 0.571472 0.338379 0.0585791 0.0878906 0.00298119
0 0.115165 0.712891 0.224635 0.521484 0.0028553
0 0.041819 0.915039 0.075502 0.101562 0.00271416
0 0.191847 0.399414 0.0911231 0.0771484 0.00269318
0 0.145471 0.451172 0.279227 0.742188 0.00264168
0 0.177527 0.813477 0.334877 0.345703 0.00263214
0 0.430556 0.373779 0.173134 0.348145 0.00251198
0 0.108371 0.308105 0.198518 0.422852 0.00226021
0 0.169066 0.692871 0.334877 0.573242 0.507812
0 0.188104 0.792969 0.275973 0.367188 0.085083
0 0.183222 0.77832 0.203725 0.357422 0.0350037
0 0.218655 0.831543 0.271498 0.313477 0.0218201
0 0.122853 0.713867 0.23334 0.507812 0.0211182
0 0.16695 0.546997 0.333901 0.866943 0.0201721
0 0.176022 0.846191 0.322917 0.288086 0.0134277
0 0.0493854 0.616211 0.0903095 0.272461 0.0115051
0 0.16874 0.688477 0.230737 0.501953 0.0111618
0 0.143193 0.773438 0.279878 0.388672 0.00891876
0 0.135383 0.658203 0.270766 0.498047 0.00695801
0 0.0411681 0.658203 0.0764783 0.287109 0.00666809
0 0.11126 0.600098 0.215522 0.40918 0.00503922
0 0.157025 0.5 0.314049 1 0.00441742
0 0.0535348 0.727051 0.100886 0.499023 0.00370789
0 0.152143 0.321045 0.291919 0.447754 0.00338936
0 0.856557 0.687012 0.283783 0.506836 0.00314713
0 0.132454 0.711914 0.264908 0.576172 0.00307465
0 0.0508499 0.732422 0.1017 0.535156 0.00282288
0 0.131478 0.265381 0.242778 0.313965 0.00273705
0 0.189243 0.760742 0.37393 0.478516 0.00255013
0 0.242778 0.541992 0.485556 0.900391 0.00248146
0 0.048165 0.898682 0.0748511 0.124512 0.00244331
0 0.0549179 0.797363 0.0932384 0.325195 0.00242424
0 0.0390934 0.602661 0.0781868 0.525146 0.0024147
0 0.489786 0.300049 0.0904722 0.215332 0.00240517
0 0.818605 0.708984 0.36279 0.578125 0.00213242
0 0.764295 0.700195 0.413634 0.53125 0.00211525
0 0.823362 0.700195 0.201772 0.513672 0.00209999
0 0.148563 0.408691 0.297126 0.615234 0.00209045
0 0.116182 0.548706 0.219997 0.588135 0.00206757
0 0.133715 0.853027 0.26564 0.266602 0.00202751
0 0.0240825 0.543457 0.048165 0.668945 0.00191879
0 0.481 0.373535 0.069644 0.0927734 0.00186729
0 0.135546 0.19751 0.209908 0.277344 0.00186062
0 0.266535 0.685547 0.53307 0.591797 0.00182438
0 0.428278 0.385742 0.0553247 0.0585938 0.00178242
0 0.784797 0.496094 0.427302 0.992188 0.00173378
0 0.481976 0.26709 0.227157 0.301758 0.0017271
0 0.467982 0.557739 0.308517 0.87085 0.00172043
0 0.169229 0.234375 0.338457 0.46875 0.00166798
0 0.0855906 0.892822 0.15914 0.194824 0.00165462
0 0.800055 0.901855 0.39989 0.196289 0.00163555
0 0.476118 0.327637 0.293546 0.438477 0.00163555
0 0.700183 0.496582 0.518425 0.993164 0.00161076
0 0.140915 0.553589 0.269464 0.373291 0.00156116
0 0.439669 0.276611 0.173134 0.277832 0.00154305
0 0.0995845 0.229431 0.158814 0.260864 0.00153637
0 0.0379137 0.912109 0.069644 0.136719 0.00153637
0 0.173134 0.000488281 0.346268 0.000976562 0.00152493
0 0.167886 0.696289 0.328124 0.587891 0.370117
0 0.168537 0.546387 0.327473 0.907227 0.021286
0 0.163533 0.65625 0.327067 0.564453 0.0120544
0 0.193962 0.708496 0.387924 0.583008 0.00948334
0 0.23692 0.5625 0.47384 0.869141 0.00837708
0 0.210559 0.788086 0.246683 0.380859 0.00643921
0 0.121226 0.711426 0.242452 0.577148 0.00518036
0 0.171995 0.810059 0.343339 0.352539 0.0050621
0 0.141892 0.754395 0.283783 0.452148 0.00453949
0 0.170164 0.3396 0.310551 0.48877 0.00397491
0 0.246358 0.729004 0.492715 0.541992 0.00300407
0 0.147139 0.260681 0.26027 0.308716 0.00261116
0 0.881941 0.68457 0.235618 0.556641 0.00242424
0 0.688592 0.720215 0.622816 0.55957 0.00239754
0 0.749449 0.962891 0.501101 0.0742188 0.00230598
0 0.268162 0.442505 0.5181 0.695068 0.00225258
0 0.279227 0.685059 0.558454 0.629883 0.00204277
0 0.321209 0.79834 0.642417 0.40332 0.00188255
0 0.0558129 0.914062 0.0706204 0.0859375 0.00185299
0 0.396955 0.833252 0.658852 0.333496 0.00178909
0 0.541531 0.81665 0.524608 0.366699 0.00148392
0 0.112927 0.434326 0.225855 0.868652 0.00144386
0 0.769464 0.783203 0.461072 0.433594 0.00143242
0 0.329345 0.556641 0.567566 0.886719 0.00140476
0 0.0455615 0.90918 0.0699695 0.105469 0.00139904
0 0.178707 0.267334 0.316246 0.35791 0.00137234
0 0.178341 0.755859 0.21479 0.423828 0.00133514
0 0.15198 0.388672 0.30396 0.777344 0.00129414
0 0.117972 0.603027 0.23334 0.379883 0.00128937
0 0.14596 0.824707 0.291919 0.350586 0.00123024
0 0.576679 0.457153 0.522005 0.730225 0.00120163
0 0.638512 0.520996 0.673009 0.958008 0.00118351
0 0.198193 0.398438 0.085916 0.0742188 0.00117874
0 0.128223 0.73584 0.256446 0.52832 0.00117874
0 0.541531 0.684082 0.466029 0.631836 0.00112915
0 0.260189 0.105347 0.520378 0.210693 0.00112057
0 0.384995 0.505371 0.76999 0.989258 0.00111198
0 0.198884 0.851074 0.294767 0.293945 0.00110722
0 0.291594 0.0222778 0.583188 0.0445557 0.00110722
0 0.437716 0.335449 0.346918 0.44043 0.00110722
0 0.775848 0.525269 0.442598 0.949463 0.00110722
0 0.639163 0.95459 0.507686 0.0908203 0.00110722
0 0.734191 0.705078 0.528514 0.589844 0.0011034
0 0.506384 0.555176 0.415261 0.889648 0.00109863
0 0.932059 0.685059 0.130176 0.508789 0.00109005
0 0.12741 0.449707 0.230411 0.704102 0.00108147
0 0.971111 0.713867 0.0520703 0.441406 0.00108147
0 0.43674 0 0.692535 0 0.00107288
0 0.183873 0.227051 0.367747 0.454102 0.00107288
0 0.0824175 0.270508 0.138149 0.326172 0.00104809
0 0.191358 0.700684 0.351475 0.594727 0.462891
0 0.141566 0.697266 0.283132 0.558594 0.0386047
0 0.297126 0.54187 0.594252 0.91626 0.0354004
0 0.17053 0.54187 0.341061 0.902588 0.0199127
0 0.190708 0.800293 0.34041 0.383789 0.0124283
0 0.143356 0.284912 0.267837 0.314941 0.0050621
0 0.295824 0.291443 0.591649 0.376099 0.00331116
0 0.167642 0.772949 0.22317 0.383789 0.00312424
0 0.156496 0.766113 0.310551 0.418945 0.0030632
0 0.188104 0.405762 0.0911231 0.0898438 0.00302696
0 0.49597 0.283936 0.128874 0.255371 0.00293541
0 0.194125 0.282166 0.353102 0.365356 0.00292397
0 0.286387 0.687988 0.572773 0.624023 0.00284576
0 0.166625 0.661133 0.33325 0.564453 0.00250244
0 0.185663 0.765625 0.175412 0.324219 0.00227928
0 0.47384 0.273438 0.213488 0.299805 0.00223351
0 0.629037 0.518433 0.741927 0.963135 0.00197983
0 0.160442 0.499023 0.320883 0.996094 0.00194931
0 0.114839 0.658691 0.227889 0.47168 0.00194168
0 0.138149 0.217529 0.22618 0.352051 0.00172043
0 0.131844 0.395508 0.232282 0.121094 0.0015974
0 0.3566 0.845703 0.662757 0.308594 0.00146675
0 0.309493 0.809326 0.618986 0.381348 0.00130939
0 0.480023 0.373291 0.0820107 0.0893555 0.0012207
0 0.129199 0.482544 0.243429 0.257568 0.00119209
0 0.12924 0.544434 0.247253 0.359375 0.00116062
0 0.139939 0.458496 0.229109 0.1875 0.00115585
0 0.475792 0.787109 0.0670405 0.0800781 0.00115108
0 0.437065 0.382812 0.0774546 0.0703125 0.00112915
0 0.146488 0.611328 0.250507 0.408203 0.00111198
0 0.466029 0.2146 0.193311 0.231934 0.00109863
0 0.511265 0.552124 0.889751 0.895752 0.00107765
0 0.426977 0.00488281 0.838332 0.00976562 0.00106525
0 0.502804 0.870605 0.401592 0.258789 0.00103664
0 0.171832 0.680176 0.338457 0.633789 0.612305
0 0.152306 0.573242 0.300706 0.775391 0.0142822
0 0.120901 0.693359 0.238222 0.597656 0.0107803
0 0.19327 0.797852 0.28061 0.398438 0.00701141
0 0.14596 0.283936 0.27044 0.385254 0.00616837
0 0.480349 0.28125 0.137335 0.258789 0.0055542
0 0.191196 0.262939 0.355705 0.343262 0.00378036
0 0.145797 0.743652 0.28118 0.469727 0.00374985
0 0.286549 0.539551 0.573099 0.920898 0.00370789
0 0.481976 0.261475 0.19982 0.304199 0.00358009
0 0.300787 0.269104 0.588232 0.362183 0.00340271
0 0.862415 0.669434 0.272067 0.624023 0.00309944
0 0.108331 0.591309 0.210315 0.368164 0.00288963
0 0.154909 0.36084 0.126271 0.0888672 0.00279999
0 0.445201 0.270996 0.186151 0.313477 0.00217438
0 0.130664 0.251709 0.219672 0.333496 0.00216484
0 0.146773 0.361816 0.293546 0.555664 0.00216484
0 0.236269 0.591675 0.472538 0.789307 0.00208282
0 0.177853 0.373047 0.154584 0.103516 0.0020752
0 0.122203 0.21875 0.180619 0.283203 0.00149536
0 0.445201 0.277588 0.305913 0.354004 0.00146103
0 0.0924248 0.243225 0.154584 0.283081 0.00128937
0 0.221624 0.369873 0.107395 0.0913086 0.00121593
0 0.43674 0.391724 0.0768037 0.079834 0.00120163
0 0.469609 0.379028 0.106744 0.0993652 0.00118828
0 0.17232 0.84082 0.342688 0.298828 0.00116539
0 0.217068 0.836426 0.24473 0.319336 0.00115108
0 0.440645 0.229004 0.203074 0.246094 0.00113773
0 0.808517 0.678589 0.382967 0.640869 0.00109863
0 0.0379137 0.634766 0.0667151 0.151367 0.00104427
0 0.38109 0.351318 0.481 0.501465 0.00101662
0 0.0473514 0.602539 0.0872178 0.236328 0.00100422
0 0.182246 0.695801 0.361889 0.608398 0.611328
0 0.130216 0.270752 0.229679 0.349121 0.0227966
0 0.302659 0.543457 0.605317 0.913086 0.0202179
0 0.300055 0.352295 0.60011 0.518066 0.0170441
0 0.207468 0.274475 0.405172 0.365112 0.0155411
0 0.173785 0.542969 0.347569 0.914062 0.0123825
0 0.0635421 0.599121 0.127084 0.358398 0.00800323
0 0.833125 0.687988 0.328043 0.620117 0.00656509
0 0.143519 0.311035 0.287038 0.453125 0.00593567
0 0.152631 0.731934 0.305262 0.49707 0.00591278
0 0.295174 0.27002 0.590347 0.353516 0.00524139
0 0.17769 0.807617 0.345617 0.380859 0.00450516
0 0.0341711 0.616211 0.0683423 0.21875 0.00314713
0 0.132291 0.672852 0.264582 0.523438 0.00294685
0 0.0410054 0.592773 0.0820107 0.259766 0.00292397
0 0.102473 0.577148 0.202505 0.351562 0.00275803
0 0.0303879 0.642578 0.0607758 0.158203 0.00254059
0 0.880113 0.699219 0.239773 0.601562 0.00220871
0 0.490112 0.281982 0.135383 0.260254 0.00201988
0 0.179927 0.285645 0.313154 0.314453 0.00187492
0 0.12265 0.331787 0.224635 0.219238 0.0018034
0 0.490437 0.271729 0.190708 0.290527 0.00156116
0 0.287688 0.800781 0.575377 0.373047 0.00154305
0 0.104832 0.233398 0.158733 0.322266 0.00150108
0 0.277925 0.731445 0.555851 0.537109 0.00141048
0 0.67769 0.572266 0.64462 0.847656 0.00139427
0 0.030754 0.680176 0.0615081 0.181641 0.00135612
0 0.193962 0.784668 0.181595 0.368164 0.00133514
0 0.754494 0.691895 0.491013 0.606445 0.00130463
0 0.182734 0.288818 0.237245 0.279785 0.00129986
0 0.0979166 0.317139 0.192091 0.310059 0.00126457
0 0.227319 0.811523 0.267837 0.359375 0.00123978
0 0.186151 0.401367 0.0846143 0.0859375 0.00123501
0 0.627247 0.5 0.745506 1 0.00117874
0 0.135546 0.386841 0.191033 0.107178 0.0011425
0 0.967206 0.724609 0.0650879 0.455078 0.0011034
0 0.1364 0.216858 0.204295 0.343628 0.00109863
0 0.400291 0.651489 0.649577 0.671631 0.00109863
0 0.0794072 0.268799 0.158814 0.336426 0.00102806
0 0.18127 0.691895 0.36254 0.59668 0.492188
0 0.161093 0.541992 0.322185 0.898438 0.0132751
0 0.127938 0.251038 0.219916 0.333862 0.012291
0 0.296801 0.551636 0.593602 0.896729 0.0116882
0 0.13522 0.334473 0.261979 0.46875 0.0091629
0 0.138637 0.45459 0.277274 0.726562 0.0064888
0 0.295174 0.359375 0.578631 0.508789 0.00631332
0 0.0894959 0.646484 0.17769 0.488281 0.00559998
0 0.223577 0.295166 0.423722 0.38623 0.00521851
0 0.150394 0.337891 0.219265 0.174805 0.00443268
0 0.183711 0.787109 0.367421 0.384766 0.0037365
0 0.490112 0.36499 0.0637861 0.0786133 0.00345612
0 0.0670405 0.600586 0.13343 0.321289 0.00300407
0 0.0982014 0.217285 0.196403 0.43457 0.00283432
0 0.875557 0.685059 0.248886 0.604492 0.00242424
0 0.0878687 0.585938 0.17053 0.324219 0.00206757
0 0.043853 0.59668 0.0877059 0.287109 0.00198746
0 0.131478 0.290527 0.262955 0.37207 0.00191212
0 0.12025 0.320801 0.216092 0.365234 0.00181007
0 0.187128 0.398926 0.0722476 0.0791016 0.00178242
0 0.0966962 0.447754 0.18607 0.682617 0.00174141
0 0.500851 0.273438 0.13343 0.265625 0.00169373
0 0.194938 0.366211 0.23692 0.0996094 0.0016613
0 0.295174 0.282471 0.572773 0.351074 0.00161076
0 0.175086 0.278809 0.299404 0.28418 0.00150681
0 0.440645 0.272705 0.196565 0.286621 0.00148392
0 0.0732239 0.265625 0.146448 0.336914 0.00133514
0 0.483603 0.375488 0.0702949 0.0800781 0.00122547
0 0.276298 0.67041 0.552596 0.655273 0.00119209
0 0.0955165 0.195557 0.12204 0.288574 0.00114727
0 0.425024 0.387207 0.0520703 0.0615234 0.00114727
0 0.13339 0.381836 0.179724 0.0927734 0.00113773
0 0.0416563 0.645508 0.0823362 0.417969 0.00111198
0 0.891704 0.651855 0.210885 0.696289 0.00106907
0 0.0386459 0.355225 0.0772919 0.340332 0.00102043
0 0.954189 0.692871 0.085916 0.510742 0.00102043
0 0.81828 0.686035 0.36344 0.600586 0.00100803
0 0.174761 0.679688 0.349522 0.636719 0.676758
0 0.165649 0.536255 0.331297 0.907959 0.0285492
0 0.128223 0.25708 0.238547 0.35498 0.0223694
0 0.137335 0.342773 0.274671 0.503906 0.0150757
0 0.124155 0.352051 0.208932 0.154297 0.012825
0 0.29257 0.268311 0.58514 0.366699 0.0108566
0 0.129037 0.216797 0.207956 0.289062 0.00806427
0 0.203725 0.2771 0.403545 0.374512 0.00551224
0 0.113863 0.332275 0.218777 0.281738 0.00534439
0 0.289967 0.545776 0.579933 0.908447 0.00534439
0 0.157472 0.377075 0.174517 0.11499 0.00466537
0 0.173785 0.782715 0.347569 0.416992 0.00395966
0 0.487183 0.369141 0.05923 0.0732422 0.00317192
0 0.124969 0.628906 0.249938 0.509766 0.00263214
0 0.102188 0.168945 0.139939 0.228516 0.00250244
0 0.150719 0.271729 0.232282 0.276855 0.00237846
0 0.856557 0.67334 0.286387 0.65332 0.00232315
0 0.128549 0.389526 0.187453 0.113525 0.00211525
0 0.100235 0.251709 0.200471 0.396973 0.00202751
0 0.157187 0.522461 0.314375 0.916016 0.00187492
0 0.494017 0.305908 0.113253 0.203613 0.00172043
0 0.116345 0.540527 0.232689 0.527344 0.00168133
0 0.187616 0.403442 0.0732239 0.0993652 0.00155449
0 0.219997 0.373047 0.106744 0.0898438 0.00153065
0 0.808392 0.666016 0.382717 0.667969 0.00153065
0 0.0546738 0.334229 0.109348 0.317871 0.00148964
0 0.885195 0.651245 0.210885 0.564697 0.00135612
0 0.182083 0.273926 0.30754 0.310547 0.00129986
0 0.204091 0.814453 0.300625 0.357422 0.0012207
0 0.136685 0.308105 0.273369 0.545898 0.00121593
0 0.966555 0.711914 0.0585791 0.46875 0.00118828
0 0.863716 0.83252 0.270766 0.334961 0.00116539
0 0.904722 0.640625 0.187453 0.71875 0.00115585
0 0.437391 0.320068 0.166625 0.189941 0.00113773
0 0.229109 0.848633 0.252541 0.285156 0.00107288
0 0.883894 0.738281 0.229109 0.523438 0.00104809
0 0.804486 0.897949 0.390527 0.204102 0.00103188
0 0.579733 0.547852 0.840535 0.904297 0.00101185
0 0.173785 0.675659 0.346268 0.619385 0.577637
0 0.152957 0.545898 0.305913 0.833984 0.0779419
0 0.308517 0.51355 0.617033 0.871338 0.0477905
0 0.13339 0.249023 0.237652 0.335938 0.0231018
0 0.126962 0.310059 0.214709 0.219727 0.012291
0 0.305262 0.28125 0.605317 0.405273 0.0091629
0 0.137824 0.643066 0.275647 0.522461 0.0086441
0 0.156862 0.37207 0.186802 0.106445 0.00709534
0 0.244568 0.601074 0.489136 0.756836 0.00671768
0 0.122691 0.566406 0.245381 0.345703 0.00526047
0 0.138149 0.191406 0.210559 0.28418 0.00486755
0 0.176714 0.793945 0.33325 0.382812 0.00436401
0 0.119436 0.399414 0.219346 0.241211 0.00400543
0 0.207305 0.492676 0.398989 0.80957 0.00380898
0 0.102351 0.214417 0.160442 0.290894 0.00362206
0 0.100846 0.177246 0.138068 0.247559 0.0029583
0 0.487834 0.368896 0.0611826 0.0727539 0.00277901
0 0.206166 0.270996 0.389551 0.37207 0.0026207
0 0.413634 0.549316 0.827267 0.901367 0.0024929
0 0.128386 0.393066 0.194287 0.107422 0.00247192
0 0.112317 0.423828 0.220567 0.614258 0.002388
0 0.182409 0.402344 0.0914485 0.101562 0.00226974
0 0.14059 0.323792 0.28118 0.459839 0.00226021
0 0.480349 0.78418 0.0618335 0.0722656 0.00212479
0 0.215115 0.369629 0.123667 0.0888672 0.00190449
0 0.492715 0.330566 0.108046 0.154297 0.00176144
0 0.182246 0.268799 0.300706 0.297363 0.00162315
0 0.189731 0.772461 0.181595 0.34375 0.00161076
0 0.221787 0.809082 0.221624 0.344727 0.00153637
0 0.14238 0.616211 0.28476 0.740234 0.00153065
0 0.288014 0.738281 0.576028 0.523438 0.00145531
0 0.0496295 0.574707 0.099259 0.313477 0.0012846
0 0.883894 0.70459 0.229109 0.59082 0.00119209
0 0.881941 0.597656 0.222601 0.425781 0.00114727
0 0.0955978 0.224609 0.191196 0.449219 0.00106525
0 0.182246 0.678833 0.36319 0.626709 0.662598
0 0.168252 0.521484 0.336504 0.90625 0.0263062
0 0.130989 0.249512 0.232689 0.350586 0.0151901
0 0.288828 0.536621 0.577655 0.926758 0.0106506
0 0.192335 0.416992 0.37035 0.689453 0.00482941
0 0.123992 0.652832 0.247985 0.526367 0.00431442
0 0.156536 0.365479 0.193311 0.129395 0.00311089
0 0.178666 0.794922 0.357333 0.398438 0.00286674
0 0.10768 0.229431 0.16931 0.326294 0.0026722
0 0.112602 0.324951 0.208281 0.35791 0.00265312
0 0.114717 0.585449 0.229435 0.375977 0.00242424
0 0.133715 0.200134 0.194694 0.30188 0.00226974
0 0.102513 0.438965 0.204376 0.669922 0.00218201
0 0.88129 0.706543 0.234316 0.586914 0.00183868
0 0.188755 0.263672 0.356682 0.382812 0.00161648
0 0.844966 0.680664 0.310068 0.630859 0.00153065
0 0.100886 0.184814 0.132454 0.269043 0.00147247
0 0.288665 0.268066 0.574726 0.396484 0.00146675
0 0.12562 0.386841 0.189406 0.101318 0.00136662
0 0.138637 0.291016 0.277274 0.428711 0.0012207
0 0.185501 0.402222 0.0715967 0.0881348 0.00119686
0 0.157797 0.273438 0.252622 0.287109 0.0011425
0 0.280203 0.664062 0.560407 0.671875 0.0011158
0 0.0975505 0.244568 0.195101 0.436646 0.00109005
0 0.0988522 0.226807 0.197704 0.453613 0.00105667
0 0.212512 0.369629 0.139939 0.0947266 0.00103664
0 0.183873 0.680176 0.366445 0.614258 0.666504
0 0.16695 0.566895 0.333901 0.831055 0.169922
0 0.132454 0.246582 0.239523 0.351562 0.0477905
0 0.146407 0.375122 0.283214 0.58374 0.0343018
0 0.29973 0.538086 0.59946 0.919922 0.0230255
0 0.121023 0.342285 0.226587 0.503906 0.00486755
0 0.109063 0.230896 0.180863 0.3302 0.00432968
0 0.125782 0.666504 0.251565 0.561523 0.00429916
0 0.288014 0.268799 0.575377 0.387207 0.00388527
0 0.107232 0.428223 0.210234 0.655273 0.00314713
0 0.180293 0.265137 0.341711 0.375 0.00293541
0 0.135057 0.197021 0.201122 0.293945 0.00251198
0 0.115246 0.59668 0.23033 0.40625 0.00235939
0 0.183222 0.808105 0.366445 0.364258 0.00224304
0 0.121714 0.374512 0.216092 0.115234 0.00205803
0 0.105605 0.186035 0.144821 0.267578 0.00189686
0 0.19982 0.354004 0.183548 0.121094 0.00165462
0 0.426326 0.548828 0.852651 0.902344 0.00165462
0 0.0971437 0.23822 0.194287 0.418091 0.00163555
0 0.876083 0.576172 0.229109 0.418945 0.00162315
0 0.184199 0.396973 0.0878687 0.0917969 0.00148392
0 0.861764 0.674316 0.275973 0.624023 0.00143242
0 0.149051 0.5177 0.298103 0.921631 0.00126934
0 0.154096 0.270996 0.248961 0.280273 0.00126457
0 0.0999099 0.22168 0.19982 0.443359 0.00112438
0 0.279878 0.65332 0.559756 0.693359 0.00111198
0 0.183873 0.67981 0.366445 0.61499 0.666504
0 0.16695 0.567261 0.333901 0.830322 0.169922
0 0.132454 0.246582 0.239523 0.351562 0.0474243
0 0.146448 0.375488 0.283132 0.583984 0.0340271
0 0.300055 0.538086 0.60011 0.919922 0.0230255
0 0.121023 0.341797 0.226587 0.503906 0.00484848
0 0.109063 0.230896 0.180863 0.3302 0.00431442
0 0.12562 0.666504 0.251239 0.561523 0.00429916
0 0.288014 0.268555 0.575377 0.387695 0.00387001
0 0.10707 0.428223 0.210234 0.655273 0.00313568
0 0.180293 0.264893 0.342362 0.374512 0.00291252
0 0.135057 0.197205 0.201122 0.294067 0.00251198
0 0.115246 0.59668 0.23033 0.40625 0.00234985
0 0.183222 0.808105 0.366445 0.364258 0.00224304
0 0.121714 0.374756 0.215766 0.114746 0.0020504
0 0.105605 0.186279 0.145146 0.267578 0.00188923
0 0.426326 0.548828 0.852651 0.902344 0.00165462
0 0.200145 0.354004 0.183548 0.121094 0.0016489
0 0.0971437 0.238037 0.194287 0.418457 0.00162888
0 0.876734 0.57605 0.227808 0.418213 0.00161076
0 0.184199 0.396973 0.0872178 0.0917969 0.00148964
0 0.861238 0.657227 0.277524 0.591797 0.00142097
0 0.149051 0.517578 0.298103 0.921875 0.00126934
0 0.154218 0.270996 0.249368 0.280273 0.00126457
0 0.0999099 0.22168 0.19982 0.443359 0.00112915
0 0.279878 0.653198 0.559756 0.693604 0.00110722
