0 0.805137 0.632812 0.36319 0.416016 0.993164
0 0.222926 0.469604 0.413308 0.601807 0.563965
0 0.217719 0.419067 0.359285 0.429443 0.156128
0 0.244568 0.54248 0.399314 0.429688 0.0928345
0 0.113416 0.477539 0.187453 0.578125 0.0758667
0 0.825315 0.56543 0.260352 0.220703 0.0653687
0 0.309818 0.541138 0.264908 0.478271 0.0287018
0 0.810995 0.692383 0.328043 0.361328 0.028595
0 0.21837 0.359619 0.335203 0.337402 0.0202179
0 0.767386 0.64209 0.262955 0.358398 0.0189819
0 0.69579 0.705078 0.124969 0.242188 0.0138474
0 0.120575 0.586914 0.196891 0.369141 0.0118713
0 0.860462 0.65625 0.24473 0.394531 0.0118256
0 0.686026 0.75293 0.0937266 0.162109 0.0113297
0 0.894433 0.143066 0.211135 0.244141 0.00878143
0 0.139898 0.325439 0.203156 0.344238 0.00837708
0 0.330647 0.571289 0.225204 0.394531 0.00837708
0 0.898663 0.179443 0.202673 0.194336 0.00787354
0 0.5 0.5 1 1 0.00709534
0 0.831172 0.595215 0.321534 0.298828 0.00695801
0 0.5 0.5 1 1 0.00661469
0 0.575502 0.5 0.848996 1 0.00643921
0 0.102676 0.174866 0.101537 0.231323 0.00595856
0 0.5 0.5 1 1 0.00551224
0 0.5 0.5 1 1 0.00548935
0 0.680819 0.724121 0.113253 0.204102 0.00530243
0 0.709458 0.737305 0.130176 0.191406 0.00518036
0 0.5 0.5 1 1 0.0051384
0 0.5 0.5 1 1 0.00492477
0 0.898864 0.698242 0.167927 0.314453 0.00471878
0 0.493366 0.5 0.986732 1 0.00431442
0 0.110934 0.637207 0.171263 0.289062 0.00428009
0 0.0772105 0.666504 0.114392 0.232422 0.00426483
0 0.112968 0.287109 0.175656 0.486328 0.00402451
0 0.0816853 0.529785 0.13343 0.49707 0.00379562
0 0.131193 0.287048 0.172402 0.331177 0.00370789
0 0.388249 0.463745 0.503129 0.758057 0.00365067
0 0.0872178 0.598633 0.142542 0.40625 0.00349617
0 0.113538 0.24707 0.145227 0.357422 0.00342941
0 0.264582 0.396362 0.295499 0.375244 0.00328636
0 0.243429 0.660645 0.412657 0.557617 0.00307465
0 0.349197 0.644531 0.181595 0.259766 0.0029583
0 0.683423 0.660645 0.0911231 0.216797 0.00283432
0 0.0781055 0.443237 0.128223 0.556885 0.00240517
0 0.261002 0.327148 0.265559 0.259766 0.00227928
0 0.376533 0.534302 0.685376 0.593506 0.00223351
0 0.342688 0.452637 0.205027 0.602539 0.00214958
0 0.5 0.5 1 1 0.00211525
0 0.0884789 0.190918 0.153689 0.379883 0.0019722
0 0.839759 0.72998 0.320482 0.385742 0.00181007
0 0.800581 0.643555 0.343664 0.435547 0.839844
0 0.238547 0.546753 0.409403 0.496338 0.725586
0 0.299404 0.57666 0.25905 0.418945 0.459961
0 0.292245 0.757812 0.0728984 0.101562 0.140381
0 0.0632166 0.727539 0.0717594 0.0820312 0.123352
0 0.320965 0.619141 0.214627 0.353516 0.083313
0 0.705553 0.651367 0.157513 0.373047 0.0753174
0 0.704251 0.710938 0.143193 0.222656 0.0661011
0 0.223089 0.54541 0.0654133 0.344727 0.0589905
0 0.286305 0.726562 0.0743629 0.125977 0.0440063
0 0.148726 0.465332 0.270766 0.520508 0.0433655
0 0.212024 0.470215 0.386948 0.547852 0.0419312
0 0.672358 0.731445 0.075502 0.154297 0.041687
0 0.0870551 0.619141 0.129199 0.283203 0.041626
0 0.076641 0.666992 0.104792 0.191406 0.0372009
0 0.844841 0.669434 0.242127 0.360352 0.0328979
0 0.135871 0.244385 0.0927503 0.134766 0.0322876
0 0.0289641 0.918213 0.0579282 0.120605 0.0275879
0 0.868923 0.701172 0.19266 0.296875 0.026413
0 0.112602 0.449219 0.193962 0.44043 0.0256195
0 0.364492 0.651367 0.139288 0.202148 0.0240479
0 0.175737 0.336426 0.190057 0.224609 0.0236511
0 0.231062 0.363281 0.0872178 0.152344 0.0221558
0 0.810469 0.604614 0.379062 0.474365 0.0204468
0 0.14238 0.559082 0.232038 0.380859 0.0201721
0 0.249612 0.330566 0.0826616 0.147461 0.019989
0 0.103327 0.506958 0.165323 0.456787 0.018692
0 0.36254 0.614258 0.14059 0.203125 0.0183411
0 0.167439 0.293945 0.0852651 0.152344 0.0179901
0 0.232526 0.31665 0.094052 0.166504 0.0170441
0 0.802659 0.458984 0.394683 0.917969 0.0163422
0 0.0735493 0.543945 0.0934011 0.180664 0.0162811
0 0.804611 0.475586 0.390777 0.760742 0.0161591
0 0.0317303 0.943359 0.0634607 0.0996094 0.0144501
0 0.145797 0.286621 0.104792 0.1875 0.014389
0 0.898213 0.716797 0.152306 0.251953 0.0141754
0 0.106703 0.31543 0.170612 0.257812 0.014061
0 0.113416 0.581055 0.180944 0.333984 0.0129242
0 0.0715967 0.509766 0.0966555 0.226562 0.0117798
0 0.671707 0.71875 0.085916 0.240234 0.0115051
0 0.24473 0.675781 0.100886 0.146484 0.0110703
0 0.175412 0.324951 0.108697 0.192871 0.0103302
0 0.0475142 0.723633 0.0693186 0.0957031 0.00997162
0 0.24831 0.362549 0.102839 0.157715 0.00993347
0 0.597344 0.952148 0.0654133 0.0859375 0.00993347
0 0.674961 0.759277 0.0715967 0.121094 0.00985718
0 0.974491 0.957031 0.0510186 0.0859375 0.00971222
0 0.064437 0.336182 0.0761528 0.13623 0.00967407
0 0.298428 0.412109 0.0891704 0.0703125 0.00941467
0 0.11069 0.277588 0.159384 0.245605 0.00901794
0 0.810344 0.635742 0.342362 0.418945 0.989746
0 0.254819 0.59668 0.389876 0.383789 0.972656
0 0.137498 0.493164 0.258724 0.523438 0.958496
0 0.31112 0.59082 0.261002 0.371094 0.82373
0 0.133267 0.5625 0.237896 0.363281 0.557129
0 0.238059 0.490234 0.44097 0.566406 0.556641
0 0.127938 0.418091 0.251158 0.398193 0.153076
0 0.125335 0.341797 0.216661 0.287109 0.0734253
0 0.175046 0.41394 0.239605 0.427979 0.0678101
0 0.814049 0.557129 0.371902 0.555664 0.0673218
0 0.116507 0.275146 0.18485 0.245605 0.0455322
0 0.108371 0.236572 0.169229 0.275879 0.0354919
0 0.975793 0.242432 0.048415 0.0683594 0.0351562
0 0.228296 0.317383 0.111626 0.205078 0.0302734
0 0.284434 0.759277 0.0624844 0.0654297 0.0291443
0 0.232364 0.267822 0.0748511 0.117676 0.0252228
0 0.502479 0.201599 0.177039 0.237427 0.0217438
0 0.974491 0.977539 0.0510186 0.0449219 0.0191956
0 0.974165 0.128845 0.0516694 0.0889893 0.0191193
0 0.334877 0.655273 0.17769 0.271484 0.0158386
0 0.231713 0.29248 0.0956792 0.166992 0.0148392
0 0.254494 0.322266 0.178992 0.230469 0.0139542
0 0.805262 0.694824 0.389476 0.610352 0.0126266
0 0.0992997 0.172607 0.150923 0.214355 0.0121002
0 0.173134 0.296875 0.213488 0.1875 0.0115967
0 0.233828 0.415894 0.373279 0.449463 0.00978088
0 0.97384 0.250488 0.0523203 0.0800781 0.00967407
0 0.144821 0.9104 0.0878687 0.120605 0.00912476
0 0.736795 0.641113 0.213488 0.24707 0.00905609
0 0.898213 0.148682 0.195264 0.153809 0.00844574
0 0.185175 0.898682 0.0501177 0.0893555 0.00837708
0 0.788865 0.532715 0.403545 0.756836 0.00746155
0 0.102513 0.892578 0.187453 0.164062 0.00740433
0 0.307296 0.508789 0.226343 0.182617 0.0068512
0 0.890402 0.140747 0.216092 0.281494 0.00658798
0 0.134895 0.941406 0.0709458 0.0742188 0.00653839
0 0.0934011 0.191345 0.158814 0.316528 0.00624084
0 0.191521 0.280762 0.15914 0.152344 0.00602722
0 0.11846 0.93457 0.121389 0.101562 0.00577545
0 0.367421 0.96875 0.0546738 0.0546875 0.00566483
0 0.868272 0.782227 0.0963301 0.145508 0.00559998
0 0.824013 0.665039 0.278576 0.34375 0.0045929
0 0.598158 0.962891 0.0689932 0.0742188 0.00457382
0 0.183873 0.454956 0.367747 0.633057 0.00457382
0 0.765434 0.978027 0.0559756 0.0439453 0.00429916
0 0.272393 0.457031 0.268162 0.164062 0.00391388
0 0.0733866 0.676758 0.0927503 0.171875 0.00370789
0 0.906024 0.170654 0.187453 0.225098 0.00369263
0 0.30331 0.518555 0.606619 0.871094 0.00366402
0 0.775848 0.61084 0.296801 0.231445 0.0036068
0 0.80709 0.650391 0.36319 0.417969 0.970703
0 0.233991 0.496582 0.45171 0.581055 0.918945
0 0.195589 0.424316 0.380764 0.445312 0.192505
0 0.342037 0.635742 0.221299 0.308594 0.176636
0 0.838332 0.682617 0.302008 0.34668 0.112427
0 0.356031 0.646484 0.17053 0.259766 0.0859985
0 0.317059 0.600586 0.283621 0.386719 0.078064
0 0.816327 0.569336 0.367346 0.549805 0.0762939
0 0.788865 0.702148 0.296801 0.287109 0.0605164
0 0.371652 0.967285 0.0533721 0.0654297 0.0552063
0 0.0222926 0.947266 0.0445852 0.0703125 0.0522461
0 0.297452 0.763672 0.0559756 0.078125 0.0470886
0 0.685376 0.750977 0.0911231 0.169922 0.0463867
0 0.889101 0.727539 0.19266 0.243164 0.0451965
0 0.864367 0.799316 0.0963301 0.126953 0.0450134
0 0.375557 0.666016 0.124318 0.203125 0.0441895
0 0.349522 0.580078 0.183548 0.296875 0.0367126
0 0.711411 0.718262 0.156211 0.232422 0.0361633
0 0.735493 0.664062 0.208281 0.308594 0.035553
0 0.679518 0.729492 0.0833125 0.167969 0.0350037
0 0.606619 0.699219 0.042958 0.0722656 0.0344849
0 0.376859 0.97168 0.0494668 0.0566406 0.0344849
0 0.32609 0.540527 0.1484 0.178711 0.0332642
0 0.92555 0.731934 0.117158 0.220703 0.0319824
0 0.233177 0.587891 0.439018 0.384766 0.0298157
0 0.206003 0.382324 0.412006 0.764648 0.0275269
0 0.897036 0.80957 0.205928 0.339844 0.0262604
0 0.676914 0.679688 0.0976318 0.21875 0.0252686
0 0.834552 0.628418 0.330896 0.743164 0.0217743
0 0.141241 0.379395 0.257748 0.375977 0.021698
0 0.973189 0.97168 0.0536221 0.0566406 0.0207977
0 0.300055 0.543945 0.190708 0.263672 0.0201721
0 0.0254656 0.93457 0.0509313 0.0820312 0.0189362
0 0.18485 0.536621 0.337806 0.457031 0.0161591
0 0.883894 0.770996 0.182246 0.19043 0.0159607
0 0.327718 0.674805 0.219346 0.253906 0.0158997
0 0.613128 0.680664 0.0598809 0.0976562 0.0154266
0 0.104141 0.358398 0.184199 0.333008 0.0151291
0 0.257423 0.421387 0.248636 0.380859 0.0146179
0 0.533395 0.601562 0.0533721 0.0595703 0.0146179
0 0.478396 0.659668 0.0442598 0.0634766 0.0137405
0 0.177365 0.314697 0.354729 0.629395 0.012825
0 0.0621589 0.70752 0.0950283 0.135742 0.0126266
0 0.639814 0.538086 0.0520703 0.0859375 0.0118713
0 0.880439 0.850586 0.239123 0.298828 0.0118713
0 0.357333 0.91626 0.0507686 0.0932617 0.0117798
0 0.361563 0.479492 0.396385 0.665039 0.0117798
0 0.145309 0.602051 0.264582 0.34082 0.0116882
0 0.671707 0.628906 0.109348 0.268555 0.0114212
0 0.879462 0.691406 0.241075 0.617188 0.0112915
0 0.797978 0.662598 0.354078 0.405273 0.890137
0 0.235293 0.481323 0.430231 0.62915 0.869629
0 0.932184 0.167419 0.135633 0.226685 0.210083
0 0.230248 0.604492 0.417539 0.369141 0.196167
0 0.894308 0.147217 0.208281 0.243652 0.138916
0 0.939343 0.140869 0.121313 0.179199 0.122498
0 0.799279 0.583008 0.387924 0.566406 0.107788
0 0.380113 0.972656 0.0423071 0.0507812 0.105591
0 0.103978 0.281494 0.151655 0.224121 0.102295
0 0.371001 0.974609 0.0455615 0.0507812 0.100525
0 0.592951 0.973633 0.037751 0.046875 0.069519
0 0.116345 0.401855 0.190382 0.428711 0.0577087
0 0.319256 0.598633 0.233666 0.355469 0.0570679
0 0.153892 0.444336 0.274101 0.5 0.0548096
0 0.282481 0.767578 0.0442598 0.0605469 0.0497742
0 0.975017 0.978516 0.048165 0.0429688 0.0409241
0 0.203725 0.435425 0.365794 0.449463 0.0334778
0 0.761528 0.640625 0.28118 0.344727 0.0299225
0 0.605317 0.707031 0.037751 0.0527344 0.0223236
0 0.358634 0.629883 0.1484 0.269531 0.0222931
0 0.878161 0.150757 0.243679 0.301514 0.0222015
0 0.312422 0.730469 0.108046 0.134766 0.0205231
0 0.140915 0.960938 0.0299404 0.0390625 0.0202942
0 0.32967 0.642578 0.210234 0.261719 0.0195007
0 0.0973471 0.445312 0.165242 0.445312 0.0184784
0 0.116995 0.313721 0.15914 0.241699 0.0171814
0 0.353427 0.907227 0.0344966 0.0527344 0.0170441
0 0.193799 0.382324 0.365469 0.734375 0.016922
0 0.372303 0.660645 0.121063 0.212891 0.0150757
0 0.185175 0.898438 0.0221299 0.0390625 0.014389
0 0.943899 0.0911865 0.112201 0.182373 0.0120544
0 0.226831 0.252441 0.0689932 0.0976562 0.0111618
0 0.929455 0.247314 0.14059 0.431152 0.0109024
0 0.339759 0.499023 0.131478 0.181641 0.0101318
0 0.296475 0.21167 0.0533721 0.0581055 0.0100937
0 0.345291 0.664551 0.178992 0.213867 0.0100098
0 0.073468 0.308594 0.130339 0.237305 0.00955963
0 0.816202 0.457031 0.36319 0.888672 0.0091629
0 0.148889 0.917969 0.0305913 0.046875 0.00905609
0 0.88845 0.805664 0.131478 0.109375 0.00898743
0 0.934787 0.109863 0.130426 0.219727 0.00867462
0 0.82922 0.172913 0.101537 0.136597 0.0086441
0 0.939218 0.563477 0.100235 0.551758 0.00837708
0 0.942473 0.680664 0.0963301 0.3125 0.00806427
0 0.653482 0.711914 0.0416563 0.0605469 0.00796509
0 0.526561 0.149902 0.0631353 0.0708008 0.00775528
0 0.352125 0.580078 0.16272 0.337891 0.00769424
0 0.725079 0.594727 0.200471 0.257812 0.00754929
0 0.1113 0.227783 0.139288 0.243652 0.00748825
0 0.115206 0.962891 0.0364492 0.0390625 0.00746155
0 0.803185 0.663086 0.348871 0.410156 0.932129
0 0.224716 0.508301 0.43316 0.557617 0.557129
0 0.129525 0.452271 0.231713 0.42749 0.430176
0 0.245219 0.601074 0.394107 0.378906 0.416748
0 0.502479 0.310791 0.240825 0.427246 0.227417
0 0.123708 0.373047 0.218614 0.291992 0.0991211
0 0.109022 0.289062 0.182897 0.241211 0.0853882
0 0.302333 0.592773 0.266209 0.375 0.0643921
0 0.329996 0.57959 0.203725 0.330078 0.0589905
0 0.094052 0.463013 0.174436 0.376709 0.0520325
0 0.514845 0.285217 0.199169 0.349487 0.0492249
0 0.138637 0.345703 0.191358 0.194336 0.0470886
0 0.223902 0.614258 0.447805 0.662109 0.0424805
0 0.107395 0.251953 0.200471 0.310547 0.0372009
0 0.773244 0.666016 0.273369 0.361328 0.032959
0 0.494668 0.373535 0.231713 0.389648 0.0261993
0 0.268488 0.40332 0.206329 0.333008 0.023819
0 0.227482 0.231201 0.0618335 0.0708008 0.0208435
0 0.218533 0.343018 0.0881941 0.165527 0.0207214
0 0.609223 0.709473 0.037751 0.0703125 0.0204163
0 0.179968 0.308105 0.0829871 0.163086 0.0180511
0 0.309493 0.453979 0.611175 0.623291 0.0173798
0 0.526887 0.817871 0.333901 0.362305 0.0158997
0 0.462124 0.340759 0.304611 0.463013 0.0153656
0 0.222601 0.303955 0.0774546 0.145996 0.0153046
0 0.72573 0.751953 0.376208 0.460938 0.0136337
0 0.288665 0.771484 0.0585791 0.0585938 0.0134277
0 0.196077 0.416504 0.152631 0.317383 0.0129242
0 0.514845 0.22699 0.169229 0.233521 0.0125732
0 0.654784 0.712402 0.0468633 0.0957031 0.0125275
0 0.706855 0.65625 0.154909 0.332031 0.0116882
0 0.333901 0.481445 0.102839 0.166016 0.0106125
0 0.874906 0.125122 0.250188 0.250244 0.0104904
0 0.19982 0.273926 0.102188 0.166016 0.0100555
0 0.539579 0.888428 0.298103 0.223145 0.00919342
0 0.063298 0.507812 0.110324 0.305664 0.0091629
0 0.753192 0.666016 0.493616 0.587891 0.00908661
0 0.800581 0.58606 0.372303 0.550537 0.00905609
0 0.315107 0.42981 0.143031 0.298584 0.00898743
0 0.175412 0.470703 0.292896 0.458008 0.00891876
0 0.241802 0.448242 0.31828 0.400391 0.00831604
0 0.241802 0.317871 0.110649 0.157227 0.00812531
0 0.118297 0.853516 0.236594 0.277344 0.00734711
0 0.595554 0.963867 0.0546738 0.0683594 0.00728989
0 0.566265 0.754883 0.304611 0.451172 0.00701141
0 0.479698 0.250732 0.210885 0.231934 0.00682449
0 0.663897 0.666992 0.0742002 0.1875 0.00669098
0 0.297533 0.418945 0.172971 0.396484 0.005867
0 0.142868 0.821289 0.285736 0.335938 0.00521851
0 0.371652 0.974609 0.0455615 0.0507812 0.00511932
0 0.235293 0.490723 0.441947 0.598633 0.852051
0 0.796676 0.649414 0.354078 0.400391 0.787109
0 0.353427 0.59668 0.161418 0.166016 0.151978
0 0.343583 0.614258 0.191521 0.326172 0.151978
0 0.162882 0.554688 0.272393 0.4375 0.118408
0 0.591649 0.972656 0.037751 0.0429688 0.0783691
0 0.372954 0.970703 0.048165 0.0546875 0.0634766
0 0.344315 0.5625 0.152306 0.25 0.0572815
0 0.248636 0.612793 0.410054 0.360352 0.0568542
0 0.18664 0.489136 0.340084 0.529541 0.0369873
0 0.286387 0.770996 0.0468633 0.0546875 0.0336609
0 0.162069 0.613281 0.251239 0.234375 0.0335388
0 0.149377 0.426636 0.261002 0.439697 0.0263062
0 0.356682 0.632324 0.158814 0.245117 0.0254211
0 0.799279 0.508667 0.37751 0.703369 0.0173798
0 0.890402 0.657227 0.190057 0.421875 0.0162201
0 0.613128 0.703125 0.0416563 0.0654297 0.0151901
0 0.230411 0.213867 0.0442598 0.0458984 0.0141754
0 0.144495 0.602539 0.223251 0.320312 0.014061
0 0.325358 0.666016 0.244893 0.259766 0.0114212
0 0.367747 0.540527 0.145797 0.251953 0.0085144
0 0.327392 0.512695 0.121714 0.205078 0.00763702
0 0.0691559 0.466797 0.0986082 0.302734 0.00682449
0 0.229923 0.393555 0.416237 0.642578 0.00674438
0 0.126311 0.378906 0.210803 0.390625 0.00664139
0 0.301682 0.714844 0.0943774 0.169922 0.00631332
0 0.298753 0.217041 0.0468633 0.0473633 0.00619125
0 0.654784 0.694824 0.0585791 0.104492 0.00609589
0 0.240174 0.400513 0.0598809 0.0759277 0.00582123
0 0.177649 0.642578 0.217475 0.117188 0.00475693
0 0.240174 0.538574 0.417864 0.414062 0.00462723
0 0.0597181 0.529297 0.075502 0.166992 0.00460815
0 0.929455 0.654785 0.123667 0.430664 0.00432968
0 0.150353 0.33667 0.257097 0.233887 0.00428009
0 0.113944 0.308594 0.189324 0.244141 0.00405502
0 0.290943 0.220703 0.0663897 0.0498047 0.00402451
0 0.316327 0.427246 0.0820107 0.0732422 0.00390053
0 0.132454 0.524902 0.223251 0.445312 0.00382423
0 0.628749 0.677734 0.0794072 0.128906 0.00376511
0 0.582537 0.975586 0.0468633 0.0449219 0.0036068
0 0.105076 0.268555 0.140671 0.175781 0.00342941
0 0.76999 0.648438 0.28118 0.335938 0.00328636
0 0.327473 0.487305 0.178178 0.199219 0.00325966
0 0.252541 0.40332 0.17053 0.168945 0.00322342
0 0.217719 0.351318 0.117809 0.180176 0.00318527
0 0.414284 0.52832 0.0956792 0.21875 0.00307465
0 0.652181 0.675293 0.0833125 0.15332 0.00300407
0 0.760227 0.976562 0.0442598 0.046875 0.00300407
0 0.745907 0.707031 0.21479 0.248047 0.00298119
0 0.909929 0.715332 0.153607 0.279297 0.00293541
0 0.808392 0.648926 0.361889 0.426758 0.847168
0 0.22797 0.511719 0.437065 0.535156 0.768555
0 0.368072 0.974609 0.0410054 0.0429688 0.174438
0 0.236594 0.597656 0.430882 0.350586 0.083313
0 0.344234 0.646484 0.191521 0.226562 0.0753174
0 0.341711 0.580566 0.187453 0.302734 0.0428162
0 0.934662 0.142334 0.130176 0.167969 0.0248871
0 0.194125 0.606445 0.192335 0.115234 0.0195618
0 0.319582 0.567871 0.169879 0.240234 0.0175781
0 0.896385 0.168213 0.207229 0.221191 0.0165253
0 0.140264 0.549316 0.193311 0.428711 0.0131226
0 0.607921 0.704102 0.0338457 0.0585938 0.0131226
0 0.205027 0.540527 0.121714 0.155273 0.0110321
0 0.178056 0.466797 0.331216 0.529297 0.0104904
0 0.284434 0.768555 0.0468633 0.0507812 0.0102463
0 0.108087 0.275146 0.143112 0.199707 0.0102081
0 0.342362 0.512695 0.178341 0.242188 0.0078125
0 0.590347 0.974609 0.0390527 0.0390625 0.0078125
0 0.137376 0.416138 0.253761 0.445068 0.0068512
0 0.323161 0.581055 0.240174 0.369141 0.0068512
0 0.108331 0.310059 0.164754 0.261719 0.00579834
0 0.976318 0.976562 0.037751 0.046875 0.00547028
0 0.325765 0.496094 0.134732 0.193359 0.00544739
0 0.0543484 0.574219 0.0676914 0.0976562 0.00477219
0 0.0357983 0.589844 0.0449106 0.101562 0.00468063
0 0.324789 0.464355 0.110649 0.163086 0.00457382
0 0.21479 0.45459 0.423071 0.383789 0.00457382
0 0.0611013 0.498047 0.0763156 0.160156 0.00452042
0 0.230086 0.401855 0.0878687 0.104492 0.00436401
0 0.11549 0.458496 0.205759 0.422852 0.00418091
0 0.0584977 0.540039 0.0769664 0.138672 0.00416565
0 0.383368 0.516602 0.111951 0.246094 0.00379562
0 0.0347407 0.527344 0.0419817 0.0976562 0.0037365
0 0.0352288 0.649902 0.0480023 0.0917969 0.00370789
0 0.62224 0.683105 0.0650879 0.09375 0.00366402
0 0.0619962 0.644531 0.0937266 0.216797 0.00348282
0 0.223577 0.317139 0.0794072 0.187988 0.00338936
0 0.231713 0.220215 0.0494668 0.0458984 0.00337601
0 0.0945402 0.304443 0.139288 0.208496 0.00335121
0 0.181758 0.317139 0.108371 0.220215 0.00333786
0 0.0897806 0.632324 0.13221 0.233398 0.0030632
0 0.65934 0.711914 0.0533721 0.078125 0.00300407
0 0.0948656 0.410645 0.140264 0.240234 0.00299263
0 0.146936 0.320312 0.205352 0.241211 0.00283432
0 0.187779 0.284668 0.126271 0.189453 0.00277901
0 0.579608 0.976562 0.0449106 0.0390625 0.00265312
0 0.30274 0.499512 0.217231 0.22168 0.00258064
0 0.682772 0.619141 0.0833125 0.111328 0.00253105
0 0.057196 0.712891 0.0678541 0.128906 0.00248146
0 0.268162 0.435547 0.257748 0.347656 0.00246239
0 0.809693 0.657227 0.356682 0.425781 0.831543
0 0.231062 0.489258 0.424373 0.587891 0.464844
0 0.323487 0.602051 0.243429 0.354492 0.450439
0 0.369699 0.964844 0.0507686 0.0664062 0.448486
0 0.280203 0.611328 0.336504 0.373047 0.327637
0 0.976318 0.973145 0.0468633 0.0537109 0.141724
0 0.163411 0.51416 0.307133 0.536133 0.0910645
0 0.210071 0.40332 0.420142 0.757812 0.0623169
0 0.590998 0.96875 0.0416563 0.0546875 0.0470886
0 0.341386 0.62793 0.202423 0.292969 0.0460205
0 0.353427 0.660156 0.166625 0.207031 0.0289764
0 0.12985 0.614258 0.230737 0.314453 0.0250397
0 0.229598 0.208252 0.0484905 0.0532227 0.0239105
0 0.107558 0.241699 0.142217 0.144043 0.0237274
0 0.132291 0.439575 0.243103 0.49585 0.0227966
0 0.100927 0.250977 0.169798 0.197266 0.0203705
0 0.941822 0.170471 0.111951 0.171753 0.0180511
0 0.0987709 0.146729 0.179968 0.273926 0.016922
0 0.924248 0.188232 0.145797 0.205566 0.0168457
0 0.889101 0.189026 0.221299 0.197144 0.0142822
0 0.609223 0.706055 0.0416563 0.0634766 0.0134277
0 0.331297 0.707031 0.157513 0.183594 0.0131226
0 0.345291 0.515625 0.178992 0.216797 0.0129242
0 0.188267 0.0461426 0.0406799 0.0566406 0.012825
0 0.28541 0.767578 0.0488159 0.0585938 0.0122375
0 0.106419 0.287354 0.180619 0.263184 0.0121002
0 0.105931 0.383789 0.188429 0.416016 0.0121002
0 0.100398 0.220947 0.195915 0.439941 0.0117798
0 0.412006 0.648926 0.075502 0.182617 0.0116882
0 0.385971 0.554199 0.119762 0.297852 0.0111618
0 0.291919 0.213379 0.0631353 0.0546875 0.0106506
0 0.0202586 0.37207 0.0405172 0.744141 0.0100937
0 0.294848 0.206055 0.0533721 0.0522461 0.00985718
0 0.0253029 0.638672 0.0506058 0.722656 0.00955963
0 0.765434 0.654297 0.299404 0.375 0.00923157
0 0.800581 0.572144 0.380113 0.525635 0.00908661
0 0.363516 0.93457 0.0605317 0.111328 0.00905609
0 0.410705 0.680664 0.0735493 0.134766 0.00831604
0 0.92242 0.907227 0.155159 0.185547 0.00831604
0 0.267511 0.402344 0.234967 0.395508 0.00806427
0 0.00545111 0.56543 0.0109022 0.869141 0.00806427
0 0.312341 0.515625 0.143356 0.198242 0.00793457
0 0.943124 0.740234 0.102839 0.224609 0.00790405
0 0.0557315 0.710938 0.0662269 0.132812 0.00784302
0 0.18306 0.383301 0.366119 0.766602 0.00775528
0 0.0325439 0.432617 0.0650879 0.673828 0.00760651
0 0.971762 0.122559 0.0559756 0.0927734 0.00746155
0 0.0753392 0.377441 0.150678 0.754883 0.00712204
0 0.102229 0.348877 0.170449 0.321777 0.00706482
0 0.939994 0.94873 0.120012 0.102539 0.00695801
0 0.805788 0.645508 0.343664 0.408203 0.836914
0 0.239198 0.525391 0.418515 0.520508 0.733887
0 0.245056 0.600586 0.396385 0.359375 0.233765
0 0.32487 0.597656 0.219834 0.335938 0.117981
0 0.133593 0.518555 0.229435 0.508789 0.111633
0 0.380439 0.978516 0.0371001 0.0429688 0.0524292
0 0.12383 0.621582 0.201447 0.286133 0.0437622
0 0.975017 0.976562 0.0468633 0.046875 0.0288696
0 0.725079 0.679688 0.18485 0.318359 0.0277405
0 0.746558 0.657227 0.23692 0.376953 0.0241394
0 0.105117 0.568848 0.164672 0.277344 0.0190582
0 0.0948656 0.137756 0.142217 0.22644 0.0177765
0 0.231062 0.210938 0.0494668 0.0541992 0.0171814
0 0.0740375 0.678711 0.0934011 0.199219 0.0149536
0 0.80709 0.572754 0.372303 0.541992 0.0139008
0 0.669104 0.715332 0.0820107 0.183594 0.0138474
0 0.220323 0.39209 0.421119 0.739258 0.0134277
0 0.113741 0.200195 0.088845 0.108398 0.012825
0 0.314375 0.520508 0.111951 0.174805 0.0112457
0 0.108697 0.497925 0.180293 0.412354 0.0100937
0 0.154869 0.463867 0.282563 0.447266 0.0100098
0 0.330647 0.525879 0.139288 0.208008 0.00963593
0 0.691233 0.703125 0.130176 0.258789 0.00941467
0 0.609874 0.708008 0.037751 0.0546875 0.00775528
0 0.886297 0.17627 0.227407 0.25 0.00746155
0 0.241476 0.409668 0.0650879 0.101562 0.00743103
0 0.592137 0.975586 0.0367747 0.0429688 0.00734711
0 0.349522 0.575195 0.17053 0.295898 0.00706482
0 0.248798 0.359375 0.182572 0.228516 0.0069313
0 0.232689 0.320312 0.0839634 0.140625 0.00653839
0 0.356031 0.273926 0.0325439 0.0537109 0.00591278
0 0.103652 0.178955 0.168252 0.335938 0.00588989
0 0.150963 0.354736 0.204457 0.214355 0.00557709
0 0.182572 0.318848 0.100886 0.157227 0.00548935
0 0.112277 0.359619 0.174436 0.216309 0.00548935
0 0.282481 0.772949 0.0416563 0.0458984 0.00530243
0 0.11309 0.2854 0.183222 0.294434 0.00521851
0 0.796025 0.628418 0.296801 0.323242 0.00494385
0 0.253843 0.320312 0.0963301 0.143555 0.0049057
0 0.395734 0.523438 0.075502 0.208984 0.00477219
0 0.113416 0.237305 0.191684 0.405273 0.00469971
0 0.102676 0.322754 0.167601 0.200195 0.00419998
0 0.264582 0.42627 0.193962 0.344727 0.00397491
0 0.523958 0.155701 0.0637861 0.0723877 0.00382423
0 0.160116 0.220459 0.18485 0.200195 0.00376511
0 0.277925 0.443237 0.188755 0.261963 0.00333786
0 0.0432834 0.579102 0.0582537 0.12207 0.00314713
0 0.373605 0.976562 0.0442598 0.046875 0.00304031
0 0.0427953 0.529785 0.0572773 0.131836 0.00292397
0 0.920994 0.163818 0.154909 0.231445 0.00282288
0 0.805788 0.652344 0.356682 0.394531 0.806641
0 0.321209 0.597656 0.238222 0.347656 0.434082
0 0.234967 0.581055 0.434787 0.424805 0.361084
0 0.129362 0.595215 0.233666 0.337891 0.309814
0 0.133267 0.534058 0.237245 0.482666 0.213379
0 0.222926 0.506836 0.427627 0.521484 0.16394
0 0.195589 0.600586 0.344966 0.345703 0.0467224
0 0.15914 0.465942 0.292245 0.478271 0.0279541
0 0.216905 0.38623 0.426651 0.74707 0.0236511
0 0.309168 0.526367 0.15556 0.219727 0.0202179
0 0.28899 0.758789 0.0572773 0.0625 0.0132217
0 0.331297 0.538086 0.202423 0.251953 0.012146
0 0.161093 0.358643 0.311771 0.687012 0.0119629
0 0.112317 0.62207 0.193881 0.285156 0.0116425
0 0.301438 0.531372 0.243266 0.380615 0.0115051
0 0.0679355 0.602539 0.101049 0.240234 0.011116
0 0.884019 0.191895 0.231963 0.248047 0.0109024
0 0.972413 0.973633 0.048165 0.0527344 0.0105667
0 0.0937266 0.133789 0.157187 0.248047 0.0104523
0 0.168089 0.605469 0.265884 0.292969 0.0104065
0 0.739398 0.664551 0.226506 0.336914 0.00978088
0 0.887148 0.14917 0.222601 0.277832 0.00971222
0 0.0974691 0.186279 0.18127 0.358887 0.00905609
0 0.0605317 0.563477 0.0868923 0.226562 0.00837708
0 0.326416 0.694824 0.160767 0.177734 0.00831604
0 0.314375 0.732422 0.109348 0.111328 0.00806427
0 0.369699 0.972656 0.0442598 0.046875 0.00800323
0 0.342444 0.652832 0.188592 0.234375 0.00734711
0 0.24473 0.450684 0.295499 0.452148 0.00731659
0 0.100886 0.180115 0.143193 0.201294 0.00706482
0 0.0675287 0.688477 0.085916 0.158203 0.0069046
0 0.269789 0.469238 0.250588 0.286133 0.00682449
0 0.861764 0.609375 0.242127 0.328125 0.00653839
0 0.249287 0.384277 0.240174 0.316406 0.00651169
0 0.715967 0.685547 0.169229 0.263672 0.0064888
0 0.106093 0.216797 0.163045 0.132812 0.00609589
0 0.0862008 0.502441 0.142624 0.334961 0.00609589
0 0.173297 0.390625 0.310795 0.342773 0.00605011
0 0.877385 0.680664 0.203074 0.316406 0.005867
0 0.510289 0.204041 0.17053 0.234497 0.00570679
0 0.88129 0.728516 0.182246 0.248047 0.00553513
0 0.120087 0.367188 0.240174 0.691406 0.00530243
0 0.79993 0.534668 0.384019 0.635742 0.00496292
0 0.301357 0.492676 0.227808 0.233398 0.00494385
0 0.234479 0.240723 0.0784309 0.0791016 0.00457382
0 0.122691 0.271057 0.208281 0.355347 0.00439835
0 0.131803 0.380371 0.210885 0.303711 0.00426483
0 0.153607 0.337646 0.261653 0.285645 0.00399017
0 0.10772 0.453003 0.180944 0.373291 0.00382423
0 0.218695 0.317627 0.111951 0.190918 0.00352478
0 0.803185 0.63623 0.347569 0.439453 0.873535
0 0.233015 0.494629 0.443899 0.589844 0.834473
0 0.367096 0.974609 0.0364492 0.0507812 0.240112
0 0.319256 0.593262 0.231062 0.354492 0.0284424
0 0.804611 0.550659 0.390777 0.62915 0.02034
0 0.285736 0.768555 0.0494668 0.0605469 0.0163422
0 0.242127 0.592773 0.398338 0.398438 0.0118713
0 0.191684 0.0307617 0.0397036 0.0488281 0.01017
0 0.37751 0.975586 0.042958 0.046875 0.00912476
0 0.976318 0.974121 0.0403545 0.0517578 0.0088501
0 0.103002 0.285156 0.126921 0.220703 0.00800323
0 0.106907 0.306885 0.161743 0.23877 0.00679779
0 0.234154 0.229492 0.056301 0.0634766 0.00593567
0 0.0904315 0.304688 0.126352 0.210938 0.00521851
0 0.111463 0.96582 0.0263606 0.0371094 0.00518036
0 0.118785 0.332764 0.193311 0.296387 0.0049057
0 0.0903095 0.412231 0.142868 0.372803 0.00443268
0 0.235618 0.394165 0.417213 0.619873 0.00438309
0 0.0618335 0.464355 0.0907976 0.333984 0.0042305
0 0.145634 0.963867 0.024408 0.0371094 0.00416565
0 0.277925 0.0349121 0.0351475 0.0419922 0.00400543
0 0.141403 0.416138 0.245707 0.443115 0.00370789
0 0.0349847 0.359375 0.0426326 0.108398 0.00312424
0 0.171873 0.462891 0.312341 0.509766 0.00302696
0 0.107395 0.211975 0.109999 0.210815 0.00275803
0 0.298103 0.216309 0.0624844 0.0585938 0.0027256
0 0.593602 0.973633 0.0351475 0.0429688 0.00265312
0 0.0538602 0.505981 0.0751765 0.263428 0.00253105
0 0.190708 0.291016 0.117809 0.1875 0.00221634
0 0.0416563 0.339844 0.0530466 0.220703 0.00219917
0 0.521679 0.200439 0.112602 0.206543 0.00203514
0 0.288014 0.222656 0.0768037 0.0644531 0.00203514
0 0.156211 0.320312 0.21479 0.234375 0.00202751
0 0.187941 0.90332 0.0182246 0.0292969 0.00201035
0 0.317954 0.709961 0.137986 0.178711 0.00198746
0 0.735455 0.437378 0.529089 0.834229 0.00193405
0 0.0405172 0.516479 0.0559756 0.332275 0.00192642
0 0.321534 0.972656 0.0299404 0.0351562 0.00186729
0 0.960697 0.151917 0.0728984 0.128784 0.00184631
0 0.216743 0.311523 0.10349 0.193359 0.00178242
0 0.760227 0.974609 0.0390527 0.0429688 0.0017004
0 0.0552434 0.572754 0.0743629 0.253906 0.0016489
0 0.115856 0.118896 0.124643 0.153809 0.00162888
0 0.0914892 0.0422363 0.0493854 0.0605469 0.00161648
0 0.327718 0.508301 0.167927 0.206055 0.00157928
0 0.963952 0.125916 0.0637861 0.107544 0.00153065
0 0.0224553 0.960938 0.0315676 0.0507812 0.00148964
0 0.921645 0.181702 0.153607 0.187378 0.0014782
0 0.976318 0.189392 0.0390527 0.171997 0.00144386
0 0.190708 0.396484 0.381415 0.792969 0.00144386
0 0.813073 0.647461 0.373855 0.408203 0.838379
0 0.228947 0.505371 0.454639 0.560547 0.815918
0 0.369374 0.970703 0.0455615 0.0488281 0.0891113
0 0.224391 0.407837 0.426 0.682373 0.0408325
0 0.269789 0.592773 0.367747 0.375 0.0333862
0 0.325114 0.592773 0.234967 0.361328 0.0284882
0 0.107232 0.311523 0.175412 0.250977 0.0167847
0 0.209258 0.4198 0.385971 0.429932 0.0155411
0 0.111788 0.358398 0.196891 0.344727 0.014389
0 0.135708 0.400391 0.249287 0.40625 0.0105667
0 0.0820921 0.306152 0.128711 0.205078 0.00963593
0 0.089862 0.349609 0.151573 0.292969 0.00963593
0 0.103978 0.418945 0.184524 0.365234 0.00901794
0 0.238547 0.246094 0.0781055 0.0878906 0.00812531
0 0.0680168 0.487183 0.108697 0.277588 0.006073
0 0.944876 0.162598 0.110249 0.174805 0.0055542
0 0.159465 0.31543 0.229109 0.237305 0.00540543
0 0.185989 0.296143 0.163045 0.199707 0.00530243
0 0.977745 0.974121 0.0445098 0.0517578 0.0051384
0 0.232038 0.303223 0.0937266 0.173828 0.00510025
0 0.282481 0.380981 0.211536 0.329834 0.00500107
0 0.179968 0.372314 0.337806 0.351074 0.00492477
0 0.322836 0.96875 0.0351475 0.0332031 0.00482941
0 0.928929 0.173828 0.142142 0.198242 0.00453949
0 0.191684 0.0317383 0.0488159 0.0454102 0.00408554
0 0.954189 0.130127 0.0911231 0.111816 0.00400543
0 0.804286 0.495605 0.391428 0.717773 0.00385475
0 0.282481 0.325928 0.185501 0.23291 0.00380898
0 0.968508 0.176758 0.0624844 0.195801 0.00362206
0 0.0536975 0.527832 0.0715967 0.193359 0.00362206
0 0.260026 0.249023 0.116507 0.103516 0.00341606
0 0.335203 0.289551 0.0794072 0.131836 0.00329781
0 0.251972 0.357666 0.178178 0.277832 0.00322342
0 0.887273 0.191345 0.225454 0.249146 0.00298119
0 0.0546738 0.576172 0.0689932 0.208008 0.00292397
0 0.334552 0.501465 0.131478 0.208008 0.00290108
0 0.0966555 0.209473 0.186151 0.376953 0.00286674
0 0.334552 0.453125 0.100235 0.145508 0.00247192
0 0.092913 0.0380859 0.0576028 0.0585938 0.00245285
0 0.298184 0.437012 0.165161 0.240234 0.00229645
0 0.305913 0.231445 0.0963301 0.0791016 0.00228691
0 0.0412495 0.393555 0.0584164 0.208984 0.00226021
0 0.0969403 0.145264 0.188185 0.256348 0.00201035
0 0.0590673 0.636719 0.0816853 0.269531 0.00190449
0 0.1113 0.494019 0.186802 0.371338 0.00185299
0 0.0432834 0.522461 0.0628098 0.25 0.00167465
0 0.0455615 0.341309 0.0631353 0.223633 0.0016489
0 0.61443 0.70166 0.0416563 0.0605469 0.0016489
0 0.350173 0.546875 0.152306 0.291016 0.00160408
0 0.0441784 0.476562 0.0702949 0.328125 0.00157928
0 0.231713 0.479614 0.421119 0.601318 0.894043
0 0.810995 0.643555 0.351475 0.416016 0.816406
0 0.369699 0.972656 0.0403545 0.0390625 0.0317993
0 0.235944 0.585449 0.418515 0.396484 0.0186157
0 0.327067 0.597656 0.220648 0.355469 0.0129242
0 0.11488 0.313965 0.167276 0.245117 0.00679779
0 0.194613 0.408203 0.357333 0.439453 0.00609589
0 0.116507 0.286621 0.123992 0.189453 0.00518036
0 0.137946 0.392578 0.233096 0.417969 0.00498199
0 0.154421 0.344971 0.257423 0.311035 0.00356483
0 0.0912858 0.297363 0.123667 0.182617 0.00332451
0 0.376533 0.974609 0.0455615 0.0390625 0.00327301
0 0.959396 0.160889 0.080709 0.155762 0.00313568
0 0.0730612 0.499023 0.107395 0.260742 0.00312424
0 0.180456 0.324707 0.192335 0.245117 0.00300407
0 0.104832 0.408203 0.171751 0.380859 0.00290108
0 0.105117 0.184814 0.151655 0.313965 0.00277901
0 0.0605317 0.53418 0.0722476 0.173828 0.00263214
0 0.11785 0.115845 0.145065 0.16626 0.00259018
0 0.190219 0.0427246 0.0514194 0.0517578 0.00253105
0 0.961999 0.138916 0.0728984 0.127441 0.00204277
0 0.945727 0.182678 0.108046 0.199097 0.00186062
0 0.963301 0.18158 0.0702949 0.2052 0.00185299
0 0.97762 0.975586 0.037751 0.0488281 0.00183105
0 0.101903 0.0761719 0.0877873 0.122559 0.00178242
0 0.237245 0.353516 0.249287 0.302734 0.0017271
0 0.515822 0.218018 0.149051 0.251465 0.0017004
0 0.227157 0.309814 0.11846 0.19873 0.0014782
0 0.801883 0.559448 0.356682 0.551025 0.00137806
0 0.191521 0.294434 0.138963 0.195312 0.00132465
0 0.419817 0.248047 0.0728984 0.143555 0.00131512
0 0.903545 0.19873 0.19291 0.26123 0.00130463
0 0.30274 0.360596 0.172971 0.302246 0.0012846
0 0.0325439 0.344727 0.0364492 0.078125 0.0012598
0 0.182083 0.322266 0.327067 0.600586 0.0012598
0 0.310469 0.478516 0.227808 0.393555 0.00121593
0 0.336504 0.284668 0.075502 0.133789 0.00121117
0 0.241476 0.247559 0.075502 0.102539 0.00116062
0 0.151167 0.494629 0.245707 0.535156 0.00115108
0 0.0379137 0.503906 0.0478396 0.18457 0.00111198
0 0.154096 0.595703 0.259375 0.355469 0.00104809
0 0.28899 0.764648 0.0533721 0.0507812 0.00104427
0 0.497922 0.259338 0.201772 0.360229 0.00103188
0 0.135546 0.0913086 0.15556 0.154297 0.00100422
0 0.242778 0.519531 0.427627 0.538086 0.73584
0 0.810344 0.650391 0.357983 0.412109 0.731934
0 0.243429 0.59082 0.415912 0.384766 0.15918
0 0.311039 0.592773 0.267023 0.370117 0.0903931
0 0.370025 0.970703 0.0423071 0.046875 0.0430298
0 0.17411 0.478027 0.322836 0.55957 0.0302734
0 0.146163 0.544434 0.255063 0.456055 0.0230255
0 0.146814 0.4198 0.272637 0.439697 0.0166626
0 0.22195 0.403198 0.436089 0.771729 0.0130234
0 0.138149 0.606445 0.2405 0.335938 0.0078125
0 0.120697 0.374512 0.210966 0.364258 0.00757599
0 0.109307 0.243164 0.134813 0.136719 0.00751877
0 0.105442 0.15625 0.169229 0.258789 0.00714874
0 0.112927 0.302734 0.181595 0.236328 0.00641251
0 0.35538 0.586426 0.177039 0.356445 0.00510025
0 0.0561383 0.532227 0.0663897 0.142578 0.00502014
0 0.104954 0.257812 0.146448 0.19873 0.00486755
0 0.0616708 0.504883 0.0868923 0.222656 0.00443268
0 0.1017 0.416992 0.17411 0.352539 0.00426483
0 0.0937266 0.324219 0.153607 0.248047 0.00388527
0 0.152794 0.32666 0.252866 0.246094 0.00365067
0 0.073468 0.282715 0.0968182 0.157227 0.00359344
0 0.913183 0.627441 0.157513 0.352539 0.00345612
0 0.123504 0.545898 0.202423 0.354492 0.00305176
0 0.949632 0.570312 0.0911231 0.265625 0.00274658
0 0.166666 0.375977 0.271986 0.322266 0.00250244
0 0.0399477 0.522461 0.0532094 0.152344 0.00205803
0 0.22976 0.307861 0.100886 0.178223 0.00202751
0 0.952236 0.499512 0.0885195 0.475586 0.00183868
0 0.167439 0.276855 0.199494 0.177734 0.00183105
0 0.0356356 0.501953 0.0507686 0.189453 0.00179577
0 0.0908383 0.625 0.143112 0.264648 0.00178242
0 0.0308354 0.344238 0.041819 0.118164 0.0016613
0 0.239849 0.225342 0.069644 0.0512695 0.00162888
0 0.970586 0.131836 0.0588291 0.0898438 0.00157356
0 0.0313235 0.456055 0.0463751 0.238281 0.00154305
0 0.37035 0.550781 0.124969 0.292969 0.00152493
0 0.406799 0.241211 0.0846143 0.132812 0.00151253
0 0.413308 0.50293 0.080709 0.197266 0.00150108
0 0.048165 0.185791 0.0797327 0.28125 0.00148964
0 0.505733 0.202637 0.191358 0.234375 0.00148964
0 0.039785 0.552734 0.0535348 0.146484 0.00136662
0 0.035717 0.290527 0.0450734 0.124023 0.00136185
0 0.402243 0.550781 0.105442 0.298828 0.00134563
0 0.13522 0.155518 0.267186 0.26709 0.00131989
0 0.975017 0.188538 0.0494668 0.160034 0.00131989
0 0.0362051 0.262939 0.0489786 0.178223 0.00119209
0 0.618335 0.700195 0.0546738 0.0693359 0.00118828
0 0.664547 0.70166 0.0676914 0.124023 0.00105667
0 0.948981 0.14624 0.0989336 0.129395 0.00102806
0 0.232038 0.510254 0.421119 0.581055 0.79248
0 0.805788 0.654297 0.364492 0.410156 0.740234
0 0.368723 0.969727 0.037751 0.0429688 0.0514526
0 0.169391 0.458862 0.309493 0.543213 0.0401611
0 0.234642 0.608398 0.440645 0.349609 0.0320435
0 0.347569 0.605469 0.190057 0.333984 0.0184326
0 0.152346 0.400879 0.288258 0.393555 0.0183411
0 0.1113 0.302979 0.16272 0.240723 0.014389
0 0.10886 0.273438 0.132454 0.193848 0.0137405
0 0.125131 0.416992 0.215115 0.431641 0.0135345
0 0.112317 0.341309 0.179561 0.31543 0.0119629
0 0.145838 0.330078 0.264175 0.250977 0.00717545
0 0.1017 0.40918 0.168903 0.369141 0.00658798
0 0.0660642 0.459473 0.0956792 0.317383 0.00524139
0 0.377835 0.972656 0.042958 0.0390625 0.00473785
0 0.223902 0.316162 0.107395 0.189941 0.00407028
0 0.213488 0.338867 0.147099 0.223633 0.0039444
0 0.10772 0.20166 0.139614 0.247559 0.00370789
0 0.294767 0.583984 0.136847 0.244141 0.00358009
0 0.0564637 0.511719 0.0686677 0.193359 0.00298119
0 0.031649 0.394409 0.0408427 0.244385 0.00260162
0 0.171181 0.369629 0.281831 0.30957 0.00250244
0 0.16276 0.29248 0.196484 0.201172 0.00243378
0 0.238059 0.244873 0.0758274 0.0966797 0.00233269
0 0.185989 0.0480957 0.0523958 0.0541992 0.00221634
0 0.975017 0.975586 0.0416563 0.0488281 0.00219917
0 0.964603 0.124023 0.0650879 0.0874023 0.00216484
0 0.109022 0.204102 0.167927 0.316406 0.00214005
0 0.959396 0.143127 0.075502 0.116089 0.00205803
0 0.10528 0.464355 0.160116 0.338867 0.00205803
0 0.0328694 0.4375 0.0442598 0.307617 0.0020504
0 0.0353102 0.481445 0.0465378 0.240234 0.00200272
0 0.11785 0.122559 0.149621 0.180664 0.00189686
0 0.0367747 0.329102 0.0468633 0.216797 0.00186729
0 0.328368 0.512207 0.107395 0.163086 0.00162315
0 0.0953944 0.0524902 0.0663083 0.0671387 0.0015974
0 0.0561383 0.544434 0.0631353 0.152344 0.0015974
0 0.349522 0.541016 0.152957 0.267578 0.0015192
0 0.236269 0.384766 0.436089 0.724609 0.00141048
0 0.950283 0.125 0.0911231 0.0966797 0.00119686
0 0.973715 0.20752 0.0442598 0.134277 0.00108624
0 0.25905 0.318359 0.164672 0.197266 0.00107288
0 0.520378 0.199219 0.113904 0.210449 0.00102806
0 0.943774 0.16449 0.104141 0.154419 0.00101662
0 0.801883 0.653809 0.361889 0.40918 0.84375
0 0.222763 0.46875 0.433811 0.62793 0.388672
0 0.340735 0.604004 0.191358 0.331055 0.254639
0 0.159791 0.604492 0.286387 0.339844 0.20752
0 0.294523 0.607422 0.296801 0.345703 0.0632324
0 0.162394 0.427246 0.307866 0.455078 0.0526123
0 0.103652 0.272461 0.140264 0.198242 0.0514526
0 0.107395 0.246582 0.127247 0.152344 0.0481262
0 0.196077 0.522949 0.362865 0.508789 0.044281
0 0.180782 0.573242 0.198844 0.240234 0.0369873
0 0.139288 0.482422 0.247985 0.513672 0.0367126
0 0.316978 0.513672 0.0937266 0.148438 0.036438
0 0.286305 0.57959 0.158977 0.266602 0.0282135
0 0.112114 0.370361 0.189731 0.373535 0.0253296
0 0.113741 0.311768 0.178015 0.259277 0.0242767
0 0.128386 0.416992 0.225204 0.389648 0.022583
0 0.122691 0.543945 0.194613 0.271484 0.0202942
0 0.146163 0.327148 0.25246 0.244141 0.0200195
0 0.368397 0.974609 0.0351475 0.0390625 0.0198669
0 0.23334 0.333984 0.152306 0.222656 0.0189056
0 0.0594741 0.538086 0.0776173 0.164062 0.0177155
0 0.208932 0.40332 0.33325 0.386719 0.0170441
0 0.188104 0.310059 0.163371 0.219727 0.0142822
0 0.34041 0.552734 0.153607 0.263672 0.0123367
0 0.250263 0.387573 0.26686 0.345947 0.0119629
0 0.22374 0.311523 0.10772 0.181641 0.0113297
0 0.10707 0.199219 0.128223 0.177734 0.0110321
0 0.0619149 0.513672 0.0893331 0.208984 0.0106964
0 0.160157 0.292725 0.213407 0.200684 0.00941467
0 0.135057 0.630859 0.229109 0.279297 0.00898743
0 0.179927 0.501953 0.255877 0.269531 0.00871277
0 0.0912858 0.295166 0.139614 0.20459 0.00844574
0 0.103978 0.19873 0.153933 0.219727 0.008255
0 0.0471887 0.530273 0.0631353 0.171875 0.00720596
0 0.0942147 0.425659 0.157187 0.328369 0.00664139
0 0.199332 0.356201 0.392805 0.684082 0.00653839
0 0.235618 0.27002 0.0852651 0.135254 0.00588989
0 0.28476 0.513672 0.160767 0.189453 0.00561905
0 0.0732239 0.638184 0.108371 0.244141 0.00530243
0 0.273451 0.466797 0.221136 0.236328 0.00486755
0 0.112602 0.127686 0.168903 0.20459 0.00416565
0 0.796025 0.572388 0.357983 0.573975 0.00407028
0 0.0987709 0.0631104 0.0774546 0.0888672 0.00378036
0 0.0423071 0.509277 0.0569519 0.197266 0.00362206
0 0.885195 0.696289 0.19266 0.296875 0.00362206
0 0.352776 0.639648 0.166625 0.251953 0.00359344
0 0.188592 0.0476074 0.0504431 0.0537109 0.00349617
0 0.368723 0.505859 0.12562 0.171875 0.00340271
0 0.0654947 0.702148 0.0815226 0.126953 0.00332451
0 0.891053 0.636719 0.183548 0.373047 0.00317192
0 0.801232 0.651855 0.365794 0.404297 0.791992
0 0.233015 0.505371 0.432184 0.566406 0.563965
0 0.350173 0.602539 0.179643 0.324219 0.320068
0 0.352125 0.553223 0.158814 0.189453 0.216064
0 0.171791 0.600586 0.305344 0.341797 0.178345
0 0.331297 0.545898 0.124969 0.197266 0.177246
0 0.369048 0.972656 0.037751 0.0390625 0.0731812
0 0.313398 0.515137 0.0885195 0.147461 0.0558167
0 0.195915 0.435669 0.364492 0.447021 0.0552063
0 0.164998 0.487305 0.290943 0.539062 0.0456848
0 0.144495 0.572754 0.237571 0.393555 0.0394897
0 0.231876 0.555664 0.112277 0.201172 0.0269623
0 0.0570333 0.541992 0.0727357 0.163086 0.0227203
0 0.0406799 0.537109 0.0523958 0.189453 0.0215759
0 0.262223 0.537598 0.0860787 0.157227 0.0171814
0 0.228296 0.334961 0.133105 0.207031 0.016098
0 0.136034 0.441406 0.237571 0.414062 0.0144501
0 0.172483 0.330078 0.216092 0.211914 0.0122375
0 0.115694 0.358887 0.182572 0.295898 0.0117798
0 0.109348 0.265137 0.126921 0.18457 0.0115509
0 0.111951 0.229492 0.115531 0.123047 0.0112915
0 0.0580909 0.524902 0.0855906 0.204102 0.0102463
0 0.227645 0.313477 0.101212 0.174805 0.00959778
0 0.25246 0.376953 0.235781 0.314453 0.00919342
0 0.0349847 0.523438 0.0449106 0.222656 0.00905609
0 0.204376 0.31543 0.137335 0.205078 0.00898743
0 0.1113 0.29834 0.14775 0.21582 0.00871277
0 0.266209 0.597168 0.367096 0.34668 0.0086441
0 0.37751 0.973633 0.042958 0.0351562 0.00857544
0 0.0998692 0.539062 0.14718 0.236328 0.00854492
0 0.110609 0.172424 0.119843 0.181519 0.00800323
0 0.115897 0.322754 0.173703 0.208008 0.00757599
0 0.234316 0.412109 0.299404 0.373047 0.00743103
0 0.111951 0.161072 0.143844 0.240356 0.00664139
0 0.280447 0.512695 0.140753 0.173828 0.00653839
0 0.267511 0.463379 0.23692 0.25 0.00624084
0 0.237408 0.266846 0.0842888 0.133301 0.00453949
0 0.110324 0.234131 0.141241 0.205566 0.00432968
0 0.0679355 0.626953 0.0997472 0.253906 0.00416565
0 0.165811 0.291992 0.209258 0.205078 0.00407028
0 0.245544 0.315918 0.138963 0.191406 0.00403976
0 0.230737 0.383789 0.420468 0.731445 0.00365067
0 0.0411681 0.604492 0.0549993 0.207031 0.0036068
0 0.115165 0.13092 0.130908 0.210815 0.00359344
0 0.358309 0.552734 0.149702 0.269531 0.00352478
0 0.101171 0.435425 0.170612 0.332275 0.00348282
0 0.130461 0.627441 0.219428 0.288086 0.00319672
0 0.0986488 0.0700684 0.0773732 0.101074 0.00286674
0 0.976969 0.976562 0.0403545 0.0449219 0.00265312
0 0.958094 0.134705 0.080709 0.0928955 0.00245285
0 0.800581 0.643555 0.365794 0.404297 0.805664
0 0.229435 0.493164 0.42958 0.582031 0.70752
0 0.349522 0.599609 0.175737 0.332031 0.250977
0 0.175737 0.479492 0.313724 0.547852 0.0549927
0 0.153933 0.549805 0.25905 0.446289 0.0470886
0 0.368397 0.974609 0.0351475 0.0390625 0.0445251
0 0.183914 0.599121 0.328613 0.348633 0.0354919
0 0.10707 0.272705 0.137986 0.20459 0.0296478
0 0.146488 0.411133 0.262874 0.396484 0.0283356
0 0.328694 0.519531 0.124969 0.192383 0.0278473
0 0.344966 0.555176 0.154909 0.285156 0.026001
0 0.111788 0.317383 0.172483 0.258789 0.0199432
0 0.208119 0.424805 0.377835 0.429688 0.0164032
0 0.278495 0.602539 0.334715 0.351562 0.0161591
0 0.22976 0.332275 0.134081 0.214355 0.0145569
0 0.148889 0.324951 0.248961 0.230957 0.0137405
0 0.169717 0.308105 0.184524 0.210938 0.0120544
0 0.0567078 0.535156 0.0720848 0.164062 0.0116882
0 0.118948 0.45166 0.19266 0.342773 0.00894928
0 0.0590673 0.514648 0.085916 0.21875 0.00891876
0 0.0383205 0.53125 0.0480023 0.1875 0.00821686
0 0.109673 0.196533 0.142217 0.245117 0.00757599
0 0.255714 0.390137 0.243591 0.342773 0.00757599
0 0.110161 0.198975 0.125945 0.192871 0.00746155
0 0.152143 0.290039 0.22553 0.201172 0.00674438
0 0.379462 0.974609 0.0397036 0.0390625 0.00674438
0 0.226506 0.308594 0.100886 0.173828 0.00669098
0 0.31828 0.587891 0.200471 0.3125 0.00658798
0 0.894308 0.640625 0.179643 0.402344 0.00588989
0 0.119274 0.137207 0.145471 0.21875 0.00446701
0 0.261979 0.450317 0.25905 0.359131 0.00424957
0 0.797327 0.578613 0.384019 0.566406 0.00415039
0 0.237571 0.270752 0.0794072 0.141602 0.00407028
0 0.234642 0.381348 0.434787 0.751953 0.00387001
0 0.0973064 0.520508 0.139939 0.246094 0.00382423
0 0.976969 0.976562 0.0390527 0.046875 0.00382423
0 0.185501 0.0491943 0.0488159 0.0544434 0.00351143
0 0.13998 0.617188 0.229679 0.308594 0.00324821
0 0.410705 0.512695 0.0742002 0.199219 0.00317192
0 0.515171 0.201599 0.121063 0.21106 0.00307465
0 0.909929 0.578613 0.151004 0.383789 0.00300407
0 0.0731425 0.62793 0.10886 0.262695 0.00277901
0 0.248636 0.310303 0.132779 0.184082 0.00268364
0 0.0927503 0.0532227 0.0582537 0.0678711 0.00264168
0 0.958745 0.132324 0.0768037 0.0898438 0.0026207
0 0.131193 0.202637 0.225774 0.365234 0.00240517
0 0.327718 0.502441 0.151004 0.248047 0.00216484
0 0.939218 0.567383 0.106744 0.335938 0.00205803
0 0.381415 0.560547 0.137986 0.310547 0.00202751
0 0.0304286 0.342529 0.0344966 0.0844727 0.00192642
0 0.804486 0.648438 0.361889 0.408203 0.827637
0 0.231062 0.493042 0.424373 0.584229 0.759277
0 0.349522 0.599609 0.179643 0.326172 0.083313
0 0.368397 0.974609 0.0351475 0.0390625 0.0713501
0 0.34464 0.576172 0.154909 0.259766 0.0396423
0 0.201122 0.428833 0.376208 0.448975 0.0306702
0 0.26263 0.604492 0.371652 0.349609 0.0131683
0 0.195426 0.522339 0.326416 0.492432 0.0118713
0 0.150516 0.40918 0.278902 0.402344 0.0116882
0 0.0562197 0.537109 0.0688304 0.158203 0.0115967
0 0.107029 0.27002 0.133512 0.195312 0.0107803
0 0.319582 0.515625 0.0976318 0.15625 0.0107346
0 0.109999 0.242188 0.119762 0.142578 0.0104065
0 0.0384019 0.530273 0.0475142 0.179688 0.0088501
0 0.0584977 0.518555 0.0824989 0.208984 0.00796509
0 0.379462 0.974609 0.0403545 0.0390625 0.0078125
0 0.111138 0.33374 0.176063 0.284668 0.00723267
0 0.123667 0.413574 0.212187 0.366211 0.00634003
0 0.110649 0.299805 0.16272 0.203125 0.00626373
0 0.146122 0.330811 0.249938 0.239746 0.00559998
0 0.0333575 0.51709 0.0411681 0.209961 0.00521851
0 0.112602 0.457153 0.182246 0.331787 0.0051384
0 0.1663 0.309082 0.178992 0.203125 0.0050621
0 0.108331 0.169861 0.151085 0.256958 0.00473785
0 0.110324 0.18457 0.123342 0.19043 0.00460815
0 0.97762 0.976562 0.0390527 0.046875 0.00443268
0 0.2034 0.593262 0.366445 0.358398 0.00383949
0 0.238547 0.233887 0.0650879 0.0732422 0.00380898
0 0.224065 0.334473 0.137661 0.217773 0.00356483
0 0.319256 0.582031 0.164672 0.271484 0.00352478
0 0.119274 0.137695 0.156862 0.221191 0.00351143
0 0.152916 0.286865 0.22138 0.20166 0.00345612
0 0.964603 0.132263 0.0650879 0.0889893 0.00341606
0 0.229435 0.308105 0.0911231 0.170898 0.00287819
0 0.0719221 0.632812 0.0995845 0.242188 0.00256157
0 0.134081 0.500977 0.214465 0.453125 0.00253105
0 0.0896586 0.518555 0.124643 0.232422 0.0024929
0 0.186151 0.0487061 0.0504431 0.0551758 0.00217438
0 0.0964928 0.0629883 0.0689932 0.0864258 0.00201988
0 0.131193 0.195374 0.232282 0.35144 0.00195694
0 0.911231 0.562378 0.151004 0.408447 0.00179577
0 0.0290455 0.348145 0.0320558 0.0869141 0.00177479
0 0.893657 0.640137 0.183548 0.405273 0.00175476
0 0.415261 0.515625 0.0676914 0.193359 0.00169373
0 0.0294523 0.473145 0.0362865 0.277344 0.00149536
0 0.94768 0.136475 0.0963301 0.0922852 0.00148964
0 0.143193 0.594727 0.234316 0.345703 0.00145531
0 0.0983234 0.566406 0.135301 0.248047 0.00143242
0 0.263525 0.44519 0.282644 0.359619 0.00139427
0 0.0641929 0.702148 0.0727357 0.125 0.00135136
0 0.804486 0.648438 0.361889 0.408203 0.827637
0 0.231062 0.493164 0.424373 0.583984 0.757812
0 0.349522 0.599609 0.179643 0.326172 0.0844727
0 0.368397 0.974609 0.0351475 0.0390625 0.0720825
0 0.344966 0.576172 0.154909 0.259766 0.0403137
0 0.200633 0.429199 0.375883 0.449219 0.0306244
0 0.262874 0.604492 0.371164 0.349609 0.0134277
0 0.19445 0.523438 0.324463 0.489258 0.0119629
0 0.150353 0.40918 0.278576 0.402344 0.0116882
0 0.0562197 0.537109 0.0688304 0.158203 0.0116882
0 0.319582 0.515625 0.0976318 0.15625 0.0108185
0 0.107029 0.27002 0.133512 0.195801 0.0107346
0 0.109999 0.242188 0.119762 0.141602 0.0104065
0 0.0383205 0.530273 0.0473514 0.179688 0.00898743
0 0.0584164 0.518555 0.0823362 0.208984 0.00800323
0 0.379462 0.974609 0.0403545 0.0390625 0.0078125
0 0.111138 0.33374 0.176063 0.284668 0.00723267
0 0.123708 0.413574 0.212105 0.366211 0.00636292
0 0.110649 0.300293 0.16272 0.202148 0.00624084
0 0.146122 0.330566 0.249287 0.239258 0.00559998
0 0.0333575 0.517578 0.0410054 0.210938 0.00527954
0 0.112602 0.457153 0.182246 0.331787 0.00518036
0 0.166666 0.309326 0.178259 0.202637 0.0050621
0 0.108371 0.169922 0.151329 0.257812 0.00473785
0 0.110324 0.18457 0.123342 0.19043 0.00462723
0 0.97762 0.976562 0.0390527 0.046875 0.00443268
0 0.203562 0.593262 0.366119 0.358398 0.00391388
0 0.238547 0.234131 0.0650879 0.0732422 0.00382423
0 0.224065 0.334473 0.13701 0.217773 0.00359344
0 0.319256 0.581543 0.164672 0.272461 0.00359344
0 0.119274 0.137756 0.157187 0.221558 0.00351143
0 0.152957 0.286865 0.221299 0.20166 0.00345612
0 0.964603 0.132263 0.0650879 0.0889893 0.00341606
0 0.229272 0.30835 0.0907976 0.17041 0.00288963
0 0.0717594 0.632812 0.099259 0.242188 0.00259018
0 0.134081 0.501465 0.214139 0.452148 0.00255013
0 0.0896586 0.518555 0.124318 0.232422 0.00253105
0 0.186151 0.0487061 0.0507686 0.0551758 0.00218201
0 0.0964928 0.0632324 0.0693186 0.0864258 0.00201035
0 0.131152 0.195557 0.232038 0.351562 0.00195694
0 0.911231 0.5625 0.151004 0.408203 0.0018034
0 0.0289641 0.347656 0.0318931 0.0859375 0.00178242
0 0.893657 0.640137 0.183548 0.405273 0.00175476
0 0.415261 0.515625 0.0676914 0.193359 0.00169373
0 0.0294523 0.473145 0.0361238 0.27832 0.00150108
0 0.143193 0.595215 0.234316 0.345703 0.00148964
0 0.94768 0.136475 0.0963301 0.0922852 0.00148392
0 0.0982827 0.566406 0.134732 0.248047 0.00146675
0 0.264582 0.445801 0.280529 0.358398 0.00139904
0 0.0641116 0.702148 0.072573 0.125 0.00136185
