0 0.590347 0.505371 0.576679 0.827148 0.0751953
0 0.731751 0.556641 0.481325 0.742188 0.065979
0 0.436089 0.431519 0.24473 0.38501 0.0463867
0 0.723126 0.679688 0.329345 0.59375 0.0223694
0 0.790818 0.595215 0.403545 0.743164 0.0184784
0 0.43674 0.31543 0.251239 0.600586 0.0160217
0 0.665849 0.570435 0.230411 0.579834 0.0136337
0 0.632942 0.495117 0.734116 0.990234 0.0134811
0 0.656249 0.678711 0.205352 0.417969 0.0117798
0 0.671707 0.647461 0.434787 0.675781 0.0114212
0 0.653607 0.521118 0.692785 0.957764 0.0091629
0 0.664835 0.594727 0.67033 0.810547 0.00806427
0 0.546212 0.5 0.907575 1 0.00757599
0 0.493041 0.612427 0.693186 0.767334 0.00712204
0 0.69644 0.51709 0.315025 0.717773 0.00669098
0 0.5 0.5 1 1 0.00664139
0 0.50358 0.5 0.99284 1 0.00636292
0 0.609348 0.603027 0.781305 0.793945 0.00612259
0 0.5 0.5 1 1 0.00566483
0 0.5 0.5 1 1 0.00557709
0 0.5 0.5 1 1 0.00536346
0 0.66113 0.735352 0.213814 0.298828 0.00526047
0 0.5 0.5 1 1 0.00526047
0 0.5 0.5 1 1 0.0051384
0 0.389226 0.5 0.778451 1 0.00500107
0 0.682772 0.722656 0.257748 0.376953 0.00408554
0 0.861764 0.617676 0.26686 0.713867 0.00403976
0 0.404521 0.54834 0.59946 0.90332 0.00400543
0 0.592262 0.604492 0.815476 0.791016 0.00382423
0 0.5 0.5 1 1 0.00363541
0 0.305832 0.608398 0.571634 0.783203 0.00328636
0 0.649577 0.503906 0.400941 0.837891 0.00318527
0 0.864367 0.925781 0.085916 0.0996094 0.00314713
0 0.486207 0.394531 0.382717 0.449219 0.00226021
0 0.7036 0.768555 0.300706 0.460938 0.00221634
0 0.610362 0.631348 0.645997 0.71582 0.00208282
0 0.749813 0.460449 0.199169 0.274414 0.00178909
0 0.827918 0.854004 0.177039 0.250977 0.00171375
0 0.461799 0.259521 0.277925 0.495605 0.00163555
0 0.759576 0.841309 0.402243 0.30957 0.0015974
0 0.435763 0.525513 0.435438 0.948975 0.00157928
0 0.827267 0.902344 0.174436 0.152344 0.00155449
0 0.637861 0.506348 0.334552 0.68457 0.00153065
0 0.444225 0.456543 0.263606 0.526367 0.00148964
0 0.553247 0.30957 0.523307 0.587891 0.00136185
0 0.482627 0.299805 0.331297 0.599609 0.00134563
0 0.419817 0.524414 0.23692 0.222656 0.00131512
0 0.238873 0.657715 0.404196 0.678711 0.00121593
0 0.626796 0.646484 0.24473 0.519531 0.00121117
0 0.659991 0.290283 0.398338 0.497559 0.00119686
0 0.605317 0.65625 0.514194 0.626953 0.27124
0 0.708156 0.661621 0.391829 0.624023 0.194946
0 0.43674 0.569336 0.31112 0.448242 0.0961914
0 0.514194 0.646973 0.492064 0.631836 0.0908813
0 0.438042 0.462402 0.255145 0.303711 0.0897827
0 0.440645 0.499023 0.300706 0.317383 0.0888062
0 0.494017 0.58606 0.404847 0.499756 0.0859985
0 0.753718 0.478516 0.127572 0.216797 0.0827026
0 0.602714 0.779297 0.0872178 0.189453 0.0290375
0 0.361319 0.641113 0.553084 0.651367 0.025177
0 0.408752 0.473633 0.187453 0.27832 0.0245209
0 0.648438 0.742188 0.207956 0.298828 0.0243835
0 0.572773 0.579224 0.598809 0.663818 0.0200653
0 0.583838 0.733887 0.0781055 0.160156 0.0183411
0 0.417539 0.666016 0.346918 0.658203 0.0176392
0 0.756321 0.484497 0.161418 0.275146 0.0157776
0 0.632779 0.487305 0.734441 0.974609 0.0153656
0 0.596205 0.732422 0.114555 0.316406 0.014061
0 0.647912 0.5 0.704176 1 0.013588
0 0.62562 0.523926 0.748761 0.760742 0.0122375
0 0.521479 0.516113 0.957042 0.967773 0.0109482
0 0.672358 0.786621 0.265559 0.418945 0.0105286
0 0.490437 0.47937 0.137986 0.226807 0.00948334
0 0.589045 0.772949 0.0768037 0.166992 0.00919342
0 0.505408 0.476562 0.100235 0.199219 0.0088501
0 0.372303 0.500977 0.114555 0.232422 0.00861359
0 0.725079 0.489258 0.0885195 0.205078 0.00837708
0 0.499875 0.563965 0.28899 0.443359 0.00837708
0 0.5 0.5 1 1 0.00837708
0 0.451059 0.460938 0.187453 0.279297 0.00800323
0 0.37035 0.565918 0.463426 0.649414 0.00757599
0 0.7407 0.447144 0.111951 0.261963 0.00701141
0 0.5 0.5 1 1 0.00661469
0 0.54804 0.592896 0.191358 0.48999 0.0064888
0 0.787564 0.642578 0.408752 0.669922 0.00641251
0 0.864367 0.918945 0.0676914 0.115234 0.00564194
0 0.669391 0.526855 0.661218 0.946289 0.00548935
0 0.5 0.498047 1 0.996094 0.00518036
0 0.555851 0.5 0.748511 1 0.00486755
0 0.512893 0.433716 0.105442 0.167725 0.00479126
0 0.546413 0.421875 0.0917739 0.102539 0.00475693
0 0.5 0.494141 1 0.988281 0.00475693
0 0.463426 0.5 0.926852 1 0.00468063
0 0.156821 0.70166 0.30274 0.584961 0.00457382
0 0.540229 0.464844 0.0963301 0.167969 0.00453949
0 0.966029 0.402344 0.0679414 0.0791016 0.00436401
0 0.535999 0.542969 0.149051 0.371094 0.00432968
0 0.5 0.481445 1 0.962891 0.00431442
0 0.722476 0.475586 0.124969 0.253906 0.0042305
0 0.68326 0.53125 0.221624 0.344727 0.00421524
0 0.439994 0.438477 0.272067 0.325195 0.942383
0 0.151655 0.661621 0.27402 0.516602 0.20813
0 0.654133 0.722656 0.233015 0.3125 0.176147
0 0.866971 0.925781 0.0885195 0.0976562 0.137939
0 0.648275 0.786621 0.255145 0.401367 0.110474
0 0.757623 0.475586 0.130176 0.193359 0.105591
0 0.482952 0.442383 0.247334 0.314453 0.088501
0 0.771942 0.444458 0.158814 0.224365 0.0866089
0 0.726218 0.624023 0.547064 0.675781 0.0844727
0 0.736144 0.501465 0.197867 0.286133 0.0841675
0 0.872829 0.935547 0.0728984 0.0859375 0.0772095
0 0.172117 0.628052 0.317059 0.659912 0.0734253
0 0.691884 0.594849 0.302008 0.466553 0.069519
0 0.745907 0.563354 0.216092 0.437744 0.0637207
0 0.624844 0.630371 0.39964 0.665039 0.0615234
0 0.541531 0.430786 0.17053 0.30249 0.0528259
0 0.486207 0.443848 0.378812 0.326172 0.049408
0 0.644207 0.712891 0.346593 0.550781 0.0455933
0 0.159465 0.736328 0.264257 0.417969 0.044342
0 0.421119 0.469849 0.213488 0.304443 0.0433655
0 0.506058 0.461914 0.134732 0.250977 0.042572
0 0.552922 0.599121 0.484905 0.661133 0.0368958
0 0.602063 0.381836 0.126271 0.144531 0.0312042
0 0.627447 0.266357 0.278576 0.365723 0.0308533
0 0.227157 0.57312 0.425024 0.771729 0.0308533
0 0.59946 0.32666 0.212187 0.238281 0.0265503
0 0.631353 0.367188 0.0911231 0.172852 0.0241852
0 0.621101 0.685547 0.239198 0.304688 0.0226288
0 0.972413 0.965332 0.0546738 0.0693359 0.022583
0 0.387598 0.504883 0.15556 0.208984 0.0207672
0 0.570821 0.422852 0.253843 0.374023 0.0180206
0 0.6665 0.566406 0.282481 0.353516 0.0164642
0 0.342362 0.57019 0.635258 0.781494 0.0157166
0 0.579933 0.353516 0.161418 0.177734 0.0153046
0 0.681958 0.725586 0.258074 0.453125 0.0147324
0 0.60906 0.600098 0.284109 0.461914 0.0139542
0 0.598809 0.729492 0.269464 0.355469 0.0136337
0 0.779753 0.376465 0.19266 0.234375 0.0131226
0 0.715316 0.711914 0.508987 0.548828 0.0130234
0 0.611826 0.674805 0.277274 0.381836 0.0126724
0 0.579933 0.517578 0.273369 0.548828 0.011734
0 0.448456 0.399536 0.246032 0.212646 0.0109024
0 0.904071 0.362305 0.0820107 0.0761719 0.0102921
0 0.734191 0.424683 0.130176 0.226807 0.00978088
0 0.700346 0.370117 0.160116 0.197266 0.00967407
0 0.708156 0.463013 0.201772 0.279053 0.00955963
0 0.544786 0.394043 0.187453 0.224609 0.00941467
0 0.604667 0.816895 0.305913 0.358398 0.00937653
0 0.97762 0.830078 0.0442598 0.0625 0.00844574
0 0.162435 0.306885 0.294767 0.467285 0.00769424
0 0.700346 0.69043 0.466029 0.603516 0.619629
0 0.594903 0.66748 0.663897 0.65332 0.46875
0 0.169229 0.685547 0.338457 0.628906 0.191284
0 0.18306 0.764648 0.253517 0.470703 0.125488
0 0.716618 0.691895 0.337155 0.573242 0.116333
0 0.870876 0.931641 0.085916 0.105469 0.0847778
0 0.878687 0.925781 0.0820107 0.128906 0.0747681
0 0.874781 0.945312 0.0728984 0.0976562 0.0726318
0 0.42958 0.459839 0.234316 0.336182 0.0687866
0 0.432184 0.653931 0.663897 0.692139 0.0453491
0 0.585791 0.572266 0.601412 0.621094 0.026062
0 0.84822 0.341797 0.30356 0.18457 0.024704
0 0.47742 0.498535 0.34822 0.328125 0.0234222
0 0.237896 0.799316 0.130827 0.401367 0.0233765
0 0.824013 0.723633 0.218695 0.527344 0.0227966
0 0.772067 0.621094 0.455865 0.707031 0.0222015
0 0.167886 0.696289 0.274101 0.607422 0.0214844
0 0.495319 0.572266 0.393131 0.455078 0.0207977
0 0.830522 0.803223 0.213488 0.385742 0.0202942
0 0.178504 0.576782 0.357007 0.846436 0.0196381
0 0.872829 0.865234 0.180944 0.261719 0.0174408
0 0.85916 0.327637 0.223902 0.186523 0.0158386
0 0.827918 0.841309 0.188755 0.301758 0.0157776
0 0.53665 0.475098 0.426326 0.384766 0.0149536
0 0.799279 0.531372 0.400941 0.554443 0.0146713
0 0.241151 0.922363 0.0768037 0.155273 0.0145569
0 0.706855 0.619629 0.26686 0.469727 0.014389
0 0.28118 0.653809 0.562359 0.655273 0.0141144
0 0.732239 0.516602 0.182246 0.264648 0.014061
0 0.756321 0.499023 0.14059 0.224609 0.014061
0 0.753718 0.532227 0.161418 0.304688 0.0135345
0 0.241313 0.865234 0.116833 0.267578 0.0132217
0 0.897562 0.831055 0.188755 0.335938 0.0119629
0 0.736144 0.762695 0.367096 0.46875 0.0116425
0 0.584489 0.765137 0.248636 0.469727 0.0115967
0 0.890402 0.312256 0.195264 0.19873 0.0109024
0 0.847444 0.358887 0.234316 0.244141 0.0105667
0 0.380113 0.47998 0.251239 0.300781 0.0100098
0 0.803185 0.851562 0.143193 0.271484 0.00993347
0 0.818806 0.334473 0.171832 0.227539 0.00981903
0 0.621589 0.807617 0.121063 0.333984 0.00955963
0 0.838983 0.889648 0.193962 0.193359 0.00926971
0 0.185826 0.793945 0.254494 0.326172 0.00919342
0 0.454964 0.503906 0.551945 0.518555 0.00912476
0 0.822711 0.686035 0.161418 0.618164 0.00891876
0 0.173785 0.760254 0.347569 0.479492 0.00878143
0 0.179317 0.784668 0.347569 0.430664 0.00803375
0 0.352776 0.439941 0.331948 0.378906 0.00775528
0 0.772593 0.41748 0.152306 0.328125 0.00754929
0 0.168415 0.891357 0.33683 0.217285 0.00734711
0 0.426326 0.453003 0.243429 0.324463 0.439697
0 0.744768 0.63562 0.426651 0.693604 0.32251
0 0.549667 0.509644 0.501828 0.449463 0.313232
0 0.870225 0.935547 0.0781055 0.109375 0.310791
0 0.562359 0.450195 0.52591 0.884766 0.299805
0 0.536975 0.342285 0.490763 0.631836 0.142944
0 0.640465 0.631836 0.40745 0.681641 0.136108
0 0.613779 0.572266 0.308517 0.457031 0.104858
0 0.766084 0.430664 0.157513 0.246094 0.0970459
0 0.45171 0.468262 0.226506 0.250977 0.0869141
0 0.65153 0.668457 0.225204 0.420898 0.0866089
0 0.405823 0.488159 0.21479 0.275635 0.0577087
0 0.560407 0.557617 0.376208 0.450195 0.0560303
0 0.55162 0.621094 0.507035 0.6875 0.0520325
0 0.663734 0.791016 0.239849 0.402344 0.049408
0 0.631353 0.723633 0.154909 0.326172 0.0458679
0 0.760227 0.480957 0.17053 0.370117 0.0455322
0 0.689769 0.671387 0.294523 0.547852 0.0451965
0 0.919041 0.338379 0.135383 0.125977 0.0426331
0 0.631353 0.794922 0.156211 0.357422 0.0401611
0 0.374255 0.493286 0.154909 0.249756 0.036499
0 0.606619 0.477539 0.757623 0.916016 0.031311
0 0.44813 0.388672 0.242778 0.407227 0.0304413
0 0.758925 0.467896 0.152306 0.220459 0.0281677
0 0.728984 0.458496 0.200471 0.268555 0.0255127
0 0.879988 0.335938 0.205678 0.151367 0.0249329
0 0.666337 0.519043 0.310144 0.338867 0.0247498
0 0.591161 0.354736 0.645346 0.709473 0.0240936
0 0.620288 0.665527 0.210885 0.384766 0.0236053
0 0.590998 0.675781 0.113253 0.363281 0.0234222
0 0.698881 0.564941 0.580909 0.819336 0.0224609
0 0.880639 0.302246 0.201772 0.205078 0.0185089
0 0.687979 0.581055 0.296801 0.482422 0.0170441
0 0.840936 0.40625 0.299404 0.253906 0.0164032
0 0.451385 0.582886 0.254494 0.420166 0.0154266
0 0.937266 0.338379 0.11846 0.137695 0.0153046
0 0.727683 0.565308 0.234316 0.476807 0.0149536
0 0.628098 0.795898 0.139288 0.273438 0.0136871
0 0.848746 0.92749 0.134081 0.121582 0.0130234
0 0.976318 0.830078 0.042958 0.0703125 0.0126266
0 0.628586 0.421387 0.336179 0.507812 0.0125732
0 0.596205 0.377808 0.28899 0.375244 0.0125275
0 0.712062 0.786133 0.337155 0.421875 0.0125275
0 0.423071 0.362793 0.219997 0.541992 0.0119629
0 0.522656 0.588379 0.676914 0.823242 0.0116425
0 0.246032 0.957031 0.0611826 0.0742188 0.0114212
0 0.976318 0.710938 0.0403545 0.0605469 0.0113297
0 0.561058 0.42041 0.347569 0.330078 0.0105667
0 0.389876 0.321289 0.498573 0.595703 0.0102081
0 0.202586 0.960938 0.0768037 0.0664062 0.0101318
0 0.436089 0.471558 0.257748 0.324463 0.705566
0 0.681958 0.657227 0.328368 0.583984 0.560059
0 0.868272 0.933594 0.075502 0.113281 0.190063
0 0.758925 0.464355 0.145797 0.273438 0.165039
0 0.87348 0.947266 0.0650879 0.0859375 0.155029
0 0.75567 0.492676 0.127572 0.202148 0.138428
0 0.169839 0.75 0.305994 0.474609 0.0820923
0 0.677565 0.597168 0.299404 0.44043 0.0755615
0 0.450083 0.520508 0.333901 0.427734 0.0699463
0 0.686026 0.774414 0.290292 0.4375 0.062561
0 0.459195 0.618164 0.344315 0.623047 0.0492249
0 0.669754 0.818359 0.239523 0.314453 0.039856
0 0.676914 0.667969 0.251239 0.5 0.0391235
0 0.613128 0.598145 0.260352 0.426758 0.0368347
0 0.630702 0.638184 0.443899 0.624023 0.0294189
0 0.886497 0.30957 0.210885 0.21582 0.026413
0 0.632492 0.633301 0.185175 0.415039 0.0250397
0 0.778451 0.42688 0.132779 0.281006 0.0237274
0 0.529165 0.483398 0.115856 0.197266 0.0200958
0 0.872178 0.34082 0.248636 0.18457 0.0197144
0 0.583838 0.544434 0.23692 0.34668 0.0192413
0 0.981525 0.836914 0.0364492 0.0585938 0.0182648
0 0.467331 0.488281 0.178341 0.226562 0.0180969
0 0.612477 0.407104 0.0611826 0.076416 0.0171814
0 0.734191 0.560059 0.208281 0.373047 0.0164032
0 0.600761 0.697266 0.0976318 0.258789 0.0158997
0 0.911231 0.328125 0.161418 0.171875 0.014389
0 0.683586 0.702148 0.429255 0.572266 0.0140076
0 0.531443 0.509766 0.129525 0.222656 0.0138474
0 0.191521 0.670776 0.367421 0.611572 0.0116425
0 0.154909 0.694824 0.309818 0.610352 0.0113754
0 0.708156 0.823242 0.33325 0.34375 0.0111618
0 0.823362 0.310547 0.119762 0.169922 0.00985718
0 0.578631 0.708496 0.0572773 0.108398 0.00933838
0 0.628749 0.430176 0.0950283 0.124023 0.00919342
0 0.360587 0.65332 0.575377 0.666016 0.00901794
0 0.846143 0.907959 0.134081 0.17627 0.0088501
0 0.553573 0.602051 0.137335 0.332031 0.00878143
0 0.865018 0.873047 0.132779 0.224609 0.0085144
0 0.580584 0.641602 0.0937266 0.234375 0.00809479
0 0.397362 0.486206 0.208281 0.283447 0.00806427
0 0.157187 0.820312 0.314375 0.351562 0.00800323
0 0.90342 0.875 0.161418 0.228516 0.0078125
0 0.36254 0.487305 0.141241 0.257812 0.00695801
0 0.17053 0.574707 0.341061 0.819336 0.00651169
0 0.384019 0.419434 0.145797 0.238281 0.006073
0 0.852651 0.407104 0.28118 0.269775 0.00593567
0 0.93336 0.335938 0.132779 0.154297 0.00557709
0 0.808392 0.739258 0.0416563 0.0742188 0.00553513
0 0.63119 0.80127 0.164347 0.360352 0.00518036
0 0.612965 0.664062 0.468958 0.583984 0.401611
0 0.678216 0.675293 0.33325 0.555664 0.399902
0 0.435113 0.485229 0.255145 0.273682 0.160767
0 0.565614 0.604492 0.545437 0.522461 0.115967
0 0.871527 0.938477 0.075502 0.0859375 0.0603027
0 0.661944 0.682617 0.268162 0.441406 0.058136
0 0.660642 0.73877 0.230411 0.331055 0.0390625
0 0.650716 0.605469 0.377835 0.40918 0.0365601
0 0.654947 0.775879 0.207956 0.249023 0.0255585
0 0.680982 0.537109 0.338132 0.279297 0.0192413
0 0.625495 0.760254 0.160116 0.272461 0.0184784
0 0.68863 0.775879 0.117158 0.129883 0.0174408
0 0.577981 0.712891 0.0768037 0.137695 0.0164032
0 0.520703 0.521484 0.455615 0.335938 0.0152512
0 0.456266 0.511719 0.264257 0.181641 0.0151901
0 0.581235 0.59082 0.412657 0.349609 0.0139008
0 0.615894 0.662109 0.267837 0.40625 0.0138474
0 0.425675 0.445435 0.208281 0.298584 0.0126266
0 0.613779 0.520996 0.428278 0.268555 0.0110321
0 0.759576 0.677246 0.47384 0.616211 0.0104904
0 0.69644 0.604492 0.272067 0.396484 0.0104065
0 0.587256 0.45752 0.538602 0.728516 0.00997162
0 0.751114 0.518555 0.151004 0.216797 0.00919342
0 0.508987 0.611328 0.367096 0.378906 0.00812531
0 0.558454 0.494141 0.466029 0.201172 0.00695801
0 0.804486 0.733887 0.0572773 0.0869141 0.00548935
0 0.543484 0.371338 0.488159 0.54248 0.00548935
0 0.756972 0.55957 0.178341 0.308594 0.00524139
0 0.760877 0.478027 0.174436 0.235352 0.00516129
0 0.403219 0.508789 0.208932 0.242188 0.00443268
0 0.573424 0.433472 0.246032 0.164307 0.00424957
0 0.667802 0.811523 0.23692 0.337891 0.00424957
0 0.714665 0.679688 0.268162 0.486328 0.00388527
0 0.632817 0.469727 0.379788 0.251953 0.0037365
0 0.471155 0.665527 0.563824 0.62207 0.00351143
0 0.526236 0.447144 0.372954 0.224854 0.00342941
0 0.558454 0.636719 0.286387 0.425781 0.00305176
0 0.633956 0.321777 0.342362 0.447266 0.00302696
0 0.0206654 0.798828 0.0344966 0.0683594 0.00286674
0 0.605155 0.360352 0.247659 0.204102 0.00257111
0 0.85135 0.859375 0.122365 0.246094 0.00228691
0 0.622891 0.836914 0.167927 0.326172 0.00212479
0 0.745381 0.548706 0.509237 0.87915 0.0020504
0 0.476769 0.4375 0.329996 0.316406 0.00201988
0 0.83703 0.899414 0.158814 0.181641 0.00196457
0 0.445201 0.621582 0.304611 0.444336 0.0018034
0 0.803836 0.792969 0.0676914 0.175781 0.00176811
0 0.63119 0.278564 0.289316 0.36377 0.00174141
0 0.758925 0.628906 0.204376 0.433594 0.00174141
0 0.886497 0.868652 0.203074 0.258789 0.0015974
0 0.443249 0.447266 0.28118 0.353516 0.64502
0 0.868272 0.933594 0.0833125 0.105469 0.339844
0 0.532744 0.450195 0.45887 0.34375 0.264404
0 0.706692 0.682617 0.409077 0.634766 0.222656
0 0.572123 0.608398 0.533721 0.679688 0.162354
0 0.64437 0.665039 0.39964 0.630859 0.140381
0 0.749813 0.469238 0.130176 0.172852 0.136597
0 0.757623 0.447754 0.143193 0.226562 0.119202
0 0.56301 0.496216 0.527212 0.488037 0.0806274
0 0.569519 0.378906 0.522005 0.449219 0.0382385
0 0.68863 0.341064 0.282481 0.474121 0.0366211
0 0.632654 0.444458 0.395734 0.318115 0.0348816
0 0.922295 0.344482 0.121063 0.116699 0.0293732
0 0.717919 0.767578 0.0585791 0.0830078 0.028656
0 0.679518 0.751465 0.161418 0.185547 0.026001
0 0.663246 0.637207 0.294197 0.445312 0.0256653
0 0.371326 0.456055 0.112602 0.199219 0.024231
0 0.374581 0.492188 0.127572 0.224609 0.0232391
0 0.664059 0.287354 0.280854 0.409668 0.0218201
0 0.744605 0.431641 0.156211 0.301758 0.0209198
0 0.420468 0.441895 0.195264 0.313477 0.0190125
0 0.654133 0.675781 0.21479 0.425781 0.0168457
0 0.584489 0.353027 0.122365 0.181641 0.0150146
0 0.0200145 0.805664 0.0351475 0.0683594 0.0137405
0 0.767386 0.411011 0.141892 0.26001 0.0130692
0 0.601249 0.599609 0.401267 0.4375 0.0129242
0 0.621589 0.720703 0.152306 0.316406 0.0126724
0 0.573424 0.724609 0.0533721 0.0703125 0.0115051
0 0.724428 0.520508 0.195264 0.291992 0.0112915
0 0.696278 0.801758 0.341386 0.388672 0.0107346
0 0.0193636 0.818848 0.0364492 0.0625 0.0104904
0 0.608572 0.341553 0.18485 0.233887 0.0103683
0 0.761528 0.489258 0.166625 0.266602 0.00997162
0 0.645835 0.50293 0.400616 0.27832 0.00971222
0 0.592137 0.455566 0.411681 0.235352 0.00952148
0 0.707505 0.593872 0.243429 0.439209 0.00854492
0 0.579933 0.387817 0.128874 0.165771 0.00766754
0 0.641929 0.393066 0.249612 0.231445 0.00746155
0 0.891704 0.345215 0.18485 0.130859 0.00734711
0 0.650879 0.78125 0.218695 0.371094 0.00701141
0 0.809043 0.737305 0.0494668 0.0732422 0.00698471
0 0.516147 0.402222 0.23692 0.248291 0.00679779
0 0.737446 0.379028 0.1484 0.322021 0.00614548
0 0.477094 0.484863 0.378812 0.413086 0.00593567
0 0.76283 0.571167 0.173134 0.418213 0.00568771
0 0.713363 0.546875 0.352776 0.634766 0.00566483
0 0.239035 0.970703 0.0556501 0.0410156 0.00530243
0 0.601249 0.769531 0.104466 0.324219 0.0050621
0 0.762179 0.373535 0.121063 0.275391 0.00492477
0 0.476443 0.472778 0.309818 0.200928 0.00482941
0 0.434136 0.455933 0.249938 0.35376 0.480469
0 0.576028 0.639771 0.563661 0.720459 0.38208
0 0.678216 0.646973 0.485556 0.663086 0.202393
0 0.524608 0.540039 0.463426 0.511719 0.179565
0 0.761528 0.466919 0.164021 0.241943 0.158203
0 0.872829 0.939453 0.085916 0.0976562 0.129395
0 0.646323 0.628418 0.312422 0.467773 0.0634766
0 0.6665 0.683105 0.252541 0.461914 0.0313721
0 0.665198 0.787109 0.247334 0.400391 0.0307922
0 0.75502 0.415894 0.169229 0.312744 0.0306702
0 0.747209 0.522461 0.171832 0.296875 0.028595
0 0.465704 0.458496 0.201122 0.28418 0.0261993
0 0.692372 0.657227 0.297126 0.552734 0.0249329
0 0.0211536 0.802734 0.037751 0.0644531 0.0247498
0 0.605317 0.550781 0.343664 0.570312 0.0228424
0 0.937266 0.34375 0.117158 0.132812 0.0204468
0 0.405823 0.460449 0.187453 0.325195 0.0202942
0 0.809693 0.733398 0.0559756 0.0820312 0.0190125
0 0.753718 0.614746 0.166625 0.467773 0.0187225
0 0.765434 0.555664 0.165323 0.337891 0.0186462
0 0.847444 0.919678 0.169229 0.133301 0.0149536
0 0.430231 0.529297 0.257097 0.208984 0.0142822
0 0.440645 0.609375 0.256446 0.380859 0.0141754
0 0.833125 0.863281 0.190057 0.259766 0.0126266
0 0.843539 0.890625 0.151004 0.195312 0.0124283
0 0.57017 0.475464 0.538928 0.465088 0.012146
0 0.258968 0.394653 0.12383 0.212646 0.0118713
0 0.448781 0.507812 0.32609 0.430664 0.011116
0 0.620288 0.772461 0.186151 0.376953 0.0110703
0 0.5181 0.536621 0.158814 0.324219 0.0109863
0 0.574726 0.646484 0.283783 0.451172 0.0109024
0 0.700997 0.391602 0.246032 0.40625 0.0104523
0 0.623542 0.702637 0.210885 0.397461 0.0104065
0 0.243103 0.964844 0.0455615 0.0585938 0.0100937
0 0.922946 0.329346 0.127572 0.134277 0.00978088
0 0.513218 0.430664 0.156862 0.31543 0.00974274
0 0.517774 0.432129 0.227157 0.334961 0.00941467
0 0.247171 0.416992 0.130501 0.242188 0.00919342
0 0.771942 0.677734 0.177039 0.554688 0.00898743
0 0.565614 0.39563 0.128874 0.261475 0.00891876
0 0.677565 0.524292 0.324138 0.543213 0.0086441
0 0.590835 0.355225 0.104466 0.172363 0.00818634
0 0.726381 0.373291 0.130176 0.343262 0.00812531
0 0.574401 0.35791 0.128223 0.186523 0.00772476
0 0.742653 0.684082 0.217394 0.62793 0.00757599
0 0.571797 0.718262 0.253192 0.563477 0.00757599
0 0.626796 0.431152 0.545437 0.456055 0.00751877
0 0.605317 0.370605 0.0768037 0.12793 0.00740433
0 0.756284 0.63269 0.487433 0.732666 0.00740433
0 0.675612 0.354004 0.197867 0.34082 0.00723267
0 0.438042 0.458984 0.252541 0.334961 0.479492
0 0.753718 0.493164 0.135383 0.210938 0.352295
0 0.760227 0.459839 0.154909 0.25415 0.244385
0 0.871527 0.931641 0.075502 0.09375 0.181274
0 0.661944 0.702148 0.233015 0.412109 0.0943604
0 0.494668 0.456055 0.373605 0.349609 0.0895996
0 0.682121 0.67041 0.275973 0.56543 0.0889893
0 0.671056 0.757812 0.233015 0.328125 0.0723877
0 0.648275 0.727539 0.196565 0.341797 0.069519
0 0.628098 0.650391 0.272067 0.443359 0.055603
0 0.654133 0.589844 0.275973 0.417969 0.0534058
0 0.584489 0.577148 0.37751 0.492188 0.0484924
0 0.528514 0.480591 0.443899 0.423584 0.0414734
0 0.617684 0.615356 0.402243 0.675537 0.0361633
0 0.549667 0.589722 0.478396 0.62915 0.0351562
0 0.465053 0.509766 0.19982 0.1875 0.0328369
0 0.448781 0.509277 0.251239 0.249023 0.0316772
0 0.809043 0.741211 0.0546738 0.0722656 0.0307312
0 0.674961 0.549316 0.178341 0.243164 0.0262604
0 0.509313 0.537109 0.270115 0.267578 0.0259094
0 0.603853 0.726074 0.120087 0.30957 0.0258026
0 0.637861 0.525391 0.341061 0.378906 0.0256195
0 0.620288 0.780762 0.124969 0.231445 0.0231018
0 0.580584 0.62793 0.21479 0.388672 0.0224609
0 0.725079 0.639648 0.368397 0.646484 0.021286
0 0.379462 0.496582 0.149702 0.245117 0.0190582
0 0.775197 0.416504 0.191358 0.30957 0.0182648
0 0.501828 0.482422 0.31112 0.251953 0.0178528
0 0.691884 0.580566 0.292896 0.629883 0.0166626
0 0.61443 0.669922 0.197867 0.412109 0.0164642
0 0.727683 0.39209 0.235618 0.424805 0.0130692
0 0.739398 0.544434 0.309818 0.579102 0.00978088
0 0.0211536 0.804199 0.0367747 0.0693359 0.00930023
0 0.603365 0.782227 0.110649 0.205078 0.00891876
0 0.491739 0.422363 0.302659 0.327148 0.00871277
0 0.472864 0.546875 0.206979 0.240234 0.00844574
0 0.632003 0.429688 0.11846 0.189453 0.00818634
0 0.557478 0.408203 0.145146 0.208984 0.00800323
0 0.360587 0.527344 0.119762 0.199219 0.00787354
0 0.5002 0.38916 0.391178 0.49707 0.00760651
0 0.601249 0.397949 0.088845 0.0908203 0.00717545
0 0.674961 0.810059 0.229109 0.297852 0.00679779
0 0.768688 0.920898 0.0598809 0.0976562 0.00621796
0 0.339759 0.555664 0.0911231 0.165039 0.00588989
0 0.882592 0.340576 0.182246 0.146973 0.00516129
0 0.423071 0.396484 0.234316 0.460938 0.00488663
0 0.853302 0.364014 0.253843 0.197754 0.00471878
0 0.568543 0.397949 0.536975 0.553711 0.00466537
0 0.853953 0.918945 0.124969 0.111328 0.00446701
0 0.782357 0.315918 0.0833125 0.136719 0.00411606
0 0.438692 0.456055 0.269464 0.339844 0.361084
0 0.75567 0.445312 0.136685 0.251953 0.184814
0 0.527537 0.621948 0.469284 0.621338 0.183594
0 0.870876 0.935547 0.0689932 0.0859375 0.083313
0 0.743304 0.483521 0.111951 0.222412 0.069519
0 0.631353 0.754395 0.177039 0.254883 0.0463867
0 0.626308 0.65332 0.278251 0.427734 0.0427246
0 0.656086 0.682617 0.283783 0.513672 0.0423889
0 0.574726 0.682617 0.411355 0.519531 0.0334778
0 0.641116 0.689941 0.208281 0.383789 0.0279541
0 0.404196 0.467285 0.201772 0.300781 0.0252228
0 0.773244 0.419434 0.14059 0.30957 0.0250397
0 0.572773 0.579224 0.360587 0.511475 0.0236969
0 0.63656 0.648926 0.373605 0.563477 0.0216217
0 0.622891 0.772461 0.126271 0.220703 0.0207977
0 0.717269 0.510742 0.111951 0.212891 0.0205688
0 0.734842 0.518555 0.100235 0.222656 0.0201416
0 0.539253 0.59375 0.427627 0.404297 0.0174408
0 0.756321 0.501953 0.132779 0.248047 0.0148392
0 0.0211536 0.801758 0.0367747 0.0625 0.0143356
0 0.807741 0.743164 0.0546738 0.0742188 0.0115051
0 0.739398 0.406372 0.153607 0.376709 0.0102463
0 0.487834 0.471191 0.197216 0.231445 0.00937653
0 0.592137 0.68457 0.289316 0.416016 0.00905609
0 0.714828 0.660156 0.392805 0.607422 0.00769424
0 0.80709 0.75293 0.0494668 0.0683594 0.00743103
0 0.455615 0.587891 0.322836 0.345703 0.00717545
0 0.501177 0.430542 0.178341 0.302979 0.00703812
0 0.375557 0.489746 0.147099 0.25293 0.00695801
0 0.667639 0.769531 0.174761 0.15625 0.0069046
0 0.650879 0.54834 0.199169 0.37793 0.00661469
0 0.87348 0.335205 0.166625 0.158691 0.00621796
0 0.76283 0.392456 0.114555 0.302979 0.00616837
0 0.489136 0.361328 0.39248 0.614258 0.00598145
0 0.91058 0.335449 0.119762 0.145508 0.00548935
0 0.834427 0.365967 0.104141 0.165527 0.00475693
0 0.540229 0.41687 0.101537 0.218994 0.00468063
0 0.908627 0.34668 0.0937266 0.119141 0.00446701
0 0.767386 0.527832 0.161418 0.282227 0.00445175
0 0.818155 0.30835 0.0898213 0.154785 0.00436401
0 0.0190382 0.824219 0.0325439 0.0527344 0.00429916
0 0.847444 0.311035 0.122365 0.168945 0.00416565
0 0.773244 0.923828 0.0546738 0.09375 0.00403976
0 0.546413 0.377441 0.0995845 0.211914 0.00390053
0 0.658039 0.730469 0.351475 0.507812 0.00390053
0 0.73289 0.555176 0.28899 0.563477 0.00388527
0 0.496621 0.614258 0.225204 0.302734 0.00380898
0 0.692535 0.346436 0.145797 0.424316 0.00367928
0 0.638512 0.410645 0.101537 0.125 0.00352478
0 0.835729 0.917969 0.075502 0.0859375 0.00338936
0 0.446503 0.458496 0.282481 0.361328 0.259766
0 0.499224 0.552246 0.398338 0.523438 0.109497
0 0.525585 0.61377 0.467982 0.668945 0.0847778
0 0.871527 0.935547 0.080709 0.0976562 0.0243835
0 0.427302 0.447754 0.201122 0.344727 0.0208435
0 0.646811 0.648438 0.336179 0.636719 0.0207672
0 0.0219672 0.80127 0.0331948 0.0761719 0.0078125
0 0.658852 0.779297 0.231387 0.347656 0.00595856
0 0.654133 0.657715 0.243429 0.50293 0.00561905
0 0.751114 0.431152 0.128874 0.260742 0.00516129
0 0.697742 0.694336 0.406148 0.59375 0.00481033
0 0.44032 0.523315 0.305262 0.457275 0.00460815
0 0.578631 0.563477 0.502479 0.818359 0.00457382
0 0.0232689 0.818848 0.0299404 0.0644531 0.00436401
0 0.62761 0.746094 0.163696 0.308594 0.00432968
0 0.504757 0.376099 0.413308 0.650146 0.00387001
0 0.7407 0.631836 0.469935 0.683594 0.00385475
0 0.0245707 0.755371 0.0384019 0.149414 0.00288963
0 0.575377 0.668945 0.463426 0.654297 0.00286674
0 0.0625657 0.755859 0.0824989 0.142578 0.00268364
0 0.0663083 0.743164 0.0701322 0.107422 0.00265312
0 0.243429 0.964844 0.0494668 0.0546875 0.00264168
0 0.744605 0.475586 0.111951 0.185547 0.00263214
0 0.788214 0.407104 0.100235 0.306885 0.00232315
0 0.768037 0.412109 0.135383 0.307617 0.00232315
0 0.852651 0.918945 0.124969 0.140625 0.00231361
0 0.560407 0.431641 0.533721 0.80957 0.00226021
0 0.612477 0.726074 0.144495 0.424805 0.00196457
0 0.412983 0.388672 0.21479 0.493164 0.00194168
0 0.459521 0.658569 0.583188 0.682861 0.00194168
0 0.872178 0.869141 0.0976318 0.232422 0.00183868
0 0.885846 0.849609 0.108046 0.277344 0.00173378
0 0.374337 0.508301 0.498411 0.948242 0.00169373
0 0.611175 0.796387 0.144495 0.383789 0.00167465
0 0.92555 0.33374 0.0963301 0.14502 0.00160408
0 0.441621 0.373535 0.144495 0.269531 0.0015974
0 0.196565 0.960938 0.0501177 0.0585938 0.00157356
0 0.913834 0.754883 0.171832 0.484375 0.00151253
0 0.453337 0.608398 0.343013 0.445312 0.00150681
0 0.908627 0.947266 0.164021 0.0917969 0.00148392
0 0.45529 0.345459 0.112602 0.189941 0.00147247
0 0.90342 0.333984 0.117158 0.152344 0.00144958
0 0.633305 0.818359 0.204376 0.363281 0.00141048
0 0.753067 0.475586 0.132779 0.25 0.00139427
0 0.0744443 0.84668 0.0476769 0.0664062 0.00137234
0 0.602714 0.580566 0.308517 0.508789 0.00135612
0 0.913834 0.83252 0.100235 0.317383 0.00135612
0 0.911231 0.849609 0.158814 0.273438 0.00133514
0 0.877385 0.341797 0.179643 0.177734 0.00131512
0 0.7407 0.576172 0.124969 0.367188 0.00131512
0 0.43674 0.451294 0.252541 0.335693 0.414062
0 0.739398 0.481445 0.0989336 0.179688 0.140381
0 0.741351 0.458008 0.111951 0.208984 0.136597
0 0.869574 0.933594 0.075502 0.09375 0.0678101
0 0.663897 0.63623 0.260352 0.458008 0.0661011
0 0.743304 0.421753 0.127572 0.244385 0.0476074
0 0.664547 0.640137 0.313724 0.547852 0.0467224
0 0.48165 0.46582 0.160116 0.263672 0.0360107
0 0.714665 0.546875 0.1484 0.292969 0.0313721
0 0.386622 0.499023 0.156211 0.212891 0.0308533
0 0.437065 0.523438 0.264908 0.216797 0.0252686
0 0.764132 0.43457 0.14059 0.263672 0.0247955
0 0.770641 0.468262 0.119762 0.194336 0.0200958
0 0.485556 0.514648 0.153607 0.177734 0.0159607
0 0.643719 0.674316 0.201772 0.384766 0.0130234
0 0.638512 0.615234 0.201772 0.375 0.0106506
0 0.742002 0.521484 0.102839 0.230469 0.0103302
0 0.545111 0.559692 0.478396 0.579834 0.00844574
0 0.361238 0.515625 0.106744 0.181641 0.00793457
0 0.856557 0.926758 0.106744 0.111328 0.00793457
0 0.632003 0.746094 0.169229 0.249023 0.00712204
0 0.438692 0.394531 0.274671 0.433594 0.00695801
0 0.493366 0.460449 0.39964 0.401367 0.00671768
0 0.76283 0.491699 0.136685 0.199219 0.00658798
0 0.640465 0.515625 0.151004 0.234375 0.00593567
0 0.532744 0.499023 0.0839634 0.166992 0.005867
0 0.652018 0.739746 0.213814 0.293945 0.00579834
0 0.53665 0.522461 0.075502 0.166016 0.00452042
0 0.93336 0.348877 0.104141 0.117676 0.00450516
0 0.615081 0.500977 0.126271 0.177734 0.0042305
0 0.533721 0.448242 0.104141 0.214844 0.00405502
0 0.723777 0.642578 0.428278 0.621094 0.00378036
0 0.0213976 0.801758 0.0333575 0.0712891 0.00307465
0 0.863716 0.891602 0.113253 0.197266 0.00304031
0 0.242941 0.960938 0.0530466 0.046875 0.00304031
0 0.343664 0.506836 0.0768037 0.181641 0.00302696
0 0.555851 0.629395 0.0820107 0.364258 0.0029583
0 0.635258 0.417969 0.0742002 0.0742188 0.00279045
0 0.967206 0.355957 0.0624844 0.0966797 0.00274658
0 0.0188755 0.821289 0.0305913 0.0585938 0.0027256
0 0.498573 0.352539 0.412657 0.541016 0.00261116
0 0.598158 0.949219 0.0820107 0.0898438 0.00260162
0 0.587093 0.949219 0.0781055 0.078125 0.00259018
0 0.447479 0.593262 0.30396 0.610352 0.00256157
0 0.437065 0.599121 0.287688 0.353516 0.00251198
0 0.602714 0.786621 0.105442 0.231445 0.00250244
0 0.464077 0.546875 0.213488 0.214844 0.00235939
0 0.693837 0.417969 0.304611 0.660156 0.00232315
0 0.586442 0.748047 0.080709 0.191406 0.00226021
0 0.546087 0.377441 0.577981 0.65918 0.00225258
0 0.439343 0.452026 0.269464 0.349854 0.529297
0 0.478396 0.454224 0.371001 0.384521 0.255371
0 0.552596 0.587891 0.512893 0.617188 0.188354
0 0.659829 0.630005 0.30754 0.52124 0.160278
0 0.749813 0.487793 0.121063 0.192383 0.0950317
0 0.736795 0.519043 0.143193 0.245117 0.0211639
0 0.645835 0.651367 0.231387 0.496094 0.0202942
0 0.613779 0.590332 0.335854 0.472656 0.0134277
0 0.433485 0.507812 0.279878 0.317383 0.0127716
0 0.765434 0.449097 0.141892 0.240479 0.0119171
0 0.717919 0.651855 0.434787 0.594727 0.00891876
0 0.432835 0.445801 0.198518 0.327148 0.00793457
0 0.749162 0.422852 0.124969 0.251953 0.00677109
0 0.391178 0.503906 0.175737 0.248047 0.005867
0 0.635909 0.751953 0.179643 0.273438 0.00570679
0 0.357333 0.531738 0.109348 0.19043 0.00446701
0 0.42958 0.521484 0.255145 0.242188 0.00426483
0 0.764132 0.535156 0.1484 0.253906 0.00399017
0 0.0209095 0.791016 0.026686 0.0683594 0.00305176
0 0.452361 0.59082 0.315025 0.365234 0.0029583
0 0.676751 0.56543 0.237245 0.457031 0.00288963
0 0.0191196 0.729004 0.0268488 0.0820312 0.0028553
0 0.622891 0.773926 0.1484 0.241211 0.00284576
0 0.787564 0.396362 0.109348 0.258057 0.00259018
0 0.577655 0.640625 0.363841 0.445312 0.00255013
0 0.550318 0.561646 0.438042 0.501709 0.00223351
0 0.708807 0.593262 0.260352 0.387695 0.00213242
0 0.688467 0.561401 0.323161 0.508057 0.00211525
0 0.627447 0.375977 0.0794072 0.114258 0.00200272
0 0.659991 0.682617 0.369699 0.59375 0.0018177
0 0.699695 0.470215 0.291594 0.608398 0.00179577
0 0.605155 0.789062 0.117484 0.207031 0.00178242
0 0.606619 0.744141 0.131478 0.251953 0.00177479
0 0.587093 0.34668 0.130176 0.185547 0.0016489
0 0.606619 0.351807 0.0989336 0.174316 0.00158501
0 0.872178 0.92749 0.0702949 0.105957 0.00153637
0 0.810995 0.739258 0.0494668 0.0820312 0.00146675
0 0.655923 0.778809 0.226831 0.282227 0.00137234
0 0.0267674 0.682617 0.0315676 0.128906 0.0012846
0 0.236594 0.460449 0.0533721 0.0673828 0.0012598
0 0.520052 0.434448 0.240825 0.35376 0.00123978
0 0.0645997 0.730469 0.069644 0.0976562 0.00119686
0 0.443899 0.389771 0.346268 0.560303 0.00119209
0 0.0201772 0.822754 0.021479 0.0546875 0.00117397
0 0.253192 0.466797 0.0781055 0.101562 0.00112915
0 0.770641 0.460083 0.309818 0.534912 0.00105286
0 0.573424 0.379395 0.157513 0.260742 0.00102043
0 0.621101 0.839844 0.150678 0.314453 0.00102043
0 0.810995 0.753906 0.0416563 0.0664062 0.00101662
0 0.937266 0.341797 0.0937266 0.117188 0.00100803
0 0.435438 0.473145 0.273369 0.351562 0.479492
0 0.697905 0.687988 0.35896 0.592773 0.33374
0 0.652181 0.638184 0.296801 0.457031 0.15979
0 0.434787 0.528809 0.274671 0.280273 0.035553
0 0.431533 0.579102 0.286387 0.349609 0.0290833
0 0.749813 0.655151 0.475142 0.677979 0.0229797
0 0.758274 0.444336 0.14059 0.248047 0.022583
0 0.5181 0.523438 0.458219 0.494141 0.02211
0 0.562034 0.621582 0.531768 0.711914 0.0189056
0 0.760227 0.503906 0.14059 0.195312 0.0160217
0 0.0176551 0.791504 0.0340084 0.0830078 0.0132217
0 0.445527 0.554565 0.31828 0.533447 0.0129242
0 0.0167601 0.732422 0.0335203 0.117188 0.0116425
0 0.770641 0.476562 0.1484 0.189453 0.0110703
0 0.428278 0.446167 0.219997 0.336182 0.00993347
0 0.676914 0.768555 0.256446 0.433594 0.00831604
0 0.768037 0.541992 0.158814 0.259766 0.00751877
0 0.693186 0.569336 0.272067 0.327148 0.00723267
0 0.777149 0.389771 0.135383 0.255615 0.0069046
0 0.65332 0.739258 0.216417 0.316406 0.00619125
0 0.659991 0.681152 0.240825 0.430664 0.00570679
0 0.0240825 0.695801 0.0374255 0.180664 0.00471878
0 0.702787 0.823242 0.317954 0.353516 0.00471878
0 0.710109 0.663574 0.294197 0.500977 0.00428009
0 0.0173297 0.817383 0.0291268 0.0664062 0.00397491
0 0.624193 0.73877 0.156211 0.264648 0.00379562
0 0.0627285 0.720703 0.0743629 0.130859 0.00370789
0 0.812948 0.734375 0.0702949 0.123047 0.00341606
0 0.369048 0.500977 0.143844 0.240234 0.00340271
0 0.0647625 0.748047 0.0745256 0.132812 0.00327301
0 0.711411 0.52002 0.382717 0.799805 0.00325966
0 0.457568 0.496094 0.225204 0.245117 0.00324821
0 0.459521 0.46582 0.337155 0.452148 0.00321007
0 0.356682 0.524414 0.124969 0.201172 0.00304031
0 0.777149 0.618164 0.169229 0.371094 0.00304031
0 0.734191 0.359863 0.153607 0.321289 0.0029583
0 0.871527 0.931641 0.085916 0.09375 0.00277901
0 0.561058 0.493652 0.580584 0.734375 0.00259018
0 0.604667 0.749023 0.124969 0.220703 0.00257111
0 0.275973 0.814453 0.0397036 0.158203 0.00253105
0 0.0318931 0.668945 0.0478396 0.228516 0.00247192
0 0.44097 0.654297 0.378161 0.644531 0.0024147
0 0.766084 0.537109 0.445201 0.710938 0.00235939
0 0.342362 0.54834 0.104141 0.193359 0.00228691
0 0.577981 0.637695 0.126271 0.317383 0.00227928
0 0.580584 0.615234 0.17053 0.344727 0.00219917
0 0.183589 0.711914 0.308435 0.527344 0.00219154
0 0.603365 0.506836 0.243429 0.513672 0.00217438
0 0.671056 0.57373 0.290292 0.426758 0.00214958
0 0.617684 0.788086 0.14059 0.263672 0.00214958
0 0.441296 0.463745 0.251239 0.320557 0.470703
0 0.671707 0.652344 0.28899 0.496094 0.37207
0 0.44032 0.548828 0.255795 0.222656 0.107788
0 0.643719 0.635742 0.264257 0.417969 0.078064
0 0.756321 0.498047 0.122365 0.202148 0.0548096
0 0.404196 0.463867 0.193311 0.330078 0.0522461
0 0.64437 0.661133 0.197867 0.361328 0.0467224
0 0.463426 0.520996 0.206979 0.19043 0.0438538
0 0.751114 0.532715 0.135383 0.25293 0.0342407
0 0.758925 0.459473 0.134081 0.234375 0.0319824
0 0.652181 0.71875 0.197867 0.328125 0.0314331
0 0.639163 0.750977 0.166625 0.275391 0.0247955
0 0.387273 0.500488 0.164672 0.260742 0.0193787
0 0.723615 0.678223 0.393456 0.553711 0.0168457
0 0.0196077 0.793945 0.0346593 0.078125 0.0160217
0 0.0200145 0.728027 0.0357983 0.151367 0.0136871
0 0.745907 0.604004 0.187453 0.379883 0.00912476
0 0.519076 0.532227 0.112602 0.201172 0.00888062
0 0.580584 0.57959 0.48165 0.575195 0.00857544
0 0.439669 0.592285 0.283132 0.338867 0.00837708
0 0.544786 0.603516 0.0898213 0.314453 0.00831604
0 0.753718 0.412109 0.126271 0.268555 0.00800323
0 0.869574 0.931641 0.0728984 0.0898438 0.00772476
0 0.0265233 0.70166 0.044097 0.205078 0.00701141
0 0.773244 0.410156 0.1484 0.302734 0.0069046
0 0.523307 0.485352 0.104141 0.210938 0.00674438
0 0.615731 0.527344 0.246032 0.447266 0.00624084
0 0.376859 0.537109 0.147099 0.21875 0.00609589
0 0.0191196 0.816406 0.0281505 0.0664062 0.00553513
0 0.419166 0.42395 0.201772 0.304443 0.00551224
0 0.674311 0.746094 0.177039 0.220703 0.00544739
0 0.493692 0.4823 0.367747 0.414307 0.00479126
0 0.534372 0.53125 0.443899 0.525391 0.00466537
0 0.579933 0.647461 0.0976318 0.275391 0.00460815
0 0.442272 0.44812 0.281831 0.412354 0.00455475
0 0.610524 0.746094 0.126271 0.216797 0.00439835
0 0.773244 0.605469 0.149702 0.347656 0.00416565
0 0.358634 0.519531 0.115856 0.222656 0.00365067
0 0.593602 0.711914 0.0950283 0.189453 0.00349617
0 0.808392 0.73584 0.0572773 0.0898438 0.00337601
0 0.0356356 0.672363 0.0582537 0.253906 0.00331116
0 0.544786 0.41394 0.145797 0.310791 0.00294685
0 0.0580096 0.707031 0.0896586 0.197266 0.00293541
0 0.615081 0.785156 0.141892 0.302734 0.00284576
0 0.76283 0.685059 0.14059 0.251953 0.00283432
0 0.523307 0.599609 0.101537 0.27832 0.00268364
0 0.0597181 0.75293 0.0728984 0.134766 0.00260162
0 0.562359 0.361328 0.127572 0.201172 0.00253105
0 0.978271 0.963867 0.0338457 0.046875 0.0024929
0 0.982176 0.833984 0.0338457 0.0566406 0.00234222
0 0.435438 0.452637 0.265559 0.360352 0.506836
0 0.663246 0.630371 0.287688 0.504883 0.296631
0 0.750463 0.487305 0.126271 0.195312 0.0820923
0 0.753718 0.455933 0.136685 0.213135 0.0594177
0 0.670405 0.586426 0.25905 0.389648 0.0450134
0 0.43674 0.53418 0.274671 0.30957 0.0406799
0 0.562034 0.58606 0.503129 0.581787 0.0394287
0 0.642417 0.676758 0.197867 0.330078 0.0319824
0 0.736795 0.529297 0.145797 0.253906 0.028656
0 0.511916 0.484497 0.426326 0.425537 0.0172424
0 0.477094 0.512695 0.186151 0.205078 0.0161591
0 0.639814 0.75293 0.178341 0.271484 0.0161591
0 0.42958 0.437012 0.209583 0.31543 0.0120544
0 0.751114 0.414917 0.132779 0.246338 0.0108185
0 0.870876 0.9375 0.0794072 0.0898438 0.00926971
0 0.731588 0.654785 0.432184 0.579102 0.00923157
0 0.0205027 0.797852 0.034822 0.0742188 0.00878143
0 0.775197 0.398926 0.149702 0.264648 0.00717545
0 0.624193 0.778809 0.139288 0.223633 0.00682449
0 0.0201772 0.730957 0.0364492 0.110352 0.00575256
0 0.532094 0.552734 0.0976318 0.251953 0.00536346
0 0.627447 0.525879 0.260352 0.436523 0.00496292
0 0.712224 0.476074 0.332925 0.727539 0.00469971
0 0.654621 0.79248 0.221624 0.295898 0.00462723
0 0.766735 0.553711 0.156211 0.266602 0.00441742
0 0.553247 0.613281 0.0989336 0.298828 0.00399017
0 0.566265 0.461426 0.505082 0.674805 0.00380898
0 0.530466 0.480957 0.0937266 0.212891 0.00362206
0 0.02034 0.817871 0.0279878 0.0615234 0.00324821
0 0.452361 0.526855 0.317629 0.49707 0.00309944
0 0.7407 0.606445 0.179643 0.382812 0.00290108
0 0.441947 0.587891 0.298103 0.371094 0.00284576
0 0.603365 0.754395 0.108046 0.186523 0.0027256
0 0.742002 0.560059 0.484254 0.561523 0.00259018
0 0.376208 0.494141 0.151004 0.260742 0.00257111
0 0.889101 0.342773 0.171832 0.147461 0.00240517
0 0.601575 0.951172 0.0881941 0.09375 0.00226974
0 0.774546 0.484863 0.398338 0.65918 0.00222588
0 0.028476 0.694824 0.0462124 0.179688 0.00217438
0 0.578957 0.663086 0.0956792 0.224609 0.00201988
0 0.625495 0.401367 0.0937266 0.09375 0.00198746
0 0.621101 0.861816 0.145471 0.276367 0.00198746
0 0.563336 0.391113 0.13343 0.242188 0.0019722
0 0.58693 0.713867 0.0810344 0.149414 0.00194931
0 0.808392 0.739746 0.0546738 0.0830078 0.00194931
0 0.917739 0.346436 0.115856 0.126465 0.00192642
0 0.604667 0.379883 0.0924248 0.129883 0.00182438
0 0.872178 0.383667 0.203074 0.220947 0.00173378
0 0.415261 0.391113 0.200471 0.257812 0.0017271
0 0.567566 0.354248 0.131478 0.184082 0.00168133
0 0.441296 0.455078 0.269464 0.330078 0.532227
0 0.640628 0.620117 0.351149 0.53125 0.325195
0 0.65755 0.649902 0.260026 0.483398 0.287842
0 0.749813 0.489746 0.124969 0.207031 0.113953
0 0.559756 0.570801 0.5181 0.606445 0.0957031
0 0.677565 0.581055 0.252541 0.379883 0.0564575
0 0.424373 0.440308 0.204376 0.320557 0.042572
0 0.460171 0.483398 0.225204 0.267578 0.0316162
0 0.76283 0.440918 0.157513 0.28418 0.0301514
0 0.443249 0.52832 0.261653 0.275391 0.0269165
0 0.713363 0.538086 0.203074 0.287109 0.0268097
0 0.756321 0.522949 0.137986 0.249023 0.0253296
0 0.647625 0.732422 0.199169 0.316406 0.0109024
0 0.465378 0.546387 0.339759 0.532227 0.0101318
0 0.395734 0.457886 0.18485 0.310791 0.00812531
0 0.868923 0.939453 0.0768037 0.0839844 0.00809479
0 0.716618 0.640503 0.391829 0.562744 0.00772476
0 0.630702 0.750977 0.16272 0.253906 0.00717545
0 0.457893 0.453979 0.319582 0.398682 0.0050621
0 0.513543 0.483276 0.430882 0.511963 0.00488663
0 0.708156 0.483887 0.315025 0.743164 0.00359344
0 0.721825 0.60791 0.21479 0.393555 0.00344276
0 0.454964 0.595703 0.261653 0.326172 0.00324821
0 0.409077 0.396973 0.188755 0.255859 0.00319672
0 0.625495 0.523315 0.252541 0.392822 0.00271416
0 0.602714 0.75293 0.113253 0.205078 0.0024929
0 0.0197704 0.795898 0.0310795 0.0673828 0.00247192
0 0.667151 0.751953 0.205678 0.259766 0.00240517
0 0.235618 0.459473 0.064437 0.0693359 0.00237846
0 0.655923 0.787598 0.216417 0.276367 0.00229645
0 0.976318 0.966797 0.0364492 0.046875 0.00223351
0 0.744605 0.557617 0.486857 0.5625 0.00186729
0 0.0180619 0.731445 0.0312422 0.0947266 0.00176811
0 0.371001 0.480469 0.139288 0.259766 0.00171375
0 0.480349 0.415039 0.265559 0.304688 0.00168705
0 0.736795 0.397949 0.164021 0.345703 0.00167465
0 0.881941 0.348633 0.191358 0.166992 0.00158501
0 0.624193 0.408691 0.0898213 0.0869141 0.00150108
0 0.854604 0.415527 0.251239 0.305664 0.00149536
0 0.280854 0.84375 0.0351475 0.0820312 0.00147247
0 0.795374 0.440918 0.166625 0.314453 0.00146675
0 0.736795 0.368164 0.126271 0.308594 0.00145531
0 0.353753 0.512695 0.101537 0.185547 0.00144958
0 0.520378 0.549805 0.129525 0.28125 0.00143814
0 0.24408 0.464355 0.0813599 0.103516 0.00137806
0 0.563661 0.356934 0.124969 0.183594 0.00136185
0 0.579933 0.958008 0.0637861 0.0683594 0.00133038
0 0.519727 0.463379 0.122365 0.257812 0.00130463
0 0.598809 0.955078 0.0872178 0.0859375 0.00129414
0 0.625495 0.844727 0.161418 0.310547 0.00126457
0 0.436414 0.456055 0.267511 0.336914 0.65332
0 0.657388 0.637695 0.274671 0.460938 0.373779
0 0.745907 0.491211 0.113253 0.195312 0.117981
0 0.709458 0.53418 0.171832 0.271484 0.0564575
0 0.426326 0.438477 0.206979 0.3125 0.0518494
0 0.659991 0.681152 0.225204 0.418945 0.0448608
0 0.731588 0.523926 0.137986 0.245117 0.0445251
0 0.76283 0.441895 0.152306 0.262695 0.0216217
0 0.643068 0.750977 0.182246 0.275391 0.0211182
0 0.441947 0.518555 0.255145 0.248047 0.0173035
0 0.76283 0.500977 0.141892 0.203125 0.0147324
0 0.747209 0.422852 0.127572 0.257812 0.0128708
0 0.576679 0.578125 0.469935 0.613281 0.00963593
0 0.471562 0.50293 0.195264 0.212891 0.00912476
0 0.715316 0.654297 0.38532 0.523438 0.00812531
0 0.623379 0.770508 0.143519 0.230469 0.00679779
0 0.870876 0.935547 0.075502 0.0957031 0.00488663
0 0.765434 0.537598 0.145797 0.242188 0.00469971
0 0.487834 0.489136 0.379462 0.431885 0.00400543
0 0.618335 0.52356 0.226506 0.39624 0.00397491
0 0.674148 0.749023 0.185175 0.226562 0.00388527
0 0.0195264 0.794922 0.0318931 0.0742188 0.00369263
0 0.59946 0.755859 0.105442 0.200195 0.00352478
0 0.730937 0.606445 0.190057 0.382812 0.00342941
0 0.531117 0.478027 0.0924248 0.21582 0.00314713
0 0.0167601 0.728027 0.0322185 0.0947266 0.00305176
0 0.533721 0.537109 0.0885195 0.214844 0.00293541
0 0.447479 0.537109 0.306564 0.514648 0.00276756
0 0.408752 0.388184 0.186151 0.225586 0.00251198
0 0.591161 0.722656 0.0881941 0.189453 0.0024929
0 0.441296 0.585938 0.290292 0.355469 0.00239754
0 0.551294 0.61084 0.0794072 0.298828 0.00237846
0 0.557803 0.357178 0.117158 0.187988 0.00227928
0 0.49597 0.404785 0.195264 0.280273 0.00225258
0 0.553898 0.402222 0.121063 0.265869 0.00214958
0 0.582862 0.658203 0.096981 0.257812 0.00191212
0 0.233666 0.459961 0.064437 0.0761719 0.00168133
0 0.697091 0.458984 0.275973 0.697266 0.0016613
0 0.624193 0.410645 0.106744 0.117188 0.00156689
0 0.376208 0.478394 0.151655 0.265869 0.00150681
0 0.672358 0.800781 0.21479 0.283203 0.00148964
0 0.579608 0.958984 0.0605317 0.0742188 0.00148964
0 0.59767 0.379028 0.0986082 0.14624 0.00148392
0 0.0231062 0.691406 0.0351475 0.158203 0.00146675
0 0.734191 0.363037 0.130176 0.307129 0.00146103
0 0.624193 0.839844 0.153607 0.320312 0.00145531
0 0.730286 0.387207 0.167927 0.364258 0.00139904
0 0.808392 0.737305 0.0520703 0.0859375 0.00139904
0 0.581235 0.348145 0.11846 0.180664 0.00139427
0 0.279227 0.840332 0.0325439 0.0947266 0.00137806
0 0.43674 0.448242 0.264257 0.350586 0.683594
0 0.654784 0.641602 0.283783 0.466797 0.536133
0 0.748511 0.493164 0.114555 0.200195 0.103027
0 0.424373 0.436646 0.208281 0.30835 0.0600891
0 0.753718 0.525391 0.130176 0.249023 0.0335388
0 0.765434 0.435547 0.149702 0.283203 0.0261993
0 0.700346 0.552734 0.216092 0.306641 0.0245209
0 0.439669 0.526367 0.259701 0.251953 0.0237732
0 0.648113 0.725098 0.198193 0.34082 0.0126266
0 0.469284 0.507324 0.197867 0.212891 0.0110703
0 0.630051 0.756348 0.161418 0.254883 0.0091629
0 0.870876 0.932617 0.0728984 0.0957031 0.0088501
0 0.589045 0.588013 0.443899 0.630615 0.008255
0 0.724428 0.670898 0.410054 0.552734 0.00488663
0 0.0198518 0.794922 0.0328694 0.0683594 0.00453949
0 0.410054 0.390747 0.190057 0.230225 0.00408554
0 0.52949 0.447388 0.104141 0.288818 0.00376511
0 0.620288 0.48291 0.242127 0.430664 0.00370789
0 0.0171669 0.728516 0.0320558 0.0976562 0.00370789
0 0.605317 0.760742 0.119762 0.212891 0.00351143
0 0.719872 0.606934 0.218695 0.396484 0.00344276
0 0.438042 0.584961 0.28899 0.355469 0.00333786
0 0.560407 0.360352 0.126271 0.195312 0.00328636
0 0.379462 0.478027 0.158814 0.280273 0.00319672
0 0.492064 0.48877 0.389226 0.436523 0.00319672
0 0.65153 0.78125 0.209583 0.269531 0.00300407
0 0.522656 0.406738 0.187453 0.287109 0.00291252
0 0.280529 0.841797 0.0338457 0.0820312 0.00282288
0 0.557152 0.409302 0.137986 0.30835 0.00271416
0 0.447154 0.542847 0.309818 0.537354 0.00271416
0 0.672358 0.751465 0.19266 0.249023 0.00265312
0 0.23513 0.462891 0.067366 0.0839844 0.00227928
0 0.731588 0.363037 0.14059 0.308105 0.00217438
0 0.0231876 0.693359 0.0340084 0.164062 0.00214005
0 0.534372 0.532227 0.085916 0.199219 0.00213242
0 0.580909 0.349854 0.119111 0.181152 0.00211525
0 0.595554 0.366211 0.0963301 0.167969 0.00195694
0 0.239523 0.901367 0.0364492 0.0527344 0.00188255
0 0.697742 0.46582 0.272067 0.704102 0.00187492
0 0.277274 0.798828 0.0312422 0.100586 0.00181007
0 0.593602 0.731934 0.0976318 0.211914 0.00177479
0 0.722476 0.384277 0.191358 0.375977 0.00176144
0 0.625495 0.837402 0.157513 0.325195 0.00173378
0 0.761528 0.348145 0.114555 0.229492 0.00172043
0 0.243754 0.472656 0.0865669 0.128906 0.00167465
0 0.808392 0.736328 0.0546738 0.0859375 0.00167465
0 0.610362 0.459473 0.40387 0.686523 0.0016489
0 0.624193 0.406128 0.102839 0.111572 0.00162315
0 0.580909 0.958984 0.0618335 0.0703125 0.00161076
0 0.59946 0.953125 0.0872178 0.09375 0.00153637
0 0.43674 0.448242 0.264257 0.350586 0.683594
0 0.654784 0.641602 0.283783 0.466797 0.535156
0 0.748511 0.493164 0.114555 0.200195 0.102661
0 0.424373 0.436646 0.20763 0.30835 0.0598755
0 0.753718 0.525391 0.130176 0.249023 0.0333862
0 0.765434 0.435547 0.149702 0.283203 0.0261078
0 0.700346 0.553223 0.216092 0.307617 0.0246124
0 0.439669 0.526367 0.259701 0.251953 0.0237732
0 0.648113 0.725098 0.198193 0.34082 0.0126724
0 0.469609 0.507812 0.197867 0.212891 0.0110703
0 0.630051 0.756348 0.161418 0.254883 0.00923157
0 0.870876 0.931641 0.0728984 0.09375 0.00891876
0 0.589045 0.588379 0.443899 0.629883 0.00821686
0 0.724428 0.670898 0.410054 0.552734 0.0049057
0 0.0198518 0.794922 0.0328694 0.0683594 0.00455475
0 0.410054 0.390137 0.190057 0.229492 0.0041008
0 0.529165 0.447266 0.104141 0.288086 0.00379562
0 0.0171669 0.728516 0.0320558 0.0976562 0.00372124
0 0.620288 0.4823 0.240825 0.429932 0.00370789
0 0.605317 0.760742 0.119762 0.212891 0.00352478
0 0.719872 0.606934 0.218695 0.396484 0.00342941
0 0.438042 0.584961 0.28899 0.355469 0.00333786
0 0.560407 0.360352 0.126271 0.195312 0.00329781
0 0.379462 0.478027 0.158814 0.280273 0.00321007
0 0.492064 0.48877 0.389226 0.436523 0.00317192
0 0.65153 0.78125 0.209583 0.269531 0.00300407
0 0.522656 0.406372 0.187453 0.286865 0.00291252
0 0.280529 0.841797 0.0338457 0.0820312 0.00282288
0 0.557152 0.409302 0.136685 0.30835 0.00273705
0 0.446503 0.54248 0.309818 0.537109 0.00270462
0 0.672358 0.751465 0.19266 0.249023 0.00265312
0 0.235293 0.462891 0.0670405 0.0839844 0.00226974
0 0.731588 0.363281 0.14059 0.308594 0.00216484
0 0.534372 0.531738 0.085916 0.199219 0.00215721
0 0.0231062 0.693359 0.0338457 0.164062 0.00214958
0 0.580909 0.349854 0.119111 0.181152 0.00211525
0 0.595066 0.366211 0.0960046 0.167969 0.00195694
0 0.239523 0.901367 0.0364492 0.0527344 0.00188923
0 0.697742 0.46582 0.272067 0.704102 0.00187492
0 0.277274 0.798828 0.0312422 0.100586 0.00181007
0 0.593602 0.732422 0.0976318 0.212891 0.00178242
0 0.722476 0.384277 0.191358 0.375977 0.00175476
0 0.625495 0.837402 0.157513 0.325195 0.00174141
0 0.761528 0.348145 0.114555 0.228516 0.00171375
0 0.243754 0.472656 0.0865669 0.128906 0.00167465
0 0.808392 0.736328 0.0546738 0.0859375 0.00166798
0 0.610524 0.459473 0.404847 0.686523 0.0016489
0 0.624193 0.406128 0.102839 0.111572 0.00162315
0 0.580909 0.958984 0.0618335 0.0722656 0.00161076
0 0.59946 0.953125 0.0872178 0.09375 0.00153637
