0 0.335854 0.661133 0.609223 0.638672 0.434082
0 0.149539 0.832031 0.239198 0.330078 0.11676
0 0.153241 0.728027 0.22854 0.52832 0.105957
0 0.194003 0.697754 0.302577 0.577148 0.0966797
0 0.439425 0.695312 0.529653 0.589844 0.0534058
0 0.351475 0.588379 0.446503 0.477539 0.0488586
0 0.531117 0.709473 0.361889 0.575195 0.0270081
0 0.171466 0.867188 0.254575 0.263672 0.0252686
0 0.630702 0.835449 0.173134 0.329102 0.0214539
0 0.427627 0.5 0.855255 1 0.0202179
0 0.426326 0.613281 0.257748 0.431641 0.0197906
0 0.706692 0.231689 0.390853 0.463379 0.0184784
0 0.425675 0.620117 0.801883 0.759766 0.0181274
0 0.632654 0.699707 0.169229 0.584961 0.0177155
0 0.464728 0.721191 0.699044 0.557617 0.0124817
0 0.559555 0.707031 0.880889 0.585938 0.0121918
0 0.402243 0.5 0.632654 1 0.0110321
0 0.689932 0.331055 0.400941 0.408203 0.0109863
0 0.209908 0.771973 0.358634 0.444336 0.0109863
0 0.443899 0.657227 0.211536 0.317383 0.0109024
0 0.540354 0.5 0.919291 1 0.0108185
0 0.692698 0.248779 0.338132 0.356934 0.0107803
0 0.5 0.5 1 1 0.0107346
0 0.462124 0.5 0.924248 1 0.0104523
0 0.136034 0.755371 0.175086 0.325195 0.00985718
0 0.641116 0.278748 0.222601 0.352661 0.00974274
0 0.5 0.5 1 1 0.00888062
0 0.5 0.5 1 1 0.00787354
0 0.713526 0.308105 0.36677 0.286133 0.00743103
0 0.624681 0.555542 0.601738 0.888916 0.00723267
0 0.604141 0.5 0.791719 1 0.00723267
0 0.256121 0.810059 0.46668 0.37207 0.00720596
0 0.623379 0.258301 0.179968 0.267578 0.00658798
0 0.494668 0.5 0.989336 1 0.00658798
0 0.5 0.5 1 1 0.0064888
0 0.812948 0.381714 0.105442 0.154541 0.00614548
0 0.721174 0.404785 0.372303 0.460938 0.00602722
0 0.571597 0.613281 0.856807 0.773438 0.00548935
0 0.826616 0.314941 0.1484 0.270508 0.00542831
0 0.604016 0.871094 0.210885 0.257812 0.0051384
0 0.5 0.5 1 1 0.00482941
0 0.651042 0.297119 0.356356 0.383301 0.00441742
0 0.465053 0.5 0.930106 1 0.00426483
0 0.266209 0.690918 0.453012 0.543945 0.0041008
0 0.294197 0.591919 0.50378 0.624756 0.00391388
0 0.29615 0.694336 0.346918 0.457031 0.0037365
0 0.629888 0.258789 0.263281 0.27832 0.00367928
0 0.700346 0.325684 0.361889 0.566406 0.00309944
0 0.644533 0.828125 0.309493 0.34375 0.00276756
0 0.0984454 0.658203 0.0920994 0.246094 0.0027256
0 0.379137 0.958984 0.064437 0.0820312 0.173828
0 0.177975 0.761719 0.320965 0.464844 0.0838623
0 0.271417 0.741211 0.52591 0.509766 0.0703125
0 0.150312 0.82373 0.262386 0.352539 0.0663452
0 0.36254 0.929688 0.0781055 0.0957031 0.0592041
0 0.305588 0.694336 0.605968 0.611328 0.0497742
0 0.1364 0.856445 0.21536 0.273438 0.0396423
0 0.140631 0.763672 0.230981 0.472656 0.0394287
0 0.827918 0.322754 0.151004 0.254883 0.037323
0 0.324138 0.451172 0.0559756 0.0878906 0.036438
0 0.624844 0.851562 0.193962 0.291016 0.0330811
0 0.10772 0.824219 0.160116 0.351562 0.0231934
0 0.22374 0.587891 0.0699695 0.101562 0.0184326
0 0.0778614 0.851562 0.0942147 0.289062 0.0182343
0 0.370025 0.945312 0.0917739 0.101562 0.016098
0 0.392155 0.750977 0.0605317 0.0976562 0.0150757
0 0.0800581 0.866211 0.123667 0.255859 0.0145035
0 0.553247 0.409302 0.0559756 0.0739746 0.0115051
0 0.428929 0.741699 0.100235 0.137695 0.0115051
0 0.409403 0.650757 0.676914 0.698486 0.0115051
0 0.38109 0.648438 0.132128 0.289062 0.0110703
0 0.46546 0.691895 0.523144 0.616211 0.00993347
0 0.332925 0.458008 0.0689932 0.0820312 0.00985718
0 0.222926 0.756348 0.0794072 0.140625 0.00941467
0 0.596368 0.871094 0.114229 0.251953 0.00933838
0 0.823487 0.57959 0.353026 0.84082 0.00919342
0 0.0920587 0.754883 0.0938079 0.431641 0.00912476
0 0.185663 0.856445 0.148075 0.251953 0.0088501
0 0.319582 0.4375 0.0657388 0.0996094 0.00818634
0 0.60011 0.767578 0.286387 0.464844 0.0078125
0 0.544786 0.689453 0.412657 0.621094 0.00766754
0 0.681595 0.5 0.63681 1 0.00731659
0 0.486207 0.5 0.972413 1 0.00720596
0 0.584489 0.597168 0.508987 0.805664 0.0069313
0 0.376859 0.137817 0.753718 0.275635 0.00679779
0 0.723615 0.262146 0.362214 0.439575 0.00671768
0 0.838457 0.808594 0.323086 0.382812 0.00669098
0 0.802008 0.741699 0.395984 0.516602 0.00656509
0 0.663045 0.5 0.67391 1 0.00638962
0 0.427302 0.697754 0.613779 0.604492 0.00614548
0 0.585916 0.5 0.828168 1 0.006073
0 0.257423 0.706055 0.0872178 0.129883 0.00605011
0 0.265559 0.728516 0.106093 0.197266 0.00598145
0 0.563786 0.5 0.872428 1 0.00595856
0 0.0901467 0.678711 0.0813599 0.152344 0.00584412
0 0.354729 0.755859 0.0624844 0.102539 0.00582123
0 0.458544 0.133545 0.917088 0.26709 0.00575256
0 0.332925 0.662109 0.132128 0.25 0.00572968
0 0.511716 0.135254 0.976568 0.270508 0.00572968
0 0.742165 0.582031 0.348546 0.835938 0.00568771
0 0.175737 0.754883 0.329996 0.480469 0.644043
0 0.456917 0.621094 0.256446 0.332031 0.609375
0 0.455615 0.642578 0.198518 0.313477 0.470703
0 0.829871 0.318359 0.153607 0.248047 0.460938
0 0.815551 0.245117 0.204376 0.386719 0.433105
0 0.212837 0.697266 0.397036 0.589844 0.329346
0 0.786262 0.226074 0.26686 0.414062 0.326904
0 0.299079 0.652344 0.544786 0.630859 0.325928
0 0.140753 0.817383 0.27044 0.349609 0.26123
0 0.426 0.611328 0.353427 0.369141 0.237183
0 0.39248 0.646484 0.708156 0.675781 0.226074
0 0.609874 0.293457 0.208281 0.298828 0.20813
0 0.626146 0.841797 0.212187 0.289062 0.186523
0 0.273369 0.548828 0.44455 0.439453 0.139893
0 0.479698 0.628418 0.522005 0.536133 0.130737
0 0.724428 0.255859 0.387924 0.404297 0.12146
0 0.498899 0.653809 0.460171 0.692383 0.0917358
0 0.374906 0.964355 0.0572773 0.0712891 0.0866089
0 0.626796 0.26709 0.193962 0.219727 0.0823975
0 0.13339 0.84668 0.223333 0.306641 0.0745239
0 0.632003 0.349121 0.28118 0.418945 0.0713501
0 0.459521 0.678223 0.175737 0.276367 0.064209
0 0.565614 0.709961 0.368397 0.580078 0.0467224
0 0.465053 0.562378 0.616382 0.718994 0.0426331
0 0.340979 0.546753 0.347732 0.377197 0.0421753
0 0.657388 0.275391 0.282481 0.275391 0.0383301
0 0.243103 0.773438 0.339759 0.421875 0.0365601
0 0.649414 0.259216 0.547064 0.422974 0.0299835
0 0.569519 0.563477 0.615731 0.873047 0.026001
0 0.396385 0.478027 0.73289 0.84668 0.0244293
0 0.511591 0.491699 0.840936 0.733398 0.0215302
0 0.439994 0.689453 0.152957 0.230469 0.0195007
0 0.583188 0.759277 0.308517 0.479492 0.0173035
0 0.411355 0.57666 0.822711 0.84668 0.0159607
0 0.58514 0.65625 0.298103 0.515625 0.0152512
0 0.243103 0.598633 0.409403 0.787109 0.0145569
0 0.480349 0.5625 0.240825 0.308594 0.0145035
0 0.260433 0.822266 0.292733 0.347656 0.0139542
0 0.298184 0.687012 0.283621 0.302734 0.0130234
0 0.658852 0.508789 0.517774 0.875 0.0128708
0 0.166666 0.867676 0.180863 0.264648 0.012825
0 0.22553 0.793457 0.451059 0.413086 0.0127258
0 0.333575 0.638672 0.204376 0.224609 0.0118713
0 0.317954 0.669434 0.173134 0.229492 0.0109024
0 0.624681 0.371582 0.182572 0.40332 0.0103683
0 0.215115 0.491211 0.332599 0.419922 0.00948334
0 0.60727 0.426636 0.1484 0.218994 0.00933838
0 0.35538 0.931396 0.0956792 0.121582 0.00891876
0 0.332599 0.613159 0.665198 0.773682 0.00881195
0 0.331948 0.713867 0.648275 0.558594 0.00841522
0 0.393131 0.654175 0.7407 0.677979 0.816895
0 0.150353 0.847656 0.300706 0.304688 0.508789
0 0.381415 0.473145 0.69644 0.852539 0.13501
0 0.6294 0.842773 0.200471 0.314453 0.0483093
0 0.827918 0.318848 0.147099 0.25293 0.0415344
0 0.27044 0.65686 0.471887 0.686279 0.0357361
0 0.184036 0.668335 0.356356 0.66333 0.0342407
0 0.75502 0.295166 0.330647 0.257324 0.0318604
0 0.810995 0.304443 0.221299 0.19873 0.0284882
0 0.596856 0.669434 0.23692 0.598633 0.0278473
0 0.622078 0.732422 0.206003 0.535156 0.0264587
0 0.820107 0.385864 0.0898213 0.128662 0.02211
0 0.606619 0.655762 0.356682 0.688477 0.0218658
0 0.373605 0.959961 0.0611826 0.0800781 0.0215759
0 0.0924248 0.853027 0.18485 0.293945 0.0212402
0 0.0764783 0.660156 0.0605317 0.0917969 0.0212097
0 0.824013 0.254395 0.161418 0.369141 0.0180511
0 0.438692 0.503906 0.877385 0.992188 0.0168457
0 0.201284 0.751953 0.348546 0.494141 0.0132751
0 0.643719 0.589355 0.602714 0.819336 0.0132751
0 0.282807 0.551636 0.472538 0.468994 0.0129242
0 0.0878687 0.740234 0.0829871 0.158203 0.012825
0 0.500526 0.52771 0.6665 0.809814 0.0125732
0 0.706692 0.504883 0.432509 0.798828 0.012146
0 0.318361 0.450684 0.299242 0.234375 0.0112457
0 0.10886 0.790039 0.153607 0.3125 0.0102921
0 0.0732239 0.885986 0.140264 0.228027 0.00978088
0 0.573424 0.640137 0.279878 0.47168 0.00963593
0 0.740538 0.670898 0.44813 0.658203 0.00941467
0 0.101212 0.665039 0.122691 0.257812 0.0086441
0 0.821409 0.331299 0.109348 0.244629 0.00844574
0 0.115368 0.544922 0.0650879 0.0820312 0.00806427
0 0.235944 0.816406 0.20763 0.357422 0.00787354
0 0.0943774 0.79834 0.188755 0.40332 0.0078125
0 0.0950283 0.625488 0.104792 0.179688 0.00775528
0 0.319256 0.480591 0.397687 0.310303 0.00769424
0 0.78496 0.248779 0.213488 0.396973 0.00763702
0 0.034822 0.950195 0.0582537 0.0996094 0.00748825
0 0.195589 0.629395 0.302659 0.514648 0.00740433
0 0.260026 0.716309 0.302008 0.391602 0.00619125
0 0.43674 0.710938 0.715967 0.578125 0.00609589
0 0.247334 0.494629 0.339759 0.34375 0.00605011
0 0.365143 0.9375 0.0742002 0.113281 0.00605011
0 0.734967 0.817871 0.530065 0.364258 0.00595856
0 0.44455 0.462891 0.889101 0.925781 0.00561905
0 0.7872 0.975586 0.425599 0.0488281 0.00530243
0 0.708807 0.27124 0.439994 0.335449 0.00521851
0 0.312503 0.589355 0.331786 0.512695 0.00486755
0 0.169554 0.776367 0.339108 0.447266 0.00436401
0 0.317629 0.745117 0.635258 0.509766 0.00424957
0 0.338457 0.654297 0.637861 0.65625 0.690918
0 0.229272 0.687988 0.403219 0.610352 0.626953
0 0.280854 0.717773 0.531117 0.564453 0.504883
0 0.338457 0.54541 0.676914 0.78418 0.345215
0 0.199169 0.75293 0.367747 0.488281 0.168335
0 0.709295 0.231934 0.388249 0.460938 0.168335
0 0.831823 0.302734 0.151004 0.275391 0.166626
0 0.592951 0.366455 0.205678 0.433105 0.144653
0 0.831823 0.331543 0.130176 0.238281 0.122131
0 0.67545 0.26709 0.476769 0.53418 0.109924
0 0.816202 0.219299 0.171832 0.401245 0.107422
0 0.420468 0.630859 0.373605 0.37207 0.0841675
0 0.459439 0.633789 0.549505 0.703125 0.0648804
0 0.154869 0.810547 0.296882 0.375 0.0609741
0 0.129037 0.854004 0.252866 0.291992 0.0603027
0 0.589534 0.406128 0.174761 0.351807 0.0579224
0 0.609385 0.283691 0.192335 0.241211 0.0574951
0 0.670405 0.365479 0.499875 0.647949 0.0541077
0 0.338132 0.57666 0.35538 0.446289 0.0524292
0 0.652018 0.323242 0.312747 0.331055 0.0518494
0 0.546087 0.639526 0.365794 0.683838 0.049408
0 0.710109 0.316162 0.395734 0.318848 0.0455322
0 0.229109 0.805664 0.342362 0.382812 0.0392761
0 0.678867 0.379028 0.368397 0.462646 0.0382385
0 0.592463 0.524414 0.64795 0.951172 0.0331421
0 0.522981 0.42334 0.255795 0.31543 0.0319214
0 0.551294 0.497192 0.712062 0.755615 0.0313721
0 0.33683 0.446777 0.67366 0.893555 0.0296478
0 0.178951 0.705078 0.277356 0.400391 0.0242767
0 0.423722 0.641602 0.264257 0.34375 0.0237274
0 0.0935638 0.850586 0.170205 0.298828 0.0235596
0 0.232038 0.751953 0.28118 0.410156 0.0227661
0 0.62224 0.253418 0.158814 0.191406 0.0221558
0 0.502804 0.624512 0.36254 0.426758 0.0217743
0 0.293546 0.515137 0.270766 0.327148 0.0211182
0 0.0934011 0.602539 0.108697 0.175781 0.0201721
0 0.111341 0.680664 0.141159 0.330078 0.0201416
0 0.0894552 0.630859 0.0970623 0.189453 0.0198364
0 0.0797327 0.830566 0.105117 0.311523 0.019165
0 0.511265 0.482544 0.289641 0.419678 0.018692
0 0.128711 0.777344 0.223577 0.441406 0.0185394
0 0.464077 0.638672 0.260352 0.410156 0.0184326
0 0.67366 0.207581 0.290292 0.347534 0.0182648
0 0.472538 0.567383 0.352776 0.46875 0.016922
0 0.710109 0.53125 0.498573 0.9375 0.016922
0 0.255795 0.427612 0.169879 0.150635 0.0165863
0 0.129199 0.728516 0.187779 0.417969 0.016098
0 0.592951 0.473511 0.157513 0.261963 0.0160217
0 0.609874 0.500977 0.11846 0.203125 0.0149536
0 0.0785123 0.878662 0.143031 0.234863 0.0147324
0 0.323161 0.583008 0.295499 0.464844 0.281494
0 0.716618 0.252197 0.378812 0.487793 0.215332
0 0.120575 0.84375 0.241151 0.310547 0.183594
0 0.426326 0.633301 0.555851 0.682617 0.166626
0 0.187779 0.762207 0.375557 0.469727 0.166138
0 0.266209 0.651489 0.532419 0.640381 0.157715
0 0.68863 0.366455 0.398338 0.390137 0.151001
0 0.453988 0.624023 0.301357 0.408203 0.132568
0 0.499875 0.678711 0.447805 0.613281 0.102661
0 0.819457 0.317383 0.178341 0.260742 0.0946655
0 0.638512 0.371582 0.269464 0.394531 0.0888062
0 0.324463 0.65332 0.259701 0.410156 0.0878906
0 0.816202 0.260803 0.190057 0.330933 0.0820923
0 0.626146 0.344727 0.203074 0.318359 0.0812378
0 0.164632 0.834961 0.305994 0.330078 0.0778198
0 0.450408 0.664062 0.215441 0.332031 0.0718384
0 0.797978 0.213867 0.231713 0.380859 0.0516663
0 0.602551 0.389648 0.195589 0.416992 0.0510864
0 0.367665 0.655762 0.322999 0.349609 0.0497742
0 0.717919 0.526855 0.371001 0.780273 0.0478821
0 0.120046 0.783203 0.19925 0.404297 0.0451965
0 0.143844 0.751953 0.267511 0.496094 0.0424805
0 0.578631 0.562622 0.628749 0.80835 0.0413818
0 0.661293 0.291992 0.490763 0.5625 0.0352783
0 0.762179 0.32373 0.286387 0.291016 0.0350647
0 0.271742 0.773926 0.242127 0.416992 0.0345459
0 0.2776 0.701172 0.178992 0.320312 0.0332642
0 0.247009 0.714844 0.177039 0.306641 0.02948
0 0.590835 0.42041 0.169554 0.301758 0.0275879
0 0.427953 0.479492 0.0742002 0.115234 0.0254669
0 0.0747697 0.786133 0.107232 0.304688 0.0252686
0 0.176225 0.703125 0.316653 0.416016 0.0244293
0 0.320558 0.515137 0.290943 0.254883 0.0230255
0 0.308517 0.743164 0.240825 0.429688 0.0219879
0 0.491414 0.508667 0.295499 0.449463 0.019989
0 0.510615 0.410156 0.24408 0.285156 0.0190582
0 0.735493 0.538086 0.467331 0.890625 0.0188293
0 0.586442 0.46875 0.160116 0.255859 0.0184021
0 0.625495 0.862305 0.188755 0.269531 0.0183716
0 0.614267 0.470215 0.109673 0.24707 0.018158
0 0.687165 0.308105 0.383042 0.279297 0.0180969
0 0.608572 0.515625 0.102839 0.167969 0.0175171
0 0.241639 0.695801 0.136359 0.317383 0.0173035
0 0.224716 0.601562 0.067366 0.126953 0.0167847
0 0.234642 0.806152 0.354729 0.385742 0.0156708
0 0.71857 0.422974 0.295499 0.407959 0.0155411
0 0.220811 0.436523 0.0986082 0.166016 0.0152512
0 0.443249 0.500488 0.588395 0.756836 0.0150757
0 0.492715 0.586426 0.282481 0.387695 0.014389
0 0.29973 0.455566 0.28899 0.21582 0.0139542
0 0.424943 0.689941 0.619799 0.620117 0.552734
0 0.45228 0.590698 0.587256 0.79126 0.124878
0 0.50736 0.696777 0.428929 0.606445 0.114197
0 0.349522 0.73877 0.680819 0.522461 0.0769653
0 0.628098 0.868652 0.186151 0.262695 0.0700684
0 0.185012 0.783691 0.343339 0.432617 0.0464783
0 0.127898 0.868652 0.247334 0.260742 0.0414734
0 0.817504 0.29541 0.164021 0.250977 0.0403748
0 0.273451 0.757812 0.498411 0.462891 0.0379639
0 0.6665 0.34082 0.467331 0.419922 0.0361633
0 0.694976 0.293884 0.414284 0.355591 0.0333252
0 0.61443 0.71582 0.197867 0.548828 0.0325928
0 0.614592 0.415039 0.562034 0.541992 0.0280151
0 0.118745 0.808594 0.20641 0.375 0.0261993
0 0.571797 0.714844 0.285736 0.570312 0.0247498
0 0.474816 0.651367 0.306564 0.345703 0.0239563
0 0.443899 0.698242 0.204376 0.251953 0.0227203
0 0.60906 0.577148 0.609548 0.845703 0.0218658
0 0.102188 0.853516 0.188104 0.285156 0.0218201
0 0.306889 0.649292 0.556502 0.646729 0.0193481
0 0.138149 0.753906 0.209583 0.484375 0.0190582
0 0.634607 0.254395 0.167927 0.165527 0.0178528
0 0.09214 0.837402 0.129444 0.256836 0.0175781
0 0.433485 0.681152 0.25905 0.286133 0.0160217
0 0.715804 0.237305 0.398663 0.365234 0.0159607
0 0.635909 0.629761 0.453012 0.72876 0.0143356
0 0.446503 0.731445 0.164021 0.171875 0.0131226
0 0.323812 0.700195 0.316978 0.365234 0.01297
0 0.624193 0.789062 0.204376 0.416016 0.0117798
0 0.232689 0.711426 0.297452 0.37207 0.0114212
0 0.384669 0.674316 0.389226 0.308594 0.0112
0 0.257667 0.753418 0.192823 0.288086 0.0111618
0 0.609874 0.384766 0.221299 0.442383 0.0107346
0 0.433485 0.748047 0.130176 0.128906 0.0106964
0 0.588395 0.290771 0.315025 0.236816 0.00831604
0 0.628912 0.700195 0.382391 0.599609 0.00769424
0 0.613291 0.284668 0.202749 0.245117 0.00701141
0 0.232852 0.813477 0.181921 0.251953 0.00695801
0 0.727683 0.560547 0.520703 0.865234 0.00664139
0 0.663897 0.745117 0.158814 0.474609 0.00661469
0 0.532419 0.823242 0.0507686 0.078125 0.00634003
0 0.736144 0.29541 0.341061 0.283203 0.00624084
0 0.51094 0.641602 0.305913 0.408203 0.00572968
0 0.376208 0.964844 0.05923 0.0664062 0.00526047
0 0.566265 0.378052 0.343664 0.353271 0.00511932
0 0.801883 0.32251 0.182246 0.262207 0.0050621
0 0.820107 0.346924 0.123667 0.196777 0.00494385
0 0.588232 0.681641 0.190382 0.496094 0.00494385
0 0.792771 0.2099 0.195264 0.327271 0.00473785
0 0.604667 0.463989 0.196565 0.310303 0.00471878
0 0.736144 0.20459 0.359285 0.398438 0.223389
0 0.827918 0.276367 0.143193 0.205078 0.183594
0 0.6294 0.856445 0.158814 0.287109 0.166626
0 0.126921 0.745605 0.253843 0.495117 0.154053
0 0.624681 0.806641 0.169554 0.386719 0.137939
0 0.103408 0.791016 0.206817 0.417969 0.0894775
0 0.369699 0.641113 0.738097 0.717773 0.0883179
0 0.0999099 0.829102 0.134732 0.220703 0.0632324
0 0.11846 0.745117 0.170205 0.509766 0.0585632
0 0.615894 0.870117 0.161093 0.216797 0.0541992
0 0.0948656 0.84082 0.171181 0.318359 0.0524292
0 0.207142 0.737305 0.414284 0.515625 0.0518494
0 0.667802 0.853027 0.0885195 0.293945 0.0402527
0 0.797327 0.200134 0.234316 0.373169 0.0344238
0 0.633793 0.717285 0.148726 0.56543 0.0343018
0 0.613128 0.734863 0.230411 0.530273 0.0306244
0 0.568217 0.728027 0.326741 0.530273 0.0265045
0 0.0947436 0.754883 0.109917 0.285156 0.022934
0 0.301032 0.709473 0.602063 0.573242 0.0197144
0 0.535022 0.829102 0.0403545 0.0537109 0.0153656
0 0.150028 0.67627 0.274671 0.647461 0.0151291
0 0.628098 0.247803 0.147099 0.215332 0.0148392
0 0.0852651 0.642578 0.0833125 0.146484 0.014389
0 0.376859 0.962891 0.0494668 0.0703125 0.0142288
0 0.106378 0.686523 0.11724 0.384766 0.0137405
0 0.678867 0.805664 0.0742002 0.333984 0.0120544
0 0.606782 0.358398 0.181921 0.467773 0.0109863
0 0.557803 0.39502 0.0781055 0.245117 0.00937653
0 0.749813 0.270264 0.33325 0.271973 0.00871277
0 0.719709 0.277588 0.380439 0.507324 0.00867462
0 0.096981 0.621094 0.113904 0.240234 0.00766754
0 0.107883 0.645508 0.103164 0.308594 0.00763702
0 0.315676 0.783203 0.0403545 0.046875 0.00757599
0 0.605155 0.708496 0.16695 0.583008 0.00682449
0 0.624681 0.564575 0.234642 0.87085 0.00674438
0 0.356031 0.725586 0.0364492 0.0673828 0.0064888
0 0.0486532 0.87207 0.0820107 0.113281 0.0064888
0 0.595554 0.452271 0.130176 0.329834 0.00588989
0 0.262874 0.78418 0.0405172 0.0585938 0.00530243
0 0.126271 0.84668 0.252541 0.298828 0.00527954
0 0.825315 0.316162 0.130176 0.251465 0.00518036
0 0.614592 0.46875 0.0829871 0.24707 0.00518036
0 0.137498 0.700684 0.178666 0.401367 0.00508118
0 0.669754 0.731445 0.282481 0.537109 0.00498199
0 0.441947 0.728516 0.127572 0.148438 0.00486755
0 0.229923 0.77832 0.0371001 0.0820312 0.00481033
0 0.466029 0.723633 0.111951 0.146484 0.00471878
0 0.64437 0.261719 0.136685 0.191406 0.00460815
0 0.564312 0.431152 0.0937266 0.211914 0.00455475
0 0.349847 0.78125 0.0305913 0.0429688 0.00446701
0 0.380439 0.671387 0.742653 0.657227 0.501953
0 0.825315 0.315918 0.151004 0.243164 0.309082
0 0.417295 0.558228 0.646811 0.883545 0.193726
0 0.622403 0.61377 0.233991 0.758789 0.137817
0 0.620288 0.365234 0.186151 0.431641 0.107788
0 0.625006 0.685547 0.194938 0.548828 0.0670776
0 0.630051 0.85498 0.186151 0.290039 0.064209
0 0.172808 0.783691 0.331948 0.422852 0.0622253
0 0.240337 0.665405 0.45529 0.669189 0.0603027
0 0.137824 0.758789 0.273695 0.482422 0.0552063
0 0.134244 0.834473 0.265884 0.329102 0.0545959
0 0.597507 0.716797 0.231713 0.566406 0.0438538
0 0.643068 0.331543 0.205678 0.348633 0.0394897
0 0.554874 0.675781 0.376859 0.634766 0.0365601
0 0.326009 0.59375 0.309981 0.505859 0.0363464
0 0.721174 0.567993 0.39964 0.864014 0.0354004
0 0.796676 0.212402 0.229109 0.383789 0.0328369
0 0.725079 0.394653 0.36319 0.568115 0.0328369
0 0.741839 0.338135 0.341386 0.342285 0.0293732
0 0.624844 0.26709 0.171832 0.206055 0.0235138
0 0.603853 0.434082 0.164347 0.427734 0.022934
0 0.734842 0.25415 0.360587 0.395996 0.0205994
0 0.596368 0.389648 0.137661 0.267578 0.0174408
0 0.781706 0.313232 0.231713 0.305176 0.0157776
0 0.600761 0.428711 0.144495 0.204102 0.0154266
0 0.374581 0.957031 0.05923 0.078125 0.0150146
0 0.643231 0.71582 0.163696 0.457031 0.0127258
0 0.368072 0.948242 0.064437 0.0839844 0.0118713
0 0.0917739 0.838379 0.157838 0.323242 0.0115051
0 0.779753 0.266113 0.257748 0.373047 0.0109482
0 1 0.699707 0 0.600586 0.0105667
0 0.254494 0.54248 0.165974 0.425781 0.00978088
0 0.247985 0.422852 0.15556 0.19043 0.00971222
0 0.607921 0.5 0.136685 0.167969 0.00955963
0 0.598809 0.461914 0.145797 0.292969 0.00919342
0 0.263281 0.490723 0.186802 0.304688 0.00898743
0 0.314375 0.678223 0.279878 0.458008 0.0088501
0 0.164184 0.722656 0.261328 0.449219 0.00881195
0 0.431533 0.670898 0.243429 0.320312 0.00878143
0 0.42177 0.657227 0.315025 0.378906 0.0086441
0 0.147383 0.88501 0.226587 0.214355 0.00831604
0 0.485556 0.71875 0.238222 0.513672 0.00828552
0 0.281831 0.59375 0.216092 0.517578 0.00800323
0 0.115694 0.741211 0.172157 0.425781 0.00706482
0 0.0976318 0.895508 0.182897 0.208984 0.0069046
0 0.990763 0.661133 0.0184746 0.677734 0.00674438
0 0.0790818 0.779785 0.0950283 0.354492 0.00666809
0 0.652832 0.66748 0.180944 0.625977 0.00629044
0 0.441947 0.715332 0.210885 0.226562 0.00605011
0 0.365794 0.927734 0.0598809 0.113281 0.00598145
0 0.143193 0.766113 0.285736 0.467773 0.341553
0 0.11549 0.84082 0.220729 0.316406 0.272705
0 0.625495 0.72168 0.23692 0.556641 0.199341
0 0.378812 0.662598 0.695139 0.635742 0.172119
0 0.607758 0.529297 0.10707 0.162109 0.129395
0 0.739398 0.224609 0.359285 0.405273 0.105591
0 0.818155 0.270508 0.180944 0.255859 0.103394
0 0.602877 0.523438 0.12985 0.199219 0.085083
0 0.647136 0.741211 0.171507 0.517578 0.078064
0 0.63721 0.241211 0.1484 0.177734 0.0632324
0 0.632654 0.833496 0.18485 0.333008 0.0564575
0 0.622403 0.565308 0.236594 0.869385 0.0509033
0 0.370269 0.585815 0.438855 0.465088 0.0499573
0 0.606782 0.400879 0.176714 0.476562 0.0477905
0 0.168415 0.709961 0.260026 0.425781 0.0477905
0 0.794072 0.202148 0.226506 0.353516 0.0448608
0 0.155519 0.829102 0.261084 0.320312 0.0445251
0 0.619637 0.540039 0.0937266 0.150391 0.0420227
0 0.468714 0.695312 0.537463 0.609375 0.0413208
0 0.132779 0.745117 0.20763 0.480469 0.0370483
0 0.177039 0.710938 0.229109 0.298828 0.0328369
0 0.22976 0.597656 0.0885195 0.125 0.0324097
0 0.589534 0.539551 0.112277 0.166992 0.0292511
0 0.0906349 0.748535 0.130827 0.420898 0.0287628
0 0.116995 0.682617 0.148075 0.367188 0.0279541
0 0.188267 0.646973 0.136359 0.253906 0.0231934
0 0.231225 0.754883 0.109673 0.164062 0.0220337
0 0.425593 0.531128 0.625006 0.937744 0.0215302
0 0.621589 0.293213 0.193962 0.362793 0.0214539
0 0.251972 0.655762 0.123504 0.293945 0.0210876
0 0.579933 0.460083 0.115856 0.269287 0.0181274
0 0.22553 0.516724 0.139288 0.341553 0.0177155
0 0.820107 0.310791 0.158814 0.248535 0.0174408
0 0.245707 0.505005 0.147099 0.306396 0.0166626
0 0.213651 0.685547 0.192335 0.330078 0.0165253
0 0.34041 0.538086 0.352776 0.37207 0.0163422
0 0.256121 0.739258 0.104792 0.176758 0.0160217
0 0.327392 0.675781 0.286387 0.296875 0.0158997
0 0.0872178 0.681152 0.096981 0.319336 0.0157776
0 0.217719 0.775391 0.117158 0.182617 0.0150757
0 0.159465 0.856445 0.214139 0.28125 0.0150757
0 0.641929 0.193604 0.184524 0.291992 0.0149536
0 0.0845736 0.865234 0.164103 0.269531 0.014389
0 0.261084 0.681641 0.158652 0.291016 0.0142822
0 0.247659 0.68457 0.495319 0.630859 0.0142822
0 0.0972657 0.605469 0.0983641 0.197266 0.0126266
0 0.17411 0.674316 0.339108 0.651367 0.012146
0 0.758925 0.101074 0.122365 0.143066 0.0121002
0 0.680982 0.529297 0.35896 0.941406 0.0117798
0 0.665361 0.284668 0.265233 0.267578 0.0107346
0 0.376208 0.680786 0.721174 0.638428 0.666504
0 0.133756 0.835449 0.267511 0.329102 0.259033
0 0.337806 0.608398 0.365794 0.505859 0.161377
0 0.684074 0.258362 0.47384 0.463745 0.152588
0 0.104954 0.864746 0.209908 0.270508 0.122925
0 0.778451 0.210938 0.260352 0.397461 0.107788
0 0.620938 0.38562 0.248636 0.482666 0.0984497
0 0.667151 0.342285 0.497272 0.619141 0.0772095
0 0.336504 0.679688 0.343664 0.359375 0.0731812
0 0.599948 0.411255 0.195589 0.421631 0.064209
0 0.587256 0.406738 0.658364 0.724609 0.0603027
0 0.146936 0.773438 0.293872 0.453125 0.0541992
0 0.589045 0.465332 0.166625 0.311523 0.0488586
0 0.674961 0.39502 0.391829 0.50293 0.0384521
0 0.818806 0.29248 0.182246 0.277344 0.0367126
0 0.381415 0.626953 0.396385 0.421875 0.0362854
0 0.452442 0.630371 0.5648 0.709961 0.0340271
0 0.294848 0.709473 0.589696 0.579102 0.0247498
0 0.523632 0.523926 0.773895 0.948242 0.0232849
0 0.475792 0.640137 0.876083 0.719727 0.0214539
0 0.809693 0.24292 0.197867 0.316895 0.0187683
0 0.598809 0.510742 0.134081 0.205078 0.0153656
0 0.68326 0.3125 0.385646 0.348633 0.0148392
0 0.615081 0.525391 0.0937266 0.177734 0.0138474
0 0.3147 0.699219 0.23692 0.302734 0.0127716
0 0.181595 0.728516 0.300706 0.421875 0.0102463
0 0.198193 0.711914 0.387273 0.576172 0.00985718
0 0.699695 0.23584 0.30331 0.291016 0.00898743
0 0.334633 0.53125 0.334389 0.386719 0.00857544
0 0.683586 0.271484 0.288665 0.236328 0.00757599
0 0.124643 0.71582 0.164021 0.359375 0.00723267
0 0.771292 0.18219 0.17053 0.297729 0.00701141
0 0.251565 0.629883 0.415912 0.474609 0.00674438
0 0.246032 0.725586 0.164672 0.244141 0.00609589
0 0.740863 0.312012 0.317303 0.299805 0.006073
0 0.0663897 0.896729 0.12985 0.19873 0.00600433
0 0.756972 0.159119 0.128874 0.255005 0.00591278
0 0.618986 0.265381 0.180944 0.227051 0.00561905
0 0.398989 0.546387 0.505082 0.358398 0.00486755
0 0.331297 0.437378 0.335854 0.189697 0.00471878
0 0.0936859 0.754883 0.113334 0.353516 0.00471878
0 0.409484 0.675781 0.333087 0.296875 0.00448608
0 0.404196 0.529297 0.808392 0.579102 0.00448608
0 0.379137 0.498047 0.431533 0.305664 0.00415039
0 0.532094 0.362305 0.79993 0.549805 0.00392914
0 0.352451 0.543457 0.582537 0.493164 0.00380898
0 0.280203 0.505371 0.254494 0.342773 0.00376511
0 0.275647 0.763672 0.124318 0.185547 0.00370789
0 0.641116 0.464844 0.19266 0.337891 0.00313568
0 0.376859 0.962891 0.0520703 0.0703125 0.00309944
0 0.38532 0.655273 0.684725 0.689453 0.477539
0 0.5181 0.544922 0.71857 0.910156 0.0715942
0 0.652018 0.508789 0.528839 0.982422 0.0541992
0 0.684074 0.381348 0.469935 0.730469 0.0517578
0 0.721337 0.243164 0.377184 0.456055 0.0420837
0 0.797327 0.217773 0.206979 0.401367 0.0213318
0 0.371001 0.589844 0.413308 0.47168 0.021286
0 0.134773 0.839844 0.242696 0.265625 0.0180969
0 0.764132 0.208496 0.304611 0.397461 0.0134277
0 0.137702 0.808594 0.273288 0.373047 0.0115509
0 0.162557 0.763672 0.267186 0.46875 0.00905609
0 0.224065 0.687012 0.439018 0.62207 0.0085144
0 0.341386 0.541016 0.356031 0.421875 0.00679779
0 0.625495 0.860352 0.19266 0.279297 0.00671768
0 0.708807 0.377808 0.397036 0.508057 0.00486755
0 0.449432 0.442383 0.573424 0.78418 0.00407028
0 0.376859 0.966797 0.0533721 0.0664062 0.00379562
0 0.8149 0.273987 0.164021 0.336792 0.00356483
0 0.549016 0.39209 0.750463 0.714844 0.00348282
0 0.38532 0.669434 0.739398 0.508789 0.00329781
0 0.797327 0.317871 0.188755 0.313477 0.00309944
0 0.546087 0.61731 0.357983 0.741943 0.00305176
0 0.693837 0.303223 0.367096 0.457031 0.00291252
0 0.626146 0.385254 0.235618 0.504883 0.00258064
0 0.336504 0.704102 0.109348 0.197266 0.00242424
0 0.453012 0.705566 0.183548 0.227539 0.00240517
0 0.824013 0.323486 0.144495 0.277832 0.00234222
0 0.0730612 0.874756 0.123342 0.250488 0.00233269
0 0.632492 0.611816 0.281505 0.754883 0.00229645
0 0.231225 0.781738 0.124643 0.319336 0.00223351
0 0.37035 0.960938 0.0533721 0.0703125 0.00218201
0 0.609385 0.506836 0.119436 0.207031 0.00213242
0 0.415586 0.624023 0.400291 0.398438 0.00188923
0 0.255877 0.701172 0.115694 0.257812 0.00188255
0 0.646323 0.265076 0.230411 0.297974 0.00178242
0 0.456917 0.657227 0.196565 0.316406 0.00178242
0 0.419817 0.753906 0.102839 0.115234 0.00177479
0 0.301357 0.669922 0.182246 0.294922 0.00176811
0 0.210722 0.725098 0.310144 0.456055 0.0017271
0 0.314049 0.645996 0.270766 0.368164 0.00166798
0 0.0829057 0.833984 0.136847 0.320312 0.0016613
0 0.71076 0.619995 0.553247 0.75415 0.0016613
0 0.0790004 0.805664 0.0639489 0.246094 0.00149536
0 0.297777 0.722168 0.164021 0.253906 0.00148964
0 0.637699 0.719727 0.185175 0.554688 0.00147247
0 0.739398 0.200684 0.28118 0.401367 0.00145531
0 0.549667 0.244141 0.756972 0.470703 0.00142097
0 0.616871 0.526855 0.0914485 0.160156 0.00135136
0 0.186151 0.953125 0.126271 0.09375 0.00131989
0 0.624844 0.695801 0.114555 0.493164 0.00131512
0 0.367096 0.659058 0.734191 0.652588 0.571777
0 0.519727 0.469727 0.870225 0.939453 0.206299
0 0.511591 0.295898 0.874781 0.591797 0.039856
0 0.51875 0.382324 0.830522 0.739258 0.033844
0 0.382066 0.583496 0.453012 0.479492 0.0211182
0 0.268488 0.698242 0.536975 0.599609 0.0137405
0 0.145838 0.827148 0.279146 0.337891 0.0132217
0 0.821409 0.312988 0.177039 0.272461 0.0124283
0 0.186965 0.714844 0.342037 0.558594 0.011467
0 0.670405 0.525269 0.531117 0.943604 0.0086441
0 0.811646 0.26947 0.196565 0.334106 0.00698471
0 0.318931 0.530762 0.445201 0.40332 0.0068512
0 0.161459 0.776367 0.311039 0.443359 0.00643921
0 0.75746 0.258728 0.357007 0.462036 0.00643921
0 0.217068 0.652344 0.417213 0.667969 0.00521851
0 0.38532 0.499023 0.501177 0.357422 0.00468063
0 0.330972 0.473755 0.396385 0.294678 0.00438309
0 0.781055 0.207764 0.137986 0.303223 0.00395966
0 0.601575 0.662109 0.283458 0.648438 0.00391388
0 0.130827 0.871094 0.240825 0.244141 0.00362206
0 0.229109 0.440918 0.185501 0.229492 0.00319672
0 0.728822 0.471558 0.409077 0.873291 0.00317192
0 0.37751 0.960938 0.0553247 0.0703125 0.00313568
0 0.343013 0.623535 0.36319 0.418945 0.00281143
0 0.0947436 0.856445 0.1711 0.283203 0.00277901
0 0.711899 0.356689 0.385646 0.439941 0.00270462
0 0.773244 0.205322 0.187453 0.354004 0.0026722
0 0.075502 0.921875 0.124318 0.138672 0.00264168
0 0.25547 0.435547 0.257748 0.203125 0.00259018
0 0.234967 0.706055 0.393131 0.419922 0.00257111
0 0.28061 0.602051 0.435926 0.495117 0.00220871
0 0.242127 0.407715 0.149702 0.163086 0.00218201
0 0.0898213 0.839844 0.120413 0.296875 0.00214958
0 0.803185 0.244873 0.253843 0.446777 0.00214005
0 0.825965 0.333496 0.135383 0.237305 0.00210762
0 0.632003 0.885742 0.169229 0.228516 0.00205803
0 0.243754 0.494019 0.356031 0.343994 0.00203514
0 0.188755 0.941406 0.139288 0.0976562 0.00191879
0 0.273451 0.409058 0.202912 0.168213 0.00188255
0 0.206654 0.405396 0.0995845 0.167725 0.00181007
0 0.371652 0.955078 0.0585791 0.0703125 0.00168705
0 0.768037 0.17749 0.128874 0.284668 0.00156116
0 0.380764 0.480469 0.699044 0.774414 0.00152493
0 0.0957199 0.756836 0.115124 0.386719 0.0015192
0 0.693186 0.68457 0.587093 0.625 0.00149536
0 0.760227 0.148865 0.106744 0.23645 0.00147247
0 0.720035 0.213318 0.309493 0.382935 0.00146675
0 0.63119 0.810547 0.206003 0.375 0.00144958
0 0.625006 0.710938 0.200145 0.578125 0.00144386
0 0.33325 0.669434 0.297452 0.336914 0.00131989
0 0.368723 0.643433 0.72573 0.713135 0.682617
0 0.489461 0.588989 0.831823 0.804443 0.259766
0 0.721174 0.321289 0.39964 0.630859 0.0293121
0 0.695139 0.471191 0.439994 0.916992 0.0283813
0 0.161418 0.75 0.30331 0.472656 0.0220337
0 0.80709 0.26123 0.161418 0.266602 0.0137405
0 0.531117 0.591309 0.583188 0.780273 0.0115967
0 0.134569 0.827148 0.260026 0.341797 0.00989532
0 0.728334 0.236816 0.378812 0.446289 0.0085144
0 0.68147 0.375977 0.361889 0.488281 0.00591278
0 0.233666 0.697754 0.460822 0.581055 0.00479126
0 0.0966148 0.847168 0.175168 0.299805 0.00421524
0 0.778451 0.197327 0.143193 0.328979 0.00411606
0 0.62224 0.381836 0.221299 0.494141 0.00399017
0 0.0916112 0.833984 0.131152 0.306641 0.00352478
0 0.625006 0.487793 0.598483 0.975586 0.00335121
0 0.320558 0.592651 0.403545 0.517822 0.00313568
0 0.185338 0.667969 0.334226 0.642578 0.00254059
0 0.723777 0.3125 0.361889 0.44043 0.00248146
0 0.0890077 0.729492 0.0930757 0.376953 0.0024147
0 0.517774 0.653809 0.42242 0.672852 0.00232315
0 0.506384 0.437378 0.827918 0.8479 0.00229645
0 0.284434 0.688477 0.315676 0.388672 0.00219917
0 0.214465 0.766602 0.376859 0.464844 0.00214958
0 0.0823362 0.888672 0.141892 0.208984 0.00206757
0 0.773244 0.211853 0.24473 0.396606 0.00204277
0 0.75502 0.312744 0.268162 0.327637 0.00193405
0 0.0862415 0.686523 0.0689932 0.164062 0.00183868
0 0.652181 0.331543 0.218695 0.374023 0.00176811
0 0.616382 0.487427 0.144495 0.24585 0.00175476
0 0.0882348 0.656738 0.0799768 0.273438 0.00150108
0 0.600273 0.433105 0.205352 0.390625 0.00144958
0 0.768037 0.138672 0.124969 0.205566 0.00143814
0 0.821409 0.300293 0.156211 0.259766 0.00141621
0 0.545437 0.817383 0.0768037 0.103516 0.00135136
0 0.228459 0.423828 0.132128 0.193359 0.00112915
0 0.09214 0.607422 0.0871364 0.181641 0.00109863
0 0.360587 0.666992 0.408752 0.453125 0.00109863
0 0.306889 0.736816 0.36319 0.46582 0.00109482
0 0.622891 0.529297 0.0924248 0.137695 0.00102806
0 0.38532 0.661621 0.708156 0.676758 0.712891
0 0.136196 0.843262 0.272393 0.313477 0.254639
0 0.812948 0.230957 0.200471 0.401367 0.1427
0 0.726381 0.247009 0.378812 0.442505 0.0523376
0 0.312422 0.606934 0.375557 0.489258 0.0381775
0 0.71613 0.469238 0.408427 0.897461 0.0365601
0 0.630214 0.509277 0.580259 0.981445 0.0343018
0 0.498899 0.506348 0.879337 0.987305 0.0271759
0 0.2034 0.782715 0.403545 0.422852 0.0210419
0 0.0984454 0.840332 0.165649 0.303711 0.0202484
0 0.310795 0.65918 0.319582 0.396484 0.0116882
0 0.770641 0.229431 0.273369 0.410278 0.00971222
0 0.821409 0.306152 0.156211 0.261719 0.00933838
0 0.264582 0.73291 0.529165 0.53418 0.00800323
0 0.639 0.727539 0.164347 0.544922 0.00600433
0 0.783658 0.188965 0.153607 0.306152 0.00551224
0 0.602714 0.722656 0.262955 0.554688 0.0042305
0 0.62761 0.652344 0.119436 0.357422 0.00388527
0 0.552271 0.717773 0.365143 0.564453 0.00367928
0 0.669104 0.77832 0.109348 0.423828 0.00353813
0 0.0875432 0.714844 0.0989336 0.285156 0.00349617
0 0.0841261 0.743164 0.0855906 0.208984 0.00337601
0 0.281098 0.688965 0.217556 0.338867 0.00314713
0 0.607921 0.390137 0.197867 0.492188 0.00300407
0 0.664547 0.852051 0.11846 0.293945 0.00287819
0 0.29615 0.655396 0.53307 0.638428 0.00282288
0 0.621589 0.530273 0.101537 0.146484 0.0026722
0 0.769339 0.128906 0.114555 0.192383 0.00265312
0 0.160279 0.756348 0.258724 0.487305 0.00258064
0 0.0844515 0.664062 0.0751765 0.132812 0.00244331
0 0.361563 0.557617 0.423071 0.422852 0.00243378
0 0.620288 0.513672 0.128874 0.201172 0.00243378
0 0.53307 0.829102 0.042958 0.0644531 0.00229645
0 0.386297 0.505737 0.732239 0.836182 0.00226974
0 0.24229 0.727539 0.12204 0.242188 0.00225258
0 0.0890077 0.645508 0.0904722 0.230469 0.00219154
0 0.786913 0.273865 0.226506 0.321411 0.00210762
0 0.0546738 0.866211 0.109348 0.248047 0.0020504
0 0.623542 0.260498 0.182246 0.317871 0.00198746
0 0.199861 0.708008 0.329263 0.386719 0.00179577
0 0.229598 0.77832 0.0960046 0.181641 0.00171375
0 0.630051 0.241211 0.160116 0.202148 0.0016489
0 0.634119 0.850586 0.189731 0.298828 0.00153637
0 0.447479 0.703125 0.243429 0.414062 0.00152493
0 0.0753392 0.861328 0.147424 0.269531 0.00152493
0 0.302008 0.424927 0.339108 0.169678 0.00134563
0 0.737934 0.355957 0.362214 0.438477 0.00134563
0 0.258724 0.75 0.119111 0.191406 0.00132465
0 0.494017 0.410278 0.860462 0.687256 0.00125504
0 0.0920994 0.608887 0.0937266 0.169922 0.00121593
0 0.373605 0.668457 0.739398 0.663086 0.541016
0 0.824013 0.299316 0.164021 0.260742 0.0361633
0 0.130989 0.833008 0.252866 0.328125 0.0196381
0 0.359611 0.594604 0.432835 0.4729 0.016922
0 0.144536 0.780762 0.281098 0.436523 0.0124283
0 0.116345 0.793457 0.189731 0.399414 0.00989532
0 0.0977946 0.838867 0.173459 0.316406 0.00985718
0 0.0849397 0.82666 0.10349 0.28418 0.00971222
0 0.264908 0.70166 0.528514 0.59668 0.00967407
0 0.618172 0.515137 0.596531 0.969727 0.00769424
0 0.825315 0.332275 0.137986 0.237793 0.00740433
0 0.72394 0.399902 0.390202 0.754883 0.00740433
0 0.742653 0.25238 0.350173 0.4552 0.00703812
0 0.795374 0.218506 0.167927 0.346191 0.00561905
0 0.0872585 0.722656 0.0845329 0.308594 0.00432968
0 0.080709 0.688477 0.0621589 0.172852 0.0042305
0 0.231225 0.753418 0.437716 0.485352 0.00399017
0 0.0820107 0.744141 0.0728984 0.244141 0.00385475
0 0.315107 0.634766 0.312259 0.396484 0.00342941
0 0.570821 0.70752 0.322836 0.584961 0.00313568
0 0.400291 0.469238 0.713363 0.848633 0.003088
0 0.61443 0.384766 0.179643 0.499023 0.00307465
0 0.78496 0.287842 0.247334 0.289551 0.00293541
0 0.29493 0.650391 0.243266 0.347656 0.00292397
0 0.0892111 0.666504 0.0793259 0.257812 0.00251198
0 0.621101 0.524414 0.116833 0.183594 0.00242424
0 0.625495 0.693848 0.193962 0.612305 0.0024147
0 0.132942 0.755371 0.196891 0.489258 0.00234985
0 0.222275 0.790039 0.120413 0.214844 0.00224304
0 0.534372 0.82959 0.0455615 0.0644531 0.00204277
0 0.198844 0.752441 0.182897 0.297852 0.00202751
0 0.240012 0.737305 0.0979573 0.164062 0.00201988
0 0.622403 0.533691 0.0934011 0.152344 0.00192642
0 0.456592 0.65332 0.272718 0.40625 0.00190449
0 0.240337 0.678711 0.122691 0.273438 0.00185299
0 0.776499 0.177307 0.143193 0.283081 0.00183868
0 0.512242 0.686523 0.45171 0.617188 0.00182438
0 0.743141 0.343994 0.354404 0.398926 0.0018034
0 0.341386 0.425293 0.427627 0.162109 0.00174141
0 0.65934 0.708984 0.126271 0.582031 0.00174141
0 0.627447 0.560547 0.108046 0.195312 0.0017271
0 0.634607 0.251221 0.145797 0.180176 0.00160408
0 0.227645 0.604492 0.0927503 0.136719 0.0015192
0 0.626796 0.278564 0.151004 0.22998 0.00150108
0 0.0528026 0.805664 0.095191 0.349609 0.00147247
0 0.41819 0.618164 0.393782 0.427734 0.00141048
0 0.440645 0.670898 0.213488 0.279297 0.00138855
0 0.236594 0.422852 0.156211 0.175781 0.00137806
0 0.654133 0.852539 0.136685 0.283203 0.0012846
0 0.0930757 0.613281 0.0904722 0.171875 0.0012598
0 0.372628 0.656738 0.724428 0.686523 0.570801
0 0.140753 0.765625 0.269138 0.453125 0.209473
0 0.130989 0.837891 0.260026 0.320312 0.147583
0 0.358553 0.573242 0.405009 0.492188 0.114746
0 0.423397 0.556641 0.723126 0.886719 0.0825195
0 0.820107 0.293457 0.179643 0.280273 0.0505066
0 0.286061 0.644653 0.514845 0.640381 0.0300446
0 0.812297 0.234375 0.208281 0.386719 0.0270691
0 0.684074 0.514771 0.460822 0.970459 0.0257111
0 0.734191 0.233948 0.361889 0.428589 0.0208435
0 0.0958419 0.834961 0.165649 0.300781 0.0178528
0 0.304042 0.657227 0.247171 0.353516 0.0165253
0 0.717919 0.370117 0.39964 0.688477 0.0164032
0 0.210234 0.762695 0.41461 0.464844 0.0162811
0 0.60727 0.384277 0.188755 0.482422 0.0151901
0 0.822711 0.325195 0.1484 0.254883 0.0139542
0 0.110487 0.863281 0.206654 0.273438 0.0126724
0 0.616382 0.521484 0.121063 0.181641 0.00905609
0 0.330972 0.509277 0.320883 0.362305 0.00857544
0 0.206329 0.687012 0.37751 0.625977 0.00766754
0 0.269383 0.739258 0.14596 0.220703 0.00701141
0 0.288421 0.716797 0.144332 0.234375 0.00698471
0 0.503129 0.478027 0.85916 0.893555 0.00677109
0 0.61443 0.533203 0.0937266 0.154297 0.00641251
0 0.0865262 0.722656 0.0853465 0.228516 0.00612259
0 0.790167 0.281006 0.249938 0.32959 0.00605011
0 0.734191 0.353271 0.376208 0.435059 0.00582123
0 0.239849 0.759277 0.108046 0.173828 0.00561905
0 0.328694 0.449341 0.364492 0.218506 0.00542831
0 0.627447 0.556641 0.104141 0.171875 0.00488663
0 0.195264 0.744141 0.193962 0.256836 0.00484848
0 0.583188 0.454956 0.124969 0.220947 0.00416565
0 0.507035 0.708496 0.075502 0.118164 0.0041008
0 0.611175 0.307617 0.17053 0.296875 0.00407028
0 0.22976 0.777832 0.0839634 0.158203 0.00400543
0 0.541206 0.717773 0.378161 0.564453 0.00388527
0 0.635095 0.71875 0.164347 0.5625 0.00385475
0 0.264908 0.769531 0.108697 0.169922 0.00379562
0 0.0880314 0.638672 0.0771292 0.197266 0.00374985
0 0.226994 0.601074 0.0914485 0.140625 0.00367928
0 0.294767 0.760742 0.114717 0.166016 0.00367928
0 0.0862821 0.657227 0.0695627 0.121094 0.00363541
0 0.253761 0.689453 0.158977 0.314453 0.00353813
0 0.474572 0.693359 0.515333 0.613281 0.00351143
0 0.596856 0.716797 0.256446 0.566406 0.00344276
0 0.415993 0.613281 0.391666 0.435547 0.00327301
0 0.190708 0.699219 0.31112 0.367188 0.00311089
0 0.275973 0.430664 0.234967 0.181641 0.00292397
0 0.662595 0.714355 0.114555 0.555664 0.0026207
0 0.676914 0.784668 0.0833125 0.307617 0.00259018
0 0.377835 0.656738 0.727032 0.670898 0.617676
0 0.820758 0.275879 0.160116 0.226562 0.101929
0 0.155519 0.768555 0.289072 0.451172 0.0498657
0 0.8149 0.226807 0.171832 0.303223 0.0476074
0 0.336179 0.600586 0.354729 0.485352 0.0324097
0 0.261653 0.730469 0.523307 0.539062 0.0284882
0 0.127247 0.829102 0.241476 0.328125 0.0274353
0 0.09812 0.84082 0.177365 0.306641 0.0181274
0 0.0796513 0.801758 0.110812 0.242188 0.0147858
0 0.483278 0.520996 0.855906 0.920898 0.0132751
0 0.817504 0.318848 0.158814 0.272461 0.0108185
0 0.783658 0.204529 0.24473 0.36438 0.0105286
0 0.61443 0.391113 0.19266 0.461914 0.00978088
0 0.79212 0.196533 0.175737 0.32959 0.0085144
0 0.674311 0.494629 0.485556 0.938477 0.00769424
0 0.612477 0.51709 0.123667 0.18457 0.00734711
0 0.7407 0.390625 0.351475 0.732422 0.00609589
0 0.600761 0.502441 0.1484 0.227539 0.006073
0 0.620776 0.531738 0.088845 0.145508 0.00547028
0 0.0834752 0.71582 0.0829871 0.275391 0.00542831
0 0.334226 0.516113 0.354729 0.336914 0.00496292
0 0.626796 0.286621 0.177039 0.268555 0.00475693
0 0.626796 0.580566 0.102839 0.236328 0.0042305
0 0.632003 0.252441 0.149702 0.158203 0.00403976
0 0.281261 0.625977 0.206817 0.363281 0.00376511
0 0.387273 0.518555 0.725079 0.728516 0.00376511
0 0.178829 0.710938 0.278251 0.375 0.00327301
0 0.576679 0.468262 0.105442 0.222656 0.00319672
0 0.0862415 0.671387 0.0774546 0.287109 0.00319672
0 0.305994 0.676758 0.260189 0.326172 0.00292397
0 0.238059 0.732422 0.11488 0.210938 0.00271416
0 0.749162 0.289551 0.33325 0.524414 0.00264168
0 0.774546 0.161865 0.124969 0.247559 0.00263214
0 0.637861 0.706055 0.165323 0.583984 0.00257111
0 0.22618 0.766602 0.0911231 0.164062 0.00253105
0 0.377184 0.560669 0.435438 0.409912 0.00242424
0 0.254494 0.424316 0.177039 0.157227 0.00236893
0 0.15137 0.726562 0.217312 0.439453 0.00211525
0 0.751114 0.319092 0.325439 0.354004 0.0020504
0 0.645672 0.214355 0.139288 0.249023 0.00199509
0 0.0462938 0.821289 0.0785936 0.287109 0.00194168
0 0.269138 0.708984 0.158164 0.269531 0.00183868
0 0.0922621 0.627441 0.088845 0.217773 0.00182438
0 0.459521 0.665039 0.190057 0.228516 0.0017271
0 0.667151 0.677246 0.108046 0.583008 0.00170708
0 0.764132 0.118774 0.101537 0.168213 0.00167465
0 0.70539 0.379883 0.341386 0.479492 0.00154877
0 0.224879 0.597656 0.0930757 0.132812 0.00153065
0 0.301438 0.494629 0.274508 0.31543 0.00148964
0 0.246846 0.493652 0.172808 0.31543 0.00147247
0 0.378486 0.651855 0.732239 0.696289 0.609375
0 0.821409 0.300293 0.161418 0.264648 0.0939941
0 0.676751 0.499023 0.466355 0.951172 0.0603027
0 0.730937 0.300293 0.357983 0.549805 0.0502319
0 0.131193 0.837891 0.245951 0.318359 0.0420837
0 0.815551 0.252441 0.177039 0.329102 0.0390625
0 0.490112 0.526367 0.865669 0.947266 0.0367737
0 0.337074 0.579956 0.380276 0.484619 0.0334778
0 0.14238 0.776855 0.280203 0.444336 0.0245209
0 0.263931 0.649292 0.473189 0.66626 0.0204926
0 0.615731 0.379395 0.19266 0.476562 0.0155411
0 0.0856313 0.836914 0.138556 0.298828 0.0136337
0 0.490681 0.675293 0.484417 0.633789 0.0127258
0 0.387273 0.505249 0.73289 0.786377 0.0120544
0 0.100886 0.863281 0.188755 0.273438 0.0106964
0 0.825965 0.330811 0.130176 0.243652 0.00948334
0 0.773244 0.220215 0.28899 0.408203 0.00746155
0 0.607921 0.496582 0.137986 0.225586 0.00728989
0 0.796025 0.21283 0.166625 0.345825 0.00695801
0 0.279797 0.629883 0.196728 0.412109 0.00679779
0 0.620288 0.527344 0.0911231 0.146484 0.00479126
0 0.633793 0.700195 0.172157 0.599609 0.00453949
0 0.624193 0.290527 0.183548 0.288086 0.00436401
0 0.6294 0.6875 0.111951 0.46875 0.00432968
0 0.608084 0.519531 0.114229 0.182617 0.00424957
0 0.0868923 0.727051 0.0911231 0.305664 0.00382423
0 0.32967 0.510254 0.32609 0.356445 0.00370789
0 0.56659 0.597168 0.465378 0.791992 0.00365067
0 0.74786 0.3125 0.322836 0.334961 0.0036068
0 0.705553 0.379028 0.359285 0.484131 0.00341606
0 0.222275 0.75 0.42958 0.492188 0.00340271
0 0.594741 0.459106 0.140915 0.253662 0.00328636
0 0.628912 0.264648 0.161093 0.198242 0.00325966
0 0.180456 0.717773 0.279552 0.363281 0.00273705
0 0.413634 0.619141 0.413308 0.429688 0.00261116
0 0.314456 0.643555 0.288828 0.389648 0.00259018
0 0.673009 0.739746 0.0911231 0.432617 0.00218201
0 0.464402 0.655762 0.253192 0.389648 0.00214005
0 0.239523 0.740234 0.109348 0.194336 0.00212479
0 0.228296 0.763184 0.0855906 0.166016 0.00201035
0 0.0836379 0.707031 0.0709458 0.271484 0.00186729
0 0.294848 0.679199 0.226506 0.319336 0.00183105
0 0.635258 0.858887 0.175737 0.282227 0.00182438
0 0.658689 0.668945 0.137986 0.654297 0.0018177
0 0.59767 0.698242 0.254819 0.603516 0.0018177
0 0.225041 0.598633 0.0849397 0.125 0.00178242
0 0.047026 0.848633 0.0836379 0.273438 0.00173378
0 0.149987 0.732422 0.212919 0.466797 0.00163555
0 0.773244 0.158447 0.122365 0.244629 0.00161076
0 0.243917 0.494019 0.252866 0.338135 0.00154305
0 0.376208 0.656738 0.739398 0.686523 0.67334
0 0.706855 0.493652 0.417864 0.958008 0.0546875
0 0.824013 0.245117 0.166625 0.341797 0.0276947
0 0.439343 0.482544 0.846143 0.941162 0.0247498
0 0.733052 0.310059 0.369374 0.594727 0.0240936
0 0.758925 0.256897 0.317629 0.471558 0.019989
0 0.824013 0.292969 0.158814 0.228516 0.0167847
0 0.803185 0.209473 0.203074 0.380859 0.00963593
0 0.327473 0.598145 0.370838 0.507812 0.00787354
0 0.0976318 0.844727 0.177039 0.298828 0.00751877
0 0.257748 0.65918 0.464077 0.669922 0.00582123
0 0.160482 0.762207 0.302577 0.456055 0.00542831
0 0.131762 0.820312 0.260433 0.341797 0.00521851
0 0.0792445 0.822754 0.106744 0.260742 0.00500107
0 0.827918 0.327637 0.145797 0.25 0.003088
0 0.270847 0.624023 0.184687 0.410156 0.00305176
0 0.117646 0.794922 0.204051 0.396484 0.00279045
0 0.619799 0.380859 0.200145 0.503906 0.00268364
0 0.313073 0.521973 0.382717 0.354492 0.00216484
0 0.618986 0.5 0.127572 0.212891 0.00209045
0 0.710109 0.379761 0.361889 0.539307 0.00178242
0 0.0859567 0.716797 0.0832311 0.289062 0.00178242
0 0.627447 0.526367 0.0833125 0.139648 0.0017271
0 0.771942 0.193298 0.137986 0.326294 0.0015974
0 0.628912 0.495117 0.549016 0.990234 0.00155449
0 0.637861 0.689453 0.115856 0.523438 0.00153637
0 0.662595 0.678223 0.119762 0.637695 0.00149536
0 0.0497922 0.832031 0.085916 0.289062 0.00148392
0 0.638512 0.686401 0.171832 0.627197 0.00146675
0 0.0838007 0.696289 0.067366 0.244141 0.00134563
0 0.318605 0.649902 0.315676 0.405273 0.00129986
0 0.22553 0.740723 0.440645 0.504883 0.00123024
0 0.241802 0.712402 0.136034 0.261719 0.0012207
0 0.550318 0.814453 0.0930757 0.103516 0.0012064
0 0.611175 0.518066 0.106744 0.185547 0.00119209
0 0.209095 0.782715 0.17411 0.27832 0.00116062
0 0.679518 0.728516 0.0794072 0.478516 0.00113392
0 0.625006 0.268555 0.181921 0.288086 0.00112438
0 0.503455 0.697266 0.409403 0.537109 0.0011158
0 0.48523 0.68457 0.501828 0.628906 0.00110722
0 0.0873805 0.652832 0.0764783 0.254883 0.00102043
0 0.376208 0.656738 0.739398 0.686523 0.67334
0 0.706855 0.493652 0.417864 0.958008 0.0549011
0 0.824013 0.245361 0.166625 0.341309 0.0276947
0 0.438692 0.48291 0.846143 0.94043 0.0244293
0 0.733052 0.310059 0.369374 0.59375 0.0241852
0 0.758925 0.256897 0.317629 0.471558 0.0200195
0 0.824013 0.292969 0.158814 0.228516 0.0168457
0 0.803185 0.209717 0.203074 0.381348 0.00963593
0 0.327473 0.598145 0.370838 0.507812 0.00784302
0 0.0976318 0.844238 0.176714 0.297852 0.00746155
0 0.258074 0.65918 0.464077 0.669922 0.00579834
0 0.160604 0.762207 0.302333 0.456055 0.00544739
0 0.13164 0.819824 0.260677 0.342773 0.00521851
0 0.0792445 0.822754 0.106093 0.260742 0.00500107
0 0.827918 0.327148 0.145797 0.25 0.00309944
0 0.270766 0.624512 0.183548 0.40918 0.00304031
0 0.117646 0.794922 0.204051 0.396484 0.00277901
0 0.619799 0.380859 0.200145 0.503906 0.00268364
0 0.313398 0.521973 0.383368 0.354492 0.00216484
0 0.618986 0.5 0.127572 0.212891 0.00209045
0 0.0859567 0.716797 0.0832311 0.289062 0.00178909
0 0.710109 0.379761 0.361889 0.539307 0.00178242
0 0.627447 0.526367 0.0833125 0.139648 0.0017271
0 0.771942 0.193298 0.137986 0.326294 0.00158501
0 0.6294 0.495117 0.549342 0.990234 0.00155449
0 0.637861 0.689453 0.117158 0.523438 0.00154305
0 0.662595 0.678223 0.119762 0.637695 0.00150108
0 0.0497922 0.832031 0.0855906 0.289062 0.00148392
0 0.638512 0.686035 0.171832 0.62793 0.00146675
0 0.0838007 0.696289 0.067366 0.244141 0.00135136
0 0.318605 0.650391 0.315676 0.40625 0.00129986
0 0.22553 0.741211 0.440645 0.503906 0.00123501
0 0.241639 0.712402 0.135708 0.260742 0.0012207
0 0.550644 0.814453 0.0937266 0.103516 0.00121117
0 0.611175 0.518066 0.106744 0.185547 0.00119209
0 0.208932 0.782227 0.173134 0.277344 0.00116539
0 0.679518 0.728516 0.0781055 0.478516 0.00113392
0 0.625006 0.268311 0.181921 0.287598 0.00112057
0 0.503455 0.697754 0.409403 0.538086 0.00111198
0 0.484905 0.68457 0.502479 0.628906 0.00110722
0 0.0872178 0.65332 0.0764783 0.255859 0.00102425
