0 0.198193 0.393433 0.291594 0.41626 0.967773
0 0.177853 0.44519 0.254168 0.297119 0.0769653
0 0.155845 0.510742 0.212268 0.175781 0.0495911
0 0.224838 0.428589 0.306645 0.314697 0.0239105
0 0.218411 0.543091 0.315595 0.488037 0.0232391
0 0.217394 0.615356 0.314375 0.712646 0.0188751
0 0.592951 0.585083 0.203074 0.736084 0.0180511
0 0.19803 0.311035 0.217068 0.18457 0.0134811
0 0.553573 0.406738 0.0878687 0.117188 0.0111618
0 0.5 0.5 1 1 0.00737381
0 0.5 0.5 1 1 0.00737381
0 0.5 0.5 1 1 0.00671768
0 0.540354 0.5 0.919291 1 0.00636292
0 0.501302 0.5 0.997397 1 0.00631332
0 0.471562 0.5 0.943124 1 0.00624084
0 0.544786 0.5 0.725079 1 0.00577545
0 0.5 0.5 1 1 0.00566483
0 0.583313 0.5 0.833375 1 0.00557709
0 0.167927 0.35791 0.273369 0.27832 0.0051384
0 0.626271 0.5 0.747459 1 0.0045929
0 0.591161 0.302002 0.179317 0.380371 0.00452042
0 0.388249 0.389526 0.622891 0.412354 0.00292397
0 0.143519 0.363525 0.268813 0.493652 0.00282288
0 0.230899 0.356445 0.320558 0.319336 0.00222588
0 0.165649 0.554199 0.259701 0.166992 0.00219154
0 0.244405 0.324219 0.365794 0.523438 0.00168133
0 0.387354 0.422729 0.632492 0.621338 0.00157356
0 0.576028 0.380737 0.17053 0.19751 0.00146103
0 0.587093 0.380371 0.177039 0.254883 0.00141048
0 0.742778 0.566895 0.514444 0.866211 0.00131989
0 0.574726 0.246826 0.226506 0.493652 0.00128937
0 0.378812 0.619019 0.623542 0.761963 0.00124931
0 0.185785 0.382324 0.291675 0.374023 0.806641
0 0.148238 0.414062 0.190708 0.362305 0.264404
0 0.127247 0.424805 0.151329 0.322266 0.172729
0 0.123667 0.473633 0.13701 0.226562 0.0692749
0 0.158774 0.32666 0.161499 0.236328 0.0225372
0 0.199332 0.485352 0.318605 0.612305 0.0167236
0 0.17948 0.282227 0.128874 0.152344 0.0124283
0 0.290211 0.33252 0.529978 0.53418 0.0112915
0 0.208281 0.422729 0.267511 0.263916 0.00985718
0 0.202789 0.330078 0.326009 0.564453 0.00881195
0 0.289316 0.462891 0.115856 0.171875 0.00818634
0 0.0789191 0.484375 0.0641116 0.171875 0.00656509
0 0.5 0.5 1 1 0.00544739
0 0.672808 0.5 0.654383 1 0.00518036
0 0.58917 0.5 0.821659 1 0.00479126
0 0.656536 0.447266 0.686927 0.894531 0.00436401
0 0.53531 0.5 0.92938 1 0.00429916
0 0.615856 0.5 0.768287 1 0.00413513
0 0.0885195 0.538086 0.0680168 0.109375 0.00403976
0 0.5 0.5 1 1 0.00402451
0 0.288665 0.875732 0.57733 0.248535 0.00397491
0 0.520177 0.5 0.959646 1 0.00391388
0 0.881415 0.828125 0.23717 0.34375 0.00385475
0 0.731387 0.809814 0.537225 0.380371 0.00374985
0 0.300381 0.478394 0.549342 0.633057 0.00370789
0 0.854729 0.504883 0.290542 0.990234 0.00365067
0 0.384669 0.885254 0.769339 0.229492 0.00365067
0 0.5 0.5 1 1 0.00352478
0 0.508987 0.857422 0.782357 0.285156 0.00340271
0 0.671344 0.83252 0.657312 0.334961 0.00340271
0 0.786549 0.799805 0.426901 0.400391 0.00332451
0 0.0891704 0.793945 0.178341 0.412109 0.00329781
0 0.112439 0.362549 0.100561 0.284668 0.00327301
0 0.295418 0.431152 0.114717 0.227539 0.00314713
0 0.5 0.5 1 1 0.00313568
0 0.144658 0.501953 0.193636 0.207031 0.00305176
0 0.5 0.527832 1 0.944336 0.00260162
0 0.173093 0.466675 0.251321 0.293213 0.00253105
0 0.755145 0.5 0.489711 1 0.00251198
0 0.338457 0.368652 0.0924248 0.178711 0.00225258
0 0.403219 0.523926 0.806439 0.952148 0.00212479
0 0.168252 0.595215 0.336504 0.80957 0.00197983
0 0.647261 0.5 0.705477 1 0.00186729
0 0.531568 0.5 0.936865 1 0.00178242
0 0.248473 0.380859 0.176714 0.30957 0.00167465
0 0.848871 0.827881 0.302258 0.344238 0.00165462
0 0.123179 0.573608 0.246358 0.852783 0.0012598
0 0.0801395 0.649414 0.160279 0.701172 0.00124454
0 0.207468 0.315918 0.414935 0.631836 0.00121593
0 0.221462 0.793945 0.442923 0.412109 0.00115108
0 0.189731 0.379761 0.300055 0.355713 0.998535
0 0.76999 0.553589 0.438692 0.851807 0.681641
0 0.756321 0.700684 0.471236 0.553711 0.140137
0 0.582211 0.266602 0.203725 0.444336 0.0900879
0 0.757786 0.430176 0.442272 0.722656 0.0768433
0 0.58514 0.330078 0.182246 0.306641 0.0670776
0 0.751565 0.329834 0.496871 0.541504 0.035553
0 0.682246 0.31543 0.635508 0.630859 0.0182953
0 0.76283 0.301025 0.380113 0.468262 0.0174408
0 0.517123 0.203064 0.404196 0.373169 0.0167847
0 0.635258 0.453125 0.0728984 0.103516 0.0162811
0 0.18489 0.414062 0.26743 0.273438 0.0153046
0 0.222926 0.391113 0.234967 0.30957 0.0138474
0 0.578957 0.377441 0.172483 0.196289 0.0116425
0 0.759375 0.583008 0.48125 0.53418 0.0113297
0 0.187453 0.309814 0.232364 0.171387 0.0110703
0 0.598934 0.272705 0.802133 0.54541 0.00867462
0 0.783007 0.591309 0.351475 0.505859 0.00725937
0 0.733015 0.27887 0.533971 0.405151 0.00669098
0 0.816202 0.66748 0.296801 0.479492 0.00600433
0 0.813599 0.280762 0.307215 0.420898 0.00496292
0 0.178666 0.388672 0.357333 0.423828 0.00496292
0 0.847444 0.750977 0.286387 0.474609 0.00471878
0 0.353102 0.379883 0.0742002 0.107422 0.00436401
0 0.302659 0.484375 0.0715967 0.115234 0.00428009
0 0.750463 0.427246 0.381415 0.447266 0.00397491
0 0.618172 0.41394 0.135708 0.150635 0.00379562
0 0.81828 0.53186 0.36344 0.936279 0.00379562
0 0.527863 0.429688 0.0728984 0.116211 0.00374985
0 0.783621 0.746094 0.432759 0.460938 0.00369263
0 0.859285 0.786621 0.28143 0.379883 0.00359344
0 0.187128 0.287354 0.281831 0.129395 0.00323486
0 0.692535 0.369141 0.208281 0.34082 0.00304031
0 0.240174 0.322327 0.402243 0.499878 0.00296974
0 0.783007 0.369629 0.292896 0.454102 0.00292397
0 0.357333 0.36084 0.0742002 0.100586 0.00284576
0 0.645797 0.553223 0.708406 0.893555 0.0027256
0 0.66272 0.225342 0.674561 0.450684 0.00260162
0 0.723089 0.533081 0.553823 0.804932 0.00220871
0 0.60349 0.14978 0.793021 0.299561 0.00211525
0 0.730449 0.352539 0.3147 0.427734 0.00203514
0 0.723252 0.737793 0.553497 0.524414 0.00198746
0 0.67411 0.490234 0.65178 0.980469 0.00192642
0 0.211048 0.825684 0.422095 0.348633 0.00192642
0 0.293546 0.557495 0.587093 0.88501 0.00191212
0 0.0572773 0.242188 0.114555 0.145508 0.00188255
0 0.330647 0.842285 0.661293 0.31543 0.00163555
0 0.132413 0.472168 0.15434 0.21582 0.00158501
0 0.178992 0.27832 0.1113 0.123047 0.00148392
0 0.738873 0.814697 0.522255 0.370605 0.00142097
0 0.201935 0.404785 0.314049 0.375977 0.622559
0 0.186802 0.438477 0.264908 0.310547 0.449463
0 0.152957 0.466919 0.219346 0.247803 0.338867
0 0.141241 0.491211 0.184199 0.214844 0.222656
0 0.242452 0.443237 0.210885 0.279541 0.147095
0 0.289316 0.451172 0.132128 0.250977 0.0953369
0 0.113863 0.514648 0.123748 0.168945 0.0486755
0 0.680944 0.55957 0.638111 0.857422 0.0358887
0 0.86254 0.591309 0.274921 0.77832 0.0327148
0 0.249775 0.990234 0.49955 0.0195312 0.0326538
0 0.136685 0.410034 0.21479 0.349854 0.0290375
0 0.275647 0.401245 0.179643 0.338135 0.0289764
0 0.504431 0.730469 0.28118 0.486328 0.023819
0 0.908101 0.652344 0.183798 0.65625 0.021698
0 0.166137 0.986328 0.332274 0.0273438 0.021286
0 0.30754 0.352051 0.541531 0.584961 0.0193787
0 0.92958 0.717773 0.14084 0.539062 0.0183411
0 0.945201 0.698242 0.109598 0.603516 0.0177765
0 0.714139 0.658081 0.571722 0.642822 0.016983
0 0.490112 0.650879 0.316327 0.647461 0.0156021
0 0.919692 0.750488 0.130176 0.473633 0.0155411
0 0.315351 0.420898 0.130827 0.293945 0.0137939
0 0.174924 0.515625 0.260677 0.263672 0.0132751
0 0.143031 0.917969 0.286061 0.164062 0.0127716
0 0.389551 0.993164 0.727032 0.0136719 0.0123367
0 0.954639 0.844238 0.0907222 0.311523 0.0116882
0 0.47742 0.608398 0.384669 0.775391 0.0115967
0 0.402325 0.530762 0.529653 0.938477 0.0112
0 0.20043 0.60437 0.319012 0.486572 0.0112
0 0.866971 0.742188 0.24473 0.490234 0.01017
0 0.913834 0.687012 0.111951 0.592773 0.00978088
0 0.219021 0.526855 0.388575 0.797852 0.00971222
0 0.93674 0.776367 0.126521 0.447266 0.00948334
0 0.541857 0.972656 0.48881 0.0546875 0.00888062
0 0.542182 0.643555 0.372303 0.689453 0.00867462
0 0.11309 0.784668 0.22618 0.430664 0.0086441
0 0.533395 0.842285 0.344315 0.30957 0.00854492
0 0.361156 0.612793 0.595066 0.727539 0.00837708
0 0.026686 0.70459 0.0533721 0.59082 0.00793457
0 0.934662 0.850586 0.0989336 0.28125 0.00748825
0 0.882592 0.699219 0.166625 0.601562 0.00746155
0 0.882066 0.865479 0.235868 0.269043 0.00728989
0 0.0427139 0.617188 0.0854279 0.765625 0.00720596
0 0.439425 0.819824 0.477582 0.360352 0.00714874
0 0.18908 0.835449 0.378161 0.329102 0.00709534
0 0.206003 0.304199 0.310469 0.530273 0.00677109
0 0.0919366 0.533203 0.183873 0.933594 0.00669098
0 0.171669 0.803711 0.341386 0.291016 0.00658798
0 0.638512 0.970703 0.566265 0.0585938 0.00653839
0 0.917213 0.547363 0.165573 0.893555 0.00629044
0 0.185989 0.38855 0.287363 0.342041 0.819336
0 0.188429 0.336182 0.258399 0.23584 0.088501
0 0.163411 0.427734 0.232282 0.291016 0.0827026
0 0.215766 0.339417 0.363841 0.461792 0.0825195
0 0.721624 0.5 0.556751 1 0.0640869
0 0.54446 0.419922 0.0774546 0.0957031 0.0460205
0 0.121389 0.483398 0.150678 0.191406 0.0289307
0 0.300055 0.284668 0.536324 0.569336 0.0289307
0 0.0715153 0.268555 0.0571146 0.0732422 0.0287018
0 0.53307 0.432617 0.075502 0.12207 0.0282135
0 0.281505 0.430176 0.149051 0.264648 0.0269623
0 0.299079 0.46582 0.0950283 0.188477 0.0265503
0 0.191196 0.449097 0.304286 0.226807 0.0226746
0 0.550969 0.432617 0.100886 0.134766 0.0214081
0 0.160442 0.311035 0.231062 0.194336 0.0187683
0 0.736795 0.51123 0.492064 0.977539 0.0159607
0 0.307866 0.401367 0.0963301 0.236328 0.0145035
0 0.290373 0.485352 0.102676 0.142578 0.014389
0 0.277925 0.462402 0.130176 0.192383 0.014061
0 0.075502 0.472656 0.075502 0.144531 0.0137405
0 0.583838 0.355957 0.167927 0.253906 0.0125732
0 0.0811972 0.51709 0.0748511 0.142578 0.0119171
0 0.691684 0.578735 0.616632 0.842529 0.0113297
0 0.110975 0.387207 0.171181 0.344727 0.0103302
0 0.169229 0.280762 0.159465 0.154297 0.00793457
0 0.180456 0.277832 0.198844 0.181641 0.00769424
0 0.311446 0.333984 0.096981 0.160156 0.00757599
0 0.825114 0.496582 0.349772 0.993164 0.00740433
0 0.664672 0.5 0.670655 1 0.00720596
0 0.587744 0.403809 0.164021 0.201172 0.00714874
0 0.707994 0.304688 0.570495 0.609375 0.00679779
0 0.620288 0.523926 0.507686 0.952148 0.00636292
0 0.683548 0.365479 0.632904 0.730957 0.00619125
0 0.623379 0.440918 0.0914485 0.139648 0.00605011
0 0.337155 0.401855 0.100235 0.212891 0.00591278
0 0 0.663086 0 0.673828 0.00547028
0 0.336504 0.364014 0.0989336 0.151855 0.00534439
0 0.621101 0.779785 0.70002 0.44043 0.00521851
0 0.571146 0.475098 0.151655 0.216797 0.0050621
0 0.129566 0.23999 0.191928 0.300293 0.00496292
0 0.512893 0.406006 0.722476 0.812012 0.00477219
0 0.306889 0.446167 0.152957 0.359619 0.00457382
0 0.169717 0.325195 0.339433 0.5625 0.00453949
0 0.0771292 0.55127 0.0686677 0.110352 0.00443268
0 0.535348 0.472778 0.0956792 0.212646 0.00439835
0 0.640302 0.642578 0.526236 0.679688 0.00429916
0 0.0759901 0.250977 0.0894959 0.12793 0.00418091
0 0.542182 0.808105 0.563661 0.383789 0.00403976
0 0.533721 0.957031 0.0663897 0.0703125 0.0039444
0 0.395734 0.285889 0.782357 0.571777 0.0039444
0 0.187738 0.412109 0.292977 0.381836 0.792969
0 0.184524 0.75 0.343013 0.46875 0.11554
0 0.0962894 0.357178 0.0599622 0.152832 0.0897827
0 0.732201 0.48877 0.535598 0.977539 0.088501
0 0.53307 0.589966 0.318931 0.7771 0.0432739
0 0.159791 0.32373 0.223902 0.198242 0.0409241
0 0.577981 0.730957 0.249938 0.512695 0.0372009
0 0.186477 0.641724 0.346918 0.689209 0.0360107
0 0.174436 0.842773 0.348871 0.302734 0.0287018
0 0.424048 0.650879 0.57733 0.682617 0.0273743
0 0.175412 0.30957 0.167927 0.166992 0.0245209
0 0.554874 0.488403 0.324789 0.976318 0.0239105
0 0.157147 0.455078 0.214871 0.306641 0.0219421
0 0.280529 0.435059 0.156211 0.250977 0.0193787
0 0.522981 0.712402 0.385971 0.545898 0.0181274
0 0.582862 0.397461 0.190708 0.318359 0.0174408
0 0.861563 0.498901 0.276874 0.967041 0.0171051
0 0.31112 0.425293 0.0924248 0.255859 0.0165863
0 0.565614 0.260742 0.235618 0.511719 0.0165253
0 0.602877 0.850586 0.205352 0.296875 0.0149002
0 0.438042 0.537964 0.535022 0.924072 0.0132217
0 0.757423 0.676758 0.485155 0.632812 0.0127716
0 0.604016 0.682129 0.173134 0.635742 0.0122375
0 0.867096 0.684448 0.265809 0.619385 0.0122375
0 0.294197 0.46875 0.0950283 0.181641 0.0106506
0 0.640465 0.464844 0.0494668 0.0703125 0.0102081
0 0.574075 0.458496 0.166625 0.161133 0.00981903
0 0.608084 0.892578 0.192335 0.210938 0.00967407
0 0.584652 0.33252 0.194938 0.34668 0.00948334
0 0.137173 0.488281 0.169554 0.216797 0.00919342
0 0.585954 0.448242 0.254819 0.851562 0.00891876
0 0.0727357 0.290039 0.0484905 0.0683594 0.0086441
0 0.369699 0.604614 0.721174 0.781006 0.008255
0 0.913959 0.658325 0.172082 0.679443 0.00766754
0 0.535673 0.840332 0.321534 0.317383 0.00763702
0 0.331948 0.396606 0.0846143 0.187256 0.00706482
0 0.528839 0.284912 0.293546 0.569824 0.00629044
0 0.193962 0.349121 0.242127 0.233398 0.00629044
0 0.184361 0.494629 0.265884 0.297852 0.00614548
0 0.5002 0.407349 0.389876 0.792725 0.00593567
0 0.743141 0.335693 0.508011 0.643066 0.00575256
0 0.180619 0.284668 0.180944 0.161133 0.00559998
0 0.17411 0.280518 0.12562 0.138184 0.0055542
0 0.194979 0.45459 0.296719 0.253906 0.00551224
0 0.0907569 0.321533 0.0820921 0.153809 0.0053215
0 0.19624 0.319336 0.369048 0.5625 0.00526047
0 0.601412 0.275391 0.361889 0.525391 0.00484848
0 0.823487 0.381714 0.353026 0.713135 0.00471878
0 0.57733 0.486328 0.19266 0.373047 0.00453949
0 0.0728984 0.393066 0.110324 0.303711 0.00436401
0 0.144454 0.475586 0.179724 0.226562 0.301514
0 0.264989 0.445312 0.150841 0.222656 0.144653
0 0.190016 0.38916 0.313154 0.364258 0.137817
0 0.280854 0.464844 0.122365 0.188477 0.106689
0 0.184036 0.406128 0.242452 0.32251 0.103394
0 0.11846 0.345703 0.0637861 0.0791016 0.0512695
0 0.300706 0.475586 0.0820107 0.150391 0.0360718
0 0.0753392 0.494141 0.0549993 0.162109 0.033844
0 0.18127 0.310059 0.14775 0.169922 0.0261536
0 0.305913 0.411621 0.102188 0.229492 0.0259094
0 0.10886 0.502441 0.11488 0.179688 0.0164642
0 0.0730612 0.280273 0.0449106 0.0625 0.0112
0 0.728947 0.490723 0.542107 0.981445 0.0088501
0 0.325114 0.402466 0.143193 0.191162 0.00677109
0 0.231062 0.358398 0.19266 0.251953 0.00624084
0 0.587744 0.646973 0.357983 0.674805 0.00538635
0 0.316002 0.460083 0.136685 0.2146 0.00518036
0 0.333901 0.370605 0.117158 0.154297 0.00510025
0 0.700346 0.561035 0.468633 0.850586 0.00481033
0 0.507767 0.511597 0.549179 0.945557 0.00462723
0 0.460171 0.644653 0.593602 0.687256 0.00428009
0 0.22976 0.285156 0.378812 0.570312 0.00390053
0 0.611175 0.933838 0.187453 0.128418 0.00376511
0 0.551294 0.859375 0.460822 0.275391 0.00372124
0 0.321534 0.347168 0.0898213 0.161133 0.00370789
0 0.199169 0.543457 0.354078 0.670898 0.00346947
0 0.122691 0.416504 0.235293 0.367188 0.00328636
0 0.0961674 0.316895 0.110975 0.135742 0.00311089
0 0.503129 0.71875 0.477745 0.558594 0.00309944
0 0.858634 0.498047 0.282731 0.996094 0.00290108
0 0.18306 0.582153 0.366119 0.769287 0.0026722
0 0.469609 0.888916 0.552596 0.210449 0.00253105
0 0.652181 0.676636 0.604016 0.636963 0.00235939
0 0.393131 0.523926 0.680819 0.907227 0.00225258
0 0.285004 0.532104 0.500038 0.814697 0.00224304
0 0.581235 0.917725 0.262955 0.160645 0.00213242
0 0.178178 0.526367 0.263931 0.357422 0.00201988
0 0.286712 0.289551 0.51094 0.579102 0.00188255
0 0.175737 0.280762 0.146122 0.139648 0.00178242
0 0.637861 0.460449 0.0702949 0.0791016 0.00166798
0 0.195426 0.286377 0.181921 0.166504 0.00161076
0 0.101374 0.500977 0.154584 0.248047 0.00159168
0 0.672358 0.92041 0.316327 0.15918 0.00159168
0 0.527863 0.924316 0.545437 0.151367 0.00140476
0 0.0506058 0.460938 0.080709 0.152344 0.0012846
0 0.0986082 0.405762 0.158164 0.333984 0.00126934
0 0.763931 0.602417 0.472137 0.783447 0.00124454
0 0.591649 0.435059 0.178341 0.161133 0.00119686
0 0.57733 0.415039 0.157513 0.15918 0.00118351
0 0.617033 0.81543 0.221299 0.339844 0.00113773
0 0.18664 0.395386 0.286712 0.371338 0.687012
0 0.150719 0.444214 0.197786 0.269775 0.33374
0 0.142827 0.480469 0.186233 0.211914 0.0414734
0 0.107232 0.385254 0.088845 0.177734 0.0325317
0 0.283132 0.43457 0.136034 0.253906 0.021286
0 0.0758274 0.491699 0.0680168 0.108398 0.0167847
0 0.296801 0.45105 0.0943774 0.211182 0.0150757
0 0.074607 0.286133 0.0535348 0.074707 0.0114212
0 0.246683 0.412598 0.188755 0.307617 0.0114212
0 0.30331 0.477539 0.0833125 0.146484 0.00763702
0 0.165811 0.300537 0.137661 0.166504 0.00653839
0 0.189406 0.395996 0.378812 0.400391 0.00602722
0 0.0806276 0.524414 0.0645997 0.113281 0.00542831
0 0.609385 0.886719 0.189731 0.197266 0.00468063
0 0.611175 0.91626 0.201772 0.151855 0.00453949
0 0.333575 0.387207 0.104792 0.208008 0.00450516
0 0.310469 0.414062 0.147099 0.264648 0.00434875
0 0.181758 0.280273 0.11488 0.141602 0.00432968
0 0.190382 0.30835 0.132779 0.180176 0.0042305
0 0.31112 0.442505 0.122365 0.232178 0.00415039
0 0.511916 0.270508 0.0455615 0.065918 0.00403976
0 0.0924655 0.304688 0.0715153 0.140625 0.00397491
0 0.0501177 0.467773 0.0761528 0.0839844 0.00382423
0 0.5552 0.400513 0.102839 0.130615 0.00376511
0 0.746032 0.5 0.507936 1 0.00370789
0 0.589045 0.921875 0.434787 0.150391 0.00351143
0 0.523632 0.461914 0.0520703 0.0898438 0.00304031
0 0.864492 0.5 0.271016 1 0.00302696
0 0.652018 0.797852 0.669429 0.400391 0.00281143
0 0.535673 0.413086 0.0768037 0.144531 0.00279999
0 0.266779 0.33374 0.095191 0.219238 0.00265312
0 0.206003 0.28418 0.126921 0.158203 0.00254059
0 0.583838 0.366943 0.171832 0.268066 0.00247192
0 0.728133 0.61377 0.543734 0.764648 0.00247192
0 0.316327 0.391602 0.109348 0.283203 0.00239754
0 0.0746884 0.411133 0.0924248 0.263672 0.00239754
0 0.681433 0.697266 0.637135 0.605469 0.00225258
0 0.073712 0.334473 0.0816853 0.186523 0.00213242
0 0.628098 0.730469 0.368397 0.53125 0.00211525
0 0.531117 0.956055 0.0663897 0.0761719 0.00210762
0 0.941296 0.5802 0.117408 0.8396 0.0020504
0 0.371326 0.378418 0.130176 0.194336 0.00178242
0 0.269383 0.562378 0.492227 0.777588 0.00168705
0 0.597507 0.916992 0.286387 0.15625 0.00161648
0 0.607921 0.9375 0.233015 0.123047 0.00141048
0 0.644821 0.509766 0.710359 0.980469 0.00137806
0 0.553247 0.881836 0.179643 0.205078 0.00131512
0 0.93674 0.934326 0.126521 0.131348 0.00130939
0 0.118175 0.293945 0.128142 0.203125 0.00130463
0 0.542752 0.951172 0.609385 0.0976562 0.00130463
0 0.196565 0.398438 0.288339 0.388672 0.691895
0 0.146936 0.44043 0.208607 0.300781 0.46582
0 0.271742 0.450073 0.147099 0.218994 0.274414
0 0.139573 0.48291 0.192742 0.214844 0.203735
0 0.756772 0.495117 0.486457 0.990234 0.199951
0 0.288421 0.46582 0.107883 0.175781 0.169434
0 0.253517 0.437988 0.181595 0.254883 0.144653
0 0.177853 0.412231 0.219672 0.325928 0.125488
0 0.873605 0.495605 0.252791 0.991211 0.0784912
0 0.185867 0.340088 0.207549 0.258301 0.0568542
0 0.223577 0.408691 0.239523 0.333008 0.0430298
0 0.312422 0.419922 0.123667 0.253906 0.0415344
0 0.105442 0.516602 0.116507 0.164062 0.0295868
0 0.946503 0.657837 0.106994 0.684326 0.029541
0 0.342362 0.374512 0.113253 0.171875 0.0209198
0 0.183873 0.585449 0.357333 0.713867 0.0189819
0 0.173622 0.282959 0.143519 0.148438 0.0147324
0 0.978396 0.695801 0.043208 0.608398 0.014061
0 0.620938 0.924316 0.223902 0.151367 0.0139008
0 0.994017 0.659668 0.0119658 0.680664 0.0137405
0 0.801357 0.645508 0.397286 0.708984 0.0118256
0 0.450408 0.496094 0.7407 0.992188 0.011467
0 0.628749 0.885742 0.230411 0.224609 0.0109024
0 0.195915 0.288574 0.14775 0.161133 0.0107346
0 0.323161 0.456055 0.10349 0.185547 0.0104065
0 0 0.655273 0 0.689453 0.0104065
0 0.169717 0.31543 0.200796 0.191406 0.0100937
0 0.627447 0.792969 0.240825 0.414062 0.00989532
0 0.225855 0.345459 0.167276 0.258301 0.00971222
0 0.970911 0.592407 0.0581782 0.815186 0.00959778
0 0.609348 0.512085 0.781305 0.97583 0.00912476
0 0.630214 0.724121 0.265233 0.551758 0.00818634
0 0.435438 0.615234 0.682121 0.751953 0.00803375
0 0.0515822 0.458984 0.0820107 0.203125 0.00790405
0 0.951059 0.76416 0.0978818 0.47168 0.00751877
0 0.0752579 0.279785 0.0541857 0.0810547 0.00740433
0 0.911355 0.673828 0.177289 0.652344 0.0069046
0 0.944225 0.777344 0.11155 0.4375 0.0068512
0 0.605968 0.650513 0.36319 0.693115 0.00666809
0 0.555851 0.673828 0.528514 0.644531 0.00656509
0 0.954639 0.918945 0.0907222 0.154297 0.00653839
0 0.948456 0.844727 0.103089 0.300781 0.00584412
0 1 0.768555 0 0.462891 0.00577545
0 0.592463 0.697266 0.228784 0.605469 0.00572968
0 0.646323 0.459961 0.0559756 0.0683594 0.00551224
0 0.690057 0.645874 0.619887 0.708252 0.00551224
0 0.957568 0.801025 0.0848643 0.397949 0.00542831
0 0.188755 0.497559 0.279878 0.256836 0.00519943
0 0.865669 0.67627 0.265559 0.647461 0.00486755
0 0.674311 0.512573 0.486857 0.949463 0.00469971
0 0.201284 0.390625 0.286061 0.373047 0.490234
0 0.162435 0.40918 0.224472 0.362305 0.160767
0 0.182856 0.313477 0.199901 0.200195 0.12854
0 0.158448 0.461426 0.219428 0.272461 0.107422
0 0.322836 0.362305 0.0768037 0.142578 0.0531921
0 0.270196 0.430542 0.143031 0.252197 0.0484924
0 0.17053 0.285889 0.14775 0.155762 0.0417786
0 0.287363 0.450073 0.108697 0.205322 0.0342407
0 0.0893331 0.52002 0.0842888 0.143555 0.0283356
0 0.195101 0.324463 0.324463 0.493652 0.0205994
0 0.075746 0.2854 0.0532094 0.0717773 0.019989
0 0.589696 0.286072 0.178341 0.421997 0.0180969
0 0.0971437 0.493164 0.10772 0.197266 0.0171814
0 0.331623 0.341797 0.0950283 0.166016 0.014061
0 0.328368 0.382324 0.107395 0.174805 0.0136337
0 0.583838 0.375 0.173134 0.244141 0.0132217
0 0.222601 0.421387 0.237571 0.287109 0.0114212
0 0.558454 0.261658 0.240825 0.467896 0.0078125
0 0.206817 0.334473 0.233991 0.244141 0.00482941
0 0.162069 0.29248 0.25905 0.227539 0.0041008
0 0.145431 0.496094 0.197298 0.230469 0.00379562
0 0.730937 0.281738 0.466029 0.519531 0.00332451
0 0.346918 0.351318 0.119111 0.121582 0.00291252
0 0.0897806 0.347656 0.139369 0.267578 0.00275803
0 0.740538 0.465332 0.513218 0.905273 0.00265312
0 0.592137 0.418457 0.169554 0.18457 0.00248146
0 0.306889 0.431152 0.13343 0.245117 0.00232315
0 0.121674 0.405151 0.211617 0.398682 0.00228691
0 0.0554874 0.283203 0.0986082 0.11084 0.00210762
0 0.0628098 0.251709 0.110649 0.200684 0.00138855
0 0.511265 0.25415 0.349522 0.470215 0.00138855
0 0.0608572 0.294922 0.115206 0.179688 0.00133038
0 0.927503 0.408203 0.0546738 0.0703125 0.00129414
0 0.787688 0.522461 0.424623 0.953125 0.00122547
0 0.851475 0.496948 0.297051 0.97876 0.00115108
0 0.934136 0.413086 0.131728 0.826172 0.00109482
0 0.727157 0.257568 0.545687 0.515137 0.00108147
0 0.633305 0.256348 0.397036 0.512695 0.00101185
0 0.578631 0.43457 0.171832 0.295898 0.00100803
0 0.191318 0.401855 0.285166 0.353516 0.563965
0 0.151492 0.441284 0.212512 0.273682 0.126831
0 0.188429 0.361816 0.232364 0.289062 0.118774
0 0.28061 0.436035 0.126108 0.243164 0.110474
0 0.29257 0.452148 0.0976318 0.200195 0.0970459
0 0.299079 0.479492 0.0826616 0.132812 0.0382385
0 0.316978 0.408691 0.14059 0.229492 0.0221558
0 0.335854 0.390625 0.123667 0.210938 0.0181274
0 0.303635 0.439331 0.137986 0.232666 0.0150146
0 0.198518 0.294922 0.175737 0.164062 0.0147324
0 0.163737 0.300781 0.166544 0.178711 0.0127716
0 0.585628 0.303223 0.174761 0.362305 0.00787354
0 0.163208 0.310547 0.220323 0.181641 0.00763702
0 0.520052 0.251709 0.313724 0.503418 0.00754929
0 0.0857533 0.495117 0.0836379 0.166016 0.00746155
0 0.084899 0.525391 0.0729798 0.121094 0.00740433
0 0.579933 0.364258 0.16272 0.244141 0.00619125
0 0.717919 0.506348 0.538928 0.959961 0.00588989
0 0.365794 0.390625 0.0833125 0.175781 0.00557709
0 0.304937 0.378906 0.182246 0.292969 0.00534439
0 0.331948 0.365723 0.152306 0.316406 0.0053215
0 0.0758274 0.284668 0.0572773 0.0883789 0.00530243
0 0.376859 0.424683 0.132779 0.232666 0.00479126
0 0.584489 0.246582 0.19266 0.472656 0.00468063
0 0.130461 0.40918 0.242208 0.386719 0.00421524
0 0.172157 0.474121 0.250588 0.28418 0.00413513
0 0.565614 0.388672 0.143193 0.239258 0.00400543
0 0.616382 0.825195 0.223902 0.326172 0.00382423
0 0.69644 0.37793 0.557152 0.699219 0.00359344
0 0.611826 0.87793 0.230411 0.236328 0.00349617
0 0.232038 0.312012 0.270115 0.342773 0.00341606
0 0.136318 0.290039 0.173866 0.180664 0.00337601
0 0.699695 0.263245 0.519401 0.486206 0.00336266
0 0.709458 0.744141 0.492064 0.498047 0.00313568
0 0.517123 0.0401001 0.382066 0.0802002 0.003088
0 0.598809 0.927734 0.413959 0.144531 0.00305176
0 0.617196 0.751953 0.356356 0.472656 0.00298119
0 0.199006 0.380371 0.342037 0.424805 0.00296974
0 0.564312 0.363281 0.268162 0.670898 0.00291252
0 0.16695 0.497559 0.333901 0.478516 0.00271416
0 0.141932 0.503418 0.187372 0.209961 0.00261116
0 0.682121 0.683105 0.39964 0.573242 0.00258064
0 0.520052 0.0314331 0.299404 0.0628662 0.00243378
0 0.792771 0.279541 0.253843 0.456543 0.0024147
0 0.380113 0.517456 0.213488 0.44165 0.00229645
0 0.791469 0.55957 0.177039 0.412109 0.00227928
0 0.712024 0.0637207 0.575952 0.127441 0.00215721
0 0.580584 0.418457 0.169229 0.308594 0.00206757
0 0.521354 0.768555 0.441296 0.439453 0.00201988
0 0.230248 0.156128 0.460497 0.312256 0.00197983
0 0.197867 0.399536 0.291594 0.37085 0.695801
0 0.152306 0.430542 0.19982 0.312744 0.176147
0 0.143356 0.475708 0.181921 0.23999 0.0878906
0 0.179154 0.362793 0.207956 0.298828 0.0178528
0 0.298103 0.47168 0.0924248 0.167969 0.011467
0 0.232364 0.400879 0.225204 0.317383 0.0113297
0 0.0751765 0.282227 0.045887 0.0703125 0.0104065
0 0.080709 0.493652 0.0657388 0.15332 0.00993347
0 0.172157 0.33252 0.182897 0.228516 0.00971222
0 0.27044 0.435425 0.153607 0.238525 0.0078125
0 0.0886823 0.517578 0.0784309 0.148438 0.00669098
0 0.302008 0.495117 0.0885195 0.117188 0.00664139
0 0.0430394 0.468262 0.0649252 0.141602 0.00636292
0 0.215441 0.310059 0.357983 0.530273 0.00629044
0 0.0681796 0.414185 0.105442 0.374756 0.00438309
0 0.195589 0.756836 0.352125 0.394531 0.00325966
0 0.195101 0.569336 0.342688 0.777344 0.00316048
0 0.0494668 0.424927 0.0855906 0.300537 0.00235939
0 0.0362051 0.516602 0.0527212 0.0820312 0.00234222
0 0.229109 0.98584 0.458219 0.0283203 0.00209999
0 0.18664 0.302246 0.17411 0.194336 0.00189686
0 0.19266 0.824219 0.369699 0.351562 0.00188923
0 0.639163 0.794922 0.342362 0.410156 0.00188923
0 0.287688 0.288086 0.5181 0.576172 0.00183105
0 0.267511 0.483398 0.535022 0.833984 0.0018177
0 0.684887 0.766602 0.45529 0.466797 0.00173378
0 0.300706 0.712402 0.601412 0.575195 0.00158501
0 0.471887 0.786621 0.631353 0.426758 0.00156116
0 0.175412 0.35083 0.350824 0.70166 0.00144386
0 0.349522 0.559082 0.691233 0.819336 0.00139904
0 0.621101 0.884277 0.247009 0.231445 0.00136185
0 0.406799 0.288574 0.771942 0.577148 0.00130939
0 0.670243 0.98291 0.476769 0.0341797 0.00130939
0 0.596856 0.977539 0.428278 0.0449219 0.00130463
0 0.188429 0.967773 0.376859 0.0644531 0.0012846
0 0.0558129 0.42041 0.111626 0.433594 0.00124931
0 0.181107 0.307129 0.362214 0.614258 0.00121593
0 0.634607 0.776367 0.238222 0.435547 0.00120163
0 0.499875 0.514648 0.667802 0.970703 0.00113392
0 0.349197 0.98584 0.698393 0.0283203 0.00111198
0 0.684725 0.523315 0.382717 0.953369 0.00109863
0 0.466111 0.980469 0.601249 0.0390625 0.00109863
0 0.1663 0.479614 0.241476 0.288818 0.00106525
0 0.577981 0.936523 0.528514 0.126953 0.00106525
0 0.630051 0.91748 0.257748 0.165039 0.00102806
0 0.423071 0.188965 0.835729 0.37793 0.00102043
0 0.219509 1 0.439018 0 0.00101662
0 0.646974 0.713867 0.277274 0.488281 0.00101662
0 0.198477 0.38916 0.29493 0.37793 0.594727
0 0.165811 0.42041 0.236594 0.320312 0.477539
0 0.156496 0.463867 0.20641 0.240234 0.329346
0 0.169066 0.409668 0.19624 0.260742 0.131226
0 0.29973 0.489746 0.0891704 0.123047 0.0736694
0 0.172808 0.32373 0.181595 0.224609 0.0690308
0 0.277925 0.443848 0.137335 0.230469 0.0427246
0 0.173947 0.290039 0.142868 0.158203 0.0190125
0 0.0445852 0.469727 0.0660642 0.0917969 0.0187988
0 0.0800581 0.493652 0.067366 0.135742 0.0180511
0 0.723252 0.505859 0.553497 0.988281 0.0151291
0 0.076641 0.27417 0.0462124 0.0639648 0.0147324
0 0.235293 0.432617 0.189406 0.253906 0.0100098
0 0.0864042 0.513672 0.0657388 0.114258 0.00874329
0 0.156577 0.303223 0.169147 0.168945 0.00861359
0 0.201447 0.362549 0.210885 0.285645 0.00547028
0 0.0423071 0.513672 0.0619962 0.0722656 0.00453949
0 0.0706204 0.438965 0.119762 0.268555 0.00288963
0 0.316653 0.488281 0.0982827 0.136719 0.00286674
0 0.332599 0.382812 0.117809 0.195312 0.0024929
0 0.218695 0.285156 0.363841 0.570312 0.00229645
0 0.341386 0.405396 0.0839634 0.175537 0.00227928
0 0.0497922 0.449097 0.0790818 0.164307 0.00200272
0 0.259782 0.287842 0.482789 0.575684 0.00200272
0 0.213976 0.470215 0.0810344 0.173828 0.00194168
0 0.719184 0.327637 0.561633 0.655273 0.00188255
0 0.586442 0.397461 0.186151 0.208984 0.00174141
0 0.312747 0.369141 0.105442 0.216797 0.00161076
0 0.0901061 0.400513 0.147831 0.355225 0.00156689
0 0.728822 0.725586 0.531443 0.542969 0.00156116
0 0.654784 0.786133 0.300706 0.412109 0.00144386
0 0.136725 0.514648 0.16394 0.173828 0.00141048
0 0.582862 0.353027 0.198518 0.293945 0.00138855
0 0.708119 0.268066 0.583763 0.536133 0.00135612
0 0.357983 0.391602 0.101537 0.177734 0.00134563
0 0.705715 0.516113 0.418841 0.924805 0.00133038
0 0.626146 0.922852 0.229109 0.140625 0.00131512
0 0.586442 0.428223 0.179643 0.163086 0.00126934
0 0.37393 0.261719 0.732239 0.523438 0.00124454
0 0.73289 0.620605 0.507686 0.749023 0.00121593
0 0.0335203 0.270996 0.0543484 0.0664062 0.0011692
0 0.572773 0.256348 0.227808 0.483398 0.00116062
0 0.0682609 0.26123 0.0844515 0.115234 0.00113773
0 0.632003 0.456055 0.0937266 0.0957031 0.00109863
0 0.616871 0.712891 0.229435 0.513672 0.00107288
0 0.556502 0.5177 0.69644 0.9646 0.00105286
0 0.416888 0.544922 0.772593 0.910156 0.00104046
0 0.62761 0.885742 0.228784 0.212891 0.00102043
0 0.19266 0.39209 0.28899 0.388672 0.794434
0 0.159181 0.461792 0.216661 0.248291 0.0446777
0 0.141078 0.487305 0.176063 0.191406 0.0151901
0 0.0755833 0.277588 0.0421444 0.0620117 0.0078125
0 0.194776 0.365234 0.226831 0.291992 0.00510025
0 0.0833125 0.494141 0.0738748 0.123047 0.00376511
0 0.0413308 0.467773 0.056301 0.0761719 0.00352478
0 0.0934011 0.517578 0.0826616 0.119141 0.00286674
0 0.179805 0.433105 0.252866 0.293945 0.00269318
0 0.0354729 0.522461 0.045887 0.0683594 0.00146675
0 0.285817 0.415039 0.126108 0.260742 0.00131512
0 0.578631 0.410645 0.164021 0.173828 0.00126934
0 0.166788 0.306396 0.192335 0.16748 0.00125504
0 0.778451 0.316162 0.177039 0.51416 0.00123978
0 0.781055 0.234619 0.174436 0.349121 0.00112057
0 0.267511 0.433105 0.159465 0.264648 0.00111198
0 0.176063 0.310547 0.143844 0.197266 0.00109005
0 0.331948 0.376465 0.0982827 0.186523 0.00102806
0 0.554549 0.443848 0.11846 0.162109 0.00102806
0 0.56301 0.253906 0.227808 0.503906 0.00102043
0 0.203115 0.318115 0.327962 0.496582 0.00101662
0 0.194287 0.400391 0.292245 0.37793 0.684082
0 0.152306 0.466797 0.204376 0.242188 0.0700684
0 0.139939 0.323242 0.1484 0.144531 0.0268555
0 0.282563 0.43457 0.130013 0.263672 0.0111618
0 0.181433 0.44873 0.266535 0.262695 0.00952148
0 0.190667 0.374023 0.237652 0.311523 0.00751877
0 0.0761528 0.277832 0.0478396 0.0791016 0.00679779
0 0.318931 0.393677 0.121714 0.195068 0.00679779
0 0.0816039 0.49707 0.0730612 0.136719 0.00679779
0 0.330972 0.374512 0.113904 0.179688 0.00595856
0 0.29615 0.447754 0.10349 0.209961 0.00577545
0 0.188429 0.313721 0.229109 0.187988 0.00492477
0 0.0856313 0.515625 0.0747697 0.123047 0.00391388
0 0.0359611 0.467773 0.0543484 0.09375 0.00370789
0 0.308598 0.438965 0.120901 0.243164 0.0036068
0 0.15853 0.298096 0.188674 0.147949 0.00317192
0 0.589696 0.402466 0.186151 0.202881 0.00254059
0 0.351475 0.384277 0.117158 0.170898 0.0024929
0 0.120779 0.402832 0.212756 0.367188 0.00205803
0 0.682121 0.518555 0.635258 0.962891 0.00195694
0 0.299404 0.484375 0.0937266 0.124023 0.00192642
0 0.309168 0.470703 0.110649 0.181641 0.00178242
0 0.687328 0.412109 0.426977 0.712891 0.00174809
0 0.363841 0.428223 0.128874 0.233398 0.00147247
0 0.702787 0.532715 0.422095 0.90332 0.00146103
0 0.704902 0.792969 0.446503 0.396484 0.00142097
0 0.649577 0.807129 0.325439 0.360352 0.00138283
0 0.30331 0.376465 0.100886 0.248047 0.00133514
0 0.564312 0.428833 0.144495 0.191162 0.00128937
0 0.590347 0.369141 0.193962 0.27832 0.00125504
0 0.0322999 0.516602 0.0489786 0.0908203 0.00124454
0 0.587744 0.335938 0.316327 0.500977 0.00119209
0 0.608572 0.716309 0.21479 0.545898 0.0011692
0 0.809693 0.716797 0.14059 0.265625 0.0011425
0 0.810995 0.65625 0.130176 0.25 0.00112915
0 0.741839 0.708984 0.468958 0.574219 0.0011158
0 0.0398663 0.435669 0.0676914 0.17749 0.00100803
0 0.702298 0.285706 0.480349 0.496948 0.00100422
0 0.194613 0.392578 0.290292 0.371094 0.625977
0 0.159303 0.447754 0.217719 0.269531 0.0499573
0 0.1388 0.325195 0.13701 0.123047 0.0481262
0 0.274752 0.4375 0.137824 0.248047 0.0189819
0 0.0764783 0.277832 0.0462124 0.0751953 0.0174408
0 0.294523 0.456909 0.0982827 0.193604 0.0134811
0 0.186965 0.306396 0.223577 0.17041 0.0127716
0 0.182287 0.360352 0.226425 0.283203 0.00717545
0 0.15735 0.300293 0.187779 0.149414 0.00712204
0 0.594252 0.404175 0.183548 0.195557 0.00709534
0 0.298103 0.488281 0.0872178 0.126953 0.00391388
0 0.320883 0.395996 0.141241 0.210938 0.00379562
0 0.339108 0.374512 0.127572 0.178711 0.00370789
0 0.559756 0.421875 0.131478 0.206055 0.00322342
0 0.583188 0.374878 0.193962 0.283447 0.0029583
0 0.596368 0.709473 0.252216 0.540039 0.00283432
0 0.0782682 0.48584 0.0680168 0.126953 0.00279045
0 0.592951 0.345215 0.195264 0.388672 0.00265312
0 0.356356 0.366211 0.114555 0.166016 0.00215721
0 0.605968 0.589844 0.229109 0.777344 0.00205803
0 0.173785 0.28833 0.139939 0.150879 0.00191212
0 0.692535 0.509766 0.533721 0.980469 0.00191212
0 0.311771 0.446777 0.124969 0.220703 0.00182438
0 0.0410054 0.460449 0.0585791 0.0947266 0.00174809
0 0.585954 0.437988 0.184524 0.268555 0.0017271
0 0.575377 0.26709 0.229109 0.483398 0.00155449
0 0.123016 0.354492 0.17769 0.263672 0.00148964
0 0.0859567 0.512695 0.0721662 0.123047 0.00142097
0 0.115531 0.280273 0.106744 0.146484 0.00140476
0 0.517774 0.297607 0.336504 0.441895 0.00127411
0 0.304611 0.37207 0.0976318 0.238281 0.00117397
0 0.113416 0.383789 0.193636 0.375 0.0011692
0 0.0423885 0.272461 0.0740375 0.0947266 0.00112438
0 0.0753392 0.260498 0.0699695 0.106934 0.00111198
0 0.197379 0.294189 0.153933 0.165527 0.00109482
0 0.0318117 0.23877 0.0528839 0.0839844 0.00109005
0 0.540555 0.452026 0.100886 0.242432 0.00105286
0 0.617196 0.758789 0.236594 0.443359 0.00102425
0 0.192335 0.392578 0.291594 0.374023 0.662109
0 0.164388 0.431519 0.229679 0.304932 0.27124
0 0.153567 0.471191 0.204457 0.225586 0.191895
0 0.296801 0.481934 0.0956792 0.147461 0.0830078
0 0.156252 0.324951 0.17891 0.13916 0.0661011
0 0.276949 0.443359 0.134081 0.230469 0.0618896
0 0.301682 0.496094 0.0872178 0.107422 0.0420837
0 0.191399 0.366455 0.235537 0.291504 0.033783
0 0.189121 0.31543 0.229679 0.19043 0.0176392
0 0.287607 0.413086 0.134244 0.233398 0.0106506
0 0.289641 0.462769 0.108046 0.187744 0.00993347
0 0.0785936 0.279297 0.048165 0.078125 0.00948334
0 0.588395 0.413574 0.18485 0.177734 0.00751877
0 0.329996 0.395386 0.126271 0.19751 0.00664139
0 0.0811158 0.487793 0.0668778 0.12793 0.00658798
0 0.313724 0.483398 0.113253 0.152344 0.00572968
0 0.34464 0.374512 0.119111 0.171875 0.00524139
0 0.157553 0.298828 0.198437 0.151367 0.00445175
0 0.588395 0.443359 0.175737 0.131836 0.00439835
0 0.621589 0.918945 0.229109 0.150391 0.0037365
0 0.089984 0.514648 0.07778 0.126953 0.00335121
0 0.587744 0.362549 0.19266 0.277832 0.00323486
0 0.0424699 0.46582 0.0608572 0.0898438 0.00279999
0 0.360587 0.385254 0.104141 0.177734 0.00255013
0 0.673172 0.508789 0.653157 0.982422 0.00212479
0 0.60727 0.457031 0.141892 0.0996094 0.00210762
0 0.677565 0.381836 0.430882 0.685547 0.00156689
0 0.582537 0.45459 0.177039 0.220703 0.00154305
0 0.686026 0.529175 0.387924 0.912354 0.00152493
0 0.604016 0.896484 0.300706 0.195312 0.00152493
0 0.170856 0.282715 0.141892 0.139648 0.00139904
0 0.374906 0.430664 0.102839 0.232422 0.00133514
0 0.545111 0.885986 0.42242 0.228027 0.00123024
0 0.712224 0.271484 0.522981 0.498047 0.0012207
0 0.233503 0.460449 0.181921 0.201172 0.00117874
0 0.591649 0.480469 0.171832 0.171875 0.00117397
0 0.112927 0.399536 0.172808 0.327881 0.00112438
0 0.619799 0.797852 0.21837 0.380859 0.00112057
0 0.618986 0.713867 0.231713 0.541016 0.0011158
0 0.652181 0.75 0.505082 0.490234 0.0011034
0 0.577655 0.281982 0.227157 0.436035 0.00103664
0 0.568868 0.341064 0.256446 0.384277 0.00102425
0 0.195752 0.394531 0.288665 0.361328 0.733398
0 0.148767 0.449219 0.199738 0.259766 0.0632324
0 0.294116 0.473633 0.0964928 0.166992 0.0368958
0 0.273369 0.441895 0.138637 0.243164 0.036499
0 0.187616 0.360352 0.219672 0.280273 0.0272217
0 0.14661 0.330078 0.168903 0.193359 0.0192413
0 0.184036 0.321289 0.213163 0.203125 0.0167847
0 0.298753 0.5 0.0846143 0.101562 0.0123367
0 0.321534 0.40332 0.128223 0.211914 0.00769424
0 0.0782682 0.278809 0.0488159 0.078125 0.00763702
0 0.338457 0.378418 0.110649 0.169922 0.00664139
0 0.0800581 0.487305 0.0693186 0.138672 0.00500107
0 0.0442598 0.461914 0.0618335 0.09375 0.00413513
0 0.31112 0.456909 0.121063 0.213135 0.00400543
0 0.143031 0.297852 0.159465 0.150391 0.00378036
0 0.591649 0.413208 0.183548 0.171631 0.00352478
0 0.0858753 0.509766 0.0742816 0.126953 0.00290108
0 0.310469 0.496094 0.109348 0.137695 0.00284576
0 0.581235 0.392578 0.175737 0.226562 0.00220871
0 0.352125 0.39209 0.113253 0.1875 0.00186729
0 0.57017 0.426758 0.154909 0.194336 0.00179577
0 0.17411 0.288818 0.1484 0.150879 0.0017004
0 0.0433648 0.513672 0.0610199 0.09375 0.00140476
0 0.590835 0.35376 0.192986 0.29248 0.00133514
0 0.603365 0.453613 0.154909 0.110352 0.00127888
0 0.58514 0.452637 0.183548 0.226562 0.00112915
0 0.365469 0.437622 0.141241 0.263428 0.00107765
0 0.191074 0.389526 0.307784 0.375244 0.731934
0 0.148726 0.450684 0.199169 0.262695 0.0497742
0 0.275403 0.442871 0.13522 0.241211 0.0231934
0 0.29615 0.463013 0.0950283 0.189209 0.0187683
0 0.175575 0.391113 0.242452 0.31543 0.00806427
0 0.299079 0.496094 0.0872178 0.114258 0.00658798
0 0.184524 0.348633 0.212837 0.255859 0.00482941
0 0.226343 0.409302 0.232689 0.316162 0.00400543
0 0.318605 0.401855 0.124318 0.216797 0.00331116
0 0.334552 0.381714 0.110649 0.183838 0.00317192
0 0.0758274 0.487305 0.0637861 0.147461 0.00298119
0 0.188755 0.453125 0.273369 0.250977 0.00279999
0 0.042063 0.462891 0.0597181 0.107422 0.00243378
0 0.0892111 0.505371 0.0819294 0.145508 0.00239754
0 0.0751765 0.278809 0.0445852 0.0732422 0.00234222
0 0.31112 0.489746 0.106744 0.141602 0.00186062
0 0.593764 0.708008 0.231387 0.578125 0.00136662
0 0.588232 0.416504 0.185175 0.206055 0.00113392
0 0.192823 0.393677 0.306889 0.37085 0.775879
0 0.149011 0.462769 0.195996 0.240479 0.0497742
0 0.279227 0.443237 0.132779 0.234619 0.0252228
0 0.29737 0.463379 0.095191 0.188477 0.021698
0 0.1484 0.352051 0.171832 0.216797 0.0177765
0 0.300055 0.495117 0.0885195 0.117188 0.00760651
0 0.0770478 0.490234 0.0626471 0.132812 0.00609589
0 0.322836 0.404785 0.121063 0.214844 0.00432968
0 0.0761528 0.277588 0.0452361 0.0732422 0.0042305
0 0.042063 0.463379 0.0576028 0.0947266 0.00407028
0 0.336504 0.382812 0.110649 0.179688 0.00367928
0 0.234805 0.413086 0.219672 0.301758 0.00362206
0 0.180131 0.335449 0.206003 0.229492 0.00356483
0 0.18908 0.452637 0.278576 0.25293 0.00337601
0 0.0888857 0.510254 0.0780241 0.135742 0.00336266
0 0.311446 0.456909 0.115206 0.213135 0.00325966
0 0.590998 0.415039 0.187453 0.177734 0.00292397
0 0.311771 0.486328 0.106744 0.151367 0.00233269
0 0.147261 0.300293 0.16695 0.154297 0.00144386
0 0.570495 0.428223 0.154258 0.192383 0.00136662
0 0.596856 0.703613 0.226506 0.577148 0.0012207
0 0.591161 0.356934 0.194938 0.283203 0.0012064
0 0.0387273 0.511719 0.0530466 0.09375 0.00117397
0 0.355705 0.374756 0.110649 0.17627 0.00115108
0 0.583838 0.459473 0.182246 0.25 0.00113773
0 0.107395 0.404785 0.160116 0.342773 0.00106525
0 0.192823 0.393677 0.306889 0.37085 0.775879
0 0.148889 0.462769 0.195915 0.240479 0.049408
0 0.279227 0.443237 0.132779 0.234619 0.0250397
0 0.29737 0.463379 0.095191 0.188477 0.0216217
0 0.14779 0.351562 0.170449 0.21582 0.0178528
0 0.300055 0.495117 0.0885195 0.117188 0.00757599
0 0.0770478 0.489746 0.0626471 0.132812 0.00612259
0 0.322836 0.404785 0.121063 0.214844 0.00429916
0 0.0761528 0.277588 0.0452361 0.0732422 0.00426483
0 0.042063 0.463867 0.0576028 0.0957031 0.00408554
0 0.336504 0.382812 0.110649 0.179688 0.00366402
0 0.234642 0.413086 0.219997 0.301758 0.00359344
0 0.180009 0.335449 0.206247 0.229492 0.00353813
0 0.088845 0.510254 0.0781055 0.135742 0.00337601
0 0.189243 0.452637 0.278902 0.253906 0.00335121
0 0.311446 0.456909 0.115206 0.213135 0.00324821
0 0.590998 0.415039 0.187453 0.177734 0.00291252
0 0.311771 0.486328 0.106744 0.151367 0.00232315
0 0.147099 0.300049 0.166625 0.153809 0.00144386
0 0.570495 0.428589 0.154258 0.19165 0.00137234
0 0.596856 0.703125 0.226506 0.578125 0.00122547
0 0.591161 0.356689 0.194938 0.282715 0.0012064
0 0.0388087 0.511719 0.0528839 0.09375 0.00118351
0 0.355705 0.374756 0.110649 0.17627 0.00115108
0 0.583838 0.459473 0.182246 0.25 0.00113392
0 0.107436 0.405396 0.160686 0.343506 0.00106525
