0 0.206014 0.600291 0.358383 0.522287 0.564941
0 0.209084 0.471899 0.355475 0.627907 0.546875
0 0.210417 0.667636 0.328249 0.428295 0.179565
0 0.238976 0.624516 0.279532 0.458333 0.127197
0 0.225565 0.388081 0.341256 0.392442 0.0621033
0 0.11973 0.661095 0.158671 0.484012 0.0437012
0 0.209245 0.732316 0.316373 0.310562 0.0322266
0 0.275008 0.406008 0.226211 0.521318 0.0275269
0 0.0992098 0.67999 0.116337 0.477229 0.02211
0 0.317261 0.625 0.536605 0.54845 0.02034
0 0.117993 0.486434 0.144694 0.457364 0.014389
0 0.220435 0.372093 0.300457 0.275194 0.0141754
0 0.249721 0.531492 0.366624 0.743217 0.0124283
0 0.5 0.5 1 1 0.0106125
0 0.361857 0.48595 0.232836 0.971899 0.00971222
0 0.849908 0.592054 0.271453 0.79845 0.00937653
0 0.5 0.5 1 1 0.00933838
0 0.5 0.5 1 1 0.00923157
0 0.492494 0.48595 0.381328 0.971899 0.00815582
0 0.5 0.5 1 1 0.00803375
0 0.690017 0.5 0.619965 1 0.00803375
0 0.824452 0.5 0.351097 1 0.00796509
0 0.5 0.5 1 1 0.00772476
0 0.387144 0.5 0.774289 1 0.00706482
0 0.417521 0.5 0.835043 1 0.0069046
0 0.5 0.5 1 1 0.0068779
0 0.5 0.5 1 1 0.00674438
0 0.576266 0.5 0.847469 1 0.00651169
0 0.105633 0.821705 0.127405 0.189923 0.00629044
0 0.500646 0.5 0.998707 1 0.00595856
0 0.5 0.5 1 1 0.00575256
0 0.5 0.5 1 1 0.00568771
0 0.314434 0.458454 0.486677 0.858285 0.00548935
0 0.285026 0.626454 0.170628 0.431202 0.00534439
0 0.5 0.504845 1 0.99031 0.00527954
0 0.5 0.5 1 1 0.00518036
0 0.857018 0.740552 0.263698 0.464632 0.00496292
0 0.0877376 0.643411 0.0875761 0.455426 0.00443268
0 0.5 0.497093 1 0.994186 0.00424957
0 0.122316 0.806202 0.159964 0.217054 0.00392914
0 0.5 0.5 1 1 0.00376511
0 0.754899 0.557292 0.480861 0.858285 0.00356483
0 0.364604 0.567829 0.556964 0.786822 0.00329781
0 0.0920599 0.536822 0.0905653 0.28876 0.00324821
0 0.906784 0.229651 0.155116 0.241279 0.00298119
0 0.495079 0.643411 0.422692 0.713178 0.00282288
0 0.839963 0.52798 0.320074 0.926599 0.00277901
0 0.898382 0.19186 0.180969 0.322674 0.00263214
0 0.300538 0.734738 0.0988866 0.224322 0.00239754
0 0.0963418 0.497093 0.092989 0.232558 0.00217438
0 0.196804 0.541667 0.358706 0.647287 0.758301
0 0.266283 0.548934 0.506067 0.698643 0.0701904
0 0.1207 0.703731 0.21684 0.449128 0.055603
0 0.182908 0.666909 0.324452 0.468508 0.0347595
0 0.147401 0.738372 0.235179 0.337209 0.0258636
0 0.116337 0.803295 0.172567 0.218992 0.0117798
0 0.5 0.472868 1 0.945736 0.0111618
0 0.635727 0.432171 0.728547 0.864341 0.0108185
0 0.5 0.5 1 1 0.0103683
0 0.0767502 0.705669 0.124416 0.445252 0.01017
0 0.429801 0.444767 0.859603 0.889535 0.0100937
0 0.565117 0.5 0.869767 1 0.00985718
0 0.381004 0.00763081 0.762009 0.0152616 0.00952148
0 0.671274 0.700824 0.657452 0.598353 0.00945282
0 0.486677 0.5 0.973355 1 0.00926971
0 0.687432 0.591328 0.625136 0.817345 0.00923157
0 0.741077 0.725291 0.517847 0.549419 0.00901794
0 0.629264 0.5 0.741473 1 0.00837708
0 0.5 0 1 0 0.00800323
0 0.699389 0.301841 0.601222 0.603682 0.00784302
0 0.213891 0.341085 0.293509 0.282946 0.00754929
0 0.780502 0.785853 0.438996 0.428295 0.00743103
0 0.669174 0.5 0.661653 1 0.00706482
0 0.0811129 0.781008 0.108905 0.275194 0.00703812
0 0.849012 0.803295 0.301977 0.393411 0.0068512
0 0.530862 0.5 0.938277 1 0.00677109
0 0.537971 0 0.924058 0 0.00651169
0 0.30797 0.5 0.615941 1 0.00641251
0 0.46955 0.982074 0.802081 0.0358527 0.00641251
0 0.708276 0.938954 0.583448 0.122093 0.00638962
0 0.22201 0.00205911 0.44402 0.00411822 0.00626373
0 0.63508 0.929264 0.729839 0.141473 0.006073
0 0.82833 0.959302 0.343341 0.0813954 0.00566483
0 0.5 0.5 1 1 0.00551224
0 0.218779 0.690892 0.261759 0.360465 0.00540543
0 0.447575 0.536822 0.89515 0.926357 0.00540543
0 0.653177 0.00218023 0.693645 0.00436047 0.00530243
0 0.585152 0.57655 0.829695 0.846899 0.00518036
0 0.105511 0.531977 0.141867 0.313954 0.00511932
0 0.481507 0.747093 0.774289 0.505814 0.00500107
0 0.0866066 0.829457 0.0998561 0.166667 0.00486755
0 0.50711 0.637839 0.985781 0.724322 0.00479126
0 0.5 0.5 1 1 0.00468063
0 0.368401 1 0.736802 0 0.00448608
0 0.373895 0.713178 0.74779 0.573643 0.00443268
0 0.193895 0.511628 0.387791 0.726744 0.00408554
0 0.237199 0.446221 0.280502 0.508721 0.00391388
0 0.92657 0.994186 0.14686 0.0116279 0.0037365
0 0.5 0.5 1 1 0.0037365
0 0.255457 0.640988 0.510914 0.718023 0.00365067
0 0.717413 0.489462 0.559711 0.974564 0.991699
0 0.194542 0.515504 0.389083 0.629845 0.98584
0 0.666354 0.606589 0.626928 0.709302 0.974121
0 0.739226 0.736434 0.507036 0.46124 0.544922
0 0.774289 0.423329 0.414936 0.80063 0.381104
0 0.774127 0.29845 0.411381 0.593992 0.213379
0 0.708438 0.329942 0.583125 0.659884 0.157104
0 0.659317 0.712209 0.681365 0.552326 0.105225
0 0.611578 0.424903 0.764917 0.805233 0.0783691
0 0.198096 0.614341 0.365816 0.492248 0.0690308
0 0.775655 0.581395 0.448691 0.77907 0.0527039
0 0.576589 0.329942 0.846823 0.659884 0.0428772
0 0.342548 0.518411 0.661829 0.676357 0.0344238
0 0.611578 0.781008 0.568437 0.434109 0.026062
0 0.554541 0.728682 0.461471 0.540698 0.0247498
0 0.527395 0.483527 0.788508 0.967054 0.0233307
0 0.211346 0.420058 0.372925 0.444767 0.0227661
0 0.726534 0.251211 0.546931 0.502423 0.0204163
0 0.697773 0.557655 0.604454 0.88469 0.0200958
0 0.571022 0.623547 0.495726 0.704457 0.0191956
0 0.374864 0.953004 0.0659244 0.0939922 0.0178528
0 0.776624 0.207849 0.446752 0.400194 0.016922
0 0.637666 0.554506 0.724669 0.890988 0.0162201
0 0.317665 0.410853 0.595259 0.75969 0.0157776
0 0.417845 0.501817 0.551309 0.812258 0.0138474
0 0.498957 0.578488 0.672171 0.80814 0.0131683
0 0.222495 0.415577 0.410735 0.748304 0.01297
0 0.405241 0.5 0.497665 1 0.0125275
0 0.620538 0.25751 0.758923 0.515019 0.0121002
0 0.821866 0.567345 0.356267 0.86531 0.0108185
0 0.628294 0.707364 0.743412 0.585271 0.0106506
0 0.399424 0.343023 0.754899 0.651163 0.0105286
0 0.23526 0.474322 0.311525 0.549419 0.0104065
0 0.605511 0.5 0.788977 1 0.00926971
0 0.242369 0.369186 0.283087 0.348837 0.00919342
0 0.763051 0.233769 0.473897 0.467539 0.0091629
0 0.40718 0.366279 0.277917 0.29845 0.0088501
0 0.283087 0.542636 0.566174 0.655039 0.00772476
0 0.816696 0.511507 0.366609 0.965359 0.00656509
0 0.70359 0.753876 0.59282 0.45155 0.00651169
0 0.351516 0.678295 0.611578 0.641473 0.00588989
0 0.81436 0.181686 0.359353 0.346899 0.00577545
0 0.335439 0.692587 0.670878 0.614826 0.00564194
0 0.182262 0.382267 0.283087 0.380814 0.00547028
0 0.32122 0.508236 0.64244 0.983527 0.00527954
0 0.11973 0.748062 0.194865 0.319767 0.00526047
0 0.164003 0.729651 0.286642 0.335271 0.00519943
0 0.407827 0.333818 0.327037 0.375 0.00488663
0 0.245601 0.332364 0.237845 0.232558 0.00441742
0 0.756427 0.647771 0.487147 0.704457 0.00431442
0 0.211669 0.530523 0.392961 0.65407 0.88916
0 0.195834 0.614826 0.381328 0.530039 0.0794678
0 0.254326 0.498062 0.258527 0.567829 0.0658569
0 0.638562 0.486434 0.719998 0.972868 0.0514526
0 0.218173 0.460756 0.319847 0.514535 0.0326538
0 0.140089 0.714874 0.249802 0.419089 0.0298767
0 0.733482 1 0.533035 0 0.0294189
0 0.310152 0.516473 0.588311 0.641473 0.0268555
0 0.113146 0.728682 0.188644 0.377907 0.024231
0 0.188886 0.676114 0.33964 0.465601 0.0235138
0 0.0820016 0.832364 0.100987 0.166667 0.0190125
0 0.2578 0.584787 0.256103 0.481589 0.0183411
0 0.709657 0.53767 0.57393 0.83939 0.0171814
0 0.372925 0.965116 0.0659244 0.0697674 0.0164032
0 0.765887 0.647045 0.449837 0.632267 0.0154266
0 0.0807897 0.856589 0.085314 0.125969 0.014389
0 0.687521 0.315891 0.589765 0.629845 0.0141144
0 0.10535 0.775194 0.1535 0.282946 0.014061
0 0.627575 0.637355 0.664415 0.643895 0.0134277
0 0.304416 0.645349 0.608831 0.709302 0.0127716
0 0.763786 0.249516 0.460501 0.499031 0.0126266
0 0.725565 0.945252 0.54887 0.109496 0.0116425
0 0.205852 0.454457 0.411704 0.908915 0.0113754
0 0.330915 1 0.661829 0 0.0107803
0 0.311525 0.873062 0.62305 0.253876 0.0106964
0 0.373895 0.564922 0.495726 0.757752 0.0101318
0 0.0420107 0.718023 0.0646318 0.151163 0.0100098
0 0.218779 0.362403 0.326391 0.294574 0.00993347
0 0.621185 1 0.757631 0 0.00967407
0 0.842799 0.685078 0.297306 0.55814 0.00952148
0 0.351274 0.981589 0.702547 0.0368217 0.00905609
0 0.411058 0.427326 0.780752 0.844961 0.008255
0 0.609228 1 0.781545 0 0.00800323
0 0.562297 0.486434 0.672171 0.794574 0.00787354
0 0.274362 0.637355 0.211346 0.403585 0.00784302
0 0.438204 1 0.811775 0 0.00701141
0 0.854829 1 0.290343 0 0.00674438
0 0.400717 0.952519 0.801434 0.0949612 0.00624084
0 0.406534 0.661822 0.813068 0.676357 0.00621796
0 0.495726 0.584302 0.444667 0.72093 0.00609589
0 0.970519 0.724806 0.0589612 0.523256 0.00588989
0 0.732924 0.412791 0.529981 0.825581 0.005867
0 0.299892 0.707607 0.1228 0.255329 0.00582123
0 0.615295 0.367248 0.763948 0.72093 0.00561905
0 0.34675 0.616279 0.632745 0.767442 0.00559998
0 0.82122 0.922965 0.35756 0.15407 0.00544739
0 0.296983 0.663033 0.153177 0.340601 0.00534439
0 0.889083 0.682171 0.221833 0.577519 0.00527954
0 0.715547 0 0.568906 0 0.00526047
0 0.749317 0.678295 0.501366 0.643411 0.00521851
0 0.200843 0.525194 0.370017 0.664729 0.871094
0 0.196157 0.659157 0.368401 0.480136 0.381104
0 0.597198 0.492248 0.793678 0.984496 0.307373
0 0.701328 0.5 0.597344 1 0.210083
0 0.786804 0.488372 0.426393 0.976744 0.161377
0 0.559146 0.602713 0.647449 0.794574 0.145142
0 0.214739 0.465116 0.333177 0.501938 0.126831
0 0.569406 0.357558 0.83375 0.715116 0.093689
0 0.692853 0.416667 0.604954 0.833333 0.0738525
0 0.862188 0.487403 0.261112 0.974806 0.0630493
0 0.467934 0.48062 0.829872 0.96124 0.062439
0 0.37745 0.96124 0.0607539 0.0775194 0.0605164
0 0.252064 0.439922 0.280502 0.44186 0.0579224
0 0.679926 0.575097 0.628221 0.843992 0.0517578
0 0.92682 0.540819 0.131849 0.858285 0.0359497
0 0.857018 0.174176 0.268868 0.348353 0.0208893
0 0.729047 0.1875 0.345134 0.360465 0.0192719
0 0.717413 0.294453 0.336085 0.420785 0.0185852
0 0.688329 0.801357 0.336085 0.377907 0.0181274
0 0.837628 0.364341 0.292136 0.625969 0.0157776
0 0.345134 0.506783 0.0749729 0.141473 0.0157776
0 0.196804 0.707122 0.34061 0.34157 0.0149002
0 0.876407 0.282219 0.230089 0.564438 0.0146179
0 0.269191 0.516957 0.538383 0.648256 0.0132217
0 0.868651 0.362888 0.243016 0.725775 0.01297
0 0.655205 0.707364 0.659567 0.583333 0.0122375
0 0.548724 0.953488 0.124093 0.0891473 0.0115051
0 0.73147 0.594961 0.326067 0.511628 0.0112
0 0.663122 0.708333 0.386498 0.534884 0.0111618
0 0.676049 0.323643 0.37745 0.465116 0.0108185
0 0.818885 0.617733 0.346426 0.547481 0.0102463
0 0.746893 0.318798 0.506213 0.637597 0.00981903
0 0.771938 0.354167 0.456124 0.708333 0.00971222
0 0.582332 0.932171 0.239138 0.135659 0.00941467
0 0.614002 0.929264 0.355475 0.139535 0.00898743
0 0.595905 0.479651 0.439496 0.385659 0.00894928
0 0.642602 0.265019 0.395223 0.487403 0.00878143
0 0.921649 0.376938 0.139605 0.668605 0.00857544
0 0.655528 0.204942 0.348689 0.39438 0.00847626
0 0.181252 0.395349 0.279936 0.354651 0.00841522
0 0.792386 0.309109 0.374864 0.436047 0.00828552
0 0.719352 0.338178 0.25982 0.370155 0.00806427
0 0.213325 0.632752 0.330188 0.370155 0.00793457
0 0.697377 0.45155 0.296014 0.292636 0.00769424
0 0.652135 0.85562 0.354182 0.286822 0.00763702
0 0.643483 0.464632 0.713035 0.929264 0.00760651
0 0.354829 0.465601 0.709657 0.628876 0.00757599
0 0.627575 0.397287 0.438204 0.457364 0.00751877
0 0.841506 0.743217 0.292136 0.482558 0.00712204
0 0.90226 0.34157 0.182262 0.68314 0.00701141
0 0.189856 0.575097 0.379712 0.714147 0.856934
0 0.198743 0.490795 0.367755 0.520349 0.39502
0 0.72605 0.375 0.547901 0.75 0.346924
0 0.192926 0.704457 0.362584 0.496124 0.330322
0 0.667 0.498062 0.655366 0.996124 0.309814
0 0.763698 0.283067 0.472605 0.557897 0.150024
0 0.789154 0.628876 0.418814 0.74031 0.122314
0 0.813068 0.190407 0.349012 0.380814 0.092041
0 0.762493 0.494186 0.468257 0.988372 0.0846558
0 0.705941 0.617248 0.576192 0.765504 0.0828247
0 0.701901 0.214147 0.297306 0.422481 0.0739746
0 0.580232 0.693314 0.605277 0.613372 0.0456848
0 0.794075 0.219477 0.411851 0.438954 0.0375366
0 0.377126 0.969477 0.0504128 0.0610465 0.0375366
0 0.214739 0.437984 0.304739 0.437985 0.0369873
0 0.494433 0.744428 0.378742 0.511143 0.0282135
0 0.465995 0.620155 0.688975 0.74031 0.0278473
0 0.8777 0.17345 0.232674 0.346899 0.0256653
0 0.665707 0.466085 0.40201 0.647287 0.02211
0 0.206175 0.380814 0.313464 0.303295 0.0192719
0 0.776624 0.257752 0.446752 0.515504 0.0174408
0 0.295044 0.57655 0.590088 0.76938 0.0171814
0 0.740034 0.190891 0.392961 0.375969 0.0165253
0 0.590735 0.49031 0.35806 0.565892 0.0165253
0 0.529657 0.623062 0.323805 0.52907 0.013588
0 0.566498 0.567829 0.322513 0.531008 0.0135345
0 0.664253 0.234496 0.240753 0.439923 0.0133286
0 0.661095 0.296633 0.677811 0.569525 0.0132217
0 0.805708 0.714874 0.388583 0.550872 0.012825
0 0.701255 0.593992 0.380035 0.69186 0.0124283
0 0.710788 0.361555 0.35192 0.571463 0.0119629
0 0.433033 0.464147 0.756192 0.928295 0.0115967
0 0.574011 0.400678 0.661668 0.801357 0.0106125
0 0.924881 0.238372 0.133141 0.476744 0.0100098
0 0.547108 0.73062 0.294075 0.53876 0.0100098
0 0.261436 0.359496 0.228797 0.30814 0.00978088
0 0.486677 0.900194 0.381328 0.199612 0.00978088
0 0.0761039 0.547481 0.136696 0.397287 0.00941467
0 0.570052 0.415213 0.317988 0.516473 0.00912476
0 0.844091 0.267926 0.285672 0.535853 0.0085144
0 0.803769 0.815891 0.392461 0.360465 0.00831604
0 0.780179 0.422481 0.439642 0.844961 0.00828552
0 0.555187 0.515019 0.270161 0.363372 0.008255
0 0.291813 0.311047 0.100826 0.186047 0.00723267
0 0.815007 0.341933 0.355475 0.616521 0.00723267
0 0.913893 0.174903 0.149946 0.349806 0.0068512
0 0.897089 0.27907 0.193895 0.55814 0.00664139
0 0.70359 0.252665 0.59282 0.505329 0.0064621
0 0.0794971 0.714147 0.134434 0.377907 0.00612259
0 0.325744 0.376454 0.173213 0.364341 0.00566483
0 0.201651 0.53343 0.372925 0.646318 0.884766
0 0.666104 0.48595 0.667793 0.971899 0.743164
0 0.776139 0.489341 0.447721 0.978682 0.265137
0 0.681292 0.602713 0.637416 0.794574 0.15979
0 0.743912 0.207364 0.396839 0.414729 0.0656128
0 0.829622 0.613372 0.340756 0.773256 0.0570679
0 0.732674 0.667151 0.534651 0.665698 0.0397034
0 0.78438 0.305717 0.43124 0.611434 0.0389099
0 0.603499 0.745155 0.589765 0.50969 0.0255127
0 0.85831 0.689438 0.274039 0.621124 0.0240021
0 0.540322 0.753876 0.396839 0.492248 0.0159607
0 0.237845 0.513566 0.294075 0.531008 0.0123367
0 0.774289 0.794331 0.35289 0.388081 0.0123367
0 0.762009 0.757994 0.28438 0.45688 0.0108185
0 0.825348 0.738614 0.319281 0.503391 0.0106506
0 0.19131 0.647529 0.364523 0.487888 0.0100098
0 0.787861 0.850775 0.368401 0.294574 0.0088501
0 0.517701 0.905039 0.479568 0.189922 0.0085144
0 0.792782 0.220082 0.414436 0.340843 0.00844574
0 0.73551 0.707607 0.274039 0.553779 0.00818634
0 0.775581 0.712209 0.180969 0.525194 0.00818634
0 0.711111 0.222384 0.307324 0.364341 0.00737381
0 0.590896 0.78876 0.397809 0.418605 0.00712204
0 0.506067 0.879845 0.386498 0.24031 0.00703812
0 0.521578 0.920543 0.373572 0.158915 0.00695801
0 0.670232 0.744428 0.394254 0.491764 0.0069313
0 0.88998 0.202398 0.208114 0.383963 0.0068512
0 0.820824 0.647045 0.188725 0.702035 0.00669098
0 0.851597 0.192829 0.296806 0.385659 0.00636292
0 0.876407 0.447674 0.227504 0.668605 0.00634003
0 0.769118 0.619186 0.180969 0.697674 0.00634003
0 0.191633 0.715359 0.342548 0.375484 0.00609589
0 0.557449 0.730862 0.299245 0.468508 0.006073
0 0.682512 0.491279 0.336085 0.649225 0.00595856
0 0.933356 0.664244 0.133288 0.671512 0.00593567
0 0.725169 0.593992 0.248186 0.655039 0.00591278
0 0.441435 0.623547 0.719998 0.704457 0.00588989
0 0.619173 0.924419 0.380035 0.151163 0.00577545
0 0.326067 0.597868 0.632745 0.718992 0.00577545
0 0.919064 0.333818 0.14736 0.440892 0.00536346
0 0.743339 0.399709 0.513323 0.799419 0.00536346
0 0.616749 0.934109 0.286642 0.131783 0.00527954
0 0.912601 0.451429 0.174506 0.726986 0.00498199
0 0.192118 0.495155 0.322836 0.505814 0.00486755
0 0.557772 0.653101 0.277917 0.375969 0.00469971
0 0.527719 0.676599 0.392315 0.414244 0.00469971
0 0.278482 0.54845 0.209569 0.534884 0.0046463
0 0.678795 0.679264 0.338347 0.594961 0.00452042
0 0.685259 0.258842 0.255619 0.323401 0.00446701
0 0.54937 0.447674 0.734217 0.895349 0.00439835
0 0.211346 0.561047 0.371633 0.676357 0.82373
0 0.652781 0.490795 0.677341 0.981589 0.811035
0 0.718059 0.387597 0.554541 0.771318 0.137085
0 0.217163 0.462209 0.369694 0.515504 0.136841
0 0.76007 0.19501 0.474397 0.390019 0.11084
0 0.697377 0.233527 0.585564 0.467054 0.0894775
0 0.628867 0.692829 0.73551 0.600775 0.0639648
0 0.379389 0.97093 0.0529981 0.0542636 0.0460205
0 0.714666 0.652859 0.558742 0.674903 0.035553
0 0.775581 0.484496 0.436911 0.95155 0.0266113
0 0.539029 0.729651 0.539029 0.532946 0.02034
0 0.732674 0.576308 0.534651 0.847384 0.0188293
0 0.373895 0.965116 0.0678634 0.0658915 0.0102463
0 0.930698 0.183261 0.116337 0.358285 0.01017
0 0.677987 0.592781 0.582979 0.814438 0.00978088
0 0.941039 0.243338 0.095655 0.243944 0.00912476
0 0.476659 0.67999 0.41946 0.640019 0.00844574
0 0.943624 0.258842 0.0930698 0.360223 0.00698471
0 0.405241 0.352713 0.196481 0.331395 0.0069046
0 0.437557 0.324612 0.253357 0.416667 0.0064888
0 0.832207 0.490189 0.335585 0.965359 0.00605011
0 0.819281 0.214995 0.361438 0.323886 0.00595856
0 0.266849 0.573643 0.512045 0.71124 0.005867
0 0.20359 0.379845 0.373572 0.341085 0.00551224
0 0.887394 0.191013 0.202944 0.366037 0.00511932
0 0.903552 0.241158 0.165457 0.228924 0.00446701
0 0.94427 0.338178 0.0943624 0.567829 0.00426483
0 0.434972 0.386628 0.208114 0.286822 0.00413513
0 0.190987 0.668605 0.380035 0.457364 0.00402451
0 0.850554 0.819768 0.261112 0.232558 0.00385475
0 0.93199 0.387476 0.121508 0.523498 0.00382423
0 0.300619 0.338663 0.109712 0.275194 0.00370789
0 0.294398 0.318798 0.0943624 0.222868 0.00338936
0 0.341902 0.339632 0.137019 0.300388 0.00336266
0 0.374864 0.468992 0.103411 0.21124 0.00336266
0 0.426247 0.555717 0.402656 0.745155 0.00329781
0 0.347719 0.497093 0.0801434 0.16376 0.0030632
0 0.336732 0.391473 0.106642 0.354651 0.00291252
0 0.439496 0.460271 0.173213 0.168605 0.00284576
0 0.0373249 0.707364 0.0489586 0.108527 0.00284576
0 0.518024 0.910853 0.551309 0.168605 0.00275803
0 0.885455 0.366279 0.209407 0.449612 0.0026722
0 0.474397 0.4375 0.102118 0.129845 0.00259018
0 0.343518 0.684109 0.687036 0.608527 0.00259018
0 0.700609 0.200703 0.293428 0.375727 0.00244331
0 0.606246 0.718992 0.0620465 0.104651 0.0024147
0 0.814111 0.695979 0.371779 0.592539 0.00240517
0 0.881578 0.44719 0.214578 0.448643 0.00239754
0 0.933929 0.507752 0.11763 0.604651 0.00235939
0 0.0652781 0.762597 0.0946856 0.282946 0.00234985
0 0.204883 0.556686 0.378742 0.679264 0.884766
0 0.658598 0.488251 0.673463 0.975048 0.853027
0 0.202944 0.678295 0.363231 0.449612 0.185303
0 0.771938 0.495276 0.456124 0.96875 0.1427
0 0.375511 0.965116 0.0633391 0.0697674 0.0966797
0 0.758204 0.339147 0.483592 0.678295 0.0616455
0 0.769765 0.19077 0.389083 0.366521 0.0448608
0 0.780664 0.26938 0.438673 0.53876 0.0324097
0 0.716767 0.794574 0.296014 0.406977 0.0245209
0 0.827287 0.807171 0.3335 0.385659 0.022934
0 0.718132 0.658673 0.563735 0.651647 0.0227203
0 0.594612 0.651163 0.648903 0.680233 0.0157166
0 0.649299 0.747093 0.701401 0.486434 0.0157166
0 0.853786 0.176357 0.274039 0.352713 0.0118713
0 0.813787 0.633721 0.372425 0.732558 0.0116425
0 0.763051 0.652616 0.473897 0.694767 0.0109863
0 0.799245 0.821705 0.40151 0.352713 0.0105667
0 0.844091 0.751696 0.28955 0.469477 0.0100555
0 0.734217 0.815892 0.390376 0.356589 0.00959778
0 0.76007 0.223837 0.209407 0.270349 0.00955963
0 0.67621 0.200581 0.247863 0.369186 0.00948334
0 0.76007 0.811047 0.258527 0.377907 0.00857544
0 0.72815 0.199128 0.5437 0.388566 0.00728989
0 0.725169 0.218023 0.21587 0.284884 0.00717545
0 0.745851 0.751938 0.243016 0.46124 0.00712204
0 0.917521 0.194889 0.164957 0.346657 0.00706482
0 0.966642 0.73595 0.066717 0.528101 0.00706482
0 0.0367189 0.476744 0.0734379 0.953488 0.00695801
0 0.0046858 0.401284 0.00937161 0.75751 0.0069313
0 0.635977 0.925388 0.360645 0.133721 0.00658798
0 0.778167 0.906977 0.37745 0.162791 0.00658798
0 0.873572 0.718992 0.252857 0.562016 0.00653839
0 0.812495 0.652616 0.375011 0.694767 0.00653839
0 0.588149 0.763324 0.400717 0.469477 0.00634003
0 0.955008 0.695252 0.0899845 0.609496 0.00634003
0 0.672171 0.744186 0.351597 0.488372 0.00629044
0 0.824055 0.922481 0.341256 0.147287 0.00609589
0 0.721937 0.922481 0.35289 0.127907 0.005867
0 0.0175314 0.608527 0.0350627 0.782946 0.00575256
0 0.840213 0.679264 0.315403 0.544574 0.00559998
0 0.999281 0.739099 0.00143896 0.521802 0.00548935
0 0.0258527 0.696221 0.0517054 0.607558 0.00542831
0 0.982153 0.75969 0.0356938 0.48062 0.00536346
0 0.476983 0.645349 0.747143 0.693798 0.00536346
0 0.0146633 0.515019 0.0293267 0.721899 0.00527954
0 0 0.354651 0 0.709302 0.0050621
0 0.673463 0.151042 0.180969 0.246366 0.00475693
0 0.207953 0.488372 0.415906 0.825581 0.00471878
0 0.931344 0.234012 0.121508 0.273256 0.00468063
0 0.997018 0.668605 0.00596314 0.662791 0.00468063
0 0.205852 0.540213 0.401363 0.66376 0.887695
0 0.663122 0.477229 0.651488 0.919574 0.668945
0 0.774289 0.182655 0.416229 0.35562 0.0817871
0 0.773642 0.34157 0.436911 0.657946 0.0668335
0 0.654074 0.191013 0.200359 0.336967 0.0441895
0 0.376157 0.968992 0.0607539 0.0581396 0.0308533
0 0.651488 0.0821221 0.067217 0.0930233 0.0267029
0 0.10539 0.712209 0.182827 0.428295 0.0218201
0 0.648257 0.156129 0.127971 0.255572 0.0191193
0 0.0911712 0.648256 0.160852 0.302326 0.016922
0 0.105633 0.766473 0.158429 0.310077 0.0165253
0 0.683643 0.676357 0.620788 0.581395 0.0127716
0 0.714989 0.1875 0.31508 0.341085 0.0127258
0 0.0780429 0.827519 0.0933929 0.170543 0.0123825
0 0.373249 0.958333 0.0736802 0.0736434 0.0115967
0 0.0859603 0.594477 0.137343 0.295543 0.0088501
0 0.890626 0.232558 0.175798 0.241279 0.0051384
0 0.743266 0.263445 0.501543 0.494428 0.00510025
0 0.76007 0.602229 0.470519 0.706395 0.00496292
0 0.693895 0.5 0.612209 1 0.00484848
0 0.0836982 0.535853 0.138958 0.358527 0.00481033
0 0.656659 0.0818798 0.108581 0.123062 0.00477219
0 0.190341 0.666424 0.358706 0.453973 0.00475693
0 0.942331 0.340116 0.0646318 0.0697674 0.00452042
0 0.247055 0.354772 0.430125 0.664486 0.00438309
0 0.0902017 0.513566 0.127244 0.251938 0.00405502
0 0.0371633 0.697674 0.0565528 0.116279 0.00391388
0 0.785188 0.196705 0.429625 0.393411 0.00370789
0 0.540322 0.464632 0.791093 0.882752 0.00355148
0 0.043788 0.647287 0.0746497 0.186047 0.00346947
0 0.105511 0.637597 0.180969 0.406977 0.00331116
0 0.886102 0.204336 0.200359 0.333576 0.00311089
0 0.921003 0.270349 0.124093 0.197674 0.00309944
0 0.851201 0.484012 0.286965 0.92345 0.0028553
0 0.219425 0.474806 0.347073 0.484496 0.00281143
0 0.748671 0.431202 0.502658 0.862403 0.00279999
0 0.290843 0.44077 0.560358 0.854893 0.0024929
0 0.653016 0.5 0.693969 1 0.00246239
0 0.208599 0.343992 0.190341 0.244186 0.00230598
0 0.668939 0.237403 0.230089 0.412791 0.00227928
0 0.296983 0.306686 0.095655 0.171512 0.00222588
0 0.0415259 0.744186 0.0559065 0.124031 0.00221634
0 0.825994 0.270833 0.336085 0.504845 0.00219154
0 0.893211 0.253755 0.183554 0.351017 0.00216484
0 0.287611 0.28343 0.50025 0.506783 0.00209999
0 0.599621 0.469961 0.442405 0.579457 0.00201988
0 0.182585 0.303295 0.145422 0.168605 0.00198746
0 0.239299 0.328488 0.184524 0.209302 0.00194168
0 0.378096 0.445252 0.104057 0.210271 0.00194168
0 0.29052 0.352713 0.148653 0.26938 0.00193405
0 0.202297 0.551841 0.370986 0.657946 0.827148
0 0.668939 0.521197 0.650196 0.901405 0.621582
0 0.191956 0.664729 0.360645 0.457364 0.354004
0 0.656013 0.689923 0.641147 0.591085 0.250244
0 0.744558 0.207849 0.390376 0.387597 0.117554
0 0.704486 0.366764 0.577808 0.677326 0.116943
0 0.857018 0.180233 0.258527 0.354651 0.0311432
0 0.172082 0.71875 0.313787 0.364826 0.0197601
0 0.132212 0.73813 0.22613 0.34157 0.0119629
0 0.218173 0.434109 0.322432 0.428295 0.0100098
0 0.762494 0.781008 0.372602 0.389535 0.00926971
0 0.103047 0.707364 0.176526 0.403101 0.00653839
0 0.111328 0.786822 0.175475 0.248062 0.00638962
0 0.699316 0.266957 0.323159 0.313954 0.00593567
0 0.338671 0 0.677341 0 0.00591278
0 0.686228 0.357558 0.370017 0.426357 0.00519943
0 0.594612 0.738372 0.581686 0.492248 0.00519943
0 0.746086 0.246609 0.507829 0.456395 0.00482941
0 0.899674 0.179506 0.173213 0.359012 0.00462723
0 0.20052 0.459787 0.40104 0.919574 0.00452042
0 0.0828903 0.685078 0.143806 0.370155 0.00436401
0 0.148976 0 0.297953 0 0.00434875
0 0.0740034 0.829457 0.0862834 0.170543 0.00429916
0 0.71612 0.815891 0.411058 0.352713 0.00429916
0 0.928112 0.204579 0.113752 0.307897 0.00416565
0 0.681865 0.732558 0.449837 0.498062 0.00407028
0 0.219425 0.383236 0.365816 0.58624 0.00383949
0 0.195996 0.50436 0.391992 0.758721 0.00359344
0 0.480861 0.737403 0.398132 0.494186 0.00358009
0 0.854432 0.291667 0.258527 0.437016 0.00338936
0 0.59307 0 0.813861 0 0.00336266
0 0.677341 0.22202 0.266283 0.364099 0.00333786
0 0.494756 0.832849 0.424631 0.334302 0.00324821
0 0.374218 0.964147 0.0723876 0.0717054 0.00324821
0 0.704648 0.607558 0.400394 0.546512 0.00318527
0 0.777036 0.202035 0.423661 0.40407 0.00317192
0 0.672817 0.473837 0.429155 0.583333 0.00302696
0 0.369371 0.706395 0.46858 0.554264 0.00299263
0 0.16675 1 0.3335 0 0.00291252
0 0.606085 0.788518 0.434649 0.415213 0.00288963
0 0.0898786 0.637597 0.151158 0.29845 0.00277901
0 0.24043 0.376938 0.2721 0.333333 0.00271416
0 0.738741 0.856589 0.399424 0.26938 0.00270462
0 0.211346 0 0.422692 0 0.0026722
0 0.550017 0.268411 0.797556 0.536822 0.0026722
0 0.768707 0.177326 0.462587 0.354651 0.00265312
0 0.656013 0.881783 0.403302 0.22093 0.0026207
0 0.663768 0.137112 0.204236 0.23062 0.00261116
0 0.199712 0.756056 0.372279 0.487888 0.00261116
0 0.285026 0.656977 0.182262 0.346899 0.00259018
0 0.202944 0.552326 0.387791 0.693798 0.868164
0 0.650196 0.5 0.681219 1 0.488281
0 0.738095 0.484496 0.497665 0.957364 0.052124
0 0.880285 0.184593 0.222333 0.369186 0.0310211
0 0.193249 0.657946 0.376157 0.482558 0.0275269
0 0.738095 0.301235 0.50025 0.593266 0.0204163
0 0.772996 0.234496 0.420107 0.468992 0.0142288
0 0.708364 0.609496 0.566174 0.734496 0.0114212
0 0.638312 0.680233 0.723376 0.616279 0.0088501
0 0.604057 0.443677 0.791886 0.866521 0.00720596
0 0.817988 0.190407 0.364023 0.379845 0.00664139
0 0.613752 0.707122 0.772496 0.450097 0.00653839
0 0.186463 0.718992 0.347719 0.364341 0.00643921
0 0.933283 0.256298 0.108581 0.208333 0.00575256
0 0.7414 0 0.517201 0 0.00388527
0 0.653985 0.960271 0.69203 0.0794573 0.00387001
0 0.890626 0.287791 0.193895 0.417636 0.00372124
0 0.716355 1 0.56729 0 0.00370789
0 0.65447 0.734012 0.69106 0.531977 0.00351143
0 0.268545 1 0.53709 0 0.00288963
0 0.339317 0 0.678634 0 0.00275803
0 0.744558 0.200097 0.361938 0.381783 0.00269318
0 0.937161 0.216933 0.095655 0.28125 0.00255013
0 0.388437 0.68968 0.776874 0.50436 0.0024147
0 0.842799 0.75 0.274039 0.472868 0.00236893
0 0.22912 0.325581 0.393608 0.591085 0.00234222
0 0.385852 0.630329 0.771704 0.739341 0.00229645
0 0.520609 0.451066 0.902906 0.902132 0.00214958
0 0.822116 0.350775 0.325744 0.447674 0.00213242
0 0.800538 0 0.398924 0 0.00209999
0 0.334469 0.635901 0.668939 0.720446 0.00209999
0 0.806605 0.244671 0.28955 0.417636 0.00206757
0 0.0694792 0.722626 0.0998561 0.376454 0.00205803
0 0.814757 0.815891 0.370486 0.354651 0.00202751
0 0.478922 0 0.761362 0 0.0019722
0 0.782045 0.751696 0.31411 0.469477 0.00196457
0 0.694145 0.21657 0.280502 0.383721 0.00188255
0 0.596551 0.786822 0.347719 0.422481 0.00177479
0 0.754899 0.227713 0.232674 0.337209 0.00174809
0 0.632334 0 0.735333 0 0.00174809
0 0.845384 0.48595 0.297306 0.971899 0.00174809
0 0.29569 0.735223 0.591381 0.529554 0.00173378
0 0.201328 0.452035 0.402656 0.90407 0.00171375
0 0.578131 0.675388 0.729693 0.649225 0.00170708
0 0.695438 0.31686 0.311525 0.5 0.00168133
0 0.842152 0.906977 0.267576 0.174419 0.00162888
0 0.220556 0.630087 0.441112 0.739826 0.00159168
0 0.732278 0.705426 0.311525 0.53876 0.00155449
0 0.0801434 0.773256 0.109228 0.282946 0.00154877
0 0.391992 1 0.783984 0 0.00151253
0 0.209245 0.536337 0.367432 0.650194 0.801758
0 0.6535 0.49031 0.692999 0.98062 0.716797
0 0.650842 0.686047 0.677341 0.622093 0.0366211
0 0.616984 0.392926 0.766033 0.760659 0.0184021
0 0.202944 0.678295 0.372279 0.414729 0.0146179
0 0.88287 0.185562 0.219748 0.354651 0.00679779
0 0.30894 0.373062 0.148653 0.323643 0.00538635
0 0.276947 0.339147 0.156409 0.261628 0.00530243
0 0.69156 0.267926 0.604954 0.535853 0.00457382
0 0.595655 0.284884 0.80869 0.569767 0.00363541
0 0.705618 0.429748 0.576839 0.812984 0.00342941
0 0.797556 0.233527 0.392961 0.467054 0.003088
0 0.245601 0.379845 0.288904 0.333333 0.00239754
0 0.293428 0.281977 0.104057 0.147287 0.002388
0 0.893211 0.219113 0.175798 0.280766 0.00233269
0 0.906138 0.260174 0.14736 0.208333 0.00214005
0 0.381974 0.962209 0.0846676 0.0717054 0.00188923
0 0.80919 0.199734 0.346426 0.346657 0.0016613
0 0.75603 0.204579 0.40104 0.375727 0.00157356
0 0.235583 0.341085 0.236552 0.273256 0.0015192
0 0.22508 0.347868 0.378419 0.512597 0.00137234
0 0.0612386 0.74031 0.091454 0.304264 0.00136662
0 0.931344 0.291667 0.103411 0.162791 0.00129986
0 0.348365 0.359981 0.185493 0.321705 0.00126934
0 0.320574 0.332364 0.134434 0.263566 0.00124454
0 0.894504 0.343023 0.19131 0.395349 0.00123978
0 0.269515 0.290698 0.140897 0.162791 0.00122547
0 0.27824 0.317829 0.358706 0.517442 0.00120163
0 0.652781 0.501454 0.533859 0.528101 0.00119209
0 0.0527557 0.685804 0.080305 0.314438 0.00117397
0 0.198096 0.437984 0.396193 0.875969 0.0011158
0 0.924235 0.233406 0.118922 0.26187 0.00109482
0 0.529334 0.870155 0.457593 0.25969 0.00107288
0 0.0594612 0.790698 0.0798203 0.228682 0.00105286
0 0.696158 0.0437258 0.607685 0.0874516 0.00105286
0 0.783337 0.210271 0.422692 0.420543 0.00104427
0 0.290843 0.285368 0.529981 0.570736 0.00104427
0 0.195188 0.53876 0.378742 0.678295 0.762695
0 0.687521 0.483043 0.613033 0.966085 0.394287
0 0.686228 0.645591 0.607862 0.689438 0.157104
0 0.771542 0.319283 0.437234 0.638566 0.134033
0 0.584918 0.76938 0.550663 0.432171 0.0261993
0 0.525133 0.896318 0.387144 0.184109 0.0213623
0 0.885455 0.182292 0.201651 0.354409 0.0198364
0 0.894504 0.354651 0.180969 0.600775 0.0118713
0 0.766533 0.210756 0.349012 0.399225 0.0116882
0 0.676049 0.212209 0.236552 0.397287 0.00748825
0 0.906138 0.232074 0.160287 0.366279 0.00717545
0 0.591381 0.69186 0.50025 0.610465 0.00701141
0 0.815653 0.452519 0.356767 0.905039 0.0068512
0 0.696892 0.624031 0.35903 0.589147 0.00600433
0 0.836335 0.34157 0.302477 0.578488 0.00496292
0 0.192603 0.661822 0.359353 0.453488 0.00475693
0 0.811775 0.240795 0.327037 0.409884 0.00369263
0 0.403302 0.647287 0.64244 0.687985 0.00367928
0 0.937161 0.204942 0.095655 0.314922 0.0036068
0 0.220233 0.462209 0.333823 0.534884 0.00337601
0 0.624505 0.918605 0.289227 0.145349 0.00331116
0 0.575869 0.912791 0.187432 0.162791 0.00317192
0 0.936515 0.353682 0.100826 0.422481 0.00304031
0 0.656013 0.462694 0.433033 0.343992 0.0029583
0 0.626678 0.49564 0.746643 0.803295 0.00288963
0 0.754899 0.781008 0.336085 0.381783 0.00245285
0 0.690341 0.505814 0.619319 0.655039 0.00225258
0 0.73551 0.223837 0.243016 0.375969 0.00221634
0 0.732924 0.688954 0.274039 0.565891 0.00219154
0 0.671524 0.399709 0.367109 0.499031 0.00217438
0 0.64244 0.110465 0.126678 0.165698 0.00214005
0 0.693499 0.323643 0.311525 0.533915 0.00197983
0 0.643086 0.155523 0.146068 0.261628 0.00189686
0 0.313141 0.37064 0.162226 0.331395 0.00174141
0 0.754899 0.762597 0.245601 0.426357 0.00169373
0 0.525133 0.750242 0.357414 0.484012 0.0016489
0 0.68235 0.908915 0.452746 0.174419 0.00154877
0 0.619173 0.340964 0.376157 0.601017 0.00154305
0 0.712889 0.827519 0.464056 0.321705 0.00154305
0 0.488293 0.854651 0.374218 0.290698 0.00146675
0 0.385205 0.959302 0.0956551 0.0755814 0.00144386
0 0.52578 0.518411 0.12991 0.147287 0.00142097
0 0.100179 0.72093 0.17386 0.370155 0.00136662
0 0.659244 0.0804264 0.0878992 0.111434 0.00133514
0 0.571022 0.499031 0.215224 0.195736 0.00133514
0 0.738095 0.255935 0.480861 0.490068 0.0012846
0 0.539352 0.891473 0.268222 0.217054 0.00126934
0 0.686228 0.718023 0.393284 0.517442 0.00122547
0 0.831165 0.746124 0.258527 0.46124 0.00122547
0 0.93199 0.418605 0.113752 0.348837 0.00120163
0 0.196481 0.554264 0.392961 0.682171 0.811523
0 0.674917 0.504966 0.640824 0.97844 0.807617
0 0.187109 0.67999 0.372925 0.465601 0.0222473
0 0.692691 0.773256 0.59235 0.436047 0.0155411
0 0.736802 0.368702 0.509298 0.718023 0.00803375
0 0.658994 0.635417 0.682012 0.729167 0.00760651
0 0.320251 0.379845 0.153177 0.319767 0.00621796
0 0.776228 0.213299 0.435618 0.389293 0.00494385
0 0.899674 0.198643 0.180969 0.318798 0.00307465
0 0.368401 0.361919 0.162226 0.306202 0.00269318
0 0.610124 0.701793 0.563589 0.577035 0.00263214
0 0.424631 0.352713 0.241723 0.325581 0.00258064
0 0.371633 0.377422 0.118922 0.281977 0.00229645
0 0.783499 0.495276 0.423661 0.972626 0.00224304
0 0.302396 0.357558 0.122962 0.272287 0.00221634
0 0.660375 0.208212 0.217486 0.364583 0.00216484
0 0.105309 0.717054 0.18622 0.385659 0.00206757
0 0.902906 0.428173 0.178384 0.802568 0.00201988
0 0.698023 0.215116 0.30894 0.366279 0.00190449
0 0.895797 0.328973 0.188725 0.557171 0.00188923
0 0.0677018 0.650921 0.115045 0.298934 0.00176144
0 0.476336 0.693798 0.614002 0.596899 0.00155449
0 0.930698 0.209302 0.116337 0.301357 0.00139427
0 0.437557 0.397771 0.199066 0.213178 0.00139427
0 0.362261 0.444283 0.0963014 0.203488 0.00132465
0 0.438527 0.456395 0.201005 0.139535 0.0012598
0 0.704325 0.707607 0.380358 0.565407 0.00122547
0 0.935868 0.34157 0.105996 0.40407 0.0011158
0 0.0897978 0.7672 0.150027 0.298934 0.00111198
0 0.0294479 0.724806 0.0588957 0.492248 0.00109005
0 0.68639 0.304748 0.320574 0.543605 0.00106049
0 0.650196 0.467054 0.498957 0.496124 0.00105667
0 0.621758 0.243217 0.334793 0.421512 0.00105286
0 0.073761 0.609012 0.116822 0.243217 0.00104809
0 0.93199 0.277011 0.118922 0.33939 0.00102043
0 0.205206 0.553779 0.387791 0.65407 0.762207
0 0.687036 0.493096 0.610124 0.951793 0.458984
0 0.670232 0.619186 0.657952 0.724806 0.16394
0 0.771865 0.20688 0.428832 0.374031 0.0367737
0 0.904845 0.230499 0.158994 0.259932 0.0320435
0 0.893211 0.19186 0.18614 0.339147 0.0312042
0 0.678634 0.217175 0.248186 0.369913 0.0230255
0 0.802727 0.219961 0.354182 0.301357 0.0141754
0 0.927466 0.240795 0.118922 0.244186 0.0137405
0 0.763948 0.378028 0.447252 0.705184 0.0124283
0 0.558492 0.497093 0.883017 0.978682 0.0102463
0 0.816946 0.270349 0.354182 0.47093 0.00629044
0 0.634684 0.186168 0.152531 0.300145 0.00538635
0 0.904199 0.345809 0.164165 0.575824 0.00452042
0 0.53709 0.746366 0.416229 0.49564 0.00436401
0 0.711596 0.272771 0.321866 0.297481 0.0037365
0 0.811775 0.49891 0.365816 0.924661 0.00327301
0 0.31613 0.364341 0.164003 0.319767 0.00317192
0 0.819531 0.727713 0.343841 0.521318 0.00314713
0 0.866712 0.249031 0.237845 0.313954 0.00300407
0 0.651488 0.46124 0.513176 0.401163 0.00279999
0 0.651488 0.311047 0.255942 0.229651 0.0026207
0 0.928112 0.339632 0.113752 0.411822 0.00211525
0 0.748348 0.783915 0.503305 0.364341 0.00209045
0 0.699477 0.397771 0.379712 0.397287 0.00195694
0 0.703355 0.694767 0.423661 0.583333 0.00194168
0 0.615941 0.458333 0.505421 0.296512 0.00190449
0 0.351597 0.357558 0.169982 0.29845 0.00177479
0 0.428509 0.334302 0.295367 0.361434 0.00175476
0 0.482799 0.289608 0.418814 0.459545 0.00173378
0 0.649549 0.738614 0.443374 0.518895 0.00171375
0 0.561004 0.494186 0.258527 0.218992 0.00167465
0 0.505421 0.511628 0.124093 0.169574 0.0016489
0 0.860249 0.694283 0.262405 0.611434 0.0016489
0 0.658598 0.575097 0.501543 0.539729 0.00164223
0 0.742854 0.85562 0.514292 0.244186 0.00164223
0 0.378096 0.968023 0.0698023 0.0639535 0.00162888
0 0.19131 0.667636 0.372925 0.45155 0.00162315
0 0.484738 0.473837 0.183554 0.205426 0.00157928
0 0.581848 0.50436 0.317665 0.307171 0.00156689
0 0.300538 0.321705 0.130556 0.21124 0.0015192
0 0.836335 0.381662 0.310233 0.562258 0.00135612
0 0.466642 0.464147 0.138312 0.140504 0.00130463
0 0.552602 0.685804 0.245601 0.403585 0.00129986
0 0.911308 0.478682 0.152531 0.72093 0.00127411
0 0.527072 0.432655 0.339317 0.207364 0.00124454
0 0.456947 0.429264 0.146068 0.143411 0.00122547
0 0.54323 0.653101 0.323805 0.368217 0.00118351
0 0.563912 0.400194 0.449191 0.370155 0.00112438
0 0.449837 0.412306 0.183554 0.19186 0.00112438
0 0.190664 0.553295 0.378742 0.686047 0.827637
0 0.665707 0.497214 0.654074 0.974564 0.5
0 0.776228 0.211725 0.429155 0.40407 0.0510864
0 0.757485 0.461725 0.465349 0.886628 0.0157776
0 0.309667 0.380814 0.161418 0.335271 0.0129242
0 0.650196 0.666667 0.678634 0.641473 0.00871277
0 0.787861 0.290698 0.409766 0.541667 0.00815582
0 0.718867 0.212694 0.343518 0.375969 0.0068512
0 0.903552 0.226744 0.168043 0.271318 0.00614548
0 0.93199 0.277132 0.109874 0.166667 0.00557709
0 0.886748 0.187137 0.204236 0.354409 0.00511932
0 0.929405 0.237282 0.113752 0.24249 0.00484848
0 0.342225 0.485465 0.0872529 0.147287 0.00405502
0 0.370663 0.421996 0.11763 0.203488 0.00382423
0 0.913893 0.285853 0.148653 0.281008 0.00352478
0 0.493787 0.901163 0.359353 0.197674 0.00341606
0 0.898382 0.36095 0.180969 0.636628 0.00327301
0 0.20359 0.412791 0.372925 0.408915 0.00323486
0 0.895797 0.313469 0.183554 0.443798 0.00322342
0 0.359676 0.363857 0.182908 0.310078 0.00294685
0 0.367109 0.469961 0.0807897 0.137597 0.00291252
0 0.464056 0.449612 0.139605 0.127907 0.00270462
0 0.666838 0.216085 0.240753 0.364341 0.00261116
0 0.459532 0.427326 0.156409 0.158915 0.00253105
0 0.380035 0.968992 0.0685097 0.0620155 0.00237846
0 0.529334 0.511143 0.18614 0.208333 0.00226021
0 0.933283 0.282946 0.103411 0.232558 0.00212479
0 0.714828 0.282461 0.343841 0.392442 0.00200272
0 0.565528 0.918605 0.206822 0.162791 0.00200272
0 0.482799 0.468023 0.161579 0.195736 0.00199509
0 0.78463 0.782946 0.425277 0.391473 0.00196457
0 0.930698 0.34593 0.108581 0.482558 0.00186729
0 0.559065 0.507752 0.255942 0.286822 0.00184631
0 0.187432 0.643169 0.368401 0.477229 0.00183105
0 0.69867 0.422481 0.404595 0.474806 0.0018177
0 0.719998 0.686047 0.395547 0.589147 0.00178909
0 0.705618 0.382631 0.569083 0.72311 0.00174809
0 0.551955 0.624031 0.293428 0.375969 0.0017004
0 0.792136 0.830426 0.415729 0.319767 0.00169373
0 0.637269 0.161701 0.155116 0.257994 0.0016489
0 0.568113 0.476744 0.3335 0.27907 0.00162888
0 0.85831 0.281977 0.261112 0.397287 0.00159168
0 0.42043 0.342054 0.271453 0.346899 0.00144958
0 0.43174 0.376938 0.222333 0.277132 0.00143814
0 0.653912 0.464632 0.499281 0.421512 0.00143814
0 0.535474 0.686289 0.330268 0.425872 0.00141048
0 0.482153 0.510659 0.124093 0.182171 0.00138283
0 0.765402 0.623547 0.418491 0.58624 0.00138283
0 0.0290035 0.897287 0.058007 0.205426 0.00138283
0 0.34061 0 0.681219 0 0.00136185
0 0.201328 0.541182 0.379389 0.661822 0.822754
0 0.665061 0.486919 0.660537 0.948643 0.731934
0 0.662476 0.636628 0.668293 0.693799 0.0653687
0 0.778813 0.202641 0.421399 0.373789 0.0117798
0 0.885455 0.186047 0.205529 0.34593 0.00582123
0 0.906784 0.231468 0.158994 0.248304 0.0050621
0 0.730501 0.409399 0.529657 0.770349 0.00488663
0 0.318069 0.374031 0.160125 0.327519 0.00342941
0 0.678634 0.20688 0.249479 0.340116 0.00290108
0 0.379712 0.97093 0.056876 0.0542636 0.00259018
0 0.92682 0.241764 0.121508 0.235465 0.00258064
0 0.900967 0.364341 0.175798 0.624031 0.00255013
0 0.374218 0.375969 0.140897 0.302326 0.00246239
0 0.897089 0.266957 0.180969 0.375969 0.00243378
0 0.467288 0.456395 0.144775 0.147287 0.00234222
0 0.724522 0.198643 0.343841 0.335271 0.00219917
0 0.449837 0.403585 0.178384 0.218992 0.00215721
0 0.459209 0.428295 0.15447 0.153101 0.00214005
0 0.47569 0.463178 0.144775 0.199612 0.00198746
0 0.352243 0.358527 0.16675 0.315891 0.00188255
0 0.423661 0.331395 0.257881 0.381783 0.00168133
0 0.643086 0.0993217 0.099533 0.124031 0.00162315
0 0.488616 0.498062 0.135727 0.217054 0.00161076
0 0.645672 0.160005 0.129264 0.251696 0.00148392
0 0.78463 0.337694 0.417521 0.626938 0.00144958
0 0.431094 0.36531 0.222333 0.302326 0.00141048
0 0.304416 0.328004 0.116984 0.218023 0.00137234
0 0.928112 0.340964 0.113752 0.418847 0.00137234
0 0.369047 0.454457 0.0827287 0.19186 0.00133038
0 0.728885 0.293484 0.357091 0.337452 0.00121117
0 0.464379 0.284884 0.317342 0.464147 0.00118351
0 0.212154 0.388566 0.367432 0.352713 0.00105667
0 0.0786892 0.517442 0.106319 0.174419 0.00104427
0 0.327683 0.400194 0.124093 0.340116 0.00101662
0 0.195834 0.545058 0.386498 0.677326 0.864746
0 0.675152 0.491764 0.649696 0.983527 0.691895
0 0.666427 0.647287 0.667146 0.687985 0.0218658
0 0.884163 0.183624 0.206822 0.351744 0.0174408
0 0.778813 0.198159 0.396839 0.375 0.0159607
0 0.318716 0.38469 0.15754 0.362403 0.0149536
0 0.90743 0.229651 0.155116 0.25 0.0123367
0 0.898382 0.258236 0.175798 0.360465 0.00568771
0 0.900967 0.367127 0.173213 0.637839 0.00548935
0 0.770249 0.363372 0.432063 0.687985 0.00432968
0 0.350951 0.38469 0.129264 0.303295 0.00403976
0 0.80919 0.209181 0.346426 0.308382 0.00370789
0 0.696731 0.194767 0.280502 0.329457 0.00362206
0 0.655205 0.196705 0.194219 0.319767 0.00309944
0 0.378742 0.969961 0.0633391 0.0600775 0.00290108
0 0.346426 0.360465 0.161579 0.325581 0.00245285
0 0.835043 0.730862 0.317988 0.518895 0.00243378
0 0.360645 0.467054 0.0872529 0.172481 0.00205803
0 0.924235 0.346415 0.118922 0.455426 0.00201988
0 0.472458 0.455426 0.125386 0.133721 0.00193405
0 0.452422 0.420058 0.171921 0.185078 0.00192642
0 0.924235 0.277616 0.124093 0.307171 0.00188255
0 0.732278 0.278101 0.303769 0.350775 0.00186062
0 0.502512 0.496124 0.12991 0.209302 0.00183105
0 0.639855 0.108043 0.11763 0.145349 0.00176144
0 0.465026 0.43314 0.137666 0.139535 0.00172043
0 0.647449 0.163881 0.145098 0.265262 0.0016613
0 0.656013 0.455426 0.488616 0.507752 0.0016489
0 0.480214 0.465116 0.137019 0.186047 0.00163555
0 0.424631 0.324491 0.261112 0.401405 0.00162315
0 0.781883 0.776163 0.432063 0.391473 0.00161648
0 0.501866 0.903101 0.341902 0.19186 0.0015974
0 0.586857 0.930233 0.196481 0.139535 0.00153637
0 0.597036 0.732558 0.375188 0.517442 0.00152493
0 0.910662 0.446705 0.155116 0.616279 0.0014267
0 0.771704 0.29845 0.274039 0.410853 0.00131512
0 0.720644 0.422965 0.383913 0.578488 0.00127411
0 0.54937 0.490795 0.222333 0.249031 0.00126934
0 0.431094 0.36531 0.223626 0.304264 0.00124931
0 0.515115 0.863372 0.420107 0.273256 0.00119209
0 0.475044 0.437984 0.153824 0.174419 0.00118828
0 0.55648 0.467054 0.292136 0.267442 0.00117874
0 0.480214 0.498062 0.124093 0.19186 0.00117397
0 0.81436 0.317708 0.356767 0.4828 0.00112438
0 0.551309 0.699612 0.381328 0.465116 0.00109005
0 0.636138 0.472868 0.459855 0.341085 0.00108147
0 0.542261 0.595446 0.250771 0.376938 0.00108147
0 0.533212 0.688954 0.457593 0.608527 0.00107288
0 0.644379 0.3125 0.298599 0.553295 0.00106907
0 0.659244 0.0690407 0.0723876 0.0799419 0.00102425
0 0.19842 0.550872 0.385205 0.681202 0.855469
0 0.669982 0.492733 0.660037 0.985465 0.806641
0 0.779459 0.195858 0.392961 0.377665 0.0145035
0 0.893211 0.191376 0.180969 0.334302 0.0137405
0 0.689621 0.214632 0.275331 0.372093 0.00818634
0 0.921649 0.210756 0.125386 0.290698 0.00643921
0 0.897736 0.247093 0.178384 0.348837 0.00544739
0 0.650034 0.203367 0.191633 0.335514 0.00540543
0 0.320574 0.375485 0.157055 0.350775 0.00521851
0 0.899674 0.363372 0.173213 0.641473 0.00479126
0 0.802727 0.209787 0.297306 0.347868 0.00436401
0 0.663122 0.681202 0.660537 0.608527 0.00416565
0 0.379065 0.968508 0.0672171 0.0629844 0.00391388
0 0.752314 0.214632 0.297306 0.359496 0.00322342
0 0.769765 0.37609 0.434326 0.712936 0.00284576
0 0.378742 0.370155 0.158994 0.323643 0.00275803
0 0.470843 0.452519 0.133788 0.137597 0.00239754
0 0.464056 0.430233 0.14219 0.145349 0.00230598
0 0.732278 0.459787 0.515762 0.882752 0.00220871
0 0.353859 0.351744 0.158994 0.335271 0.00219917
0 0.453069 0.412791 0.171921 0.193798 0.00219917
0 0.307001 0.359496 0.123447 0.296512 0.00219154
0 0.478598 0.46124 0.141544 0.193798 0.00209999
0 0.638562 0.109981 0.11763 0.147287 0.0020752
0 0.432387 0.295543 0.262405 0.45155 0.00202751
0 0.497665 0.493217 0.135727 0.218992 0.00196457
0 0.930698 0.339147 0.105996 0.445736 0.0018177
0 0.640501 0.161943 0.138312 0.261386 0.00173378
0 0.653427 0.462209 0.492494 0.521318 0.0017271
0 0.930698 0.269864 0.111167 0.294574 0.0017004
0 0.859603 0.187016 0.263698 0.344961 0.0016489
0 0.650842 0.255329 0.276624 0.442829 0.00150681
0 0.910016 0.462209 0.155116 0.658915 0.00150108
0 0.813068 0.258236 0.359353 0.475775 0.00149536
0 0.369694 0.457849 0.0878992 0.192829 0.0014782
0 0.334793 0.392442 0.111167 0.362403 0.00143242
0 0.435295 0.356589 0.219748 0.310078 0.00142097
0 0.607289 0.5 0.785423 1 0.00142097
0 0.738741 0.273256 0.246893 0.310078 0.00137806
0 0.552602 0.463663 0.294721 0.274225 0.00137806
0 0.540322 0.489826 0.230089 0.266473 0.00137234
0 0.470519 0.494671 0.146068 0.204457 0.00130463
0 0.498311 0.897287 0.363231 0.197674 0.00122547
0 0.699962 0.425388 0.369694 0.556202 0.00121117
0 0.519316 0.848837 0.427216 0.29845 0.0011692
0 0.529981 0.27374 0.433033 0.488372 0.0011425
0 0.63533 0.464632 0.467934 0.359496 0.00113773
0 0.772996 0.281492 0.221041 0.366279 0.00106049
0 0.602368 0.519864 0.360645 0.400194 0.00106049
0 0.601076 0.730862 0.399424 0.515019 0.00104809
0 0.19842 0.550872 0.385205 0.681202 0.855469
0 0.669982 0.492733 0.660037 0.985465 0.806641
0 0.779459 0.195858 0.392961 0.377665 0.0145035
0 0.893211 0.191013 0.180969 0.335029 0.0136337
0 0.689621 0.214632 0.275331 0.372093 0.008255
0 0.921649 0.210756 0.125386 0.290698 0.00638962
0 0.649549 0.203488 0.192603 0.33624 0.00542831
0 0.897736 0.247214 0.178384 0.350533 0.00542831
0 0.320574 0.375969 0.156409 0.350775 0.00521851
0 0.899674 0.363857 0.173213 0.642442 0.00479126
0 0.802727 0.209787 0.297306 0.348837 0.00436401
0 0.662961 0.681202 0.659567 0.608527 0.00419998
0 0.379065 0.968508 0.0672171 0.0629844 0.00392914
0 0.752314 0.214632 0.297306 0.358527 0.00322342
0 0.769765 0.37609 0.434326 0.712936 0.00284576
0 0.379389 0.370155 0.158994 0.323643 0.00275803
0 0.355798 0.357558 0.16675 0.317829 0.00253105
0 0.470519 0.452519 0.133788 0.137597 0.0024147
0 0.464056 0.430233 0.14219 0.145349 0.00232315
0 0.453069 0.413275 0.171921 0.192829 0.00221634
0 0.732278 0.459787 0.515762 0.882752 0.00220871
0 0.307001 0.359496 0.123447 0.296512 0.00219917
0 0.478598 0.46124 0.141544 0.193798 0.00210762
0 0.638562 0.110223 0.118922 0.147771 0.00206757
0 0.43271 0.295543 0.262405 0.45155 0.00203514
0 0.497665 0.493702 0.135727 0.218023 0.0019722
0 0.930698 0.339147 0.105996 0.446705 0.0018177
0 0.653427 0.462209 0.492494 0.521318 0.00174141
0 0.640501 0.161943 0.138312 0.261386 0.00173378
0 0.930698 0.269864 0.111167 0.295543 0.0017004
0 0.858956 0.187016 0.263698 0.344961 0.0016489
0 0.650842 0.255329 0.276624 0.442829 0.0015192
0 0.910016 0.462209 0.155116 0.658915 0.00150108
0 0.812422 0.258721 0.360645 0.477713 0.00149536
0 0.370017 0.457849 0.0885455 0.192829 0.00148392
0 0.435295 0.357074 0.219748 0.310078 0.00143242
0 0.334793 0.392442 0.111167 0.362403 0.00143242
0 0.607289 0.5 0.785423 1 0.00142097
0 0.738741 0.273256 0.246893 0.310078 0.00137806
0 0.552602 0.463663 0.296014 0.274225 0.00137806
0 0.540645 0.49031 0.230736 0.267442 0.00136662
0 0.470196 0.494671 0.146068 0.204457 0.00131512
0 0.498311 0.897287 0.363231 0.197674 0.00123024
0 0.699962 0.425388 0.369694 0.556202 0.00121593
0 0.519316 0.848837 0.427216 0.29845 0.00117874
0 0.529981 0.27374 0.433033 0.488372 0.00114727
0 0.63533 0.464147 0.467934 0.360465 0.0011425
0 0.772996 0.281856 0.222333 0.366521 0.00106049
0 0.602368 0.519864 0.361938 0.400194 0.00106049
0 0.601237 0.731589 0.400394 0.515504 0.00105667
