0 0.330972 0.549316 0.598158 0.606445 0.855469
0 0.763481 0.474609 0.433485 0.523438 0.845215
0 0.461473 0.669922 0.338457 0.392578 0.356689
0 0.346268 0.396484 0.287688 0.308594 0.108948
0 0.441296 0.522949 0.357983 0.600586 0.107788
0 0.345291 0.495239 0.468633 0.591553 0.0946655
0 0.775197 0.542114 0.36319 0.407959 0.0923462
0 0.378812 0.598511 0.490763 0.525635 0.0812378
0 0.33382 0.417114 0.343827 0.374756 0.0585632
0 0.181758 0.679688 0.2776 0.335938 0.0499573
0 0.501502 0.668945 0.249287 0.294922 0.0451965
0 0.366119 0.407715 0.1484 0.233398 0.03125
0 0.644533 0.491211 0.668778 0.695312 0.0276947
0 0.825315 0.577148 0.302008 0.319336 0.0264587
0 0.779102 0.348633 0.222601 0.224609 0.0235596
0 0.768037 0.365234 0.299404 0.255859 0.0175781
0 0.447479 0.603516 0.328694 0.53125 0.0153046
0 0.215766 0.663086 0.314375 0.384766 0.0150146
0 0.257829 0.48877 0.339596 0.602539 0.0149536
0 0.161418 0.760742 0.209583 0.160156 0.0141144
0 0.48881 0.443848 0.97762 0.887695 0.0102081
0 0.104303 0.744141 0.131152 0.19043 0.00959778
0 0.826741 0.548828 0.346518 0.439453 0.00926971
0 0.5 0.5 1 1 0.00881195
0 0.5 0.5 1 1 0.00800323
0 0.118948 0.722656 0.164347 0.279297 0.0078125
0 0.41461 0.44043 0.706855 0.801758 0.0078125
0 0.348871 0.4375 0.697742 0.875 0.00720596
0 0.0693186 0.708496 0.0898213 0.181641 0.00658798
0 0.5 0.5 1 1 0.00621796
0 0.324463 0.830078 0.0898213 0.128906 0.00619125
0 0.0917739 0.719238 0.134407 0.255859 0.00602722
0 0.501302 0.5 0.997397 1 0.00582123
0 0.514808 0.428223 0.970385 0.856445 0.00575256
0 0.447805 0.743164 0.335854 0.265625 0.00568771
0 0.5 0.5 1 1 0.00561905
0 0.391178 0.5 0.782357 1 0.00548935
0 0.63343 0.5 0.73314 1 0.00526047
0 0.728984 0.625488 0.151004 0.232422 0.00496292
0 0.334552 0.5 0.669104 1 0.00496292
0 0.41103 0.5 0.82206 1 0.00484848
0 0.702949 0.665039 0.101537 0.144531 0.00473785
0 0.341386 0.730957 0.613779 0.295898 0.00469971
0 0.672358 0.568359 0.179643 0.359375 0.00462723
0 0.334877 0.790039 0.111951 0.177734 0.00448608
0 0.575702 0.790039 0.0878687 0.103516 0.00432968
0 0.544135 0.685547 0.209583 0.335938 0.00392914
0 0.403545 0.398926 0.145797 0.313477 0.00367928
0 0.342688 0.748047 0.123016 0.271484 0.00365067
0 0.5 0.504883 1 0.990234 0.00365067
0 0.783658 0.48291 0.351475 0.461914 0.947266
0 0.405823 0.557129 0.439343 0.583008 0.644043
0 0.328124 0.55127 0.620776 0.615234 0.53418
0 0.108534 0.725586 0.125294 0.210938 0.422607
0 0.744605 0.499512 0.344966 0.541992 0.393311
0 0.439343 0.671387 0.352776 0.370117 0.176636
0 0.438042 0.612427 0.359285 0.5271 0.153564
0 0.571797 0.728027 0.0995845 0.209961 0.137939
0 0.329019 0.771484 0.104141 0.220703 0.125977
0 0.341793 0.403809 0.333087 0.34082 0.11438
0 0.683423 0.493652 0.562359 0.52832 0.101929
0 0.496621 0.670898 0.247334 0.335938 0.0953369
0 0.331623 0.790527 0.0878687 0.182617 0.0830078
0 0.310795 0.490723 0.359936 0.520508 0.0794678
0 0.332599 0.749512 0.126271 0.256836 0.0750122
0 0.367747 0.379395 0.231713 0.273438 0.069519
0 0.537951 0.682617 0.171181 0.308594 0.0518494
0 0.929455 0.640137 0.0885195 0.147461 0.0462036
0 0.559756 0.707031 0.119762 0.257812 0.0453491
0 0.262304 0.755859 0.0501177 0.113281 0.0437012
0 0.337074 0.365723 0.261816 0.226562 0.0367737
0 0.154746 0.686523 0.106419 0.235352 0.0348816
0 0.400291 0.377075 0.149702 0.238037 0.0344849
0 0.204213 0.666992 0.099259 0.203125 0.0318604
0 0.206979 0.657227 0.128874 0.239258 0.0298767
0 0.36254 0.710938 0.180944 0.328125 0.0290375
0 0.745256 0.515137 0.240825 0.463867 0.0288086
0 0.0916112 0.729492 0.172483 0.277344 0.0271759
0 0.69644 0.654297 0.0872178 0.177734 0.0263519
0 0.611989 0.539551 0.70002 0.610352 0.026062
0 0.212024 0.708008 0.135057 0.214844 0.0250854
0 0.433485 0.356934 0.0989336 0.201172 0.0249939
0 0.383368 0.741211 0.212187 0.269531 0.023819
0 0.551945 0.655762 0.110649 0.196289 0.0236511
0 0.433811 0.312012 0.0963301 0.134766 0.0231476
0 0.674148 0.498047 0.192986 0.530273 0.0210876
0 0.913834 0.592773 0.111951 0.257812 0.0207672
0 0.140224 0.705078 0.157594 0.233398 0.0204468
0 0.800581 0.56543 0.307215 0.347656 0.0186157
0 0.0691559 0.695801 0.0979573 0.267578 0.0167236
0 0.283132 0.351562 0.151004 0.182617 0.0166626
0 0.609223 0.62793 0.0768037 0.199219 0.0165253
0 0.145797 0.522461 0.0676914 0.09375 0.0157776
0 0.500526 0.670898 0.175737 0.298828 0.0156708
0 0.60727 0.681152 0.111951 0.210938 0.0154266
0 0.248636 0.682617 0.0989336 0.275391 0.0146179
0 0.234642 0.339844 0.0872178 0.161133 0.0142822
0 0.794072 0.389648 0.400941 0.729492 0.0126266
0 0.367096 0.379761 0.178341 0.240479 0.012146
0 0.422095 0.522461 0.32609 0.576172 0.012146
0 0.326741 0.551636 0.566265 0.601807 0.997559
0 0.766084 0.496582 0.412657 0.46875 0.966797
0 0.282156 0.488159 0.419817 0.539307 0.137573
0 0.44455 0.562988 0.361889 0.570312 0.0970459
0 0.250263 0.486816 0.308517 0.511719 0.0875854
0 0.195426 0.497559 0.34399 0.5625 0.0503235
0 0.428604 0.407715 0.279227 0.306641 0.0388184
0 0.341793 0.430176 0.383856 0.366211 0.0296478
0 0.426 0.470703 0.300055 0.467773 0.0273743
0 0.424373 0.331787 0.111951 0.200684 0.0245209
0 0.439994 0.282715 0.0735493 0.118164 0.0243835
0 0.393131 0.383911 0.171832 0.257568 0.0207977
0 0.239198 0.335938 0.0943774 0.146484 0.0151901
0 0.357007 0.38916 0.227157 0.249023 0.0145035
0 0.323812 0.384277 0.21479 0.232422 0.0142822
0 0.28541 0.381348 0.197216 0.239258 0.013588
0 0.162069 0.698242 0.241476 0.302734 0.0132751
0 0.719872 0.41687 0.524608 0.674072 0.0128708
0 0.897362 0.194824 0.205277 0.389648 0.0117798
0 0.287363 0.345703 0.17053 0.160156 0.0116882
0 0.249124 0.644043 0.411681 0.46582 0.0115509
0 0.73289 0.4375 0.308517 0.344727 0.0108566
0 0.0802208 0.703125 0.099259 0.148438 0.0105667
0 0.156699 0.644531 0.250263 0.363281 0.0104065
0 0.222763 0.373535 0.19624 0.235352 0.0102921
0 0.809693 0.447388 0.28899 0.37085 0.00993347
0 0.744605 0.529297 0.507686 0.564453 0.00854492
0 0.322185 0.793945 0.109348 0.175781 0.00831604
0 0.434787 0.664062 0.356682 0.382812 0.00751877
0 0.426407 0.608398 0.465867 0.49707 0.00751877
0 0.423722 0.415039 0.82922 0.785156 0.00740433
0 0.114392 0.722656 0.153933 0.225586 0.00706482
0 0.59991 0.397461 0.80018 0.753906 0.006073
0 0.632003 0.384766 0.477745 0.769531 0.00577545
0 0.0914078 0.679199 0.135464 0.21582 0.00559998
0 0.383286 0.500488 0.65755 0.795898 0.00551224
0 0.921119 0.206543 0.157763 0.413086 0.00521851
0 0.188104 0.430786 0.218695 0.382568 0.00494385
0 0.372954 0.768555 0.218695 0.232422 0.00450516
0 0.143844 0.350342 0.246032 0.266113 0.00431442
0 0.135749 0.397339 0.197135 0.250244 0.00418091
0 0.159954 0.335205 0.235293 0.191895 0.00407028
0 0.18127 0.367676 0.22195 0.253906 0.00397491
0 0.165486 0.305176 0.200796 0.149414 0.00380898
0 0.562034 0.461914 0.430231 0.857422 0.00362206
0 0.576028 0.732422 0.0989336 0.203125 0.0036068
0 0.106581 0.346924 0.184524 0.243652 0.00352478
0 0.860462 0.199158 0.265559 0.376099 0.00344276
0 0.257097 0.526367 0.449757 0.716797 0.00342941
0 0.149377 0.220703 0.275322 0.441406 0.00341606
0 0.338538 0.571777 0.610362 0.612305 0.986328
0 0.763969 0.47168 0.406474 0.521484 0.86084
0 0.426 0.590698 0.350824 0.558838 0.329346
0 0.929455 0.654297 0.0833125 0.129883 0.100891
0 0.569519 0.748047 0.108046 0.185547 0.0634766
0 0.726381 0.50769 0.52591 0.601807 0.0631104
0 0.338132 0.848633 0.0650879 0.078125 0.0598755
0 0.442598 0.525269 0.744605 0.617432 0.0585632
0 0.573875 0.402344 0.852251 0.804688 0.0584412
0 0.329019 0.842773 0.0813599 0.0878906 0.0566406
0 0.486857 0.599609 0.26686 0.493164 0.0554199
0 0.372303 0.553223 0.406148 0.584961 0.0541992
0 0.0997472 0.719727 0.146773 0.185547 0.0422363
0 0.520703 0.677734 0.218695 0.320312 0.0246124
0 0.639814 0.378418 0.661293 0.756836 0.0232849
0 0.323812 0.493164 0.358634 0.484375 0.0187988
0 0.753067 0.384888 0.458219 0.734131 0.0187683
0 0.564637 0.71875 0.128223 0.24707 0.0180969
0 0.826616 0.499512 0.278576 0.446289 0.0158997
0 0.147099 0.714844 0.223251 0.25 0.0145569
0 0.738748 0.523315 0.348871 0.445557 0.0130234
0 0.916438 0.59668 0.111951 0.236328 0.0125732
0 0.331297 0.817871 0.144495 0.125977 0.00941467
0 0.237083 0.335205 0.0986082 0.162598 0.0085144
0 0.57733 0.69043 0.108046 0.255859 0.00847626
0 0.145471 0.649414 0.260352 0.355469 0.00844574
0 0.459195 0.65918 0.335203 0.402344 0.00828552
0 0.826616 0.427734 0.335854 0.591797 0.008255
0 0.733541 0.664551 0.1484 0.162109 0.00812531
0 0.843013 0.37085 0.313974 0.741699 0.00769424
0 0.938567 0.631836 0.101537 0.197266 0.00757599
0 0.0493041 0.608887 0.0862415 0.172852 0.00751877
0 0.336504 0.409668 0.268813 0.303711 0.00740433
0 0.0947029 0.66748 0.156536 0.304688 0.00728989
0 0.220973 0.317627 0.110649 0.157715 0.00709534
0 0.0473514 0.872559 0.0947029 0.254883 0.00701141
0 0.642417 0.564453 0.14059 0.255859 0.00674438
0 0.0616708 0.644531 0.0875432 0.287109 0.00629044
0 0.151167 0.529297 0.0611826 0.117188 0.00621796
0 0.228947 0.350098 0.132454 0.216797 0.00619125
0 0.0300625 0.754395 0.0601249 0.491211 0.00619125
0 0.756972 0.424805 0.248636 0.352539 0.00609589
0 0.78496 0.367676 0.158814 0.234375 0.00609589
0 0.874781 0.552734 0.179643 0.310547 0.00609589
0 0.317954 0.361084 0.261002 0.22998 0.00591278
0 0.615731 0.600586 0.100235 0.267578 0.00591278
0 0.362865 0.765625 0.205027 0.230469 0.00582123
0 0.408752 0.407715 0.109348 0.263672 0.00568771
0 0.564312 0.65332 0.0937266 0.246094 0.00564194
0 0.0228621 0.435059 0.0457242 0.870117 0.00564194
0 0.322836 0.540527 0.551945 0.616211 0.942871
0 0.762179 0.477051 0.417864 0.499023 0.819336
0 0.372954 0.599121 0.433485 0.493164 0.100891
0 0.382391 0.668457 0.412006 0.404297 0.044342
0 0.419247 0.531738 0.404684 0.607422 0.0305023
0 0.76283 0.458984 0.317629 0.435547 0.0276337
0 0.715316 0.520508 0.512893 0.556641 0.0249939
0 0.210071 0.294434 0.104466 0.120117 0.0230255
0 0.313073 0.513672 0.428929 0.522461 0.0220795
0 0.633793 0.538086 0.135708 0.253906 0.0210876
0 0.246846 0.481323 0.252216 0.455322 0.0200653
0 0.191847 0.350586 0.164998 0.227539 0.0186157
0 0.225692 0.307373 0.0862415 0.132324 0.0179138
0 0.383693 0.496582 0.310469 0.495117 0.0177155
0 0.10707 0.794922 0.0589045 0.0693359 0.0170441
0 0.194287 0.39502 0.180293 0.319336 0.0167847
0 0.761528 0.545898 0.389226 0.378906 0.0167847
0 0.436089 0.30835 0.0833125 0.149902 0.0150757
0 0.152672 0.398438 0.233584 0.332031 0.0148392
0 0.706855 0.334229 0.173134 0.185059 0.0136337
0 0.119436 0.376953 0.192009 0.216797 0.0135345
0 0.0578469 0.727539 0.052233 0.0800781 0.0123367
0 0.378161 0.382935 0.201772 0.2771 0.0118713
0 0.395734 0.331299 0.165323 0.188965 0.0114212
0 0.282807 0.614258 0.45887 0.460938 0.0113754
0 0.219997 0.532227 0.412657 0.612305 0.0112915
0 0.220973 0.325195 0.113253 0.160156 0.01017
0 0.692698 0.457153 0.267837 0.409912 0.00989532
0 0.563661 0.508667 0.809693 0.568604 0.00919342
0 0.152957 0.466797 0.0657388 0.0859375 0.0086441
0 0.748511 0.339111 0.218695 0.205566 0.00812531
0 0.680819 0.665039 0.085916 0.158203 0.00812531
0 0.742002 0.315186 0.124969 0.152832 0.00800323
0 0.0539416 0.566406 0.068505 0.138672 0.00787354
0 0.715967 0.315918 0.109348 0.152344 0.0077858
0 0.827918 0.591797 0.257748 0.238281 0.00760651
0 0.321534 0.833984 0.0689932 0.0859375 0.00746155
0 0.134244 0.353027 0.237896 0.261719 0.00731659
0 0.787564 0.597168 0.342362 0.256836 0.00723267
0 0.932059 0.636719 0.0702949 0.150391 0.00717545
0 0.329345 0.816406 0.075502 0.125 0.00714874
0 0.235293 0.483887 0.470585 0.946289 0.00714874
0 0.430231 0.728516 0.342362 0.294922 0.00712204
0 0.81425 0.553711 0.282481 0.28125 0.00664139
0 0.935313 0.59082 0.0820107 0.234375 0.00658798
0 0.424373 0.45166 0.275973 0.454102 0.00636292
0 0.0600436 0.666016 0.0748511 0.177734 0.00605011
0 0.570821 0.772461 0.0872178 0.135742 0.00602722
0 0.577981 0.712891 0.0937266 0.205078 0.00595856
0 0.299486 0.476074 0.588232 0.952148 0.00595856
0 0.337155 0.561401 0.541531 0.642822 0.79248
0 0.756484 0.490112 0.408427 0.51001 0.749023
0 0.370269 0.648926 0.516961 0.520508 0.135254
0 0.772593 0.573242 0.398338 0.691406 0.111633
0 0.436414 0.605957 0.372954 0.577148 0.085083
0 0.352044 0.519409 0.438855 0.549072 0.0566406
0 0.738748 0.457031 0.339759 0.417969 0.0455322
0 0.112927 0.582031 0.202749 0.557617 0.0289764
0 0.154746 0.61084 0.305588 0.651367 0.0244751
0 0.280203 0.694336 0.521354 0.521484 0.0241852
0 0.160808 0.733887 0.318849 0.446289 0.0231018
0 0.109063 0.666504 0.193881 0.379883 0.0226746
0 0.330647 0.418945 0.301357 0.333008 0.022583
0 0.458219 0.680664 0.334552 0.447266 0.0222931
0 0.0756647 0.698242 0.108046 0.169922 0.0211182
0 0.087828 0.657227 0.152387 0.326172 0.0195312
0 0.332599 0.366211 0.280529 0.224609 0.0187225
0 0.203074 0.572388 0.39248 0.685303 0.0177155
0 0.22553 0.325928 0.0702949 0.153809 0.0175781
0 0.101863 0.704102 0.144495 0.257812 0.0170441
0 0.442272 0.739258 0.367747 0.335938 0.0164032
0 0.179276 0.720703 0.330077 0.341797 0.0157776
0 0.426326 0.333496 0.0813599 0.157227 0.0148392
0 0.247659 0.514648 0.266209 0.53418 0.014389
0 0.154584 0.734375 0.280529 0.273438 0.014061
0 0.628098 0.563477 0.149702 0.330078 0.0127258
0 0.150963 0.709961 0.227238 0.292969 0.0125732
0 0.255145 0.349121 0.126921 0.178711 0.0114212
0 0.135993 0.351807 0.262386 0.312988 0.0112457
0 0.138149 0.459839 0.263281 0.519775 0.0110703
0 0.185338 0.382812 0.179968 0.291992 0.0106964
0 0.142217 0.506836 0.126596 0.49707 0.0105667
0 0.13164 0.622559 0.0885195 0.308594 0.00955963
0 0.635909 0.508789 0.683423 0.574219 0.00937653
0 0.207142 0.303955 0.0839634 0.133789 0.00933838
0 0.391829 0.377441 0.149702 0.251953 0.00933838
0 0.766735 0.350586 0.187453 0.196289 0.00912476
0 0.731588 0.344971 0.135383 0.164551 0.0086441
0 0.0844515 0.781738 0.163045 0.327148 0.00821686
0 0.383042 0.491089 0.316327 0.484619 0.00766754
0 0.177975 0.471191 0.220729 0.485352 0.00757599
0 0.216255 0.378906 0.141566 0.255859 0.00754929
0 0.260026 0.369385 0.179643 0.236816 0.0069046
0 0.206003 0.522339 0.194613 0.570557 0.0068512
0 0.184687 0.797852 0.369374 0.384766 0.00682449
0 0.619637 0.612305 0.151004 0.351562 0.00626373
0 0.825315 0.427856 0.203074 0.351318 0.006073
0 0.802534 0.683105 0.373605 0.422852 0.00551224
0 0.608572 0.654785 0.165323 0.371094 0.00538635
0 0.445852 0.340332 0.145797 0.196289 0.00510025
0 0.348302 0.554688 0.560895 0.62793 0.930176
0 0.770803 0.48877 0.387598 0.510742 0.884766
0 0.308191 0.512817 0.40745 0.52124 0.0663452
0 0.371977 0.535034 0.453663 0.533447 0.039856
0 0.234642 0.580566 0.38532 0.549805 0.036499
0 0.465704 0.560547 0.277925 0.435547 0.0165253
0 0.733052 0.459473 0.317303 0.415039 0.00751877
0 0.619637 0.563477 0.105442 0.198242 0.0068779
0 0.76999 0.563477 0.417864 0.359375 0.00671768
0 0.0572773 0.72168 0.0553247 0.0917969 0.00629044
0 0.844841 0.494629 0.247334 0.460938 0.00600433
0 0.440564 0.70752 0.38288 0.354492 0.00534439
0 0.61443 0.54248 0.0898213 0.197266 0.00518036
0 0.444876 0.483398 0.231062 0.361328 0.00443268
0 0.0763969 0.678711 0.117972 0.1875 0.00403976
0 0.539579 0.645508 0.143193 0.263672 0.00402451
0 0.615731 0.585938 0.131478 0.236328 0.00400543
0 0.545762 0.591797 0.126921 0.234375 0.00363541
0 0.771942 0.352295 0.229109 0.210449 0.00341606
0 0.383042 0.488281 0.388575 0.435547 0.00336266
0 0.732727 0.581055 0.494993 0.667969 0.00331116
0 0.886497 0.501465 0.178341 0.447266 0.00323486
0 0.232364 0.669922 0.397036 0.40625 0.00322342
0 0.654909 0.483887 0.690182 0.618164 0.00311089
0 0.880639 0.566895 0.183548 0.317383 0.00282288
0 0.484254 0.566406 0.209583 0.293945 0.00277901
0 0.0914078 0.687012 0.104873 0.162109 0.0026722
0 0.234967 0.340332 0.080709 0.15625 0.00265312
0 0.786262 0.384766 0.400941 0.672852 0.00258064
0 0.79993 0.616699 0.364492 0.270508 0.00245285
0 0.589045 0.646973 0.16272 0.366211 0.00234222
0 0.415342 0.592285 0.42421 0.546875 0.00225258
0 0.914485 0.574219 0.144495 0.294922 0.00222588
0 0.434136 0.325684 0.0833125 0.166992 0.00202751
0 0.517774 0.571289 0.13343 0.169922 0.00194168
0 0.406799 0.388672 0.132779 0.230469 0.00193405
0 0.245056 0.345947 0.136685 0.184082 0.00188923
0 0.919041 0.608887 0.114555 0.217773 0.00188923
0 0.482301 0.486328 0.87348 0.972656 0.00183105
0 0.101578 0.71875 0.112521 0.21875 0.0018034
0 0.344315 0.414917 0.282481 0.32251 0.00176811
0 0.0765596 0.647461 0.130664 0.277344 0.00171375
0 0.414284 0.5 0.828569 1 0.00168705
0 0.415912 0.345703 0.114555 0.175781 0.00167465
0 0.466029 0.466797 0.190708 0.439453 0.00165462
0 0.799279 0.365967 0.197867 0.20459 0.00151253
0 0.938692 0.614746 0.122615 0.381836 0.00149536
0 0.323161 0.375854 0.26686 0.240479 0.00148964
0 0.926852 0.635254 0.0937266 0.169922 0.00144386
0 0.054023 0.654785 0.0924248 0.21582 0.00142097
0 0.34163 0.567261 0.602877 0.642822 0.915527
0 0.764295 0.482544 0.41103 0.497803 0.86084
0 0.345617 0.490356 0.551945 0.503662 0.0585632
0 0.356031 0.536133 0.037751 0.0507812 0.0115967
0 0.0577655 0.735352 0.0517449 0.0810547 0.00828552
0 0.41404 0.554199 0.443737 0.571289 0.00714874
0 0.432509 0.331055 0.0761528 0.186523 0.00643921
0 0.229272 0.334229 0.0810344 0.192871 0.00582123
0 0.0645184 0.646484 0.0805463 0.107422 0.00521851
0 0.115694 0.412109 0.0735493 0.0947266 0.00496292
0 0.613779 0.481445 0.0598809 0.0800781 0.00482941
0 0.212024 0.315674 0.088845 0.171387 0.00469971
0 0.0917332 0.503418 0.16215 0.328125 0.00468063
0 0.0623217 0.592773 0.0872178 0.136719 0.0045929
0 0.153933 0.484375 0.0533721 0.0683594 0.00429916
0 0.0709458 0.553711 0.109348 0.214844 0.0042305
0 0.0444225 0.594727 0.0670405 0.111328 0.00367928
0 0.609223 0.57959 0.0689932 0.241211 0.00359344
0 0.415586 0.354492 0.107395 0.216797 0.00333786
0 0.0924248 0.686523 0.126271 0.251953 0.00329781
0 0.653645 0.539551 0.658364 0.575195 0.00319672
0 0.108046 0.449219 0.191684 0.383789 0.00309944
0 0.0977946 0.493164 0.145471 0.230469 0.00302696
0 0.324463 0.533203 0.0436089 0.0566406 0.00282288
0 0.94052 0.587891 0.105442 0.506836 0.00279999
0 0.396385 0.347656 0.141892 0.21875 0.00266266
0 0.398989 0.547852 0.195264 0.214844 0.00259018
0 0.337481 0.836914 0.054023 0.0664062 0.0024929
0 0.198193 0.591309 0.337806 0.522461 0.0024147
0 0.475792 0.507324 0.834427 0.985352 0.00223351
0 0.163045 0.410034 0.137661 0.176025 0.00219917
0 0.210234 0.352539 0.128874 0.239258 0.00216484
0 0.0413308 0.633789 0.0641116 0.0996094 0.00215721
0 0.958094 0.717773 0.075502 0.419922 0.00194931
0 0.252216 0.344727 0.115206 0.207031 0.00191879
0 0.598809 0.610352 0.0885195 0.353516 0.00189686
0 0.110812 0.732422 0.0758274 0.203125 0.00183105
0 0.0984454 0.358887 0.156862 0.205078 0.00181007
0 0.917088 0.359131 0.154909 0.250488 0.00179577
0 0.101049 0.631836 0.169229 0.40918 0.00177479
0 1 0.655762 0 0.624023 0.00176811
0 0.771942 0.382812 0.330647 0.302734 0.00176144
0 0.939869 0.494141 0.111951 0.52832 0.0017271
0 0.0893331 0.404297 0.172157 0.285156 0.00168705
0 0.896911 0.363281 0.135383 0.230469 0.00162888
0 0.42242 0.418457 0.174436 0.276367 0.00162315
0 0.22553 0.30542 0.0911231 0.197754 0.0015974
0 0.80331 0.520508 0.393381 0.606445 0.0015974
0 0.0615081 0.741699 0.0637861 0.107422 0.00156116
0 0.554549 0.374023 0.145797 0.226562 0.0015192
0 0.332274 0.569214 0.589045 0.638916 0.931152
0 0.759576 0.490234 0.42177 0.484375 0.878418
0 0.0834752 0.719727 0.107395 0.158203 0.0175781
0 0.326741 0.82959 0.0742002 0.104492 0.0163422
0 0.136196 0.726562 0.234642 0.224609 0.0124817
0 0.10052 0.718262 0.15434 0.21875 0.012146
0 0.227482 0.320801 0.0872178 0.173828 0.0106964
0 0.445527 0.538208 0.389876 0.587646 0.00974274
0 0.166015 0.726562 0.287607 0.285156 0.00874329
0 0.439994 0.714355 0.381415 0.338867 0.00812531
0 0.372303 0.577637 0.45171 0.536133 0.0078125
0 0.95549 0.631836 0.075502 0.209961 0.00743103
0 0.261002 0.337402 0.147099 0.182617 0.00734711
0 0.581886 0.712402 0.085916 0.21875 0.00706482
0 0.434787 0.299316 0.0715967 0.116211 0.0069046
0 0.540229 0.703125 0.158814 0.263672 0.0068512
0 0.967206 0.682129 0.0572773 0.237305 0.00619125
0 0.212349 0.562988 0.34464 0.548828 0.00614548
0 0.930106 0.629395 0.080709 0.163086 0.00605011
0 0.928153 0.59082 0.0963301 0.230469 0.00595856
0 0.406148 0.358643 0.130176 0.220215 0.00557709
0 0.55943 0.73584 0.1113 0.205078 0.00519943
0 0.0022374 0.50769 0.00447479 0.748291 0.00511932
0 0.214627 0.305176 0.0862415 0.161133 0.00498199
0 0.913834 0.560059 0.137986 0.299805 0.00453949
0 0.557803 0.660156 0.128874 0.275391 0.00453949
0 0.576028 0.745117 0.0911231 0.191406 0.00431442
0 0 0.387573 0 0.769775 0.00424957
0 1 0.67627 0 0.647461 0.00424957
0 0.98523 0.66748 0.0295396 0.665039 0.00421524
0 0.00821735 0.545044 0.0164347 0.909912 0.00415039
0 0.400616 0.51123 0.801232 0.758789 0.00400543
0 0.591649 0.665039 0.0924248 0.226562 0.00388527
0 0.0685864 0.676758 0.119274 0.302734 0.00387001
0 0.0826616 0.650391 0.134732 0.267578 0.00380898
0 0.0221299 0.669434 0.0442598 0.661133 0.00374985
0 0.946378 0.592773 0.0989336 0.322266 0.0037365
0 0.110365 0.658203 0.201691 0.349609 0.00359344
0 0.43674 0.615112 0.804486 0.529541 0.00349617
0 0.387273 0.379395 0.158814 0.254883 0.00335121
0 0.939218 0.652344 0.0742002 0.150391 0.00331116
0 0.90342 0.688965 0.187453 0.322266 0.00328636
0 0.969159 0.730469 0.0546738 0.201172 0.00328636
0 0.447154 0.435059 0.210885 0.379883 0.00324821
0 0.0443411 0.615234 0.0886823 0.203125 0.00324821
0 0.182572 0.402832 0.178992 0.370117 0.00311089
0 0.068505 0.623535 0.105117 0.293945 0.003088
0 0.0154584 0.451172 0.0309168 0.902344 0.00305176
0 0.243754 0.504883 0.293546 0.527344 0.00302696
0 0.69445 0.484375 0.6111 0.542969 0.00299263
0 0.360668 0.55957 0.5648 0.614258 0.858398
0 0.765596 0.490723 0.403219 0.489258 0.795898
0 0.102676 0.719238 0.138963 0.166992 0.121277
0 0.238547 0.336426 0.0781055 0.167969 0.0987549
0 0.109348 0.727539 0.169229 0.224609 0.0585632
0 0.255877 0.34082 0.110487 0.182617 0.0484924
0 0.329426 0.359863 0.256284 0.210938 0.0391846
0 0.645672 0.586914 0.166625 0.298828 0.0267029
0 0.438042 0.31958 0.0774546 0.157715 0.0259094
0 0.425024 0.361328 0.100235 0.224609 0.0241852
0 0.223902 0.33252 0.0937266 0.166992 0.0171051
0 0.395084 0.369629 0.152306 0.236328 0.0165863
0 0.151004 0.491211 0.0527212 0.0722656 0.0110703
0 0.222926 0.519043 0.218044 0.542969 0.0109024
0 0.694488 0.495239 0.261653 0.491943 0.0100555
0 0.625006 0.584473 0.127247 0.241211 0.00955963
0 0.391829 0.504883 0.144495 0.136719 0.0091629
0 0.197216 0.450195 0.151655 0.421875 0.0086441
0 0.660642 0.501953 0.187453 0.484375 0.0068779
0 0.145146 0.502441 0.0546738 0.0664062 0.0068779
0 0.33325 0.838867 0.0663897 0.0957031 0.00641251
0 0.203888 0.378784 0.153282 0.283447 0.00609589
0 0.345942 0.390503 0.233015 0.273682 0.00568771
0 0.226506 0.300781 0.109348 0.217773 0.00561905
0 0.12143 0.625488 0.21536 0.456055 0.00482941
0 0.0536162 0.54248 0.0543484 0.0634766 0.00436401
0 0.739398 0.341553 0.145797 0.165527 0.00431442
0 0.0875839 0.666992 0.147017 0.313477 0.00431442
0 0.776987 0.398438 0.401267 0.576172 0.0042305
0 0.373279 0.585938 0.445852 0.542969 0.00385475
0 0.439343 0.34375 0.0924248 0.208008 0.00346947
0 0.764132 0.35498 0.174436 0.206055 0.00345612
0 0.0366119 0.601562 0.0569519 0.078125 0.00324821
0 0.154909 0.672363 0.249938 0.349609 0.00323486
0 0.281912 0.514526 0.343501 0.521729 0.00319672
0 0.598809 0.613281 0.0794072 0.21875 0.00312424
0 0.0536975 0.654297 0.0816853 0.114258 0.00300407
0 0.431207 0.385742 0.129525 0.275391 0.00298119
0 0.195955 0.571777 0.226425 0.575195 0.00277901
0 0.917739 0.59375 0.111951 0.234375 0.00251198
0 0.738097 0.462402 0.294197 0.432617 0.0024929
0 0.930757 0.637695 0.0794072 0.162109 0.00239754
0 0.376859 0.407104 0.175737 0.279541 0.00232315
0 0.581235 0.596191 0.165323 0.345703 0.00226974
0 0.605442 0.50293 0.789115 0.994141 0.00226974
0 0.0667151 0.701172 0.0995845 0.148438 0.00224304
0 0.882592 0.56543 0.182246 0.277344 0.00217438
0 0.764783 0.420898 0.212187 0.353516 0.00216484
0 0.686477 0.5 0.627046 1 0.00208282
0 0.799279 0.46875 0.291594 0.446289 0.0018177
0 0.335528 0.56543 0.591649 0.600586 0.903809
0 0.758925 0.505859 0.417864 0.483398 0.695801
0 0.101374 0.697266 0.160116 0.259766 0.018158
0 0.0971437 0.710938 0.135708 0.175781 0.0138474
0 0.338457 0.834961 0.0585791 0.0917969 0.0120544
0 0.796025 0.431641 0.270766 0.361328 0.00769424
0 0.334877 0.385254 0.293546 0.262695 0.00712204
0 0.163208 0.666992 0.276298 0.34082 0.00706482
0 0.743304 0.480347 0.291594 0.433838 0.00629044
0 0.621101 0.594238 0.124643 0.292969 0.00624084
0 0.581886 0.774414 0.0781055 0.113281 0.0055542
0 0.768037 0.359863 0.195264 0.207031 0.00538635
0 0.764783 0.614746 0.364492 0.262695 0.00534439
0 0.930106 0.655762 0.0728984 0.124023 0.0053215
0 0.928153 0.628906 0.0833125 0.162109 0.00511932
0 0.372954 0.600098 0.433485 0.543945 0.00498199
0 0.384669 0.366943 0.18485 0.234863 0.00486755
0 0.578631 0.739258 0.0820107 0.173828 0.00455475
0 0.674148 0.505371 0.619962 0.485352 0.00450516
0 0.600273 0.614746 0.0907976 0.236328 0.00439835
0 0.419817 0.364502 0.145797 0.228027 0.00391388
0 0.640465 0.698242 0.0520703 0.09375 0.00383949
0 0.103652 0.637695 0.170856 0.386719 0.00379562
0 0.589045 0.666016 0.0781055 0.171875 0.00378036
0 0.748673 0.411133 0.364167 0.477539 0.00358009
0 0.416237 0.396362 0.219997 0.299072 0.00342941
0 0.426977 0.705078 0.365794 0.322266 0.00342941
0 0.573424 0.783203 0.075502 0.103516 0.00337601
0 0.316002 0.39563 0.387924 0.448975 0.00329781
0 0.26027 0.34375 0.126433 0.165039 0.00327301
0 0.418515 0.344971 0.11846 0.190918 0.00312424
0 0.926201 0.691406 0.0520703 0.0605469 0.00292397
0 0.231713 0.333496 0.101537 0.163086 0.00291252
0 0.698393 0.697266 0.0650879 0.0820312 0.00283432
0 0.624844 0.638672 0.114555 0.1875 0.00271416
0 0.336423 0.348389 0.27223 0.183105 0.0026722
0 0.0811972 0.652344 0.133756 0.263672 0.00263214
0 0.147424 0.508301 0.292245 0.741211 0.00255013
0 0.178341 0.716797 0.313724 0.265625 0.00255013
0 0.75502 0.406738 0.219997 0.296875 0.00251198
0 0.52591 0.402832 0.774546 0.474609 0.0024929
0 0.130176 0.688477 0.260352 0.34375 0.00248146
0 0.235944 0.54834 0.421119 0.540039 0.00247192
0 0.215115 0.324707 0.0989336 0.181641 0.0024147
0 0.677565 0.620117 0.596205 0.525391 0.00224304
0 0.799279 0.353027 0.145797 0.181641 0.00220871
0 0.943774 0.643555 0.0885195 0.125 0.00219917
0 0.326741 0.80957 0.0826616 0.118164 0.00219917
0 0.21658 0.359863 0.103164 0.229492 0.00214005
0 0.0629725 0.678223 0.0950283 0.176758 0.00212479
0 0.77601 0.491699 0.421444 0.510742 0.904297
0 0.368072 0.558472 0.546087 0.644775 0.788574
0 0.0613453 0.726562 0.0634607 0.117188 0.00661469
0 0.0813599 0.694336 0.112602 0.199219 0.00426483
0 0.576028 0.764648 0.0963301 0.15332 0.00332451
0 0.33325 0.82959 0.0663897 0.100586 0.00313568
0 0.69644 0.96875 0.0286387 0.0371094 0.0030632
0 0.1041 0.717285 0.099015 0.229492 0.00292397
0 0.75502 0.401489 0.395734 0.534912 0.00268364
0 0.0878687 0.688965 0.135057 0.251953 0.00252151
0 0.436089 0.705078 0.359285 0.332031 0.00217438
0 0.675612 0.488281 0.60011 0.56543 0.00206757
0 0.0532907 0.694336 0.0750138 0.152344 0.00195694
0 0.0390527 0.662598 0.0533721 0.130859 0.00191879
0 0.148889 0.692383 0.21837 0.294922 0.00185299
0 0.641116 0.402832 0.626146 0.515625 0.00178909
0 0.928804 0.693359 0.0455615 0.0605469 0.00177479
0 0.0302659 0.612305 0.0423071 0.0878906 0.00172043
0 0.902118 0.846191 0.0234316 0.0351562 0.00167465
0 0.338457 0.38562 0.445201 0.451416 0.00167465
0 0.405823 0.382935 0.367747 0.4646 0.00157356
0 0.929455 0.657715 0.0676914 0.125 0.00144958
0 0.335935 0.382935 0.291431 0.259521 0.00144386
0 0.0676914 0.649902 0.104141 0.25 0.0014267
0 0.419817 0.339844 0.114555 0.192383 0.00137806
0 0.0570333 0.547852 0.0567892 0.0722656 0.00135612
0 0.567241 0.746094 0.120413 0.179688 0.0012846
0 0.150516 0.48291 0.0514194 0.0810547 0.00127411
0 0.431533 0.753418 0.275973 0.24707 0.00127411
0 0.114229 0.677246 0.174436 0.318359 0.00124454
0 0.922946 0.599609 0.0937266 0.226562 0.0012064
0 0.942473 0.769531 0.0494668 0.0820312 0.0012064
0 0.972413 0.766602 0.0312422 0.0566406 0.00114727
0 0.298753 0.815918 0.075502 0.120117 0.00113773
0 0.488159 0.401855 0.68863 0.549805 0.00111198
0 0.3889 0.362549 0.185501 0.230957 0.00109005
0 0.569519 0.815918 0.0794072 0.0742188 0.00106907
0 0.751114 0.605957 0.351475 0.28125 0.00106049
0 0.697742 0.707031 0.0442598 0.0683594 0.00105286
0 0.14059 0.490234 0.28118 0.714844 0.00104809
0 0.971111 0.719727 0.0312422 0.0742188 0.00103188
0 0.231062 0.326904 0.0735493 0.175293 0.00102806
0 0.609223 0.574219 0.085916 0.240234 0.00102043
0 0.763481 0.498535 0.420468 0.516602 0.88623
0 0.341711 0.530762 0.610524 0.638672 0.762207
0 0.426326 0.342041 0.105442 0.19873 0.0134811
0 0.398338 0.569824 0.480349 0.592773 0.00971222
0 0.394758 0.365479 0.173134 0.249512 0.00933838
0 0.0750138 0.726562 0.0898213 0.144531 0.00831604
0 0.0904722 0.706055 0.13701 0.210938 0.00516129
0 0.354404 0.372314 0.255795 0.269043 0.00309944
0 0.232201 0.324463 0.0790818 0.169434 0.00266266
0 0.425349 0.373291 0.132128 0.252441 0.00219154
0 0.255063 0.338135 0.110812 0.17627 0.00215721
0 0.334226 0.827637 0.0689932 0.100586 0.00190449
0 0.211536 0.711426 0.400291 0.286133 0.00185299
0 0.0672033 0.707031 0.103164 0.152344 0.00179577
0 0.753067 0.405273 0.402243 0.493164 0.00177479
0 0.760227 0.336914 0.143193 0.164062 0.00163555
0 0.0914892 0.651367 0.153526 0.308594 0.00162315
0 0.922946 0.606445 0.0963301 0.210938 0.00161076
0 0.674961 0.393555 0.527212 0.467773 0.00158501
0 0.205678 0.344482 0.0989336 0.249512 0.00154877
0 0.168252 0.695312 0.285736 0.271484 0.00153637
0 0.435763 0.289062 0.0911231 0.157227 0.00149536
0 0.22374 0.29834 0.0901467 0.19043 0.00147247
0 0.241964 0.539551 0.420793 0.631836 0.00146103
0 0.312503 0.387207 0.429417 0.446289 0.00134563
0 0.742002 0.32959 0.114555 0.147461 0.00131512
0 0.887799 0.575195 0.171832 0.275391 0.00128937
0 0.0578469 0.688477 0.0919366 0.194336 0.00124454
0 0.201122 0.379883 0.146448 0.311523 0.0012064
0 0.514194 0.387207 0.0885195 0.204102 0.00116539
0 0.816853 0.450195 0.270766 0.404297 0.00115108
0 0.485556 0.36377 0.13343 0.206055 0.0011034
0 0.805137 0.337402 0.128874 0.163086 0.00109005
0 0.238547 0.787109 0.294197 0.173828 0.00107765
0 0.267186 0.455078 0.308517 0.416992 0.00102806
0 0.0600436 0.586914 0.0960046 0.1875 0.00102043
0 0.930757 0.648438 0.0728984 0.135742 0.00101662
0 0.394758 0.380371 0.354729 0.424805 0.00101662
0 0.346837 0.546997 0.589859 0.650146 0.939453
0 0.766898 0.467773 0.395409 0.501953 0.876465
0 0.240174 0.32666 0.0872178 0.169922 0.0352173
0 0.176673 0.708984 0.296231 0.265625 0.0116882
0 0.0930757 0.722656 0.122365 0.203125 0.00874329
0 0.217719 0.317871 0.0800581 0.170898 0.00766754
0 0.231387 0.302246 0.0956792 0.195312 0.00530243
0 0.256446 0.334961 0.108697 0.169922 0.00473785
0 0.437391 0.32373 0.0885195 0.169922 0.00356483
0 0.147912 0.713867 0.226831 0.233398 0.00309944
0 0.187941 0.536987 0.311446 0.617432 0.0030632
0 0.295824 0.346436 0.175086 0.190918 0.00286674
0 0.337074 0.358398 0.265721 0.214844 0.00149536
0 0.200796 0.361816 0.14775 0.270508 0.00149536
0 0.417539 0.355713 0.134081 0.230957 0.00129414
0 0.209258 0.29541 0.0846143 0.195312 0.00123501
0 0.24587 0.460815 0.260026 0.453369 0.00121593
0 0.21837 0.707031 0.384669 0.292969 0.00121593
0 0.0796513 0.704102 0.128386 0.213867 0.00116539
0 0.332925 0.831543 0.0618335 0.0908203 0.00116539
0 0.739398 0.331787 0.117158 0.16748 0.00111198
0 0.0950283 0.671875 0.144821 0.283203 0.00109482
0 0.341793 0.558594 0.620776 0.638672 0.911133
0 0.768688 0.494629 0.412657 0.508789 0.899414
0 0.0927909 0.710938 0.133349 0.169922 0.00551224
0 0.103205 0.709961 0.165242 0.208984 0.00312424
0 0.236757 0.331055 0.0868923 0.162109 0.00301552
0 0.42958 0.354004 0.105442 0.209961 0.00287819
0 0.330321 0.396484 0.309168 0.290039 0.00260162
0 0.25547 0.341064 0.11846 0.161621 0.00247192
0 0.606456 0.575195 0.088845 0.244141 0.00224304
0 0.0815226 0.693359 0.137661 0.210938 0.00206757
0 0.171669 0.69043 0.302333 0.266602 0.00176811
0 0.215929 0.705078 0.394758 0.310547 0.00171375
0 0.452361 0.415527 0.132779 0.322266 0.0017004
0 0.913834 0.5625 0.126271 0.304688 0.0017004
0 0.439994 0.330566 0.0833125 0.172852 0.00166798
0 0.285085 0.340576 0.178992 0.164551 0.00160408
0 0.905373 0.507324 0.154909 0.413086 0.00157928
0 0.256121 0.516602 0.298753 0.525391 0.00146103
0 0.544135 0.610352 0.135383 0.328125 0.0014267
0 0.119762 0.65332 0.210234 0.306641 0.00139904
0 0.406799 0.380371 0.153607 0.254883 0.00134563
0 0.517449 0.61084 0.178341 0.40332 0.00127411
0 0.0914485 0.655762 0.15914 0.288086 0.0011692
0 0.22618 0.336426 0.111951 0.18457 0.00113392
0 0.331216 0.349365 0.270928 0.191895 0.00106907
0 0.483603 0.453125 0.165323 0.388672 0.00106525
0 0.233991 0.364258 0.162069 0.212891 0.00103664
0 0.496621 0.519531 0.182246 0.425781 0.00102425
0 0.771942 0.491211 0.394433 0.483398 0.855957
0 0.346186 0.558105 0.625006 0.612305 0.806641
0 0.235293 0.334717 0.0846143 0.14502 0.00941467
0 0.25547 0.342529 0.113253 0.148926 0.00837708
0 0.0849397 0.708984 0.11488 0.167969 0.00757599
0 0.339677 0.373047 0.282644 0.220703 0.00679779
0 0.298753 0.345459 0.197867 0.163574 0.00482941
0 0.415912 0.359375 0.124969 0.225586 0.00477219
0 0.432835 0.337402 0.0911231 0.1875 0.00351143
0 0.0958419 0.708008 0.144495 0.203125 0.00294685
0 0.740049 0.393555 0.243429 0.265625 0.00273705
0 0.742002 0.341309 0.111951 0.15918 0.00251198
0 0.218858 0.325195 0.094052 0.172852 0.00239754
0 0.26686 0.483521 0.321534 0.460693 0.00231361
0 0.078675 0.687988 0.129037 0.213867 0.00201988
0 0.887148 0.566406 0.177039 0.286133 0.00186062
0 0.764132 0.349121 0.145797 0.180664 0.00182438
0 0.253843 0.365723 0.162069 0.216797 0.00178909
0 0.921645 0.597656 0.100235 0.223633 0.00157356
0 0.73289 0.359863 0.135383 0.212891 0.00146675
0 0.33325 0.834961 0.0585791 0.0878906 0.00145531
0 0.323812 0.831055 0.0702949 0.0878906 0.00138855
0 0.43674 0.373047 0.136685 0.253906 0.00124454
0 0.730286 0.42334 0.299404 0.335938 0.00119209
0 0.0842888 0.650879 0.143193 0.27832 0.00112915
0 0.227808 0.295898 0.0976318 0.208008 0.0011158
0 0.174924 0.692383 0.30754 0.269531 0.00103188
0 0.767386 0.482422 0.39964 0.495117 0.857422
0 0.341711 0.556519 0.613128 0.636963 0.84668
0 0.0890077 0.705078 0.127572 0.157227 0.0259552
0 0.157513 0.695312 0.270766 0.255859 0.00754929
0 0.926852 0.630859 0.0833125 0.162109 0.00740433
0 0.096981 0.724609 0.121063 0.203125 0.00661469
0 0.436089 0.323486 0.0839634 0.162598 0.00612259
0 0.423722 0.354492 0.106744 0.21875 0.00600433
0 0.928153 0.654297 0.0728984 0.125977 0.00551224
0 0.607921 0.569336 0.085916 0.257812 0.00355148
0 0.891704 0.567383 0.158814 0.287109 0.00353813
0 0.443249 0.349609 0.108046 0.212891 0.00305176
0 0.929455 0.672852 0.0611826 0.0986328 0.002388
0 0.410054 0.372803 0.124969 0.249512 0.00226021
0 0.334877 0.379395 0.283783 0.24707 0.00211525
0 0.0862415 0.651855 0.1484 0.253906 0.0020504
0 0.0663897 0.67041 0.104466 0.15625 0.00191212
0 0.45529 0.379395 0.149051 0.25293 0.00184631
0 0.236432 0.330078 0.0836379 0.139648 0.00183105
0 0.547389 0.654785 0.149702 0.267578 0.00169373
0 0.335203 0.84668 0.0533721 0.0722656 0.00169373
0 0.255795 0.341309 0.109999 0.147461 0.00166798
0 0.405172 0.345459 0.150353 0.200684 0.00164223
0 0.0774546 0.713379 0.132128 0.217773 0.00163555
0 0.320883 0.844238 0.0598809 0.0771484 0.00156116
0 0.590998 0.644531 0.0846143 0.195312 0.00152493
0 0.319582 0.504761 0.423722 0.51001 0.00148392
0 0.512242 0.393555 0.106093 0.217773 0.00146103
0 0.502479 0.608398 0.204376 0.383789 0.00145531
0 0.579933 0.721191 0.085916 0.192383 0.00129414
0 0.491414 0.347168 0.156211 0.228516 0.00125504
0 0.238222 0.479614 0.251239 0.45874 0.00119209
0 0.497272 0.527832 0.177039 0.336914 0.00119209
0 0.330321 0.348145 0.254494 0.176758 0.00112915
0 0.193962 0.609863 0.333901 0.475586 0.00106049
0 0.288339 0.343994 0.177039 0.165527 0.00103664
0 0.973715 0.701172 0.0299404 0.12793 0.00101185
0 0.343664 0.541016 0.619637 0.625 0.838867
0 0.768688 0.4823 0.404847 0.486572 0.836914
0 0.425024 0.362305 0.101537 0.226562 0.0226746
0 0.435763 0.335205 0.080709 0.17334 0.0150757
0 0.0819294 0.703125 0.114392 0.163086 0.0144501
0 0.0909603 0.691406 0.141241 0.199219 0.00891876
0 0.40745 0.37793 0.131478 0.256836 0.00878143
0 0.599948 0.549805 0.0784309 0.243164 0.0078125
0 0.352125 0.383789 0.253843 0.248047 0.00544739
0 0.448781 0.380859 0.152306 0.262695 0.00403976
0 0.0901467 0.719727 0.120738 0.208984 0.0036068
0 0.235293 0.332031 0.0794072 0.142578 0.00342941
0 0.926201 0.618164 0.0872178 0.189453 0.0029583
0 0.249287 0.342041 0.0976318 0.146973 0.00244331
0 0.890402 0.565918 0.164021 0.290039 0.00209045
0 0.483603 0.439331 0.174436 0.361572 0.00179577
0 0.110649 0.685547 0.178015 0.273438 0.00178909
0 0.0958419 0.643555 0.153607 0.296875 0.0017004
0 0.591649 0.623535 0.0781055 0.243164 0.00168705
0 0.929455 0.652344 0.0702949 0.126953 0.00157356
0 0.491414 0.493164 0.209583 0.392578 0.00149536
0 0.0626471 0.672852 0.0982827 0.198242 0.00144386
0 0.0760715 0.701172 0.130989 0.24707 0.00135612
0 0.260677 0.461426 0.324138 0.424805 0.00134087
0 0.546738 0.595703 0.141892 0.369141 0.00124454
0 0.334552 0.844727 0.0533721 0.0683594 0.00117874
0 0.512567 0.587402 0.20763 0.430664 0.00115585
0 0.621589 0.569336 0.119762 0.3125 0.00115585
0 0.332274 0.350342 0.250588 0.172363 0.00113773
0 0.773895 0.351807 0.166625 0.186035 0.00106525
0 0.695139 0.964844 0.0247334 0.0273438 0.00105667
0 0.223577 0.335693 0.101537 0.158691 0.00103664
0 0.476443 0.36499 0.153607 0.213379 0.00102806
0 0.318605 0.842285 0.0566265 0.0693359 0.00101662
0 0.313724 0.483521 0.416563 0.45874 0.00101185
0 0.341711 0.544434 0.62224 0.633789 0.876465
0 0.770641 0.478027 0.402243 0.489258 0.869629
0 0.0829871 0.709473 0.114555 0.177734 0.0109482
0 0.435763 0.330566 0.0813599 0.170898 0.00898743
0 0.442923 0.356934 0.10349 0.219727 0.0055542
0 0.595554 0.594727 0.0794072 0.253906 0.00511932
0 0.0940113 0.711914 0.136766 0.230469 0.00443268
0 0.926201 0.615234 0.0846143 0.185547 0.00439835
0 0.540555 0.616211 0.14775 0.349609 0.00311089
0 0.890402 0.567383 0.164021 0.288086 0.00307465
0 0.467657 0.42041 0.178992 0.350586 0.0029583
0 0.417864 0.373779 0.110649 0.254395 0.00281143
0 0.590347 0.630371 0.0833125 0.235352 0.00244331
0 0.695139 0.966797 0.0234316 0.0273438 0.00232315
0 0.516798 0.594727 0.19266 0.416016 0.00226021
0 0.48881 0.512207 0.206979 0.40918 0.00211525
0 0.597507 0.543945 0.075502 0.257812 0.00193405
0 0.927503 0.647461 0.075502 0.132812 0.00193405
0 0.26027 0.486206 0.320395 0.490479 0.00165462
0 0.406474 0.347656 0.146448 0.202148 0.0016489
0 0.579282 0.714844 0.0872178 0.222656 0.0015974
0 0.162069 0.6875 0.28118 0.287109 0.0015192
0 0.234316 0.327148 0.0794072 0.150391 0.0014267
0 0.941171 0.90625 0.0208281 0.0273438 0.00129414
0 0.54088 0.548828 0.119762 0.402344 0.00120163
0 0.473514 0.367432 0.166625 0.233887 0.0011158
0 0.0680982 0.691406 0.103978 0.214844 0.00109482
0 0.248961 0.339355 0.0982827 0.151367 0.00105286
0 0.345942 0.553589 0.622891 0.62915 0.89502
0 0.771292 0.483887 0.406148 0.492188 0.873047
0 0.0740375 0.709961 0.0950283 0.160156 0.0128708
0 0.089984 0.700684 0.133105 0.186523 0.00763702
0 0.43674 0.336914 0.080709 0.181641 0.00572968
0 0.233666 0.330078 0.080709 0.150391 0.00383949
0 0.928153 0.620117 0.0846143 0.179688 0.00327301
0 0.443249 0.35791 0.101537 0.21875 0.00268364
0 0.695139 0.96582 0.0234316 0.0253906 0.00243378
0 0.246195 0.339355 0.0979573 0.147461 0.002388
0 0.602714 0.572266 0.0794072 0.246094 0.00231361
0 0.900816 0.569336 0.145797 0.283203 0.00181007
0 0.260026 0.473633 0.320883 0.462891 0.00176144
0 0.929455 0.649414 0.0742002 0.130859 0.00175476
0 0.459521 0.390747 0.157513 0.290771 0.00144958
0 0.22195 0.320312 0.0898213 0.175781 0.00138283
0 0.418515 0.374756 0.113253 0.257324 0.00135136
0 0.129484 0.687012 0.215522 0.28418 0.00133514
0 0.333575 0.842773 0.0566265 0.0761719 0.00130463
0 0.405498 0.348145 0.147099 0.203125 0.00123024
0 0.322185 0.84082 0.0559756 0.0742188 0.00117397
0 0.074607 0.644043 0.118623 0.238281 0.00116539
0 0.941171 0.90625 0.0208281 0.0273438 0.00103188
0 0.345942 0.553589 0.622891 0.62915 0.89502
0 0.771292 0.483887 0.406148 0.492188 0.873047
0 0.0740375 0.709961 0.0950283 0.160156 0.01297
0 0.089984 0.700684 0.133105 0.186523 0.00772476
0 0.43674 0.336914 0.080709 0.181641 0.00570679
0 0.233503 0.330078 0.0810344 0.150391 0.00385475
0 0.928153 0.620117 0.0846143 0.179688 0.00329781
0 0.443249 0.35791 0.101537 0.21875 0.0026722
0 0.695139 0.96582 0.0234316 0.0253906 0.00247192
0 0.246032 0.339355 0.0982827 0.147461 0.002388
0 0.602551 0.572266 0.0784309 0.246094 0.00232315
0 0.900816 0.569336 0.145797 0.283203 0.00181007
0 0.929455 0.649414 0.0742002 0.130859 0.00176811
0 0.260026 0.473633 0.320883 0.462891 0.00176144
0 0.459521 0.391113 0.157513 0.291016 0.00144386
0 0.22195 0.320312 0.0898213 0.175781 0.00137806
0 0.418515 0.374756 0.113253 0.257324 0.00135612
0 0.129688 0.687012 0.216417 0.28418 0.00134563
0 0.333575 0.842773 0.0566265 0.0761719 0.00130463
0 0.405498 0.348145 0.147099 0.203125 0.00123024
0 0.322185 0.841309 0.0559756 0.0732422 0.00117397
0 0.0745256 0.644531 0.11846 0.238281 0.00116539
0 0.941171 0.90625 0.0208281 0.0273438 0.00102806
