0 0.657675 0.5177 0.684649 0.86499 0.192505
0 0.559756 0.707031 0.382717 0.519531 0.108948
0 0.525585 0.580566 0.435438 0.741211 0.0394287
0 0.229435 0.727539 0.05923 0.0878906 0.0308533
0 0.770766 0.568481 0.458469 0.810303 0.0271149
0 0.887273 0.23053 0.225454 0.298706 0.0200958
0 0.835854 0.54541 0.328293 0.90918 0.0143356
0 0.647099 0.546021 0.705803 0.907959 0.0131226
0 0.569519 0.628418 0.347569 0.555664 0.0129242
0 0.864167 0.193848 0.271667 0.387695 0.0115051
0 0.579082 0.497559 0.841836 0.995117 0.0104904
0 0.665323 0.5 0.669354 1 0.00844574
0 0.586567 0.549805 0.826866 0.900391 0.00844574
0 0.537751 0.5 0.924498 1 0.00800323
0 0.412983 0.651489 0.661944 0.681396 0.0068512
0 0.26686 0.870117 0.283783 0.257812 0.00661469
0 0.638512 0.741211 0.252541 0.517578 0.00658798
0 0.5 0.5 1 1 0.00636292
0 0.473514 0.402832 0.30396 0.556641 0.00621796
0 0.553898 0.551758 0.339759 0.469727 0.00619125
0 0.322185 0.78125 0.417864 0.419922 0.006073
0 0.797978 0.699219 0.395734 0.541016 0.00593567
0 0.5 0.5 1 1 0.00593567
0 0.376859 0.522949 0.152306 0.199219 0.00542831
0 0.335854 0.5 0.671707 1 0.00527954
0 0.524608 0.818359 0.274671 0.314453 0.00518036
0 0.380113 0.5 0.760227 1 0.00511932
0 0.490112 0.913818 0.158814 0.125488 0.00443268
0 0.5 0.5 1 1 0.00416565
0 0.5 0.5 1 1 0.00411606
0 0.5 0.5 1 1 0.00403976
0 0.245992 0.835938 0.325521 0.324219 0.00400543
0 0.5 0.5 1 1 0.00313568
0 0.579608 0.813477 0.323487 0.363281 0.00312424
0 0.673009 0.838867 0.200471 0.294922 0.003088
0 0.523632 0.469727 0.382066 0.576172 0.00298119
0 0.680169 0.748047 0.204376 0.503906 0.00298119
0 0.420793 0.41394 0.24473 0.439697 0.00277901
0 0.469935 0.525391 0.324138 0.677734 0.00269318
0 0.641116 0.779785 0.21479 0.415039 0.00263214
0 0.26922 0.710449 0.393619 0.543945 0.00253105
0 0.492715 0.6875 0.264257 0.5625 0.00240517
0 0.480349 0.837891 0.216092 0.296875 0.00223351
0 0.438367 0.509644 0.401592 0.961182 0.00214958
0 0.398989 0.0556641 0.128874 0.109375 0.00209999
0 0.805788 0.593872 0.380113 0.67749 0.00208282
0 0.429906 0.793457 0.486207 0.401367 0.0020504
0 0.929255 0.175049 0.141491 0.33252 0.00201035
0 0.36197 0.862305 0.473677 0.275391 0.00198746
0 0.667639 0.710938 0.54446 0.574219 0.00192642
0 0.562034 0.739258 0.319582 0.449219 0.483398
0 0.67366 0.726074 0.554549 0.489258 0.169434
0 0.597344 0.706055 0.250263 0.429688 0.131226
0 0.68326 0.520996 0.591323 0.922852 0.0720825
0 0.846919 0.230957 0.306163 0.37207 0.0633545
0 0.475792 0.839844 0.139288 0.287109 0.0526123
0 0.884544 0.236328 0.221299 0.302734 0.049408
0 0.790292 0.499512 0.419416 0.969727 0.0490417
0 0.502479 0.725098 0.290292 0.512695 0.0430298
0 0.512242 0.743164 0.222601 0.464844 0.0428772
0 0.601412 0.739746 0.403545 0.516602 0.041626
0 0.545437 0.760742 0.270766 0.367188 0.0409851
0 0.456917 0.713379 0.546738 0.510742 0.0388184
0 0.63656 0.616211 0.166625 0.232422 0.0354919
0 0.803185 0.334717 0.0598809 0.0825195 0.0302734
0 0.660642 0.605469 0.11846 0.183594 0.0294189
0 0.979047 0.960938 0.0419063 0.0761719 0.0287628
0 0.619637 0.755859 0.218695 0.373047 0.0283356
0 0.639814 0.692383 0.167927 0.31543 0.0267029
0 0.490763 0.805664 0.178341 0.304688 0.0244293
0 0.520378 0.665527 0.434136 0.612305 0.0197906
0 0.461473 0.84082 0.102839 0.255859 0.0173035
0 0.843013 0.439941 0.313974 0.813477 0.0166626
0 0.238059 0.705078 0.0719221 0.105469 0.0161591
0 0.812297 0.291504 0.0833125 0.170898 0.016098
0 0.428848 0.628418 0.625006 0.709961 0.0151901
0 0.665198 0.564453 0.0963301 0.167969 0.0138474
0 0.703074 0.362305 0.593852 0.681641 0.0129242
0 0.477094 0.736816 0.415261 0.500977 0.011734
0 0.558129 0.804199 0.309168 0.338867 0.0116425
0 0.935438 0.240173 0.129124 0.277466 0.0108185
0 0.682734 0.5 0.634531 1 0.0104523
0 0.553047 0.52002 0.893907 0.959961 0.0103683
0 0.645835 0.799805 0.158489 0.316406 0.0103302
0 0.816853 0.241943 0.122365 0.309082 0.0102463
0 0.366526 0.5625 0.514032 0.777344 0.0100098
0 0.575377 0.741211 0.381415 0.517578 0.00919342
0 0.894308 0.796875 0.0650879 0.0761719 0.00857544
0 0.263931 0.899414 0.0709458 0.138672 0.00806427
0 0.501953 0.5 0.996095 1 0.0077858
0 0.652181 0.574219 0.114555 0.21875 0.00746155
0 0.357333 0.541016 0.120413 0.167969 0.00746155
0 0.361889 0.462036 0.160116 0.320068 0.00740433
0 0.87413 0.299072 0.240825 0.328613 0.00728989
0 0.379462 0.537109 0.105442 0.164062 0.00728989
0 0.435438 0.709961 0.227808 0.513672 0.00728989
0 0.786262 0.344238 0.0676914 0.0761719 0.00723267
0 0.5 0.5 1 1 0.0068779
0 0.5 0.5 1 1 0.00671768
0 0.982301 0.0732422 0.0353975 0.0961914 0.00666809
0 0.571797 0.674805 0.320883 0.408203 0.369385
0 0.893131 0.196228 0.213738 0.307739 0.343262
0 0.513543 0.713867 0.252541 0.417969 0.329346
0 0.19087 0.811523 0.280854 0.363281 0.297363
0 0.44032 0.453247 0.259701 0.3396 0.2854
0 0.633305 0.680664 0.196565 0.408203 0.223999
0 0.977094 0.953125 0.0458115 0.078125 0.167236
0 0.411355 0.480469 0.201772 0.277344 0.151978
0 0.231062 0.699219 0.05923 0.0722656 0.151001
0 0.532744 0.619995 0.396385 0.674072 0.0951538
0 0.662595 0.566406 0.114555 0.197266 0.0715942
0 0.922946 0.215576 0.153607 0.299805 0.0700684
0 0.2034 0.789551 0.216743 0.370117 0.0700684
0 0.790818 0.633789 0.368397 0.646484 0.057373
0 0.659829 0.635254 0.591323 0.649414 0.0570679
0 0.610524 0.682617 0.443899 0.5625 0.0469971
0 0.958219 0.236572 0.0835625 0.310059 0.0450134
0 0.500851 0.645508 0.275322 0.464844 0.0402527
0 0.773895 0.679199 0.373605 0.489258 0.039856
0 0.453012 0.509766 0.278576 0.40332 0.0387573
0 0.982301 0.0847168 0.0353975 0.0644531 0.0370483
0 0.441947 0.584961 0.364492 0.529297 0.0360107
0 0.602714 0.726562 0.242127 0.322266 0.0322266
0 0.469609 0.449707 0.272718 0.411133 0.0304413
0 0.376208 0.493286 0.159465 0.249756 0.0303345
0 0.492064 0.556152 0.402243 0.68457 0.0297546
0 0.431858 0.547363 0.602063 0.836914 0.0290375
0 0.489136 0.749023 0.228459 0.412109 0.0270081
0 0.507035 0.798828 0.239523 0.339844 0.0255585
0 0.233015 0.685547 0.069644 0.0800781 0.0237274
0 0.656086 0.5 0.0781055 0.0839844 0.0231018
0 0.627447 0.586426 0.18485 0.250977 0.0227966
0 0.65153 0.759766 0.152306 0.261719 0.0226746
0 0.852126 0.305603 0.295749 0.369263 0.0223236
0 0.870876 0.260986 0.182246 0.209473 0.018692
0 0.647625 0.548828 0.124969 0.195312 0.018692
0 0.940645 0.216858 0.11871 0.251831 0.0184784
0 0.180334 0.733398 0.211454 0.15625 0.0179901
0 0.312503 0.268555 0.294035 0.269531 0.0170441
0 0.361238 0.96875 0.0572773 0.0507812 0.0170441
0 0.668453 0.518555 0.0937266 0.126953 0.016922
0 0.702949 0.514648 0.179643 0.207031 0.0149002
0 0.137986 0.0859375 0.275973 0.171875 0.0147324
0 0.697742 0.547852 0.174436 0.210938 0.0146179
0 0.930757 0.0981445 0.0702949 0.0820312 0.0141754
0 0.146814 0.185791 0.290211 0.349609 0.0131226
0 0.376208 0.532227 0.130176 0.1875 0.0131226
0 0.675612 0.807129 0.105442 0.170898 0.0124283
0 0.763481 0.440918 0.339759 0.361328 0.012146
0 0.818806 0.33667 0.0702949 0.0776367 0.0121002
0 0.680294 0.618164 0.639413 0.65625 0.309082
0 0.52591 0.681641 0.378812 0.572266 0.256104
0 0.798103 0.618652 0.403795 0.674805 0.141479
0 0.820107 0.446777 0.239523 0.407227 0.081543
0 0.537301 0.617188 0.505733 0.660156 0.0797729
0 0.559105 0.722168 0.308517 0.481445 0.0766602
0 0.372303 0.467773 0.160116 0.308594 0.0592041
0 0.449757 0.643677 0.581886 0.669678 0.0490417
0 0.846143 0.703125 0.239523 0.523438 0.0403137
0 0.202912 0.813477 0.202749 0.320312 0.035675
0 0.607758 0.703125 0.216417 0.4375 0.03302
0 0.413959 0.463013 0.229109 0.320068 0.0243835
0 0.825315 0.57666 0.239523 0.620117 0.0230713
0 0.268081 0.848633 0.0769664 0.240234 0.0203705
0 0.234967 0.722656 0.0833125 0.128906 0.0198669
0 0.480349 0.470215 0.356682 0.394531 0.0189819
0 0.430231 0.515625 0.510289 0.804688 0.0153656
0 0.284353 0.369385 0.552108 0.69873 0.0150757
0 0.547064 0.567383 0.415912 0.518555 0.0149536
0 0.632817 0.721191 0.163696 0.522461 0.0149536
0 0.860462 0.41748 0.256446 0.441406 0.0141144
0 0.861764 0.244629 0.235618 0.474609 0.0133286
0 0.579282 0.63623 0.292896 0.575195 0.0124283
0 0.0375476 0.588379 0.0750952 0.823242 0.012146
0 0.615731 0.793457 0.195264 0.40332 0.0107803
0 0.264338 0.898438 0.0662269 0.146484 0.0106506
0 0.889751 0.200928 0.219997 0.401855 0.0104904
0 0.240012 0.732422 0.116182 0.501953 0.0104523
0 0.648926 0.69043 0.139288 0.419922 0.01017
0 0.2776 0.752441 0.338457 0.444336 0.0100098
0 0.263931 0.293945 0.527863 0.532227 0.00959778
0 0.811646 0.361328 0.216092 0.363281 0.00912476
0 0.506058 0.459961 0.671056 0.919922 0.00908661
0 0.84419 0.325439 0.204376 0.279785 0.00894928
0 0.729635 0.435059 0.158814 0.311523 0.00891876
0 0.742653 0.430664 0.113253 0.294922 0.00891876
0 0.890402 0.604492 0.197867 0.558594 0.0088501
0 0.841711 0.519409 0.316577 0.668213 0.0088501
0 0.359936 0.388184 0.153607 0.452148 0.00878143
0 0.90342 0.754395 0.0989336 0.34668 0.00871277
0 0.76999 0.694336 0.387924 0.519531 0.00837708
0 0.906674 0.662598 0.131478 0.40918 0.00812531
0 0.365794 0.258789 0.190057 0.517578 0.00800323
0 0.0172483 0.678345 0.0344966 0.643311 0.00800323
0 0.631515 0.456543 0.588069 0.913086 0.00787354
0 0.24473 0.841309 0.13343 0.268555 0.00723267
0 0.824013 0.261719 0.247334 0.523438 0.00706482
0 0.879337 0.552246 0.127572 0.579102 0.00698471
0 0.653482 0.787598 0.122365 0.317383 0.00695801
0 0.375883 0.349121 0.460171 0.637695 0.0068512
0 0.671544 0.571289 0.64079 0.810547 0.64502
0 0.5923 0.5 0.749813 1 0.218628
0 0.892355 0.204834 0.213488 0.346191 0.170532
0 0.913634 0.238281 0.172733 0.311523 0.156616
0 0.504757 0.418823 0.425024 0.578369 0.156128
0 0.469935 0.429565 0.346268 0.494385 0.12085
0 0.377835 0.418091 0.171832 0.421631 0.110474
0 0.404196 0.405151 0.234316 0.431885 0.0997925
0 0.566916 0.697754 0.28899 0.422852 0.0980835
0 0.527863 0.781738 0.279878 0.426758 0.0891113
0 0.408752 0.472778 0.246032 0.357178 0.0875854
0 0.76283 0.629395 0.391829 0.56543 0.0803833
0 0.810995 0.417847 0.249938 0.422119 0.0800781
0 0.509638 0.33667 0.498573 0.67334 0.0733032
0 0.258399 0.810547 0.378161 0.375 0.0708008
0 0.452686 0.491699 0.322185 0.432617 0.0705566
0 0.374255 0.474609 0.156211 0.313477 0.0692749
0 0.575702 0.35083 0.655435 0.70166 0.0680542
0 0.195223 0.821289 0.224635 0.349609 0.0653687
0 0.450408 0.36377 0.393131 0.612305 0.0605164
0 0.468633 0.550659 0.492064 0.832275 0.0548096
0 0.318931 0.74707 0.499875 0.498047 0.0538025
0 0.919491 0.191406 0.161017 0.319336 0.053009
0 0.878687 0.290527 0.23692 0.326172 0.0501404
0 0.372954 0.205322 0.226506 0.398926 0.0486755
0 0.378812 0.290039 0.197867 0.285156 0.0441895
0 0.507035 0.502441 0.378812 0.473633 0.0406799
0 0.79212 0.54187 0.395734 0.787354 0.0403748
0 0.870876 0.408691 0.253843 0.775391 0.0397034
0 0.865669 0.233948 0.268162 0.463745 0.0394897
0 0.369374 0.53125 0.149051 0.189453 0.0361633
0 0.380113 0.330566 0.22195 0.358398 0.0347595
0 0.768688 0.48877 0.347569 0.461914 0.0344238
0 0.245381 0.863281 0.354078 0.273438 0.0343628
0 0.87348 0.368896 0.249938 0.473145 0.033905
0 0.374255 0.62207 0.648275 0.734375 0.0284424
0 0.496295 0.830078 0.212837 0.337891 0.0237732
0 0.805788 0.510742 0.252541 0.234375 0.0228882
0 0.192009 0.876465 0.227157 0.24707 0.0228882
0 0.232201 0.699219 0.0699695 0.0839844 0.0204926
0 0.842237 0.263184 0.145797 0.223633 0.0201416
0 0.594252 0.73584 0.247334 0.436523 0.0199432
0 0.618335 0.680664 0.21479 0.423828 0.0187988
0 0.493366 0.741211 0.252541 0.445312 0.0185394
0 0.529815 0.692871 0.285085 0.375977 0.0181274
0 0.561058 0.729492 0.464728 0.517578 0.0180969
0 0.356682 0.495972 0.132779 0.244385 0.0180511
0 0.346918 0.276123 0.164021 0.229004 0.0172424
0 0.357333 0.314209 0.178341 0.257324 0.0164032
0 0.493041 0.578003 0.266209 0.406494 0.0164032
0 0.521354 0.772461 0.28118 0.441406 0.284668
0 0.878687 0.201416 0.239523 0.39209 0.265137
0 0.791469 0.716797 0.351475 0.53125 0.23938
0 0.777149 0.598755 0.369699 0.74585 0.200562
0 0.551294 0.727051 0.352776 0.506836 0.183594
0 0.421119 0.425903 0.275973 0.431396 0.139893
0 0.250263 0.827148 0.349522 0.337891 0.128906
0 0.245707 0.741699 0.350173 0.493164 0.128296
0 0.636397 0.693848 0.16695 0.361328 0.126343
0 0.879988 0.272461 0.23692 0.306641 0.123352
0 0.646323 0.601562 0.0924248 0.15918 0.114746
0 0.426977 0.490234 0.270766 0.28418 0.110107
0 0.804486 0.44519 0.239523 0.35376 0.105591
0 0.522656 0.726562 0.243429 0.363281 0.0963745
0 0.519727 0.675293 0.423722 0.594727 0.0912476
0 0.797978 0.411133 0.278576 0.451172 0.0878906
0 0.676263 0.610352 0.611826 0.708984 0.0810547
0 0.657388 0.630371 0.137986 0.275391 0.0739746
0 0.138312 0.180664 0.276624 0.361328 0.0736694
0 0.608572 0.695801 0.490763 0.555664 0.0736694
0 0.847895 0.397949 0.30421 0.793945 0.0690308
0 0.22976 0.713867 0.0637861 0.0800781 0.0665894
0 0.568217 0.782227 0.286387 0.400391 0.0663452
0 0.421037 0.651489 0.639326 0.657959 0.0653687
0 0.445852 0.533081 0.275973 0.35376 0.0524292
0 0.808392 0.449219 0.372303 0.898438 0.0479431
0 0.390527 0.447754 0.218695 0.375977 0.0474243
0 0.634119 0.637695 0.12985 0.238281 0.0469055
0 0.537626 0.833008 0.304611 0.333984 0.0453491
0 0.267511 0.673828 0.372303 0.617188 0.0439453
0 0.346593 0.533691 0.605968 0.897461 0.041626
0 0.861238 0.387817 0.277524 0.517334 0.0415344
0 0.649577 0.574219 0.111951 0.185547 0.0389099
0 0.641116 0.776855 0.161418 0.348633 0.0382385
0 0.698393 0.727051 0.551945 0.49707 0.037262
0 0.474165 0.600098 0.486207 0.786133 0.0362854
0 0.859811 0.231445 0.279878 0.462891 0.0325317
0 0.824789 0.286865 0.350423 0.57373 0.031311
0 0.786262 0.503906 0.268162 0.416016 0.0312042
0 0.483929 0.606934 0.258399 0.483398 0.0310211
0 0.850048 0.284668 0.190057 0.231445 0.0305023
0 0.663897 0.592773 0.132779 0.238281 0.0292511
0 0.376859 0.514648 0.136034 0.240234 0.0267029
0 0.204864 0.80957 0.171507 0.314453 0.0266571
0 0.306564 0.242432 0.0585791 0.119141 0.0259552
0 0.367747 0.233154 0.226506 0.466309 0.0259552
0 0.835729 0.364502 0.210885 0.371582 0.0257568
0 0.49597 0.644531 0.213488 0.323242 0.0257568
0 0.625495 0.569336 0.0794072 0.142578 0.0239563
0 0.250914 0.48877 0.467982 0.977539 0.0233765
0 0.678867 0.699219 0.553247 0.535156 0.344238
0 0.558454 0.74707 0.356682 0.464844 0.222046
0 0.527212 0.656128 0.439994 0.633057 0.174927
0 0.669104 0.555664 0.590998 0.791016 0.162964
0 0.464402 0.638672 0.581235 0.6875 0.0803833
0 0.581886 0.708984 0.286387 0.371094 0.0656128
0 0.843539 0.303467 0.299404 0.394043 0.0472412
0 0.756972 0.46875 0.456917 0.688477 0.0445251
0 0.428278 0.480591 0.256446 0.296631 0.0397034
0 0.884544 0.268311 0.226506 0.259277 0.0280151
0 0.827267 0.351562 0.331948 0.529297 0.0275879
0 0.872178 0.312988 0.255145 0.336914 0.0250397
0 0.252866 0.898682 0.350824 0.19873 0.0232849
0 0.300787 0.750977 0.422909 0.486328 0.0206909
0 0.841061 0.237793 0.317879 0.407227 0.0191193
0 0.387273 0.474609 0.193962 0.286133 0.0182343
0 0.818155 0.483276 0.225204 0.293213 0.0178528
0 0.818155 0.564453 0.216092 0.294922 0.0173035
0 0.622403 0.742188 0.202749 0.275391 0.0142822
0 0.623542 0.695312 0.226506 0.396484 0.0139008
0 0.774546 0.669434 0.33325 0.514648 0.013588
0 0.846143 0.519531 0.169229 0.195312 0.0127258
0 0.467657 0.435547 0.378161 0.576172 0.0125275
0 0.239198 0.837891 0.335203 0.318359 0.0119629
0 0.456592 0.59668 0.292245 0.476562 0.011467
0 0.809693 0.419922 0.270766 0.427734 0.0114212
0 0.879137 0.213379 0.241726 0.366211 0.0106506
0 0.899314 0.235596 0.201372 0.307129 0.0102921
0 0.879337 0.517578 0.101537 0.191406 0.0100937
0 0.919041 0.254395 0.161418 0.244141 0.00908661
0 0.669554 0.441895 0.660892 0.836914 0.00905609
0 0.861563 0.390747 0.276874 0.499756 0.00891876
0 0.378812 0.563354 0.576679 0.826416 0.00891876
0 0.519401 0.449097 0.47384 0.797119 0.00784302
0 0.365794 0.429199 0.174436 0.34082 0.00757599
0 0.454964 0.534668 0.257748 0.285156 0.00757599
0 0.856557 0.282715 0.229109 0.222656 0.00751877
0 0.810995 0.527344 0.217394 0.199219 0.00751877
0 0.82609 0.458984 0.347819 0.755859 0.00677109
0 0.497272 0.646484 0.295499 0.455078 0.00669098
0 0.523307 0.735352 0.222601 0.464844 0.00658798
0 0.417213 0.436523 0.273369 0.396484 0.0064888
0 0.521354 0.655762 0.308517 0.329102 0.0064888
0 0.235781 0.706055 0.07778 0.0849609 0.0064621
0 0.792771 0.607422 0.262955 0.341797 0.00634003
0 0.239198 0.868164 0.305262 0.220703 0.00530243
0 0.353102 0.376831 0.154909 0.273682 0.00527954
0 0.637861 0.789062 0.175737 0.207031 0.00527954
0 0.419817 0.662231 0.252541 0.577881 0.00510025
0 0.361889 0.360352 0.206979 0.347656 0.00503922
0 0.523958 0.679688 0.406148 0.503906 0.364746
0 0.493366 0.637573 0.486857 0.642822 0.300781
0 0.88129 0.195068 0.234316 0.387207 0.205566
0 0.506384 0.490234 0.442598 0.579102 0.140991
0 0.82544 0.201416 0.349121 0.402832 0.136841
0 0.454313 0.606567 0.575377 0.779053 0.115356
0 0.562359 0.679199 0.315025 0.444336 0.107788
0 0.886497 0.237244 0.218695 0.290161 0.0739746
0 0.187779 0.818359 0.216092 0.328125 0.0589905
0 0.359285 0.294434 0.166625 0.25 0.0524292
0 0.446503 0.413086 0.325439 0.496094 0.0518494
0 0.921645 0.218506 0.156211 0.32373 0.0446777
0 0.60906 0.660156 0.554874 0.554688 0.035553
0 0.233991 0.704102 0.0833125 0.0898438 0.033905
0 0.428278 0.474121 0.282481 0.373047 0.0296478
0 0.210071 0.869141 0.169554 0.21875 0.0293732
0 0.366445 0.38916 0.167927 0.478516 0.0290833
0 0.358634 0.350098 0.173134 0.361328 0.0289764
0 0.393782 0.430786 0.216092 0.406006 0.0276947
0 0.519076 0.740234 0.227157 0.378906 0.0262604
0 0.218207 0.790039 0.288014 0.40625 0.0186157
0 0.621589 0.55957 0.623542 0.767578 0.0184021
0 0.478071 0.410034 0.426326 0.558838 0.0159607
0 0.263281 0.743164 0.37751 0.501953 0.0158997
0 0.373605 0.453125 0.141241 0.333984 0.0151901
0 0.507035 0.33374 0.455615 0.66748 0.0151291
0 0.808392 0.289307 0.0885195 0.171387 0.0149536
0 0.214627 0.802734 0.138963 0.314453 0.0138474
0 0.482301 0.497559 0.384019 0.368164 0.0135345
0 0.657388 0.589844 0.108046 0.205078 0.0128708
0 0.716618 0.351074 0.555851 0.702148 0.0123825
0 0.351475 0.645996 0.555851 0.696289 0.0122375
0 0.88845 0.791016 0.0403545 0.046875 0.0103683
0 0.800581 0.327881 0.0624844 0.0927734 0.0100098
0 0.678829 0.478027 0.642342 0.956055 0.00963593
0 0.522981 0.561646 0.430231 0.407959 0.00945282
0 0.774546 0.231445 0.434787 0.462891 0.00898743
0 0.502153 0.776855 0.176388 0.325195 0.0088501
0 0.661944 0.597656 0.114555 0.285156 0.00861359
0 0.234479 0.80957 0.121389 0.34375 0.00861359
0 0.480023 0.572266 0.225855 0.376953 0.00837708
0 0.255714 0.887695 0.0678541 0.181641 0.00837708
0 0.98165 0.960938 0.0366992 0.0625 0.00787354
0 0.957893 0.201172 0.0842134 0.347168 0.00769424
0 0.777149 0.322754 0.0624844 0.111328 0.00766754
0 0.661293 0.550293 0.109348 0.185547 0.00737381
0 0.636397 0.672852 0.169554 0.402344 0.00723267
0 0.781055 0.306396 0.075502 0.14502 0.00695801
0 0.587093 0.26123 0.609223 0.522461 0.00674438
0 0.676263 0.521484 0.115856 0.177734 0.0064888
0 0.875557 0.304688 0.248886 0.333984 0.293457
0 0.678341 0.550781 0.643318 0.859375 0.29248
0 0.88532 0.260681 0.229359 0.276489 0.265137
0 0.921119 0.240295 0.157763 0.282104 0.15564
0 0.850173 0.383789 0.299654 0.446289 0.151489
0 0.484905 0.578003 0.511591 0.799072 0.148071
0 0.404521 0.567505 0.723126 0.845459 0.128906
0 0.780366 0.553833 0.439268 0.847412 0.118591
0 0.562359 0.726562 0.304611 0.427734 0.11676
0 0.351475 0.415894 0.19266 0.465088 0.112793
0 0.929906 0.272705 0.140189 0.243652 0.110107
0 0.871977 0.202148 0.256045 0.404297 0.105957
0 0.66809 0.6875 0.663821 0.582031 0.0755615
0 0.537301 0.69873 0.410705 0.545898 0.0652466
0 0.365469 0.46582 0.176388 0.350586 0.0549927
0 0.831823 0.311035 0.33325 0.392578 0.0531006
0 0.186477 0.821289 0.218695 0.335938 0.0516663
0 0.854078 0.265137 0.291844 0.416992 0.0488586
0 0.394433 0.431763 0.222601 0.448975 0.0472412
0 0.847444 0.337891 0.262955 0.318359 0.0455322
0 0.812297 0.417114 0.229109 0.42749 0.0383301
0 0.357983 0.343018 0.19266 0.312988 0.0363464
0 0.238547 0.703613 0.0748511 0.0927734 0.035553
0 0.365794 0.247559 0.219997 0.491211 0.0309143
0 0.890527 0.188416 0.218945 0.335083 0.0288696
0 0.440645 0.524414 0.261653 0.453125 0.0283813
0 0.915261 0.188721 0.169479 0.305176 0.0274811
0 0.241802 0.743652 0.0904722 0.186523 0.0273285
0 0.275647 0.501465 0.452361 0.864258 0.0219116
0 0.458219 0.444336 0.309818 0.498047 0.0183411
0 0.799279 0.342285 0.16272 0.186523 0.0170441
0 0.345291 0.302246 0.165974 0.232422 0.0156708
0 0.582537 0.749023 0.602714 0.494141 0.0150146
0 0.775848 0.711426 0.335854 0.512695 0.0146179
0 0.809693 0.32959 0.190057 0.248047 0.0142822
0 0.652832 0.689941 0.190057 0.428711 0.0140076
0 0.260352 0.892822 0.0598809 0.171387 0.0139542
0 0.951585 0.77002 0.0455615 0.100586 0.0132751
0 0.619637 0.321533 0.0833125 0.137207 0.0129242
0 0.202749 0.754883 0.18485 0.470703 0.012825
0 0.810344 0.560669 0.221299 0.540771 0.0122375
0 0.497272 0.507812 0.348871 0.53125 0.0118713
0 0.187941 0.893555 0.220323 0.1875 0.0118713
0 0.254168 0.613281 0.371001 0.755859 0.0112915
0 0.981 0.953125 0.038001 0.0664062 0.0109863
0 0.889101 0.790039 0.0468633 0.0585938 0.0107346
0 0.262304 0.32959 0.461473 0.652344 0.0103302
0 0.976118 0.131836 0.0477642 0.178711 0.0100937
0 0.48881 0.564941 0.295499 0.524414 0.0100098
0 0.954189 0.728027 0.0650879 0.232422 0.0100098
0 0.882592 0.255371 0.229109 0.257812 0.23938
0 0.234154 0.700195 0.0745256 0.0898438 0.213379
0 0.364167 0.472656 0.145146 0.305664 0.194946
0 0.559756 0.725098 0.318931 0.422852 0.160767
0 0.873605 0.195557 0.252791 0.388184 0.139404
0 0.36319 0.416504 0.164021 0.423828 0.125977
0 0.547064 0.730469 0.261002 0.359375 0.076416
0 0.416888 0.481567 0.249287 0.3396 0.0705566
0 0.889101 0.793945 0.0416563 0.0488281 0.0618896
0 0.624681 0.736816 0.185175 0.295898 0.0607605
0 0.844841 0.282715 0.158814 0.193359 0.0549927
0 0.58693 0.727539 0.271091 0.320312 0.0549927
0 0.654784 0.591797 0.0937266 0.125 0.0539856
0 0.515496 0.767578 0.199169 0.382812 0.0516663
0 0.529165 0.591797 0.393131 0.691406 0.048584
0 0.498248 0.456543 0.426326 0.449219 0.0479431
0 0.64437 0.689453 0.137986 0.326172 0.0467224
0 0.236106 0.208496 0.413634 0.407227 0.044342
0 0.520052 0.672852 0.149702 0.200195 0.0432129
0 0.350824 0.321289 0.160116 0.25 0.0408325
0 0.783007 0.307617 0.132779 0.15625 0.0390625
0 0.652832 0.580078 0.0976318 0.172852 0.0380249
0 0.730286 0.343262 0.0728984 0.135742 0.037384
0 0.23513 0.708984 0.0907976 0.123047 0.0367126
0 0.610687 0.301025 0.072573 0.108398 0.0336609
0 0.331297 0.594727 0.0833125 0.0898438 0.0334778
0 0.432509 0.527222 0.276624 0.330322 0.032959
0 0.848095 0.304932 0.272067 0.447754 0.0328369
0 0.818155 0.380737 0.234316 0.422119 0.0318604
0 0.650879 0.757324 0.135383 0.250977 0.0318604
0 0.632003 0.622559 0.154909 0.186523 0.0291443
0 0.465378 0.500977 0.376208 0.416016 0.0280609
0 0.734191 0.382324 0.0650879 0.112305 0.0273743
0 0.352125 0.248047 0.180944 0.402344 0.0268555
0 0.61443 0.318604 0.0728984 0.105469 0.024704
0 0.53307 0.771973 0.21479 0.266602 0.0244293
0 0.535348 0.62793 0.107395 0.161133 0.0243378
0 0.487508 0.729492 0.219997 0.386719 0.0227203
0 0.486207 0.621582 0.206979 0.195312 0.0214081
0 0.654784 0.551758 0.104141 0.181641 0.0201721
0 0.721174 0.347656 0.0989336 0.157227 0.019989
0 0.620288 0.315918 0.085916 0.142578 0.0189819
0 0.514194 0.480591 0.453012 0.689209 0.0180969
0 0.250588 0.285645 0.41461 0.549805 0.0180511
0 0.496946 0.348633 0.438042 0.675781 0.0175781
0 0.272718 0.235901 0.306564 0.336792 0.0156708
0 0.447479 0.658691 0.298753 0.336914 0.0156708
0 0.708156 0.390503 0.14059 0.211182 0.0149536
0 0.80709 0.436035 0.217394 0.366211 0.0149536
0 0.904071 0.199158 0.18485 0.334106 0.0143356
0 0.549342 0.744629 0.42958 0.47168 0.389648
0 0.887799 0.258789 0.213488 0.25 0.20813
0 0.563987 0.72168 0.316978 0.419922 0.205566
0 0.516147 0.673828 0.468633 0.580078 0.174927
0 0.849522 0.290527 0.300956 0.483398 0.158203
0 0.845492 0.368408 0.30331 0.443848 0.130005
0 0.888575 0.22168 0.222851 0.34668 0.0894775
0 0.357983 0.47937 0.156211 0.2854 0.0836182
0 0.497922 0.570312 0.460822 0.740234 0.0754395
0 0.420468 0.481567 0.274671 0.30249 0.0558167
0 0.361563 0.405151 0.178341 0.433838 0.0522461
0 0.850048 0.272949 0.210885 0.243164 0.0327148
0 0.916438 0.259521 0.153607 0.269043 0.0311432
0 0.672846 0.5448 0.64079 0.814697 0.0289764
0 0.44097 0.518433 0.300055 0.377197 0.0278473
0 0.541531 0.493164 0.557152 0.943359 0.0243378
0 0.622403 0.688965 0.210559 0.387695 0.0211639
0 0.345617 0.341797 0.187453 0.30957 0.0191193
0 0.395084 0.427856 0.331948 0.628662 0.0164032
0 0.810344 0.428223 0.230411 0.388672 0.0162811
0 0.598809 0.67334 0.246032 0.311523 0.0161591
0 0.655435 0.606445 0.117158 0.164062 0.0138474
0 0.446503 0.445435 0.316327 0.454834 0.0137405
0 0.505733 0.763672 0.204376 0.386719 0.0134277
0 0.555525 0.817383 0.358634 0.357422 0.0131226
0 0.4631 0.442871 0.41461 0.794922 0.012146
0 0.623542 0.74707 0.191358 0.263672 0.0113754
0 0.543809 0.775879 0.301357 0.381836 0.0112457
0 0.342037 0.293213 0.165974 0.233887 0.0109863
0 0.332274 0.534668 0.325439 0.770508 0.0108185
0 0.390202 0.415039 0.246683 0.460938 0.0106506
0 0.98165 0.958984 0.0366992 0.0605469 0.0106506
0 0.291919 0.389648 0.341711 0.677734 0.0105667
0 0.482301 0.603027 0.411355 0.513672 0.00933838
0 0.800581 0.288574 0.18485 0.243164 0.00905609
0 0.661293 0.558105 0.114555 0.191406 0.00878143
0 0.889101 0.789062 0.0416563 0.0449219 0.00871277
0 0.781055 0.338867 0.143193 0.144531 0.0085144
0 0.471887 0.743164 0.256446 0.439453 0.00728989
0 0.496621 0.825195 0.212187 0.318359 0.00695801
0 0.648438 0.710449 0.642743 0.567383 0.0068512
0 0.871652 0.305664 0.256696 0.334961 0.00664139
0 0.632654 0.592285 0.160116 0.236328 0.00661469
0 0.445852 0.699219 0.320232 0.433594 0.00609589
0 0.735493 0.514648 0.0924248 0.222656 0.00584412
0 0.239523 0.340332 0.410054 0.617188 0.00582123
0 0.271742 0.753418 0.298753 0.450195 0.00577545
0 0.649414 0.831055 0.289316 0.328125 0.00566483
0 0.958219 0.141541 0.0835625 0.230591 0.00561905
0 0.353102 0.510742 0.137335 0.238281 0.00534439
0 0.570821 0.694336 0.394433 0.582031 0.226074
0 0.658039 0.542969 0.671707 0.914062 0.100525
0 0.525585 0.642578 0.484905 0.701172 0.0484009
0 0.630702 0.688477 0.537626 0.621094 0.0232391
0 0.885195 0.192627 0.226506 0.385254 0.0210876
0 0.75502 0.494141 0.47384 0.925781 0.0206909
0 0.883894 0.259277 0.223902 0.271484 0.0187988
0 0.559756 0.698242 0.339759 0.458984 0.0178528
0 0.827267 0.386841 0.329345 0.743896 0.0152512
0 0.846268 0.349365 0.307465 0.428223 0.0143356
0 0.846143 0.251526 0.283783 0.473511 0.0131226
0 0.886497 0.797852 0.0416563 0.0585938 0.00857544
0 0.800581 0.421875 0.249938 0.46875 0.00712204
0 0.191399 0.809082 0.236188 0.364258 0.00605011
0 0.399965 0.640503 0.697091 0.711182 0.00538635
0 0.237245 0.755859 0.389226 0.472656 0.00536346
0 0.856557 0.278076 0.197867 0.249512 0.00481033
0 0.487508 0.503418 0.522005 0.993164 0.00475693
0 0.982301 0.958984 0.0353975 0.0722656 0.00436401
0 0.517449 0.727539 0.243429 0.476562 0.00319672
0 0.376208 0.473633 0.175737 0.311523 0.00318527
0 0.866971 0.972168 0.0442598 0.0556641 0.00318527
0 0.243917 0.667847 0.364818 0.636963 0.00311089
0 0.443167 0.731934 0.647136 0.524414 0.00298119
0 0.884669 0.333984 0.230661 0.426758 0.00291252
0 0.950283 0.791992 0.037751 0.0703125 0.00281143
0 0.416237 0.409058 0.268162 0.455322 0.00263214
0 0.650228 0.689453 0.137986 0.352539 0.00255013
0 0.431207 0.474609 0.287038 0.337891 0.00239754
0 0.306564 0.63855 0.488159 0.705322 0.00234985
0 0.55943 0.668457 0.716618 0.512695 0.00220871
0 0.843539 0.381348 0.233015 0.420898 0.00215721
0 0.801883 0.622192 0.247334 0.747803 0.00214005
0 0.305344 0.711914 0.605155 0.560547 0.00214005
0 0.877385 0.799316 0.0598809 0.0849609 0.00190449
0 0.599948 0.735352 0.523632 0.529297 0.00187492
0 0.941171 0.236084 0.109348 0.279785 0.00156116
0 0.359285 0.5 0.619637 1 0.00156116
0 0.489461 0.352539 0.411355 0.697266 0.00155449
0 0.230737 0.711914 0.0787564 0.115234 0.00151253
0 0.654784 0.856934 0.261653 0.286133 0.00144958
0 0.761366 0.32373 0.474165 0.634766 0.00143242
0 0.95549 0.268555 0.0794072 0.253906 0.0014267
0 0.512567 0.647461 0.264908 0.572266 0.00141048
0 0.809043 0.329346 0.203074 0.280762 0.00139427
0 0.341711 0.540039 0.108046 0.1875 0.00138283
0 0.934011 0.187744 0.126271 0.362793 0.00133514
0 0.977094 0.935547 0.0458115 0.109375 0.00133514
0 0.942473 0.829102 0.0390527 0.0625 0.00130463
0 0.473189 0.558716 0.313724 0.472412 0.00129414
0 0.572123 0.70752 0.386622 0.526367 0.610352
0 0.592463 0.688965 0.306889 0.426758 0.112427
0 0.563661 0.492188 0.535022 0.941406 0.041626
0 0.883894 0.263428 0.231713 0.250488 0.037384
0 0.722313 0.531738 0.54446 0.854492 0.0320435
0 0.63119 0.654297 0.552271 0.589844 0.0309143
0 0.852651 0.297791 0.279878 0.459106 0.0281067
0 0.839108 0.430664 0.321784 0.768555 0.0251312
0 0.884995 0.200256 0.23001 0.384644 0.0240936
0 0.817504 0.414551 0.249938 0.413086 0.0227966
0 0.655435 0.678711 0.156211 0.400391 0.0204926
0 0.773895 0.419922 0.430882 0.609375 0.0170441
0 0.850699 0.285645 0.199169 0.228516 0.0141754
0 0.547064 0.631714 0.435438 0.681885 0.0112
0 0.662595 0.598145 0.132779 0.233398 0.0107346
0 0.363841 0.476685 0.153607 0.30249 0.00878143
0 0.367421 0.549316 0.132779 0.15332 0.00818634
0 0.756321 0.348145 0.0911231 0.123047 0.0078125
0 0.810344 0.477661 0.219997 0.282959 0.00717545
0 0.519401 0.730469 0.255145 0.447266 0.00616837
0 0.906674 0.198975 0.182246 0.345703 0.00577545
0 0.920343 0.245544 0.156211 0.286255 0.00564194
0 0.232038 0.708008 0.0742002 0.109375 0.00530243
0 0.381415 0.566895 0.0995845 0.125 0.00526047
0 0.781055 0.305908 0.153607 0.200684 0.0051384
0 0.409403 0.492676 0.395734 0.973633 0.0049057
0 0.728984 0.507324 0.121063 0.238281 0.00486755
0 0.728984 0.553711 0.0676914 0.132812 0.00482941
0 0.891704 0.795898 0.0559756 0.0664062 0.00475693
0 0.734842 0.438354 0.108046 0.289307 0.00453949
0 0.959396 0.272461 0.0781055 0.240234 0.00413513
0 0.353427 0.356445 0.382066 0.699219 0.0039444
0 0.719872 0.564453 0.0650879 0.130859 0.00392914
0 0.362865 0.529297 0.149051 0.203125 0.00391388
0 0.669104 0.537109 0.110649 0.197266 0.00372124
0 0.356682 0.422974 0.147099 0.398193 0.00370789
0 0.330321 0.577148 0.0800581 0.105469 0.00362206
0 0.471318 0.57373 0.504919 0.842773 0.00362206
0 0.474816 0.733398 0.182897 0.400391 0.00355148
0 0.397362 0.0644531 0.115206 0.128906 0.00348282
0 0.399965 0.463867 0.215441 0.337891 0.00336266
0 0.412983 0.550781 0.152306 0.171875 0.00335121
0 0.377835 0.0712891 0.166625 0.142578 0.00327301
0 0.459521 0.429565 0.28899 0.451416 0.00309944
0 0.193962 0.821289 0.228459 0.330078 0.00307465
0 0.434136 0.57959 0.175737 0.15332 0.00296974
0 0.80709 0.521973 0.239523 0.31543 0.00294685
0 0.643719 0.602539 0.177039 0.291016 0.00279999
0 0.232689 0.71875 0.0963301 0.146484 0.00277901
0 0.261084 0.740723 0.400779 0.495117 0.00276756
0 0.659991 0.595703 0.57017 0.785156 0.402588
0 0.576028 0.68457 0.354078 0.486328 0.246582
0 0.883894 0.273682 0.205678 0.248535 0.234375
0 0.645021 0.688965 0.516798 0.55957 0.169922
0 0.587744 0.641113 0.403545 0.635742 0.09552
0 0.85135 0.291931 0.278576 0.347778 0.0853882
0 0.361238 0.45105 0.166625 0.332275 0.0673218
0 0.542182 0.578125 0.564963 0.75 0.052124
0 0.362214 0.488159 0.144495 0.283447 0.0483093
0 0.821409 0.505859 0.315025 0.736328 0.0418396
0 0.850048 0.276367 0.166625 0.228516 0.0382385
0 0.900166 0.240479 0.193962 0.305176 0.03302
0 0.774546 0.541504 0.367096 0.858398 0.0315552
0 0.59946 0.520996 0.701648 0.911133 0.0307312
0 0.828569 0.367432 0.318931 0.478027 0.0295868
0 0.807741 0.413208 0.231713 0.343506 0.0272217
0 0.402243 0.423828 0.264257 0.439453 0.0239563
0 0.36319 0.550781 0.141892 0.165039 0.0182343
0 0.233706 0.80957 0.325358 0.345703 0.0179901
0 0.79212 0.335449 0.175737 0.165039 0.0164032
0 0.355054 0.415039 0.1484 0.446289 0.0153046
0 0.807741 0.31543 0.161418 0.179688 0.0147324
0 0.824013 0.345459 0.216092 0.419434 0.0130234
0 0.926852 0.249939 0.143193 0.250122 0.012825
0 0.951585 0.259766 0.0937266 0.253906 0.0115051
0 0.559756 0.725586 0.445201 0.513672 0.0109482
0 0.42958 0.425293 0.318931 0.53125 0.0104904
0 0.857858 0.310059 0.205678 0.345703 0.00981903
0 0.333575 0.294434 0.117158 0.223633 0.00878143
0 0.324789 0.445312 0.343013 0.635742 0.00871277
0 0.241151 0.734375 0.358634 0.509766 0.0086441
0 0.356356 0.344238 0.168578 0.308594 0.00841522
0 0.3518 0.30542 0.156862 0.23877 0.00837708
0 0.314944 0.573242 0.349034 0.697266 0.00609589
0 0.233015 0.620605 0.339108 0.727539 0.00577545
0 0.412332 0.480591 0.250588 0.331787 0.0055542
0 0.340491 0.622925 0.495807 0.7229 0.00544739
0 0.297126 0.333984 0.388575 0.640625 0.00496292
0 0.749162 0.395508 0.132779 0.246094 0.00494385
0 0.779753 0.441528 0.221299 0.347412 0.00471878
0 0.694488 0.478882 0.588395 0.786377 0.00457382
0 0.972213 0.280273 0.0555747 0.238281 0.00443268
0 0.738748 0.358154 0.0924248 0.178223 0.00416565
0 0.982952 0.953125 0.0340957 0.0664062 0.00376511
0 0.514194 0.734375 0.203074 0.404297 0.00372124
0 0.820758 0.283203 0.180944 0.240234 0.00362206
0 0.28899 0.766113 0.536324 0.444336 0.0036068
0 0.515496 0.434082 0.516798 0.861328 0.00358009
0 0.869574 0.212341 0.234316 0.370239 0.00351143
0 0.646323 0.662598 0.218695 0.428711 0.00346947
0 0.655435 0.553833 0.665198 0.849365 0.433105
0 0.766084 0.527344 0.432184 0.910156 0.0750122
0 0.878687 0.236084 0.23692 0.315918 0.049408
0 0.567566 0.708008 0.376208 0.496094 0.0369873
0 0.642906 0.711914 0.570495 0.550781 0.0353394
0 0.359285 0.411621 0.190057 0.455078 0.0317383
0 0.191196 0.817383 0.232038 0.353516 0.0275879
0 0.882592 0.267334 0.208281 0.249512 0.0244751
0 0.361238 0.480469 0.165323 0.302734 0.0188751
0 0.245544 0.814941 0.347895 0.356445 0.0177155
0 0.460171 0.584106 0.774546 0.820068 0.0150146
0 0.85135 0.234131 0.28899 0.42334 0.0120087
0 0.329426 0.753418 0.572611 0.475586 0.00769424
0 0.825315 0.491211 0.342362 0.947266 0.00740433
0 0.247171 0.608398 0.370025 0.763672 0.00734711
0 0.23334 0.706055 0.080709 0.105469 0.00679779
0 0.356356 0.624023 0.613779 0.748047 0.00591278
0 0.56659 0.743652 0.517449 0.487305 0.00561905
0 0.796676 0.615356 0.268162 0.673584 0.00488663
0 0.364818 0.536133 0.137335 0.195312 0.00486755
0 0.85135 0.27417 0.169229 0.222168 0.00436401
0 0.230086 0.775391 0.1113 0.287109 0.00428009
0 0.258399 0.505859 0.516798 0.988281 0.00380898
0 0.40745 0.43457 0.248636 0.418945 0.00366402
0 0.968307 0.23584 0.0633853 0.210938 0.00356483
0 0.973715 0.280273 0.0520703 0.140625 0.00317192
0 0.345617 0.557617 0.121714 0.146484 0.00311089
0 0.812948 0.45166 0.240825 0.349609 0.00307465
0 0.932184 0.19458 0.135633 0.334473 0.00296974
0 0.831172 0.370361 0.269464 0.47998 0.00290108
0 0.402243 0.484863 0.222601 0.3125 0.00279999
0 0.593764 0.700195 0.275647 0.414062 0.00274658
0 0.451059 0.432617 0.318931 0.454102 0.00255013
0 0.979698 0.329346 0.0406045 0.116699 0.0024147
0 0.857858 0.308594 0.218695 0.342773 0.0024147
0 0.180131 0.765625 0.258074 0.435547 0.00236893
0 0.792771 0.300293 0.161418 0.204102 0.00228691
0 0.502479 0.748535 0.252541 0.428711 0.00224304
0 0.361563 0.321289 0.185501 0.297852 0.0020504
0 0.759576 0.640747 0.381415 0.616943 0.0020504
0 0.831823 0.279297 0.335854 0.537109 0.00201035
0 0.795374 0.397461 0.216092 0.25 0.00191212
0 0.494668 0.488281 0.367096 0.480469 0.00191212
0 0.0253843 0.085083 0.0442598 0.132568 0.00186062
0 0.334552 0.284668 0.117809 0.219727 0.00186062
0 0.5181 0.635742 0.369699 0.5 0.0018177
0 0.279797 0.754395 0.302171 0.46582 0.00175476
0 0.867747 0.186279 0.264507 0.357422 0.00171375
0 0.447805 0.524414 0.299404 0.412109 0.00162315
0 0.468633 0.609497 0.357983 0.519287 0.00161076
0 0.564312 0.687012 0.382717 0.567383 0.286133
0 0.611175 0.666504 0.522005 0.579102 0.204346
0 0.883894 0.268555 0.210885 0.244141 0.144165
0 0.672358 0.609497 0.604016 0.695068 0.121033
0 0.364818 0.428589 0.190708 0.394775 0.10968
0 0.568543 0.695312 0.336504 0.441406 0.0903931
0 0.368397 0.478394 0.164021 0.302979 0.0769653
0 0.603853 0.530273 0.645997 0.853516 0.0674438
0 0.760877 0.597168 0.38532 0.711914 0.0616455
0 0.884019 0.217773 0.231963 0.370117 0.0414734
0 0.645021 0.68457 0.167927 0.390625 0.0303345
0 0.535673 0.734375 0.285085 0.417969 0.0276337
0 0.661293 0.629883 0.127572 0.286133 0.0268555
0 0.391504 0.463013 0.204376 0.3396 0.0250397
0 0.368397 0.532227 0.14059 0.201172 0.0219421
0 0.860462 0.268555 0.257748 0.313477 0.0202179
0 0.657388 0.578613 0.114555 0.213867 0.0158386
0 0.33325 0.57666 0.0924248 0.110352 0.0139542
0 0.808392 0.457886 0.226506 0.3479 0.0131226
0 0.913834 0.240234 0.169229 0.269531 0.0112915
0 0.375232 0.441406 0.240174 0.463867 0.0108185
0 0.968508 0.266602 0.0572773 0.219727 0.00971222
0 0.825315 0.492065 0.330647 0.843994 0.00857544
0 0.71857 0.520508 0.121063 0.234375 0.00800323
0 0.230737 0.706055 0.0742002 0.101562 0.00751877
0 0.43674 0.44043 0.283783 0.425781 0.00748825
0 0.476118 0.473633 0.419817 0.666992 0.00677109
0 0.792771 0.307617 0.174436 0.194336 0.00653839
0 0.51094 0.704102 0.217394 0.357422 0.00636292
0 0.35538 0.375 0.188755 0.389648 0.00614548
0 0.731588 0.463989 0.145797 0.355225 0.00568771
0 0.426651 0.573242 0.0950283 0.142578 0.00564194
0 0.45887 0.370117 0.394433 0.646484 0.00547028
0 0.301926 0.555786 0.347732 0.792725 0.00530243
0 0.712062 0.574219 0.104141 0.164062 0.00498199
0 0.978922 0.331055 0.0416563 0.117188 0.00481033
0 0.674311 0.660156 0.178341 0.345703 0.00446701
0 0.781055 0.681152 0.33325 0.547852 0.00441742
0 0.503129 0.619141 0.156862 0.188477 0.00432968
0 0.508987 0.589844 0.488159 0.78125 0.00419998
0 0.753718 0.34375 0.117158 0.135742 0.00413513
0 0.449757 0.701172 0.117158 0.292969 0.00407028
0 0.68863 0.51355 0.182246 0.318604 0.00400543
0 0.513543 0.661133 0.179643 0.275391 0.00397491
0 0.900816 0.195312 0.178341 0.328125 0.00385475
0 0.665198 0.548828 0.1484 0.25 0.00370789
0 0.213976 0.781738 0.126596 0.333008 0.00370789
0 0.735493 0.418457 0.109348 0.263672 0.00369263
0 0.508336 0.438477 0.494668 0.849609 0.00369263
0 0.807741 0.53418 0.222601 0.302734 0.00365067
0 0.638512 0.563477 0.639163 0.773438 0.275879
0 0.778451 0.54541 0.395734 0.790039 0.10376
0 0.567892 0.707031 0.350824 0.484375 0.072876
0 0.615894 0.635254 0.522981 0.686523 0.0608521
0 0.359611 0.443237 0.178341 0.361572 0.0594177
0 0.808392 0.447754 0.234316 0.382812 0.0479431
0 0.88129 0.270508 0.210885 0.253906 0.0411377
0 0.366119 0.516602 0.151655 0.224609 0.0354004
0 0.846793 0.285645 0.272067 0.325195 0.021698
0 0.824664 0.497925 0.318931 0.789307 0.0173035
0 0.372954 0.557617 0.124969 0.140625 0.0172424
0 0.380113 0.475098 0.18485 0.313477 0.0155411
0 0.79993 0.561523 0.242127 0.578125 0.0153046
0 0.801883 0.410156 0.268162 0.505859 0.0146179
0 0.589045 0.705078 0.282481 0.390625 0.0129242
0 0.639163 0.698242 0.161418 0.357422 0.0117798
0 0.88129 0.216309 0.23692 0.378906 0.0088501
0 0.424699 0.536011 0.346918 0.689697 0.00720596
0 0.352125 0.340332 0.182246 0.305664 0.0069046
0 0.853302 0.276611 0.180944 0.229004 0.00674438
0 0.653482 0.641602 0.117158 0.222656 0.00643921
0 0.523632 0.587891 0.516147 0.78125 0.00629044
0 0.233015 0.708496 0.0794072 0.100586 0.00557709
0 0.971111 0.269775 0.0455615 0.168457 0.00542831
0 0.947029 0.235901 0.0963301 0.230347 0.00534439
0 0.85135 0.305176 0.205678 0.324219 0.00503922
0 0.321534 0.270508 0.096981 0.185547 0.00429916
0 0.982952 0.956055 0.0340957 0.0683594 0.00416565
0 0.612965 0.496216 0.72931 0.980225 0.00400543
0 0.770641 0.456177 0.200471 0.357178 0.00397491
0 0.388575 0.397461 0.324138 0.555664 0.00390053
0 0.7407 0.532715 0.101537 0.18457 0.00379562
0 0.420793 0.568359 0.0995845 0.144531 0.00369263
0 0.828569 0.280029 0.320232 0.508301 0.00353813
0 0.189568 0.822266 0.214465 0.328125 0.00349617
0 0.502479 0.745117 0.200471 0.423828 0.00337601
0 0.645021 0.748535 0.157513 0.254883 0.00337601
0 0.980224 0.333252 0.0364492 0.118652 0.00327301
0 0.233991 0.726074 0.0956792 0.149414 0.00322342
0 0.929455 0.2099 0.127572 0.278442 0.003088
0 0.447479 0.436035 0.310469 0.428711 0.0030632
0 0.544786 0.682617 0.257748 0.371094 0.00300407
0 0.654784 0.600586 0.0937266 0.152344 0.0029583
0 0.473514 0.411133 0.44455 0.722656 0.0029583
0 0.219997 0.799316 0.149702 0.37793 0.00293541
0 0.342037 0.291016 0.145797 0.219727 0.00277901
0 0.224553 0.858887 0.179643 0.237305 0.0026722
0 0.731588 0.569824 0.075502 0.104492 0.00247192
0 0.324463 0.549316 0.447805 0.901367 0.00243378
0 0.818806 0.291504 0.197867 0.213867 0.00240517
0 0.649577 0.626465 0.624844 0.629883 0.251709
0 0.633956 0.487305 0.721174 0.910156 0.170532
0 0.577981 0.701172 0.330647 0.425781 0.133911
0 0.885195 0.266602 0.219997 0.268555 0.128906
0 0.825315 0.527466 0.338457 0.800537 0.108948
0 0.578957 0.639648 0.393782 0.623047 0.0843506
0 0.856557 0.308838 0.273369 0.411621 0.0757446
0 0.655435 0.673828 0.510289 0.541016 0.0646362
0 0.841711 0.421875 0.316577 0.732422 0.0614319
0 0.842888 0.399902 0.296801 0.545898 0.0534973
0 0.367096 0.474121 0.158814 0.299805 0.0430298
0 0.375557 0.532715 0.127572 0.177734 0.0384521
0 0.887273 0.211182 0.225454 0.39209 0.0347595
0 0.810344 0.450684 0.229109 0.356445 0.0290833
0 0.387924 0.561523 0.0865669 0.119141 0.0225067
0 0.65153 0.686523 0.143193 0.335938 0.0196075
0 0.740049 0.515137 0.464728 0.825195 0.0179138
0 0.356682 0.410156 0.156211 0.439453 0.014389
0 0.657388 0.641602 0.117158 0.224609 0.0134811
0 0.920994 0.242676 0.151004 0.267578 0.0133286
0 0.942473 0.268799 0.104141 0.241699 0.0108185
0 0.527212 0.581543 0.485556 0.750977 0.0107346
0 0.390527 0.513672 0.121063 0.228516 0.0103302
0 0.345617 0.5625 0.117158 0.142578 0.00967407
0 0.23334 0.707031 0.0787564 0.103516 0.00963593
0 0.85135 0.278809 0.191358 0.227539 0.00905609
0 0.385646 0.447266 0.19266 0.361328 0.00898743
0 0.907976 0.201172 0.178341 0.334473 0.00806427
0 0.35896 0.333252 0.184199 0.331543 0.0069046
0 0.654784 0.600586 0.0937266 0.150391 0.00656509
0 0.635909 0.650879 0.17053 0.316406 0.00572968
0 0.842362 0.293701 0.315275 0.557129 0.00559998
0 0.975668 0.300781 0.048165 0.203125 0.00510025
0 0.233991 0.715332 0.0924248 0.128906 0.0049057
0 0.423071 0.568359 0.0839634 0.126953 0.00479126
0 0.344315 0.30542 0.147099 0.242676 0.00477219
0 0.361889 0.274841 0.200471 0.378052 0.00453949
0 0.469284 0.428711 0.334552 0.445312 0.00448608
0 0.223577 0.777832 0.123016 0.27832 0.00441742
0 0.542508 0.674805 0.24408 0.382812 0.00439835
0 0.790167 0.300781 0.145797 0.194336 0.0037365
0 0.658689 0.580078 0.111951 0.179688 0.00369263
0 0.187941 0.813477 0.21121 0.322266 0.00363541
0 0.309493 0.268555 0.075502 0.197266 0.00359344
0 0.51875 0.489258 0.404847 0.443359 0.00342941
0 0.82922 0.395508 0.239523 0.470703 0.00332451
0 0.51094 0.736328 0.205678 0.378906 0.00318527
0 0.736795 0.459473 0.114555 0.318359 0.00312424
0 0.736795 0.52002 0.0937266 0.199219 0.00286674
0 0.76283 0.333252 0.108046 0.131348 0.00277901
0 0.574726 0.698242 0.325439 0.427734 0.282227
0 0.642417 0.654175 0.60011 0.590088 0.274414
0 0.62224 0.474609 0.715967 0.949219 0.153564
0 0.886497 0.262695 0.216092 0.263672 0.106689
0 0.58335 0.661621 0.374581 0.606445 0.0965576
0 0.638512 0.690918 0.460822 0.532227 0.0743408
0 0.609385 0.694824 0.239198 0.385742 0.0614319
0 0.360587 0.441895 0.17053 0.375 0.0605164
0 0.704251 0.517578 0.564963 0.832031 0.0531921
0 0.865669 0.253174 0.252541 0.370605 0.0513611
0 0.365143 0.479492 0.1484 0.291992 0.0448608
0 0.894308 0.221924 0.208281 0.355957 0.0423889
0 0.653482 0.687988 0.137986 0.351562 0.0353394
0 0.841586 0.431152 0.305913 0.796875 0.0259094
0 0.913834 0.238037 0.165323 0.280762 0.0228424
0 0.369699 0.545898 0.126271 0.161133 0.0218201
0 0.387924 0.473145 0.191358 0.321289 0.0216217
0 0.941171 0.258057 0.109348 0.249512 0.013588
0 0.810995 0.452148 0.223902 0.345703 0.0114212
0 0.352125 0.543945 0.131478 0.178711 0.011116
0 0.848746 0.276367 0.166625 0.222656 0.0105667
0 0.655435 0.599609 0.100235 0.175781 0.0102463
0 0.51875 0.508911 0.484254 0.894287 0.0086441
0 0.508987 0.738281 0.190057 0.384766 0.00857544
0 0.843539 0.375977 0.28899 0.505859 0.00806427
0 0.233177 0.706055 0.0764783 0.105469 0.00793457
0 0.185826 0.8125 0.212837 0.332031 0.00760651
0 0.451059 0.433716 0.302008 0.447021 0.00638962
0 0.874781 0.310059 0.247334 0.369141 0.00629044
0 0.88845 0.793945 0.0494668 0.0644531 0.0053215
0 0.904722 0.189697 0.164021 0.314941 0.0051384
0 0.516798 0.659668 0.156211 0.291992 0.00510025
0 0.354404 0.352539 0.175086 0.367188 0.0050621
0 0.42958 0.56543 0.0930757 0.144531 0.0049057
0 0.97742 0.302979 0.0451606 0.186035 0.00443268
0 0.842237 0.252197 0.309818 0.478027 0.00441742
0 0.788865 0.496094 0.174436 0.25293 0.00413513
0 0.540555 0.734375 0.261002 0.40625 0.00400543
0 0.213651 0.773438 0.146122 0.398438 0.00387001
0 0.738097 0.539062 0.085916 0.158203 0.00379562
0 0.650228 0.587891 0.131478 0.255859 0.00367928
0 0.802534 0.302002 0.167927 0.192871 0.00365067
0 0.23334 0.755859 0.0937266 0.222656 0.00359344
0 0.73289 0.463989 0.101537 0.30249 0.00348282
0 0.499875 0.688965 0.177039 0.330078 0.00348282
0 0.346268 0.308594 0.1484 0.255859 0.00345612
0 0.45887 0.48584 0.265559 0.389648 0.00337601
0 0.471236 0.516602 0.182246 0.266602 0.00337601
0 0.225855 0.822754 0.136685 0.290039 0.00337601
0 0.445201 0.711914 0.0898213 0.260742 0.00333786
0 0.645021 0.566528 0.645672 0.781006 0.265869
0 0.624969 0.481445 0.750063 0.962891 0.166138
0 0.359611 0.412109 0.18485 0.449219 0.111633
0 0.56659 0.694824 0.333901 0.454102 0.108948
0 0.883894 0.263428 0.223902 0.268066 0.0859985
0 0.364492 0.470215 0.160116 0.308594 0.0841675
0 0.755182 0.527466 0.468307 0.831787 0.0757446
0 0.858509 0.275452 0.26686 0.369995 0.0496826
0 0.666663 0.674805 0.530792 0.587891 0.0423889
0 0.366445 0.516602 0.136685 0.222656 0.0318604
0 0.835729 0.453613 0.320232 0.825195 0.0297089
0 0.812297 0.450195 0.230411 0.357422 0.0240936
0 0.889751 0.215271 0.21479 0.374146 0.0200195
0 0.645021 0.694824 0.157513 0.37207 0.0196075
0 0.38532 0.442383 0.201772 0.387695 0.0195312
0 0.839634 0.407227 0.298103 0.582031 0.0195007
0 0.812297 0.400391 0.257748 0.494141 0.0118256
0 0.850699 0.275146 0.187453 0.236816 0.0110703
0 0.233991 0.705078 0.0728984 0.107422 0.0109024
0 0.656086 0.667969 0.121063 0.295898 0.0105286
0 0.937266 0.238708 0.117158 0.265747 0.00981903
0 0.357007 0.330566 0.180293 0.330078 0.00959778
0 0.507035 0.739258 0.190057 0.392578 0.00763702
0 0.506709 0.505737 0.470585 0.894775 0.00763702
0 0.96265 0.265137 0.0650879 0.233398 0.00740433
0 0.450408 0.431519 0.309818 0.453369 0.00658798
0 0.644533 0.638184 0.135057 0.285156 0.0053215
0 0.655435 0.598633 0.0976318 0.15625 0.00530243
0 0.426326 0.557129 0.100235 0.165039 0.00510025
0 0.813599 0.302734 0.200471 0.207031 0.00494385
0 0.835729 0.269531 0.322836 0.507812 0.00482941
0 0.657388 0.579102 0.111951 0.193359 0.00457382
0 0.312422 0.273438 0.0833125 0.204102 0.00432968
0 0.220973 0.740234 0.120413 0.361328 0.00421524
0 0.73289 0.453125 0.106744 0.30957 0.00400543
0 0.235293 0.708984 0.0872178 0.138672 0.00400543
0 0.335203 0.28833 0.132779 0.231934 0.00397491
0 0.735493 0.503906 0.0989336 0.234375 0.00388527
0 0.516798 0.649414 0.152306 0.283203 0.00374985
0 0.459521 0.480957 0.270766 0.399414 0.00363541
0 0.187087 0.807617 0.209664 0.335938 0.00340271
0 0.449432 0.707031 0.104792 0.259766 0.00336266
0 0.760227 0.338867 0.109348 0.137695 0.00324821
0 0.49597 0.680664 0.171832 0.318359 0.00324821
0 0.500526 0.595215 0.139288 0.176758 0.00314713
0 0.470585 0.509766 0.188755 0.288086 0.00312424
0 0.978922 0.306152 0.0416563 0.180664 0.00302696
0 0.490112 0.552734 0.17053 0.21875 0.00291252
0 0.885195 0.316467 0.225204 0.438354 0.00279999
0 0.889751 0.794922 0.0507686 0.0644531 0.00279999
0 0.644207 0.566528 0.645997 0.781006 0.265137
0 0.624969 0.481445 0.750063 0.962891 0.167236
0 0.359611 0.412109 0.18485 0.449219 0.112
0 0.56659 0.694824 0.333901 0.454102 0.107788
0 0.883894 0.263428 0.223902 0.268066 0.0856934
0 0.364492 0.470215 0.160116 0.308594 0.0838623
0 0.75502 0.527466 0.466029 0.831787 0.0754395
0 0.858509 0.275391 0.26686 0.370117 0.0495911
0 0.667151 0.674805 0.531117 0.587891 0.0423279
0 0.366445 0.517578 0.136685 0.220703 0.0317383
0 0.835729 0.453125 0.320232 0.824219 0.0296478
0 0.812297 0.450195 0.230411 0.357422 0.0239105
0 0.889751 0.215271 0.21479 0.374146 0.0200195
0 0.645021 0.694824 0.157513 0.37207 0.0195312
0 0.38532 0.442383 0.201772 0.387695 0.019455
0 0.839634 0.406738 0.298103 0.581055 0.0193787
0 0.850699 0.275146 0.187453 0.236816 0.0111618
0 0.233991 0.705078 0.0728984 0.107422 0.0109024
0 0.656086 0.667969 0.121063 0.295898 0.0104904
0 0.937917 0.238525 0.117158 0.265625 0.00985718
0 0.357007 0.330566 0.180293 0.330078 0.00959778
0 0.507035 0.505737 0.471236 0.894775 0.00769424
0 0.507035 0.739258 0.190057 0.392578 0.00763702
0 0.96265 0.265137 0.0650879 0.233398 0.00740433
0 0.450408 0.431519 0.309818 0.453369 0.00656509
0 0.644533 0.638672 0.135057 0.285156 0.0053215
0 0.655435 0.598633 0.0976318 0.15625 0.00530243
0 0.426326 0.557617 0.100235 0.164062 0.00508118
0 0.813599 0.302734 0.200471 0.207031 0.00498199
0 0.835729 0.269531 0.322836 0.507812 0.00482941
0 0.657388 0.579102 0.111951 0.193359 0.00457382
0 0.312422 0.273438 0.0833125 0.204102 0.00434875
0 0.220811 0.740234 0.120738 0.363281 0.00421524
0 0.733541 0.453125 0.106744 0.308594 0.00400543
0 0.235293 0.708984 0.0872178 0.138672 0.00400543
0 0.335203 0.28833 0.132779 0.231934 0.00399017
0 0.735493 0.504395 0.0976318 0.233398 0.00388527
0 0.516798 0.649414 0.152306 0.283203 0.00374985
0 0.459521 0.480957 0.270766 0.399414 0.00363541
0 0.187128 0.807617 0.209583 0.335938 0.00338936
0 0.449432 0.707031 0.104792 0.260742 0.00337601
0 0.760227 0.338867 0.109348 0.137695 0.00327301
0 0.49597 0.680664 0.171832 0.318359 0.00323486
0 0.500526 0.595703 0.139288 0.177734 0.00314713
0 0.470585 0.509766 0.188755 0.288086 0.00311089
0 0.978922 0.306396 0.0416563 0.180176 0.00302696
0 0.490112 0.552734 0.17053 0.21875 0.00291252
0 0.889751 0.794922 0.0507686 0.0644531 0.00283432
0 0.885195 0.317322 0.225204 0.439575 0.00277901
0 0.296801 0.494019 0.398338 0.869385 0.00277901
