0 0.425024 0.218506 0.182246 0.437012 0.105225
0 0.42958 0.503906 0.201122 0.871094 0.081665
0 0.100561 0.74707 0.200796 0.46875 0.0340271
0 0.0943774 0.83252 0.182246 0.334961 0.033783
0 0.108697 0.521484 0.21479 0.90625 0.0103302
0 0.42958 0.164612 0.18485 0.314331 0.0102463
0 0.144983 0.490723 0.259375 0.981445 0.00967407
0 0.0942961 0.5 0.188592 1 0.00959778
0 0.570821 0.492065 0.480349 0.890869 0.00948334
0 0.206979 0.5 0.413959 1 0.00891876
0 0.435438 0.283203 0.182246 0.566406 0.00821686
0 0.106581 0.5 0.213163 1 0.00760651
0 0.609999 0.5 0.780003 1 0.00751877
0 0.104547 0.669922 0.209095 0.652344 0.00728989
0 0.396385 0.5 0.792771 1 0.00714874
0 0.479698 0.5 0.555851 1 0.00706482
0 0.67053 0.5 0.658939 1 0.00679779
0 0.242778 0.490234 0.449106 0.927734 0.00674438
0 0.177039 0.513184 0.354078 0.973633 0.00658798
0 0.5 0.5 1 1 0.0064621
0 0.410705 0.5 0.821409 1 0.00626373
0 0.5 0.5 1 1 0.00600433
0 0.559881 0.5 0.880238 1 0.00588989
0 0.72976 0.5 0.54048 1 0.00547028
0 0.5 0.5 1 1 0.00516129
0 0.491414 0.5 0.961999 1 0.00481033
0 0.668578 0.5 0.662845 1 0.00468063
0 0.427627 0.359375 0.161418 0.411133 0.0037365
0 0.100805 0.658203 0.20161 0.476562 0.00370789
0 0.5 0.5 1 1 0.00370789
0 0.113741 0.561035 0.227482 0.87793 0.00344276
0 0.430231 0.0842285 0.164021 0.160645 0.00342941
0 0.184036 0.395996 0.0816853 0.124023 0.00264168
0 0.425675 0.265198 0.225204 0.389526 0.00237846
0 0.146448 0.235352 0.247334 0.470703 0.00226974
0 0.434787 0.736328 0.183548 0.519531 0.00212479
0 0.181921 0.364746 0.0995845 0.167969 0.00211525
0 0.140264 0.639648 0.280529 0.720703 0.00161076
0 0.173459 0.525391 0.0982827 0.115234 0.00159168
0 0.417213 0.0609131 0.165323 0.12085 0.00158501
0 0.396711 0.208008 0.298753 0.416016 0.00141048
0 0.661255 0.490723 0.67749 0.94043 0.00138283
0 0.172157 0.847656 0.337806 0.304688 0.00136662
0 0.170042 0.847412 0.331623 0.305176 0.00130939
0 0.345291 0.529785 0.664547 0.94043 0.00126934
0 0.285736 0.703125 0.571472 0.59375 0.0012598
0 0.164672 0.368652 0.134732 0.410156 0.00120163
0 0.139451 0.285645 0.193636 0.554688 0.00119209
0 0.15137 0.411133 0.139858 0.375 0.00119209
0 0.0965742 0.558105 0.193148 0.491211 0.00119209
0 0.400291 0.266357 0.210885 0.445801 0.0455322
0 0.181595 0.285889 0.0689932 0.065918 0.0321045
0 0.147587 0.509766 0.103815 0.146484 0.0305634
0 0.172483 0.386841 0.108046 0.1521 0.0237732
0 0.117646 0.684692 0.235293 0.626709 0.0230713
0 0.154869 0.456055 0.146529 0.266602 0.0202179
0 0.434136 0.519531 0.0572773 0.0742188 0.0195618
0 0.402894 0.279541 0.178341 0.334473 0.0187225
0 0.021357 0.782227 0.0427139 0.0761719 0.0177765
0 0.394433 0.299805 0.121063 0.333008 0.0164032
0 0.126921 0.228027 0.253843 0.442383 0.0149536
0 0.18127 0.355469 0.0849397 0.157227 0.0146713
0 0.127898 0.504395 0.255795 0.991211 0.0145569
0 0.34822 0.519531 0.324138 0.916016 0.014061
0 0.402243 0.522949 0.209583 0.883789 0.014061
0 0.361238 0.242615 0.283132 0.459106 0.01297
0 0.405498 0.223877 0.134081 0.151855 0.0127258
0 0.146448 0.430664 0.16695 0.342773 0.0120544
0 0.144495 0.139648 0.0885195 0.256348 0.0119171
0 0.0365306 0.882812 0.0730612 0.232422 0.0110703
0 0.0772105 0.866211 0.154421 0.267578 0.0110703
0 0.140264 0.292969 0.280529 0.536133 0.0109024
0 0.071434 0.894287 0.10707 0.20752 0.00985718
0 0.428929 0.244141 0.151004 0.235352 0.00978088
0 0.0922621 0.736328 0.184524 0.527344 0.00784302
0 0.173622 0.529297 0.347244 0.941406 0.00772476
0 0.367747 0.415161 0.0663897 0.111084 0.00766754
0 0.151329 0.373047 0.145471 0.303711 0.00734711
0 0.410705 0.181885 0.173134 0.333984 0.0068512
0 0.162394 0.308594 0.102188 0.244141 0.00643921
0 0.268081 0.328857 0.462287 0.627441 0.00595856
0 0.164347 0.17627 0.134081 0.352539 0.00591278
0 0.384019 0.5 0.768037 1 0.00577545
0 0.0614267 0.268555 0.0691559 0.0947266 0.00526047
0 0.0805463 0.730469 0.161093 0.539062 0.00500107
0 0.410705 0.123779 0.166625 0.241699 0.00484848
0 0.262955 0.504028 0.471236 0.9646 0.00469971
0 0.154909 0.526367 0.123016 0.205078 0.0046463
0 0.5 0.5 1 1 0.00460815
0 0.5 0.5 1 1 0.0045929
0 0.43674 0.166016 0.135383 0.258301 0.00429916
0 0.456266 0.5 0.912532 1 0.00426483
0 0.0907163 0.651245 0.181433 0.69751 0.00418091
0 0.387924 0.371094 0.0865669 0.238281 0.00415039
0 0.5 0.5 1 1 0.00408554
0 0.644658 0.481445 0.710684 0.962891 0.00388527
0 0.360912 0.439453 0.0488159 0.0917969 0.00387001
0 0.0523144 0.157959 0.068505 0.106934 0.00380898
0 0.0616708 0.210938 0.0781055 0.15332 0.00379562
0 0.5 0.5 1 1 0.0037365
0 0.417213 0.214417 0.180944 0.426636 0.629883
0 0.658852 0.516113 0.627122 0.924805 0.200562
0 0.398338 0.212646 0.249938 0.425293 0.177856
0 0.564637 0.511841 0.462775 0.941162 0.167236
0 0.118785 0.233887 0.237571 0.458984 0.11084
0 0.149865 0.458008 0.164347 0.304688 0.0766602
0 0.126759 0.461426 0.206329 0.379883 0.0568542
0 0.546738 0.224609 0.432184 0.425781 0.0474243
0 0.139125 0.395996 0.237245 0.723633 0.0445862
0 0.146285 0.520508 0.223577 0.859375 0.0430298
0 0.550969 0.718262 0.379462 0.508789 0.0386047
0 0.414284 0.134521 0.17769 0.269043 0.0321655
0 0.611663 0.29541 0.534046 0.575195 0.0316162
0 0.156048 0.459961 0.135708 0.254883 0.0307922
0 0.115206 0.410156 0.230411 0.435547 0.0292053
0 0.659791 0.338379 0.680418 0.676758 0.0280609
0 0.426326 0.29541 0.185501 0.367188 0.0268097
0 0.0911231 0.96582 0.101212 0.0683594 0.0250397
0 0.117972 0.511597 0.235944 0.488525 0.0197906
0 0.190992 0.381958 0.257179 0.49585 0.0174408
0 0.671018 0.448242 0.657963 0.896484 0.0174408
0 0.13701 0.270508 0.214139 0.352539 0.0171814
0 0.632003 0.67334 0.60011 0.55957 0.0168457
0 0.482627 0.491211 0.440645 0.982422 0.0163422
0 0.618785 0.561035 0.762429 0.87793 0.0145035
0 0.0911637 0.761719 0.173703 0.455078 0.0138474
0 0.316002 0.387817 0.520703 0.773193 0.0123367
0 0.606619 0.233887 0.656086 0.467773 0.012146
0 0.407776 0.566895 0.68147 0.811523 0.011734
0 0.509638 0.57373 0.825315 0.852539 0.0109482
0 0.173785 0.360352 0.102839 0.15332 0.0106506
0 0.0904722 0.864258 0.1663 0.259766 0.0105667
0 0.176225 0.529419 0.315351 0.87085 0.0102081
0 0.32609 0.503052 0.580584 0.956787 0.0100937
0 0.178992 0.144043 0.158164 0.288086 0.00857544
0 0.154096 0.633789 0.0875432 0.268555 0.00857544
0 0.0990963 0.280029 0.198193 0.370605 0.0078125
0 0.196077 0.101562 0.124643 0.203125 0.00728989
0 0.192172 0.178467 0.140264 0.356934 0.00723267
0 0.205027 0.233887 0.193311 0.467773 0.00717545
0 0.327962 0.226318 0.381578 0.452637 0.00706482
0 0.0900654 0.739258 0.180131 0.5 0.00669098
0 0.831297 0.537598 0.337405 0.924805 0.00616837
0 0.324789 0.527222 0.649577 0.758057 0.00600433
0 0.441377 0.6698 0.588232 0.646729 0.00598145
0 0.160076 0.5625 0.222682 0.404297 0.00557709
0 0.64775 0.254883 0.704501 0.509766 0.00538635
0 0.080709 0.924805 0.125294 0.148438 0.00492477
0 0.649702 0.154419 0.700596 0.308838 0.0045929
0 0.203034 0.650391 0.325521 0.65625 0.00445175
0 0.419491 0.330139 0.186151 0.439331 0.122131
0 0.415261 0.285889 0.175737 0.303223 0.118408
0 0.409403 0.267334 0.17769 0.416504 0.0589905
0 0.156211 0.47644 0.136034 0.37915 0.0253754
0 0.134366 0.555176 0.22138 0.495117 0.0171051
0 0.405172 0.324707 0.198518 0.602539 0.016098
0 0.163696 0.488281 0.175086 0.554688 0.0149002
0 0.166788 0.465332 0.1113 0.297852 0.0141144
0 0.161255 0.62207 0.075502 0.28125 0.0133743
0 0.169229 0.578125 0.106093 0.355469 0.0132217
0 0.838457 0.644043 0.323086 0.635742 0.0121002
0 0.420142 0.206299 0.179643 0.412598 0.0120544
0 0.36376 0.396973 0.282644 0.609375 0.0120544
0 0.14836 0.550293 0.136115 0.389648 0.0114212
0 0.376208 0.760254 0.240825 0.438477 0.0109024
0 0.152306 0.652344 0.0572773 0.253906 0.0107803
0 0.113172 0.586426 0.226343 0.827148 0.0106506
0 0.101863 0.72168 0.179317 0.5 0.00926971
0 0.778451 0.680664 0.231713 0.585938 0.00908661
0 0.0353915 0.672974 0.0707831 0.654053 0.00901794
0 0.175412 0.52063 0.121714 0.476318 0.00881195
0 0.441947 0.49707 0.05923 0.126953 0.0085144
0 0.288339 0.483398 0.396385 0.78125 0.008255
0 0.126759 0.581055 0.172483 0.375 0.00812531
0 0.143844 0.428833 0.154909 0.503662 0.00803375
0 0.172117 0.558105 0.178422 0.731445 0.00757599
0 0.127247 0.647461 0.242778 0.560547 0.00723267
0 0.362214 0.601685 0.284434 0.759521 0.00706482
0 0.82544 0.616699 0.349121 0.719727 0.00682449
0 0.0838007 0.728027 0.167601 0.543945 0.00658798
0 0.00935639 0.705078 0.0187128 0.589844 0.00656509
0 0.0677728 0.75293 0.135546 0.494141 0.00636292
0 0.414284 0.424316 0.182897 0.639648 0.006073
0 0.315025 0.657227 0.36319 0.634766 0.00600433
0 0.403219 0.374512 0.144495 0.335938 0.005867
0 0.92177 0.950684 0.156461 0.0986328 0.00566483
0 0.130664 0.386719 0.237896 0.761719 0.00551224
0 0.309493 0.366699 0.428929 0.733398 0.0053215
0 0.946828 0.665161 0.106343 0.624756 0.00516129
0 0.026686 0.890869 0.045887 0.187012 0.00502014
0 0.0659015 0.727051 0.131803 0.545898 0.00486755
0 0.114311 0.442383 0.228621 0.884766 0.00482941
0 0.382147 0.840332 0.313561 0.311523 0.00477219
0 0.205027 0.37207 0.278576 0.744141 0.00443268
0 0.0931164 0.541504 0.175005 0.541992 0.0042305
0 0.0360424 0.783203 0.0720848 0.433594 0.00418091
0 0.462124 0.279297 0.307215 0.558594 0.00407028
0 0.840735 0.976562 0.31853 0.046875 0.00407028
0 0.447479 0.760254 0.287038 0.454102 0.00390053
0 0.408833 0.976074 0.473677 0.0478516 0.00358009
0 0.418515 0.262451 0.17053 0.359863 0.196777
0 0.415912 0.203369 0.178341 0.365723 0.076416
0 0.277925 0.493164 0.45171 0.986328 0.0750122
0 0.294848 0.291748 0.415261 0.583496 0.0708008
0 0.424699 0.335876 0.181595 0.440552 0.0680542
0 0.132942 0.425293 0.194938 0.401367 0.0637207
0 0.256446 0.366211 0.497272 0.732422 0.057373
0 0.359855 0.5 0.302171 1 0.0490417
0 0.120413 0.507935 0.217394 0.538818 0.0409241
0 0.394107 0.494629 0.687979 0.989258 0.0397949
0 0.139573 0.396484 0.274101 0.792969 0.0357361
0 0.392155 0.279297 0.219346 0.556641 0.0351562
0 0.181921 0.319824 0.363841 0.639648 0.0335388
0 0.453337 0.509766 0.0924248 0.09375 0.0317993
0 0.136685 0.503052 0.226506 0.904053 0.0246124
0 0.0901061 0.962891 0.050199 0.0703125 0.0239105
0 0.115694 0.351562 0.216092 0.569336 0.0231934
0 0.128549 0.220703 0.253192 0.441406 0.0207977
0 0.11309 0.625 0.206003 0.484375 0.0174408
0 0.385646 0.324707 0.105442 0.319336 0.0171051
0 0.127898 0.574707 0.18485 0.391602 0.0153046
0 0.414935 0.132812 0.171832 0.265625 0.0141754
0 0.104751 0.701172 0.187534 0.582031 0.0132217
0 0.144821 0.621216 0.221299 0.706787 0.012825
0 0.514194 0.501465 0.6665 0.99707 0.0127716
0 0.169066 0.215576 0.192986 0.431152 0.0127258
0 0.171222 0.391479 0.204946 0.467041 0.0124283
0 0.143519 0.611816 0.0885195 0.355469 0.0118256
0 0.165323 0.360107 0.126596 0.266113 0.0115967
0 0.130339 0.137695 0.258074 0.275391 0.00981903
0 0.195752 0.0933838 0.135708 0.186768 0.00974274
0 0.197216 0.128906 0.144495 0.257812 0.00888062
0 0.104792 0.303284 0.197216 0.434448 0.00854492
0 0.176225 0.221741 0.123992 0.436401 0.00818634
0 0.0799768 0.964844 0.060369 0.0625 0.00743103
0 0.42958 0.461914 0.206329 0.541016 0.00734711
0 0.0421444 0.779297 0.0738748 0.195312 0.00717545
0 0.379788 0.408203 0.0956792 0.258789 0.00664139
0 0.439018 0.374756 0.648926 0.749512 0.00591278
0 0.0685864 0.661621 0.137173 0.512695 0.00588989
0 0.2728 0.418945 0.403382 0.585938 0.00521851
0 0.655923 0.489746 0.687654 0.979492 0.00521851
0 0.0922621 0.252197 0.175086 0.359863 0.0046463
0 0.127572 0.5 0.255145 1 0.0045929
0 0.498248 0.294922 0.34822 0.508789 0.00418091
0 0.149214 0.572388 0.182572 0.450928 0.0039444
0 0.195915 0.29248 0.171832 0.573242 0.00390053
0 0.425024 0.449707 0.173134 0.295898 0.00387001
0 0.43316 0.758789 0.156862 0.455078 0.00382423
0 0.180334 0.63916 0.268081 0.641602 0.00379562
0 0.406799 0.231445 0.183548 0.462891 0.339844
0 0.125457 0.226074 0.250914 0.452148 0.193115
0 0.415912 0.303162 0.197867 0.385864 0.149048
0 0.128874 0.334961 0.257748 0.669922 0.122925
0 0.125945 0.150757 0.25189 0.301514 0.118408
0 0.263931 0.488281 0.527863 0.976562 0.0779419
0 0.0955165 0.964844 0.0507686 0.0664062 0.0685425
0 0.128711 0.5 0.257423 1 0.0667114
0 0.40387 0.322754 0.212837 0.634766 0.0654907
0 0.600761 0.486816 0.662595 0.973633 0.0410767
0 0.398012 0.734863 0.223251 0.514648 0.0337219
0 0.752416 0.502075 0.494668 0.976318 0.0335999
0 0.0862415 0.770996 0.172483 0.456055 0.0303345
0 0.442272 0.529297 0.0455615 0.0605469 0.0284424
0 0.254819 0.30127 0.509638 0.602539 0.0283356
0 0.304937 0.506958 0.416563 0.954834 0.0263062
0 0.0904722 0.68689 0.17053 0.626221 0.0245667
0 0.3889 0.501465 0.242778 0.96582 0.0227203
0 0.0794072 0.92749 0.123016 0.137207 0.0219421
0 0.402243 0.169189 0.196565 0.333496 0.0190582
0 0.0473514 0.826172 0.0947029 0.177734 0.0167847
0 0.10886 0.715332 0.217719 0.547852 0.0144501
0 0.411355 0.85498 0.210885 0.28418 0.0142822
0 0.12985 0.439575 0.205678 0.531006 0.0129242
0 0.256446 0.639771 0.512893 0.716553 0.0122375
0 0.608572 0.68457 0.446503 0.613281 0.0120544
0 0.124155 0.483887 0.24831 0.967773 0.0105286
0 0.1759 0.124756 0.149377 0.245605 0.01017
0 0.116589 0.617188 0.233177 0.726562 0.00978088
0 0.115694 0.54248 0.220323 0.624023 0.00971222
0 0.0828243 0.869629 0.165649 0.260742 0.00963593
0 0.147424 0.703125 0.0520703 0.261719 0.00955963
0 0.144821 0.764648 0.0523958 0.421875 0.00948334
0 0.412657 0.345947 0.174436 0.305176 0.00874329
0 0.153933 0.451172 0.137986 0.40918 0.00867462
0 0.146448 0.61731 0.0917739 0.525146 0.008255
0 0.417213 0.678223 0.183548 0.643555 0.00809479
0 0.167601 0.224609 0.137335 0.449219 0.00806427
0 0.698393 0.684082 0.295499 0.606445 0.00754929
0 0.389551 0.824707 0.24408 0.348633 0.00746155
0 0.172808 0.241699 0.182246 0.483398 0.00728989
0 0.0788377 0.700195 0.151492 0.429688 0.00725937
0 0.81112 0.481445 0.37776 0.962891 0.00712204
0 0.104466 0.335449 0.208932 0.508789 0.00703812
0 0.0894959 0.583496 0.178992 0.479492 0.00695801
0 0.159791 0.522461 0.138637 0.625 0.00677109
0 0.193148 0.660278 0.383042 0.667725 0.00643921
0 0.421119 0.382324 0.211536 0.348633 0.00629044
0 0.0746884 0.892822 0.149377 0.206543 0.00591278
0 0.516798 0.689453 0.472538 0.609375 0.00588989
0 0.41103 0.298584 0.178341 0.348145 0.0362244
0 0.280529 0.474609 0.459521 0.929688 0.0255127
0 0.155235 0.211426 0.0589045 0.0649414 0.0166626
0 0.413959 0.251953 0.158814 0.311523 0.0119171
0 0.412657 0.186768 0.177039 0.373535 0.0112457
0 0.3147 0.340088 0.389876 0.665527 0.011116
0 0.232364 0.352051 0.445201 0.701172 0.0109482
0 0.411681 0.131897 0.171832 0.223511 0.0104904
0 0.441947 0.519531 0.0546738 0.0566406 0.01017
0 0.130339 0.439453 0.201122 0.37793 0.0100098
0 0.41819 0.321533 0.146448 0.185059 0.00963593
0 0.16272 0.426636 0.126271 0.277588 0.00837708
0 0.406474 0.333984 0.280529 0.650391 0.00728989
0 0.180619 0.340576 0.0891704 0.163574 0.00703812
0 0.172808 0.39209 0.104792 0.228516 0.00698471
0 0.137498 0.350586 0.26263 0.694336 0.00653839
0 0.45228 0.497559 0.600273 0.938477 0.00631332
0 0.179154 0.174805 0.132779 0.181641 0.00624084
0 0.127084 0.19751 0.245707 0.352539 0.00559998
0 0.16093 0.500977 0.129199 0.198242 0.0053215
0 0.121389 0.341858 0.226831 0.468628 0.00460815
0 0.188104 0.439453 0.337806 0.878906 0.00460815
0 0.153607 0.533081 0.161418 0.406494 0.00413513
0 0.132454 0.133057 0.264908 0.266113 0.00379562
0 0.150678 0.646484 0.075502 0.203125 0.00356483
0 0.589534 0.494141 0.580909 0.976562 0.00321007
0 0.427953 0.343262 0.184199 0.361328 0.003088
0 0.19266 0.246094 0.17053 0.482422 0.00281143
0 0.157838 0.584961 0.129525 0.322266 0.0027256
0 0.147099 0.680176 0.069644 0.15918 0.00265312
0 0.423397 0.403442 0.195264 0.331787 0.00236893
0 0.122203 0.522583 0.211861 0.4646 0.00232315
0 0.191521 0.410034 0.167601 0.394775 0.00187492
0 0.044097 0.151611 0.0771292 0.111328 0.00172043
0 0.094052 0.967773 0.0585791 0.0527344 0.00171375
0 0.201772 0.35376 0.187453 0.51416 0.00170708
0 0.180782 0.65918 0.162394 0.490234 0.0015974
0 0.0543484 0.186096 0.0943774 0.164917 0.0015192
0 0.0849397 0.303955 0.154258 0.38916 0.00137234
0 0.405498 0.348145 0.151004 0.283203 0.00135612
0 0.114839 0.592285 0.218777 0.400391 0.00134563
0 0.0567078 0.259277 0.0903095 0.164062 0.00133514
0 0.0966148 0.726562 0.182327 0.546875 0.0012598
0 0.516472 0.375 0.479698 0.75 0.00121593
0 0.151818 0.531738 0.27044 0.833008 0.00119209
0 0.189243 0.131104 0.153933 0.254395 0.00112057
0 0.24408 0.298096 0.488159 0.596191 0.00108624
0 0.126596 0.341797 0.253192 0.683594 0.057373
0 0.151167 0.425903 0.142542 0.382568 0.037323
0 0.143844 0.369873 0.158489 0.51416 0.0292053
0 0.414284 0.218262 0.168578 0.423828 0.022934
0 0.115043 0.344238 0.213488 0.604492 0.0188293
0 0.171344 0.422363 0.100235 0.314453 0.0164642
0 0.0919366 0.970703 0.0468633 0.0449219 0.0161591
0 0.0760715 0.974609 0.0672033 0.0410156 0.0147858
0 0.158489 0.260254 0.171181 0.520508 0.014061
0 0.179805 0.39209 0.0920994 0.285156 0.0134277
0 0.130664 0.256348 0.250263 0.512695 0.0119629
0 0.148889 0.459961 0.128549 0.283203 0.0119629
0 0.411681 0.177002 0.165323 0.279785 0.0112457
0 0.12741 0.392334 0.254819 0.784668 0.0111618
0 0.443249 0.522949 0.0325439 0.0400391 0.0106964
0 0.416563 0.283203 0.166625 0.357422 0.00919342
0 0.0624844 0.360352 0.103815 0.244141 0.00766754
0 0.0872178 0.323242 0.145146 0.301758 0.0068512
0 0.0327067 0.425781 0.0489786 0.0722656 0.00656509
0 0.181595 0.281006 0.144495 0.562012 0.00653839
0 0.247009 0.361084 0.494017 0.722168 0.00629044
0 0.152631 0.476074 0.305262 0.952148 0.005867
0 0.0289641 0.960938 0.0432834 0.046875 0.0049057
0 0.138312 0.500977 0.111951 0.208984 0.00466537
0 0.0159465 0.783203 0.026686 0.0390625 0.00432968
0 0.0630539 0.279297 0.0893331 0.172363 0.00424957
0 0.0594741 0.456055 0.0792445 0.111328 0.00383949
0 0.385646 0.374756 0.096981 0.178223 0.00367928
0 0.0609385 0.21582 0.0873805 0.161133 0.00345612
0 0.0495482 0.144104 0.0756647 0.184448 0.00336266
0 0.199006 0.306885 0.133756 0.556152 0.00312424
0 0.0308354 0.1474 0.0463751 0.0821533 0.00302696
0 0.14775 0.540039 0.0911231 0.28125 0.00294685
0 0.37751 0.399902 0.0781055 0.139648 0.00293541
0 0.402894 0.3125 0.132779 0.292969 0.00283432
0 0.171507 0.275391 0.343013 0.550781 0.0026722
0 0.305262 0.277344 0.406148 0.554688 0.0026722
0 0.177853 0.406372 0.168252 0.417725 0.00264168
0 0.124969 0.536133 0.108697 0.230469 0.00263214
0 0.129525 0.173584 0.256446 0.347168 0.00261116
0 0.0331948 0.442383 0.0497922 0.0644531 0.00247192
0 0.273288 0.5 0.470097 1 0.00242424
0 0.365794 0.447266 0.0494668 0.0703125 0.00225258
0 0.150841 0.625 0.0595554 0.242188 0.00215721
0 1 0.681152 0 0.637695 0.0020752
0 0.425675 0.270752 0.152306 0.265137 0.00194168
0 0.152306 0.723633 0.0488159 0.0859375 0.00181007
0 0.0804649 0.507812 0.0997472 0.181641 0.00168133
0 0.0270115 0.923828 0.0397036 0.0957031 0.0016489
0 0.410054 0.138306 0.17053 0.276611 0.00161648
0 0.193311 0.357422 0.386622 0.714844 0.252441
0 0.420142 0.220215 0.19266 0.44043 0.212036
0 0.416563 0.133545 0.179643 0.26709 0.180054
0 0.423397 0.302246 0.194613 0.356445 0.161865
0 0.139614 0.439941 0.210234 0.368164 0.125122
0 0.227482 0.460938 0.454964 0.921875 0.122742
0 0.389226 0.49707 0.778451 0.986328 0.113953
0 0.18127 0.42688 0.203074 0.349365 0.0715942
0 0.816327 0.558716 0.367346 0.882568 0.071228
0 0.131478 0.245605 0.262955 0.491211 0.0589905
0 0.87751 0.584473 0.24498 0.831055 0.0570679
0 0.147099 0.353271 0.294197 0.706543 0.0484924
0 0.664021 0.510254 0.671957 0.979492 0.0382385
0 0.155886 0.460815 0.137986 0.267822 0.0366211
0 0.990437 0.662109 0.0191255 0.675781 0.0275879
0 0.435113 0.352051 0.184199 0.366211 0.0271149
0 0.122121 0.328613 0.244242 0.560547 0.0268555
0 0.154584 0.286133 0.180293 0.501953 0.0236969
0 0.946503 0.578613 0.106994 0.842773 0.0231476
0 0.436414 0.503906 0.136034 0.0839844 0.0226288
0 0.332274 0.39917 0.430231 0.79834 0.0192719
0 0.164998 0.583984 0.160767 0.283203 0.0175781
0 0.994668 0.730469 0.0106641 0.539062 0.0173035
0 0.979698 0.587036 0.0406045 0.786865 0.0171814
0 0.434787 0.750977 0.203074 0.498047 0.0165863
0 0.323812 0.492188 0.490763 0.984375 0.0160217
0 0.435763 0.852539 0.184199 0.294922 0.0151291
0 0.14775 0.65918 0.0546738 0.140625 0.0141754
0 0.137946 0.552734 0.135464 0.230469 0.0141144
0 0.162069 0.5 0.324138 1 0.0136337
0 0.423722 0.397583 0.361889 0.788818 0.0134277
0 0.186802 0.638672 0.161418 0.356445 0.0130234
0 0.148075 0.711426 0.0533721 0.102539 0.0107803
0 0.412006 0.594238 0.230411 0.793945 0.00978088
0 0.192172 0.267578 0.230086 0.535156 0.00941467
0 0.111666 0.555176 0.164591 0.249023 0.00930023
0 0.00024408 0.656738 0.000488159 0.686523 0.0086441
0 0.199657 0.302002 0.161743 0.526855 0.00861359
0 0.345942 0.615723 0.387273 0.749023 0.00844574
0 0.0750952 0.326172 0.146936 0.519531 0.00769424
0 0.0927096 0.381836 0.182327 0.498047 0.00720596
0 0.194776 0.631836 0.191684 0.445312 0.00661469
0 0.991414 0.5177 0.0171729 0.730225 0.00626373
0 0.101863 0.62207 0.176063 0.417969 0.00624084
0 0.0933604 0.966797 0.071678 0.0625 0.00624084
0 0.142705 0.189697 0.230086 0.379395 0.00614548
0 0.997922 0.798096 0.00415527 0.403809 0.00612259
0 0.096981 0.686523 0.168903 0.603516 0.00584412
0 0.0789191 0.96875 0.108046 0.0625 0.00570679
0 0.0888857 0.458984 0.148319 0.384766 0.00547028
0 0.419817 0.177246 0.157513 0.214355 0.0977173
0 0.153607 0.461914 0.132779 0.332031 0.083313
0 0.421444 0.282715 0.162069 0.329102 0.0742188
0 0.160767 0.502441 0.117809 0.189453 0.0509033
0 0.150028 0.217773 0.0475142 0.0673828 0.0429688
0 0.146733 0.415039 0.162801 0.439453 0.0358276
0 0.122691 0.319824 0.242127 0.639648 0.0347595
0 0.137335 0.503906 0.0976318 0.191406 0.0346985
0 0.144983 0.541016 0.072573 0.191406 0.0346069
0 0.416563 0.130798 0.166625 0.259888 0.0252686
0 0.167276 0.396973 0.112602 0.244141 0.0207977
0 0.439018 0.523438 0.042958 0.0527344 0.0193787
0 0.181921 0.328125 0.0742002 0.126953 0.0191193
0 0.149539 0.672852 0.0504431 0.116211 0.0189362
0 0.126108 0.541016 0.0751765 0.193359 0.0132217
0 0.148767 0.348633 0.180212 0.697266 0.0126266
0 0.0936859 0.964844 0.0469446 0.0546875 0.0115509
0 0.138149 0.246582 0.276298 0.484375 0.0114212
0 0.125782 0.330811 0.217068 0.500488 0.0109024
0 0.150028 0.700195 0.0533721 0.111328 0.00985718
0 0.0555688 0.331543 0.0808717 0.110352 0.00948334
0 0.0812785 0.354492 0.16093 0.330078 0.00706482
0 0.1663 0.427246 0.158814 0.350586 0.00629044
0 0.421444 0.253357 0.185501 0.467896 0.00566483
0 0.0291268 0.150391 0.0514194 0.074707 0.00553513
0 0.12741 0.13208 0.251565 0.26416 0.00547028
0 0.1663 0.142578 0.156862 0.257812 0.00538635
0 0.0640302 0.256836 0.111138 0.211914 0.00521851
0 0.402569 0.366699 0.127572 0.232422 0.0051384
0 0.0286387 0.444336 0.0488159 0.0644531 0.0051384
0 0.0740375 0.439575 0.127247 0.24585 0.0051384
0 0.447154 0.480469 0.229109 0.875 0.00460815
0 0.0317303 0.425293 0.0553247 0.0878906 0.00448608
0 0.261735 0.36377 0.491902 0.708008 0.00446701
0 0.372628 0.442383 0.288339 0.818359 0.00438309
0 0.0750138 0.964844 0.109673 0.0625 0.00431442
0 0.0891704 0.163635 0.178341 0.32605 0.00345612
0 0.078675 0.208984 0.151818 0.404297 0.00329781
0 0.173297 0.474609 0.162394 0.280273 0.00311089
0 0.165323 0.598633 0.0982827 0.287109 0.00302696
0 0.127898 0.547852 0.0774546 0.296875 0.0029583
0 0.423397 0.374512 0.164672 0.282227 0.0028553
0 0.200796 0.301758 0.106093 0.143555 0.00233269
0 0.0746884 0.48877 0.115206 0.241211 0.00219154
0 0.50736 0.494141 0.359936 0.988281 0.00218201
0 0.291919 0.494141 0.495319 0.988281 0.00201988
0 0.0322185 0.11084 0.0608572 0.129883 0.00200272
0 0.381415 0.438965 0.0833125 0.12207 0.00192642
0 0.0171669 0.785156 0.0301032 0.0429688 0.00191212
0 0.149214 0.456055 0.14417 0.810547 0.00191212
0 0.415912 0.284424 0.169229 0.335449 0.419678
0 0.412657 0.174805 0.173134 0.278809 0.256104
0 0.156536 0.444458 0.134732 0.304443 0.199951
0 0.408752 0.236267 0.161418 0.322388 0.166626
0 0.409728 0.131592 0.171181 0.263184 0.130737
0 0.42242 0.256348 0.194613 0.452148 0.0602112
0 0.387598 0.376831 0.10349 0.211182 0.0345459
0 0.176551 0.337158 0.0732239 0.135254 0.0319824
0 0.428604 0.349854 0.186802 0.321777 0.0277405
0 0.442923 0.517578 0.0566265 0.0605469 0.0244293
0 0.138474 0.325195 0.241151 0.625 0.0219421
0 0.163045 0.36499 0.123016 0.222168 0.0170441
0 0.133105 0.469849 0.0891704 0.243896 0.0162201
0 0.15556 0.209473 0.075502 0.0800781 0.014061
0 0.427627 0.835449 0.197867 0.311523 0.014061
0 0.133267 0.164001 0.266535 0.325317 0.0123825
0 0.137824 0.352539 0.177365 0.336914 0.0123367
0 0.430231 0.741211 0.206979 0.490234 0.0118713
0 0.380113 0.414185 0.0846143 0.142334 0.011734
0 0.149377 0.536133 0.080709 0.207031 0.0116425
0 0.164347 0.519531 0.116833 0.217773 0.0113754
0 0.208932 0.296387 0.0911231 0.0849609 0.0106964
0 0.285166 0.280273 0.464565 0.519531 0.0103302
0 0.147424 0.293457 0.294848 0.55957 0.00901794
0 0.133756 0.222656 0.267511 0.435547 0.00891876
0 0.0647625 0.229004 0.0533721 0.0654297 0.00857544
0 0.060369 0.333984 0.0631353 0.081543 0.00787354
0 0.176714 0.212402 0.111626 0.0839844 0.00751877
0 0.0559756 0.393433 0.0852651 0.162354 0.00728989
0 0.0645997 0.282959 0.0585791 0.0751953 0.00706482
0 0.179154 0.129395 0.178015 0.258789 0.00701141
0 0.199332 0.197266 0.137661 0.140625 0.00701141
0 0.408752 0.869141 0.243429 0.259766 0.00653839
0 0.428604 0.428711 0.15556 0.261719 0.00643921
0 0.375232 0.231445 0.298753 0.462891 0.00631332
0 0.208607 0.302979 0.417213 0.596191 0.00631332
0 0.0317303 0.424316 0.0527212 0.0878906 0.00619125
0 0.195915 0.109253 0.134081 0.213135 0.00577545
0 0.377184 0.204163 0.193311 0.398315 0.00577545
0 0.117809 0.544434 0.0631353 0.182617 0.00538635
0 0.0647625 0.158936 0.123342 0.263184 0.00432968
0 0.0288014 0.445312 0.0444225 0.0595703 0.00413513
0 0.132454 0.164795 0.264908 0.32959 0.00411606
0 0.440645 0.200928 0.246032 0.391113 0.0041008
0 0.145471 0.660156 0.0475142 0.146484 0.00403976
0 0.0907976 0.96875 0.0468633 0.0546875 0.00403976
0 0.428278 0.505371 0.204376 0.891602 0.00403976
0 0.0375069 0.373047 0.0558129 0.119141 0.00400543
0 0.162557 0.501953 0.187779 0.595703 0.00399017
0 0.0629725 0.444458 0.0862415 0.157959 0.00388527
0 0.414935 0.287109 0.17053 0.357422 0.194946
0 0.409403 0.183105 0.165323 0.262207 0.0778198
0 0.410054 0.127441 0.17053 0.254883 0.0324097
0 0.179317 0.344238 0.0833125 0.173828 0.0115967
0 0.146163 0.230957 0.219916 0.461914 0.00754929
0 0.171669 0.360107 0.111626 0.239746 0.0069046
0 0.161743 0.4198 0.112602 0.324463 0.00669098
0 0.430882 0.374512 0.189406 0.344727 0.0064888
0 0.447154 0.522461 0.0650879 0.0605469 0.00641251
0 0.395084 0.357666 0.115856 0.26123 0.00629044
0 0.42242 0.279724 0.182246 0.479614 0.00600433
0 0.0689118 0.227539 0.0473514 0.065918 0.00450516
0 0.128915 0.317871 0.199088 0.428711 0.00446701
0 0.198681 0.332764 0.120738 0.219238 0.00362206
0 0.360017 0.248779 0.292733 0.497559 0.00344276
0 0.185175 0.370361 0.130176 0.286621 0.00338936
0 0.0328694 0.424805 0.0515822 0.09375 0.00312424
0 0.183873 0.246338 0.132779 0.305176 0.00311089
0 0.0650065 0.286865 0.0619962 0.0810547 0.00307465
0 0.278658 0.258057 0.456754 0.515137 0.00304031
0 0.378161 0.407227 0.0800581 0.1875 0.00284576
0 0.142705 0.408203 0.15198 0.361328 0.00282288
0 0.0278251 0.157715 0.0405172 0.081543 0.00279999
0 0.137498 0.181763 0.269138 0.363525 0.00263214
0 0.129688 0.29248 0.245056 0.584961 0.00240517
0 0.0511754 0.407715 0.0834752 0.141602 0.00234222
0 0.0349847 0.447266 0.0546738 0.0673828 0.00234222
0 0.0554874 0.342041 0.0712712 0.11377 0.00226974
0 0.550644 0.486206 0.433485 0.900635 0.00221634
0 0.0381578 0.367188 0.0519076 0.0976562 0.00219917
0 0.124806 0.480469 0.0719221 0.138672 0.00216484
0 0.0822548 0.146912 0.158977 0.282349 0.00201988
0 0.204051 0.218262 0.135383 0.325195 0.00199509
0 0.0741188 0.956055 0.114067 0.0859375 0.00186729
0 0.02872 0.213867 0.0379137 0.0693359 0.00183868
0 0.423397 0.411133 0.14775 0.301758 0.00176144
0 0.327473 0.323242 0.346105 0.489258 0.00168705
0 0.153933 0.48938 0.126921 0.380615 0.00168705
0 0.486207 0.4823 0.294197 0.922119 0.00167465
0 0.406148 0.966309 0.121063 0.0673828 0.00162888
0 0.531768 0.270447 0.394433 0.475708 0.00161076
0 0.0536162 0.465332 0.0844515 0.125 0.00160408
0 0.0513381 0.955078 0.0841261 0.0742188 0.0015974
0 0.165161 0.478516 0.103815 0.253906 0.00153065
0 0.368723 0.966797 0.0670405 0.0664062 0.00149536
0 0.0292896 0.799805 0.0449106 0.09375 0.0014782
0 0.473514 0.985352 0.508336 0.0292969 0.00146675
0 0.474491 0.732422 0.544135 0.535156 0.00131512
0 0.632654 0.529297 0.637861 0.941406 0.00127411
0 0.435113 0.510864 0.427627 0.956787 0.00124931
0 0.410705 0.293701 0.190057 0.36377 0.277588
0 0.411355 0.201416 0.169229 0.329102 0.0891113
0 0.412006 0.136963 0.171832 0.273926 0.0343018
0 0.650353 0.515137 0.699294 0.969727 0.0132751
0 0.658652 0.3479 0.682697 0.695801 0.0114212
0 0.18127 0.3479 0.0865669 0.175293 0.0100937
0 0.412657 0.352295 0.161418 0.26709 0.00878143
0 0.423071 0.381348 0.189406 0.3125 0.0086441
0 0.656048 0.259521 0.687904 0.519043 0.00793457
0 0.130501 0.231201 0.261002 0.462402 0.00709534
0 0.178992 0.394653 0.0852651 0.18335 0.00638962
0 0.383042 0.241943 0.242778 0.483887 0.00557709
0 0.158977 0.352051 0.149377 0.251953 0.00542831
0 0.177365 0.199219 0.145797 0.230469 0.00443268
0 0.169554 0.365234 0.115856 0.219727 0.0042305
0 0.0732239 0.951172 0.115856 0.078125 0.00399017
0 0.0956385 0.958984 0.0729798 0.0664062 0.00391388
0 0.132617 0.1521 0.265233 0.304199 0.00388527
0 0.181595 0.48584 0.0748511 0.145508 0.00378036
0 0.0168415 0.785156 0.0301032 0.0488281 0.00376511
0 0.165486 0.410156 0.116182 0.248047 0.00365067
0 0.182734 0.357422 0.115856 0.254883 0.00351143
0 0.452361 0.490234 0.113253 0.115234 0.00345612
0 0.160116 0.499512 0.120413 0.209961 0.00316048
0 0.560732 0.266846 0.604667 0.533691 0.00294685
0 0.521029 0.509766 0.568217 0.980469 0.00294685
0 0.18908 0.513672 0.056301 0.0917969 0.00293541
0 0.1759 0.0926514 0.170205 0.185303 0.00273705
0 0.402243 0.397461 0.138637 0.204102 0.00271416
0 0.192335 0.113281 0.14059 0.226562 0.00260162
0 0.269464 0.244141 0.475142 0.488281 0.002388
0 0.493366 0.302246 0.535022 0.604492 0.00237846
0 0.426326 0.419067 0.167927 0.273193 0.00235939
0 0.192335 0.168457 0.144495 0.298828 0.00234222
0 0.340084 0.258789 0.393782 0.508789 0.00231361
0 0.161418 0.533203 0.0943774 0.151367 0.00229645
0 0.0768851 0.881836 0.144332 0.232422 0.00216484
0 0.197867 0.0834961 0.123667 0.165039 0.00203514
0 0.058335 0.910156 0.100398 0.148438 0.00190449
0 0.133593 0.127319 0.267186 0.254639 0.00188923
0 0.431533 0.957031 0.171832 0.0742188 0.00178909
0 0.0634607 0.941406 0.111626 0.09375 0.00176144
0 0.455615 0.957031 0.143193 0.0703125 0.00166798
0 0.340084 0.233398 0.572123 0.466797 0.00166798
0 0.189568 0.265625 0.354404 0.526367 0.0016489
0 0.057196 0.281494 0.0750138 0.106934 0.00160408
0 0.531117 0.240479 0.7407 0.480957 0.00154877
0 0.109999 0.472168 0.0390527 0.0751953 0.00150108
0 0.11309 0.69043 0.161418 0.582031 0.00147247
0 0.0857533 0.835938 0.164347 0.306641 0.00142097
0 0.140549 0.314209 0.23635 0.628418 0.296631
0 0.412657 0.290527 0.175737 0.389648 0.256104
0 0.413308 0.212891 0.175737 0.419922 0.133423
0 0.393782 0.253418 0.232364 0.506836 0.0638428
0 0.132454 0.249023 0.264908 0.498047 0.0609741
0 0.411355 0.152893 0.174436 0.2948 0.0492249
0 0.25189 0.289551 0.50378 0.579102 0.0479431
0 0.155886 0.44812 0.139288 0.308838 0.0423889
0 0.173622 0.341309 0.109022 0.162109 0.0193787
0 0.157025 0.488281 0.131152 0.210938 0.0120544
0 0.401918 0.35791 0.141892 0.264648 0.0113297
0 0.128711 0.152588 0.257423 0.305176 0.0102463
0 0.141403 0.430176 0.172157 0.385742 0.00751877
0 0.0614267 0.280762 0.0727357 0.0947266 0.006073
0 0.167927 0.38623 0.160116 0.397461 0.00536346
0 0.166584 0.135864 0.195345 0.271729 0.0049057
0 0.139125 0.498047 0.0907976 0.175781 0.00462723
0 0.0602063 0.211426 0.0862415 0.146484 0.0041008
0 0.193311 0.289551 0.127572 0.198242 0.00397491
0 0.426 0.385864 0.178992 0.286865 0.00392914
0 0.493366 0.360107 0.645672 0.720215 0.00370789
0 0.389876 0.40625 0.113253 0.179688 0.00366402
0 0.181758 0.274658 0.362865 0.549316 0.00353813
0 0.0602063 0.321289 0.0774546 0.12207 0.00344276
0 0.449757 0.516602 0.0663897 0.0615234 0.00316048
0 0.439425 0.260498 0.580421 0.520996 0.0030632
0 0.199657 0.130371 0.144821 0.260742 0.00294685
0 0.151655 0.534668 0.104141 0.208008 0.00291252
0 0.07778 0.145935 0.14775 0.283325 0.00282288
0 0.0160279 0.78418 0.0239198 0.0390625 0.00270462
0 0.429255 0.108887 0.136034 0.206543 0.00259018
0 0.622403 0.462891 0.728659 0.916016 0.00239754
0 0.0346593 0.166016 0.051094 0.120117 0.00235939
0 0.0655761 0.380981 0.0794072 0.154053 0.0019722
0 0.0357983 0.215332 0.0494668 0.0922852 0.00194931
0 0.201447 0.0871582 0.123667 0.174316 0.00176811
0 0.418515 0.429199 0.145797 0.243164 0.00171375
0 0.382066 0.220459 0.190057 0.430176 0.0016613
0 0.132779 0.538086 0.0839634 0.18457 0.0016613
0 0.149377 0.664062 0.054023 0.126953 0.00142097
0 0.0315676 0.40918 0.0390527 0.0771484 0.00138855
0 0.037751 0.352539 0.0471887 0.0947266 0.00137234
0 0.0424699 0.279785 0.0576028 0.125977 0.00135612
0 0.0359611 0.126953 0.0579282 0.174805 0.00131989
0 0.414935 0.397949 0.197216 0.795898 0.00112057
0 0.314944 0.363281 0.438855 0.726562 0.00109863
0 0.382717 0.296448 0.171832 0.405151 0.00104809
0 0.449106 0.577637 0.180944 0.727539 0.00104809
0 0.408752 0.300537 0.195264 0.378418 0.501953
0 0.133105 0.31543 0.266209 0.618164 0.253174
0 0.158326 0.440918 0.145471 0.337891 0.143677
0 0.412657 0.227539 0.187453 0.396484 0.120422
0 0.131315 0.220276 0.26263 0.41687 0.0514526
0 0.398989 0.344238 0.146448 0.28125 0.0342407
0 0.156536 0.475098 0.136685 0.235352 0.0280609
0 0.130827 0.317871 0.233666 0.500977 0.0278015
0 0.172646 0.397949 0.150678 0.34082 0.0245209
0 0.42242 0.321289 0.178341 0.300781 0.021286
0 0.410379 0.155273 0.183548 0.30127 0.0170441
0 0.178015 0.347656 0.1113 0.175781 0.016922
0 0.133105 0.394531 0.206979 0.425781 0.016922
0 0.13343 0.159241 0.26686 0.316284 0.0158386
0 0.2034 0.134521 0.143193 0.249512 0.014061
0 0.423071 0.380005 0.191358 0.300537 0.0122375
0 0.0299404 0.165466 0.0598809 0.139771 0.00985718
0 0.064437 0.154053 0.128874 0.279785 0.00955963
0 0.0562197 0.254883 0.0925875 0.170898 0.00926971
0 0.201122 0.0947266 0.134081 0.180176 0.00891876
0 0.388249 0.399902 0.123667 0.196289 0.00857544
0 0.193474 0.309814 0.112927 0.150879 0.00793457
0 0.137335 0.496094 0.106093 0.181641 0.00703812
0 0.0286387 0.124268 0.0572773 0.169922 0.0068779
0 0.0331948 0.20459 0.0631353 0.126953 0.00674438
0 0.447805 0.512695 0.0846143 0.0664062 0.00631332
0 0.0554874 0.324707 0.096981 0.192383 0.00614548
0 0.250751 0.300293 0.501502 0.584961 0.00577545
0 0.152957 0.543945 0.121714 0.255859 0.00538635
0 0.0398663 0.277588 0.0680168 0.20166 0.00468063
0 0.0589045 0.377808 0.0891704 0.172119 0.00429916
0 0.0364492 0.361816 0.0585791 0.139648 0.00387001
0 0.422095 0.422852 0.168578 0.254883 0.00342941
0 0.413308 0.112305 0.153607 0.224609 0.00323486
0 0.0140753 0.781738 0.0281505 0.0478516 0.00298119
0 0.360261 0.248962 0.302008 0.494263 0.00274658
0 0.030754 0.40332 0.0497922 0.107422 0.00271416
0 0.134244 0.553223 0.109348 0.210938 0.00271416
0 0.385646 0.19574 0.19266 0.366333 0.00221634
0 0.387273 0.450073 0.124969 0.211182 0.00192642
0 0.148075 0.673828 0.0683423 0.169922 0.00185299
0 0.574726 0.526855 0.727683 0.946289 0.00165462
0 0.373605 0.333984 0.14775 0.314453 0.00158501
0 0.162069 0.623535 0.10349 0.279297 0.00158501
0 0.0587418 0.121582 0.113904 0.222168 0.00157928
0 0.449757 0.204834 0.183548 0.329102 0.00152493
0 0.458137 0.432617 0.617196 0.751953 0.00152493
0 0.068505 0.424683 0.0660642 0.121338 0.0015192
0 0.447154 0.449219 0.14059 0.199219 0.00150108
0 0.428278 0.52002 0.177039 0.928711 0.00145531
0 0.412657 0.290527 0.179643 0.374023 0.406494
0 0.413308 0.236755 0.16272 0.297974 0.103394
0 0.131478 0.314941 0.246683 0.620117 0.083313
0 0.15914 0.433105 0.143844 0.342773 0.0628052
0 0.403545 0.322266 0.147099 0.332031 0.0281677
0 0.417864 0.163818 0.165323 0.306152 0.022934
0 0.421119 0.315186 0.17053 0.277832 0.0215302
0 0.145146 0.212402 0.19266 0.420898 0.0189819
0 0.175086 0.350586 0.106744 0.181641 0.016983
0 0.17411 0.402832 0.15556 0.331055 0.0154877
0 0.136685 0.177979 0.273369 0.352051 0.0124283
0 0.189243 0.15625 0.135708 0.238281 0.00695801
0 0.150678 0.453247 0.134732 0.234131 0.0069046
0 0.2034 0.12915 0.137986 0.254883 0.00609589
0 0.133756 0.394043 0.197216 0.399414 0.00577545
0 0.0608572 0.276855 0.0842888 0.133789 0.00498199
0 0.0292896 0.167053 0.0556501 0.125854 0.0049057
0 0.422746 0.390503 0.172483 0.283447 0.00482941
0 0.0960046 0.151611 0.192009 0.283691 0.00436401
0 0.0577655 0.160889 0.114555 0.305176 0.00434875
0 0.439669 0.521484 0.0475142 0.0517578 0.00418091
0 0.391829 0.38269 0.121714 0.230713 0.00416565
0 0.0333575 0.237061 0.0595554 0.174805 0.00407028
0 0.149539 0.25708 0.299079 0.51416 0.00407028
0 0.0570333 0.204041 0.0997472 0.27063 0.00405502
0 0.250263 0.285156 0.500526 0.535156 0.00372124
0 0.37751 0.242432 0.275973 0.481934 0.00367928
0 0.0416563 0.304199 0.0715967 0.28418 0.00355148
0 0.0292896 0.128174 0.0585791 0.184082 0.00351143
0 0.0556501 0.33252 0.0872178 0.166016 0.00319672
0 0.200796 0.0891113 0.126921 0.169434 0.003088
0 0.034822 0.366211 0.0546738 0.150391 0.00293541
0 0.428604 0.125549 0.153607 0.245972 0.00253105
0 0.129362 0.490234 0.0924248 0.179688 0.0024929
0 0.0292896 0.399902 0.0449106 0.104492 0.00219917
0 0.0610199 0.384277 0.0794072 0.155273 0.00199509
0 0.0702136 0.133789 0.138474 0.257812 0.00188255
0 0.145471 0.566406 0.111951 0.34375 0.00166798
0 0.440645 0.416504 0.154909 0.202148 0.00160408
0 0.159465 0.568359 0.136034 0.291016 0.00160408
0 0.445201 0.20874 0.196565 0.367676 0.00159168
0 0.0159465 0.783203 0.0289641 0.0488281 0.00151253
0 0.462775 0.224854 0.1484 0.320801 0.00144386
0 0.384669 0.298279 0.205678 0.415161 0.0014267
0 0.418515 0.420776 0.135383 0.26001 0.00140476
0 0.151289 0.123535 0.22854 0.244141 0.00139904
0 0.147099 0.687012 0.0576028 0.139648 0.00119686
0 0.125294 0.576172 0.099259 0.271484 0.00111198
0 0.15198 0.718262 0.0527212 0.0927734 0.00109005
0 0.206003 0.387573 0.19266 0.408447 0.00106907
0 0.412006 0.290527 0.190057 0.374023 0.334473
0 0.13343 0.312012 0.26686 0.602539 0.150024
0 0.410705 0.22467 0.17769 0.300659 0.14856
0 0.158977 0.4375 0.141566 0.339844 0.0668335
0 0.412983 0.138184 0.178341 0.268555 0.036438
0 0.135383 0.178223 0.270766 0.347168 0.0162811
0 0.159465 0.475098 0.128874 0.22168 0.0152512
0 0.139125 0.348633 0.212512 0.398438 0.0147324
0 0.397687 0.248474 0.229109 0.472778 0.0146713
0 0.174436 0.345947 0.10772 0.159668 0.014389
0 0.17232 0.26709 0.34464 0.53418 0.014389
0 0.252216 0.281738 0.504431 0.546875 0.0139542
0 0.412983 0.107666 0.158164 0.215332 0.0103302
0 0.398663 0.359863 0.145797 0.25293 0.0102463
0 0.0621589 0.275391 0.0911231 0.138672 0.0068512
0 0.0628098 0.177734 0.121063 0.319336 0.00530243
0 0.44097 0.523926 0.0462124 0.0507812 0.00526047
0 0.187779 0.333008 0.123667 0.169922 0.00407028
0 0.428929 0.362793 0.175737 0.238281 0.00391388
0 0.0572773 0.331787 0.0982827 0.182129 0.00349617
0 0.141241 0.489258 0.108046 0.191406 0.00319672
0 0.198355 0.15094 0.142217 0.274292 0.00300407
0 0.0361238 0.219971 0.067366 0.132324 0.00287819
0 0.0322185 0.169983 0.0641116 0.142456 0.00286674
0 0.379462 0.410645 0.0989336 0.161133 0.00282288
0 0.154909 0.134521 0.225204 0.268066 0.00275803
0 0.425024 0.436523 0.167927 0.195312 0.00269318
0 0.201284 0.10498 0.133105 0.20166 0.00251198
0 0.0338457 0.372559 0.0569519 0.147461 0.00242424
0 0.173459 0.470215 0.146773 0.289062 0.00239754
0 0.043853 0.310059 0.0792445 0.264648 0.002388
0 0.0297777 0.407227 0.0497922 0.107422 0.00225258
0 0.160767 0.554688 0.130176 0.25 0.00213242
0 0.632779 0.522949 0.734441 0.954102 0.00201035
0 0.441947 0.199951 0.197867 0.342285 0.00192642
0 0.0619962 0.388184 0.0849397 0.154297 0.00191212
0 0.538928 0.24292 0.62224 0.469238 0.00152493
0 0.132617 0.113403 0.261979 0.215576 0.0015192
0 0.0309574 0.12146 0.0619149 0.184814 0.00143242
0 0.674311 0.507935 0.506384 0.960693 0.00141621
0 0.5002 0.509277 0.603365 0.975586 0.00139904
0 0.44455 0.144287 0.219997 0.265137 0.00138855
0 0.0148482 0.782227 0.0296964 0.0429688 0.0012846
0 0.467982 0.223633 0.137986 0.302734 0.00126457
0 0.426326 0.898682 0.203725 0.202637 0.00123501
0 0.0919366 0.12915 0.183873 0.253418 0.00118351
0 0.203074 0.401489 0.190708 0.357178 0.00112915
0 0.414935 0.46106 0.119111 0.181396 0.0011034
0 0.428929 0.502808 0.179643 0.970947 0.00108147
0 0.0803835 0.957031 0.13343 0.078125 0.00104046
0 0.416563 0.242615 0.179643 0.297974 0.354004
0 0.416563 0.176514 0.180944 0.29834 0.250977
0 0.42177 0.293945 0.180944 0.363281 0.116333
0 0.132779 0.308105 0.261653 0.600586 0.0843506
0 0.420468 0.133057 0.159465 0.237305 0.0594177
0 0.154096 0.442383 0.140915 0.337891 0.0472412
0 0.12985 0.196777 0.259701 0.393555 0.0305023
0 0.132617 0.141602 0.265233 0.27832 0.0165863
0 0.165161 0.386719 0.116182 0.225586 0.0136871
0 0.157513 0.470581 0.12562 0.236572 0.0134277
0 0.178666 0.344971 0.0976318 0.161621 0.0120544
0 0.141607 0.333984 0.203644 0.381836 0.0106964
0 0.390202 0.356689 0.115206 0.249512 0.0105667
0 0.177365 0.155762 0.165974 0.289062 0.00926971
0 0.199169 0.106445 0.130176 0.200195 0.0078125
0 0.126271 0.370605 0.206329 0.485352 0.00679779
0 0.175086 0.394409 0.143844 0.306885 0.0064621
0 0.439343 0.520508 0.0416563 0.0478516 0.00641251
0 0.254819 0.276123 0.509638 0.54541 0.00631332
0 0.393782 0.233398 0.234316 0.466797 0.0049057
0 0.191521 0.330322 0.118135 0.191895 0.00475693
0 0.0557315 0.261475 0.0841261 0.136719 0.00466537
0 0.0471074 0.275635 0.0785936 0.251465 0.00443268
0 0.0375883 0.212891 0.0663897 0.15332 0.00403976
0 0.430556 0.364014 0.174436 0.242676 0.00372124
0 0.0349847 0.180603 0.0652506 0.175903 0.00356483
0 0.0868517 0.154541 0.172564 0.279785 0.00355148
0 0.052233 0.155029 0.10349 0.282715 0.00355148
0 0.0537789 0.308594 0.0883568 0.197266 0.00321007
0 0.0386459 0.358643 0.060369 0.177246 0.00293541
0 0.377835 0.405273 0.0878687 0.172852 0.00288963
0 0.136359 0.162598 0.267511 0.325195 0.00286674
0 0.426651 0.457031 0.165974 0.154297 0.00273705
0 0.0323812 0.139404 0.0631353 0.212402 0.0024929
0 0.442923 0.19751 0.195264 0.341309 0.00244331
0 0.15914 0.539551 0.124969 0.260742 0.00233269
0 0.0611826 0.373779 0.0865669 0.181152 0.00218201
0 0.153892 0.111084 0.220729 0.202637 0.00201988
0 0.0322999 0.39856 0.0480023 0.111084 0.00194168
0 0.472538 0.230957 0.126271 0.271973 0.00176811
0 0.0645184 0.130615 0.126759 0.253906 0.00170708
0 0.442923 0.148499 0.208932 0.295776 0.00168133
0 0.175737 0.471191 0.135383 0.289062 0.00156116
0 0.210071 0.137939 0.150678 0.261719 0.00154305
0 0.387924 0.151611 0.205678 0.28418 0.00147247
0 0.535022 0.266113 0.450408 0.500977 0.0012598
0 0.335528 0.14801 0.380113 0.289917 0.0012207
0 0.217719 0.194763 0.162069 0.368286 0.00114727
0 0.205027 0.383301 0.197216 0.408203 0.0011425
0 0.438042 0.417114 0.16272 0.204834 0.00109482
0 0.413308 0.265137 0.18485 0.359375 0.355713
0 0.137335 0.316406 0.271417 0.624023 0.289307
0 0.415586 0.204346 0.182897 0.35498 0.204346
0 0.415912 0.151855 0.174436 0.283203 0.0713501
0 0.254331 0.300293 0.508662 0.598633 0.0664673
0 0.154421 0.445801 0.141566 0.348633 0.058136
0 0.408752 0.254395 0.201772 0.49707 0.0453491
0 0.42177 0.317139 0.174436 0.305176 0.0221558
0 0.34041 0.247803 0.360587 0.495605 0.02034
0 0.137173 0.199707 0.267186 0.395508 0.0200653
0 0.154584 0.472168 0.129525 0.236328 0.0160217
0 0.397687 0.336182 0.14059 0.297363 0.0146179
0 0.177039 0.332275 0.254494 0.664551 0.0137405
0 0.175412 0.355957 0.113253 0.189453 0.012291
0 0.124806 0.37207 0.215766 0.533203 0.00844574
0 0.439994 0.521484 0.0442598 0.0507812 0.00757599
0 0.172157 0.416992 0.162069 0.375 0.00643921
0 0.424699 0.116699 0.152306 0.22168 0.00457382
0 0.152468 0.524536 0.126921 0.306396 0.00438309
0 0.425675 0.389771 0.179643 0.284912 0.00407028
0 0.381415 0.379028 0.104141 0.226318 0.00382423
0 0.188755 0.343506 0.132779 0.258301 0.00367928
0 0.056301 0.26001 0.0911231 0.140137 0.00349617
0 0.197216 0.180176 0.146448 0.34668 0.00270462
0 0.0881941 0.154358 0.175737 0.2948 0.0026207
0 0.162394 0.134827 0.203074 0.268433 0.00257111
0 0.0585791 0.304688 0.104141 0.222656 0.00257111
0 0.475792 0.262146 0.512893 0.495239 0.00253105
0 0.0289641 0.177246 0.0543484 0.155762 0.00228691
0 0.199494 0.0844727 0.11846 0.155762 0.00226974
0 0.0310795 0.208984 0.0553247 0.132812 0.00219917
0 0.055162 0.169189 0.109022 0.262207 0.00217438
0 0.0137091 0.78418 0.0274183 0.0439453 0.00211525
0 0.0442598 0.26709 0.0738748 0.232422 0.0020504
0 0.0641929 0.362305 0.102025 0.220703 0.00193405
0 0.193311 0.11792 0.137986 0.233887 0.00186062
0 0.484254 0.373047 0.533721 0.699219 0.00173378
0 0.15198 0.627441 0.0774546 0.280273 0.00171375
0 0.0351475 0.35791 0.0553247 0.173828 0.00168133
0 0.0309168 0.401367 0.0455615 0.108398 0.00163555
0 0.02872 0.133728 0.0549993 0.197388 0.00152493
0 0.419817 0.428711 0.141892 0.240234 0.00144386
0 0.360668 0.240479 0.42421 0.480957 0.00139427
0 0.445852 0.166931 0.238222 0.320435 0.00134563
0 0.137986 0.105957 0.247985 0.196289 0.00134087
0 0.163859 0.617676 0.102839 0.301758 0.00131989
0 0.449757 0.236816 0.467331 0.473633 0.00119686
0 0.448456 0.22876 0.188755 0.356934 0.00114727
0 0.379788 0.185547 0.246683 0.359375 0.0011158
0 0.154421 0.712891 0.0556501 0.111328 0.00108147
0 0.137824 0.333984 0.275647 0.648438 0.541992
0 0.410705 0.294922 0.193962 0.384766 0.247314
0 0.41461 0.215393 0.184199 0.373901 0.0933228
0 0.252866 0.32959 0.505733 0.65332 0.0768433
0 0.153933 0.466797 0.135383 0.317383 0.0343018
0 0.197908 0.341797 0.313642 0.683594 0.0340881
0 0.413308 0.154358 0.178341 0.283081 0.0263062
0 0.339433 0.291504 0.338457 0.56543 0.0222015
0 0.151004 0.425659 0.183222 0.41626 0.0180969
0 0.17411 0.339355 0.149051 0.328125 0.0127258
0 0.136359 0.221436 0.267511 0.437988 0.00952148
0 0.44097 0.521484 0.0442598 0.0488281 0.00751877
0 0.386948 0.256592 0.397687 0.513184 0.00540543
0 0.15556 0.523315 0.130176 0.31665 0.00538635
0 0.176063 0.38623 0.181595 0.469727 0.00455475
0 0.0602063 0.235413 0.102839 0.224487 0.00327301
0 0.415912 0.117676 0.160116 0.232422 0.00322342
0 0.427627 0.356689 0.178341 0.263184 0.003088
0 0.0685864 0.297363 0.125782 0.302734 0.00275803
0 0.189731 0.29248 0.154258 0.539062 0.00254059
0 0.394107 0.364258 0.127572 0.260742 0.00232315
0 0.156211 0.601562 0.0878687 0.335938 0.00208282
0 0.073712 0.34668 0.121389 0.285156 0.0019722
0 0.453744 0.279053 0.57912 0.523926 0.00181007
0 0.130664 0.15094 0.261328 0.298706 0.00178242
0 0.0137905 0.783691 0.027581 0.0419922 0.00166798
0 0.0274996 0.172363 0.0512567 0.142578 0.00153637
0 0.465378 0.450684 0.584489 0.844727 0.00150108
0 0.0616708 0.171814 0.120087 0.300903 0.00145531
0 0.0297777 0.210449 0.0527212 0.125977 0.00125504
0 0.155235 0.699219 0.0598809 0.142578 0.00122547
0 0.0314049 0.397461 0.0468633 0.113281 0.00119209
0 0.0439343 0.28418 0.0748511 0.291992 0.00115585
0 0.0349847 0.3479 0.0556501 0.20752 0.00115585
0 0.42177 0.423828 0.136685 0.248047 0.00115585
0 0.0281505 0.12915 0.0536975 0.187012 0.00103664
0 0.137824 0.333984 0.275647 0.648438 0.541016
0 0.410705 0.295166 0.193962 0.385254 0.24585
0 0.41461 0.215576 0.18485 0.373535 0.0923462
0 0.253029 0.32959 0.506058 0.65332 0.0769653
0 0.153933 0.466797 0.135383 0.316406 0.0344238
0 0.197908 0.341797 0.313642 0.683594 0.0339661
0 0.413308 0.154358 0.178341 0.283081 0.0258636
0 0.337888 0.291748 0.340898 0.565918 0.0222015
0 0.151004 0.42627 0.182897 0.416016 0.0181274
0 0.17411 0.340088 0.149051 0.327637 0.0127258
0 0.1364 0.221436 0.26743 0.437988 0.00945282
0 0.44097 0.521484 0.0442598 0.0488281 0.00751877
0 0.386622 0.256836 0.398338 0.513672 0.00542831
0 0.15556 0.523315 0.130176 0.31665 0.00540543
0 0.176063 0.386719 0.181595 0.46875 0.00455475
0 0.0602063 0.23584 0.102839 0.224121 0.00327301
0 0.415912 0.117676 0.160116 0.232422 0.00318527
0 0.427627 0.357178 0.178341 0.263184 0.00307465
0 0.0684237 0.297607 0.125457 0.302246 0.00275803
0 0.189731 0.29248 0.154258 0.538086 0.00253105
0 0.393782 0.364258 0.127572 0.260742 0.00233269
0 0.156211 0.601562 0.0878687 0.335938 0.00209999
0 0.0736307 0.34668 0.121226 0.285156 0.00197983
0 0.453581 0.279297 0.579445 0.523438 0.00181007
0 0.130664 0.15094 0.261328 0.298706 0.00176144
0 0.0137905 0.783691 0.027581 0.0419922 0.00166798
0 0.0274996 0.172363 0.0512567 0.14209 0.00154305
0 0.465297 0.451172 0.584652 0.845703 0.00150681
0 0.0615894 0.171875 0.119924 0.300781 0.00145531
0 0.0297777 0.210449 0.0528839 0.125977 0.00126457
0 0.155235 0.699219 0.0598809 0.142578 0.00123024
0 0.0314049 0.397461 0.0468633 0.113281 0.0012064
0 0.0437716 0.284668 0.0748511 0.291992 0.00116539
0 0.0349034 0.348389 0.0554874 0.20752 0.00116539
0 0.42177 0.423828 0.136685 0.248047 0.00116062
0 0.0281505 0.12915 0.0536975 0.187012 0.00103664
