0 0.384344 0.565918 0.398989 0.668945 0.275879
0 0.298672 0.54541 0.589859 0.72168 0.188965
0 0.389795 0.641724 0.46489 0.550537 0.0346985
0 0.379788 0.697266 0.364492 0.402344 0.0165253
0 0.408671 0.4552 0.352939 0.585693 0.0156708
0 0.176388 0.56543 0.347569 0.736328 0.0147858
0 0.505533 0.5 0.988935 1 0.01297
0 0.5 0.5 1 1 0.00787354
0 0.621064 0.5 0.757873 1 0.00746155
0 0.578106 0.5 0.843789 1 0.00723267
0 0.585791 0.50354 0.723777 0.99292 0.00703812
0 0.439018 0.5 0.863716 1 0.00679779
0 0.271335 0.633667 0.173297 0.57251 0.00643921
0 0.676714 0.602051 0.646573 0.795898 0.00638962
0 0.5 0.5 1 1 0.00609589
0 0.5 0.5 1 1 0.00593567
0 0.255633 0.5 0.511265 1 0.00572968
0 0.29973 0.5 0.59946 1 0.00561905
0 0.33325 0.691406 0.305913 0.482422 0.00559998
0 0.269138 0.728516 0.174436 0.40625 0.00548935
0 0.579407 0.5 0.841186 1 0.00488663
0 0.573424 0.634644 0.82922 0.578369 0.00434875
0 0.259375 0.797852 0.164672 0.251953 0.00382423
0 0.560532 0.540527 0.878937 0.918945 0.00382423
0 0.23513 0.770508 0.110324 0.291016 0.00370789
0 0.107476 0.54248 0.214953 0.782227 0.00356483
0 0.398907 0.352783 0.33862 0.456543 0.00353813
0 0.0426326 0.299072 0.0771292 0.337402 0.00351143
0 0.5 0.5 1 1 0.00274658
0 0.322917 0.797363 0.279715 0.260742 0.00269318
0 0.136196 0.640137 0.25547 0.530273 0.0026722
0 0.5 0.5 1 1 0.00257111
0 0.477094 0.571289 0.227808 0.240234 0.00242424
0 0.0526398 0.242432 0.0958419 0.391113 0.0024147
0 0.106907 0.72168 0.19266 0.400391 0.0024147
0 0.212837 0.776855 0.16272 0.317383 0.00235939
0 0.0426326 0.723633 0.0722476 0.316406 0.00214005
0 0.0683423 0.359619 0.136685 0.54834 0.0020504
0 0.0417376 0.324707 0.0776173 0.524414 0.00188255
0 0.099259 0.623535 0.194938 0.606445 0.0018034
0 0.456266 0.424683 0.305913 0.494385 0.00174141
0 0.34399 0.501465 0.287038 0.467773 0.00154305
0 0.158977 0.5 0.317954 1 0.00150681
0 0.0436089 0.332275 0.0764783 0.22998 0.00146675
0 0.232038 0.683594 0.105442 0.371094 0.00133514
0 0.401592 0.385742 0.290292 0.240234 0.00129986
0 0.122284 0.43457 0.244568 0.563477 0.0011034
0 0.203237 0.521973 0.406474 0.956055 0.00103188
0 0.335284 0.675781 0.340898 0.539062 0.15564
0 0.299079 0.630737 0.27402 0.623291 0.0844727
0 0.397362 0.602051 0.467982 0.680664 0.0731812
0 0.0527212 0.396484 0.0628098 0.0878906 0.0600891
0 0.0532094 0.376465 0.0790818 0.113281 0.0552063
0 0.972864 0.703125 0.054273 0.0791016 0.0375366
0 0.449757 0.546875 0.0572773 0.0800781 0.0368347
0 0.334877 0.552734 0.320883 0.730469 0.0366211
0 0.0430394 0.357666 0.0761528 0.140137 0.0223236
0 0.967982 0.678711 0.0640361 0.0722656 0.0178528
0 0.219509 0.785645 0.0738748 0.12793 0.0177155
0 0.0473514 0.393555 0.0732239 0.157227 0.0171814
0 0.261084 0.671875 0.330484 0.566406 0.0100555
0 0.312991 0.514648 0.240988 0.317383 0.00923157
0 0.592588 0.5 0.814825 1 0.00867462
0 0.245219 0.728027 0.158489 0.381836 0.00837708
0 0.5 0.5 1 1 0.00831604
0 0.257016 0.575195 0.476606 0.777344 0.00828552
0 0.231062 0.762207 0.102839 0.249023 0.0077858
0 0.254494 0.679688 0.175086 0.503906 0.00775528
0 0.606093 0.5 0.787813 1 0.00751877
0 0.347895 0.330322 0.138637 0.221191 0.00740433
0 0.0374255 0.322266 0.0748511 0.181641 0.00723267
0 0.35896 0.462891 0.383368 0.660156 0.00701141
0 0.683873 0.589844 0.632253 0.820312 0.00695801
0 0.300055 0.75293 0.279878 0.351562 0.0069046
0 0.672483 0.5 0.655034 1 0.00656509
0 0.450408 0.558105 0.0702949 0.0957031 0.0064888
0 0.674436 0.277832 0.651129 0.555664 0.0064888
0 0.0332762 0.449219 0.0610199 0.0917969 0.00638962
0 0.5 0.32373 1 0.647461 0.00631332
0 0.551419 0.264404 0.897161 0.528809 0.00579834
0 0.449757 0.381348 0.899515 0.762695 0.00575256
0 0.785736 0.643555 0.428528 0.712891 0.00553513
0 0.5 0.5 1 1 0.00548935
0 0.517574 0.5 0.964853 1 0.00548935
0 0.705027 0.261963 0.589946 0.523926 0.00544739
0 0.0504431 0.354736 0.100886 0.216309 0.00518036
0 0.249287 0.781738 0.149051 0.262695 0.00500107
0 0.0266047 0.779785 0.0517449 0.0664062 0.00488663
0 0.738873 0.781006 0.522255 0.437988 0.00484848
0 0.861889 0.799805 0.276223 0.400391 0.00482941
0 0.51452 0.758301 0.753067 0.483398 0.00479126
0 0.146448 0.260742 0.0748511 0.0849609 0.00457382
0 0.94768 0.665039 0.0650879 0.0605469 0.00441742
0 0.204864 0.79248 0.0572773 0.100586 0.00438309
0 0.528188 0.53125 0.069644 0.0625 0.00397491
0 0.3889 0.69043 0.7778 0.619141 0.00390053
0 0.358716 0.666016 0.421607 0.632812 0.00380898
0 0.300055 0.834229 0.60011 0.331543 0.00365067
0 0.759576 0.576172 0.454313 0.744141 0.981934
0 0.39907 0.535034 0.480186 0.72876 0.932617
0 0.383042 0.625122 0.443249 0.570068 0.421631
0 0.536324 0.550293 0.797978 0.749023 0.102478
0 0.352125 0.367676 0.329345 0.427734 0.0484924
0 0.329019 0.461426 0.505733 0.68457 0.0431213
0 0.724428 0.527832 0.482952 0.56543 0.0350037
0 0.671832 0.448242 0.656336 0.724609 0.0343018
0 0.36376 0.293213 0.259213 0.29248 0.0340881
0 0.158123 0.61377 0.305994 0.518555 0.032959
0 0.403464 0.396606 0.418027 0.462646 0.0269623
0 0.469853 0.61377 0.625006 0.588867 0.0259552
0 0.288014 0.613281 0.246683 0.513672 0.0236969
0 0.975142 0.696777 0.0497168 0.0664062 0.0231934
0 0.764132 0.387695 0.442598 0.421875 0.0188751
0 0.451059 0.462891 0.745907 0.6875 0.0160217
0 0.446828 0.546875 0.075502 0.0957031 0.0149536
0 0.627447 0.47998 0.48165 0.959961 0.0148392
0 0.302333 0.287109 0.551294 0.347656 0.0147858
0 0.744893 0.474609 0.510214 0.845703 0.0141144
0 0.135057 0.698242 0.249287 0.451172 0.0134277
0 0.24831 0.459473 0.105442 0.120117 0.0132217
0 0.246195 0.573242 0.163045 0.361328 0.0128708
0 0.750263 0.596802 0.499474 0.505615 0.0125275
0 0.570946 0.412109 0.858108 0.824219 0.0121002
0 0.219346 0.572754 0.417213 0.655273 0.011467
0 0.248636 0.495117 0.109348 0.191406 0.0112457
0 0.457568 0.541992 0.620938 0.916016 0.0112457
0 0.430882 0.29248 0.861764 0.584961 0.0106125
0 0.273044 0.523926 0.164021 0.265625 0.0100098
0 0.261653 0.478516 0.123016 0.173828 0.00971222
0 0.557152 0.568359 0.864367 0.863281 0.00930023
0 0.741151 0.445435 0.517699 0.687256 0.00871277
0 0.320151 0.42981 0.252704 0.363037 0.00664139
0 0.37393 0.244141 0.74786 0.488281 0.00656509
0 0.309818 0.512817 0.251239 0.3396 0.006073
0 0.0410054 0.31543 0.0805463 0.145508 0.00595856
0 0.156048 0.310547 0.298428 0.213867 0.00568771
0 0.567691 0.329346 0.864617 0.658691 0.00508118
0 0.246032 0.492676 0.487508 0.80957 0.00482941
0 0.259782 0.451172 0.0909603 0.121094 0.00477219
0 0.0610199 0.327148 0.103815 0.146484 0.00455475
0 0.257748 0.741211 0.190708 0.335938 0.00429916
0 0.482301 0.551758 0.212187 0.130859 0.00426483
0 0.11846 0.749512 0.212837 0.358398 0.00403976
0 0.346349 0.688965 0.351312 0.493164 0.00400543
0 0.246032 0.445312 0.0904722 0.0986328 0.00395966
0 0.326741 0.750488 0.313724 0.354492 0.0039444
0 0.142176 0.344238 0.254575 0.271484 0.00387001
0 0.304286 0.271729 0.400291 0.248535 0.00383949
0 0.387273 0.651367 0.441296 0.533203 0.644043
0 0.316327 0.639648 0.632654 0.583984 0.489258
0 0.737934 0.675293 0.513218 0.514648 0.187134
0 0.29257 0.582153 0.58514 0.710693 0.0930176
0 0.243591 0.609253 0.487183 0.679932 0.0542908
0 0.614229 0.658081 0.771542 0.578369 0.0334778
0 0.0497922 0.314941 0.0995845 0.197266 0.0321655
0 0.674311 0.592651 0.648275 0.679932 0.0305023
0 0.520703 0.573364 0.840936 0.720459 0.0287018
0 0.975142 0.708008 0.0497168 0.0712891 0.0238647
0 0.342688 0.466797 0.685376 0.933594 0.0231476
0 0.357658 0.616699 0.317629 0.516602 0.0190887
0 0.223577 0.466797 0.447154 0.916016 0.0158997
0 0.415912 0.513794 0.209583 0.292725 0.0147324
0 0.419166 0.517456 0.838332 0.965088 0.0146179
0 0.0416563 0.360352 0.0823362 0.202148 0.0140076
0 0.324789 0.511841 0.563661 0.863037 0.0137939
0 0.0200145 0.773438 0.0400291 0.0839844 0.0114212
0 0.456266 0.457031 0.54804 0.914062 0.0112457
0 0.446178 0.563965 0.0878687 0.135742 0.0109863
0 0.104466 0.216797 0.208932 0.433594 0.0106506
0 0.0475142 0.37793 0.0950283 0.246094 0.0100937
0 0.0580909 0.231201 0.116182 0.373535 0.00997162
0 0.473189 0.42334 0.0559756 0.0683594 0.00963593
0 0.384019 0.522827 0.410054 0.829346 0.00963593
0 0.451059 0.549316 0.0715967 0.103516 0.00894928
0 0.172483 0.650879 0.344966 0.540039 0.00891876
0 0.36254 0.535278 0.317629 0.335693 0.00828552
0 0.508987 0.621582 0.253843 0.288086 0.00728989
0 0.847444 0.650391 0.302008 0.583984 0.00674438
0 0.234642 0.558594 0.198518 0.357422 0.00669098
0 0.317548 0.560669 0.260514 0.374756 0.00638962
0 0.248961 0.530762 0.115206 0.293945 0.00634003
0 0.307296 0.532227 0.221136 0.302734 0.00616837
0 0.610524 0.458008 0.723777 0.916016 0.00602722
0 0.560081 0.62207 0.137335 0.28125 0.00566483
0 0.173622 0.452148 0.347244 0.904297 0.00536346
0 0.522005 0.584961 0.191358 0.339844 0.00460815
0 0.565288 0.671387 0.0917739 0.228516 0.0045929
0 0.0877059 0.875488 0.175412 0.249023 0.00450516
0 0.83703 0.718262 0.262955 0.49707 0.00441742
0 0.180619 0.591797 0.361238 0.759766 0.00426483
0 0.164184 0.564331 0.328368 0.427979 0.0039444
0 0.239523 0.62207 0.114555 0.251953 0.00392914
0 0.0486532 0.363281 0.0973064 0.418945 0.00388527
0 0.367421 0.495117 0.285736 0.273438 0.00385475
0 0.0497922 0.247314 0.0995845 0.494629 0.00362206
0 0.949107 0.717773 0.101787 0.177734 0.00355148
0 0.830522 0.659668 0.205678 0.351562 0.00353813
0 0.236269 0.606445 0.217394 0.472656 0.00351143
0 0.38532 0.526245 0.57017 0.851807 0.716309
0 0.37393 0.675781 0.535673 0.521484 0.174927
0 0.752053 0.578125 0.495894 0.765625 0.161377
0 0.689406 0.477051 0.621189 0.94043 0.123779
0 0.497922 0.537598 0.834427 0.833008 0.0731812
0 0.303879 0.579956 0.550806 0.769775 0.0664673
0 0.452361 0.541992 0.0533721 0.0703125 0.0507202
0 0.748511 0.674805 0.47384 0.529297 0.0464783
0 0.787564 0.696777 0.356682 0.491211 0.0371094
0 0.109348 0.762207 0.195915 0.379883 0.0306244
0 0.104181 0.823242 0.176307 0.228516 0.0268555
0 0.595028 0.469727 0.809943 0.939453 0.0225372
0 0.348871 0.622559 0.434787 0.586914 0.0215759
0 0.724428 0.39502 0.400941 0.37793 0.0189819
0 0.226994 0.592773 0.453988 0.755859 0.0185394
0 0.0444225 0.751465 0.0706204 0.161133 0.0182953
0 0.841586 0.474609 0.31112 0.376953 0.0173035
0 0.822711 0.586914 0.354078 0.732422 0.0170441
0 0.449106 0.560547 0.0702949 0.105469 0.0167847
0 0.33325 0.384521 0.6665 0.769043 0.0167236
0 0.976318 0.703125 0.0468633 0.0722656 0.0153046
0 0.693186 0.685059 0.390527 0.458008 0.0137405
0 0.351556 0.737305 0.413796 0.400391 0.0135345
0 0.791106 0.420898 0.417789 0.395508 0.0133286
0 0.745907 0.445801 0.38532 0.30957 0.0125732
0 0.752416 0.631836 0.356682 0.394531 0.0124283
0 0.786262 0.615723 0.273369 0.352539 0.0112457
0 0.157513 0.588989 0.315025 0.7771 0.0112457
0 0.874781 0.535156 0.24473 0.509766 0.011116
0 0.0486532 0.306152 0.0973064 0.154297 0.0107346
0 0.264582 0.367188 0.505733 0.734375 0.0100937
0 0.357983 0.331543 0.249287 0.349609 0.00981903
0 0.813599 0.520996 0.229109 0.261719 0.00955963
0 0.384019 0.527344 0.412657 0.351562 0.00948334
0 0.72394 0.570312 0.403219 0.355469 0.00912476
0 0.348871 0.536621 0.351475 0.46875 0.00905609
0 0.0618335 0.578003 0.123667 0.767822 0.00894928
0 0.128589 0.8125 0.134 0.197266 0.00878143
0 0.418515 0.504883 0.83703 0.990234 0.0086441
0 0.103327 0.683594 0.194938 0.535156 0.00857544
0 0.853953 0.527344 0.269464 0.400391 0.0085144
0 0.246358 0.452148 0.109348 0.136719 0.00844574
0 0.75502 0.557129 0.341061 0.290039 0.00841522
0 0.707017 0.496216 0.392805 0.409912 0.00772476
0 0.237083 0.589966 0.213163 0.447021 0.00763702
0 0.739398 0.379883 0.255145 0.325195 0.00760651
0 0.0478396 0.664551 0.0849397 0.46582 0.00757599
0 0.802534 0.578125 0.229109 0.269531 0.00751877
0 0.418515 0.359375 0.156211 0.230469 0.00731659
0 0.454313 0.633789 0.225204 0.283203 0.00723267
0 0.398989 0.573242 0.520703 0.810547 0.432129
0 0.75567 0.593628 0.48165 0.75415 0.172119
0 0.494668 0.564941 0.804486 0.795898 0.127197
0 0.72394 0.422363 0.364167 0.395508 0.0977173
0 0.41583 0.673828 0.544298 0.568359 0.0725098
0 0.144332 0.658691 0.282807 0.616211 0.0675659
0 0.816202 0.680664 0.338457 0.580078 0.0522461
0 0.109266 0.758789 0.218533 0.396484 0.0495911
0 0.293872 0.527344 0.579933 0.785156 0.0458679
0 0.702298 0.477051 0.373605 0.483398 0.0429688
0 0.144821 0.349854 0.289641 0.338379 0.0419312
0 0.368072 0.426758 0.316978 0.484375 0.0404663
0 0.157838 0.580078 0.315676 0.800781 0.0302124
0 0.150841 0.425781 0.301682 0.412109 0.0295868
0 0.0445852 0.35791 0.0891704 0.239258 0.0236053
0 0.067366 0.341553 0.134732 0.309082 0.0216522
0 0.0382391 0.321289 0.0764783 0.165039 0.0208435
0 0.139288 0.278076 0.278576 0.444824 0.0187683
0 0.258399 0.450684 0.0735493 0.143555 0.0183716
0 0.112114 0.814453 0.224228 0.283203 0.0171814
0 0.108127 0.67041 0.216255 0.584961 0.016098
0 0.248636 0.462891 0.0872178 0.126953 0.0149002
0 0.249287 0.416992 0.0898213 0.189453 0.0130692
0 0.761691 0.732422 0.437065 0.474609 0.0127258
0 0.310551 0.621094 0.301845 0.527344 0.0126724
0 0.853953 0.69043 0.188755 0.392578 0.0123367
0 0.349847 0.574341 0.297452 0.491943 0.0120087
0 0.252541 0.521484 0.0911231 0.242188 0.0116882
0 0.718408 0.375854 0.281505 0.326416 0.0115051
0 0.597507 0.679199 0.520703 0.579102 0.0112915
0 0.453012 0.553711 0.0468633 0.0722656 0.0107346
0 0.73289 0.413574 0.322836 0.303711 0.0104065
0 0.441296 0.577148 0.0468633 0.0761719 0.01017
0 0.319256 0.513672 0.212837 0.337891 0.0100098
0 0.296719 0.705566 0.53128 0.506836 0.00985718
0 0.23334 0.633301 0.14059 0.450195 0.00978088
0 0.696278 0.631348 0.375232 0.59082 0.00878143
0 0.41103 0.533203 0.247334 0.449219 0.00871277
0 0.818806 0.688477 0.298103 0.414062 0.00871277
0 0.178341 0.801758 0.0976318 0.238281 0.00861359
0 0.853953 0.528809 0.0572773 0.0917969 0.00834656
0 0.598158 0.656738 0.154909 0.344727 0.00831604
0 0.596042 0.722656 0.192986 0.419922 0.00831604
0 0.0335203 0.768555 0.0670405 0.154297 0.00831604
0 0.310795 0.409546 0.539579 0.589111 0.00831604
0 0.199332 0.446289 0.192335 0.320312 0.00806427
0 0.906024 0.647949 0.166625 0.510742 0.00784302
0 0.235781 0.743164 0.170205 0.378906 0.00769424
0 0.261979 0.398926 0.0976318 0.30957 0.00751877
0 0.378161 0.518433 0.213488 0.367432 0.0068512
0 0.387273 0.608398 0.460822 0.660156 0.482422
0 0.333982 0.645508 0.370838 0.591797 0.307373
0 0.462449 0.655273 0.621589 0.587891 0.06427
0 0.520052 0.587036 0.78496 0.730225 0.0488586
0 0.697742 0.596191 0.590998 0.733398 0.0352783
0 0.352451 0.552734 0.285736 0.353516 0.0275879
0 0.365794 0.498535 0.433485 0.665039 0.0223694
0 0.736795 0.713379 0.501177 0.526367 0.0127258
0 0.301357 0.547363 0.574075 0.75293 0.0125732
0 0.360587 0.505859 0.25189 0.288086 0.00948334
0 0.0489786 0.336182 0.0881941 0.190918 0.0088501
0 0.343745 0.726562 0.351312 0.421875 0.00837708
0 0.453337 0.548828 0.0702949 0.0996094 0.0078125
0 0.482952 0.615723 0.196565 0.233398 0.00728989
0 0.515822 0.626953 0.184199 0.263672 0.00728989
0 0.740049 0.46106 0.38532 0.228271 0.0068779
0 0.381415 0.699219 0.441296 0.484375 0.00669098
0 0.588395 0.70752 0.757623 0.526367 0.0064888
0 0.284515 0.61084 0.20161 0.44043 0.00638962
0 0.325358 0.792969 0.309981 0.314453 0.00631332
0 0.44455 0.565918 0.0728984 0.102539 0.00629044
0 0.262223 0.50293 0.110812 0.216797 0.00609589
0 0.401918 0.494141 0.186151 0.240234 0.00564194
0 0.731425 0.428711 0.406474 0.317383 0.00527954
0 0.353102 0.437378 0.28899 0.445557 0.00484848
0 0.473189 0.685547 0.274671 0.375 0.00434875
0 0.853953 0.532227 0.085916 0.0996094 0.00431442
0 0.747372 0.493652 0.330321 0.142578 0.00405502
0 0.395734 0.436523 0.205678 0.371094 0.00376511
0 0.620938 0.518066 0.637861 0.644531 0.00374985
0 0.763969 0.507324 0.44813 0.591797 0.00365067
0 0.228784 0.618164 0.202423 0.455078 0.00340271
0 0.2824 0.650391 0.273532 0.546875 0.00338936
0 0.824013 0.550781 0.161418 0.160156 0.00332451
0 0.278251 0.804688 0.227808 0.28125 0.00332451
0 0.449757 0.712891 0.364492 0.441406 0.00327301
0 0.813599 0.512695 0.296801 0.238281 0.00325966
0 0.857858 0.554688 0.101537 0.142578 0.00323486
0 0.244893 0.494141 0.12204 0.208984 0.00321007
0 0.0393782 0.411621 0.067366 0.175781 0.00311089
0 0.839634 0.486816 0.265559 0.211914 0.00309944
0 0.806439 0.540039 0.227808 0.191406 0.00305176
0 0.555851 0.627441 0.123667 0.256836 0.00299263
0 0.387924 0.34375 0.208281 0.329102 0.0029583
0 0.440645 0.506836 0.135383 0.224609 0.00293541
0 0.456917 0.422852 0.0748511 0.105469 0.00255013
0 0.247171 0.789551 0.179968 0.28418 0.00250244
0 0.178341 0.625 0.352125 0.494141 0.0024929
0 0.199494 0.772949 0.117809 0.182617 0.00242424
0 0.780692 0.526367 0.438617 0.884766 0.00242424
0 0.381741 0.562012 0.451059 0.743164 0.628906
0 0.371082 0.446411 0.387761 0.573975 0.11554
0 0.0410054 0.296875 0.0781055 0.185547 0.0685425
0 0.743304 0.589966 0.501177 0.712646 0.0629272
0 0.0495482 0.331055 0.0798954 0.166992 0.0292053
0 0.0270115 0.776367 0.0471887 0.0703125 0.0288086
0 0.978396 0.698242 0.043208 0.0605469 0.0217743
0 0.44455 0.552734 0.0676914 0.0996094 0.0184326
0 0.36677 0.39502 0.237571 0.376953 0.0146713
0 0.0453988 0.337891 0.0810344 0.283203 0.0145035
0 0.435438 0.561523 0.0774546 0.0957031 0.0129242
0 0.974491 0.680664 0.0510186 0.0839844 0.0124283
0 0.469935 0.418945 0.0494668 0.0742188 0.0107346
0 0.374255 0.323975 0.191358 0.317871 0.0104904
0 0.357007 0.679199 0.415912 0.516602 0.01017
0 0.352451 0.479492 0.295499 0.335938 0.0100937
0 0.458219 0.522461 0.161418 0.222656 0.00963593
0 0.456266 0.537109 0.0598809 0.09375 0.00908661
0 0.59946 0.583984 0.800581 0.691406 0.0086441
0 0.372303 0.580566 0.385971 0.536133 0.00803375
0 0.0421444 0.771484 0.0668778 0.0878906 0.00793457
0 0.257748 0.428711 0.0852651 0.145508 0.00775528
0 0.0349034 0.74707 0.0558129 0.111328 0.00743103
0 0.255795 0.452637 0.0891704 0.15625 0.00737381
0 0.221299 0.80957 0.0885195 0.177734 0.00731659
0 0.193474 0.774414 0.0589045 0.0683594 0.0068512
0 0.446503 0.539062 0.136685 0.160156 0.00679779
0 0.193311 0.715332 0.0611826 0.0839844 0.00619125
0 0.875432 0.53125 0.0546738 0.0800781 0.00605011
0 0.339433 0.786621 0.351475 0.295898 0.00584412
0 0.938567 0.728027 0.114555 0.118164 0.00561905
0 0.864367 0.522461 0.0585791 0.078125 0.0055542
0 0.948981 0.663574 0.0963301 0.121094 0.00551224
0 0.218858 0.711914 0.0907976 0.109375 0.00534439
0 0.322266 0.440308 0.219834 0.310791 0.0050621
0 0.745907 0.511719 0.137986 0.113281 0.00498199
0 0.0384019 0.381836 0.0608572 0.216797 0.00462723
0 0.261084 0.394043 0.081848 0.181641 0.00460815
0 0.345617 0.584473 0.305913 0.467773 0.00460815
0 0.349603 0.350098 0.256284 0.359375 0.00457382
0 0.381415 0.293945 0.169229 0.250977 0.00446701
0 0.289967 0.483276 0.165323 0.242432 0.00416565
0 0.0532907 0.281799 0.0942147 0.346558 0.00397491
0 0.227482 0.688477 0.0943774 0.107422 0.00392914
0 0.159791 0.765137 0.0585791 0.0615234 0.00388527
0 0.255145 0.483398 0.0937266 0.208984 0.00383949
0 0.532419 0.587891 0.0676914 0.208984 0.00370789
0 0.402894 0.495605 0.264257 0.276367 0.00356483
0 0.463751 0.469727 0.0742002 0.148438 0.00356483
0 0.312422 0.508667 0.217394 0.297119 0.00356483
0 0.330321 0.559692 0.56301 0.761475 0.694336
0 0.748511 0.583496 0.486857 0.735352 0.277588
0 0.601575 0.575317 0.793747 0.7146 0.0769653
0 0.80709 0.686523 0.260352 0.46875 0.0330811
0 0.0442598 0.354248 0.085916 0.403809 0.0207977
0 0.0373035 0.463989 0.074607 0.7146 0.016098
0 0.0467006 0.359619 0.0745256 0.194824 0.0134811
0 0.0411274 0.467773 0.0822548 0.652344 0.0125275
0 0.0188755 0.575195 0.037751 0.708984 0.012291
0 0.126759 0.645996 0.247009 0.536133 0.0115967
0 0.121877 0.808105 0.234642 0.262695 0.0109024
0 0.00634607 0.626953 0.0126921 0.71875 0.0106964
0 0.880639 0.460938 0.121063 0.162109 0.0106125
0 0.0506872 0.330566 0.0942147 0.290039 0.0100555
0 0.223414 0.797852 0.123992 0.183594 0.00993347
0 0.877385 0.538086 0.0728984 0.119141 0.00978088
0 0.369618 0.602539 0.351637 0.580078 0.00967407
0 0.831823 0.598145 0.169229 0.258789 0.00948334
0 0.250263 0.527832 0.499224 0.848633 0.00933838
0 0.257423 0.609497 0.445201 0.665771 0.00930023
0 0.879337 0.574219 0.0885195 0.162109 0.0091629
0 0.720523 0.516479 0.287688 0.506104 0.00912476
0 0.312422 0.799316 0.307215 0.301758 0.00898743
0 0.185175 0.777344 0.069644 0.101562 0.00888062
0 0.734842 0.404785 0.312422 0.382812 0.0088501
0 0.0276624 0.765625 0.0475142 0.0722656 0.00871277
0 0.861764 0.694336 0.24473 0.431641 0.00867462
0 0.188592 0.823242 0.152631 0.212891 0.00834656
0 0.0343339 0.738281 0.0543484 0.128906 0.00806427
0 0.0340084 0.602539 0.0572773 0.410156 0.0078125
0 0.850048 0.454224 0.265559 0.361084 0.00769424
0 0.23513 0.816406 0.155886 0.207031 0.00769424
0 0.041819 0.345215 0.0836379 0.69043 0.00740433
0 0.0398663 0.521484 0.0797327 0.667969 0.00717545
0 0.855255 0.53125 0.0833125 0.121094 0.0068512
0 0.251239 0.841797 0.198518 0.214844 0.00666809
0 0 0.502808 0 0.730713 0.00626373
0 0.25547 0.808594 0.226506 0.273438 0.00609589
0 0.803635 0.553223 0.39273 0.639648 0.006073
0 0.897362 0.559448 0.205277 0.627197 0.00600433
0 0.196891 0.743652 0.100235 0.181641 0.00593567
0 0.0584164 0.257324 0.111951 0.441406 0.00591278
0 0.000894959 0.699707 0.00178992 0.600586 0.0053215
0 0.5552 0.630859 0.114555 0.316406 0.00530243
0 0.224716 0.746094 0.12204 0.177734 0.00527954
0 0.0486532 0.378906 0.0813599 0.276367 0.00500107
0 0.976969 0.699707 0.0403545 0.0644531 0.00482941
0 0.820107 0.527344 0.160116 0.154297 0.00481033
0 0.698881 0.591309 0.367421 0.55957 0.00479126
0 0.76999 0.641602 0.308517 0.478516 0.00475693
0 0.414935 0.546753 0.505733 0.730713 0.582031
0 0.758274 0.570435 0.471236 0.712646 0.410156
0 0.258074 0.495117 0.0865669 0.222656 0.0570679
0 0.0484091 0.32959 0.0867296 0.178711 0.0509033
0 0.0543484 0.345703 0.088845 0.138672 0.0363464
0 0.449106 0.551758 0.0637861 0.0878906 0.033844
0 0.243754 0.763672 0.154258 0.228516 0.033783
0 0.259375 0.435547 0.0781055 0.125977 0.0332642
0 0.376859 0.313477 0.193962 0.277344 0.0263062
0 0.378812 0.399536 0.23692 0.42749 0.0257111
0 0.246683 0.567383 0.115206 0.310547 0.0255585
0 0.256121 0.532227 0.117158 0.274414 0.024231
0 0.212187 0.729492 0.102188 0.140625 0.0235138
0 0.239523 0.637207 0.149051 0.323242 0.0232391
0 0.360668 0.539551 0.30575 0.357422 0.0227661
0 0.615894 0.56543 0.746884 0.732422 0.0222931
0 0.41461 0.500488 0.308517 0.291992 0.0222015
0 0.249938 0.712402 0.180944 0.426758 0.0217438
0 0.213488 0.780273 0.108046 0.142578 0.0215759
0 0.052233 0.361816 0.0868923 0.194336 0.0210114
0 0.359611 0.601562 0.339108 0.5 0.0209656
0 0.0528839 0.317871 0.0999099 0.224609 0.0206909
0 0.745256 0.411987 0.324138 0.38501 0.0198669
0 0.361563 0.488281 0.27402 0.311523 0.0187683
0 0.355705 0.361328 0.246683 0.379883 0.0171814
0 0.3147 0.529419 0.216092 0.318115 0.0164032
0 0.412006 0.506348 0.191358 0.25293 0.0164032
0 0.257423 0.637695 0.186802 0.505859 0.0151901
0 0.866971 0.535156 0.0572773 0.0742188 0.0151291
0 0.309818 0.513672 0.536324 0.738281 0.0148392
0 0.310795 0.585449 0.240174 0.436523 0.0139008
0 0.382717 0.497559 0.203074 0.264648 0.0138474
0 0.318361 0.651855 0.303147 0.55957 0.0136337
0 0.445201 0.5625 0.085916 0.0917969 0.0130234
0 0.455615 0.541992 0.0624844 0.0898438 0.0126724
0 0.742165 0.514771 0.327718 0.593506 0.0109024
0 0.0749324 0.345459 0.110487 0.146973 0.01017
0 0.22618 0.452637 0.134732 0.231445 0.00985718
0 0.0301032 0.761719 0.0517449 0.0839844 0.00971222
0 0.875432 0.543945 0.0520703 0.0761719 0.00919342
0 0.470585 0.418945 0.048165 0.0742188 0.00809479
0 0.263525 0.376465 0.0704576 0.177734 0.00793457
0 0.163981 0.414185 0.270847 0.386475 0.00751877
0 0.0410054 0.403809 0.069644 0.224609 0.0068779
0 0.255063 0.799805 0.157675 0.244141 0.006073
0 0.0333575 0.739258 0.0546738 0.115234 0.00591278
0 0.598809 0.657227 0.0794072 0.138672 0.00575256
0 0.159954 0.358398 0.290617 0.338867 0.00564194
0 0.322185 0.742188 0.31112 0.394531 0.00540543
0 0.267186 0.306641 0.0676914 0.18457 0.00503922
0 0.377184 0.551758 0.441947 0.740234 0.524414
0 0.355705 0.652832 0.405498 0.569336 0.334473
0 0.385971 0.403809 0.231713 0.451172 0.0453491
0 0.360912 0.469727 0.283132 0.357422 0.0414734
0 0.354078 0.55127 0.318931 0.416992 0.0352783
0 0.0464565 0.36084 0.0798954 0.231445 0.0270081
0 0.0497922 0.32959 0.0907976 0.204102 0.0237274
0 0.322104 0.721191 0.334715 0.432617 0.0222473
0 0.392805 0.473145 0.218044 0.262695 0.0185852
0 0.453337 0.548828 0.0676914 0.103516 0.0150146
0 0.388575 0.322754 0.178341 0.290039 0.0148392
0 0.306239 0.585938 0.53307 0.695312 0.0137405
0 0.351393 0.432129 0.283946 0.485352 0.0135345
0 0.0434462 0.474121 0.0790818 0.481445 0.0102463
0 0.976443 0.700195 0.0471133 0.0566406 0.0100555
0 0.0722476 0.349365 0.0820107 0.125488 0.0085144
0 0.80709 0.505859 0.190057 0.203125 0.00831604
0 0.172442 0.634766 0.319012 0.603516 0.008255
0 0.85916 0.537109 0.0781055 0.125 0.00751877
0 0.214139 0.802734 0.0781055 0.144531 0.00746155
0 0.808392 0.567871 0.205678 0.260742 0.0068512
0 0.243917 0.763672 0.157187 0.230469 0.0068512
0 0.24408 0.626465 0.15556 0.366211 0.0064888
0 0.19624 0.731934 0.0686677 0.137695 0.00643921
0 0.73533 0.413574 0.336179 0.363281 0.00641251
0 0.797327 0.414062 0.251239 0.411133 0.00626373
0 0.0396223 0.518677 0.0792445 0.665771 0.00619125
0 0.210071 0.583496 0.416237 0.711914 0.006073
0 0.252541 0.509766 0.104792 0.25 0.00591278
0 0.0750952 0.37085 0.142705 0.236816 0.00584412
0 0.835729 0.440552 0.309818 0.4021 0.00572968
0 0.309493 0.650879 0.301357 0.536133 0.00564194
0 0.0425512 0.372559 0.0851024 0.362305 0.00559998
0 0.465378 0.421875 0.0650879 0.0957031 0.00534439
0 0.193799 0.794922 0.0751765 0.144531 0.00524139
0 0.860462 0.523926 0.130176 0.182617 0.00498199
0 0.0353102 0.756836 0.0566265 0.109375 0.00498199
0 0.796676 0.637695 0.229109 0.367188 0.00486755
0 0.29558 0.569336 0.234154 0.390625 0.00484848
0 0.57017 0.630859 0.130176 0.272461 0.00481033
0 0.0740375 0.31665 0.103815 0.165527 0.00477219
0 0.273451 0.791992 0.23155 0.289062 0.00475693
0 0.228784 0.64502 0.152957 0.442383 0.00469971
0 0.0619962 0.762695 0.10772 0.277344 0.00468063
0 0.407532 0.675781 0.550481 0.517578 0.0046463
0 0.84419 0.544922 0.121063 0.154297 0.0045929
0 0.366445 0.394531 0.404196 0.476562 0.00455475
0 0.0378323 0.62793 0.0639489 0.400391 0.00453949
0 0.356682 0.35791 0.217394 0.399414 0.00450516
0 0.111138 0.777344 0.209583 0.294922 0.00439835
0 0.377835 0.542969 0.447154 0.755859 0.617676
0 0.353427 0.603394 0.367747 0.551025 0.0343628
0 0.293221 0.536133 0.57733 0.816406 0.00712204
0 0.542833 0.546387 0.786262 0.790039 0.00695801
0 0.0445852 0.509766 0.0878687 0.59082 0.0064621
0 0.034822 0.753906 0.0569519 0.147461 0.00638962
0 0.0465378 0.365723 0.0878687 0.254883 0.00547028
0 0.0432834 0.596558 0.0826616 0.488525 0.0053215
0 0.0375883 0.667969 0.0647625 0.361328 0.00503922
0 0.130013 0.670898 0.251565 0.599609 0.0046463
0 0.0732239 0.736328 0.131803 0.369141 0.00453949
0 0.18127 0.592651 0.329996 0.662354 0.00426483
0 0.336179 0.677734 0.369048 0.519531 0.00390053
0 0.0496295 0.661621 0.0934011 0.459961 0.00317192
0 0.386948 0.499023 0.300055 0.40918 0.00290108
0 0.0431207 0.493164 0.0862415 0.646484 0.0028553
0 0.379462 0.414551 0.454313 0.525391 0.00273705
0 0.312096 0.435547 0.539579 0.597656 0.0026207
0 0.113253 0.725098 0.218044 0.420898 0.00255013
0 0.324707 0.759277 0.296964 0.34668 0.00246239
0 0.347569 0.691406 0.695139 0.457031 0.00245285
0 0.368723 0.427734 0.305262 0.466797 0.00244331
0 0.106256 0.78418 0.192335 0.296875 0.00233269
0 0.390202 0.392456 0.236269 0.44165 0.00228691
0 0.0460497 0.307617 0.0803835 0.344727 0.00200272
0 0.116182 0.811523 0.167927 0.199219 0.00192642
0 0.188104 0.786133 0.0631353 0.126953 0.00189686
0 0.197216 0.726074 0.0624844 0.132812 0.00183105
0 0.0532094 0.258301 0.0999099 0.457031 0.00176811
0 0.141566 0.553833 0.276624 0.669678 0.0017271
0 0.453663 0.545898 0.0702949 0.101562 0.00171375
0 0.210234 0.793945 0.102839 0.259766 0.00171375
0 0.0430394 0.802734 0.0623217 0.251953 0.00170708
0 0.0194043 0.616699 0.0388087 0.543945 0.00157928
0 0.22618 0.617188 0.144495 0.461914 0.00154877
0 0.118704 0.547852 0.237408 0.833984 0.00150681
0 0.229435 0.723145 0.126921 0.229492 0.00136662
0 0.915136 0.530273 0.166625 0.500977 0.00135612
0 0.0411681 0.880859 0.0533721 0.119141 0.00135612
0 0.25547 0.814453 0.150353 0.253906 0.00134087
0 0.235944 0.767578 0.131478 0.28125 0.00132465
0 0.978721 0.696289 0.0425571 0.0703125 0.00130939
0 0.519401 0.361328 0.593602 0.615234 0.00124454
0 0.0405986 0.392456 0.0811972 0.558838 0.00119209
0 0.181433 0.385864 0.354404 0.743896 0.00116539
0 0.628749 0.446777 0.687328 0.875977 0.00114727
0 0.109104 0.379395 0.218207 0.758789 0.0011158
0 0.158855 0.61438 0.307133 0.49585 0.00110722
0 0.047026 0.339355 0.094052 0.678711 0.00109863
0 0.384669 0.334961 0.195264 0.339844 0.00109005
0 0.37092 0.541992 0.432346 0.6875 0.392334
0 0.393131 0.632324 0.475142 0.579102 0.244385
0 0.294197 0.505737 0.588395 0.75415 0.0409851
0 0.372954 0.571411 0.371001 0.437256 0.0156708
0 0.419491 0.51416 0.58514 0.797852 0.0154266
0 0.535999 0.546387 0.750463 0.801758 0.00634003
0 0.041819 0.38269 0.0781055 0.203369 0.0055542
0 0.200959 0.720215 0.0722476 0.129883 0.0055542
0 0.393131 0.322021 0.209583 0.312988 0.00547028
0 0.188389 0.645996 0.326172 0.557617 0.00498199
0 0.0360424 0.448242 0.064437 0.119141 0.00471878
0 0.402569 0.387207 0.220648 0.418945 0.00421524
0 0.456266 0.552246 0.0768037 0.118164 0.00378036
0 0.0427953 0.421875 0.0800581 0.163086 0.00358009
0 0.19445 0.758789 0.07778 0.117188 0.00342941
0 0.212512 0.702148 0.0872178 0.115234 0.00337601
0 0.0428766 0.356445 0.084777 0.28125 0.00323486
0 0.366445 0.420898 0.45171 0.554688 0.00318527
0 0.472864 0.416504 0.0579282 0.0732422 0.00312424
0 0.379137 0.284668 0.169229 0.25 0.00300407
0 0.164835 0.554199 0.316653 0.708008 0.00299263
0 0.80709 0.519043 0.166625 0.15332 0.00279999
0 0.227319 0.702148 0.136359 0.203125 0.00277901
0 0.184524 0.796875 0.349522 0.277344 0.00277901
0 0.20161 0.501953 0.398663 0.824219 0.00264168
0 0.0595554 0.796875 0.104141 0.216797 0.00257111
0 0.413959 0.500488 0.223902 0.288086 0.00243378
0 0.864367 0.523438 0.0650879 0.0917969 0.00239754
0 0.370676 0.519653 0.297452 0.329834 0.00237846
0 0.0321371 0.762695 0.0502804 0.101562 0.00235939
0 0.122853 0.811523 0.229435 0.248047 0.00227928
0 0.0410054 0.602539 0.0800581 0.459961 0.00225258
0 0.0340084 0.732422 0.0546738 0.179688 0.00218201
0 0.79993 0.499512 0.188755 0.195312 0.00214958
0 0.220811 0.765625 0.100561 0.197266 0.00213242
0 0.250263 0.527832 0.113253 0.289062 0.00211525
0 0.450734 0.402832 0.387273 0.516602 0.0020752
0 0.872829 0.527832 0.0572773 0.0927734 0.00204277
0 0.452686 0.493164 0.132128 0.224609 0.00202751
0 0.494343 0.592773 0.12562 0.208984 0.00197983
0 0.261735 0.555664 0.166462 0.355469 0.00168705
0 0.451059 0.537598 0.240825 0.227539 0.00168705
0 0.446503 0.332764 0.126271 0.251465 0.00164223
0 0.560407 0.400879 0.563661 0.55957 0.00162888
0 0.7778 0.513672 0.182246 0.148438 0.00161076
0 0.240174 0.629883 0.154258 0.314453 0.00160408
0 0.12741 0.675781 0.245056 0.503906 0.00158501
0 0.876083 0.505859 0.080709 0.126953 0.00157356
0 0.156374 0.739258 0.29257 0.382812 0.00157356
0 0.0416563 0.678711 0.07778 0.324219 0.00155449
0 0.370269 0.556519 0.423234 0.72876 0.59375
0 0.381985 0.578125 0.425838 0.525391 0.0611877
0 0.0431207 0.316406 0.0746884 0.19043 0.0252228
0 0.0453988 0.375 0.0771292 0.304688 0.0184021
0 0.0396223 0.503784 0.0668778 0.318604 0.012825
0 0.36254 0.553223 0.344966 0.447266 0.0109863
0 0.0468633 0.294434 0.0797327 0.248047 0.00818634
0 0.0371001 0.598145 0.0618335 0.436523 0.00656509
0 0.210397 0.605957 0.365469 0.637695 0.0064888
0 0.250263 0.483398 0.104792 0.205078 0.005867
0 0.388575 0.312012 0.190057 0.285156 0.00568771
0 0.389876 0.394531 0.235618 0.447266 0.00439835
0 0.804486 0.506836 0.171832 0.193359 0.00405502
0 0.864367 0.525391 0.0676914 0.107422 0.00366402
0 0.220323 0.811523 0.240174 0.248047 0.00348282
0 0.0823362 0.331299 0.0810344 0.140137 0.00328636
0 0.152468 0.516602 0.278251 0.591797 0.00319672
0 0.83703 0.505859 0.127572 0.179688 0.00304031
0 0.376778 0.469238 0.280041 0.379883 0.00291252
0 0.783007 0.489258 0.200471 0.205078 0.00288963
0 0.451629 0.530762 0.614592 0.770508 0.00282288
0 0.104507 0.314209 0.119029 0.180176 0.00277901
0 0.205352 0.783203 0.102188 0.126953 0.00271416
0 0.0338457 0.763184 0.0486532 0.0957031 0.00244331
0 0.407125 0.344238 0.228459 0.328125 0.00239754
0 0.0371001 0.720703 0.0556501 0.185547 0.00229645
0 0.0792445 0.358398 0.132454 0.231445 0.00216484
0 0.175575 0.827148 0.323161 0.228516 0.00216484
0 0.204376 0.726562 0.0800581 0.117188 0.00211525
0 0.0372628 0.258789 0.0579282 0.365234 0.00209045
0 0.222275 0.799805 0.0930757 0.152344 0.00209045
0 0.255145 0.833008 0.157513 0.185547 0.00206757
0 0.367747 0.349365 0.186151 0.359863 0.00205803
0 0.808392 0.539062 0.145797 0.150391 0.00204277
0 0.221299 0.713867 0.106744 0.123047 0.00188923
0 0.241802 0.553711 0.126271 0.318359 0.00188255
0 0.227808 0.479614 0.127572 0.216553 0.00185299
0 0.350824 0.420898 0.253843 0.445312 0.00183105
0 0.730286 0.513672 0.233015 0.140625 0.00179577
0 0.026442 0.476074 0.0528839 0.654297 0.00174809
0 0.213976 0.578247 0.204701 0.445068 0.00168705
0 0.0439343 0.762695 0.072573 0.168945 0.0016613
0 0.870876 0.5 0.0833125 0.125 0.0016489
0 0.46668 0.526367 0.117158 0.169922 0.0015974
0 0.219834 0.680664 0.123992 0.222656 0.00157928
0 0.848746 0.545898 0.101537 0.148438 0.00154877
0 0.0597181 0.23999 0.104141 0.465332 0.00153637
0 0.286061 0.536133 0.56301 0.755859 0.00153065
0 0.231225 0.666992 0.125294 0.167969 0.00150681
0 0.0368153 0.303711 0.0736307 0.238281 0.00149536
0 0.372628 0.547974 0.471887 0.775146 0.651367
0 0.720523 0.574219 0.445201 0.75 0.131226
0 0.395409 0.645508 0.51875 0.580078 0.119202
0 0.0309168 0.606934 0.0556501 0.396484 0.0708008
0 0.358716 0.615234 0.389063 0.539062 0.0632324
0 0.0437716 0.36499 0.0820107 0.255371 0.0552063
0 0.0299404 0.671875 0.0549993 0.28125 0.0423889
0 0.0382391 0.474609 0.069644 0.249023 0.0408325
0 0.0388087 0.332031 0.0735493 0.231445 0.0297089
0 0.0443411 0.587891 0.0792445 0.408203 0.0244751
0 0.0304286 0.720703 0.0558129 0.1875 0.0240479
0 0.0476769 0.400879 0.0868923 0.222656 0.0222931
0 0.561058 0.623047 0.127572 0.271484 0.00908661
0 0.0419817 0.660156 0.0768037 0.294922 0.0088501
0 0.344315 0.521606 0.298103 0.337646 0.008255
0 0.371652 0.562012 0.36319 0.401367 0.00815582
0 0.5552 0.635742 0.0963301 0.224609 0.00725937
0 0.01436 0.558105 0.02872 0.504883 0.00706482
0 0.473189 0.544922 0.730286 0.792969 0.0068512
0 0.206979 0.613159 0.382717 0.642822 0.00679779
0 0.0475955 0.274902 0.0938893 0.320312 0.00651169
0 0.352125 0.415039 0.286387 0.482422 0.0064621
0 0.380113 0.312988 0.175737 0.285156 0.00616837
0 0.00919367 0.586914 0.0183873 0.423828 0.00559998
0 0.736795 0.467896 0.334552 0.361084 0.0051384
0 0.527537 0.625977 0.145146 0.277344 0.00484848
0 0.577004 0.645508 0.096981 0.171875 0.0046463
0 0.523307 0.616211 0.0976318 0.258789 0.00432968
0 0.25246 0.496094 0.10951 0.216797 0.00415039
0 0.0332762 0.240967 0.0597181 0.355957 0.0039444
0 0.0909603 0.584961 0.180293 0.40625 0.00356483
0 0.536975 0.625488 0.0911231 0.248047 0.00353813
0 0.462775 0.536621 0.0631353 0.0927734 0.00336266
0 0.188918 0.794922 0.297777 0.277344 0.00336266
0 0.552922 0.688477 0.069644 0.117188 0.00322342
0 0.671056 0.671387 0.510289 0.543945 0.00309944
0 0.0750138 0.34375 0.0820107 0.123047 0.00305176
0 0.710597 0.625 0.388249 0.462891 0.00301552
0 0.0139125 0.450195 0.0278251 0.535156 0.00292397
0 0.3195 0.786133 0.333413 0.306641 0.00271416
0 0.585791 0.515503 0.682121 0.82251 0.00270462
0 0.366445 0.282715 0.164021 0.246094 0.00269318
0 0.723126 0.525879 0.313724 0.321289 0.0026207
0 0.727683 0.415161 0.268162 0.388428 0.00261116
0 0.0665524 0.366211 0.112927 0.210938 0.00248146
0 0.803185 0.500977 0.19266 0.236328 0.00242424
0 0.0254656 0.357178 0.0509313 0.35498 0.00240517
0 0.57375 0.665039 0.112602 0.172852 0.00240517
0 0.0728984 0.2229 0.143193 0.42334 0.00236893
0 0.357658 0.331055 0.188104 0.329102 0.00235939
0 0.309493 0.557617 0.592951 0.748047 0.508789
0 0.0436089 0.370361 0.0764783 0.349121 0.0566406
0 0.0369374 0.580078 0.0657388 0.462891 0.0441895
0 0.0421444 0.480957 0.0748511 0.618164 0.0411377
0 0.0371001 0.321289 0.0657388 0.257812 0.0369873
0 0.0475142 0.344482 0.0794072 0.239746 0.0333252
0 0.366445 0.608398 0.410054 0.585938 0.0309143
0 0.0390527 0.273926 0.0680168 0.323242 0.0225067
0 0.0298591 0.636719 0.0506058 0.369141 0.0205994
0 0.0488159 0.54834 0.0891704 0.610352 0.0154266
0 0.0297777 0.700684 0.0494668 0.229492 0.0146179
0 0.0486532 0.239014 0.0878687 0.41748 0.0132217
0 0.405823 0.539551 0.609874 0.731445 0.00636292
0 0.0720848 0.22168 0.132779 0.443359 0.00486755
0 0.375232 0.286621 0.160116 0.235352 0.00475693
0 0.103002 0.616211 0.198193 0.550781 0.00469971
0 0.531117 0.535156 0.731588 0.710938 0.00466537
0 0.342281 0.427734 0.252704 0.451172 0.00424957
0 0.372303 0.375488 0.171832 0.392578 0.00408554
0 0.0421444 0.538574 0.0842888 0.583008 0.00387001
0 0.328694 0.513672 0.240174 0.311523 0.00385475
0 0.0427953 0.631348 0.0751765 0.362305 0.00342941
0 0.255226 0.499023 0.101374 0.214844 0.0029583
0 0.0206654 0.567871 0.0413308 0.506836 0.00275803
0 0.0750138 0.350586 0.0875432 0.161133 0.00269318
0 0.565939 0.625 0.134732 0.267578 0.00265312
0 0.466029 0.539062 0.0702949 0.09375 0.00251198
0 0.500526 0.617188 0.141892 0.251953 0.0024929
0 0.0883568 0.320312 0.146122 0.257812 0.00244331
0 0.0774546 0.583496 0.137986 0.672852 0.00237846
0 0.256121 0.470703 0.0891704 0.167969 0.00234222
0 0.384019 0.420776 0.222601 0.496338 0.00234222
0 0.039785 0.387695 0.07957 0.570312 0.00219154
0 0.0436089 0.695801 0.0706204 0.275391 0.00215721
0 0.561383 0.65918 0.0904722 0.183594 0.00198746
0 0.0371408 0.276794 0.0742816 0.345825 0.00194168
0 0.069644 0.362549 0.113904 0.225098 0.00189686
0 0.258399 0.538086 0.124318 0.292969 0.00186062
0 0.160116 0.636719 0.302008 0.574219 0.00178242
0 0.11126 0.24585 0.222031 0.491699 0.00176811
0 0.475142 0.563965 0.108046 0.139648 0.00176811
0 0.204376 0.723145 0.0911231 0.125 0.00174809
0 0.426326 0.499023 0.833125 0.998047 0.00171375
0 0.580584 0.654785 0.085916 0.151367 0.00168133
0 0.0320965 0.219482 0.0641929 0.407715 0.00163555
0 0.223577 0.607422 0.203074 0.454102 0.00156116
0 0.232689 0.587402 0.426326 0.686523 0.00150681
0 0.760877 0.524902 0.217394 0.108398 0.00148964
0 0.576028 0.611328 0.197867 0.316406 0.00146103
0 0.537301 0.63916 0.0787564 0.213867 0.00146103
0 0.299404 0.539062 0.598809 0.775391 0.577637
0 0.386622 0.536621 0.425675 0.756836 0.403564
0 0.044097 0.36377 0.0839634 0.271484 0.0538025
0 0.0432021 0.494629 0.0828243 0.579102 0.0282135
0 0.0405986 0.577148 0.0785936 0.472656 0.0247498
0 0.0329507 0.743164 0.0582537 0.142578 0.0224152
0 0.0338457 0.60791 0.0615081 0.422852 0.0195618
0 0.365794 0.452637 0.350824 0.608398 0.0180511
0 0.0366119 0.318848 0.0686677 0.209961 0.0163422
0 0.0322185 0.682617 0.0598809 0.277344 0.0153046
0 0.0556501 0.569824 0.105117 0.479492 0.0102463
0 0.0453988 0.300049 0.0862415 0.289551 0.00878143
0 0.537626 0.533325 0.730286 0.704834 0.00714874
0 0.143844 0.58252 0.287688 0.564453 0.00671768
0 0.217719 0.565308 0.413959 0.713135 0.00614548
0 0.0691559 0.231018 0.133756 0.455933 0.00551224
0 0.45887 0.535645 0.0559756 0.0800781 0.00421524
0 0.0485718 0.705078 0.0867296 0.267578 0.00415039
0 0.0701322 0.354736 0.112277 0.181152 0.00392914
0 0.0832311 0.361816 0.161581 0.255859 0.00359344
0 0.108046 0.305908 0.21479 0.374512 0.00293541
0 0.0447479 0.639648 0.0849397 0.357422 0.00288963
0 0.358065 0.520508 0.322673 0.402344 0.00284576
0 0.0374255 0.22467 0.0689932 0.411987 0.00277901
0 0.454964 0.545898 0.0611826 0.0820312 0.00263214
0 0.523958 0.603516 0.0898213 0.212891 0.00257111
0 0.563661 0.67334 0.0820107 0.135742 0.00250244
0 0.379462 0.320068 0.186151 0.306152 0.00246239
0 0.095069 0.523926 0.186721 0.606445 0.00242424
0 0.752416 0.495117 0.304611 0.205078 0.00242424
0 0.565614 0.625 0.11846 0.253906 0.00239754
0 0.105727 0.224121 0.203806 0.448242 0.00232315
0 0.35896 0.633789 0.411355 0.650391 0.00229645
0 0.583838 0.657715 0.0715967 0.120117 0.00212479
0 0.554549 0.701172 0.0611826 0.0859375 0.00211525
0 0.579282 0.637695 0.111951 0.204102 0.00209045
0 0.201122 0.71875 0.0657388 0.0957031 0.00184631
0 0.0408427 0.786621 0.0616708 0.200195 0.00183868
0 0.740049 0.413086 0.339759 0.373047 0.00174809
0 0.796025 0.500977 0.197867 0.210938 0.00172043
0 0.0947436 0.793945 0.173703 0.238281 0.00166798
0 0.199983 0.817383 0.29257 0.226562 0.0016613
0 0.219346 0.800781 0.119111 0.132812 0.00161076
0 0.581235 0.688965 0.080709 0.117188 0.00151253
0 0.165811 0.649292 0.321209 0.592041 0.00150108
0 0.524283 0.62207 0.146448 0.265625 0.00144386
0 0.258318 0.859375 0.15377 0.150391 0.00141048
0 0.357333 0.601074 0.359285 0.518555 0.00138855
0 0.721174 0.480469 0.402243 0.572266 0.00138855
0 0.329914 0.827148 0.333413 0.224609 0.00135612
0 0.374906 0.556641 0.423071 0.730469 0.536133
0 0.0401918 0.367676 0.0702949 0.273438 0.0406189
0 0.367014 0.510254 0.339922 0.476562 0.0240021
0 0.0355543 0.328613 0.0636234 0.244141 0.0221558
0 0.0374255 0.452026 0.0667151 0.424072 0.0175781
0 0.36197 0.424805 0.30575 0.469727 0.0131683
0 0.030754 0.587769 0.0535348 0.445557 0.01297
0 0.377184 0.399902 0.232364 0.448242 0.011734
0 0.546087 0.534302 0.736795 0.698975 0.0108566
0 0.0453988 0.338379 0.0826616 0.209961 0.00971222
0 0.0304286 0.697754 0.0514194 0.237305 0.00963593
0 0.0304286 0.746094 0.0507686 0.130859 0.00948334
0 0.294848 0.539062 0.581886 0.771484 0.00871277
0 0.38532 0.313965 0.18485 0.285156 0.00572968
0 0.557803 0.662109 0.0885195 0.162109 0.00418091
0 0.048165 0.25708 0.0917739 0.396973 0.00397491
0 0.459195 0.53418 0.0553247 0.0820312 0.0039444
0 0.562034 0.620117 0.113904 0.263672 0.00388527
0 0.253843 0.487305 0.096981 0.189453 0.00355148
0 0.552596 0.694336 0.0611826 0.0976562 0.00327301
0 0.507686 0.612305 0.122365 0.248047 0.00325966
0 0.539579 0.647461 0.0722476 0.1875 0.00283432
0 0.0335203 0.233337 0.0579282 0.393677 0.00273705
0 0.525585 0.620605 0.123016 0.266602 0.00271416
0 0.0312422 0.552612 0.0624844 0.625244 0.0026722
0 0.251646 0.585815 0.456103 0.681885 0.00264168
0 0.0428766 0.494629 0.0802208 0.394531 0.00257111
0 0.455615 0.544922 0.0663897 0.09375 0.00245285
0 0.0441784 0.574341 0.0789191 0.437256 0.00243378
0 0.336504 0.487427 0.254494 0.300537 0.00232315
0 0.574075 0.661621 0.0885195 0.149414 0.00229645
0 0.0133837 0.592285 0.0267674 0.575195 0.00199509
0 0.365143 0.340576 0.205678 0.336426 0.00195694
0 0.772593 0.510742 0.253843 0.176758 0.00183868
0 0.804486 0.513672 0.182246 0.195312 0.0018177
0 0.145146 0.59082 0.283783 0.488281 0.00173378
0 0.423397 0.572266 0.611175 0.689453 0.00173378
0 0.0371815 0.378906 0.0743629 0.545898 0.0017271
0 0.0750138 0.354248 0.0855906 0.119629 0.00161076
0 0.568543 0.651489 0.635909 0.556396 0.00148392
0 0.244242 0.541016 0.101863 0.195312 0.00145531
0 0.0373035 0.287537 0.074607 0.36438 0.00144386
0 0.227319 0.541016 0.157838 0.322266 0.00142097
0 0.22976 0.496094 0.132128 0.240234 0.00136662
0 0.543484 0.68457 0.0702949 0.115234 0.00135136
0 0.21479 0.579102 0.212187 0.426758 0.00134563
0 0.0402731 0.729492 0.0701322 0.201172 0.0012846
0 0.594252 0.605469 0.199169 0.31543 0.00127888
0 0.804486 0.571777 0.197867 0.287109 0.00126934
0 0.816202 0.543945 0.153607 0.162109 0.00126934
0 0.326823 0.543945 0.524446 0.751953 0.700684
0 0.037751 0.364746 0.0686677 0.294922 0.0350037
0 0.028476 0.620117 0.0491414 0.392578 0.0229797
0 0.368072 0.590332 0.387273 0.612305 0.022934
0 0.0366119 0.460449 0.0667151 0.478516 0.0219879
0 0.0334389 0.326172 0.0605317 0.248047 0.0202942
0 0.0296964 0.736328 0.0507686 0.152344 0.0170441
0 0.033683 0.558105 0.0631353 0.567383 0.0162201
0 0.365469 0.462891 0.339108 0.595703 0.0129242
0 0.0356356 0.282471 0.0634607 0.303223 0.0110703
0 0.0432834 0.334961 0.0839634 0.232422 0.00636292
0 0.0464565 0.57666 0.0886823 0.474609 0.0055542
0 0.0473514 0.237366 0.0914485 0.454956 0.00492477
0 0.138963 0.600586 0.273369 0.547852 0.00471878
0 0.224065 0.573364 0.424048 0.700928 0.00462723
0 0.561709 0.624023 0.110649 0.263672 0.00443268
0 0.50378 0.618164 0.14059 0.261719 0.00392914
0 0.560732 0.652344 0.0930757 0.1875 0.00378036
0 0.459521 0.536133 0.0585791 0.0878906 0.00370789
0 0.38109 0.409302 0.25189 0.466553 0.00331116
0 0.531768 0.621582 0.124969 0.270508 0.00309944
0 0.525585 0.525879 0.738748 0.719727 0.0026722
0 0.541531 0.62793 0.0781055 0.229492 0.00257111
0 0.557478 0.681152 0.069644 0.125977 0.00234222
0 0.576679 0.657715 0.0833125 0.15625 0.0020752
0 0.0909603 0.225586 0.175412 0.451172 0.00201035
0 0.164835 0.543091 0.323812 0.730225 0.0018177
0 0.0440157 0.703125 0.0815226 0.269531 0.00181007
0 0.0352288 0.543945 0.0704576 0.591797 0.00176811
0 0.335121 0.518677 0.263118 0.327881 0.00174141
0 0.0410867 0.63916 0.0787564 0.34668 0.00169373
0 0.358065 0.560547 0.316164 0.394531 0.00157356
0 0.421119 0.5 0.842237 1 0.00157356
0 0.411355 0.525879 0.54804 0.749023 0.00154877
0 0.02034 0.580566 0.0406799 0.517578 0.00153065
0 0.245381 0.492188 0.0904722 0.199219 0.00137806
0 0.576679 0.61377 0.174436 0.317383 0.00136662
0 0.382066 0.30957 0.18485 0.280273 0.00135612
0 0.204376 0.713379 0.0738748 0.100586 0.00133514
0 0.0358797 0.282654 0.0717594 0.338989 0.00132465
0 0.186517 0.801758 0.324707 0.259766 0.00129414
0 0.0354729 0.789062 0.0553247 0.216797 0.0012846
0 0.0371001 0.340881 0.0742002 0.458862 0.00121117
0 0.320232 0.830078 0.314375 0.205078 0.00117397
0 0.0708644 0.356934 0.100398 0.152344 0.00115108
0 0.252216 0.453613 0.0878687 0.157227 0.00114727
0 0.254819 0.856445 0.150353 0.160156 0.0011425
0 0.212512 0.777344 0.112602 0.111328 0.00113392
0 0.633305 0.617188 0.249938 0.310547 0.00110722
0 0.872178 0.532227 0.0572773 0.09375 0.0011034
0 0.306564 0.541992 0.579282 0.771484 0.65332
0 0.0375883 0.382324 0.0676914 0.379883 0.0369873
0 0.0339271 0.338623 0.060369 0.250488 0.026001
0 0.0281505 0.62207 0.0475142 0.380859 0.0249329
0 0.0299404 0.730469 0.0514194 0.15918 0.0222015
0 0.0372628 0.476562 0.0680168 0.589844 0.02211
0 0.563661 0.552734 0.739398 0.765625 0.0204926
0 0.0426326 0.352051 0.080709 0.227539 0.0112
0 0.0329507 0.270264 0.0566265 0.303223 0.011116
0 0.373279 0.512207 0.366445 0.633789 0.0102081
0 0.0445038 0.393555 0.0851024 0.319336 0.00674438
0 0.0414935 0.275818 0.0781055 0.338013 0.00595856
0 0.689769 0.565918 0.513218 0.72168 0.00498199
0 0.0554061 0.22876 0.105931 0.45166 0.00439835
0 0.0442598 0.575684 0.0836379 0.453125 0.00434875
0 0.397606 0.554199 0.523469 0.745117 0.00383949
0 0.230086 0.569214 0.436089 0.705322 0.00340271
0 0.143519 0.585083 0.285736 0.531006 0.00319672
0 0.425349 0.484863 0.850699 0.969727 0.00311089
0 0.564637 0.62207 0.112602 0.257812 0.00299263
0 0.512567 0.615234 0.112602 0.251953 0.0024929
0 0.55943 0.658203 0.0891704 0.169922 0.0024929
0 0.756321 0.499023 0.302008 0.222656 0.00235939
0 0.460497 0.538086 0.0572773 0.0878906 0.00227928
0 0.361807 0.413574 0.276135 0.490234 0.00220871
0 0.10288 0.217285 0.197786 0.43457 0.00217438
0 0.555851 0.687012 0.0663897 0.111328 0.00193405
0 0.697091 0.599731 0.386622 0.517334 0.00176811
0 0.0416563 0.699219 0.0761528 0.269531 0.00168133
0 0.0345373 0.537109 0.0690745 0.59375 0.00167465
0 0.536324 0.620605 0.101537 0.262695 0.0016613
0 0.710923 0.521484 0.351149 0.518555 0.00162315
0 0.575377 0.65625 0.0885195 0.15625 0.00162315
0 0.604016 0.603516 0.218695 0.341797 0.00161076
0 0.539579 0.640137 0.0689932 0.196289 0.00156689
0 0.0199332 0.574219 0.0398663 0.509766 0.00153637
0 0.0393782 0.641602 0.075502 0.333984 0.00151253
0 0.0736307 0.354248 0.09812 0.128418 0.00146675
0 0.804486 0.507812 0.187453 0.203125 0.00141048
0 0.206003 0.801758 0.281831 0.251953 0.00133038
0 0.0337643 0.254333 0.0675287 0.371216 0.00127888
0 0.645021 0.613281 0.28118 0.330078 0.00125504
0 0.602551 0.640625 0.185175 0.34375 0.00124454
0 0.795374 0.618652 0.226506 0.415039 0.00119686
0 0.0384425 0.387695 0.0768851 0.633789 0.00119209
0 0.205352 0.710938 0.0702949 0.0898438 0.0011692
0 0.087828 0.361328 0.166706 0.250977 0.00112915
0 0.358634 0.628052 0.39964 0.667725 0.00111198
0 0.674473 0.584473 0.353753 0.393555 0.00110722
0 0.0356356 0.780762 0.0546738 0.227539 0.00109482
0 0.306239 0.541992 0.579933 0.771484 0.652344
0 0.0375069 0.382935 0.0675287 0.380615 0.0371094
0 0.0339271 0.338623 0.060369 0.250488 0.0261536
0 0.0281505 0.62207 0.0475142 0.379883 0.0249939
0 0.0299404 0.730469 0.0514194 0.160156 0.0222473
0 0.0372628 0.476562 0.0680168 0.589844 0.0221558
0 0.563661 0.552734 0.7407 0.765625 0.0206451
0 0.0425512 0.352051 0.0805463 0.227539 0.0112457
0 0.0328694 0.270264 0.0566265 0.303223 0.0111618
0 0.373279 0.512207 0.366445 0.633789 0.01017
0 0.0445038 0.393677 0.0851024 0.320068 0.00674438
0 0.0414935 0.275635 0.0781055 0.338379 0.00598145
0 0.689281 0.565918 0.515496 0.72168 0.00502014
0 0.0554061 0.22876 0.105931 0.45166 0.00441742
0 0.0442598 0.57605 0.0836379 0.453369 0.00436401
0 0.397606 0.554199 0.523469 0.745117 0.00385475
0 0.229923 0.569214 0.435763 0.705322 0.00340271
0 0.143519 0.584961 0.285736 0.530273 0.00321007
0 0.425675 0.485352 0.85135 0.970703 0.00312424
0 0.564637 0.622559 0.112602 0.257812 0.00298119
0 0.512893 0.615234 0.111951 0.251953 0.0024929
0 0.55943 0.658203 0.0891704 0.169922 0.0024929
0 0.756972 0.499023 0.300706 0.222656 0.00235939
0 0.460497 0.538086 0.0572773 0.0878906 0.00228691
0 0.361563 0.413574 0.276624 0.489258 0.00221634
0 0.10288 0.217285 0.197786 0.43457 0.00218201
0 0.555851 0.687012 0.0663897 0.111328 0.00192642
0 0.696603 0.600098 0.387598 0.516602 0.00177479
0 0.0416563 0.699219 0.0761528 0.269531 0.00168705
0 0.0344966 0.537109 0.0689932 0.59375 0.00167465
0 0.536324 0.620605 0.101537 0.262695 0.0016613
0 0.711411 0.521973 0.350173 0.517578 0.00162315
0 0.575377 0.65625 0.0885195 0.15625 0.00161648
0 0.604667 0.603516 0.218695 0.341797 0.00160408
0 0.539579 0.640625 0.0683423 0.195312 0.00156689
0 0.0199332 0.574219 0.0398663 0.509766 0.00154305
0 0.0394595 0.641602 0.075502 0.333984 0.00151253
0 0.0735493 0.354248 0.0982827 0.128418 0.00147247
0 0.804486 0.507812 0.187453 0.203125 0.00141048
0 0.205678 0.801758 0.282481 0.251953 0.00133038
0 0.0337237 0.254333 0.0674473 0.371216 0.0012846
0 0.645672 0.61377 0.282481 0.331055 0.0012598
0 0.602551 0.640625 0.185175 0.34375 0.00124454
0 0.0384019 0.387695 0.0768037 0.633789 0.00119686
0 0.795374 0.618652 0.227808 0.415039 0.00119686
0 0.205352 0.710938 0.0702949 0.0898438 0.00117874
0 0.0877059 0.361328 0.166625 0.250977 0.00113392
0 0.358634 0.628052 0.39964 0.667725 0.00112438
0 0.674473 0.584961 0.353753 0.392578 0.00110722
0 0.347651 0.503052 0.286224 0.4021 0.00109482
