0 0.376208 0.525879 0.339759 0.446289 0.582031
0 0.115043 0.682617 0.229435 0.597656 0.509766
0 0.610524 0.527344 0.386622 0.586914 0.438721
0 0.670405 0.608887 0.242127 0.592773 0.425293
0 0.162557 0.619141 0.306889 0.6875 0.313965
0 0.909929 0.147217 0.164021 0.23584 0.166626
0 0.280203 0.498535 0.560407 0.856445 0.147583
0 0.62761 0.583496 0.319907 0.576172 0.144409
0 0.906024 0.19043 0.18485 0.330078 0.128906
0 0.279878 0.657715 0.559756 0.643555 0.126343
0 0.513218 0.578613 0.561709 0.598633 0.10968
0 0.103978 0.153564 0.198193 0.299316 0.104126
0 0.381741 0.456543 0.259701 0.305664 0.0713501
0 0.619637 0.719727 0.335854 0.388672 0.0564575
0 0.119396 0.759766 0.212268 0.457031 0.0486755
0 0.633305 0.441895 0.367096 0.472656 0.037262
0 0.68863 0.510254 0.201772 0.561523 0.0300446
0 0.110609 0.223145 0.209013 0.446289 0.0281067
0 0.15914 0.501953 0.31828 0.947266 0.0280151
0 0.562359 0.540039 0.25905 0.529297 0.0239563
0 0.147912 0.51709 0.282807 0.49707 0.0207214
0 0.667965 0.73877 0.244405 0.405273 0.0201721
0 0.207468 0.452026 0.410379 0.765869 0.016922
0 0.687979 0.471191 0.549342 0.862305 0.0139542
0 0.131478 0.293213 0.248636 0.491699 0.0130234
0 0.113253 0.869141 0.223902 0.251953 0.0129242
0 0.344884 0.577148 0.337318 0.353516 0.0124817
0 0.197379 0.550781 0.323812 0.46875 0.00967407
0 0.508011 0.616699 0.130827 0.341797 0.00926971
0 0.173134 0.87793 0.0898213 0.207031 0.00912476
0 0.633956 0.845703 0.173134 0.185547 0.0086441
0 0.142909 0.813477 0.164591 0.355469 0.00861359
0 0.3889 0.498535 0.756972 0.99707 0.00854492
0 0.5 0.5 1 1 0.00790405
0 0.285899 0.5 0.571797 1 0.00772476
0 0.299404 0.5 0.598809 1 0.00772476
0 0.147261 0.404785 0.256772 0.271484 0.00748825
0 0.536975 0.570801 0.208281 0.448242 0.00717545
0 0.5 0.5 1 1 0.00709534
0 0.5 0.5 1 1 0.00701141
0 0.594377 0.5 0.811245 1 0.00682449
0 0.897687 0.490234 0.204626 0.867188 0.00638962
0 0.5 0.498047 1 0.996094 0.00638962
0 0.391178 0.417847 0.132128 0.19165 0.00600433
0 0.347569 0.5 0.695139 1 0.00577545
0 0.495319 0.5 0.990638 1 0.00570679
0 0.685501 0.5 0.628999 1 0.00568771
0 0.376208 0.423828 0.183548 0.22168 0.00547028
0 0.316327 0.5 0.632654 1 0.00526047
0 0.538402 0.5 0.923196 1 0.00518036
0 0.908627 0.114502 0.153607 0.211914 0.757812
0 0.899515 0.122681 0.119762 0.187744 0.348633
0 0.49597 0.592773 0.0898213 0.103516 0.284668
0 0.662432 0.73291 0.237245 0.454102 0.218628
0 0.158652 0.852539 0.116833 0.207031 0.181885
0 0.371977 0.42981 0.141892 0.218506 0.160767
0 0.731588 0.603027 0.111951 0.204102 0.142212
0 0.106419 0.782227 0.212837 0.394531 0.133911
0 0.349441 0.497925 0.200633 0.386963 0.125977
0 0.0932384 0.143494 0.186477 0.237427 0.112427
0 0.193962 0.412109 0.121714 0.209961 0.108948
0 0.371326 0.522461 0.313073 0.373047 0.106689
0 0.764132 0.402832 0.075502 0.0820312 0.104492
0 0.102798 0.365723 0.0983641 0.198242 0.100891
0 0.673172 0.665039 0.228784 0.37207 0.088501
0 0.105768 0.249268 0.211536 0.422363 0.0853882
0 0.205678 0.445801 0.106744 0.139648 0.085083
0 0.321534 0.554688 0.124318 0.302734 0.0745239
0 0.0994218 0.195801 0.198844 0.307129 0.0710449
0 0.489461 0.567383 0.0898213 0.143555 0.0705566
0 0.151329 0.352783 0.208932 0.364746 0.0678101
0 0.417864 0.495972 0.236269 0.390869 0.0524292
0 0.497272 0.662598 0.0976318 0.227539 0.0499573
0 0.157553 0.39209 0.195182 0.264648 0.0497742
0 0.258724 0.620605 0.173785 0.232422 0.0481262
0 0.312422 0.591797 0.102839 0.220703 0.0470886
0 0.109836 0.154297 0.171507 0.201172 0.0469055
0 0.0693186 0.783203 0.138637 0.365234 0.0458679
0 0.404847 0.447266 0.178341 0.257812 0.0455322
0 0.507686 0.65918 0.143844 0.253906 0.0451965
0 0.231062 0.663086 0.100235 0.175781 0.0409851
0 0.235293 0.632812 0.143844 0.234375 0.0402527
0 0.222763 0.558716 0.168903 0.411865 0.0380249
0 0.163696 0.199463 0.0794072 0.100586 0.0367737
0 0.272149 0.588867 0.141729 0.314453 0.0367126
0 0.244405 0.642578 0.121714 0.191406 0.036438
0 0.0344152 0.85498 0.0645997 0.116211 0.0363464
0 0.0414122 0.150635 0.0828243 0.161133 0.0346069
0 0.162394 0.411621 0.167276 0.210938 0.032959
0 0.900616 0.127197 0.198768 0.254395 0.0318604
0 0.611989 0.851562 0.111626 0.220703 0.0293732
0 0.106419 0.441284 0.0676914 0.136963 0.0291443
0 0.200796 0.490234 0.134732 0.271484 0.0280609
0 0.208769 0.637207 0.105768 0.237305 0.0278473
0 0.324789 0.589844 0.143193 0.232422 0.0266113
0 0.378161 0.407715 0.141892 0.163086 0.0253754
0 0.646323 0.664551 0.299404 0.633789 0.0228882
0 0.1041 0.414185 0.0925062 0.20874 0.0227203
0 0.194938 0.692383 0.104141 0.214844 0.0226746
0 0.446828 0.560547 0.188755 0.237305 0.0221558
0 0.380764 0.522583 0.300706 0.406006 0.949707
0 0.665198 0.714355 0.26686 0.485352 0.92334
0 0.915136 0.118896 0.1484 0.186035 0.844238
0 0.898213 0.169922 0.197867 0.335938 0.675781
0 0.557152 0.541504 0.272067 0.489258 0.675781
0 0.12147 0.755859 0.242941 0.369141 0.597168
0 0.146448 0.556152 0.292896 0.486328 0.432129
0 0.564963 0.479492 0.256446 0.350586 0.360352
0 0.132291 0.297424 0.25547 0.45105 0.272705
0 0.105117 0.240234 0.196565 0.324219 0.213379
0 0.719872 0.625 0.169229 0.261719 0.204956
0 0.142909 0.789551 0.138556 0.317383 0.167725
0 0.413308 0.555664 0.222601 0.369141 0.166626
0 0.913634 0.12793 0.172733 0.228516 0.160278
0 0.111463 0.193115 0.19266 0.213379 0.14563
0 0.687165 0.665039 0.297126 0.595703 0.132935
0 0.142868 0.407227 0.25189 0.239258 0.129395
0 0.546738 0.598633 0.249938 0.365234 0.0960083
0 0.130827 0.63916 0.259701 0.467773 0.0913696
0 0.53307 0.643555 0.200471 0.274414 0.0859985
0 0.168415 0.431641 0.19624 0.208984 0.0853882
0 0.605968 0.643066 0.443899 0.657227 0.0704346
0 0.167276 0.881836 0.0950283 0.15625 0.0690308
0 0.297452 0.868164 0.0533721 0.0664062 0.0685425
0 0.14596 0.622559 0.288014 0.686523 0.0638428
0 0.141729 0.855469 0.150028 0.207031 0.0637207
0 0.728984 0.594727 0.143193 0.199219 0.062561
0 0.490763 0.646973 0.1484 0.25 0.0596619
0 0.190382 0.449707 0.143844 0.173828 0.0577087
0 0.605968 0.523438 0.17053 0.224609 0.0574951
0 0.43674 0.618164 0.182246 0.291016 0.0570679
0 0.195915 0.561523 0.178341 0.393555 0.0552063
0 0.49955 0.538574 0.529165 0.419922 0.0491333
0 0.378161 0.433594 0.191358 0.201172 0.0389709
0 0.331297 0.539917 0.195264 0.332275 0.035675
0 0.633956 0.577148 0.0963301 0.101562 0.035614
0 0.818806 0.2146 0.0416563 0.0507812 0.0330811
0 0.752416 0.591797 0.100235 0.166016 0.03125
0 0.206979 0.550781 0.242778 0.419922 0.0244751
0 0.37393 0.597656 0.439343 0.536133 0.0243835
0 0.705553 0.563477 0.203074 0.255859 0.0230255
0 0.157553 0.477051 0.293465 0.581055 0.0204926
0 0.101863 0.141846 0.193962 0.231934 0.0196075
0 0.367665 0.486328 0.261816 0.304688 0.0175781
0 0.489461 0.631348 0.231713 0.260742 0.0175171
0 0.0359611 0.826172 0.0641116 0.136719 0.0171814
0 0.283132 0.883057 0.0559756 0.0737305 0.0165253
0 0.313642 0.63855 0.608084 0.648682 0.0155411
0 0.319907 0.521484 0.277925 0.318359 0.0147324
0 0.652832 0.438965 0.324138 0.421875 0.0147324
0 0.674311 0.749023 0.222601 0.501953 0.566895
0 0.410705 0.506958 0.298103 0.409912 0.479492
0 0.171181 0.484375 0.342362 0.96875 0.387695
0 0.901467 0.112183 0.160116 0.202393 0.329346
0 0.140915 0.685059 0.281831 0.551758 0.231567
0 0.226994 0.51709 0.453988 0.926758 0.196777
0 0.441215 0.562988 0.567729 0.498047 0.165039
0 0.135668 0.316406 0.270196 0.478516 0.134766
0 0.711411 0.687012 0.167927 0.385742 0.10968
0 0.708807 0.608398 0.166625 0.239258 0.0984497
0 0.727683 0.602539 0.128874 0.210938 0.0946655
0 0.142868 0.411621 0.285736 0.758789 0.0917358
0 0.462205 0.631836 0.632492 0.666016 0.0880127
0 0.173459 0.630859 0.310469 0.515625 0.0836182
0 0.239198 0.577148 0.284434 0.408203 0.0778198
0 0.906024 0.155884 0.182246 0.311768 0.0723877
0 0.126108 0.785156 0.252216 0.382812 0.0713501
0 0.669754 0.660156 0.279878 0.667969 0.0703125
0 0.307866 0.595581 0.615731 0.765869 0.0654907
0 0.341386 0.558105 0.548691 0.511719 0.0621033
0 0.675612 0.288086 0.0781055 0.0908203 0.0577087
0 0.220323 0.616699 0.440645 0.655273 0.0494995
0 0.583188 0.549805 0.270766 0.453125 0.0483093
0 0.158489 0.386719 0.316978 0.773438 0.0469971
0 0.727683 0.724609 0.122365 0.484375 0.0438538
0 0.283458 0.445435 0.566916 0.782959 0.0438538
0 0.640302 0.60437 0.372628 0.713135 0.0397034
0 0.37035 0.512207 0.203074 0.373047 0.0370483
0 0.182246 0.408081 0.343664 0.707275 0.0353394
0 0.155235 0.851562 0.135383 0.232422 0.0327759
0 0.0250588 0.958984 0.0501177 0.0800781 0.0317993
0 0.514194 0.621094 0.109999 0.212891 0.0310211
0 0.136522 0.824707 0.170856 0.305664 0.0302734
0 0.713363 0.654785 0.395734 0.672852 0.0290375
0 0.909929 0.16803 0.156211 0.2323 0.0258026
0 0.134407 0.312256 0.268813 0.624512 0.0255585
0 0.677565 0.623047 0.21479 0.25 0.0223694
0 0.636722 0.542847 0.312096 0.431885 0.0220795
0 0.818155 0.216309 0.0403545 0.0566406 0.0207672
0 0.101863 0.824707 0.203725 0.338867 0.0201416
0 0.493366 0.67041 0.117158 0.231445 0.0177765
0 0.602877 0.733398 0.0986082 0.185547 0.0177155
0 0.0305913 0.90918 0.0611826 0.152344 0.0175171
0 0.547389 0.65918 0.225204 0.261719 0.0166626
0 0.65934 0.805664 0.221299 0.373047 0.0166626
0 0.323812 0.467773 0.633305 0.935547 0.016098
0 0.167927 0.673828 0.335854 0.628906 0.0150757
0 0.606619 0.665039 0.0950283 0.171875 0.0150146
0 0.727683 0.549805 0.135383 0.361328 0.0137405
0 0.61443 0.879883 0.121063 0.234375 0.0136337
0 0.906024 0.113037 0.164021 0.195801 0.679199
0 0.370676 0.503418 0.241476 0.374023 0.612305
0 0.660642 0.712402 0.272067 0.442383 0.565918
0 0.656086 0.623169 0.300706 0.691162 0.413086
0 0.130827 0.516113 0.254494 0.928711 0.410156
0 0.900816 0.18335 0.19266 0.356445 0.26123
0 0.128549 0.584961 0.257097 0.773438 0.246582
0 0.130542 0.310547 0.240744 0.415039 0.217285
0 0.130135 0.769043 0.250019 0.418945 0.212036
0 0.623542 0.539551 0.387924 0.577148 0.189575
0 0.5552 0.519653 0.256446 0.42749 0.172729
0 0.470585 0.526855 0.437391 0.499023 0.166626
0 0.139776 0.370117 0.228133 0.296875 0.133911
0 0.139776 0.596802 0.2776 0.550537 0.131226
0 0.538928 0.532227 0.533721 0.556641 0.119385
0 0.172646 0.420776 0.161743 0.193604 0.0778198
0 0.131478 0.415527 0.243429 0.301758 0.0734253
0 0.130501 0.5 0.261002 1 0.071228
0 0.0987709 0.230225 0.186802 0.29834 0.0568542
0 0.866971 0.26416 0.260352 0.52832 0.0544128
0 0.186314 0.440552 0.136359 0.165771 0.0531921
0 0.534046 0.551636 0.202423 0.451416 0.0512695
0 0.709908 0.47937 0.580183 0.740479 0.0509033
0 0.715967 0.636719 0.154909 0.287109 0.0484924
0 0.386948 0.550781 0.513543 0.498047 0.0483093
0 0.700997 0.595215 0.404847 0.78418 0.0444336
0 0.691033 0.5 0.617934 1 0.041687
0 0.742002 0.296875 0.514194 0.59375 0.041626
0 0.818806 0.210205 0.0468633 0.0654297 0.0410767
0 0.886497 0.143066 0.19266 0.22168 0.0389709
0 0.170205 0.486816 0.34041 0.842773 0.0386047
0 0.311771 0.601562 0.605317 0.689453 0.0369873
0 0.900166 0.271057 0.199169 0.38855 0.0368958
0 0.089984 0.62207 0.179968 0.542969 0.0353394
0 0.148889 0.570435 0.248961 0.421631 0.0347595
0 0.383042 0.567871 0.31112 0.388672 0.0316772
0 0.0826616 0.578003 0.165323 0.426025 0.028656
0 0.368397 0.431641 0.208281 0.270508 0.028595
0 0.101212 0.19281 0.185826 0.210083 0.0258636
0 0.112561 0.813477 0.199901 0.335938 0.025177
0 0.183873 0.571411 0.175737 0.394287 0.0247955
0 0.100398 0.38855 0.185826 0.256104 0.0246124
0 0.71837 0.376953 0.56326 0.753906 0.023468
0 0.0989336 0.433594 0.190708 0.217773 0.0221558
0 0.205678 0.602539 0.142542 0.335938 0.0205688
0 0.736795 0.609375 0.119762 0.228516 0.0189819
0 0.525259 0.637695 0.173134 0.268555 0.0189362
0 0.656249 0.530762 0.280854 0.446289 0.0177155
0 0.667639 0.614258 0.25547 0.310547 0.0175781
0 0.341061 0.522339 0.173134 0.330322 0.0175171
0 0.122853 0.795898 0.245707 0.365234 0.539062
0 0.904722 0.133362 0.179643 0.236206 0.46875
0 0.135383 0.324951 0.270766 0.435059 0.455078
0 0.372221 0.534302 0.273532 0.447021 0.452393
0 0.573424 0.5625 0.242127 0.431641 0.320801
0 0.731062 0.469727 0.537876 0.939453 0.276611
0 0.667639 0.710938 0.250263 0.435547 0.244385
0 0.858634 0.291016 0.282731 0.582031 0.164551
0 0.393782 0.619629 0.39964 0.592773 0.156616
0 0.898213 0.177734 0.190057 0.34375 0.153564
0 0.130989 0.716309 0.261979 0.508789 0.141235
0 0.669266 0.722656 0.317303 0.494141 0.128906
0 0.746558 0.600098 0.505082 0.713867 0.127441
0 0.361238 0.485229 0.199169 0.345947 0.113953
0 0.101374 0.264221 0.202749 0.35437 0.106323
0 0.679518 0.602417 0.338457 0.705322 0.106323
0 0.571472 0.523438 0.222601 0.299805 0.0830078
0 0.817504 0.22998 0.0390527 0.0556641 0.0605164
0 0.31828 0.62793 0.567566 0.628906 0.0579224
0 0.145634 0.537109 0.291268 0.875 0.0575867
0 0.401023 0.600586 0.317466 0.396484 0.0520325
0 0.200145 0.448364 0.115856 0.154053 0.0507202
0 0.468958 0.567261 0.564312 0.527588 0.0498657
0 0.140956 0.616211 0.277844 0.609375 0.0483093
0 0.147261 0.381958 0.294523 0.595459 0.0439453
0 0.823487 0.422852 0.353026 0.84375 0.0413818
0 0.0989336 0.218811 0.197867 0.252808 0.0382385
0 0.637699 0.500977 0.317954 0.517578 0.0379639
0 0.253843 0.588379 0.220648 0.400391 0.035614
0 0.22195 0.532104 0.443899 0.865479 0.0352173
0 0.700346 0.664062 0.182246 0.324219 0.0305023
0 0.568217 0.622559 0.553247 0.68457 0.0301514
0 0.691233 0.481934 0.510289 0.619141 0.0293732
0 0.609223 0.57959 0.131478 0.145508 0.0285492
0 0.534372 0.646484 0.187453 0.313477 0.0257568
0 0.731588 0.563965 0.0911231 0.116211 0.0236969
0 0.110324 0.847656 0.220648 0.271484 0.0236053
0 0.210885 0.595215 0.152957 0.37207 0.0235596
0 0.094052 0.186523 0.188104 0.178223 0.0223694
0 0.706855 0.450073 0.387924 0.513916 0.0220337
0 0.788502 0.253418 0.422996 0.506836 0.0218658
0 0.421119 0.697754 0.425675 0.549805 0.021698
0 0.673009 0.539917 0.23692 0.465088 0.0214844
0 0.712712 0.626953 0.157513 0.216797 0.0203705
0 0.11667 0.248535 0.183873 0.270508 0.0200653
0 0.232689 0.654297 0.124318 0.257812 0.0193481
0 0.187453 0.379395 0.188104 0.334961 0.0185089
0 0.670405 0.80957 0.23692 0.365234 0.0177155
0 0.825315 0.285217 0.343664 0.465698 0.016983
0 0.68863 0.502441 0.317629 0.433594 0.0158386
0 0.907325 0.123291 0.151004 0.192871 0.438721
0 0.670568 0.706055 0.241802 0.429688 0.404541
0 0.654947 0.649536 0.322511 0.609131 0.178955
0 0.116345 0.796875 0.219021 0.361328 0.169922
0 0.36197 0.536621 0.278413 0.404297 0.161865
0 0.754656 0.61084 0.490687 0.708008 0.121704
0 0.575377 0.574219 0.246032 0.433594 0.113953
0 0.367177 0.601562 0.525747 0.552734 0.108765
0 0.415912 0.552246 0.469935 0.446289 0.0993042
0 0.57017 0.596191 0.533721 0.575195 0.0987549
0 0.393131 0.578613 0.326741 0.383789 0.0803833
0 0.124318 0.852539 0.19266 0.236328 0.0800781
0 0.189731 0.681641 0.372954 0.597656 0.0789185
0 0.640465 0.574097 0.413959 0.57251 0.0740967
0 0.331623 0.583008 0.268813 0.289062 0.0680542
0 0.292814 0.64209 0.570333 0.657227 0.0674438
0 0.503862 0.639526 0.65332 0.613525 0.0661011
0 0.516472 0.661133 0.151655 0.267578 0.0607605
0 0.575052 0.581543 0.223251 0.313477 0.0598755
0 0.331867 0.597656 0.182409 0.259766 0.0568542
0 0.756772 0.491211 0.486457 0.982422 0.0480347
0 0.286305 0.611328 0.231876 0.304688 0.0423889
0 0.153933 0.867188 0.124969 0.207031 0.0350647
0 0.294848 0.529297 0.560407 0.597656 0.0349426
0 0.908627 0.13623 0.179643 0.233398 0.0310822
0 0.286061 0.607422 0.173785 0.232422 0.0305023
0 0.384669 0.506836 0.21479 0.391602 0.0301056
0 0.239523 0.51123 0.465378 0.727539 0.0280609
0 0.60011 0.542969 0.165323 0.228516 0.0256653
0 0.421119 0.638672 0.30331 0.306641 0.0256195
0 0.580909 0.527222 0.214139 0.343994 0.0243378
0 0.691233 0.65918 0.206979 0.314453 0.0239563
0 0.493366 0.644531 0.104141 0.230469 0.0229797
0 0.709458 0.632324 0.166625 0.249023 0.0227661
0 0.270115 0.652344 0.191358 0.244141 0.0205231
0 0.223577 0.658203 0.112602 0.227539 0.0204163
0 0.380764 0.450317 0.153607 0.249756 0.0203705
0 0.135546 0.751465 0.259375 0.40332 0.0202179
0 0.63656 0.573242 0.0911231 0.0957031 0.0188751
0 0.19624 0.751953 0.110649 0.304688 0.0187683
0 0.108087 0.746094 0.204946 0.300781 0.0186157
0 0.266535 0.584961 0.259701 0.378906 0.0185089
0 0.143844 0.644653 0.277925 0.546631 0.018158
0 0.206654 0.652344 0.100886 0.232422 0.0177155
0 0.590347 0.675293 0.0663897 0.146484 0.0171814
0 0.118826 0.345215 0.22317 0.288086 0.0152512
0 0.727683 0.594238 0.127572 0.192383 0.0142822
0 0.211861 0.463867 0.100235 0.126953 0.0139008
0 0.126759 0.38855 0.23692 0.261963 0.0134277
0 0.477094 0.578613 0.0885195 0.195312 0.0132217
0 0.912532 0.117676 0.145797 0.211914 0.842285
0 0.648926 0.629883 0.292896 0.632812 0.714844
0 0.359611 0.497925 0.230411 0.406494 0.556641
0 0.122691 0.770996 0.237571 0.391602 0.408203
0 0.664059 0.705566 0.247009 0.454102 0.364746
0 0.557803 0.560669 0.23692 0.441162 0.356689
0 0.620776 0.547852 0.338782 0.554688 0.355713
0 0.542833 0.600586 0.195264 0.388672 0.202393
0 0.13343 0.300842 0.253843 0.471558 0.182983
0 0.343339 0.528198 0.37035 0.445557 0.17334
0 0.909929 0.161377 0.166625 0.319824 0.16394
0 0.121877 0.696289 0.243754 0.572266 0.150513
0 0.192335 0.434082 0.119762 0.15918 0.108215
0 0.53307 0.647461 0.160116 0.294922 0.105225
0 0.568217 0.574219 0.39964 0.564453 0.102844
0 0.151167 0.413086 0.205352 0.223633 0.0772095
0 0.846919 0.185547 0.306163 0.35791 0.071228
0 0.135383 0.619995 0.261653 0.545166 0.0637207
0 0.240825 0.633301 0.145146 0.239258 0.0618896
0 0.312991 0.548828 0.278739 0.332031 0.0594177
0 0.167317 0.430542 0.169798 0.19165 0.0572815
0 0.419247 0.53125 0.514032 0.481445 0.0527039
0 0.248961 0.566895 0.233666 0.366211 0.0492249
0 0.126271 0.592285 0.252541 0.790039 0.0446777
0 0.129037 0.372559 0.243103 0.324219 0.041626
0 0.132454 0.642578 0.248636 0.363281 0.0399475
0 0.896911 0.192871 0.203074 0.340332 0.0386963
0 0.263036 0.542969 0.369537 0.399414 0.0379639
0 0.206329 0.644531 0.0989336 0.216797 0.0348816
0 0.378486 0.394043 0.151655 0.186523 0.0321655
0 0.106459 0.232483 0.196484 0.32312 0.0308533
0 0.374906 0.488403 0.208281 0.251709 0.0289764
0 0.257097 0.598633 0.188104 0.289062 0.0274353
0 0.0982827 0.708008 0.180619 0.400391 0.0257568
0 0.173622 0.560059 0.206003 0.388672 0.0256653
0 0.821409 0.227051 0.0442598 0.0517578 0.0220795
0 0.213163 0.52832 0.423722 0.503906 0.0189819
0 0.511916 0.629883 0.128223 0.244141 0.0188751
0 0.728334 0.603516 0.524608 0.724609 0.018158
0 0.768688 0.189453 0.454313 0.378906 0.0179138
0 0.224391 0.424927 0.437716 0.6521 0.0170441
0 0.0327067 0.857422 0.0533721 0.0976562 0.0146713
0 0.36254 0.429199 0.178341 0.272461 0.0142822
0 0.499143 0.602661 0.595066 0.673584 0.0140076
0 0.0634607 0.430176 0.108046 0.192383 0.0132751
0 0.191033 0.337891 0.359936 0.479492 0.0126724
0 0.12985 0.529175 0.259701 0.927979 0.0126724
0 0.562034 0.519531 0.261002 0.327148 0.0124817
0 0.652181 0.477661 0.390527 0.509521 0.0124283
0 0.717431 0.454224 0.509964 0.511475 0.0124283
0 0.910705 0.120483 0.178591 0.22583 0.797363
0 0.659829 0.720703 0.273695 0.460938 0.698242
0 0.364818 0.503418 0.238873 0.413086 0.538086
0 0.564312 0.557617 0.257748 0.445312 0.371094
0 0.178341 0.64209 0.356682 0.700195 0.294922
0 0.170205 0.498169 0.34041 0.960693 0.279053
0 0.656086 0.634277 0.28899 0.633789 0.279053
0 0.123504 0.765625 0.245056 0.408203 0.265869
0 0.117646 0.653442 0.224228 0.642334 0.217285
0 0.526561 0.649414 0.201772 0.296875 0.19873
0 0.515171 0.666504 0.164672 0.237305 0.187744
0 0.238222 0.564941 0.239523 0.375977 0.161865
0 0.137173 0.605469 0.274345 0.512695 0.146118
0 0.426977 0.53125 0.390527 0.443359 0.0994873
0 0.210559 0.477539 0.126921 0.171875 0.0930176
0 0.607921 0.614258 0.416563 0.646484 0.0928345
0 0.824664 0.220459 0.0507686 0.0581055 0.0913696
0 0.187453 0.56543 0.208281 0.386719 0.0913696
0 0.207956 0.456055 0.1113 0.146484 0.0803833
0 0.122691 0.302307 0.234316 0.44812 0.0772095
0 0.263931 0.601562 0.203074 0.273438 0.0769653
0 0.158652 0.878906 0.101212 0.177734 0.0675659
0 0.269789 0.625977 0.179643 0.214844 0.0653687
0 0.225041 0.539917 0.445527 0.877197 0.0647583
0 0.570495 0.498169 0.237571 0.3396 0.0609741
0 0.19803 0.484375 0.146773 0.210938 0.0605164
0 0.108534 0.823242 0.212837 0.310547 0.0538025
0 0.21837 0.655273 0.105442 0.21875 0.053009
0 0.345617 0.548828 0.235618 0.351562 0.0520325
0 0.449106 0.627441 0.218695 0.324219 0.0503235
0 0.141729 0.870117 0.142868 0.203125 0.0481262
0 0.524934 0.572144 0.494017 0.54126 0.0449219
0 0.334552 0.618164 0.174436 0.236328 0.0400085
0 0.141403 0.527344 0.260026 0.40918 0.039856
0 0.212349 0.691895 0.0732239 0.174805 0.0381775
0 0.694488 0.689453 0.196565 0.392578 0.0381165
0 0.183548 0.645508 0.149051 0.294922 0.0380249
0 0.382717 0.411621 0.164021 0.214844 0.0347595
0 0.271091 0.655273 0.19982 0.245117 0.0343628
0 0.147587 0.385742 0.234642 0.347656 0.033905
0 0.104792 0.232666 0.206979 0.316895 0.0332031
0 0.493366 0.656738 0.216092 0.272461 0.0332031
0 0.245056 0.544922 0.17769 0.310547 0.0308533
0 0.366445 0.620117 0.231713 0.271484 0.0302124
0 0.122772 0.651855 0.245544 0.639648 0.0294189
0 0.29737 0.608887 0.132942 0.222656 0.0288696
0 0.307296 0.577637 0.563498 0.537109 0.0281677
0 0.137702 0.446289 0.256365 0.324219 0.0271759
0 0.0320558 0.87207 0.05923 0.128906 0.0248413
0 0.660642 0.802246 0.261653 0.37793 0.0247498
0 0.909929 0.118652 0.158814 0.220703 0.835938
0 0.659829 0.697754 0.250263 0.46582 0.610352
0 0.112602 0.758789 0.221299 0.427734 0.311523
0 0.387192 0.501099 0.278739 0.378662 0.279053
0 0.10951 0.668457 0.219021 0.581055 0.256104
0 0.132128 0.317383 0.253843 0.410156 0.206909
0 0.267593 0.594727 0.222438 0.333984 0.204956
0 0.578631 0.501953 0.248636 0.375977 0.185913
0 0.563661 0.604492 0.229109 0.386719 0.179565
0 0.657388 0.62207 0.275973 0.615234 0.164551
0 0.526887 0.668945 0.160767 0.25 0.161865
0 0.132942 0.609375 0.26263 0.496094 0.160767
0 0.365469 0.540039 0.22195 0.320312 0.147095
0 0.68863 0.685059 0.200471 0.385742 0.134766
0 0.228133 0.621094 0.158164 0.28125 0.134277
0 0.381415 0.404419 0.154909 0.195068 0.130737
0 0.726381 0.59082 0.122365 0.203125 0.122131
0 0.233015 0.65332 0.124318 0.21875 0.114746
0 0.135057 0.385742 0.240825 0.275391 0.112427
0 0.76283 0.41394 0.0676914 0.092041 0.103394
0 0.36319 0.48877 0.204376 0.370117 0.0980835
0 0.252622 0.635742 0.15735 0.214844 0.0897827
0 0.213488 0.565918 0.30396 0.37793 0.0859985
0 0.222763 0.672852 0.0881941 0.210938 0.083313
0 0.143804 0.428589 0.22138 0.187744 0.0812378
0 0.573099 0.580566 0.231062 0.25293 0.0797729
0 0.194938 0.450195 0.115856 0.140625 0.0713501
0 0.210234 0.457031 0.100235 0.126953 0.0708008
0 0.635909 0.584961 0.354078 0.638672 0.0705566
0 0.594903 0.515137 0.188755 0.269531 0.0698242
0 0.419817 0.588867 0.302008 0.335938 0.0653687
0 0.127735 0.677734 0.230737 0.371094 0.0628052
0 0.10768 0.233643 0.201203 0.32959 0.0607605
0 0.0302659 0.86084 0.0556501 0.12793 0.0548096
0 0.0905128 0.583862 0.176958 0.453369 0.0453491
0 0.124806 0.549316 0.249612 0.817383 0.0433655
0 0.499875 0.617676 0.102188 0.158203 0.0417786
0 0.311201 0.595703 0.123504 0.207031 0.0406799
0 0.680819 0.282715 0.0911231 0.0917969 0.0397949
0 0.376859 0.59668 0.251239 0.275391 0.036499
0 0.0322185 0.46582 0.0615081 0.129883 0.035675
0 0.113619 0.816406 0.209502 0.308594 0.0344849
0 0.289722 0.620117 0.214627 0.246094 0.0335999
0 0.107395 0.207458 0.193311 0.221802 0.0318604
0 0.260677 0.547852 0.28118 0.347656 0.0310211
0 0.580584 0.587036 0.408752 0.579834 0.0294189
0 0.069644 0.541016 0.137335 0.313477 0.028595
0 0.435438 0.625488 0.361889 0.334961 0.0259552
0 0.575377 0.65625 0.171832 0.269531 0.0256653
0 0.35538 0.409302 0.205678 0.261475 0.0253754
0 0.906024 0.119385 0.161418 0.217285 0.867676
0 0.663246 0.699219 0.260352 0.417969 0.417725
0 0.369048 0.501099 0.242778 0.382568 0.328613
0 0.555525 0.591309 0.247985 0.387695 0.321777
0 0.532419 0.645508 0.19266 0.279297 0.30249
0 0.904071 0.145752 0.186151 0.291504 0.244385
0 0.12741 0.310059 0.254819 0.414062 0.231567
0 0.178015 0.541504 0.356031 0.850586 0.19873
0 0.111788 0.783203 0.212512 0.373047 0.168335
0 0.574401 0.533325 0.253192 0.413818 0.167725
0 0.388575 0.494141 0.201772 0.31543 0.15564
0 0.6665 0.620117 0.348871 0.666016 0.145874
0 0.331623 0.527832 0.159465 0.319336 0.121277
0 0.547389 0.611328 0.217394 0.30957 0.119995
0 0.379788 0.454956 0.178992 0.302979 0.113159
0 0.580584 0.506958 0.212187 0.337646 0.11084
0 0.402975 0.545044 0.348708 0.470459 0.10144
0 0.727032 0.60498 0.134081 0.216797 0.0960083
0 0.157187 0.855957 0.123016 0.206055 0.0923462
0 0.125945 0.703125 0.25189 0.550781 0.0762939
0 0.319582 0.560547 0.136685 0.25 0.0750122
0 0.229109 0.578125 0.189406 0.357422 0.0705566
0 0.147383 0.612427 0.290373 0.499756 0.0678101
0 0.185663 0.571289 0.213163 0.386719 0.0646362
0 0.685376 0.60498 0.498573 0.682617 0.0618896
0 0.388249 0.394653 0.136685 0.167725 0.0594177
0 0.287688 0.601074 0.147099 0.238281 0.0544128
0 0.294767 0.569824 0.12383 0.255859 0.0541992
0 0.109022 0.259766 0.206979 0.335938 0.0526123
0 0.443574 0.563477 0.0950283 0.175781 0.0512695
0 0.309818 0.585449 0.106744 0.201172 0.0486755
0 0.164347 0.865234 0.0914485 0.183594 0.0418396
0 0.179805 0.687012 0.352451 0.583008 0.0403137
0 0.901467 0.194092 0.196565 0.364746 0.039856
0 0.368072 0.62207 0.409403 0.595703 0.039856
0 0.486207 0.567383 0.136685 0.193359 0.0386963
0 0.525259 0.671875 0.158814 0.244141 0.0386963
0 0.556176 0.613159 0.423722 0.605713 0.036499
0 0.088845 0.736328 0.173459 0.332031 0.0358887
0 0.697091 0.72168 0.376208 0.472656 0.0354919
0 0.2776 0.541992 0.145797 0.28125 0.0352173
0 0.590998 0.646362 0.325439 0.617432 0.0349426
0 0.126596 0.831543 0.174761 0.286133 0.0337219
0 0.163208 0.430664 0.191684 0.181641 0.0331421
0 0.203725 0.461426 0.116507 0.131836 0.0317993
0 0.153241 0.402222 0.220729 0.26001 0.0305634
0 0.184524 0.456055 0.151004 0.155273 0.0293732
0 0.034822 0.868164 0.0615081 0.146484 0.0280609
0 0.611175 0.577148 0.139288 0.166016 0.0279083
0 0.313724 0.621094 0.104792 0.167969 0.0272675
0 0.900816 0.123535 0.164021 0.22168 0.660156
0 0.36254 0.490234 0.222601 0.359375 0.530273
0 0.671707 0.71875 0.260352 0.464844 0.527344
0 0.668941 0.631836 0.276298 0.648438 0.349609
0 0.554223 0.559082 0.238873 0.475586 0.317383
0 0.648438 0.602417 0.450083 0.701416 0.256836
0 0.112927 0.792969 0.215441 0.388672 0.201782
0 0.531768 0.622559 0.188755 0.336914 0.186523
0 0.524283 0.661133 0.164672 0.269531 0.130249
0 0.155519 0.538574 0.307947 0.907227 0.105957
0 0.900166 0.135498 0.19266 0.270996 0.104126
0 0.369048 0.395508 0.173134 0.201172 0.0943604
0 0.360261 0.437988 0.200471 0.267578 0.0761108
0 0.130013 0.312927 0.258074 0.436646 0.0758667
0 0.378812 0.488281 0.195264 0.290039 0.0673218
0 0.579608 0.533203 0.346918 0.481445 0.0606384
0 0.718408 0.501953 0.562685 0.951172 0.0568542
0 0.824013 0.226807 0.0442598 0.0620117 0.0538025
0 0.334877 0.537598 0.17769 0.288086 0.0535889
0 0.199169 0.452637 0.116507 0.146484 0.0412292
0 0.11309 0.665039 0.22618 0.634766 0.0410767
0 0.219997 0.532227 0.436089 0.90625 0.0392761
0 0.154421 0.337158 0.2034 0.380371 0.0383301
0 0.323487 0.547363 0.419817 0.508789 0.0352783
0 0.211048 0.554688 0.157187 0.349609 0.0295868
0 0.389876 0.393066 0.128874 0.175781 0.0268555
0 0.302333 0.537109 0.132779 0.255859 0.0254669
0 0.284109 0.520508 0.10349 0.242188 0.0229797
0 0.253192 0.57666 0.229109 0.412109 0.0214539
0 0.0320558 0.864258 0.0572773 0.142578 0.0195312
0 0.0606945 0.411133 0.0484905 0.0644531 0.0172424
0 0.188429 0.435547 0.132779 0.185547 0.0165253
0 0.136196 0.861816 0.157513 0.241211 0.0160217
0 0.73289 0.627075 0.502479 0.679443 0.0147858
0 0.197867 0.609863 0.153607 0.330078 0.0137405
0 0.10349 0.464844 0.0582537 0.0859375 0.0134277
0 0.0331948 0.895508 0.05923 0.158203 0.0130234
0 0.443899 0.563965 0.367096 0.499023 0.0127258
0 0.274345 0.458008 0.109999 0.195312 0.0126266
0 0.482952 0.565918 0.0800581 0.192383 0.0116882
0 0.36254 0.552734 0.222601 0.345703 0.011467
0 0.161743 0.880615 0.0995845 0.195801 0.0114212
0 0.104141 0.739258 0.196891 0.376953 0.0110703
0 0.333901 0.631348 0.571472 0.629883 0.0109863
0 0.0380764 0.836914 0.0680168 0.216797 0.0104065
0 0.723777 0.613281 0.144495 0.279297 0.0100937
0 0.106175 0.223206 0.212349 0.292847 0.00989532
0 0.0351475 0.939453 0.0543484 0.121094 0.00971222
0 0.0688304 0.479004 0.0504431 0.0830078 0.00955963
0 0.139776 0.603027 0.274996 0.467773 0.00952148
0 0.911231 0.122681 0.153607 0.219482 0.663574
0 0.357983 0.496216 0.22976 0.378662 0.461914
0 0.568217 0.547852 0.249938 0.467773 0.422607
0 0.673172 0.643555 0.275647 0.580078 0.399902
0 0.674148 0.708984 0.258074 0.433594 0.395996
0 0.36319 0.447266 0.197216 0.287109 0.236572
0 0.101537 0.245178 0.203074 0.318237 0.20752
0 0.905498 0.17041 0.189005 0.314453 0.191284
0 0.34879 0.554688 0.211048 0.279297 0.178955
0 0.378486 0.393555 0.156862 0.180664 0.157715
0 0.118623 0.790527 0.226831 0.37793 0.122131
0 0.125782 0.572388 0.250263 0.806396 0.112
0 0.556827 0.600586 0.224553 0.369141 0.110107
0 0.624193 0.545898 0.368397 0.484375 0.0966797
0 0.126433 0.722168 0.237245 0.53418 0.09552
0 0.203237 0.458008 0.116833 0.144531 0.0950317
0 0.656249 0.585449 0.473514 0.594727 0.0925293
0 0.730123 0.613403 0.453337 0.6521 0.0787964
0 0.114067 0.306396 0.228133 0.421387 0.078064
0 0.426651 0.528809 0.108046 0.200195 0.0673218
0 0.574075 0.492188 0.23692 0.34375 0.0587769
0 0.541857 0.642578 0.188104 0.291016 0.053009
0 0.186151 0.532227 0.367747 0.912109 0.0529175
0 0.311446 0.553223 0.151655 0.274414 0.0503235
0 0.250914 0.532227 0.115206 0.267578 0.0413818
0 0.828569 0.2229 0.048165 0.059082 0.0330811
0 0.213163 0.540039 0.158814 0.310547 0.0296478
0 0.190219 0.444336 0.140264 0.167969 0.0263519
0 0.522005 0.655273 0.144495 0.261719 0.0231018
0 0.136522 0.374878 0.256121 0.330322 0.022583
0 0.113253 0.207031 0.173134 0.25293 0.0209656
0 0.729109 0.472534 0.541781 0.914307 0.0206451
0 0.484905 0.625 0.0781055 0.279297 0.0201721
0 0.244405 0.568848 0.48881 0.81543 0.0178528
0 0.471236 0.550781 0.0572773 0.162109 0.0174408
0 0.433485 0.555664 0.102839 0.1875 0.0167236
0 0.0868923 0.217041 0.17053 0.263184 0.0160217
0 0.239686 0.46582 0.118785 0.164062 0.0149002
0 0.243591 0.574707 0.220973 0.371094 0.0143356
0 0.299079 0.621094 0.130176 0.1875 0.0135345
0 0.101171 0.178223 0.188836 0.22168 0.0130234
0 0.72573 0.612305 0.144495 0.259766 0.0130234
0 0.14059 0.642578 0.273369 0.558594 0.0120087
0 0.464077 0.52832 0.0715967 0.177734 0.0105667
0 0.674311 0.456543 0.52591 0.646484 0.0102081
0 0.193799 0.615234 0.131803 0.287109 0.00981903
0 0.114189 0.847656 0.220078 0.283203 0.00978088
0 0.382147 0.57666 0.287526 0.287109 0.00933838
0 0.170571 0.400513 0.191277 0.269287 0.00912476
0 0.689932 0.555664 0.248636 0.433594 0.00815582
0 0.908627 0.126221 0.151004 0.215332 0.65918
0 0.359611 0.5 0.24408 0.384766 0.567871
0 0.673009 0.615234 0.270766 0.679688 0.500977
0 0.666663 0.696289 0.254819 0.474609 0.334473
0 0.556502 0.552612 0.233015 0.468994 0.284668
0 0.145634 0.512695 0.291268 0.900391 0.245117
0 0.130176 0.654297 0.251239 0.652344 0.234375
0 0.126962 0.279785 0.239442 0.399414 0.187134
0 0.632654 0.61145 0.403545 0.716553 0.151001
0 0.108697 0.231934 0.198518 0.301758 0.143677
0 0.385646 0.52356 0.356031 0.423584 0.137573
0 0.549016 0.630859 0.208932 0.320312 0.131592
0 0.194287 0.451294 0.132128 0.165771 0.0554199
0 0.227319 0.553711 0.217719 0.373047 0.0488586
0 0.115897 0.791992 0.214709 0.375 0.0488586
0 0.48165 0.527832 0.466029 0.479492 0.0475159
0 0.361889 0.473145 0.195264 0.338867 0.0435181
0 0.569844 0.489258 0.225855 0.348633 0.0432129
0 0.377835 0.385742 0.139939 0.171875 0.0363464
0 0.609223 0.478516 0.173134 0.375 0.0327148
0 0.193311 0.55188 0.171181 0.378662 0.0289307
0 0.365469 0.419434 0.184199 0.229492 0.0253296
0 0.336504 0.551758 0.196565 0.298828 0.025177
0 0.155723 0.572144 0.239198 0.427979 0.0248413
0 0.607758 0.473755 0.242452 0.372803 0.0225372
0 0.532744 0.65918 0.169879 0.263672 0.0216522
0 0.141525 0.356934 0.242208 0.366211 0.0165253
0 0.92555 0.103394 0.137986 0.182861 0.0136337
0 0.652018 0.505371 0.304937 0.483398 0.0136337
0 0.82922 0.221191 0.048165 0.0605469 0.011734
0 0.290617 0.561523 0.152957 0.271484 0.0116882
0 0.364167 0.552246 0.266209 0.331055 0.0109863
0 0.257179 0.472656 0.102676 0.200195 0.00871277
0 0.45529 0.580078 0.224553 0.3125 0.00837708
0 0.712712 0.602661 0.511591 0.779053 0.00821686
0 0.301926 0.569336 0.208444 0.314453 0.00793457
0 0.0720035 0.428223 0.139776 0.191406 0.0078125
0 0.504431 0.573242 0.121063 0.191406 0.00751877
0 0.516798 0.632812 0.149702 0.287109 0.00734711
0 0.90387 0.141235 0.192259 0.282471 0.00701141
0 0.257748 0.555664 0.515496 0.46875 0.00658798
0 0.295174 0.562988 0.543484 0.602539 0.00614548
0 0.261653 0.629883 0.139288 0.199219 0.00595856
0 0.0344966 0.857422 0.054023 0.126953 0.00534439
0 0.138637 0.427246 0.255795 0.237305 0.00486755
0 0.678867 0.591797 0.230411 0.542969 0.00479126
0 0.0857533 0.281189 0.159791 0.386841 0.00457382
0 0.688467 0.614258 0.221624 0.369141 0.00436401
0 0.889751 0.156006 0.179643 0.234375 0.00432968
0 0.228133 0.645508 0.109348 0.211914 0.00429916
0 0.911881 0.129395 0.152306 0.206055 0.673828
0 0.676263 0.641602 0.272067 0.638672 0.474609
0 0.557803 0.558716 0.246032 0.460693 0.367432
0 0.674311 0.70752 0.269464 0.444336 0.296631
0 0.643719 0.624023 0.442598 0.666016 0.296631
0 0.358553 0.512207 0.246195 0.379883 0.291748
0 0.145471 0.537598 0.290943 0.905273 0.253906
0 0.129688 0.309143 0.259375 0.455933 0.252441
0 0.125335 0.676636 0.247904 0.621338 0.240723
0 0.542833 0.644531 0.204376 0.302734 0.125977
0 0.122528 0.754395 0.240174 0.418945 0.113159
0 0.248798 0.573242 0.224228 0.371094 0.0917358
0 0.382391 0.431519 0.163371 0.248291 0.0783691
0 0.313805 0.567871 0.189894 0.301758 0.0656128
0 0.140549 0.612793 0.270196 0.459961 0.053009
0 0.1041 0.783203 0.205759 0.339844 0.0497742
0 0.556502 0.570801 0.365794 0.524414 0.0479431
0 0.200959 0.563477 0.168252 0.353516 0.0477905
0 0.3889 0.388184 0.142542 0.171875 0.044342
0 0.275891 0.577148 0.218858 0.3125 0.0367737
0 0.376778 0.53125 0.373767 0.413086 0.0362854
0 0.520378 0.674805 0.151655 0.230469 0.0321045
0 0.160279 0.345215 0.210559 0.381836 0.0315552
0 0.201122 0.464355 0.131478 0.160156 0.0314331
0 0.0299404 0.84668 0.0589045 0.148438 0.0280609
0 0.105686 0.25293 0.211373 0.335938 0.0272675
0 0.417213 0.508789 0.135383 0.267578 0.0247955
0 0.242127 0.541992 0.177039 0.300781 0.0208435
0 0.0936859 0.736816 0.177771 0.381836 0.0198669
0 0.261979 0.624023 0.158164 0.205078 0.0184784
0 0.581886 0.495239 0.203074 0.335693 0.0160217
0 0.678216 0.554688 0.255145 0.484375 0.0157776
0 0.224228 0.635742 0.120413 0.214844 0.0142822
0 0.0374255 0.797852 0.0742002 0.263672 0.0135345
0 0.828569 0.22168 0.0520703 0.0634766 0.0132217
0 0.0686677 0.432495 0.134081 0.177979 0.0119629
0 0.90342 0.1875 0.191358 0.318359 0.0111618
0 0.394758 0.572266 0.331297 0.294922 0.0111618
0 0.720323 0.608276 0.559355 0.730713 0.00993347
0 0.0803835 0.297852 0.158814 0.412109 0.00905609
0 0.11191 0.438599 0.205108 0.179443 0.00878143
0 0.173459 0.396484 0.182897 0.275391 0.00874329
0 0.497272 0.633789 0.113253 0.269531 0.00831604
0 0.251565 0.561035 0.499224 0.772461 0.00815582
0 0.54804 0.691406 0.130176 0.235352 0.00800323
0 0.245707 0.657227 0.134081 0.177734 0.00793457
0 0.0759901 0.211487 0.15198 0.248901 0.00775528
0 0.235618 0.461914 0.132779 0.165039 0.00775528
0 0.0320558 0.455566 0.0634607 0.12793 0.00772476
0 0.448781 0.618164 0.323487 0.332031 0.0069046
0 0.908627 0.128662 0.158814 0.203613 0.682617
0 0.676263 0.654297 0.265559 0.595703 0.548828
0 0.668941 0.704102 0.250263 0.433594 0.416748
0 0.563336 0.547974 0.234967 0.4646 0.33374
0 0.357658 0.511719 0.223902 0.359375 0.283691
0 0.134244 0.651367 0.258074 0.666016 0.251709
0 0.631515 0.605591 0.392805 0.626709 0.222656
0 0.119436 0.757812 0.227482 0.421875 0.196167
0 0.200796 0.456055 0.127572 0.158203 0.185303
0 0.116182 0.303162 0.223902 0.428833 0.183594
0 0.370676 0.450195 0.176388 0.28125 0.138916
0 0.096981 0.260254 0.187779 0.354492 0.135742
0 0.156048 0.550903 0.303635 0.880615 0.126831
0 0.579608 0.493164 0.20763 0.330078 0.119202
0 0.545111 0.593262 0.197216 0.375 0.118408
0 0.383693 0.38623 0.137335 0.164062 0.0960083
0 0.208281 0.54248 0.145797 0.330078 0.0960083
0 0.403545 0.529297 0.152306 0.240234 0.0903931
0 0.0854279 0.773926 0.168903 0.366211 0.0859985
0 0.324138 0.561523 0.159465 0.283203 0.085083
0 0.534697 0.641113 0.172483 0.28418 0.0603027
0 0.0302659 0.851074 0.0584164 0.141602 0.0541992
0 0.145146 0.374756 0.234967 0.343262 0.0535889
0 0.374906 0.405762 0.167927 0.200195 0.0432129
0 0.122203 0.846191 0.193636 0.262695 0.041626
0 0.434136 0.560547 0.0950283 0.207031 0.0362244
0 0.123179 0.470093 0.245056 0.751221 0.03125
0 0.279878 0.544922 0.137335 0.302734 0.0308533
0 0.397036 0.567871 0.307215 0.307617 0.0299225
0 0.21837 0.648438 0.104141 0.197266 0.0287018
0 0.0342525 0.802734 0.0636234 0.25 0.0283813
0 0.229109 0.503418 0.154909 0.236328 0.0280151
0 0.300055 0.57373 0.154909 0.283203 0.0275269
0 0.174598 0.57019 0.202749 0.400635 0.026001
0 0.0738748 0.405762 0.144495 0.233398 0.02211
0 0.144007 0.585083 0.281505 0.493896 0.0218201
0 0.42958 0.54541 0.37751 0.431641 0.0206451
0 0.106703 0.199951 0.18428 0.216309 0.0204468
0 0.0353102 0.755859 0.0647625 0.300781 0.0202484
0 0.222275 0.464844 0.145146 0.177734 0.0197601
0 0.174476 0.413086 0.184768 0.251953 0.0190582
0 0.504431 0.623047 0.124969 0.263672 0.016922
0 0.158814 0.87207 0.115206 0.191406 0.016922
0 0.549016 0.555176 0.339108 0.46875 0.0163422
0 0.20519 0.651367 0.111626 0.226562 0.0153046
0 0.480349 0.563477 0.085916 0.183594 0.0142822
0 0.259701 0.634766 0.080709 0.169922 0.0142822
0 0.0860787 0.230713 0.170205 0.278809 0.014061
0 0.061264 0.733398 0.118623 0.335938 0.0120087
0 0.0865669 0.444336 0.134081 0.158203 0.0119629
0 0.91058 0.126526 0.16272 0.203003 0.672363
0 0.667639 0.708008 0.25547 0.431641 0.65332
0 0.559756 0.557129 0.25905 0.458984 0.393311
0 0.122853 0.675781 0.2405 0.603516 0.34082
0 0.361238 0.506348 0.230411 0.348633 0.319092
0 0.118785 0.770996 0.22976 0.399414 0.272705
0 0.541531 0.626465 0.21479 0.323242 0.216064
0 0.11008 0.297363 0.22016 0.448242 0.20752
0 0.128874 0.535156 0.257748 0.896484 0.190674
0 0.610524 0.546997 0.378812 0.507568 0.183594
0 0.524934 0.530151 0.379462 0.455322 0.176147
0 0.331948 0.543945 0.164021 0.296875 0.158691
0 0.200145 0.455078 0.123667 0.152344 0.153564
0 0.22553 0.630371 0.126921 0.224609 0.153076
0 0.527537 0.670898 0.178992 0.25 0.130737
0 0.225692 0.554688 0.192986 0.351562 0.123352
0 0.372954 0.446289 0.173134 0.270508 0.120422
0 0.575377 0.508911 0.225204 0.361084 0.11438
0 0.422746 0.540527 0.117809 0.204102 0.105225
0 0.664547 0.605957 0.282481 0.620117 0.103577
0 0.306564 0.59082 0.110649 0.210938 0.092041
0 0.204701 0.62207 0.129525 0.267578 0.0869141
0 0.372954 0.408691 0.165323 0.198242 0.085083
0 0.221624 0.657715 0.0950283 0.174805 0.081543
0 0.279552 0.600098 0.174436 0.237305 0.0794678
0 0.343583 0.529419 0.291756 0.419678 0.0775146
0 0.100886 0.242676 0.19982 0.323242 0.0685425
0 0.109999 0.835938 0.210885 0.289062 0.0668335
0 0.256446 0.642578 0.0898213 0.150391 0.0648804
0 0.270766 0.554688 0.182246 0.303711 0.062561
0 0.140102 0.579956 0.280203 0.480713 0.0616455
0 0.202098 0.543945 0.39964 0.892578 0.0614319
0 0.643719 0.586914 0.433485 0.619141 0.0605164
0 0.382717 0.388184 0.141892 0.15918 0.0577087
0 0.302659 0.625 0.119762 0.167969 0.0572815
0 0.0309574 0.856445 0.0619149 0.138672 0.0572815
0 0.254819 0.517578 0.149702 0.25293 0.0570679
0 0.505082 0.611328 0.139288 0.234375 0.0570679
0 0.600761 0.49231 0.174436 0.320068 0.0566406
0 0.117158 0.385864 0.232364 0.286865 0.0564575
0 0.473189 0.560059 0.0833125 0.165039 0.0481262
0 0.133756 0.384277 0.267511 0.598633 0.0458679
0 0.217556 0.680664 0.0784309 0.169922 0.044342
0 0.185012 0.441284 0.135057 0.168213 0.0438538
0 0.445201 0.557617 0.0794072 0.164062 0.033783
0 0.731588 0.661133 0.124969 0.330078 0.0308533
0 0.23334 0.464844 0.137335 0.169922 0.0299225
0 0.0927503 0.438599 0.169229 0.165771 0.0287018
0 0.326741 0.608398 0.119762 0.203125 0.0275879
0 0.247985 0.462402 0.486207 0.56543 0.0242767
0 0.907325 0.128418 0.161418 0.205566 0.841309
0 0.669754 0.705078 0.253843 0.427734 0.794922
0 0.560407 0.559082 0.25905 0.44043 0.574707
0 0.36319 0.504395 0.229109 0.348633 0.483398
0 0.12985 0.669067 0.249938 0.605225 0.393311
0 0.369699 0.452271 0.186151 0.273193 0.317383
0 0.105524 0.283936 0.211048 0.413574 0.277588
0 0.134895 0.533691 0.268488 0.866211 0.262207
0 0.555525 0.626953 0.249287 0.320312 0.247314
0 0.19982 0.458008 0.126921 0.15625 0.212036
0 0.527537 0.664062 0.184199 0.248047 0.212036
0 0.372303 0.410645 0.173134 0.192383 0.201172
0 0.325521 0.539551 0.159954 0.30957 0.192505
0 0.215766 0.570801 0.157513 0.348633 0.185913
0 0.132617 0.324463 0.261979 0.431152 0.182983
0 0.384344 0.391113 0.146448 0.15918 0.167725
0 0.411355 0.535156 0.147099 0.226562 0.166138
0 0.578306 0.49707 0.212837 0.332031 0.156128
0 0.308517 0.567383 0.124969 0.265625 0.151001
0 0.120575 0.748047 0.232689 0.435547 0.139404
0 0.101863 0.234314 0.19982 0.306763 0.131226
0 0.305832 0.612793 0.132942 0.201172 0.0917358
0 0.288339 0.578613 0.169229 0.282227 0.0812378
0 0.145187 0.396484 0.234235 0.292969 0.0797729
0 0.221624 0.650391 0.0982827 0.183594 0.0794678
0 0.112927 0.366455 0.219346 0.325684 0.0761108
0 0.178015 0.433472 0.164672 0.195557 0.0739746
0 0.257179 0.639648 0.100073 0.160156 0.0734253
0 0.6665 0.628052 0.275973 0.548584 0.0727539
0 0.596205 0.439941 0.154909 0.213867 0.0616455
0 0.271742 0.551758 0.156862 0.296875 0.0568542
0 0.104832 0.188049 0.187372 0.203003 0.0541992
0 0.249775 0.510742 0.136359 0.230469 0.0526123
0 0.607758 0.5448 0.359611 0.488525 0.0497742
0 0.446178 0.554688 0.0826616 0.173828 0.0492249
0 0.465378 0.556641 0.0833125 0.169922 0.0451965
0 0.472538 0.575195 0.0794072 0.160156 0.0440063
0 0.161418 0.554688 0.219997 0.351562 0.0428772
0 0.606619 0.48938 0.160116 0.30835 0.0406189
0 0.140956 0.593262 0.280447 0.487305 0.0384521
0 0.111626 0.823242 0.214465 0.3125 0.0322876
0 0.234154 0.46582 0.125294 0.164062 0.0293121
0 0.168252 0.414551 0.197216 0.250977 0.0275269
0 0.0862415 0.44043 0.150353 0.162109 0.0263519
0 0.192172 0.518066 0.377184 0.905273 0.0259094
0 0.734191 0.606934 0.111951 0.220703 0.0253296
0 0.365143 0.583984 0.226506 0.267578 0.0239563
0 0.248636 0.662109 0.0989336 0.152344 0.0206451
0 0.21837 0.674316 0.0800581 0.171875 0.0164032
0 0.0319744 0.853516 0.0580909 0.140625 0.0153046
0 0.913183 0.126709 0.160116 0.211426 0.780762
0 0.669104 0.705078 0.252541 0.427734 0.684082
0 0.560081 0.555664 0.254494 0.449219 0.474609
0 0.131152 0.51709 0.262304 0.899414 0.401611
0 0.357902 0.50293 0.22016 0.369141 0.375732
0 0.126759 0.645996 0.246358 0.651367 0.347656
0 0.673172 0.626953 0.265233 0.613281 0.283691
0 0.534697 0.636719 0.201122 0.298828 0.260498
0 0.117118 0.757812 0.224635 0.417969 0.238647
0 0.121552 0.30542 0.243103 0.446777 0.199951
0 0.183548 0.522949 0.360587 0.916992 0.168823
0 0.621101 0.571167 0.382391 0.554932 0.157104
0 0.371652 0.435547 0.175737 0.242188 0.156128
0 0.33325 0.541016 0.184199 0.320312 0.156128
0 0.222275 0.578125 0.142542 0.332031 0.140869
0 0.232364 0.557617 0.208281 0.356445 0.113159
0 0.202423 0.45459 0.123667 0.15625 0.112427
0 0.305344 0.569336 0.132617 0.28125 0.110474
0 0.375883 0.401855 0.162069 0.180664 0.108948
0 0.522005 0.669922 0.169229 0.234375 0.0980835
0 0.423722 0.533691 0.114555 0.22168 0.085083
0 0.39248 0.390503 0.126271 0.158447 0.083313
0 0.580584 0.493652 0.208281 0.327148 0.0698242
0 0.299323 0.60498 0.136847 0.223633 0.0698242
0 0.277274 0.575684 0.191358 0.297852 0.0673218
0 0.221299 0.645508 0.096981 0.185547 0.0668335
0 0.0995845 0.235352 0.19266 0.30957 0.0545959
0 0.25905 0.634766 0.106093 0.170898 0.0545959
0 0.142054 0.395508 0.243103 0.294922 0.0467224
0 0.176063 0.419434 0.172483 0.219727 0.0417786
0 0.693186 0.615723 0.371001 0.661133 0.041626
0 0.348139 0.528809 0.287851 0.423828 0.0400085
0 0.108534 0.817871 0.210559 0.321289 0.0389099
0 0.23692 0.520508 0.16272 0.261719 0.0387573
0 0.494017 0.624023 0.122365 0.256836 0.033905
0 0.143031 0.58252 0.266535 0.418945 0.0320435
0 0.46668 0.556641 0.0839634 0.164062 0.0270691
0 0.225041 0.46582 0.140264 0.167969 0.0247498
0 0.103775 0.185608 0.183629 0.199097 0.024231
0 0.216417 0.667969 0.0787564 0.181641 0.0197144
0 0.089984 0.372559 0.179968 0.300781 0.0191956
0 0.109999 0.407349 0.212512 0.230225 0.0172424
0 0.730286 0.619141 0.127572 0.267578 0.0171814
0 0.57733 0.546387 0.35538 0.461914 0.016922
0 0.382066 0.582031 0.269464 0.275391 0.0164642
0 0.447154 0.558594 0.0768037 0.167969 0.0161591
0 0.250914 0.658203 0.0995845 0.15625 0.0156708
0 0.0304286 0.851562 0.0569519 0.15625 0.0154266
0 0.648926 0.533203 0.299404 0.447266 0.0143356
0 0.687979 0.55957 0.216092 0.411133 0.0129242
0 0.909929 0.125549 0.158814 0.206909 0.775391
0 0.669754 0.704102 0.256446 0.4375 0.709961
0 0.560407 0.555542 0.257748 0.449463 0.507812
0 0.132128 0.519531 0.264257 0.90625 0.504883
0 0.355705 0.50293 0.216743 0.369141 0.428223
0 0.674961 0.631958 0.26686 0.624756 0.277588
0 0.121552 0.304932 0.243103 0.452637 0.233032
0 0.553898 0.624023 0.24473 0.327148 0.209473
0 0.137824 0.625122 0.272393 0.58374 0.197388
0 0.333331 0.557617 0.202912 0.314453 0.146606
0 0.529165 0.665039 0.180944 0.246094 0.138916
0 0.23334 0.568848 0.166625 0.358398 0.126343
0 0.623542 0.564941 0.391829 0.545898 0.122131
0 0.124643 0.702148 0.243754 0.544922 0.119202
0 0.201935 0.456055 0.120738 0.15625 0.104858
0 0.367096 0.413086 0.179643 0.205078 0.100525
0 0.383368 0.390625 0.143193 0.160156 0.0994873
0 0.21121 0.524902 0.415261 0.922852 0.0872803
0 0.29973 0.57959 0.190708 0.293945 0.0646362
0 0.112602 0.778809 0.220323 0.395508 0.0616455
0 0.414284 0.524902 0.124969 0.24707 0.0600891
0 0.201122 0.557617 0.156211 0.363281 0.0539856
0 0.700346 0.619629 0.367096 0.670898 0.0500488
0 0.222926 0.646484 0.100235 0.193359 0.0492249
0 0.578631 0.494629 0.216092 0.327148 0.0470886
0 0.15735 0.395386 0.209258 0.271729 0.0455322
0 0.257667 0.629883 0.134244 0.191406 0.044342
0 0.10052 0.237793 0.196647 0.317383 0.0410767
0 0.144658 0.583862 0.261328 0.422119 0.0367126
0 0.266128 0.551758 0.209746 0.322266 0.0349426
0 0.359285 0.434082 0.197867 0.272461 0.0298767
0 0.243429 0.516602 0.139288 0.25 0.0265503
0 0.48881 0.619141 0.109348 0.25 0.0248871
0 0.585954 0.464355 0.176714 0.267578 0.023468
0 0.467331 0.555664 0.0826616 0.169922 0.0234222
0 0.0314049 0.870117 0.056301 0.138672 0.0231476
0 0.230411 0.464844 0.131478 0.167969 0.0202179
0 0.12985 0.378052 0.257097 0.327881 0.0196838
0 0.330647 0.530273 0.30396 0.422852 0.0167847
0 0.37092 0.574219 0.247497 0.294922 0.0164032
0 0.26027 0.567871 0.432346 0.491211 0.0142822
0 0.249938 0.653809 0.123016 0.174805 0.0138474
0 0.719221 0.59375 0.152306 0.345703 0.0130234
0 0.651042 0.524414 0.306889 0.44043 0.01297
0 0.102473 0.194885 0.187534 0.221558 0.0115967
0 0.219021 0.669434 0.0826616 0.18457 0.0112457
0 0.829871 0.222656 0.0520703 0.0678711 0.0104904
0 0.444225 0.560547 0.0722476 0.179688 0.0102463
0 0.0313235 0.899414 0.0541857 0.185547 0.00985718
0 0.739398 0.609375 0.106744 0.267578 0.00834656
0 0.909929 0.125549 0.158814 0.206909 0.775391
0 0.669754 0.704102 0.256446 0.4375 0.708008
0 0.560407 0.555542 0.257748 0.449463 0.507812
0 0.132128 0.519531 0.264257 0.90625 0.504883
0 0.355705 0.50293 0.216743 0.369141 0.428223
0 0.674961 0.631836 0.26686 0.625 0.27832
0 0.183548 0.524414 0.359936 0.923828 0.23938
0 0.121552 0.304749 0.243103 0.453003 0.230957
0 0.553898 0.624023 0.243429 0.326172 0.209473
0 0.137824 0.625122 0.272393 0.58374 0.197388
0 0.333169 0.557617 0.201935 0.313477 0.146606
0 0.529165 0.665039 0.180944 0.246094 0.139404
0 0.233503 0.568848 0.16695 0.358398 0.126343
0 0.623542 0.564941 0.391829 0.546875 0.122314
0 0.124684 0.702148 0.243998 0.544922 0.119202
0 0.201935 0.456055 0.120738 0.15625 0.104492
0 0.367096 0.412598 0.179643 0.205078 0.100525
0 0.383368 0.390625 0.143193 0.160156 0.0997925
0 0.29973 0.580078 0.190057 0.292969 0.0646362
0 0.112643 0.778809 0.220567 0.395508 0.0614319
0 0.41461 0.525391 0.124318 0.246094 0.0598755
0 0.201122 0.557617 0.156211 0.363281 0.0539856
0 0.700346 0.619629 0.367096 0.670898 0.0500488
0 0.222926 0.645996 0.100235 0.193359 0.0490417
0 0.578631 0.494629 0.216092 0.327148 0.0469055
0 0.157513 0.396484 0.208281 0.270508 0.0453491
0 0.257748 0.629883 0.134081 0.191406 0.044342
0 0.100398 0.237793 0.196891 0.317383 0.0406189
0 0.144658 0.583862 0.261328 0.422119 0.0367126
0 0.266209 0.551758 0.209583 0.322266 0.0350647
0 0.359285 0.434082 0.197867 0.272461 0.0300446
0 0.243754 0.516602 0.139288 0.25 0.0266571
0 0.488485 0.619141 0.108697 0.248047 0.0250854
0 0.467331 0.556152 0.0826616 0.169922 0.0236511
0 0.586442 0.463989 0.175737 0.267334 0.0233765
0 0.0314863 0.870117 0.0561383 0.138672 0.0231934
0 0.230737 0.464844 0.131478 0.167969 0.0201721
0 0.12985 0.378418 0.257097 0.327148 0.0196838
0 0.330647 0.530396 0.304611 0.423584 0.0167847
0 0.371733 0.574219 0.248473 0.293945 0.0164032
0 0.259375 0.568848 0.433485 0.493164 0.0142288
0 0.249856 0.65332 0.122528 0.173828 0.0138474
0 0.71857 0.59375 0.153607 0.34668 0.0130234
0 0.650879 0.524902 0.305913 0.44043 0.0129242
0 0.102473 0.194885 0.187534 0.221558 0.011467
0 0.219021 0.669434 0.0826616 0.18457 0.0112
0 0.241151 0.54541 0.477094 0.836914 0.0107803
0 0.829871 0.222656 0.0520703 0.0683594 0.0105667
0 0.444225 0.560547 0.0722476 0.179688 0.0103302
0 0.0313235 0.899414 0.0541857 0.185547 0.00985718
