0 0.349522 0.541504 0.699044 0.713867 0.868164
0 0.534046 0.694824 0.316978 0.401367 0.0772095
0 0.175412 0.559082 0.350824 0.760742 0.0698242
0 0.393212 0.695312 0.614267 0.373047 0.0432739
0 0.55878 0.740234 0.276624 0.316406 0.0312042
0 0.247497 0.529419 0.494993 0.710693 0.0249939
0 0.410054 0.49231 0.820107 0.87085 0.0246124
0 0.52233 0.65918 0.39248 0.486328 0.0174408
0 0.0450734 0.710938 0.0901467 0.198242 0.0153656
0 0.527337 0.497559 0.945326 0.875977 0.014389
0 0.606619 0.762207 0.195264 0.288086 0.0142822
0 0.5 0.553833 1 0.853271 0.0136337
0 0.594903 0.797852 0.182246 0.203125 0.0125275
0 0.187453 0.723145 0.342362 0.333008 0.00919342
0 0.5 0.5 1 1 0.00871277
0 0.509112 0.5 0.981775 1 0.00796509
0 0.5 0.498047 1 0.996094 0.0078125
0 0.5 0.496094 1 0.992188 0.0069046
0 0.458219 0.5 0.916438 1 0.0068512
0 0.5 0.5 1 1 0.00636292
0 0.608046 0.53125 0.783908 0.9375 0.00624084
0 0.5 0.5 1 1 0.00605011
0 0.578756 0.571533 0.842487 0.856934 0.00584412
0 0.441947 0.5 0.883894 1 0.00582123
0 0.5 0.5 1 1 0.00547028
0 0.5 0.5 1 1 0.00518036
0 0.365143 0.375854 0.493366 0.453369 0.00453949
0 0.506384 0.507324 0.343664 0.650391 0.00426483
0 0.5 0.493164 1 0.986328 0.00419998
0 0.217068 0.71875 0.280529 0.402344 0.00348282
0 0.450734 0.478638 0.431533 0.611084 0.00331116
0 0.614267 0.77832 0.148726 0.246094 0.00298119
0 0.121389 0.559082 0.234967 0.530273 0.00288963
0 0.505858 0.53125 0.988284 0.9375 0.00286674
0 0.103002 0.685547 0.196891 0.313477 0.00274658
0 0.21479 0.706055 0.428278 0.386719 0.00269318
0 0.219509 0.666016 0.341386 0.503906 0.00258064
0 0.5 0.5 1 1 0.00256157
0 0.173785 0.677246 0.337806 0.454102 0.00235939
0 0.706204 0.604492 0.0650879 0.103516 0.00221634
0 0.638512 0.580078 0.516798 0.736328 0.00208282
0 0.659991 0.48645 0.617033 0.878662 0.0020504
0 0.303635 0.84668 0.0950283 0.132812 0.00174141
0 0.58673 0.50769 0.826541 0.79126 0.00171375
0 0.245381 0.770508 0.227808 0.294922 0.00168705
0 0.146448 0.467773 0.292896 0.935547 0.00158501
0 0.478721 0.398926 0.357333 0.483398 0.00150108
0 0.184524 0.526367 0.369048 0.947266 0.00144386
0 0.152143 0.727051 0.295824 0.28418 0.00142097
0 0.470911 0.397339 0.283132 0.37915 0.00126934
0 0.354729 0.537964 0.667802 0.787354 0.370117
0 0.478396 0.585938 0.376208 0.660156 0.164551
0 0.388249 0.652832 0.65153 0.577148 0.108948
0 0.0485718 0.716797 0.0968182 0.169922 0.100159
0 0.360587 0.509277 0.075502 0.110352 0.0399475
0 0.512567 0.705566 0.301357 0.368164 0.0397034
0 0.37393 0.53418 0.0715967 0.0839844 0.0378113
0 0.369699 0.522461 0.0781055 0.111328 0.0372009
0 0.549993 0.748047 0.233015 0.283203 0.0350647
0 0.2034 0.719238 0.26686 0.40918 0.0327148
0 0.420142 0.816406 0.121063 0.123047 0.0288696
0 0.700346 0.593262 0.0598809 0.0898438 0.0248871
0 0.366445 0.509766 0.115856 0.144531 0.0193024
0 0.570821 0.760254 0.16272 0.260742 0.0167236
0 0.212349 0.73877 0.206654 0.290039 0.0151901
0 0.454313 0.818848 0.167927 0.143555 0.0116882
0 0.52949 0.535645 0.378161 0.743164 0.0109863
0 0.0579282 0.72168 0.115856 0.193359 0.00844574
0 0.450408 0.520508 0.0715967 0.117188 0.00790405
0 0.413308 0.429199 0.153607 0.313477 0.00775528
0 0.294197 0.833008 0.104792 0.15625 0.00775528
0 0.464728 0.524414 0.0768037 0.115234 0.00695801
0 0.637861 0.552246 0.648275 0.788086 0.00679779
0 0.263606 0.557617 0.0852651 0.078125 0.00661469
0 0.580909 0.73291 0.143844 0.209961 0.00661469
0 0.281749 0.8125 0.126433 0.197266 0.00579834
0 0.5 0.5 1 1 0.00564194
0 0.0732239 0.726562 0.146448 0.21875 0.0055542
0 0.451059 0.417847 0.14059 0.349854 0.00534439
0 0.5 0.5 1 1 0.00534439
0 0.622078 0.710449 0.088845 0.110352 0.00527954
0 0.323568 0.54834 0.165161 0.110352 0.00469971
0 0.5 0.5 1 1 0.00450516
0 0.389226 0.447754 0.191358 0.282227 0.00443268
0 0.45171 0.5 0.90342 1 0.00443268
0 0.5 0.5 1 1 0.00429916
0 0.5 0.5 1 1 0.00426483
0 0.213488 0.807617 0.275973 0.25 0.0042305
0 0.0927909 0.201416 0.0545925 0.097168 0.00397491
0 0.349522 0.44043 0.182246 0.289062 0.00397491
0 0.654909 0.493164 0.690182 0.986328 0.00397491
0 0.673622 0.5 0.652756 1 0.00382423
0 0.374255 0.688477 0.748511 0.623047 0.00376511
0 0.557928 0.5 0.884144 1 0.00374985
0 0.261491 0.694336 0.522981 0.611328 0.00369263
0 0.456266 0.676758 0.318931 0.435547 0.00365067
0 0.391504 0.5 0.783007 1 0.00362206
0 0.706855 0.580078 0.0781055 0.134766 0.00355148
0 0.880113 0.853271 0.239773 0.293457 0.00335121
0 0.522781 0.5 0.954439 1 0.00328636
0 0.348871 0.526855 0.609223 0.704102 0.998535
0 0.431207 0.651855 0.499224 0.454102 0.334473
0 0.426651 0.521606 0.846793 0.806396 0.259033
0 0.238222 0.611816 0.389876 0.563477 0.128906
0 0.762179 0.290039 0.378812 0.460938 0.116333
0 0.155845 0.542969 0.29493 0.632812 0.115173
0 0.798628 0.45166 0.36319 0.735352 0.110107
0 0.511591 0.376831 0.869574 0.72876 0.0939941
0 0.24587 0.495117 0.455941 0.695312 0.0673218
0 0.135871 0.216309 0.252866 0.416992 0.0574951
0 0.576804 0.29541 0.846393 0.516602 0.0496826
0 0.714502 0.473145 0.53665 0.776367 0.0421753
0 0.604667 0.479492 0.787564 0.869141 0.0420837
0 0.702949 0.279785 0.516798 0.424805 0.0370483
0 0.412739 0.737793 0.593439 0.274414 0.0360718
0 0.439669 0.328613 0.879337 0.657227 0.0310211
0 0.145471 0.290039 0.203725 0.231445 0.0304413
0 0.800581 0.317871 0.270766 0.371094 0.026001
0 0.802534 0.557739 0.305913 0.491943 0.0256653
0 0.0686677 0.191467 0.109673 0.268433 0.0256195
0 0.507035 0.56543 0.876083 0.869141 0.0220337
0 0.125945 0.492188 0.25189 0.630859 0.0216217
0 0.0656574 0.246094 0.101374 0.208984 0.0209656
0 0.604016 0.540527 0.497272 0.918945 0.0195007
0 0.431533 0.524414 0.574075 0.951172 0.0184326
0 0.193799 0.63623 0.28541 0.475586 0.0181274
0 0.308191 0.37207 0.349522 0.433594 0.0166626
0 0.0488159 0.697266 0.0973064 0.171875 0.0156708
0 0.485881 0.550781 0.440645 0.658203 0.0154877
0 0.127532 0.288147 0.233096 0.431519 0.0142288
0 0.558579 0.255859 0.882842 0.511719 0.0139542
0 0.247822 0.404419 0.356356 0.517334 0.0133286
0 0.313642 0.378906 0.578143 0.717773 0.0132217
0 0.352125 0.317627 0.704251 0.635254 0.0130234
0 0.473189 0.248291 0.408752 0.443848 0.0122375
0 0.380439 0.578613 0.760877 0.842773 0.0121002
0 0.125904 0.393433 0.238954 0.465088 0.0118713
0 0.770766 0.512207 0.458469 0.866211 0.0118713
0 0.18306 0.301758 0.1663 0.229492 0.0113297
0 0.119924 0.177795 0.220323 0.309448 0.0112457
0 0.794072 0.391602 0.265559 0.378906 0.0112457
0 0.520378 0.358154 0.22976 0.211426 0.0109024
0 0.59767 0.342773 0.322511 0.257812 0.0106506
0 0.623016 0.543945 0.753968 0.912109 0.0103302
0 0.780404 0.605957 0.389226 0.407227 0.0102463
0 0.243754 0.235107 0.476443 0.435059 0.00967407
0 0.0651693 0.651367 0.124481 0.267578 0.00800323
0 0.532744 0.26178 0.361238 0.415894 0.00775528
0 0.176063 0.341797 0.199169 0.328125 0.00746155
0 0.634081 0.245117 0.731838 0.490234 0.0069046
0 0.356682 0.516479 0.653482 0.797119 0.974609
0 0.28476 0.55957 0.481 0.724609 0.155029
0 0.323405 0.384277 0.618498 0.768555 0.065979
0 0.0515822 0.708008 0.103164 0.210938 0.0522461
0 0.315676 0.268066 0.62224 0.479492 0.0424805
0 0.412657 0.636719 0.395734 0.505859 0.0324707
0 0.391097 0.596802 0.610687 0.550537 0.0307312
0 0.218695 0.577271 0.338457 0.634521 0.0303345
0 0.85916 0.398926 0.257748 0.270508 0.0253754
0 0.47384 0.625 0.328043 0.507812 0.0248413
0 0.391178 0.5 0.782357 1 0.0200195
0 0.705553 0.592773 0.075502 0.103516 0.0168457
0 0.838983 0.383789 0.183548 0.270508 0.0155411
0 0.603853 0.720703 0.10707 0.1875 0.014061
0 0.434787 0.275879 0.36319 0.522461 0.0137405
0 0.531443 0.554688 0.345617 0.611328 0.0135345
0 0.835729 0.479004 0.28118 0.433594 0.0127258
0 0.302659 0.883789 0.0585791 0.0839844 0.0124283
0 0.474816 0.319824 0.259701 0.320312 0.0109863
0 0.310144 0.653809 0.494668 0.49707 0.0105667
0 0.102513 0.204651 0.173785 0.359253 0.0104523
0 0.54804 0.648438 0.364492 0.412109 0.0100098
0 0.574075 0.740723 0.205678 0.266602 0.00933838
0 0.335854 0.280762 0.671707 0.561523 0.00901794
0 0.839634 0.294434 0.200471 0.473633 0.0088501
0 0.398989 0.372559 0.390527 0.432617 0.0086441
0 0.0519076 0.699219 0.103815 0.376953 0.00861359
0 0.0662269 0.602051 0.124643 0.418945 0.0085144
0 0.12265 0.581909 0.232445 0.50415 0.00815582
0 0.791469 0.515137 0.403545 0.546875 0.00803375
0 0.165323 0.609253 0.266209 0.523682 0.00793457
0 0.141566 0.240234 0.234967 0.433594 0.00775528
0 0.625006 0.729492 0.101212 0.181641 0.00757599
0 0.646323 0.622559 0.462124 0.458008 0.00734711
0 0.810995 0.398926 0.119762 0.228516 0.00723267
0 0.0504431 0.792969 0.100886 0.414062 0.00717545
0 0.454964 0.45166 0.522005 0.90332 0.00717545
0 0.497272 0.352539 0.195264 0.21582 0.00712204
0 0.247171 0.444336 0.45529 0.888672 0.00703812
0 0.357007 0.468262 0.714014 0.936523 0.0069313
0 0.0918146 0.595215 0.178259 0.473633 0.00664139
0 0.509638 0.679688 0.305913 0.40625 0.00658798
0 0.464077 0.357422 0.312422 0.359375 0.00643921
0 0.672358 0.539062 0.502479 0.597656 0.006073
0 0.606619 0.691406 0.0989336 0.152344 0.00605011
0 0.706855 0.604004 0.075502 0.204102 0.00595856
0 0.861238 0.393433 0.277524 0.539307 0.00591278
0 0.171181 0.355957 0.231713 0.420898 0.00579834
0 0.207142 0.394287 0.414284 0.788574 0.00577545
0 0.0373442 0.837402 0.0746884 0.325195 0.00572968
0 0.317303 0.472656 0.605968 0.898438 0.92334
0 0.294116 0.344238 0.558617 0.688477 0.141968
0 0.391829 0.587402 0.424373 0.522461 0.0872803
0 0.156536 0.5802 0.313073 0.570068 0.0797729
0 0.278658 0.259033 0.326578 0.458496 0.0426331
0 0.483603 0.310059 0.213488 0.271484 0.0404663
0 0.298103 0.566406 0.541531 0.703125 0.0382385
0 0.482301 0.259033 0.275973 0.377441 0.0360107
0 0.331297 0.271729 0.662595 0.543457 0.0309143
0 0.817504 0.418457 0.350173 0.78125 0.0279083
0 0.161418 0.447266 0.322836 0.894531 0.0262604
0 0.384995 0.25 0.389226 0.426758 0.0248871
0 0.407369 0.557617 0.468796 0.681641 0.0240936
0 0.420793 0.65625 0.419817 0.453125 0.0238647
0 0.333575 0.195374 0.192009 0.32019 0.0231934
0 0.0519076 0.708496 0.0953538 0.175781 0.0227661
0 0.60548 0.697266 0.0543484 0.0839844 0.0200958
0 0.499224 0.736328 0.291594 0.298828 0.0178528
0 0.099259 0.189514 0.170205 0.328003 0.0174408
0 0.306483 0.366699 0.378974 0.384766 0.0174408
0 0.493692 0.771484 0.234967 0.224609 0.0171814
0 0.487508 0.359375 0.222601 0.195312 0.0165253
0 0.343664 0.133545 0.164021 0.183105 0.0157776
0 0.119599 0.275391 0.215115 0.380859 0.0156708
0 0.121552 0.337891 0.220973 0.369141 0.0156708
0 0.132942 0.182068 0.239198 0.355591 0.0148392
0 0.130664 0.39209 0.243754 0.496094 0.0139542
0 0.0637048 0.249512 0.107558 0.231445 0.012825
0 0.304611 0.881104 0.0488159 0.0776367 0.0127258
0 0.0656574 0.213867 0.0997472 0.175781 0.0126724
0 0.323487 0.44873 0.360587 0.425781 0.0126724
0 0.357983 0.515137 0.393782 0.354492 0.012291
0 0.134081 0.473633 0.255145 0.682617 0.0119629
0 0.194287 0.28833 0.388575 0.574707 0.0103683
0 0.598646 0.681152 0.0810344 0.133789 0.00997162
0 0.441621 0.536011 0.34822 0.51001 0.00981903
0 0.59946 0.834961 0.0598809 0.103516 0.00967407
0 0.436414 0.461914 0.801232 0.923828 0.00963593
0 0.170205 0.693848 0.34041 0.415039 0.00948334
0 0.354404 0.458008 0.374255 0.31543 0.00941467
0 0.360912 0.5 0.721825 1 0.00941467
0 0.827918 0.324219 0.317629 0.550781 0.00933838
0 0.0912858 0.56543 0.172157 0.523438 0.00919342
0 0.231062 0.212341 0.413959 0.408325 0.0091629
0 0.0595554 0.180664 0.103164 0.273438 0.00901794
0 0.485556 0.486206 0.238222 0.453369 0.00871277
0 0.700997 0.580078 0.0624844 0.0859375 0.00844574
0 0.450083 0.461914 0.275322 0.378906 0.00831604
0 0.0534534 0.728516 0.0824989 0.167969 0.00828552
0 0.682772 0.759766 0.0403545 0.0683594 0.00809479
0 0.335203 0.486328 0.670405 0.949219 0.428223
0 0.33683 0.254883 0.544786 0.509766 0.222046
0 0.122772 0.215576 0.245544 0.431152 0.208862
0 0.387192 0.555176 0.643231 0.768555 0.126343
0 0.418434 0.2771 0.355543 0.445801 0.076416
0 0.312422 0.366943 0.624844 0.733887 0.0736694
0 0.134407 0.279785 0.268813 0.55957 0.0657349
0 0.184524 0.494019 0.369048 0.945557 0.0475159
0 0.313805 0.40332 0.387761 0.446289 0.0432739
0 0.123179 0.331543 0.242127 0.397461 0.0420837
0 0.129362 0.14978 0.237896 0.299561 0.0366211
0 0.170693 0.571777 0.341386 0.647461 0.0343628
0 0.104629 0.291748 0.209258 0.406738 0.0325317
0 0.36254 0.245605 0.395734 0.491211 0.0324707
0 0.47026 0.581909 0.322185 0.613525 0.0289307
0 0.471562 0.460449 0.65153 0.899414 0.0284424
0 0.468307 0.491699 0.27402 0.436523 0.0254211
0 0.278251 0.641479 0.556502 0.63501 0.025177
0 0.801883 0.464355 0.315025 0.770508 0.0237274
0 0.186111 0.670898 0.327473 0.478516 0.0232849
0 0.794072 0.296814 0.367096 0.407349 0.0224609
0 0.121877 0.480957 0.236594 0.71582 0.0214844
0 0.133918 0.407349 0.267837 0.499756 0.0184021
0 0.0483278 0.711914 0.0966555 0.183594 0.0180511
0 0.470585 0.449219 0.35538 0.407227 0.0179901
0 0.4631 0.590698 0.523958 0.670166 0.0171814
0 0.169229 0.606934 0.285085 0.547852 0.0170441
0 0.617684 0.490723 0.661293 0.823242 0.0164032
0 0.186477 0.736328 0.372954 0.447266 0.0159607
0 0.0519076 0.692383 0.103815 0.251953 0.0156708
0 0.316246 0.319763 0.330809 0.407349 0.0151901
0 0.0924248 0.572266 0.18485 0.549805 0.0150146
0 0.150516 0.362305 0.22553 0.374023 0.0147324
0 0.0636234 0.282227 0.119111 0.267578 0.0142822
0 0.0820107 0.470825 0.164021 0.564209 0.0134277
0 0.309249 0.417969 0.219834 0.34668 0.012825
0 0.416481 0.381714 0.385483 0.394775 0.0124283
0 0.830522 0.310486 0.226506 0.377075 0.0124283
0 0.27402 0.348633 0.317629 0.353516 0.0118256
0 0.8149 0.359863 0.206979 0.260742 0.0117798
0 0.272149 0.433594 0.368235 0.605469 0.0117798
0 0.315676 0.228516 0.302008 0.451172 0.0116882
0 0.268488 0.255859 0.339108 0.46582 0.0116882
0 0.700346 0.532349 0.0937266 0.499756 0.0116882
0 0.0636234 0.34375 0.120413 0.294922 0.0115051
0 0.69644 0.602539 0.0794072 0.298828 0.0112457
0 0.725079 0.508911 0.130176 0.45874 0.0105667
0 0.69579 0.30127 0.164021 0.336914 0.0100555
0 0.150353 0.187744 0.205678 0.375488 0.0100098
0 0.799279 0.463989 0.265559 0.42749 0.0100098
0 0.378486 0.566528 0.668453 0.765381 0.95752
0 0.0534534 0.699219 0.100073 0.201172 0.0401611
0 0.279227 0.567383 0.513543 0.708984 0.0301514
0 0.0689932 0.591309 0.131478 0.442383 0.0238647
0 0.476118 0.638672 0.344315 0.4375 0.0200958
0 0.0976318 0.540039 0.184199 0.517578 0.0173035
0 0.173134 0.47168 0.175086 0.584961 0.0162811
0 0.125945 0.460449 0.223251 0.588867 0.0131683
0 0.385402 0.623047 0.590835 0.582031 0.011734
0 0.18664 0.541992 0.334877 0.708984 0.0110703
0 0.225692 0.617676 0.401918 0.602539 0.00955963
0 0.183548 0.58313 0.249938 0.595459 0.00775528
0 0.353753 0.424805 0.544786 0.686523 0.00775528
0 0.0826616 0.480957 0.149377 0.557617 0.00629044
0 0.37751 0.538086 0.0650879 0.0800781 0.005867
0 0.489786 0.493652 0.508336 0.78418 0.00527954
0 0.585791 0.694336 0.141892 0.132812 0.00521851
0 0.0730612 0.660156 0.138312 0.263672 0.0051384
0 0.0558129 0.639648 0.106744 0.320312 0.00498199
0 0.136034 0.576294 0.235618 0.5271 0.00471878
0 0.51452 0.553223 0.402894 0.666992 0.00457382
0 0.486207 0.564453 0.218695 0.269531 0.00387001
0 0.580909 0.5 0.796025 1 0.00379562
0 0.610687 0.717773 0.148075 0.166016 0.00336266
0 0.311446 0.417847 0.353427 0.486572 0.00328636
0 0.228784 0.547852 0.257097 0.624023 0.00327301
0 0.357983 0.488281 0.085916 0.135742 0.00319672
0 0.215766 0.48877 0.215441 0.564453 0.00317192
0 0.428929 0.529297 0.166625 0.195312 0.00311089
0 0.28541 0.555176 0.297452 0.569336 0.00300407
0 0.157187 0.333984 0.117809 0.220703 0.00293541
0 0.325521 0.473633 0.279715 0.395508 0.00283432
0 0.319907 0.546753 0.312422 0.490479 0.00279999
0 0.617684 0.69873 0.164021 0.230469 0.00269318
0 0.60727 0.474121 0.576679 0.797852 0.00265312
0 0.567566 0.742188 0.188755 0.263672 0.00255013
0 0.515496 0.637695 0.28899 0.308594 0.00245285
0 0.285004 0.463867 0.289153 0.5 0.00243378
0 0.508662 0.5625 0.289641 0.441406 0.00242424
0 0.488159 0.36084 0.208281 0.206055 0.002388
0 0.515496 0.776367 0.309818 0.230469 0.00228691
0 0.569194 0.78418 0.185501 0.210938 0.00219917
0 0.469935 0.388184 0.238222 0.263672 0.00219154
0 0.188104 0.719727 0.329345 0.419922 0.00219154
0 0.47742 0.5 0.766084 1 0.00216484
0 0.448781 0.439331 0.309168 0.367432 0.00215721
0 0.610687 0.745117 0.168903 0.228516 0.00211525
0 0.39964 0.483887 0.247334 0.229492 0.00208282
0 0.291919 0.582031 0.406799 0.603516 0.00194168
0 0.301357 0.889648 0.0507686 0.0703125 0.00168705
0 0.34163 0.546021 0.643231 0.73999 0.818848
0 0.360912 0.417969 0.54088 0.520508 0.0759888
0 0.052233 0.688965 0.104466 0.21582 0.0668335
0 0.378486 0.344238 0.504431 0.308594 0.0397949
0 0.0637048 0.654785 0.114717 0.274414 0.0197906
0 0.824013 0.277405 0.226506 0.400269 0.0164642
0 0.836379 0.277893 0.17053 0.337769 0.0107346
0 0.365469 0.518555 0.0657388 0.0849609 0.00898743
0 0.381741 0.597656 0.0572773 0.105469 0.00894928
0 0.447805 0.635742 0.0833125 0.195312 0.00888062
0 0.498573 0.356201 0.217394 0.219238 0.0088501
0 0.453663 0.330811 0.411355 0.306152 0.00803375
0 0.78496 0.28363 0.343664 0.418091 0.00734711
0 0.378812 0.530273 0.0546738 0.0800781 0.00701141
0 0.0910824 0.560669 0.159547 0.493896 0.00616837
0 0.0590673 0.237793 0.0976318 0.228516 0.00609589
0 0.305262 0.501953 0.477745 0.686523 0.00500107
0 0.0933604 0.291748 0.165405 0.352051 0.00496292
0 0.166137 0.401367 0.110649 0.335938 0.00486755
0 0.168415 0.321777 0.111626 0.181641 0.00466537
0 0.74786 0.437988 0.40745 0.709961 0.00460815
0 0.257748 0.712891 0.0781055 0.0888672 0.00432968
0 0.124806 0.299805 0.196891 0.378906 0.00431442
0 0.67968 0.471191 0.522981 0.772461 0.00416565
0 0.0630539 0.305176 0.105931 0.411133 0.00407028
0 0.852651 0.330566 0.158814 0.295898 0.00403976
0 0.129159 0.468262 0.138068 0.577148 0.00403976
0 0.125294 0.383301 0.130501 0.524414 0.00395966
0 0.164835 0.429199 0.125294 0.44043 0.00374985
0 0.712062 0.260986 0.14059 0.226074 0.00362206
0 0.7036 0.590332 0.075502 0.217773 0.00356483
0 0.0615081 0.351807 0.0947029 0.310059 0.00351143
0 0.534046 0.493652 0.513543 0.758789 0.00338936
0 0.155845 0.297363 0.175819 0.291016 0.00333786
0 0.894308 0.389648 0.0702949 0.181641 0.00329781
0 0.701648 0.586914 0.0637861 0.140625 0.00329781
0 0.0671219 0.42395 0.107232 0.259521 0.00324821
0 0.491088 0.397949 0.258399 0.306641 0.00318527
0 0.363841 0.503906 0.0650879 0.0898438 0.00305176
0 0.672358 0.273926 0.458219 0.421875 0.00298119
0 0.0590673 0.203186 0.0907976 0.213745 0.00293541
0 0.553573 0.336914 0.104792 0.195312 0.00291252
0 0.528188 0.546997 0.41461 0.671631 0.00291252
0 0.36254 0.574219 0.0715967 0.128906 0.00288963
0 0.0579282 0.291504 0.0937266 0.268555 0.00279045
0 0.185826 0.550293 0.329345 0.709961 0.00273705
0 0.846143 0.384766 0.197867 0.27832 0.00255013
0 0.272718 0.542969 0.0507686 0.0625 0.00252151
0 0.177365 0.348877 0.129199 0.334473 0.00242424
0 0.49239 0.307861 0.210234 0.30127 0.00227928
0 0.342281 0.537109 0.615894 0.765625 0.89502
0 0.0517449 0.703125 0.0956792 0.208984 0.0859985
0 0.198355 0.445312 0.396711 0.890625 0.0349426
0 0.0717594 0.639648 0.135057 0.357422 0.0282745
0 0.800581 0.463989 0.275973 0.443115 0.0282135
0 0.79212 0.431152 0.36319 0.71582 0.0280609
0 0.0580909 0.596191 0.116182 0.460938 0.0271759
0 0.809043 0.299316 0.261653 0.424805 0.0228424
0 0.0977946 0.588013 0.186802 0.486084 0.0225067
0 0.793421 0.281494 0.361889 0.419434 0.0222015
0 0.0489786 0.674805 0.0979573 0.603516 0.0215302
0 0.817504 0.363281 0.234316 0.286133 0.0203705
0 0.26686 0.461426 0.533721 0.87793 0.0200958
0 0.112277 0.507324 0.215115 0.581055 0.019989
0 0.700346 0.617188 0.085916 0.188477 0.0197906
0 0.147139 0.422852 0.264826 0.533203 0.0179138
0 0.0730612 0.702148 0.138312 0.21875 0.0175781
0 0.1663 0.412109 0.332599 0.803711 0.0173798
0 0.0347813 0.536133 0.0695627 0.628906 0.016922
0 1 0.63269 0 0.711182 0.0162201
0 0.843539 0.367188 0.173134 0.25 0.0158997
0 0.692535 0.473145 0.580584 0.78418 0.0149536
0 0.989461 0.667969 0.0210781 0.664062 0.0141144
0 0.00414935 0.490112 0.00829871 0.703369 0.0137405
0 0.0634607 0.510742 0.126921 0.607422 0.0134277
0 0.0679355 0.41748 0.135871 0.834961 0.0126724
0 0.707505 0.586914 0.0846143 0.138672 0.012146
0 0.701648 0.582031 0.0989336 0.400391 0.0120544
0 0.000488159 0.385742 0.000976318 0.726562 0.0108185
0 0.71076 0.591797 0.0937266 0.236328 0.0102463
0 0.689932 0.638184 0.085916 0.220703 0.01017
0 0.840936 0.335449 0.19266 0.321289 0.00963593
0 0.808517 0.527832 0.382967 0.823242 0.00898743
0 0.182409 0.42688 0.211861 0.497803 0.00878143
0 0.743955 0.490112 0.182246 0.482666 0.00871277
0 0.0335203 0.411621 0.0670405 0.823242 0.00847626
0 0.499875 0.353516 0.225204 0.213867 0.00837708
0 0.399965 0.408691 0.582537 0.463867 0.00837708
0 0.374581 0.725586 0.578631 0.345703 0.00812531
0 0.13343 0.252441 0.252541 0.504883 0.00787354
0 0.0846143 0.48291 0.1484 0.592773 0.00787354
0 0 0.652344 0 0.695312 0.00775528
0 0.632003 0.388672 0.717269 0.685547 0.00743103
0 0.127898 0.591919 0.243429 0.572021 0.00706482
0 0.342362 0.331055 0.538928 0.416016 0.0069046
0 0.314049 0.383301 0.590347 0.600586 0.00651169
0 0.678216 0.661621 0.131478 0.299805 0.00643921
0 0.709458 0.476562 0.111951 0.449219 0.00634003
0 0.869574 0.396606 0.122365 0.189209 0.00629044
0 0.217231 0.516113 0.370025 0.756836 0.00626373
0 0.362214 0.553711 0.617684 0.714844 0.869629
0 0.0536975 0.711914 0.100235 0.189453 0.263672
0 0.708156 0.582031 0.0742002 0.138672 0.0522461
0 0.713363 0.572266 0.085916 0.203125 0.0363464
0 0.0657388 0.691406 0.123667 0.246094 0.035614
0 0.170205 0.310547 0.167276 0.265625 0.0157166
0 0.825315 0.410278 0.200471 0.337646 0.0108185
0 0.0494668 0.697266 0.0989336 0.212891 0.00948334
0 0.845492 0.404785 0.171832 0.223633 0.00933838
0 0.735493 0.489258 0.153607 0.389648 0.00878143
0 0.38532 0.543457 0.0494668 0.0634766 0.00844574
0 0.0864042 0.596191 0.167276 0.473633 0.008255
0 0.223577 0.598145 0.0963301 0.141602 0.00821686
0 0.0772105 0.635742 0.144332 0.34375 0.00812531
0 0.812297 0.358154 0.143193 0.152832 0.0078125
0 0.369699 0.532227 0.0572773 0.0644531 0.00769424
0 0.800581 0.453613 0.299404 0.539062 0.00766754
0 0.127735 0.297852 0.231062 0.287109 0.00743103
0 0.186314 0.449219 0.069644 0.103516 0.00737381
0 0.702949 0.599609 0.0781055 0.189453 0.0069046
0 0.260352 0.401245 0.0488159 0.0900879 0.00643921
0 0.840936 0.362793 0.190057 0.303711 0.00634003
0 0.79212 0.307373 0.11846 0.154785 0.00626373
0 0.360912 0.362854 0.543484 0.490112 0.00614548
0 0.79993 0.478027 0.26686 0.420898 0.00572968
0 0.203074 0.345703 0.141892 0.248047 0.00551224
0 0.178015 0.594238 0.197867 0.672852 0.00551224
0 0.795374 0.319336 0.335854 0.505859 0.00526047
0 0.697742 0.294922 0.0728984 0.0756836 0.00518036
0 0.136074 0.236267 0.243347 0.436646 0.0049057
0 0.1364 0.59375 0.204295 0.625 0.00471878
0 0.0911231 0.252441 0.124318 0.145508 0.00466537
0 0.505733 0.58252 0.239523 0.390625 0.0046463
0 0.729635 0.466797 0.201772 0.480469 0.00455475
0 0.906024 0.42334 0.0494668 0.103516 0.00452042
0 0.264989 0.544922 0.0662269 0.0859375 0.00452042
0 0.708807 0.333008 0.0911231 0.151367 0.00418091
0 0.496946 0.34668 0.193311 0.22168 0.00395966
0 0.205027 0.469238 0.165323 0.455078 0.00390053
0 0.167927 0.409668 0.152306 0.493164 0.00388527
0 0.19624 0.384277 0.144495 0.335938 0.00388527
0 0.203074 0.604492 0.236269 0.576172 0.00348282
0 0.831823 0.309814 0.221299 0.393066 0.00340271
0 0.463426 0.344482 0.279878 0.274902 0.00322342
0 0.415993 0.324707 0.392968 0.304688 0.00314713
0 0.0598809 0.646484 0.119762 0.314453 0.00311089
0 0.265233 0.515625 0.443249 0.708008 0.00301552
0 0.689932 0.322266 0.101537 0.133789 0.00290108
0 0.898213 0.439941 0.0611826 0.114258 0.00266266
0 0.364492 0.49707 0.05923 0.0976562 0.00265312
0 0.355705 0.563965 0.609874 0.666992 0.85498
0 0.0535348 0.703125 0.0995845 0.207031 0.427246
0 0.186965 0.696289 0.289967 0.382812 0.0878906
0 0.0486532 0.691895 0.0973064 0.22168 0.0665894
0 0.0626471 0.654297 0.115531 0.271484 0.0520325
0 0.0645184 0.614258 0.128711 0.359375 0.0428162
0 0.199006 0.752441 0.29973 0.319336 0.0342407
0 0.0782682 0.711914 0.0973064 0.219727 0.0279541
0 0.163208 0.719238 0.241802 0.319336 0.0207214
0 0.0640302 0.256348 0.106907 0.217773 0.0162811
0 0.453012 0.664062 0.343664 0.441406 0.0162811
0 0.150841 0.281006 0.191684 0.254395 0.0119629
0 0.706855 0.570312 0.0728984 0.265625 0.0102463
0 0.171181 0.302246 0.138637 0.216797 0.00978088
0 0.0688304 0.554565 0.118135 0.515869 0.00971222
0 0.170896 0.62207 0.212105 0.389648 0.00967407
0 0.130176 0.227966 0.234967 0.338013 0.00955963
0 0.106703 0.190674 0.199901 0.333496 0.00861359
0 0.717269 0.543457 0.0924248 0.307617 0.00834656
0 0.118135 0.53418 0.236269 0.5625 0.00834656
0 0.303635 0.881836 0.0501177 0.0605469 0.00723267
0 0.318605 0.408081 0.425675 0.459229 0.0068512
0 0.164998 0.34668 0.178992 0.342773 0.00679779
0 0.231225 0.814941 0.213163 0.204102 0.00661469
0 0.494343 0.35083 0.19982 0.220215 0.00651169
0 0.179805 0.391602 0.209258 0.426758 0.0064888
0 0.0422258 0.637207 0.0844515 0.327148 0.00526047
0 0.24473 0.705566 0.382717 0.40332 0.00486755
0 0.712712 0.522949 0.0950283 0.432617 0.00441742
0 0.0637048 0.217712 0.106256 0.197388 0.00418091
0 0.0678541 0.310303 0.118135 0.299316 0.00415039
0 0.8149 0.351562 0.0937266 0.111328 0.0041008
0 0.250263 0.402222 0.349522 0.443604 0.00405502
0 0.301926 0.405151 0.556013 0.521729 0.0039444
0 0.692535 0.620117 0.0650879 0.285156 0.00391388
0 0.734191 0.498047 0.137986 0.354492 0.0037365
0 0.821409 0.425659 0.171832 0.340088 0.00369263
0 0.385971 0.542969 0.0442598 0.0595703 0.0036068
0 0.82922 0.374512 0.135383 0.193359 0.00358009
0 0.135993 0.168701 0.229842 0.318848 0.00353813
0 0.760227 0.470703 0.177039 0.422852 0.00353813
0 0.21121 0.479492 0.406799 0.802734 0.00346947
0 0.838332 0.389771 0.161418 0.241943 0.00345612
0 0.364492 0.535156 0.0559756 0.0605469 0.00345612
0 0.173459 0.46875 0.113904 0.140625 0.00331116
0 0.174436 0.464844 0.152306 0.457031 0.00327301
0 0.0885195 0.474121 0.150678 0.547852 0.00325966
0 0.124806 0.743164 0.102513 0.257812 0.00325966
0 0.792771 0.336914 0.085916 0.114258 0.00309944
0 0.466029 0.730957 0.309818 0.311523 0.0030632
0 0.365062 0.513672 0.628912 0.806641 0.673828
0 0.0450734 0.707031 0.0901467 0.209961 0.270508
0 0.0525585 0.593262 0.099259 0.43457 0.0465393
0 0.0501177 0.666992 0.0937266 0.285156 0.0280151
0 0.0440157 0.703125 0.0880314 0.219727 0.0224152
0 0.0649252 0.233154 0.10707 0.285645 0.0142822
0 0.466355 0.639648 0.34822 0.488281 0.0135345
0 0.0665524 0.568848 0.125294 0.503906 0.0106506
0 0.202098 0.794922 0.282481 0.271484 0.0104065
0 0.0616708 0.288574 0.108697 0.301758 0.00985718
0 0.0623217 0.700195 0.105768 0.242188 0.00985718
0 0.424373 0.594727 0.486857 0.625 0.00971222
0 0.127084 0.197998 0.241151 0.395996 0.00818634
0 0.190382 0.691406 0.290943 0.435547 0.00812531
0 0.0596368 0.459473 0.107558 0.395508 0.00621796
0 0.060369 0.352539 0.109348 0.332031 0.00559998
0 0.416563 0.394531 0.468633 0.666016 0.00518036
0 0.221462 0.830078 0.235293 0.193359 0.00488663
0 0.154258 0.685547 0.234967 0.388672 0.0045929
0 0.336504 0.377075 0.639163 0.743896 0.00439835
0 0.363841 0.53125 0.042958 0.0546875 0.0039444
0 0.185867 0.615234 0.26743 0.564453 0.00309944
0 0.277925 0.53418 0.042958 0.0625 0.00270462
0 0.508336 0.541016 0.391829 0.714844 0.00266266
0 0.389226 0.544434 0.0416563 0.0576172 0.00255013
0 0.268488 0.460938 0.505733 0.898438 0.00239754
0 0.343013 0.108398 0.139288 0.15332 0.00229645
0 0.309818 0.525391 0.037751 0.0458984 0.00223351
0 0.307215 0.884521 0.0546738 0.0668945 0.00218201
0 0.0790818 0.176514 0.139614 0.325684 0.00214958
0 0.139247 0.45166 0.272149 0.875977 0.0020752
0 0.130176 0.147461 0.233666 0.28125 0.00199509
0 0.146163 0.577148 0.193881 0.479492 0.00198746
0 0.561058 0.583984 0.557152 0.636719 0.00186062
0 0.0445038 0.605469 0.0890077 0.421875 0.00173378
0 0.592463 0.65918 0.538602 0.509766 0.0017271
0 0.153445 0.334473 0.109022 0.15918 0.00168133
0 0.385971 0.572266 0.0781055 0.0898438 0.00162888
0 0.14596 0.716797 0.177365 0.335938 0.00158501
0 0.270766 0.305176 0.511591 0.606445 0.00156689
0 0.146936 0.285156 0.281505 0.558594 0.0015192
0 0.476443 0.708496 0.30331 0.358398 0.00147247
0 0.154543 0.274414 0.181026 0.289062 0.00144386
0 0.32666 0.172363 0.179805 0.293945 0.00141048
0 0.268488 0.614258 0.280529 0.476562 0.00137806
0 0.162069 0.380859 0.114555 0.197266 0.00136185
0 0.365143 0.59375 0.222601 0.371094 0.00136185
0 0.734842 0.654419 0.499875 0.560303 0.00132465
0 0.516798 0.352539 0.193962 0.235352 0.00131989
0 0.707017 0.512695 0.535999 0.859375 0.00130939
0 0.354078 0.530762 0.653482 0.739258 0.648926
0 0.0521517 0.705078 0.0932384 0.183594 0.212769
0 0.0639489 0.27832 0.114229 0.28125 0.0987549
0 0.0634607 0.219971 0.116833 0.30957 0.0950317
0 0.114717 0.179138 0.222926 0.346802 0.0646362
0 0.0642743 0.335938 0.117158 0.365234 0.0583496
0 0.409321 0.584961 0.526073 0.605469 0.0409241
0 0.0593927 0.688477 0.108046 0.228516 0.0238647
0 0.0580909 0.629883 0.110649 0.337891 0.0236511
0 0.0626471 0.418945 0.112927 0.225586 0.0157776
0 0.0698068 0.236084 0.122691 0.233398 0.0134277
0 0.148685 0.202637 0.197949 0.310547 0.0131226
0 0.0843295 0.169983 0.154177 0.311401 0.0106964
0 0.136196 0.427246 0.25547 0.832031 0.0104523
0 0.0637861 0.552246 0.117809 0.495117 0.00985718
0 0.131518 0.265381 0.248554 0.521973 0.00834656
0 0.288665 0.37207 0.57733 0.735352 0.00677109
0 0.13762 0.278809 0.233747 0.285156 0.00584412
0 0.326741 0.146545 0.186802 0.2323 0.00510025
0 0.536324 0.386597 0.109348 0.158447 0.00502014
0 0.374906 0.316467 0.493366 0.473511 0.00496292
0 0.541531 0.364258 0.131478 0.191406 0.00468063
0 0.341061 0.108032 0.157513 0.156006 0.00450516
0 0.19624 0.44043 0.372303 0.876953 0.00443268
0 0.516798 0.362305 0.132779 0.192383 0.00441742
0 0.167642 0.293701 0.176307 0.27002 0.00426483
0 0.55162 0.386719 0.162069 0.21875 0.00387001
0 0.173947 0.344238 0.187128 0.352539 0.00378036
0 0.0471887 0.694824 0.0943774 0.200195 0.00340271
0 0.131152 0.141724 0.25189 0.283447 0.00322342
0 0.595554 0.343018 0.0611826 0.111816 0.00299263
0 0.136359 0.326172 0.272718 0.652344 0.00292397
0 0.19087 0.219971 0.381741 0.439941 0.00271416
0 0.549342 0.318848 0.080709 0.149414 0.00270462
0 0.171507 0.380859 0.222601 0.407227 0.00269318
0 0.495319 0.338867 0.180944 0.238281 0.00254059
0 0.0672033 0.714844 0.1113 0.214844 0.00219917
0 0.456185 0.290588 0.50915 0.418823 0.00211525
0 0.278251 0.233398 0.556502 0.46582 0.00206757
0 0.453988 0.638672 0.410705 0.480469 0.00205803
0 0.410054 0.22998 0.432184 0.395508 0.00203514
0 0.573099 0.345215 0.624193 0.626953 0.00200272
0 0.473189 0.30835 0.235618 0.305176 0.00186062
0 0.304042 0.190857 0.219834 0.322388 0.00168705
0 0.205027 0.665039 0.264257 0.375 0.00160408
0 0.423722 0.270264 0.342362 0.410645 0.00148392
0 0.141566 0.228088 0.283132 0.44812 0.0014782
0 0.159628 0.157227 0.182572 0.277344 0.00147247
0 0.256121 0.616211 0.382717 0.476562 0.00147247
0 0.406799 0.324707 0.425675 0.366211 0.00140476
0 0.360261 0.556152 0.609874 0.713867 0.89209
0 0.0524771 0.708008 0.0948656 0.183594 0.325928
0 0.0615081 0.69043 0.102513 0.193359 0.0294189
0 0.0611013 0.64502 0.108209 0.297852 0.026062
0 0.0694813 0.210449 0.105117 0.188477 0.025177
0 0.0680982 0.257812 0.102025 0.211914 0.0209656
0 0.101049 0.164612 0.182572 0.313354 0.0182343
0 0.0631353 0.558716 0.108697 0.497803 0.0139542
0 0.165649 0.463745 0.284434 0.865479 0.0118713
0 0.496621 0.350342 0.156211 0.202637 0.0116882
0 0.456266 0.608276 0.39964 0.568604 0.0113297
0 0.0672033 0.295166 0.100886 0.225098 0.00967407
0 0.0639489 0.338379 0.110975 0.370117 0.00841522
0 0.529165 0.344971 0.160116 0.190918 0.00784302
0 0.0676914 0.432739 0.099259 0.253662 0.00669098
0 0.0426326 0.704102 0.0852651 0.201172 0.00643921
0 0.0680168 0.370605 0.0950283 0.236328 0.00598145
0 0.137335 0.191895 0.222601 0.383789 0.00595856
0 0.183507 0.636841 0.239605 0.5271 0.00516129
0 0.55943 0.363281 0.151655 0.202148 0.00416565
0 0.546087 0.333008 0.101537 0.172852 0.0041008
0 0.183873 0.704102 0.233015 0.369141 0.00405502
0 0.59946 0.33252 0.0468633 0.0869141 0.00365067
0 0.0628912 0.232422 0.09812 0.168945 0.00331116
0 0.0794072 0.164795 0.136359 0.289551 0.00318527
0 0.482952 0.351562 0.183548 0.248047 0.00309944
0 0.159465 0.273438 0.172157 0.277344 0.00290108
0 0.0740375 0.72168 0.0907976 0.197266 0.00281143
0 0.0602063 0.461914 0.099259 0.22168 0.00269318
0 0.18485 0.380005 0.152306 0.30835 0.00260162
0 0.711411 0.541504 0.0885195 0.249023 0.00257111
0 0.175412 0.30127 0.160767 0.25293 0.002388
0 0.709458 0.56543 0.0781055 0.189453 0.00225258
0 0.142217 0.131348 0.208932 0.25 0.00209045
0 0.362214 0.483398 0.0566265 0.0625 0.0020752
0 0.383368 0.542969 0.0559756 0.0703125 0.00206757
0 0.593764 0.326172 0.0621589 0.125 0.00200272
0 0.163045 0.327637 0.104141 0.164062 0.00195694
0 0.54804 0.375854 0.186151 0.263916 0.00189686
0 0.37035 0.531738 0.0585791 0.0771484 0.00183868
0 0.708807 0.575195 0.0650879 0.111328 0.00182438
0 0.172483 0.386841 0.114555 0.1521 0.00175476
0 0.7036 0.286133 0.0572773 0.0722656 0.00170708
0 0.438042 0.603516 0.343664 0.253906 0.00165462
0 0.154299 0.290283 0.271986 0.554199 0.00162888
0 0.207956 0.822266 0.274671 0.214844 0.00158501
0 0.396711 0.35498 0.415912 0.355469 0.00157356
0 0.712062 0.476685 0.0885195 0.421631 0.00154877
0 0.183222 0.493164 0.141241 0.275391 0.00150108
0 0.266942 0.549316 0.0623217 0.0839844 0.00148964
0 0.357007 0.541992 0.624193 0.746094 0.830566
0 0.0510126 0.702148 0.101374 0.189453 0.435791
0 0.0579282 0.644043 0.101863 0.306641 0.0412292
0 0.0608572 0.681641 0.114229 0.22168 0.0233765
0 0.0691559 0.26001 0.110975 0.20459 0.0228424
0 0.0719221 0.208496 0.105442 0.1875 0.0193024
0 0.712712 0.579102 0.0846143 0.193359 0.0178528
0 0.709458 0.577148 0.0781055 0.146484 0.0166626
0 0.19087 0.511597 0.330321 0.76001 0.0130234
0 0.0624844 0.56543 0.109999 0.460938 0.0129242
0 0.713363 0.544434 0.0911231 0.249023 0.012825
0 0.089984 0.173096 0.1663 0.304199 0.0126724
0 0.0654947 0.31543 0.116345 0.326172 0.0126266
0 0.0693186 0.296143 0.115531 0.22998 0.0108566
0 0.0649252 0.19165 0.111951 0.265625 0.0106125
0 0.455615 0.616211 0.374906 0.517578 0.00955963
0 0.709458 0.539551 0.117158 0.337891 0.00878143
0 0.19445 0.717773 0.2776 0.388672 0.00857544
0 0.0639489 0.37085 0.113904 0.302246 0.00723267
0 0.693837 0.630371 0.106744 0.255859 0.0068512
0 0.0621589 0.428711 0.10707 0.21582 0.00669098
0 0.0455615 0.696289 0.0911231 0.205078 0.00653839
0 0.182246 0.598145 0.269464 0.579102 0.0064621
0 0.708156 0.609375 0.085916 0.222656 0.00572968
0 0.0746884 0.411621 0.101537 0.205078 0.00482941
0 0.0584164 0.449707 0.102188 0.143555 0.00475693
0 0.17411 0.361816 0.203725 0.354492 0.00432968
0 0.383042 0.544434 0.0559756 0.0703125 0.00428009
0 0.0667965 0.710938 0.114717 0.211914 0.00400543
0 0.150028 0.467285 0.275322 0.87793 0.00380898
0 0.706855 0.467773 0.104141 0.40918 0.00324821
0 0.126271 0.172363 0.241151 0.300293 0.00319672
0 0.157838 0.289551 0.19982 0.263672 0.00319672
0 0.808392 0.413574 0.338457 0.678711 0.00296974
0 0.139573 0.205811 0.2357 0.395996 0.0029583
0 0.519401 0.356689 0.160116 0.210449 0.0029583
0 0.64437 0.625977 0.0846143 0.267578 0.00274658
0 0.0318524 0.678223 0.0637048 0.227539 0.00265312
0 0.171995 0.493652 0.184524 0.539062 0.00263214
0 0.629888 0.65332 0.094052 0.251953 0.00259018
0 0.565288 0.364746 0.145146 0.202148 0.00244331
0 0.152794 0.537109 0.247659 0.59668 0.00229645
0 0.369048 0.534668 0.0663897 0.0898438 0.00218201
0 0.376208 0.569336 0.117158 0.128906 0.00213242
0 0.834427 0.406738 0.205678 0.258789 0.00211525
0 0.15198 0.228027 0.204376 0.290039 0.00209999
0 0.657388 0.591309 0.0989336 0.34668 0.00193405
0 0.545762 0.344727 0.149051 0.189453 0.00186729
0 0.559756 0.407715 0.174436 0.269531 0.00174141
0 0.727683 0.519531 0.119762 0.3125 0.00173378
0 0.373523 0.536133 0.617196 0.710938 0.678223
0 0.0513381 0.700684 0.0990963 0.208008 0.36377
0 0.0602063 0.580566 0.110649 0.442383 0.113953
0 0.057196 0.645508 0.104954 0.30957 0.0800781
0 0.0735493 0.550293 0.139614 0.487305 0.0535889
0 0.0621589 0.6875 0.111951 0.244141 0.0302734
0 0.0659829 0.2771 0.11309 0.215332 0.0268097
0 0.0624844 0.367432 0.114229 0.377441 0.014061
0 0.160401 0.597656 0.218777 0.505859 0.0132751
0 0.0645997 0.354492 0.113253 0.263672 0.0126266
0 0.384019 0.546387 0.0533721 0.0673828 0.00933838
0 0.143844 0.489258 0.286387 0.703125 0.0091629
0 0.0648438 0.225342 0.113741 0.246582 0.00769424
0 0.184524 0.525391 0.327392 0.685547 0.00720596
0 0.178015 0.40625 0.123016 0.177734 0.00677109
0 0.161418 0.388672 0.0813599 0.0771484 0.005867
0 0.18908 0.638672 0.146448 0.191406 0.00559998
0 0.37035 0.538086 0.0676914 0.0898438 0.00502014
0 0.176388 0.335205 0.158164 0.311035 0.00488663
0 0.159465 0.529785 0.173134 0.477539 0.0046463
0 0.464402 0.607422 0.346918 0.458984 0.00460815
0 0.419817 0.625 0.480349 0.509766 0.00455475
0 0.164998 0.350098 0.0995845 0.123047 0.00436401
0 0.710109 0.588867 0.0794072 0.1875 0.00436401
0 0.264908 0.521973 0.496621 0.72168 0.0041008
0 0.180456 0.450195 0.0999099 0.136719 0.00392914
0 0.380113 0.567871 0.0650879 0.0869141 0.00353813
0 0.706855 0.583008 0.0742002 0.135742 0.00353813
0 0.0483278 0.693359 0.0966555 0.226562 0.00329781
0 0.155845 0.292725 0.187534 0.250488 0.00318527
0 0.369699 0.512695 0.085916 0.125 0.003088
0 0.59946 0.334473 0.048165 0.0859375 0.00246239
0 0.193026 0.708984 0.272637 0.382812 0.00239754
0 0.508336 0.354736 0.123667 0.182129 0.00234222
0 0.189406 0.530273 0.154909 0.255859 0.00230598
0 0.123342 0.62207 0.178341 0.373047 0.00220871
0 0.712062 0.529297 0.108046 0.322266 0.00216484
0 0.550644 0.347168 0.136685 0.181641 0.00214958
0 0.0340084 0.644531 0.0680168 0.300781 0.00191212
0 0.345617 0.500977 0.169229 0.171875 0.00176811
0 0.554874 0.300537 0.064437 0.102051 0.00174141
0 0.246683 0.363525 0.167276 0.361816 0.00168705
0 0.202098 0.370361 0.146448 0.251465 0.00160408
0 0.69644 0.636719 0.0833125 0.253906 0.00156689
0 0.323487 0.420898 0.404847 0.50293 0.00156116
0 0.702949 0.504028 0.127572 0.470459 0.0014782
0 0.115856 0.682617 0.14775 0.296875 0.00146103
0 0.366445 0.569336 0.137986 0.119141 0.00138855
0 0.202912 0.461914 0.127247 0.182617 0.00132465
0 0.390527 0.505371 0.119111 0.148438 0.00130939
0 0.34879 0.541016 0.630214 0.730469 0.700195
0 0.0514194 0.705078 0.102839 0.1875 0.552734
0 0.0615081 0.689453 0.118135 0.230469 0.0866089
0 0.189731 0.691406 0.281831 0.445312 0.0772095
0 0.455941 0.618164 0.358634 0.501953 0.0734253
0 0.0640302 0.635254 0.119274 0.329102 0.0682983
0 0.0735493 0.567383 0.146448 0.448242 0.0682983
0 0.184361 0.611328 0.275647 0.546875 0.0486755
0 0.0652506 0.268555 0.112927 0.203125 0.0346069
0 0.0672033 0.233887 0.111951 0.171875 0.0333252
0 0.192009 0.56543 0.33325 0.646484 0.0250397
0 0.0781055 0.179688 0.149051 0.320312 0.0173798
0 0.0647625 0.205994 0.115531 0.243286 0.0153046
0 0.067366 0.30835 0.113904 0.180176 0.0140076
0 0.382391 0.548828 0.0566265 0.0703125 0.0139542
0 0.067366 0.504028 0.11488 0.327881 0.0106506
0 0.379788 0.567383 0.0689932 0.0917969 0.00926971
0 0.0698881 0.716309 0.108209 0.201172 0.0078125
0 0.323161 0.394531 0.418515 0.460938 0.00775528
0 0.0667151 0.400513 0.108046 0.157959 0.00658798
0 0.168903 0.483887 0.31828 0.84082 0.00626373
0 0.0618335 0.474121 0.105768 0.209961 0.00609589
0 0.0631353 0.402344 0.112927 0.219727 0.00575256
0 0.368723 0.540039 0.0683423 0.0917969 0.00570679
0 0.145471 0.563354 0.270115 0.437744 0.00530243
0 0.366445 0.513672 0.0898213 0.130859 0.00488663
0 0.121389 0.170654 0.237571 0.305176 0.00411606
0 0.526561 0.385254 0.0898213 0.137695 0.00407028
0 0.710109 0.582031 0.0676914 0.112305 0.00358009
0 0.511591 0.356445 0.119111 0.178711 0.00351143
0 0.0464565 0.694824 0.092913 0.210938 0.00351143
0 0.556827 0.348389 0.138637 0.179199 0.00342941
0 0.1484 0.280273 0.206979 0.253906 0.00319672
0 0.561383 0.381348 0.150353 0.193359 0.00309944
0 0.342444 0.503418 0.219834 0.18457 0.00309944
0 0.549016 0.380005 0.124318 0.157959 0.0030632
0 0.600273 0.333984 0.0543484 0.0917969 0.00299263
0 0.155072 0.241943 0.186477 0.213379 0.0028553
0 0.384669 0.414551 0.386622 0.405273 0.00279999
0 0.155235 0.385742 0.0702949 0.0722656 0.00265312
0 0.155886 0.354004 0.0800581 0.101562 0.00257111
0 0.448781 0.583008 0.421119 0.611328 0.00256157
0 0.189894 0.414551 0.161743 0.229492 0.0024929
0 0.71076 0.574219 0.0728984 0.164062 0.00243378
0 0.160482 0.499878 0.191277 0.336182 0.00239754
0 0.38532 0.500977 0.127572 0.160156 0.00225258
0 0.176876 0.329102 0.168903 0.285156 0.00216484
0 0.0667151 0.163147 0.116507 0.266479 0.00186062
0 0.137173 0.407715 0.272393 0.801758 0.00179577
0 0.555851 0.302734 0.0676914 0.104492 0.00175476
0 0.352695 0.538574 0.634119 0.719727 0.767578
0 0.0527212 0.702148 0.0999099 0.191406 0.621582
0 0.0608572 0.680176 0.115856 0.253906 0.0994873
0 0.0790818 0.563965 0.156211 0.462891 0.0343018
0 0.109022 0.52832 0.216743 0.53125 0.0127716
0 0.71076 0.580078 0.0676914 0.113281 0.0115967
0 0.162394 0.561035 0.247985 0.552734 0.00985718
0 0.0683423 0.234863 0.10349 0.150391 0.0088501
0 0.38109 0.54248 0.0533721 0.0664062 0.00812531
0 0.0670405 0.267578 0.10772 0.202148 0.00751877
0 0.709458 0.575195 0.0702949 0.169922 0.00671768
0 0.0670405 0.189209 0.122691 0.279785 0.0064888
0 0.197216 0.527466 0.339759 0.693115 0.00548935
0 0.549016 0.348145 0.143844 0.185547 0.0051384
0 0.371001 0.536133 0.0663897 0.0878906 0.00469971
0 0.523958 0.358398 0.141892 0.204102 0.00453949
0 0.0480837 0.688965 0.0961674 0.230469 0.00448608
0 0.0878687 0.444824 0.116507 0.380859 0.00446701
0 0.164062 0.431763 0.20104 0.486084 0.00428009
0 0.11427 0.28833 0.197786 0.233887 0.00408554
0 0.0669592 0.227051 0.111138 0.201172 0.00385475
0 0.0659015 0.600098 0.11846 0.401367 0.00365067
0 0.452035 0.623535 0.388575 0.508789 0.00359344
0 0.180131 0.327148 0.161093 0.279297 0.00348282
0 0.182246 0.359863 0.186151 0.351562 0.00345612
0 0.341793 0.394531 0.426814 0.433594 0.00338936
0 0.559756 0.37207 0.153607 0.209961 0.00337601
0 0.714665 0.541504 0.0911231 0.251953 0.00322342
0 0.594252 0.335449 0.0637861 0.117188 0.00311089
0 0.702949 0.620117 0.0676914 0.181641 0.00304031
0 0.45887 0.573242 0.249938 0.316406 0.00293541
0 0.111341 0.336426 0.171751 0.326172 0.00287819
0 0.144658 0.47998 0.28476 0.711914 0.00287819
0 0.364492 0.501953 0.127572 0.167969 0.00279045
0 0.170368 0.29126 0.171507 0.233887 0.00266266
0 0.551945 0.321289 0.0898213 0.147461 0.0024929
0 0.0684237 0.525391 0.123504 0.482422 0.00225258
0 0.71076 0.605469 0.0702949 0.166016 0.00211525
0 0.0654133 0.280273 0.119111 0.269531 0.00195694
0 0.149702 0.25415 0.20763 0.285645 0.00189686
0 0.184199 0.425903 0.188104 0.329834 0.00181007
0 0.503129 0.345215 0.171832 0.202148 0.00178242
0 0.578631 0.330078 0.0976318 0.134766 0.00170708
0 0.360912 0.392456 0.305913 0.383057 0.00166798
0 0.19921 0.616699 0.302577 0.569336 0.00161076
0 0.257097 0.486206 0.115856 0.250244 0.0015974
0 0.247659 0.570801 0.366445 0.649414 0.00158501
0 0.715967 0.380005 0.080709 0.230225 0.00151253
0 0.113863 0.172363 0.212268 0.295898 0.00146103
0 0.114229 0.671875 0.158489 0.314453 0.00144958
0 0.357414 0.548828 0.616871 0.689453 0.841797
0 0.049955 0.703125 0.0995845 0.191406 0.619629
0 0.0561383 0.674805 0.104792 0.249023 0.0370483
0 0.0758274 0.566406 0.149051 0.461914 0.0249939
0 0.0672033 0.173584 0.124643 0.299316 0.0204163
0 0.0623217 0.215576 0.110649 0.19873 0.0184784
0 0.110365 0.529297 0.217312 0.535156 0.0139008
0 0.0629725 0.255615 0.112602 0.210449 0.0137939
0 0.709458 0.579102 0.0676914 0.119141 0.0122375
0 0.168903 0.566895 0.272718 0.589844 0.0102921
0 0.477094 0.59668 0.290292 0.439453 0.00948334
0 0.709458 0.574707 0.0728984 0.180664 0.00746155
0 0.0452361 0.693359 0.0904722 0.216797 0.00653839
0 0.116995 0.166565 0.221624 0.289917 0.006073
0 0.0613453 0.607422 0.109022 0.380859 0.00575256
0 0.0966962 0.282959 0.184117 0.241699 0.0050621
0 0.712062 0.541016 0.0937266 0.269531 0.0046463
0 0.0810344 0.498535 0.135057 0.525391 0.00450516
0 0.553898 0.347168 0.151004 0.196289 0.00439835
0 0.450408 0.61377 0.382717 0.522461 0.00438309
0 0.7036 0.617676 0.0676914 0.179688 0.00407028
0 0.380113 0.543457 0.0559756 0.0751953 0.00388527
0 0.514194 0.35498 0.139288 0.196289 0.00359344
0 0.0628098 0.28125 0.119111 0.292969 0.00338936
0 0.064437 0.526367 0.120087 0.453125 0.00305176
0 0.160808 0.45166 0.195182 0.538086 0.00305176
0 0.0883568 0.335449 0.157187 0.334961 0.00300407
0 0.132739 0.201904 0.2357 0.380371 0.0029583
0 0.196891 0.526367 0.341061 0.708984 0.00284576
0 0.371001 0.536133 0.0663897 0.0957031 0.00265312
0 0.71076 0.603516 0.0702949 0.164062 0.00257111
0 0.157797 0.241638 0.179073 0.243286 0.00256157
0 0.5923 0.330322 0.0702949 0.127441 0.00256157
0 0.160401 0.284668 0.182327 0.242188 0.00254059
0 0.177365 0.331787 0.150353 0.281738 0.00251198
0 0.553247 0.320068 0.0937266 0.146973 0.00245285
0 0.18485 0.376953 0.185501 0.394531 0.00239754
0 0.153445 0.0852051 0.170205 0.13916 0.00227928
0 0.709458 0.519409 0.111951 0.365479 0.00226021
0 0.191196 0.691406 0.281505 0.414062 0.00209999
0 0.556502 0.401367 0.177039 0.28418 0.0020504
0 0.0617521 0.360352 0.11667 0.337891 0.00202751
0 0.17411 0.302734 0.137335 0.208984 0.00201988
0 0.143519 0.102539 0.193311 0.176758 0.00191879
0 0.623542 0.668457 0.080709 0.188477 0.00182438
0 0.190341 0.438477 0.223984 0.486328 0.00178242
0 0.060369 0.518066 0.105442 0.286133 0.00170708
0 0.578631 0.327637 0.0950283 0.136719 0.0017004
0 0.2405 0.484375 0.249287 0.512695 0.00169373
0 0.2405 0.566895 0.352125 0.655273 0.0016489
0 0.358553 0.556152 0.617196 0.706055 0.841797
0 0.051094 0.70459 0.0989336 0.19043 0.597168
0 0.0602063 0.681641 0.113253 0.25 0.0794678
0 0.0815226 0.560059 0.160116 0.473633 0.0352173
0 0.709458 0.576172 0.0676914 0.126953 0.0191956
0 0.114717 0.52063 0.22618 0.546631 0.0167847
0 0.0629725 0.223633 0.110975 0.222168 0.0150146
0 0.0691559 0.177246 0.126921 0.306641 0.0132751
0 0.71076 0.571777 0.075502 0.18457 0.0130234
0 0.190097 0.565918 0.2824 0.647461 0.0102081
0 0.714665 0.541992 0.0937266 0.255859 0.00818634
0 0.0641116 0.595703 0.112602 0.40625 0.00669098
0 0.0462124 0.69043 0.0924248 0.220703 0.0064888
0 0.107558 0.286133 0.204051 0.260742 0.00602722
0 0.704251 0.619141 0.0702949 0.199219 0.00584412
0 0.0885195 0.482422 0.1484 0.541016 0.00582123
0 0.532094 0.360596 0.12562 0.203613 0.00530243
0 0.555525 0.347656 0.13343 0.185547 0.0051384
0 0.459521 0.613281 0.371001 0.525391 0.00468063
0 0.508987 0.356445 0.131478 0.191406 0.00466537
0 0.106744 0.336426 0.196565 0.368164 0.00416565
0 0.161703 0.427856 0.199901 0.497803 0.00407028
0 0.181921 0.362305 0.189406 0.371094 0.00403976
0 0.711411 0.601074 0.0715967 0.180664 0.00399017
0 0.47384 0.584473 0.28118 0.399414 0.00383949
0 0.0641929 0.307129 0.117646 0.37793 0.00380898
0 0.065332 0.518677 0.118623 0.48999 0.00372124
0 0.598971 0.333008 0.0543484 0.104492 0.00359344
0 0.713363 0.51709 0.114555 0.360352 0.00359344
0 0.162679 0.285645 0.183629 0.245117 0.00332451
0 0.382066 0.54541 0.0559756 0.0742188 0.00332451
0 0.136034 0.405762 0.272067 0.75293 0.003088
0 0.555851 0.323242 0.0833125 0.146484 0.0030632
0 0.132739 0.201416 0.239605 0.38916 0.00299263
0 0.112765 0.168213 0.212837 0.293457 0.0029583
0 0.176714 0.301514 0.147099 0.218262 0.00284576
0 0.791469 0.472168 0.260352 0.435547 0.00270462
0 0.151167 0.509277 0.274345 0.758789 0.00260162
0 0.178666 0.318359 0.169229 0.280273 0.0024929
0 0.261328 0.565308 0.405498 0.658447 0.00248146
0 0.743304 0.498535 0.143193 0.371094 0.00245285
0 0.833776 0.393555 0.186151 0.24707 0.00239754
0 0.58335 0.328613 0.0855906 0.129883 0.00224304
0 0.185216 0.416016 0.208851 0.430664 0.00219154
0 0.371977 0.538086 0.0702949 0.101562 0.00206757
0 0.0611826 0.519043 0.105442 0.322266 0.00201035
0 0.735493 0.533203 0.122365 0.285156 0.00199509
0 0.628749 0.673828 0.075502 0.177734 0.00191212
0 0.645672 0.623535 0.0728984 0.242188 0.00173378
0 0.556502 0.39856 0.173134 0.267334 0.0015974
0 0.358553 0.556152 0.617196 0.706055 0.841797
0 0.051094 0.704102 0.0989336 0.191406 0.597168
0 0.0602063 0.681641 0.113253 0.249023 0.0803833
0 0.0813599 0.560059 0.160116 0.473633 0.035553
0 0.709458 0.576172 0.0676914 0.126953 0.0193024
0 0.114595 0.52063 0.226425 0.546631 0.016922
0 0.0629725 0.223572 0.110975 0.221802 0.0149536
0 0.0691559 0.177246 0.126596 0.306641 0.0132217
0 0.71076 0.571777 0.075502 0.18457 0.0131226
0 0.190016 0.565918 0.281912 0.647461 0.0102463
0 0.714665 0.541992 0.0937266 0.255859 0.00815582
0 0.0641116 0.595215 0.112602 0.40625 0.00677109
0 0.0462124 0.69043 0.0924248 0.220703 0.0064888
0 0.10707 0.286133 0.203074 0.259766 0.00600433
0 0.704251 0.618652 0.0702949 0.198242 0.005867
0 0.0885195 0.48291 0.148075 0.541992 0.00584412
0 0.532094 0.36084 0.12562 0.203125 0.00530243
0 0.555525 0.347656 0.13343 0.185547 0.0051384
0 0.459521 0.613403 0.371001 0.525146 0.00471878
0 0.509313 0.356689 0.130827 0.190918 0.0046463
0 0.106459 0.336426 0.195833 0.368164 0.00416565
0 0.161743 0.428223 0.19982 0.49707 0.00408554
0 0.181921 0.362305 0.189406 0.371094 0.00403976
0 0.711411 0.601074 0.0715967 0.180664 0.00400543
0 0.47384 0.584473 0.28118 0.398438 0.00383949
0 0.0641929 0.306885 0.117646 0.377441 0.00380898
0 0.065332 0.519409 0.118623 0.492432 0.00374985
0 0.598971 0.333008 0.0543484 0.104492 0.00359344
0 0.713363 0.517456 0.114555 0.359619 0.00359344
0 0.382066 0.544922 0.0559756 0.0742188 0.00333786
0 0.16272 0.285645 0.183548 0.245117 0.00329781
0 0.136034 0.405762 0.272067 0.75293 0.00307465
0 0.555851 0.323242 0.0833125 0.146484 0.00305176
0 0.132779 0.201416 0.239523 0.38916 0.00296974
0 0.112765 0.168213 0.212512 0.293457 0.00293541
0 0.176714 0.301758 0.147099 0.217773 0.00283432
0 0.790818 0.472168 0.260352 0.435547 0.00271416
0 0.151004 0.509277 0.27402 0.756836 0.00260162
0 0.178666 0.318359 0.169229 0.280273 0.0024929
0 0.261328 0.565308 0.405498 0.658447 0.0024929
0 0.743304 0.498535 0.143193 0.371094 0.00246239
0 0.834427 0.393555 0.18485 0.246094 0.00239754
0 0.58335 0.328613 0.0855906 0.129883 0.00223351
0 0.185216 0.416016 0.208851 0.429688 0.00219154
0 0.371977 0.538086 0.0702949 0.101562 0.00206757
0 0.0611826 0.52002 0.105768 0.324219 0.00202751
0 0.735493 0.533203 0.122365 0.285156 0.00200272
0 0.502479 0.34668 0.17053 0.200195 0.00198746
0 0.628749 0.673828 0.075502 0.177734 0.00191212
0 0.645672 0.623047 0.0728984 0.242188 0.00173378
