0 0.368316 0.264099 0.260514 0.430786 0.708008
0 0.375557 0.217346 0.249938 0.268433 0.132568
0 0.890853 0.908203 0.218294 0.164062 0.0661011
0 0.885195 0.929688 0.218695 0.111328 0.0397949
0 0.894308 0.87793 0.210885 0.232422 0.0301514
0 0.887273 0.797363 0.225454 0.405273 0.0194244
0 0.394433 0.306396 0.317629 0.409668 0.0183411
0 0.364492 0.409668 0.135383 0.137695 0.0105286
0 0.485881 0.321533 0.508336 0.427246 0.00941467
0 0.5 0.5 1 1 0.00740433
0 0.67053 0.650269 0.658939 0.699463 0.00740433
0 0.593076 0.5 0.813849 1 0.00701141
0 0.617809 0.666016 0.764382 0.667969 0.0069313
0 0.5 0.5 1 1 0.00658798
0 0.748636 0.5 0.502729 1 0.00631332
0 0.555976 0.5 0.888049 1 0.00614548
0 0.66272 0.5 0.674561 1 0.00595856
0 0.524733 0.721191 0.950533 0.557617 0.00591278
0 0.484579 0.5 0.969159 1 0.00584412
0 0.5 0.5 1 1 0.00566483
0 0.765396 0.612183 0.469208 0.775635 0.00548935
0 0.5 0.662354 1 0.675293 0.00530243
0 0.5 0.59082 1 0.818359 0.00516129
0 0.353427 0.449219 0.0898213 0.0878906 0.0046463
0 0.5 0.5 1 1 0.00436401
0 0.512692 0.5 0.974616 1 0.0037365
0 0.593602 0.308533 0.728984 0.478638 0.00370789
0 0.42177 0.264893 0.199169 0.364746 0.00369263
0 0.386948 0.20752 0.310469 0.331055 0.00349617
0 0.857983 0.886963 0.284033 0.226074 0.00344276
0 0.360668 0.279053 0.287526 0.221191 0.00284576
0 0.889226 0.854492 0.221549 0.291016 0.00283432
0 0.871001 0.936768 0.257998 0.126465 0.00226974
0 0.854729 0.806152 0.290542 0.354492 0.00191879
0 0.359611 0.383301 0.247334 0.216797 0.00186729
0 0.856031 0.906738 0.287938 0.186523 0.00174141
0 0.865794 0.958008 0.268412 0.0839844 0.00172043
0 0.474409 0.690918 0.506547 0.571289 0.00164223
0 0.515496 0.780273 0.527212 0.408203 0.00157928
0 0.609999 0.276367 0.780003 0.552734 0.00122547
0 0.462775 0.820312 0.432184 0.347656 0.00117397
0 0.377428 0.251953 0.320395 0.503906 0.00104809
0 0.368967 0.276123 0.293058 0.359863 0.273682
0 0.383368 0.284424 0.219997 0.445801 0.132568
0 0.364818 0.212158 0.294848 0.226562 0.0775146
0 0.394107 0.187927 0.195915 0.24231 0.0656128
0 0.366445 0.289001 0.135383 0.408325 0.0623169
0 0.354078 0.433105 0.080709 0.119141 0.0607605
0 0.354729 0.407227 0.0846143 0.152344 0.0596619
0 0.452035 0.188538 0.0930757 0.200073 0.0368347
0 0.269464 0.268799 0.0735493 0.0864258 0.0334778
0 0.283051 0.2229 0.117321 0.198242 0.026062
0 0.882717 0.805664 0.234566 0.363281 0.0118256
0 0.275403 0.183838 0.0857533 0.0976562 0.0078125
0 0.346918 0.400391 0.106744 0.175781 0.0078125
0 0.322185 0.325928 0.139288 0.312988 0.0077858
0 0.5 0.359131 1 0.718262 0.00748825
0 0.5 0.275879 1 0.551758 0.00748825
0 0.5 0.5 1 1 0.00717545
0 0.885846 0.866699 0.223902 0.229492 0.00638962
0 0.825315 0.773438 0.339759 0.453125 0.00619125
0 0.86677 0.771973 0.266459 0.456055 0.005867
0 0.761002 0.84375 0.477995 0.3125 0.005867
0 0.54088 0.533203 0.799279 0.933594 0.00579834
0 0.349197 0.79834 0.398338 0.40332 0.00559998
0 0.5 0.5 1 1 0.00559998
0 0.62562 0.723145 0.748761 0.553711 0.00557709
0 0.5 0.5 1 1 0.00553513
0 0.330321 0.530273 0.34041 0.884766 0.00494385
0 0.364167 0.373047 0.123016 0.246094 0.00492477
0 0.831948 0.5 0.336104 1 0.00484848
0 0.283458 0.318848 0.448456 0.514648 0.00477219
0 0.449757 0.494141 0.899515 0.988281 0.00460815
0 0.5742 0.5 0.8516 1 0.0045929
0 0.708281 0.787598 0.583438 0.424805 0.00426483
0 0.5 0.5 1 1 0.00421524
0 0.405498 0.821289 0.810995 0.357422 0.00408554
0 0.83703 0.922852 0.114555 0.105469 0.00385475
0 0.931533 0.819336 0.136935 0.361328 0.00352478
0 0.438611 0.217773 0.44276 0.435547 0.00345612
0 0.37035 0.209717 0.31112 0.419434 0.00335121
0 0.5 0.5 1 1 0.00335121
0 0.718408 0.776855 0.521029 0.446289 0.00328636
0 0.893782 0.922852 0.212437 0.144531 0.00307465
0 0.867096 0.813477 0.265809 0.373047 0.00279999
0 0.88532 0.703613 0.229359 0.592773 0.00276756
0 0.480023 0.281738 0.523958 0.563477 0.0026207
0 0.350173 0.799805 0.432184 0.400391 0.00235939
0 0.254656 0.785645 0.509313 0.428711 0.00229645
0 0.101537 0.731201 0.203074 0.537598 0.00219917
0 0.618335 0.749023 0.665198 0.501953 0.00218201
0 0.432509 0.793457 0.473189 0.413086 0.00215721
0 0.360506 0.204346 0.274834 0.286621 0.737793
0 0.407125 0.202393 0.183548 0.26709 0.218018
0 0.387598 0.25824 0.205027 0.394653 0.178345
0 0.809693 0.925537 0.18485 0.148926 0.106323
0 0.372628 0.269287 0.282481 0.42627 0.0759888
0 0.349197 0.210388 0.227157 0.241333 0.0665894
0 0.833125 0.925537 0.137986 0.129395 0.0564575
0 0.345291 0.448242 0.0618335 0.0673828 0.053009
0 0.302333 0.217285 0.134081 0.191406 0.049408
0 0.367096 0.402466 0.124969 0.175537 0.0476074
0 0.81425 0.917969 0.24473 0.154297 0.0427246
0 0.889101 0.928711 0.213488 0.134766 0.0314331
0 0.350173 0.410645 0.0976318 0.140625 0.0249939
0 0.508336 0.290527 0.523307 0.44043 0.0185394
0 0.920343 0.933594 0.154909 0.132812 0.0154877
0 0.428278 0.176025 0.139288 0.195801 0.0141754
0 0.642417 0.847656 0.661293 0.294922 0.0139542
0 0.78496 0.910156 0.321534 0.162109 0.0110703
0 0.363841 0.154724 0.272067 0.197388 0.0109482
0 0.556626 0.855469 0.886747 0.289062 0.00985718
0 0.676063 0.726562 0.647875 0.441406 0.00746155
0 0.37751 0.353027 0.158814 0.303711 0.00712204
0 0.330565 0.111816 0.204539 0.133789 0.00679779
0 0.663897 0.878662 0.425675 0.223145 0.00674438
0 0.565088 0.644531 0.869824 0.466797 0.00651169
0 0.353102 0.321289 0.324789 0.576172 0.00634003
0 0.562359 0.511841 0.765434 0.73999 0.00547028
0 0.637861 0.897461 0.361889 0.183594 0.00510025
0 0.725079 0.913086 0.229109 0.158203 0.00502014
0 0.573424 0.393555 0.706855 0.669922 0.00488663
0 0.689932 0.912109 0.354078 0.164062 0.00452042
0 0.744405 0.765625 0.51119 0.449219 0.00349617
0 0.631803 0.474731 0.736394 0.757568 0.00346947
0 0.301276 0.256836 0.139451 0.230469 0.00337601
0 0.918515 0.841797 0.16297 0.298828 0.00323486
0 0.784309 0.879883 0.423071 0.224609 0.00316048
0 0.310795 0.848633 0.231062 0.238281 0.00307465
0 0.410054 0.146973 0.173134 0.167969 0.00291252
0 0.645146 0.438477 0.709708 0.876953 0.0028553
0 0.569519 0.268005 0.702949 0.477661 0.0027256
0 0.543809 0.908447 0.169879 0.147949 0.00255013
0 0.417213 0.296875 0.249938 0.499023 0.0024147
0 0.398663 0.884766 0.134732 0.179688 0.00216484
0 0.715967 0.611328 0.37751 0.320312 0.00210762
0 0.632779 0 0.734441 0 0.00208282
0 0.662069 0.884521 0.675862 0.230957 0.00208282
0 0.506709 0.844727 0.621589 0.253906 0.00195694
0 0.294523 0.818359 0.589045 0.363281 0.0017271
0 0.498573 0.908447 0.124969 0.140137 0.00172043
0 0.885846 0.791992 0.223902 0.376953 0.00168133
0 0.256121 0.289062 0.512242 0.505859 0.143188
0 0.368397 0.290283 0.264257 0.427246 0.115967
0 0.252541 0.406738 0.505082 0.704102 0.115173
0 0.624193 0.722168 0.661293 0.555664 0.092041
0 0.598158 0.549683 0.689932 0.900635 0.0917358
0 0.391829 0.234314 0.208281 0.320435 0.0775146
0 0.341061 0.462891 0.0624844 0.0722656 0.0594177
0 0.371652 0.217041 0.256446 0.262207 0.0526123
0 0.409403 0.208008 0.173134 0.258789 0.0438538
0 0.582537 0.317139 0.652181 0.557129 0.0436096
0 0.356682 0.418945 0.113904 0.15332 0.0386963
0 0.322185 0.313721 0.359936 0.501465 0.0307312
0 0.84419 0.931641 0.117158 0.115234 0.02948
0 0.385971 0.315674 0.197867 0.358887 0.0279541
0 0.657388 0.795898 0.648275 0.408203 0.0273743
0 0.357414 0.436523 0.310957 0.731445 0.0248871
0 0.273369 0.509277 0.546738 0.981445 0.0230713
0 0.65332 0.883057 0.666825 0.233887 0.0216217
0 0.357007 0.353516 0.17769 0.292969 0.0150757
0 0.615894 0.938477 0.728659 0.123047 0.012825
0 0.307784 0.265137 0.449269 0.530273 0.0127258
0 0.258724 0.275146 0.517449 0.550293 0.0120544
0 0.497597 0.499023 0.642417 0.998047 0.0118713
0 0.335528 0.229065 0.231062 0.251831 0.0102463
0 0.317954 0.946289 0.635909 0.107422 0.0102081
0 0.795374 0.925293 0.406148 0.149414 0.00967407
0 0.632003 0.5 0.555851 0.960938 0.0078125
0 0.428604 0.936035 0.65153 0.12793 0.00766754
0 0.365143 0.5 0.730286 1 0.00664139
0 0.395734 0.266113 0.406148 0.532227 0.00658798
0 0.0433648 0.808594 0.0867296 0.382812 0.00658798
0 0.00805463 0.70166 0.0161093 0.59668 0.00653839
0 0.300381 0.980469 0.600761 0.0390625 0.00651169
0 0.512893 0.623901 0.850048 0.752197 0.00643921
0 0.834427 0.925537 0.19266 0.137207 0.00527954
0 0.796676 0.800781 0.356682 0.398438 0.00518036
0 0.324138 0.881592 0.648275 0.236816 0.00488663
0 0.519401 0.873047 0.85916 0.253906 0.00488663
0 0.321534 0.30835 0.223902 0.395996 0.00446701
0 0.00683423 0.543457 0.0136685 0.913086 0.00424957
0 0.846919 0.942383 0.306163 0.115234 0.00408554
0 0.817504 0.92627 0.275973 0.147461 0.00407028
0 0.1663 0.931152 0.332599 0.137695 0.00387001
0 0.423722 0.898926 0.756321 0.202148 0.00365067
0 0.800581 0.634766 0.33325 0.730469 0.0036068
0 0.723252 0.50769 0.553497 0.961182 0.00342941
0 0.312747 0.252197 0.19982 0.307129 0.00338936
0 0.50378 0.915039 0.0820107 0.111328 0.00317192
0 0.863716 0.934082 0.164021 0.131836 0.00307465
0 0.332599 0.661621 0.535022 0.676758 0.00291252
0 0.361807 0.291504 0.26442 0.44043 0.40918
0 0.362214 0.216553 0.259701 0.311035 0.376709
0 0.886497 0.923584 0.226506 0.152832 0.151001
0 0.880639 0.817383 0.23692 0.365234 0.140869
0 0.383368 0.184631 0.230411 0.256714 0.131592
0 0.897562 0.887207 0.204376 0.225586 0.064209
0 0.393782 0.953125 0.0449106 0.0664062 0.0609741
0 0.312991 0.216309 0.165486 0.249512 0.0607605
0 0.360587 0.378418 0.115206 0.219727 0.0558167
0 0.843664 0.807129 0.312672 0.385742 0.0527039
0 0.346918 0.445801 0.0624844 0.0830078 0.0507202
0 0.328775 0.194092 0.20161 0.279785 0.0505066
0 0.398989 0.210205 0.191358 0.26709 0.0497742
0 0.298103 0.223389 0.130176 0.205078 0.041626
0 0.650879 0.945312 0.0676914 0.09375 0.0400085
0 0.369374 0.307129 0.195915 0.389648 0.0344849
0 0.395734 0.250732 0.206979 0.36377 0.0303802
0 0.479047 0.503418 0.68863 0.981445 0.0247498
0 0.75189 0.806641 0.49622 0.386719 0.0239563
0 0.835729 0.931641 0.132779 0.130859 0.0237274
0 0.355054 0.162598 0.259701 0.280273 0.0224152
0 0.332274 0.303711 0.353427 0.523438 0.0193481
0 0.567892 0.334961 0.663246 0.644531 0.016922
0 0.659991 0.920898 0.0833125 0.136719 0.0165863
0 0.369699 0.347656 0.152957 0.328125 0.0160217
0 0.401592 0.145996 0.193962 0.228516 0.0148392
0 0.316978 0.135254 0.185501 0.21582 0.0139542
0 0.674311 0.794434 0.640465 0.411133 0.0112
0 0.395734 0.935547 0.0494668 0.078125 0.0111618
0 0.584489 0.649414 0.801883 0.701172 0.0110703
0 0.561058 0.955078 0.0663897 0.0703125 0.00971222
0 0.8149 0.925537 0.177039 0.133301 0.00894928
0 0.288665 0.177734 0.160767 0.242188 0.00844574
0 0.326416 0.324707 0.205027 0.393555 0.00815582
0 0.507686 0.907959 0.0585791 0.090332 0.00806427
0 0.35896 0.0756836 0.164672 0.143555 0.00748825
0 0.847895 0.739746 0.30421 0.520508 0.00717545
0 0.305262 0.893555 0.0390527 0.0625 0.00706482
0 0.672358 0.909912 0.105442 0.156738 0.00706482
0 0.485556 0.961914 0.0455615 0.0546875 0.00634003
0 0.514194 0.955078 0.0637861 0.0742188 0.00634003
0 0.624681 0.941406 0.101863 0.09375 0.00579834
0 0.49597 0.905273 0.0546738 0.0800781 0.00526047
0 0.734191 0.898438 0.101537 0.140625 0.00521851
0 0.285817 0.304932 0.43853 0.593262 0.00500107
0 0.833125 0.881836 0.235618 0.236328 0.00482941
0 0.42958 0.962891 0.0598809 0.0585938 0.0046463
0 0.690583 0.897461 0.153607 0.183594 0.00462723
0 0.374906 0.25415 0.302659 0.508301 0.0042305
0 0.716618 0.887695 0.151004 0.167969 0.00407028
0 0.358309 0.295166 0.276624 0.405762 0.5
0 0.353427 0.230042 0.277274 0.342651 0.306641
0 0.348546 0.368652 0.30396 0.558594 0.0800781
0 0.587744 0.637695 0.80709 0.724609 0.0730591
0 0.365143 0.541016 0.281831 0.890625 0.0545044
0 0.625983 0.728516 0.721499 0.533203 0.050415
0 0.268162 0.537109 0.467331 0.882812 0.0502319
0 0.34399 0.453125 0.0533721 0.0742188 0.0483093
0 0.764132 0.831055 0.430882 0.335938 0.0479431
0 0.544786 0.5 0.738097 1 0.0448608
0 0.754494 0.739746 0.491013 0.512695 0.0376892
0 0.751114 0.908447 0.458219 0.183105 0.0315552
0 0.343339 0.451172 0.0833125 0.0878906 0.0309143
0 0.817504 0.910889 0.356682 0.178223 0.0269165
0 0.309493 0.494995 0.618986 0.961182 0.0266571
0 0.648438 0.814941 0.681796 0.370117 0.0266113
0 0.408752 0.216064 0.172483 0.302246 0.0257568
0 0.507686 0.727051 0.632654 0.540039 0.0222931
0 0.429661 0.545776 0.553084 0.873291 0.02211
0 0.721299 0.620728 0.557402 0.758545 0.0210876
0 0.852001 0.942383 0.274671 0.115234 0.0202484
0 0.437065 0.759766 0.469284 0.460938 0.0180511
0 0.277925 0.239746 0.096981 0.19043 0.0151291
0 0.327392 0.356934 0.198518 0.280273 0.0120544
0 0.394758 0.848633 0.451059 0.289062 0.0116882
0 0.302008 0.233887 0.158814 0.209961 0.0115051
0 0.549342 0.799805 0.71857 0.396484 0.0112
0 0.348546 0.739258 0.559105 0.509766 0.0106506
0 0.84419 0.856445 0.300706 0.287109 0.0104065
0 0.105442 0.592651 0.191358 0.4729 0.00844574
0 0.658527 0.814941 0.67724 0.370117 0.00793457
0 0.339759 0.257568 0.351475 0.515137 0.00751877
0 0.671056 0.829102 0.499875 0.330078 0.00695801
0 0.183222 0.649902 0.366445 0.678711 0.00695801
0 0.278251 0.2146 0.110649 0.193848 0.006073
0 0.103449 0.688965 0.195345 0.307617 0.00551224
0 0.395409 0.544312 0.790818 0.911377 0.00469971
0 0.352044 0.388184 0.283946 0.408203 0.0045929
0 0.538277 0.814697 0.714665 0.370605 0.00452042
0 0.485556 0.924805 0.389226 0.140625 0.00441742
0 0.808392 0.808105 0.382717 0.383789 0.00380898
0 0.266209 0.266357 0.532419 0.532715 0.00362206
0 0.743304 0.782715 0.40745 0.295898 0.00355148
0 0.427627 0.905762 0.475142 0.188477 0.00355148
0 0.508336 0.958008 0.0676914 0.0722656 0.00352478
0 0.85538 0.637085 0.28924 0.72583 0.00349617
0 0.31828 0.836426 0.60011 0.323242 0.00335121
0 0.58494 0.550781 0.830121 0.898438 0.00322342
0 0.315676 0.402344 0.219997 0.34082 0.00301552
0 0.883894 0.916016 0.231713 0.167969 0.00283432
0 0.635383 0.849609 0.729234 0.300781 0.143677
0 0.359936 0.300537 0.283783 0.439941 0.138428
0 0.678015 0.895264 0.643969 0.209473 0.123779
0 0.673134 0.807617 0.653732 0.384766 0.0725098
0 0.367747 0.220215 0.257748 0.285156 0.0564575
0 0.332925 0.364258 0.332599 0.556641 0.0525208
0 0.658977 0.901367 0.682046 0.197266 0.046814
0 0.343339 0.453613 0.0533721 0.0595703 0.0271149
0 0.576028 0.785156 0.758925 0.429688 0.0244751
0 0.394758 0.204163 0.203725 0.233276 0.0235138
0 0.357007 0.477051 0.307866 0.78418 0.0231018
0 0.289967 0.411621 0.579933 0.757812 0.0184784
0 0.34041 0.420898 0.0715967 0.0917969 0.0182343
0 0.728784 0.91626 0.542432 0.16748 0.0167847
0 0.574726 0.605469 0.761528 0.783203 0.0160217
0 0.769339 0.922119 0.433485 0.155762 0.0117798
0 0.346918 0.406738 0.0878687 0.15332 0.0111618
0 0.481 0.512207 0.630051 0.975586 0.00941467
0 0.56301 0.865234 0.75502 0.269531 0.00790405
0 0.824463 0.936523 0.351074 0.126953 0.00769424
0 0.301357 0.32373 0.428278 0.551758 0.00588989
0 0.274345 0.501099 0.492715 0.876709 0.00557709
0 0.374906 0.371094 0.219997 0.305664 0.00551224
0 0.706692 0.762207 0.580909 0.473633 0.00548935
0 0.51452 0.84668 0.699695 0.306641 0.00503922
0 0.324463 0.373535 0.190708 0.244141 0.0042305
0 0.313724 0.260498 0.475142 0.520996 0.00403976
0 0.688793 0.912598 0.528188 0.174805 0.00348282
0 0.756772 0.876953 0.486457 0.226562 0.00317192
0 0.420468 0.197266 0.143193 0.224609 0.00314713
0 0.761653 0.814941 0.476693 0.370117 0.00293541
0 0.645146 0.00549316 0.709708 0.0109863 0.00287819
0 0.776135 0.931641 0.447729 0.136719 0.00254059
0 0.871001 0.925537 0.257998 0.148926 0.00230598
0 0.819582 0.93457 0.360837 0.130859 0.00227928
0 0.447805 0.269287 0.532419 0.538574 0.00223351
0 0.815676 0.871582 0.368647 0.256836 0.00211525
0 0.337806 0.515503 0.675612 0.945557 0.00202751
0 0.665198 0.555542 0.669104 0.888916 0.00191879
0 0.576153 0.506836 0.847694 0.986328 0.0016489
0 0.523876 0.298584 0.636722 0.597168 0.00164223
0 0.47742 0.580566 0.763481 0.838867 0.00163555
0 0.413959 0.865234 0.71857 0.269531 0.00147247
0 0.680169 0.857422 0.537626 0.259766 0.00146103
0 0.871001 0.868652 0.257998 0.262695 0.00141048
0 0.756284 0.655762 0.487433 0.688477 0.00141048
0 0.826741 0.88501 0.346518 0.22998 0.00131512
0 0.516472 0.017395 0.552596 0.03479 0.00123978
0 0.630501 0.234375 0.738998 0.46875 0.00123501
0 0.507686 0.369141 0.604016 0.669922 0.0012207
0 0.36254 0.220947 0.262955 0.321777 0.540039
0 0.360912 0.324219 0.279227 0.543945 0.0519409
0 0.346918 0.417847 0.0898213 0.136963 0.0352173
0 0.386622 0.193115 0.216092 0.276367 0.0287018
0 0.28956 0.469727 0.416725 0.800781 0.0146179
0 0.346186 0.319336 0.24229 0.4375 0.00941467
0 0.281505 0.225098 0.109999 0.208008 0.00891876
0 0.692535 0.927246 0.601412 0.145508 0.00844574
0 0.271335 0.182617 0.07957 0.133301 0.00818634
0 0.367096 0.327637 0.154909 0.363281 0.0077858
0 0.88129 0.932617 0.213488 0.134766 0.00695801
0 0.363516 0.450317 0.7036 0.89624 0.00584412
0 0.847444 0.928711 0.130176 0.134766 0.00484848
0 0.69445 0.928223 0.6111 0.143555 0.0037365
0 0.341061 0.224854 0.328043 0.449707 0.00370789
0 0.83703 0.942871 0.130176 0.114258 0.00369263
0 0.587218 0.911865 0.825565 0.17627 0.00366402
0 0.634607 0.830078 0.722476 0.339844 0.00353813
0 0.291268 0.266602 0.136034 0.274414 0.00307465
0 0.374906 0.172119 0.24473 0.344238 0.00301552
0 0.398338 0.955078 0.0611826 0.0664062 0.00265312
0 0.354404 0.416016 0.114555 0.185547 0.00221634
0 0.496621 0.821289 0.667802 0.357422 0.00199509
0 0.178178 0.780273 0.0423071 0.0722656 0.00198746
0 0.274345 0.132568 0.096981 0.182617 0.00192642
0 0.634081 0.700684 0.731838 0.575195 0.00173378
0 0.406148 0.916016 0.268162 0.150391 0.00169373
0 0.589045 0.926025 0.792771 0.147949 0.00162315
0 0.872954 0.919678 0.254093 0.160645 0.00157356
0 0.478396 0.525269 0.73289 0.933838 0.00157356
0 0.578631 0.556152 0.78496 0.887695 0.00154877
0 0.479372 0.886719 0.674961 0.226562 0.00154305
0 0.982827 0.59082 0.0312422 0.0410156 0.00146675
0 0.450083 0.584473 0.797327 0.831055 0.00138855
0 0.791469 0.925293 0.33325 0.149414 0.00127411
0 0.786712 0.933594 0.426576 0.132812 0.00124931
0 0.289316 0.335205 0.420468 0.67041 0.00124454
0 0.318931 0.348145 0.18485 0.374023 0.00118828
0 0.581886 0.862305 0.752416 0.275391 0.00117874
0 0.427302 0.186096 0.139288 0.265503 0.00116539
0 0.873605 0.959473 0.252791 0.0810547 0.00111198
0 0.789316 0.94043 0.421369 0.119141 0.00110722
0 0.519076 0.370117 0.616382 0.691406 0.00109863
0 0.844841 0.894287 0.307215 0.211426 0.00108624
0 0.585791 0.916992 0.268162 0.158203 0.00105286
0 0.495319 0.952148 0.0715967 0.0839844 0.00102425
0 0.361563 0.292542 0.277274 0.438354 0.625977
0 0.855054 0.861816 0.289891 0.276367 0.151978
0 0.384019 0.250244 0.233015 0.342285 0.118774
0 0.860587 0.901367 0.278826 0.197266 0.106323
0 0.393782 0.194275 0.204376 0.265747 0.0897827
0 0.276542 0.52002 0.515659 0.926758 0.0889893
0 0.622691 0.810547 0.754619 0.378906 0.0766602
0 0.365713 0.198242 0.270928 0.301758 0.072876
0 0.594703 0.711426 0.810594 0.577148 0.0611877
0 0.302984 0.475098 0.393782 0.831055 0.0597534
0 0.344315 0.446289 0.0689932 0.0761719 0.0538025
0 0.720323 0.82959 0.559355 0.34082 0.0503235
0 0.368723 0.425903 0.302659 0.724365 0.0440063
0 0.824664 0.807617 0.347569 0.384766 0.0394897
0 0.341061 0.415039 0.130176 0.144531 0.0391235
0 0.39248 0.502075 0.78496 0.974365 0.0344238
0 0.816327 0.857422 0.367346 0.285156 0.0332642
0 0.351475 0.42627 0.105442 0.118164 0.0226746
0 0.327067 0.337891 0.346268 0.554688 0.0223694
0 0.896911 0.894287 0.201772 0.211426 0.0220337
0 0.601537 0.5 0.796926 1 0.0213623
0 0.77402 0.730957 0.45196 0.538086 0.0195007
0 0.369699 0.309082 0.178341 0.373047 0.0181274
0 0.679643 0.829102 0.640715 0.341797 0.0170441
0 0.84464 0.920898 0.310719 0.158203 0.0155411
0 0.793421 0.900391 0.352776 0.199219 0.0154877
0 0.33325 0.353027 0.196565 0.288086 0.0147858
0 0 0.649902 0 0.700195 0.012146
0 0.779878 0.82959 0.440244 0.34082 0.0110703
0 0.79078 0.741211 0.41844 0.517578 0.00874329
0 0.756159 0.819336 0.429906 0.361328 0.00803375
0 0 0.319092 0 0.638184 0.00701141
0 0.665811 0.587769 0.668377 0.824463 0.0068779
0 0.760877 0.876465 0.438692 0.24707 0.00653839
0 0 0.523926 0 0.803711 0.00634003
0 0.423071 0.841309 0.408752 0.30957 0.00582123
0 0.787688 0.658813 0.424623 0.682373 0.00492477
0 0.291919 0.241699 0.128223 0.22168 0.0049057
0 0.320558 0.31842 0.202423 0.452026 0.00468063
0 0.547064 0.489258 0.733541 0.855469 0.00468063
0 0.393212 0.239258 0.408589 0.478516 0.00452042
0 0.739236 0.897461 0.466355 0.205078 0.00382423
0 0.504106 0.82959 0.754369 0.34082 0.00348282
0 0.45171 0.814453 0.596205 0.365234 0.00346947
0 0.794848 0.557129 0.410304 0.885742 0.00337601
0 0.315758 0.239258 0.528351 0.478516 0.00279045
0 0.89626 0.835449 0.203074 0.329102 0.0026722
0 0.782481 0.920898 0.435037 0.158203 0.00266266
0 1 0.757812 0 0.484375 0.00257111
0 0.354729 0.597534 0.635258 0.795166 0.00256157
0 0.36197 0.275391 0.27581 0.404297 0.393311
0 0.362214 0.213135 0.268813 0.294434 0.282959
0 0.390202 0.198181 0.206329 0.265747 0.127686
0 0.34822 0.425659 0.0976318 0.12915 0.0467224
0 0.349522 0.442383 0.0846143 0.0947266 0.0321045
0 0.357658 0.411133 0.120413 0.154297 0.0188293
0 0.357658 0.348145 0.289641 0.569336 0.0180511
0 0.33203 0.230713 0.208119 0.26123 0.0179138
0 0.304042 0.230469 0.148238 0.239258 0.0151901
0 0.500526 0.912109 0.0572773 0.0800781 0.00874329
0 0.36319 0.32373 0.16272 0.347656 0.00584412
0 0.390609 0.223083 0.348708 0.444458 0.00488663
0 0.649577 0.829102 0.6665 0.341797 0.00312424
0 0.397687 0.953125 0.0611826 0.0625 0.00260162
0 0.849397 0.949707 0.132779 0.100586 0.00236893
0 0.691884 0.915039 0.605317 0.169922 0.00184631
0 0.687979 0.772949 0.584489 0.444336 0.00152493
0 0.443818 0.383789 0.485718 0.719727 0.00132465
0 0.64437 0.944336 0.106744 0.0859375 0.00131512
0 0.499875 0.337891 0.594903 0.579102 0.00112438
0 0.282481 0.377075 0.438692 0.687256 0.00104809
0 0.354404 0.289062 0.280529 0.435547 0.558105
0 0.360587 0.217346 0.271417 0.305542 0.157104
0 0.398338 0.195374 0.204376 0.267456 0.0605164
0 0.373605 0.320801 0.213488 0.359375 0.0526123
0 0.750263 0.918945 0.499474 0.162109 0.0299835
0 0.848746 0.90332 0.299404 0.193359 0.0272217
0 0.847244 0.933594 0.305512 0.132812 0.025177
0 0.354404 0.368164 0.305262 0.566406 0.0214844
0 0.34822 0.376831 0.195264 0.244385 0.0214539
0 0.640465 0.878906 0.705553 0.242188 0.0205688
0 0.825315 0.927734 0.339759 0.144531 0.0193481
0 0.850048 0.845215 0.296801 0.30957 0.0190582
0 0.769138 0.931152 0.461723 0.137695 0.0189819
0 0.352451 0.416992 0.106744 0.144531 0.0165253
0 0.348871 0.433594 0.080709 0.0996094 0.0158997
0 0.863841 0.88208 0.272317 0.23584 0.0150757
0 0.764783 0.912109 0.398338 0.175781 0.0139542
0 0.330321 0.435669 0.354729 0.685303 0.0131683
0 0.689281 0.853516 0.60011 0.292969 0.0122375
0 0.788865 0.875977 0.364492 0.248047 0.0109863
0 0.423071 0.38855 0.439994 0.644775 0.0104065
0 0.679154 0.89502 0.641691 0.209961 0.00908661
0 0.812297 0.823242 0.359285 0.353516 0.0069046
0 0.325439 0.36377 0.214139 0.28418 0.00682449
0 0.592137 0.823242 0.807415 0.347656 0.00658798
0 0.88845 0.864746 0.222601 0.270508 0.005867
0 0.264908 0.438965 0.455615 0.657227 0.00534439
0 0.298753 0.246582 0.165974 0.257812 0.0053215
0 0.871652 0.910645 0.256696 0.178711 0.00521851
0 0.652832 0.775879 0.657388 0.405273 0.00511932
0 0.374906 0.270752 0.405498 0.469238 0.00484848
0 0.718408 0.779785 0.432509 0.422852 0.00455475
0 0.540229 0.495605 0.75502 0.893555 0.00438309
0 0.590347 0.63855 0.799279 0.679932 0.00415039
0 0.70181 0.715332 0.575052 0.530273 0.00370789
0 0.32967 0.234436 0.22976 0.244019 0.00353813
0 0.645835 0.896484 0.55162 0.207031 0.00281143
0 0.398338 0.216064 0.210885 0.432129 0.0027256
0 0.378161 0.509644 0.344966 0.91626 0.0027256
0 0.621589 0.905273 0.490763 0.189453 0.0026722
0 0.274996 0.263184 0.549993 0.477539 0.00259018
0 0.570821 0.74707 0.816202 0.484375 0.00257111
0 0.379381 0.220642 0.341223 0.386841 0.0024147
0 0.585791 0.904297 0.467331 0.191406 0.00239754
0 0.573424 0.847656 0.563661 0.292969 0.00235939
0 0.39606 0.845215 0.525259 0.299805 0.00221634
0 0.439343 0.323242 0.546738 0.547852 0.00220871
0 0.339759 0.936523 0.258399 0.0996094 0.00214958
0 0.791431 0.776367 0.417138 0.427734 0.00204277
0 0.240825 0.372559 0.48165 0.507812 0.00186062
0 0.365143 0.306641 0.283783 0.501953 0.706543
0 0.364167 0.223694 0.279227 0.330933 0.112427
0 0.389876 0.196289 0.221299 0.292969 0.0381775
0 0.370676 0.315918 0.223251 0.389648 0.018158
0 0.398989 0.951172 0.0598809 0.0703125 0.0156708
0 0.320232 0.379395 0.374906 0.62207 0.0141754
0 0.68863 0.924805 0.607921 0.150391 0.0136337
0 0.360587 0.394653 0.137986 0.226318 0.0102463
0 0.28598 0.310059 0.473352 0.577148 0.00955963
0 0.435438 0.329346 0.45171 0.571777 0.00874329
0 0.781342 0.930176 0.437315 0.139648 0.00871277
0 0.369781 0.268311 0.387761 0.536621 0.00674438
0 0.29615 0.235107 0.149051 0.263184 0.00664139
0 0.869374 0.917236 0.261252 0.165527 0.00579834
0 0.337155 0.22467 0.232364 0.267456 0.0051384
0 0.577655 0.939453 0.259701 0.113281 0.00511932
0 0.859936 0.928711 0.280128 0.142578 0.00462723
0 0.396711 0.9375 0.0683423 0.0976562 0.00374985
0 0.33268 0.356689 0.22374 0.313965 0.00367928
0 0.382066 0.951172 0.0872178 0.0820312 0.00346947
0 0.372954 0.371094 0.198518 0.328125 0.00314713
0 0.878486 0.873535 0.243028 0.25293 0.00305176
0 0.529815 0.434082 0.773244 0.795898 0.00305176
0 0.269464 0.466797 0.486857 0.769531 0.00277901
0 0.708319 0.796875 0.569844 0.40625 0.00275803
0 0.400616 0.159912 0.193311 0.31543 0.0026722
0 0.41404 0.512207 0.458056 0.975586 0.0026207
0 0.568217 0.908936 0.751114 0.182129 0.00253105
0 0.550318 0.500977 0.65153 0.998047 0.00247192
0 0.323812 0.532227 0.418515 0.935547 0.00227928
0 0.592951 0.914551 0.395734 0.170898 0.00221634
0 0.844841 0.936035 0.28118 0.12793 0.00214005
0 0.889101 0.9375 0.221299 0.125 0.00197983
0 0.357333 0.232666 0.438692 0.465332 0.00195694
0 0.598158 0.37793 0.73289 0.550781 0.00191879
0 0.618335 0.637695 0.742002 0.724609 0.00188923
0 0.383937 0.238281 0.27223 0.476562 0.00181007
0 0.583188 0.923584 0.640465 0.152832 0.00179577
0 0.685864 0.714355 0.573099 0.571289 0.00172043
0 0.843539 0.819336 0.302008 0.361328 0.00158501
0 0.610524 0.73291 0.0494668 0.0654297 0.00154305
0 0.605968 0.518555 0.768037 0.853516 0.00146103
0 0.560407 0.795898 0.78496 0.408203 0.00146103
0 0.500526 0.269287 0.678216 0.538574 0.00141048
0 0.0363679 0.787109 0.0444225 0.0761719 0.00139904
0 0.450734 0.243652 0.376859 0.487305 0.00137806
0 0.0582537 0.780273 0.0794072 0.107422 0.00131989
0 0.678053 0.917969 0.513218 0.164062 0.00129986
0 0.315676 0.203613 0.631353 0.407227 0.00129414
0 0.632654 0.906494 0.542833 0.187012 0.00126934
0 0.365875 0.285156 0.283621 0.431641 0.682617
0 0.379462 0.233337 0.247334 0.340942 0.0433655
0 0.393782 0.175293 0.221299 0.23877 0.0138474
0 0.401918 0.217529 0.191358 0.294434 0.0106506
0 0.875557 0.914551 0.248886 0.170898 0.00948334
0 0.617484 0.664062 0.765033 0.667969 0.0088501
0 0.6017 0.813477 0.7966 0.373047 0.00821686
0 0.359936 0.254395 0.376208 0.508789 0.00796509
0 0.882066 0.882568 0.235868 0.234863 0.005867
0 0.300787 0.219299 0.15735 0.223511 0.00564194
0 0.372303 0.419434 0.132779 0.141602 0.00462723
0 0.610324 0.53125 0.779352 0.9375 0.00416565
0 0.276705 0.32251 0.501014 0.538574 0.00403976
0 0.28118 0.239014 0.110649 0.184082 0.00390053
0 0.350173 0.352051 0.238873 0.298828 0.00356483
0 0.376127 0.194336 0.299567 0.318848 0.00351143
0 0.402243 0.103027 0.198518 0.178711 0.0029583
0 0.369048 0.397949 0.329345 0.647461 0.00234985
0 0.317629 0.324707 0.188104 0.313477 0.00232315
0 0.452442 0.321289 0.543972 0.515625 0.00232315
0 0.273695 0.254395 0.547389 0.508789 0.00208282
0 0.675249 0.853516 0.649502 0.292969 0.00208282
0 0.400941 0.949219 0.0650879 0.0742188 0.00191212
0 0.606619 0.353027 0.760227 0.693359 0.00174809
0 0.330728 0.499023 0.409891 0.839844 0.00161076
0 0.389876 0.23999 0.274671 0.47998 0.00148392
0 0.652181 0.396484 0.667802 0.792969 0.00120163
0 0.469935 0.249512 0.374906 0.499023 0.00115585
0 0.270277 0.40625 0.540555 0.746094 0.0011034
0 0.378812 0.860352 0.531117 0.275391 0.00105286
0 0.263281 0.551758 0.526561 0.896484 0.00104046
0 0.364574 0.265198 0.299242 0.444214 0.480469
0 0.40387 0.235107 0.191358 0.380371 0.0379028
0 0.375557 0.32373 0.223902 0.353516 0.00600433
0 0.360017 0.249451 0.270603 0.338989 0.00457382
0 0.372303 0.366455 0.31828 0.720215 0.00446701
0 0.413634 0.194885 0.182897 0.279175 0.00369263
0 0.821409 0.926025 0.351475 0.147949 0.00342941
0 0.894308 0.938477 0.205678 0.123047 0.00283432
0 0.279552 0.229248 0.109348 0.223145 0.00251198
0 0.432102 0.280273 0.520866 0.522461 0.00201988
0 0.756484 0.918457 0.465704 0.163086 0.00195694
0 0.344396 0.353516 0.222438 0.291016 0.00189686
0 0.363841 0.393677 0.135383 0.197021 0.00182438
0 0.306564 0.241455 0.172483 0.237793 0.00178242
0 0.300137 0.296387 0.153445 0.248047 0.00147247
0 0.880113 0.9375 0.239773 0.125 0.00146103
0 0.283783 0.330566 0.466029 0.56543 0.00134563
0 0.85916 0.936523 0.234316 0.126953 0.00131512
0 0.842237 0.933594 0.135383 0.125 0.0012207
0 0.713201 0.900146 0.53665 0.199707 0.00116539
0 0.893782 0.913574 0.212437 0.172852 0.00116062
0 0.519401 0.47998 0.659991 0.959961 0.0011034
0 0.359611 0.294922 0.286387 0.433594 0.755859
0 0.884019 0.935059 0.231963 0.129883 0.0126266
0 0.867096 0.905273 0.265809 0.189453 0.0064888
0 0.888575 0.871094 0.222851 0.257812 0.00484848
0 0.346186 0.364258 0.3243 0.602539 0.00415039
0 0.361889 0.239197 0.278576 0.30481 0.00413513
0 0.873279 0.81543 0.253442 0.369141 0.00247192
0 0.419166 0.22113 0.179643 0.279419 0.00234222
0 0.35896 0.40918 0.130827 0.15625 0.00227928
0 0.722638 0.875977 0.554223 0.248047 0.00196457
0 0.923071 0.865723 0.153857 0.268555 0.00179577
0 0.407125 0.281738 0.401592 0.508789 0.00167465
0 0.432265 0.313965 0.554386 0.501953 0.00167465
0 0.87035 0.939941 0.2593 0.120117 0.00164223
0 0.655435 0.845703 0.680819 0.308594 0.00145531
0 0.350254 0.358643 0.241964 0.280762 0.00138283
0 0.329263 0.528442 0.393294 0.917725 0.00129414
0 0.294523 0.220276 0.141892 0.239136 0.00120163
0 0.247171 0.55127 0.494343 0.87793 0.00117874
0 0.405823 0.416138 0.451059 0.712646 0.00112915
0 0.794848 0.934326 0.410304 0.131348 0.00110722
0 0.510289 0.520386 0.714665 0.955322 0.00104046
0 0.359855 0.292542 0.277437 0.444214 0.681641
0 0.368479 0.236755 0.27581 0.295044 0.031311
0 0.383693 0.206299 0.232364 0.26709 0.00436401
0 0.342932 0.223633 0.231876 0.25 0.00392914
0 0.883894 0.947266 0.231713 0.105469 0.00243378
0 0.324138 0.382324 0.380764 0.638672 0.00184631
0 0.871652 0.928711 0.256696 0.142578 0.00178242
0 0.896911 0.925781 0.199169 0.138672 0.0017271
0 0.285166 0.231201 0.116995 0.237793 0.00156116
0 0.368397 0.401245 0.153607 0.179932 0.00154877
0 0.354078 0.330811 0.253192 0.340332 0.00131512
0 0.432184 0.18988 0.142542 0.249146 0.00130463
0 0.382635 0.274902 0.345129 0.512695 0.00126457
0 0.322511 0.281982 0.197867 0.328613 0.00118828
0 0.410705 0.287048 0.204376 0.414185 0.00115108
0 0.357902 0.291504 0.280041 0.452148 0.811523
0 0.3889 0.223633 0.214139 0.322266 0.0514526
0 0.890402 0.94043 0.216092 0.119141 0.0486755
0 0.36677 0.227966 0.284434 0.290161 0.0109863
0 0.837681 0.927246 0.322836 0.145508 0.0102921
0 0.406148 0.197266 0.174436 0.257324 0.00912476
0 0.69579 0.922119 0.596205 0.155762 0.00748825
0 0.368723 0.352051 0.159465 0.301758 0.00701141
0 0.879462 0.94043 0.241075 0.119141 0.00638962
0 0.89626 0.917236 0.201772 0.165527 0.00602722
0 0.843664 0.94043 0.312672 0.119141 0.00521851
0 0.821409 0.935547 0.354078 0.128906 0.00511932
0 0.343664 0.436035 0.0742002 0.100586 0.00319672
0 0.42177 0.170837 0.1484 0.218872 0.00304031
0 0.219021 0.50293 0.390527 0.662109 0.00266266
0 0.283702 0.191956 0.114717 0.167847 0.00264168
0 0.894308 0.811035 0.208281 0.37793 0.00192642
0 0.898013 0.867676 0.203975 0.262695 0.00175476
0 0.368723 0.280762 0.361238 0.50293 0.00174141
0 0.530466 0.926758 0.144495 0.126953 0.00169373
0 0.909278 0.887695 0.17053 0.21875 0.00150681
0 0.648113 0.90332 0.661618 0.193359 0.00147247
0 0.371733 0.164307 0.286224 0.216309 0.00141621
0 0.656737 0.910889 0.497272 0.178223 0.00130463
0 0.602551 0.918213 0.312747 0.163574 0.00122547
0 0.280203 0.242188 0.113904 0.202637 0.00113773
0 0.356682 0.404785 0.161418 0.194336 0.00112438
0 0.754331 0.932129 0.491338 0.135742 0.00112438
0 0.302659 0.22699 0.161418 0.229614 0.00107288
0 0.701648 0.812988 0.588395 0.374023 0.00106907
0 0.601249 0.352539 0.765759 0.584961 0.00106049
0 0.362214 0.285889 0.276624 0.422363 0.80127
0 0.362214 0.223694 0.270115 0.290894 0.177246
0 0.893657 0.941406 0.212187 0.117188 0.0166626
0 0.412006 0.205322 0.16272 0.250488 0.00818634
0 0.374255 0.336426 0.23692 0.327148 0.00757599
0 0.898213 0.90918 0.200471 0.181641 0.0068779
0 0.879462 0.922607 0.241075 0.154785 0.00584412
0 0.284109 0.217529 0.113253 0.213379 0.00348282
0 0.864367 0.942383 0.268162 0.115234 0.00260162
0 0.346918 0.429688 0.0898213 0.110352 0.00250244
0 0.433485 0.183105 0.126271 0.230469 0.00228691
0 0.698393 0.919678 0.60011 0.160645 0.00192642
0 0.902118 0.862305 0.190057 0.275391 0.00170708
0 0.741151 0.932617 0.517699 0.134766 0.00126457
0 0.296069 0.232361 0.14596 0.233521 0.0012598
0 0.888575 0.814453 0.222851 0.371094 0.00121593
0 0.461392 0.299561 0.516961 0.497559 0.00111198
0 0.360506 0.289062 0.277437 0.447266 0.848633
0 0.362214 0.232666 0.272718 0.315918 0.0939941
0 0.895609 0.938477 0.203074 0.123047 0.0562439
0 0.894758 0.893555 0.210484 0.212891 0.02211
0 0.371977 0.333496 0.242778 0.34082 0.00775528
0 0.389226 0.198486 0.213488 0.269531 0.00728989
0 0.88129 0.922363 0.23692 0.155273 0.00712204
0 0.415912 0.199707 0.153607 0.254883 0.00502014
0 0.895734 0.840332 0.208531 0.319336 0.00496292
0 0.691884 0.883789 0.609223 0.232422 0.00337601
0 0.887598 0.94043 0.224803 0.119141 0.00182438
0 0.353102 0.414917 0.106093 0.146729 0.00176811
0 0.856557 0.935547 0.145797 0.109375 0.00155449
0 0.279878 0.203064 0.105442 0.183716 0.00147247
0 0.724553 0.92041 0.550894 0.15918 0.00106525
0 0.360587 0.291016 0.279878 0.458984 0.834961
0 0.361889 0.233948 0.274671 0.322144 0.0618896
0 0.894308 0.942871 0.205678 0.114258 0.0174408
0 0.89626 0.914551 0.203074 0.170898 0.00502014
0 0.876859 0.926514 0.246282 0.146973 0.00450516
0 0.375557 0.198486 0.239523 0.296875 0.00363541
0 0.844841 0.9375 0.114555 0.101562 0.00182438
0 0.416563 0.19751 0.157513 0.254395 0.0018034
0 0.890527 0.944336 0.218945 0.111328 0.00176811
0 0.282481 0.206482 0.109348 0.192505 0.00159168
0 0.72573 0.921387 0.537626 0.157227 0.00157356
0 0.893456 0.794922 0.213087 0.410156 0.00125504
0 0.361889 0.403809 0.124318 0.171875 0.0011034
0 0.904722 0.877197 0.182246 0.241699 0.00108147
0 0.360587 0.291016 0.279878 0.458984 0.834961
0 0.361889 0.234375 0.274671 0.322266 0.0611877
0 0.894308 0.942871 0.205678 0.114258 0.0174408
0 0.89626 0.914551 0.203074 0.170898 0.00502014
0 0.876859 0.92627 0.246282 0.147461 0.00448608
0 0.375557 0.198486 0.239523 0.297363 0.00359344
0 0.844841 0.9375 0.114555 0.101562 0.00183868
0 0.416563 0.19751 0.157513 0.254395 0.00177479
0 0.890527 0.944336 0.218945 0.111328 0.00173378
0 0.282481 0.206543 0.109348 0.192383 0.00158501
0 0.72573 0.921631 0.537626 0.156738 0.00156689
0 0.893456 0.794922 0.213087 0.410156 0.00124931
0 0.361889 0.404419 0.123667 0.171631 0.00109863
0 0.904722 0.877197 0.182246 0.241699 0.00107765
