0 0.585514 0.452637 0.405519 0.47168 0.719238
0 0.689414 0.494263 0.176906 0.398193 0.0283356
0 0.461452 0.0357666 0.174305 0.0715332 0.0210419
0 0.633318 0.360352 0.273489 0.302734 0.0204926
0 0.701121 0.561035 0.148289 0.251953 0.00831604
0 0.5 0.5 1 1 0.0077858
0 0.608928 0.60498 0.415925 0.78418 0.00725937
0 0.477712 0.5 0.955424 1 0.00714874
0 0.529268 0.5 0.941465 1 0.00703812
0 0.5 0.5 1 1 0.00666809
0 0.5 0.5 1 1 0.0064621
0 0.331699 0.5 0.663398 1 0.00643921
0 0.633981 0.5 0.732039 1 0.00621796
0 0.408445 0.5 0.816891 1 0.006073
0 0.544877 0.5 0.910246 1 0.00593567
0 0.647139 0.412231 0.253652 0.368896 0.00588989
0 0.712828 0.624023 0.114469 0.164062 0.005867
0 0.250238 0.5 0.500476 1 0.00575256
0 0.345032 0.5 0.690064 1 0.00557709
0 0.514459 0.446289 0.219832 0.457031 0.00510025
0 0.606014 0.5 0.787973 1 0.00494385
0 0.5 0.507812 1 0.984375 0.00419998
0 0.624375 0.48877 0.29918 0.392578 0.00413513
0 0.5 0.5 1 1 0.00348282
0 0.580799 0.340088 0.439664 0.680176 0.00342941
0 0.5 0.5 1 1 0.00338936
0 0.61153 0.315186 0.236417 0.203613 0.00311089
0 0.5 0.5 1 1 0.003088
0 0.700471 0.414917 0.586652 0.568604 0.00300407
0 0.482915 0.60498 0.13398 0.130859 0.00226021
0 0.480639 0.544922 0.161297 0.279297 0.00208282
0 0.49137 0.470215 0.187963 0.369141 0.0019722
0 0.535272 0.292725 0.139184 0.154785 0.00146675
0 0.586815 0.335938 0.345683 0.289062 0.00142097
0 0.471533 0.134766 0.213328 0.269531 0.00136662
0 0.461777 0.182007 0.19902 0.364014 0.00133514
0 0.467956 0.0511475 0.215279 0.102295 0.00131989
0 0.544377 0.506714 0.53202 0.662354 0.00119686
0 0.61527 0.467773 0.331699 0.467773 0.299072
0 0.706975 0.579102 0.118371 0.224609 0.171631
0 0.708275 0.614258 0.0988594 0.152344 0.164551
0 0.687463 0.541016 0.150891 0.271484 0.0451965
0 0.727137 0.588379 0.111867 0.179688 0.0423279
0 0.556734 0.470703 0.0936563 0.171875 0.0261078
0 0.620473 0.423828 0.247148 0.40918 0.0238647
0 0.592506 0.276367 0.0624375 0.102539 0.0138474
0 0.480639 0.596191 0.100811 0.149414 0.0138474
0 0.569742 0.408081 0.210727 0.427979 0.013588
0 0.660147 0.485229 0.21723 0.439697 0.0132217
0 0.559986 0.498535 0.0923555 0.182617 0.012146
0 0.558686 0.427856 0.403242 0.52124 0.0113297
0 0.4995 0.548828 0.101461 0.206055 0.00837708
0 0.610066 0.484497 0.208125 0.279053 0.0068512
0 0.69852 0.537109 0.135281 0.21875 0.00679779
0 0.512508 0.273926 0.0845508 0.132812 0.00626373
0 0.686162 0.583984 0.13268 0.220703 0.00575256
0 0.534946 0.504395 0.102111 0.219727 0.00511932
0 0.593807 0.415527 0.157395 0.393555 0.00457382
0 0.550881 0.279053 0.110566 0.136719 0.00441742
0 0.5 0.5 1 1 0.00434875
0 0.5 0.5 1 1 0.00424957
0 0.5 0.5 1 1 0.0042305
0 0.5 0.5 1 1 0.00408554
0 0.532194 0.548828 0.935611 0.902344 0.00408554
0 0.480964 0.5 0.961928 1 0.00405502
0 0.639984 0.290039 0.106664 0.113281 0.00402451
0 0.202922 0.859375 0.405844 0.28125 0.00387001
0 0.5 0.5 1 1 0.00363541
0 0.645037 0.5 0.709926 1 0.00345612
0 0.820968 0.854736 0.358064 0.290527 0.00340271
0 0.470883 0.5 0.941766 1 0.00321007
0 0.368121 0.875977 0.736242 0.248047 0.00305176
0 0.563564 0.602539 0.386982 0.794922 0.00294685
0 0.63218 0.360596 0.141785 0.255371 0.00293541
0 0.708938 0.873779 0.582124 0.252441 0.00282288
0 0.678207 0.5 0.643586 1 0.00281143
0 0.476411 0.853516 0.714779 0.292969 0.00279045
0 0.765847 0.865234 0.468306 0.269531 0.00275803
0 0.606164 0.867432 0.677707 0.265137 0.00273705
0 0.30796 0.57019 0.61592 0.859619 0.00252151
0 0.5 0.5 1 1 0.00251198
0 0.468932 0.553711 0.127477 0.237305 0.00250244
0 0.709426 0.566406 0.581148 0.867188 0.00214958
0 0.714129 0.939453 0.0780469 0.109375 0.00212479
0 0.613331 0.531006 0.773339 0.937988 0.00211525
0 0.86617 0.622559 0.26766 0.754883 0.00211525
0 0.697219 0.936523 0.119672 0.109375 0.00203514
0 0.589254 0.263184 0.0780469 0.116211 0.00201035
0 0.560637 0.413574 0.338203 0.444336 0.987305
0 0.625025 0.405273 0.301781 0.394531 0.392334
0 0.711527 0.59082 0.119672 0.207031 0.386719
0 0.525516 0.90332 0.0481289 0.0625 0.122131
0 0.188776 0.254883 0.0598359 0.0703125 0.0809326
0 0.73169 0.942383 0.0806484 0.09375 0.0753174
0 0.695918 0.550781 0.161297 0.251953 0.0479431
0 0.746648 0.950195 0.0910547 0.0996094 0.0385437
0 0.402267 0.0415039 0.0760957 0.074707 0.0361633
0 0.140972 0.249512 0.175931 0.111328 0.0268097
0 0.436412 0.0389404 0.114469 0.0778809 0.0241394
0 0.618034 0.494629 0.236417 0.240234 0.0196838
0 0.264059 0.833496 0.0442266 0.0654297 0.0189819
0 0.486492 0.55957 0.114469 0.177734 0.0165253
0 0.460802 0.0379028 0.146988 0.0758057 0.0153046
0 0.495598 0.503052 0.128777 0.259521 0.0148392
0 0.364869 0.853027 0.0546328 0.0712891 0.0141754
0 0.691365 0.515625 0.14959 0.214844 0.0138474
0 0.269587 0.337891 0.0559336 0.0654297 0.0130234
0 0.94827 0.955078 0.0468281 0.0625 0.0125275
0 0.188654 0.757812 0.329667 0.410156 0.00919342
0 0.231702 0.139221 0.0718682 0.0828857 0.00901794
0 0.569092 0.489258 0.234141 0.255859 0.00841522
0 0.657545 0.349609 0.574945 0.540039 0.00806427
0 0.519012 0.450317 0.269262 0.343506 0.00775528
0 0.979988 0.848633 0.0400234 0.0546875 0.00734711
0 0.579173 0.400391 0.458525 0.533203 0.0068512
0 0.318691 0.68457 0.186662 0.371094 0.00643921
0 0.14585 0.209229 0.227312 0.184082 0.00621796
0 0.315439 0.644531 0.226336 0.462891 0.00619125
0 0.209101 0.277832 0.109266 0.0927734 0.00609589
0 0.267636 0.29834 0.0611367 0.113281 0.006073
0 0.659496 0.397461 0.221133 0.34082 0.00579834
0 0.264628 0.800293 0.0534946 0.115234 0.00561905
0 0.216743 0.252686 0.114144 0.107422 0.00542831
0 0.48259 0.600098 0.113168 0.132812 0.0049057
0 0.146338 0.177734 0.219182 0.274902 0.00455475
0 0.316171 0.791016 0.141623 0.183594 0.00443268
0 0.678357 0.842773 0.206824 0.292969 0.00441742
0 0.686813 0.925537 0.176906 0.125488 0.00426483
0 0.751201 0.9375 0.107965 0.107422 0.0042305
0 0.567466 0.307129 0.61592 0.612305 0.00390053
0 0.481289 0.898193 0.13268 0.102051 0.0037365
0 0.270481 0.272461 0.0612993 0.160156 0.00344276
0 0.94827 0.927734 0.0494297 0.0742188 0.00344276
0 0.59901 0.480957 0.440965 0.603516 0.00335121
0 0.4995 0.505005 0.218531 0.279053 0.00328636
0 0.788273 0.959473 0.0988594 0.0810547 0.0030632
0 0.673004 0.324951 0.653992 0.649902 0.00247192
0 0.529093 0.259766 0.0956074 0.0917969 0.00243378
0 0.589254 0.425903 0.407145 0.445068 0.727051
0 0.635432 0.462402 0.29918 0.503906 0.352295
0 0.180321 0.247559 0.0595107 0.0791016 0.058136
0 0.262433 0.82666 0.0559336 0.0888672 0.0558167
0 0.981289 0.856445 0.0374219 0.0566406 0.0474243
0 0.706324 0.641602 0.0988594 0.111328 0.0451965
0 0.176256 0.257324 0.0556084 0.0800781 0.0438538
0 0.265685 0.808594 0.0630879 0.109375 0.0216522
0 0.615107 0.356934 0.460802 0.633789 0.0200958
0 0.604213 0.413086 0.274465 0.393555 0.0171051
0 0.707625 0.581055 0.135281 0.222656 0.0154877
0 0.456574 0.336182 0.727137 0.672363 0.0141754
0 0.519012 0.908203 0.0429258 0.046875 0.0128708
0 0.587303 0.358398 0.346008 0.306641 0.0127716
0 0.680309 0.364258 0.597059 0.728516 0.0127258
0 0.484541 0.596191 0.106664 0.125 0.0121918
0 0.702422 0.549805 0.175605 0.279297 0.0111618
0 0.570718 0.506714 0.510557 0.705322 0.0110703
0 0.682748 0.41748 0.463403 0.489258 0.0100098
0 0.258855 0.823242 0.071543 0.107422 0.00926971
0 0.491695 0.581543 0.0858516 0.141602 0.00888062
0 0.441615 0.194092 0.651691 0.388184 0.00831604
0 0.177394 0.256104 0.0803232 0.0893555 0.00775528
0 0.221783 0.160645 0.0891035 0.18457 0.00717545
0 0.584701 0.482422 0.610066 0.964844 0.0069046
0 0.00967456 0.588989 0.0193491 0.822021 0.00629044
0 0.152354 0.722168 0.304708 0.524414 0.00626373
0 0.0413811 0.858398 0.0827622 0.283203 0.00605011
0 0.651529 0.529419 0.296903 0.361084 0.00593567
0 0.00626001 0.419189 0.01252 0.838379 0.00542831
0 0.268693 0.775879 0.0648765 0.18457 0.00530243
0 0.260075 0.797852 0.0795103 0.154297 0.0050621
0 0.0106908 0.733398 0.0213816 0.533203 0.0050621
0 0.525516 0.309326 0.162598 0.20752 0.00486755
0 0.159996 0.630859 0.319992 0.738281 0.00436401
0 0.166825 0.970703 0.33365 0.0585938 0.00428009
0 0.176906 0.243164 0.0985342 0.104492 0.00418091
0 0.619172 0.345703 0.226336 0.251953 0.00416565
0 0.714129 0.960938 0.053332 0.078125 0.00416565
0 0.916575 0.882324 0.16685 0.235352 0.00416565
0 0.530068 0.264893 0.154793 0.14502 0.0041008
0 0.211865 1 0.42373 0 0.0037365
0 0.388608 0.191467 0.552182 0.328003 0.00327301
0 0.836252 0.928223 0.327496 0.143555 0.00316048
0 0.213979 0.198669 0.165199 0.280396 0.00312424
0 0.738844 0.588867 0.0819492 0.142578 0.00311089
0 0.514134 0.296387 0.588604 0.587891 0.00290108
0 0.504703 0.404297 0.892336 0.808594 0.0026722
0 0.551531 0.309082 0.157395 0.172852 0.00246239
0 0.54958 0.39502 0.313488 0.410156 0.00243378
0 0.577222 0.450684 0.372674 0.477539 0.756836
0 0.73234 0.947266 0.0858516 0.0957031 0.152588
0 0.153777 0.732422 0.282351 0.482422 0.144165
0 0.757705 0.945312 0.107965 0.107422 0.0678101
0 0.712828 0.947266 0.0728438 0.0898438 0.0560303
0 0.982915 0.853027 0.0341699 0.0556641 0.0463867
0 0.524865 0.902344 0.0312188 0.0429688 0.0437012
0 0.703723 0.619141 0.10016 0.164062 0.0353394
0 0.541775 0.405273 0.287473 0.378906 0.0343628
0 0.708275 0.931641 0.0897539 0.113281 0.0203705
0 0.952172 0.951172 0.0494297 0.0664062 0.0202484
0 0.262433 0.824219 0.0500801 0.0878906 0.0197601
0 0.597059 0.411987 0.290074 0.37915 0.0177765
0 0.569742 0.974609 0.0377227 0.0449219 0.016983
0 0.149427 0.693848 0.298855 0.594727 0.0156708
0 0.608928 0.341797 0.452347 0.683594 0.0126266
0 0.509906 0.282471 0.124875 0.133301 0.0124817
0 0.48324 0.970703 0.0312188 0.0390625 0.0124283
0 0.189101 0.259766 0.0796729 0.0927734 0.0109482
0 0.322594 0.224854 0.456574 0.371582 0.0108185
0 0.231539 0.131836 0.14959 0.102051 0.00952148
0 0.146338 0.567383 0.292676 0.865234 0.00898743
0 0.221946 0.236572 0.156419 0.154785 0.00815582
0 0.703072 0.568359 0.110566 0.251953 0.00725937
0 0.00890222 0.611328 0.0178044 0.777344 0.00720596
0 0.266091 0.311768 0.0908921 0.131348 0.0068512
0 0.208775 0.229065 0.225035 0.285034 0.00674438
0 0.42438 0.282715 0.630229 0.56543 0.00641251
0 0.621123 0.474121 0.269262 0.432617 0.00614548
0 0.952172 0.931641 0.0520313 0.078125 0.00595856
0 0.655594 0.912109 0.0780469 0.0839844 0.00591278
0 0.579498 0.55957 0.359016 0.253906 0.0053215
0 0.191215 0.585815 0.38243 0.824463 0.00519943
0 0.133818 0.679199 0.248124 0.305664 0.00486755
0 0.781119 0.931641 0.0884531 0.0976562 0.00479126
0 0.96583 0.924805 0.0546328 0.09375 0.0045929
0 0.0414624 0.513794 0.0829248 0.966553 0.00439835
0 0.626326 0.388794 0.239344 0.327881 0.00432968
0 0.476086 0.55957 0.120322 0.191406 0.00429916
0 0.486492 0.581055 0.104063 0.145508 0.00424957
0 0.24162 0.568359 0.472834 0.861328 0.0041008
0 0.594294 0.462769 0.416575 0.611572 0.00407028
0 0.427632 0.421875 0.653643 0.739258 0.00363541
0 0.940465 0.0476074 0.0728438 0.0722656 0.00353813
0 0.262026 0.804688 0.0534946 0.115234 0.00346947
0 0.247799 0.824219 0.0578848 0.0888672 0.00335121
0 0.691365 0.588379 0.122273 0.205078 0.00328636
0 0.561938 0.910156 0.041625 0.0585938 0.00325966
0 0.687463 0.9375 0.227637 0.101562 0.00322342
0 0.367471 0.841309 0.0546328 0.0771484 0.00317192
0 0.550556 0.438599 0.341455 0.441162 0.651367
0 0.703723 0.59082 0.135281 0.232422 0.157715
0 0.14081 0.748535 0.281619 0.483398 0.130737
0 0.589904 0.429199 0.275766 0.385742 0.123352
0 0.193816 0.281738 0.101461 0.105469 0.0797729
0 0.208125 0.250977 0.111217 0.0878906 0.0558167
0 0.625676 0.467773 0.322594 0.478516 0.0450134
0 0.19219 0.31543 0.254303 0.19043 0.0376892
0 0.190524 0.255615 0.261538 0.282715 0.0375366
0 0.218856 0.135986 0.0559336 0.0620117 0.0292053
0 0.693316 0.554688 0.141785 0.277344 0.0217743
0 0.690715 0.572266 0.119672 0.208984 0.0179901
0 0.708275 0.91748 0.265359 0.165039 0.0155411
0 0.720633 0.840332 0.297879 0.293945 0.0151291
0 0.253002 0.260742 0.103412 0.172852 0.0142822
0 0.522264 0.469727 0.271863 0.418945 0.0142822
0 0.223409 0.138428 0.101461 0.0761719 0.014061
0 0.479988 0.541016 0.16585 0.251953 0.0134277
0 0.13333 0.811035 0.260156 0.374023 0.0120544
0 0.175931 0.204834 0.342756 0.409668 0.0103302
0 0.719332 0.945312 0.13268 0.109375 0.00989532
0 0.440965 0.481934 0.0975586 0.237305 0.00905609
0 0.637383 0.314453 0.123574 0.157227 0.00901794
0 0.591856 0.282227 0.0676406 0.105469 0.008255
0 0.527467 0.539062 0.28357 0.259766 0.008255
0 0.671041 0.90918 0.203247 0.181641 0.0078125
0 0.673805 0.867676 0.241945 0.260742 0.00664139
0 0.811037 0.583008 0.0546328 0.0751953 0.0064888
0 0.214954 0.273926 0.202271 0.223633 0.00643921
0 0.600311 0.537109 0.267961 0.250977 0.00641251
0 0.556734 0.381226 0.461777 0.622314 0.00572968
0 0.153492 0.676758 0.306984 0.642578 0.00566483
0 0.513809 0.259033 0.08325 0.108887 0.00551224
0 0.452672 0.519531 0.13268 0.275391 0.00551224
0 0.212515 0.229736 0.186987 0.270996 0.00547028
0 0.470232 0.576172 0.13398 0.214844 0.00547028
0 0.544377 0.292725 0.139184 0.137695 0.00542831
0 0.522264 0.289062 0.113168 0.142578 0.00536346
0 0.642586 0.521606 0.253652 0.316162 0.00508118
0 0.7486 0.903809 0.360316 0.192383 0.00503922
0 0.819492 0.937988 0.330398 0.124023 0.00502014
0 0.753803 0.94043 0.21723 0.119141 0.0046463
0 0.697219 0.595703 0.269262 0.761719 0.00439835
0 0.161297 0.551758 0.322594 0.896484 0.00426483
0 0.525516 0.577026 0.439664 0.642822 0.00424957
0 0.262189 0.816406 0.0518687 0.109375 0.00416565
0 0.501126 0.283691 0.119672 0.130859 0.0041008
0 0.696568 0.639648 0.159996 0.263672 0.00397491
0 0.603563 0.590332 0.447469 0.799805 0.00390053
0 0.543076 0.265869 0.127477 0.120605 0.00366402
0 0.577872 0.436401 0.370072 0.44751 0.387695
0 0.641285 0.413086 0.478688 0.525391 0.0903931
0 0.628928 0.51416 0.278367 0.359375 0.0682983
0 0.98259 0.851074 0.0348203 0.0498047 0.0367126
0 0.58649 0.535278 0.463403 0.673584 0.0261993
0 0.71543 0.952148 0.0624375 0.078125 0.0219879
0 0.706324 0.592773 0.124875 0.195312 0.0181274
0 0.702759 0.353271 0.594481 0.706543 0.0171051
0 0.598197 0.427612 0.278692 0.392822 0.0135345
0 0.69982 0.575195 0.150891 0.232422 0.012825
0 0.674455 0.562012 0.197719 0.274414 0.0106125
0 0.69852 0.543457 0.602262 0.754883 0.00857544
0 0.590392 0.345459 0.426981 0.623535 0.00595856
0 0.593807 0.503906 0.28357 0.244141 0.00584412
0 0.363568 0.839355 0.0559336 0.0751953 0.00530243
0 0.144387 0.748047 0.288773 0.486328 0.00521851
0 0.145037 0.755371 0.290074 0.489258 0.00372124
0 0.587303 0.291504 0.0767461 0.124512 0.00348282
0 0.515191 0.596802 0.559173 0.743896 0.00344276
0 0.710227 0.946289 0.114469 0.103516 0.00329781
0 0.160159 0.628906 0.320317 0.699219 0.00312424
0 0.568767 0.526367 0.360967 0.246094 0.00311089
0 0.515109 0.526855 0.245848 0.246094 0.00293541
0 0.261457 0.818359 0.053332 0.0976562 0.00265312
0 0.621773 0.326172 0.193816 0.178711 0.00243378
0 0.526166 0.904297 0.0351211 0.0429688 0.00234985
0 0.216255 0.136292 0.0793477 0.0731201 0.00227928
0 0.533971 0.306152 0.184711 0.165039 0.00201988
0 0.821293 0 0.357414 0 0.00201035
0 0.196093 0.279785 0.161947 0.123047 0.00201035
0 0.200971 0.25708 0.173654 0.144043 0.00191212
0 0.410722 0.562012 0.722584 0.819336 0.00176811
0 0.836902 0.0366211 0.326195 0.0732422 0.00172043
0 0.471858 0.526367 0.150891 0.246094 0.0017004
0 0.522914 0.420898 0.253652 0.373047 0.00155449
0 0.716743 0.00305176 0.566515 0.00610352 0.00152493
0 0.27479 0.344727 0.053332 0.0634766 0.00144386
0 0.256823 0.789062 0.0560962 0.154297 0.00140476
0 0.479663 0.328613 0.721283 0.657227 0.00129986
0 0.740145 0.955078 0.114469 0.0859375 0.0012598
0 0.213653 0.230469 0.229588 0.34375 0.00123978
0 0.208125 0.278076 0.224385 0.240723 0.0012207
0 0.273489 0.532715 0.546979 0.893555 0.00119209
0 0.860967 0.00335693 0.278066 0.00671387 0.00115108
0 0.235767 0.241699 0.122924 0.208496 0.00113773
0 0.628777 0.312744 0.742445 0.625488 0.00108147
0 0.397389 0.547363 0.794777 0.905273 0.00104809
0 0.264709 0.35083 0.529418 0.635254 0.00104046
0 0.574295 0.438599 0.364219 0.445068 0.834473
0 0.723234 0.955078 0.0598359 0.0742188 0.0177765
0 0.98324 0.854492 0.0335195 0.0429688 0.0158386
0 0.703723 0.588867 0.119672 0.197266 0.014061
0 0.147313 0.740234 0.294627 0.519531 0.00905609
0 0.527467 0.90625 0.0351211 0.0429688 0.00793457
0 0.216905 0.195557 0.187313 0.220215 0.00595856
0 0.205523 0.18042 0.214629 0.281738 0.00557709
0 0.363568 0.843262 0.0403242 0.0488281 0.00530243
0 0.569092 0.436035 0.438363 0.587891 0.00527954
0 0.623074 0.385254 0.447469 0.579102 0.00492477
0 0.714129 0.949219 0.0897539 0.0859375 0.00453949
0 0.727137 0.939453 0.0936563 0.117188 0.00438309
0 0.222596 0.16626 0.155118 0.228027 0.00397491
0 0.267311 0.819336 0.0403242 0.0908203 0.00390053
0 0.265359 0.772461 0.0442266 0.185547 0.00345612
0 0.753803 0.960938 0.0780469 0.0625 0.00345612
0 0.213491 0.26123 0.159671 0.106445 0.00340271
0 0.151866 0.66748 0.303732 0.665039 0.00316048
0 0.71543 0.933594 0.122273 0.126953 0.00312424
0 0.5821 0.400879 0.303082 0.375977 0.00281143
0 0.521288 0.269531 0.109916 0.134766 0.00275803
0 0.519662 0.397339 0.256254 0.392822 0.00275803
0 0.482265 0.966797 0.0643887 0.046875 0.0026207
0 0.729738 0.571777 0.101461 0.192383 0.0024929
0 0.676406 0.923828 0.180809 0.138672 0.00246239
0 0.567791 0.974609 0.0273164 0.0390625 0.00237846
0 0.697219 0.554688 0.143086 0.273438 0.00226974
0 0.238693 0.198242 0.13398 0.28418 0.00214005
0 0.680309 0.534668 0.587953 0.735352 0.00210762
0 0.607627 0.332764 0.134956 0.234863 0.00206757
0 0.44064 0.972656 0.0351211 0.0429688 0.00204277
0 0.519987 0.290283 0.123574 0.160156 0.00202751
0 0.236254 0.127441 0.115444 0.152344 0.00197983
0 0.502102 0.271729 0.102762 0.109863 0.00194931
0 0.210727 0.230713 0.188613 0.17334 0.00192642
0 0.533971 0.305664 0.139184 0.1875 0.00192642
0 0.435762 0.413086 0.0643887 0.0791016 0.00192642
0 0.604701 0.868164 0.0627627 0.113281 0.00183105
0 0.278042 0.18335 0.556084 0.358887 0.0018177
0 0.650391 0.304199 0.11707 0.166016 0.00177479
0 0.235116 0.734375 0.107965 0.421875 0.00167465
0 0.819492 0.539062 0.0494297 0.0644531 0.00159168
0 0.55836 0.911133 0.0338203 0.0761719 0.00156689
0 0.386332 0.837891 0.0351211 0.0507812 0.0015192
0 0.544052 0.275879 0.126826 0.146484 0.00150681
0 0.613318 0.271973 0.071543 0.139648 0.00149536
0 0.818191 0.584473 0.0468281 0.0703125 0.00147247
0 0.226824 0.216797 0.181134 0.294922 0.00141621
0 0.488443 0.462769 0.195117 0.445557 0.00138283
0 0.562913 0.430176 0.350561 0.446289 0.492188
0 0.697219 0.595703 0.137883 0.210938 0.449463
0 0.623725 0.461426 0.288773 0.479492 0.203735
0 0.719982 0.949219 0.0689414 0.0859375 0.155029
0 0.693316 0.565918 0.161297 0.279297 0.12854
0 0.472834 0.59668 0.127477 0.146484 0.072876
0 0.980964 0.854492 0.0380723 0.0585938 0.0558167
0 0.727137 0.943359 0.0910547 0.0976562 0.0526123
0 0.745348 0.558594 0.0858516 0.166016 0.0522461
0 0.720633 0.581543 0.13268 0.183594 0.0462036
0 0.586815 0.510254 0.428933 0.62207 0.0462036
0 0.617221 0.45459 0.495598 0.46582 0.0325317
0 0.663236 0.550781 0.221458 0.324219 0.0271759
0 0.530719 0.900146 0.0390234 0.0512695 0.0254669
0 0.261132 0.816406 0.0526816 0.09375 0.0247955
0 0.163573 0.552612 0.327147 0.894775 0.0247955
0 0.152679 0.755859 0.305358 0.486328 0.0214539
0 0.477387 0.558594 0.140484 0.248047 0.0207977
0 0.625838 0.53418 0.181784 0.226562 0.0184326
0 0.61592 0.39563 0.253652 0.33374 0.0162811
0 0.262107 0.794922 0.0559336 0.138672 0.0158997
0 0.120647 0.389648 0.0507305 0.0576172 0.0114212
0 0.818191 0.581055 0.041625 0.0566406 0.0113754
0 0.18276 0.246094 0.0539824 0.0830078 0.0106125
0 0.180809 0.259766 0.0559336 0.078125 0.0102463
0 0.219019 0.130615 0.0562588 0.0649414 0.0088501
0 0.545678 0.53418 0.204223 0.203125 0.00847626
0 0.36682 0.841797 0.0520313 0.0703125 0.00803375
0 0.610717 0.507812 0.201621 0.240234 0.00800323
0 0.192516 0.5 0.385031 1 0.00800323
0 0.604863 0.589722 0.496898 0.820557 0.00754929
0 0.208125 0.115967 0.0708926 0.116699 0.00641251
0 0.643887 0.320801 0.14959 0.1875 0.00602722
0 0.942416 0.043457 0.0897539 0.0869141 0.00595856
0 0.427632 0.0267334 0.0995098 0.0534668 0.00584412
0 0.673154 0.339111 0.607465 0.671387 0.00530243
0 0.552832 0.406738 0.444867 0.613281 0.00526047
0 0.950871 0.953125 0.053332 0.0625 0.00510025
0 0.264628 0.769043 0.0482915 0.186523 0.00508118
0 0.000325195 0.654175 0.000650391 0.69165 0.00486755
0 0.256254 0.503418 0.512508 0.993164 0.00481033
0 0.747299 0.935547 0.11577 0.105469 0.00468063
0 0.584701 0.335449 0.212027 0.233398 0.00457382
0 0.514134 0.440552 0.246498 0.447021 0.00453949
0 0.693316 0.651367 0.18341 0.371094 0.00434875
0 0.526816 0.287598 0.137883 0.152344 0.00428009
0 0.277066 0.334961 0.0442266 0.0566406 0.00418091
0 0.249669 0.788574 0.0704048 0.180664 0.00416565
0 0.889259 0.0465698 0.221482 0.0931396 0.00407028
0 0.546328 0.319336 0.188613 0.21582 0.00397491
0 0.584701 0.441895 0.386332 0.452148 0.667969
0 0.633318 0.460449 0.281294 0.443359 0.137939
0 0.706975 0.621582 0.11707 0.15918 0.0673218
0 0.478037 0.597656 0.110566 0.144531 0.0562439
0 0.494297 0.441284 0.208125 0.426025 0.0412292
0 0.470883 0.535156 0.14959 0.283203 0.0319824
0 0.480639 0.493042 0.179508 0.367432 0.0258636
0 0.551856 0.415527 0.288123 0.407227 0.023468
0 0.511207 0.27124 0.11577 0.111816 0.0126266
0 0.166012 0.727539 0.268286 0.517578 0.012146
0 0.260807 0.787109 0.0598359 0.162109 0.0120544
0 0.186337 0.250977 0.0624375 0.0908203 0.0107346
0 0.529743 0.914062 0.0370723 0.0429688 0.0104523
0 0.599823 0.414551 0.278042 0.360352 0.0102463
0 0.710227 0.600586 0.130078 0.208008 0.00941467
0 0.98324 0.85791 0.0335195 0.0537109 0.0088501
0 0.607302 0.357422 0.421778 0.619141 0.0085144
0 0.223084 0.124878 0.0656895 0.0778809 0.00760651
0 0.542751 0.300293 0.160646 0.161133 0.00568771
0 0.302757 0.190857 0.46633 0.323364 0.00448608
0 0.218856 0.166443 0.148289 0.221802 0.00405502
0 0.575271 0.310547 0.230889 0.167969 0.00344276
0 0.642423 0.311279 0.14081 0.154785 0.00316048
0 0.228612 0.116333 0.0897539 0.101807 0.00314713
0 0.638684 0.352051 0.187313 0.225586 0.00281143
0 0.214629 0.196228 0.172354 0.281372 0.00261116
0 0.662098 0.308105 0.101461 0.136719 0.00255013
0 0.426006 0.495605 0.0799981 0.166992 0.00251198
0 0.270644 0.219482 0.0479663 0.132324 0.00246239
0 0.253652 0.77832 0.0741445 0.195312 0.00245285
0 0.200971 0.230225 0.187963 0.190918 0.00206757
0 0.540475 0.275879 0.135281 0.142578 0.00202751
0 0.252677 0.802734 0.0663399 0.136719 0.00191879
0 0.433811 0.49707 0.10016 0.201172 0.00174141
0 0.195442 0.509766 0.355764 0.962891 0.00174141
0 0.385031 0.190674 0.652992 0.367676 0.00158501
0 0.452022 0.336182 0.734941 0.655762 0.00146675
0 0.266091 0.248474 0.444705 0.375122 0.00137234
0 0.584051 0.467651 0.401941 0.465088 0.599121
0 0.57462 0.424927 0.33365 0.42749 0.0365601
0 0.162923 0.736816 0.280318 0.452148 0.0337219
0 0.173167 0.660278 0.293001 0.607178 0.0164642
0 0.69982 0.619141 0.124875 0.154297 0.0138474
0 0.467306 0.543457 0.14959 0.258789 0.0113297
0 0.681609 0.56543 0.169102 0.273438 0.01017
0 0.502102 0.540527 0.228938 0.280273 0.00978088
0 0.219507 0.13031 0.054958 0.0626221 0.00793457
0 0.624212 0.516113 0.30731 0.374023 0.00706482
0 0.589904 0.406372 0.440965 0.632568 0.00636292
0 0.472184 0.577148 0.141785 0.199219 0.00634003
0 0.641936 0.553223 0.264059 0.301758 0.00561905
0 0.200483 0.482422 0.333976 0.964844 0.00534439
0 0.561287 0.550293 0.369422 0.307617 0.00488663
0 0.63348 0.383789 0.245848 0.292969 0.00477219
0 0.223084 0.136963 0.0962578 0.132324 0.00436401
0 0.622424 0.436401 0.303082 0.402588 0.00413513
0 0.527792 0.277588 0.130729 0.133301 0.00388527
0 0.243246 0.2146 0.394137 0.353027 0.00376511
0 0.15772 0.516479 0.315439 0.912354 0.00376511
0 0.550231 0.335449 0.481289 0.670898 0.00365067
0 0.226011 0.390747 0.371373 0.720459 0.00337601
0 0.368446 0.281738 0.562588 0.546875 0.00337601
0 0.51576 0.292969 0.165199 0.157227 0.00327301
0 0.602424 0.664917 0.382105 0.662354 0.00316048
0 0.211702 0.240967 0.147639 0.163086 0.00312424
0 0.21723 0.218689 0.190564 0.30481 0.00311089
0 0.223409 0.11792 0.0741445 0.0883789 0.0029583
0 0.703723 0.580078 0.158695 0.228516 0.00291252
0 0.523564 0.220947 0.352512 0.441895 0.00273705
0 0.210076 0.266602 0.170402 0.125 0.00269318
0 0.119834 0.754883 0.212353 0.451172 0.00265312
0 0.518036 0.405762 0.245197 0.383789 0.00250244
0 0.259181 0.740723 0.0630879 0.268555 0.0024929
0 0.651691 0.3125 0.13398 0.144531 0.00245285
0 0.577222 0.28418 0.145037 0.145508 0.00243378
0 0.439664 0.184326 0.383731 0.368652 0.00240517
0 0.166988 0.48291 0.333976 0.96582 0.00240517
0 0.258855 0.783203 0.0643887 0.173828 0.00237846
0 0.563889 0.300049 0.209426 0.163574 0.00235939
0 0.417551 0.424805 0.593156 0.849609 0.00232315
0 0.612668 0.314941 0.228938 0.163086 0.00228691
0 0.146013 0.791504 0.276416 0.391602 0.00228691
0 0.242921 0.343994 0.424705 0.528809 0.00228691
0 0.684211 0.668823 0.23284 0.631104 0.00222588
0 0.709088 0.896484 0.27544 0.207031 0.00209999
0 0.788924 0.660645 0.383731 0.606445 0.00203514
0 0.226661 0.109375 0.137232 0.131836 0.00202751
0 0.259181 0.69873 0.0650391 0.374023 0.00198746
0 0.585189 0.460083 0.382755 0.513428 0.778809
0 0.161663 0.733398 0.284139 0.443359 0.00985718
0 0.677057 0.575684 0.179508 0.287109 0.00516129
0 0.591856 0.42395 0.297879 0.43335 0.00471878
0 0.695918 0.58252 0.137883 0.25 0.00457382
0 0.588604 0.610474 0.444867 0.759521 0.00270462
0 0.734941 0.519531 0.506004 0.632812 0.00256157
0 0.570718 0.379028 0.419502 0.698975 0.002388
0 0.6034 0.620605 0.356739 0.408203 0.00209045
0 0.98324 0.856445 0.0335195 0.0605469 0.00201035
0 0.519012 0.364502 0.567141 0.618652 0.00184631
0 0.793477 0.615356 0.401941 0.718506 0.00174141
0 0.656732 0.367676 0.525841 0.65625 0.00173378
0 0.651041 0.595703 0.292676 0.728516 0.00172043
0 0.661447 0.477417 0.610066 0.62915 0.00167465
0 0.693316 0.947266 0.130078 0.0976562 0.00165462
0 0.414949 0.399902 0.681609 0.77832 0.00164223
0 0.639822 0.464355 0.265685 0.481445 0.0015974
0 0.635919 0.354736 0.213653 0.256348 0.00159168
0 0.528768 0.916016 0.0572344 0.107422 0.00145531
0 0.227149 0.518066 0.387308 0.932617 0.0014267
0 0.644537 0.319336 0.13398 0.180664 0.00139427
0 0.238368 0.21875 0.36552 0.355469 0.00133514
0 0.789424 0.837158 0.421152 0.325684 0.00133514
0 0.272839 0.327148 0.451371 0.585938 0.00130463
0 0.311537 0.662109 0.623074 0.669922 0.00121593
0 0.693154 0.866943 0.328122 0.266113 0.00119686
0 0.226661 0.674316 0.452672 0.59668 0.00118828
0 0.160159 0.535645 0.320317 0.926758 0.00117874
0 0.0365845 0.600586 0.0481289 0.103516 0.00114727
0 0.780469 0.605591 0.409746 0.503662 0.0011425
0 0.475436 0.587891 0.139834 0.191406 0.00113392
0 0.119184 0.76123 0.216905 0.463867 0.00107765
0 0.608766 0.318359 0.208125 0.191406 0.00105286
0 0.492996 0.702148 0.41625 0.595703 0.00104427
0 0.491695 0.918945 0.131379 0.162109 0.00102806
0 0.674455 0.941406 0.191215 0.117188 0.00102806
0 0.639984 0.442871 0.286172 0.469727 0.699219
0 0.582913 0.44873 0.389909 0.479492 0.537109
0 0.624212 0.39209 0.252677 0.333984 0.0171814
0 0.708926 0.572266 0.140484 0.257812 0.016983
0 0.478037 0.59668 0.120973 0.147461 0.0153046
0 0.469257 0.533203 0.147639 0.28125 0.0133286
0 0.460477 0.464844 0.118371 0.178711 0.011467
0 0.527467 0.287598 0.119672 0.174805 0.0109863
0 0.453973 0.455078 0.0988594 0.148438 0.00974274
0 0.584701 0.394409 0.342105 0.388916 0.00731659
0 0.510231 0.380371 0.238693 0.366211 0.00669098
0 0.530068 0.366211 0.182109 0.332031 0.00600433
0 0.522589 0.267578 0.0988594 0.126953 0.00510025
0 0.490395 0.608887 0.0975586 0.130859 0.0042305
0 0.645188 0.332764 0.137883 0.209473 0.00397491
0 0.612018 0.388306 0.385031 0.565186 0.00388527
0 0.539174 0.270996 0.118371 0.131836 0.00332451
0 0.477387 0.575684 0.148289 0.224609 0.00316048
0 0.226336 0.124756 0.0650391 0.0771484 0.00292397
0 0.592506 0.368896 0.274465 0.324707 0.0028553
0 0.535922 0.390625 0.48259 0.660156 0.00232315
0 0.19528 0.248779 0.233815 0.32373 0.00226974
0 0.200646 0.295898 0.228938 0.226562 0.00215721
0 0.749413 0.562988 0.486167 0.62207 0.00208282
0 0.608115 0.26709 0.102762 0.120117 0.00202751
0 0.259831 0.78418 0.0624375 0.164062 0.00200272
0 0.493647 0.425781 0.19902 0.439453 0.00199509
0 0.680959 0.9375 0.161297 0.123047 0.00191212
0 0.69982 0.947266 0.111867 0.0976562 0.00190449
0 0.357064 0.853516 0.0904043 0.158203 0.00188255
0 0.225523 0.112061 0.0770713 0.0981445 0.00186729
0 0.457225 0.361816 0.694617 0.604492 0.0018034
0 0.20406 0.188904 0.209751 0.297974 0.00174809
0 0.647139 0.286133 0.130078 0.158203 0.0016613
0 0.371373 0.84668 0.0702422 0.132812 0.00141048
0 0.755591 0.678711 0.479013 0.582031 0.00138283
0 0.439989 0.521484 0.109916 0.238281 0.00137806
0 0.671203 0.348633 0.153492 0.248047 0.00130463
0 0.181174 0.714355 0.30235 0.459961 0.00130463
0 0.221458 0.220276 0.158695 0.299683 0.00129986
0 0.207962 0.120483 0.266985 0.19458 0.0012846
0 0.66535 0.354736 0.507305 0.658691 0.00123978
0 0.591693 0.661987 0.400966 0.662354 0.00123024
0 0.388283 0.469727 0.776566 0.939453 0.00121117
0 0.243896 0.322998 0.134631 0.127441 0.00112438
0 0.463729 0.415527 0.188613 0.297852 0.00112057
0 0.450721 0.555664 0.19967 0.353516 0.0011158
0 0.258855 0.497559 0.517711 0.954102 0.0011034
0 0.81559 0.584961 0.0780469 0.123047 0.00109005
0 0.339504 0.875 0.135281 0.230469 0.00106907
0 0.578197 0.437622 0.394137 0.484131 0.740234
0 0.166663 0.717285 0.280644 0.452148 0.0122375
0 0.465029 0.548828 0.140484 0.255859 0.00366402
0 0.520963 0.278809 0.109916 0.146484 0.0029583
0 0.526166 0.320801 0.161297 0.222656 0.00247192
0 0.705023 0.584961 0.136582 0.224609 0.00234222
0 0.688113 0.569336 0.158695 0.265625 0.0020504
0 0.474785 0.597656 0.146988 0.15918 0.00189686
0 0.625025 0.454102 0.28227 0.476562 0.00172043
0 0.528768 0.285645 0.144387 0.149902 0.00166798
0 0.262758 0.787109 0.0598359 0.179688 0.00148392
0 0.64974 0.364258 0.186012 0.267578 0.00135136
0 0.531369 0.634644 0.408445 0.676025 0.00131512
0 0.654293 0.319336 0.127477 0.176758 0.00130939
0 0.42503 0.505859 0.0799981 0.203125 0.00126457
0 0.22406 0.123535 0.0969082 0.121094 0.00123978
0 0.21593 0.483887 0.38308 0.930664 0.00109482
0 0.447144 0.510742 0.115119 0.234375 0.00109005
0 0.590555 0.463989 0.394137 0.480225 0.794434
0 0.705023 0.582031 0.137883 0.222656 0.0149536
0 0.467631 0.542969 0.14959 0.259766 0.0139008
0 0.264384 0.772949 0.0559336 0.229492 0.0119629
0 0.260481 0.78418 0.0630879 0.168945 0.00831604
0 0.169752 0.735352 0.288123 0.447266 0.00769424
0 0.597221 0.425781 0.319667 0.400391 0.00653839
0 0.26349 0.725586 0.0570718 0.3125 0.00548935
0 0.528768 0.294678 0.154793 0.164551 0.00429916
0 0.511857 0.390137 0.228938 0.364258 0.0029583
0 0.2504 0.769043 0.08325 0.217773 0.00279999
0 0.549905 0.410034 0.298529 0.400635 0.00253105
0 0.444217 0.53125 0.118371 0.242188 0.00215721
0 0.223247 0.124023 0.0653643 0.0810547 0.00206757
0 0.523564 0.275391 0.110566 0.128906 0.00183105
0 0.224547 0.712891 0.136907 0.394531 0.00149536
0 0.443566 0.458008 0.094957 0.148438 0.00137234
0 0.182109 0.706543 0.357715 0.516602 0.00135136
0 0.479338 0.645996 0.509906 0.676758 0.00134563
0 0.973635 0.629883 0.0390234 0.0800781 0.00129414
0 0.283001 0.765625 0.0999976 0.226562 0.00123501
0 0.228938 0.475586 0.411047 0.951172 0.00122547
0 0.586002 0.633789 0.434461 0.716797 0.0012207
0 0.0284546 0.583496 0.0341455 0.0751953 0.00116539
0 0.211377 0.77832 0.164549 0.371094 0.00109863
0 0.185361 0.816895 0.226336 0.366211 0.00109863
0 0.227474 0.147949 0.109591 0.174805 0.00107288
0 0.254303 0.371094 0.446168 0.71875 0.00103664
0 0.19528 0.236816 0.0799981 0.112793 0.00103188
0 0.582587 0.450195 0.380153 0.480469 0.770508
0 0.707625 0.591797 0.124875 0.21875 0.0400085
0 0.473484 0.581055 0.129428 0.183594 0.0210876
0 0.473484 0.543945 0.143086 0.264648 0.0173035
0 0.479663 0.604492 0.124875 0.144531 0.0116882
0 0.531044 0.292236 0.160646 0.156738 0.0107346
0 0.527467 0.354004 0.179508 0.287109 0.00898743
0 0.51576 0.375 0.219832 0.344727 0.00806427
0 0.556734 0.398438 0.293977 0.386719 0.00769424
0 0.263408 0.789062 0.0598359 0.181641 0.00757599
0 0.707625 0.570312 0.150891 0.265625 0.00624084
0 0.525516 0.278564 0.11707 0.137695 0.00524139
0 0.493647 0.42041 0.186012 0.410156 0.00366402
0 0.22097 0.126892 0.0614619 0.0723877 0.0029583
0 0.261457 0.736328 0.0604863 0.292969 0.00245285
0 0.446818 0.461426 0.0910547 0.166016 0.00235939
0 0.250726 0.77832 0.0786973 0.208984 0.00176144
0 0.22406 0.112793 0.0721934 0.0913086 0.0014782
0 0.278936 0.325684 0.0626001 0.0751953 0.00144958
0 0.163248 0.706055 0.263408 0.445312 0.00133038
0 0.573319 0.312744 0.267311 0.189941 0.00130463
0 0.598522 0.369141 0.382105 0.630859 0.00129414
0 0.437063 0.513672 0.10016 0.214844 0.00124454
0 0.240645 0.76416 0.0995098 0.256836 0.00123978
0 0.637383 0.312012 0.167801 0.170898 0.00120163
0 0.639334 0.45105 0.288773 0.502197 0.00113392
0 0.656895 0.314453 0.120973 0.165039 0.00106525
0 0.590555 0.285156 0.122273 0.15332 0.00105667
0 0.710227 0.637695 0.135281 0.214844 0.00105286
0 0.224385 0.148438 0.0975586 0.172363 0.00101185
0 0.580799 0.437622 0.38243 0.468506 0.760742
0 0.601611 0.42627 0.297879 0.405273 0.0566406
0 0.706975 0.59668 0.128777 0.203125 0.0389709
0 0.47511 0.588379 0.124875 0.175781 0.0130234
0 0.467631 0.549805 0.137883 0.263672 0.0115967
0 0.705674 0.568359 0.150891 0.249023 0.0106506
0 0.456249 0.501953 0.119672 0.220703 0.00671768
0 0.567791 0.396606 0.309586 0.388428 0.00595856
0 0.1452 0.734375 0.27414 0.460938 0.00540543
0 0.53332 0.280762 0.136582 0.144531 0.00538635
0 0.26414 0.795898 0.0583726 0.164062 0.00503922
0 0.528768 0.270996 0.110566 0.124023 0.00428009
0 0.631042 0.391602 0.233815 0.320312 0.00382423
0 0.443566 0.448242 0.08325 0.131836 0.00376511
0 0.221133 0.126953 0.0598359 0.0708008 0.00355148
0 0.463729 0.457886 0.122273 0.170166 0.00355148
0 0.487793 0.603516 0.10016 0.140625 0.00321007
0 0.533971 0.321777 0.1665 0.231445 0.00273705
0 0.548605 0.292969 0.172354 0.167969 0.00228691
0 0.522264 0.380005 0.23284 0.357178 0.00226974
0 0.658195 0.315186 0.122273 0.168457 0.00211525
0 0.161907 0.680176 0.31487 0.579102 0.0020752
0 0.642586 0.442505 0.265359 0.470459 0.00179577
0 0.176581 0.519409 0.334951 0.9104 0.00172043
0 0.586652 0.324463 0.267961 0.220215 0.00157928
0 0.112518 0.757324 0.20845 0.47168 0.00141048
0 0.221458 0.115234 0.0669902 0.0888672 0.00137806
0 0.693316 0.536621 0.1665 0.283203 0.00132465
0 0.589254 0.267578 0.104063 0.117188 0.00124931
0 0.811688 0.594727 0.106664 0.167969 0.00124931
0 0.810236 0.663086 0.379527 0.382812 0.00122547
0 0.679008 0.339355 0.148289 0.225586 0.00117874
0 0.248124 0.458496 0.479338 0.899414 0.0011034
0 0.26601 0.732422 0.0487793 0.285156 0.00108147
0 0.187638 0.263184 0.0845508 0.0957031 0.00107288
0 0.480314 0.443481 0.179508 0.406006 0.00103188
0 0.586652 0.44873 0.387633 0.473633 0.834961
0 0.476736 0.595703 0.126176 0.15625 0.0336609
0 0.469257 0.543945 0.140484 0.269531 0.0309143
0 0.706324 0.598633 0.130078 0.206055 0.0235596
0 0.584051 0.402222 0.325195 0.386963 0.0189819
0 0.452672 0.470703 0.106664 0.158203 0.0183411
0 0.446168 0.448242 0.0825996 0.130859 0.0153656
0 0.532345 0.282715 0.128127 0.130859 0.008255
0 0.461452 0.447388 0.11642 0.156006 0.00748825
0 0.488443 0.609375 0.0988594 0.125 0.00653839
0 0.526816 0.312744 0.150891 0.196777 0.00540543
0 0.706324 0.570312 0.148289 0.265625 0.00540543
0 0.517061 0.374512 0.226336 0.327148 0.0050621
0 0.219669 0.128418 0.0556084 0.0668945 0.00391388
0 0.263083 0.787109 0.0526816 0.179688 0.0029583
0 0.262107 0.806641 0.0520313 0.123047 0.00245285
0 0.220482 0.118164 0.0650391 0.0825195 0.00148964
0 0.429908 0.504883 0.0819492 0.189453 0.00144386
0 0.656895 0.317383 0.11707 0.162109 0.00139427
0 0.634944 0.468628 0.288448 0.470947 0.00110722
0 0.163248 0.700195 0.253652 0.417969 0.00107288
0 0.219019 0.131348 0.0809736 0.106445 0.00106525
0 0.585514 0.28125 0.10894 0.141602 0.00103188
0 0.706324 0.638672 0.135281 0.197266 0.00102425
0 0.279018 0.327393 0.0559336 0.0668945 0.00100803
0 0.5834 0.444336 0.38243 0.489258 0.847168
0 0.707625 0.588867 0.127477 0.222656 0.0382385
0 0.599823 0.417847 0.296253 0.388916 0.0173035
0 0.468932 0.544434 0.141785 0.269531 0.0167236
0 0.481289 0.606445 0.120973 0.138672 0.00948334
0 0.261538 0.782715 0.0596733 0.188477 0.00828552
0 0.446493 0.489258 0.098209 0.193359 0.00790405
0 0.439989 0.446777 0.0780469 0.130859 0.00695801
0 0.656895 0.316162 0.122273 0.166504 0.00516129
0 0.530719 0.279297 0.140484 0.135742 0.00477219
0 0.154143 0.731445 0.275766 0.451172 0.0046463
0 0.663561 0.381958 0.166175 0.300537 0.00353813
0 0.563238 0.380859 0.310887 0.354492 0.00314713
0 0.473484 0.577637 0.128777 0.188477 0.00299263
0 0.526166 0.32373 0.163898 0.229492 0.00279045
0 0.220157 0.128967 0.0546328 0.0662842 0.00239754
0 0.262026 0.72998 0.0521939 0.313477 0.00221634
0 0.711527 0.547852 0.143086 0.275391 0.00187492
0 0.517386 0.368652 0.225686 0.329102 0.00186729
0 0.252026 0.77002 0.0780469 0.22168 0.00174141
0 0.469582 0.440308 0.136582 0.199463 0.00160408
0 0.24162 0.749512 0.0975586 0.290039 0.00153065
0 0.277717 0.330078 0.056584 0.0673828 0.00144386
0 0.626326 0.462402 0.279668 0.477539 0.00137234
0 0.924205 0.0505371 0.0403242 0.0571289 0.00116539
0 0.708926 0.634766 0.13268 0.207031 0.00108624
0 0.594457 0.282471 0.109266 0.144043 0.00106525
0 0.580799 0.303955 0.258855 0.175293 0.00105667
0 0.116908 0.816406 0.217556 0.365234 0.00103188
0 0.20845 0.527832 0.379178 0.848633 0.00100803
0 0.580148 0.452271 0.385031 0.491943 0.849121
0 0.706975 0.59082 0.130078 0.230469 0.0181274
0 0.467631 0.546875 0.140484 0.267578 0.00643921
0 0.264059 0.770508 0.0526816 0.230469 0.00582123
0 0.59592 0.417847 0.296253 0.388916 0.00536346
0 0.221133 0.128418 0.056584 0.0678711 0.00498199
0 0.528117 0.282227 0.141785 0.139648 0.00473785
0 0.480639 0.60498 0.122273 0.143555 0.00445175
0 0.262026 0.794434 0.0560962 0.154297 0.00400543
0 0.522589 0.314697 0.158045 0.211426 0.00397491
0 0.556409 0.375854 0.302432 0.342041 0.00358009
0 0.656895 0.317139 0.119672 0.169434 0.00335121
0 0.437713 0.444336 0.0754453 0.132812 0.00325966
0 0.277717 0.327148 0.0591855 0.0703125 0.00296974
0 0.437388 0.486328 0.08325 0.185547 0.00257111
0 0.17024 0.705078 0.289749 0.515625 0.00235939
0 0.514459 0.36377 0.219832 0.320312 0.00195694
0 0.26601 0.730469 0.0481289 0.314453 0.00183868
0 0.222921 0.114746 0.0673154 0.0878906 0.00177479
0 0.250726 0.475098 0.454623 0.950195 0.00152493
0 0.278042 0.300781 0.0572344 0.126953 0.0014782
0 0.189914 0.251709 0.0669902 0.0942383 0.00146103
0 0.220808 0.145508 0.0891035 0.165527 0.00129986
0 0.664049 0.368408 0.153492 0.272949 0.00126934
0 0.184061 0.26123 0.0718682 0.0878906 0.00122547
0 0.270644 0.222168 0.044064 0.078125 0.00118351
0 0.252352 0.760742 0.0780469 0.251953 0.0011425
0 0.227962 0.212402 0.150891 0.276367 0.00113773
0 0.195768 0.664551 0.370723 0.569336 0.00112438
0 0.245197 0.737305 0.0917051 0.326172 0.00105286
0 0.597059 0.285156 0.11577 0.149902 0.00102425
0 0.580148 0.452271 0.385031 0.491943 0.849121
0 0.706975 0.591309 0.130078 0.229492 0.0181274
0 0.467631 0.546875 0.140484 0.267578 0.0064888
0 0.264059 0.770996 0.0526816 0.231445 0.005867
0 0.59592 0.417847 0.296253 0.388916 0.00534439
0 0.221133 0.128418 0.056584 0.0678711 0.00498199
0 0.528117 0.282227 0.141785 0.139648 0.00473785
0 0.480639 0.60498 0.122273 0.143555 0.00446701
0 0.262026 0.793945 0.0560962 0.154297 0.00402451
0 0.522589 0.314941 0.158045 0.211914 0.00400543
0 0.556409 0.375854 0.302432 0.342041 0.00356483
0 0.656895 0.317139 0.119672 0.169434 0.00333786
0 0.437713 0.444336 0.0754453 0.132812 0.00331116
0 0.277636 0.327148 0.0586978 0.0703125 0.00298119
0 0.437388 0.486328 0.08325 0.185547 0.00259018
0 0.17024 0.705078 0.289749 0.515625 0.00235939
0 0.515109 0.36377 0.219832 0.321289 0.00195694
0 0.26601 0.730469 0.0481289 0.314453 0.00184631
0 0.222921 0.114868 0.0673154 0.0876465 0.00177479
0 0.250726 0.475098 0.454623 0.950195 0.00152493
0 0.278042 0.300781 0.0572344 0.126953 0.0014782
0 0.189914 0.251709 0.0669902 0.0942383 0.00146103
0 0.220808 0.145569 0.0891035 0.164917 0.00129414
0 0.664049 0.368408 0.153492 0.272949 0.00126457
0 0.184061 0.26123 0.0718682 0.0878906 0.0012207
0 0.270644 0.222168 0.044064 0.078125 0.00118351
0 0.252352 0.760254 0.0780469 0.25293 0.00114727
0 0.227962 0.212463 0.150891 0.276245 0.00113773
0 0.195768 0.664062 0.370723 0.570312 0.00112057
0 0.703723 0.564453 0.150891 0.269531 0.00110722
0 0.245197 0.737305 0.0917051 0.326172 0.00105667
0 0.596408 0.285156 0.11577 0.149902 0.00102425
