0 0.361418 0.440104 0.707208 0.454427 0.414062
0 0.516606 0.389648 0.966789 0.561849 0.332764
0 0.341028 0.451497 0.566304 0.39388 0.0797729
0 0.886815 0.52474 0.226369 0.295573 0.0592041
0 0.901468 0.56543 0.197065 0.20638 0.0560303
0 0.903421 0.601725 0.193158 0.148112 0.0538025
0 0.781809 0.747396 0.436383 0.455729 0.0451965
0 0.675825 0.73291 0.64835 0.531576 0.0391846
0 0.811113 0.694662 0.377774 0.367188 0.0327148
0 0.454215 0.800781 0.0937734 0.0572917 0.0247498
0 0.42833 0.351237 0.399514 0.231771 0.0246582
0 0.594262 0.67041 0.811476 0.651367 0.0190582
0 0.888769 0.461589 0.222462 0.432292 0.0186157
0 0.521978 0.58138 0.956044 0.792969 0.0158386
0 0.338952 0.39681 0.580223 0.589193 0.014061
0 0.81502 0.556315 0.36996 0.23112 0.0121918
0 0.784739 0.457357 0.430522 0.422526 0.0105667
0 0.5 0.566406 1 0.867188 0.00985718
0 0.463006 0.963542 0.220758 0.0572916 0.00857544
0 0.400491 0.410238 0.500125 0.407389 0.00841522
0 0.550794 0.551432 0.898412 0.897135 0.00740433
0 0.437121 0.71224 0.817587 0.561198 0.00720596
0 0.5 0.5 1 1 0.00720596
0 0.5 0.5 1 1 0.00651169
0 0.5 0.5 1 1 0.00651169
0 0.508791 0.5 0.982417 1 0.0064888
0 0.589866 0.584798 0.820268 0.830404 0.00624084
0 0.461053 0.789714 0.111356 0.0677084 0.00614548
0 0.805008 0.51237 0.389984 0.279948 0.00609589
0 0.5 0.5 1 1 0.006073
0 0.385839 0.599609 0.771677 0.800781 0.00600433
0 0.5 0.5 1 1 0.00595856
0 0.304275 0.622396 0.175825 0.0872396 0.00568771
0 0.877172 0.789063 0.199269 0.209635 0.00568771
0 0.494264 0.942708 0.271552 0.109375 0.00542831
0 0.5 0.513672 1 0.972656 0.00540543
0 0.154458 0.495768 0.243957 0.177734 0.00526047
0 0.144079 0.437175 0.266668 0.310547 0.00500107
0 0.5 0.5 1 1 0.00492477
0 0.5 0.5 1 1 0.00471878
0 0 0.291667 0 0.583333 0.00468063
0 0.538221 0.708496 0.537244 0.575195 0.00457382
0 0.5 0.5 1 1 0.00446701
0 0.396095 0.486654 0.391699 0.367839 0.0042305
0 0.330161 0.798177 0.57827 0.390625 0.0042305
0 0.518196 0.916667 0.329184 0.161458 0.00416565
0 0.128938 0.872396 0.225642 0.19401 0.00400543
0 0.5 0.536458 1 0.927083 0.00400543
0 0.717828 0.518229 0.564344 0.317708 0.00397491
0 0.888894 0.648275 0.218805 0.320638 0.00395966
0 0.112821 0.55599 0.101588 0.0572917 0.137573
0 0.892801 0.604329 0.21099 0.119466 0.0930176
0 0.314043 0.414388 0.547012 0.320964 0.0838623
0 0.695117 0.670573 0.609766 0.63151 0.0604248
0 0.0913314 0.500651 0.107449 0.11849 0.0528259
0 0.123078 0.52474 0.136753 0.111979 0.0470886
0 0.313555 0.49056 0.55678 0.507161 0.0397949
0 0.360442 0.300863 0.461053 0.340983 0.0385437
0 0.90843 0.77474 0.107449 0.0911458 0.0377502
0 0.131869 0.501953 0.182663 0.167969 0.0342407
0 0.871312 0.692708 0.207083 0.299479 0.033844
0 0.888894 0.15153 0.130892 0.0455729 0.0314331
0 0.880103 0.539714 0.230526 0.269531 0.0288086
0 0.414166 0.340169 0.279367 0.182292 0.0247498
0 0.9055 0.795573 0.103542 0.0898438 0.024231
0 0.0791213 0.945313 0.0967039 0.046875 0.0226746
0 0.873629 0.625651 0.252743 0.571615 0.0219421
0 0.858488 0.716309 0.283024 0.512695 0.0211182
0 0.58413 0.749837 0.81661 0.500326 0.0211182
0 0.502567 0.409831 0.698417 0.399089 0.0205231
0 0.448843 0.338542 0.203176 0.15625 0.0178528
0 0.48938 0.343099 0.146521 0.121094 0.0175781
0 0.322224 0.33846 0.490601 0.479329 0.0173035
0 0.469844 0.32194 0.159219 0.136068 0.0165253
0 0.453238 0.279622 0.156289 0.078125 0.0161591
0 0.509038 0.44043 0.921861 0.419922 0.0158997
0 0.849822 0.688802 0.28132 0.326823 0.0153046
0 0.458122 0.779948 0.14066 0.0807291 0.0149536
0 0.306229 0.597819 0.612458 0.773112 0.0139008
0 0.527476 0.318359 0.716976 0.447917 0.0138474
0 0.724177 0.759115 0.551646 0.479167 0.0136871
0 0.526987 0.265544 0.115263 0.0756836 0.0135345
0 0.498171 0.314535 0.142614 0.133952 0.0125275
0 0.214897 0.476563 0.101588 0.0989584 0.0125275
0 0.406352 0.96224 0.0898662 0.0572917 0.0102921
0 0.0830286 0.910807 0.148475 0.110677 0.0102463
0 0.476682 0.348958 0.173872 0.16276 0.00993347
0 0.0967039 0.493815 0.153359 0.152995 0.00971222
0 0.387792 0.288737 0.310625 0.285807 0.00894928
0 0.644692 0.430339 0.0976807 0.0546875 0.00894928
0 0.125031 0.483724 0.219782 0.200521 0.0085144
0 0.493287 0.566406 0.986575 0.664063 0.00837708
0 0.63468 0.613118 0.727233 0.719076 0.00818634
0 0.896095 0.581055 0.20781 0.58138 0.00815582
0 0.53236 0.24349 0.11917 0.0983073 0.00812531
0 0.055678 0.486979 0.0918198 0.0911459 0.00806427
0 0.272285 0.263021 0.54457 0.526042 0.00800323
0 0.574362 0.260417 0.125031 0.0735677 0.00769424
0 0.888894 0.98112 0.0898663 0.0377604 0.00751877
0 0.0449331 0.5 0.0590968 0.0677083 0.00701141
0 0.516606 0.381836 0.966789 0.530599 0.457031
0 0.277535 0.774089 0.538953 0.292969 0.416748
0 0.416608 0.410482 0.753118 0.470703 0.411133
0 0.654461 0.75651 0.619295 0.445313 0.325928
0 0.901468 0.576823 0.197065 0.171875 0.210083
0 0.410747 0.246745 0.393653 0.321615 0.208862
0 0.356412 0.448486 0.57656 0.399902 0.188354
0 0.345912 0.36263 0.675706 0.55599 0.184204
0 0.399514 0.51237 0.423934 0.286458 0.12854
0 0.886815 0.467448 0.226369 0.398438 0.127686
0 0.151405 0.495117 0.23248 0.163411 0.111633
0 0.604643 0.670573 0.763863 0.627604 0.100891
0 0.900616 0.614746 0.191454 0.142904 0.0823975
0 0.303787 0.368815 0.545058 0.294922 0.0775146
0 0.154458 0.460286 0.306473 0.229167 0.0574951
0 0.528205 0.620931 0.943589 0.750326 0.0545959
0 0.404398 0.222494 0.35165 0.245117 0.0535889
0 0.635901 0.824219 0.644692 0.34375 0.0527039
0 0.399514 0.310628 0.360442 0.204264 0.0524292
0 0.678881 0.61263 0.629063 0.746094 0.0518494
0 0.89756 0.543294 0.204879 0.236328 0.049408
0 0.206595 0.396484 0.413189 0.34375 0.0472412
0 0.475705 0.470052 0.857636 0.403646 0.0428772
0 0.369721 0.132975 0.294019 0.130208 0.0420837
0 0.684009 0.434326 0.624668 0.495931 0.0360107
0 0.551771 0.311523 0.896458 0.441406 0.0346985
0 0.154335 0.511068 0.190477 0.13151 0.0331421
0 0.415143 0.96875 0.11624 0.0572917 0.0327759
0 0.33126 0.819662 0.595608 0.33724 0.0306244
0 0.509893 0.80599 0.90843 0.388021 0.029541
0 0.85666 0.697917 0.28132 0.313802 0.02948
0 0.79683 0.688639 0.383397 0.310221 0.0288086
0 0.5 0.574219 1 0.783854 0.0274353
0 0.309648 0.674479 0.55971 0.494792 0.0243378
0 0.535165 0.22526 0.92967 0.403646 0.0235596
0 0.90843 0.81901 0.101588 0.0598959 0.0216522
0 0.853729 0.15625 0.105495 0.0452474 0.0215302
0 0.387792 0.165039 0.384862 0.20638 0.0212097
0 0.308793 0.749349 0.591701 0.428385 0.0207214
0 0.344813 0.327474 0.423934 0.192057 0.0204926
0 0.113798 0.89388 0.174848 0.126302 0.0189819
0 0.161173 0.878906 0.288158 0.208333 0.0189819
0 0.227596 0.938802 0.18364 0.122396 0.0186462
0 0.387304 0.604167 0.359465 0.261719 0.0174408
0 0.357511 0.727214 0.37314 0.330729 0.0167847
0 0.867768 0.477865 0.264465 0.484375 0.0162811
0 0.35165 0.109416 0.269599 0.111898 0.016098
0 0.303298 0.422201 0.575339 0.318359 0.0151901
0 0.88108 0.158203 0.148475 0.0455729 0.0149002
0 0.410259 0.252279 0.763863 0.370443 0.0148392
0 0.374117 0.245443 0.748234 0.33724 0.29834
0 0.432725 0.391276 0.865451 0.628906 0.176147
0 0.656414 0.676921 0.629064 0.568034 0.168335
0 0.652507 0.769531 0.62711 0.421875 0.166138
0 0.454215 0.263102 0.437609 0.327962 0.151001
0 0.884862 0.480469 0.230276 0.335938 0.117981
0 0.88108 0.535807 0.230526 0.222656 0.102295
0 0.741271 0.685547 0.517457 0.608073 0.0866089
0 0.915143 0.539388 0.169714 0.225911 0.0680542
0 0.855683 0.517253 0.18364 0.210287 0.058136
0 0.751164 0.531576 0.449331 0.255859 0.0552063
0 0.0991459 0.556641 0.0713069 0.0455729 0.0437012
0 0.747621 0.529948 0.504759 0.820313 0.0400085
0 0.925888 0.571289 0.148225 0.16862 0.0381775
0 0.894755 0.841146 0.0976806 0.0546875 0.0381775
0 0.622226 0.89974 0.568502 0.195313 0.0379639
0 0.646521 0.508138 0.706958 0.814453 0.0343628
0 0.304764 0.610026 0.156289 0.0963541 0.0285492
0 0.869358 0.841146 0.128938 0.09375 0.0277405
0 0 0.756185 0 0.48763 0.0274811
0 0.897685 0.825521 0.115263 0.078125 0.0255585
0 0.758246 0.523763 0.480101 0.406901 0.0254211
0 0.557757 0.569661 0.134799 0.177083 0.0248413
0 0.770701 0.527344 0.289135 0.253906 0.0244293
0 0 0.833333 0 0.333333 0.0195007
0 0.836147 0.501302 0.156289 0.209635 0.0190887
0 0.586084 0.264404 0.775585 0.344889 0.0190582
0 0.849697 0.651042 0.300606 0.519531 0.0186157
0 0.773631 0.671875 0.449331 0.49349 0.0186157
0 0.456169 0.848958 0.219782 0.291667 0.0177155
0 0.218316 0.518229 0.126985 0.16276 0.0173035
0 0.562641 0.842448 0.423934 0.307292 0.016922
0 0.522592 0.569661 0.228573 0.205729 0.0167847
0 0.57192 0.53776 0.16508 0.248698 0.0164032
0 0.885964 0.652181 0.220758 0.349284 0.0163422
0 0.876196 0.795573 0.171918 0.171875 0.0149536
0 0.469356 0.776042 0.148475 0.0911459 0.0141144
0 0.463006 0.515625 0.339929 0.316406 0.0138474
0 0.150428 0.500977 0.230526 0.16862 0.0135345
0 0.41612 0.198893 0.427841 0.222656 0.0134811
0 0.463006 0.798177 0.160196 0.134115 0.0132751
0 0.728573 0.384766 0.542854 0.58724 0.012825
0 0.315509 0.60026 0.154335 0.123698 0.0121918
0 0.321369 0.58724 0.181686 0.135417 0.0121002
0 0.189501 0.507161 0.134799 0.152344 0.0116882
0 0.402933 0.965495 0.0957271 0.0598959 0.0115967
0 0.463006 0.815104 0.171918 0.182292 0.0112
0 0.621249 0.933919 0.629064 0.132161 0.0112
0 0.901593 0.788412 0.158243 0.178385 0.0110703
0 0.53529 0.587891 0.193408 0.164062 0.0107803
0 0.502079 0.379557 0.972899 0.523438 0.50293
0 0.347865 0.417318 0.621005 0.428385 0.346924
0 0.523568 0.457031 0.926013 0.449219 0.312256
0 0.364837 0.351237 0.704278 0.552734 0.174438
0 0.899514 0.606608 0.200972 0.133138 0.156128
0 0.480589 0.331299 0.547012 0.493652 0.130737
0 0.393653 0.250977 0.369233 0.297526 0.123779
0 0.8917 0.550781 0.216601 0.238281 0.115967
0 0.668136 0.685547 0.617342 0.559896 0.111023
0 0.521001 0.608724 0.957997 0.782552 0.105042
0 0.876559 0.484375 0.246882 0.423177 0.0927124
0 0.367279 0.218099 0.312578 0.242188 0.0859985
0 0.890848 0.152344 0.187547 0.0598958 0.0836182
0 0.32723 0.120483 0.218805 0.0982259 0.0723877
0 0.359953 0.133626 0.276436 0.0953776 0.0723877
0 0.537244 0.313802 0.871312 0.463542 0.0684204
0 0.282297 0.114868 0.128938 0.107503 0.0682983
0 0.655437 0.825521 0.617342 0.304688 0.059967
0 0.224177 0.434896 0.427841 0.299479 0.0583496
0 0.15055 0.45638 0.26154 0.265625 0.053009
0 0.85959 0.147135 0.226619 0.0683594 0.0510864
0 0.33126 0.393799 0.476438 0.291829 0.049408
0 0.906477 0.354167 0.18364 0.10026 0.0477905
0 0.377536 0.33846 0.364349 0.194173 0.0463867
0 0.156777 0.502604 0.236387 0.167969 0.0412292
0 0.68987 0.592448 0.597317 0.661458 0.0405273
0 0.356534 0.48763 0.528452 0.354167 0.036438
0 0.448843 0.257487 0.555803 0.349609 0.0321655
0 0.410259 0.303467 0.380955 0.219889 0.0290375
0 0.144445 0.530924 0.193652 0.107422 0.0266571
0 0.409282 0.963542 0.100611 0.0572916 0.0243835
0 0.836022 0.58724 0.327957 0.695313 0.0240021
0 0.845915 0.154297 0.265691 0.0869141 0.0232391
0 0.260807 0.115397 0.126985 0.094401 0.022934
0 0.898662 0.392578 0.199269 0.165365 0.0218658
0 0.882908 0.426432 0.234184 0.253906 0.0211182
0 0.441517 0.334961 0.336022 0.195313 0.0210114
0 0.882056 0.144857 0.212944 0.0885417 0.0205231
0 0.615752 0.370768 0.768497 0.610026 0.0205231
0 0.873265 0.729818 0.242248 0.369792 0.0198669
0 0.911361 0.50651 0.169964 0.436198 0.0191193
0 0.289257 0.430339 0.552628 0.328125 0.0187225
0 0.807694 0.514323 0.384612 0.507812 0.0182343
0 0.886941 0.34375 0.216851 0.113932 0.0180969
0 0.8381 0.565104 0.179732 0.203125 0.0180511
0 0.827355 0.53418 0.166057 0.264974 0.0174408
0 0.291088 0.109212 0.166057 0.125326 0.0171051
0 0.568502 0.343018 0.480589 0.226725 0.0161591
0 0.644937 0.747233 0.609039 0.416992 0.0158386
0 0.843836 0.428711 0.312328 0.513672 0.0151291
0 0.425888 0.276774 0.44347 0.317546 0.347656
0 0.330649 0.283285 0.616365 0.383952 0.219971
0 0.487915 0.910807 0.29988 0.173177 0.161377
0 0.425399 0.383464 0.850799 0.571615 0.151978
0 0.409282 0.233887 0.377047 0.241862 0.0923462
0 0.457268 0.276774 0.863253 0.372233 0.0794678
0 0.306717 0.371663 0.613435 0.536621 0.0748901
0 0.457146 0.901042 0.193408 0.144531 0.072876
0 0.672043 0.8125 0.593899 0.346354 0.0607605
0 0.876196 0.555339 0.23248 0.229167 0.0484924
0 0.460564 0.959635 0.213921 0.078125 0.0469055
0 0.516731 0.872396 0.414166 0.255208 0.0451965
0 0.764107 0.828125 0.40977 0.307292 0.0438538
0 0.46203 0.802083 0.115263 0.0794271 0.0405273
0 0.527598 0.615885 0.941398 0.739583 0.0403137
0 0.708185 0.742839 0.53529 0.467448 0.0376892
0 0.885839 0.581706 0.228323 0.163412 0.0375366
0 0.611481 0.859375 0.601713 0.276042 0.0353394
0 0.465937 0.791667 0.130892 0.09375 0.03302
0 0.288158 0.621094 0.117217 0.0898438 0.0328979
0 0.754339 0.680339 0.476193 0.582031 0.0325317
0 0.602565 0.39974 0.794871 0.529948 0.0315552
0 0.855683 0.529948 0.179732 0.207031 0.0307922
0 0.347743 0.36792 0.408305 0.245931 0.0292053
0 0.446401 0.807292 0.168011 0.117188 0.0289307
0 0.869358 0.145182 0.218805 0.0621745 0.0249329
0 0.911361 0.597005 0.171918 0.127604 0.0249329
0 0.296949 0.63151 0.150428 0.0950521 0.0235138
0 0.225154 0.432292 0.450308 0.320313 0.022583
0 0.712455 0.396566 0.575089 0.566243 0.0222931
0 0.845915 0.750651 0.269599 0.358073 0.0222473
0 0.08718 0.894531 0.124543 0.078125 0.0221558
0 0.870335 0.600911 0.238341 0.157552 0.0209198
0 0.681811 0.344076 0.408305 0.20638 0.0203705
0 0.308671 0.523763 0.57827 0.527995 0.0198669
0 0.469356 0.83724 0.201222 0.184896 0.0195618
0 0.141149 0.492839 0.27546 0.184896 0.0184784
0 0.668136 0.361898 0.541151 0.241048 0.0181274
0 0.302322 0.615234 0.163127 0.117188 0.0179901
0 0.895732 0.351237 0.201222 0.10026 0.0177765
0 0.883033 0.480143 0.230526 0.382162 0.0174408
0 0.849822 0.81901 0.246155 0.229167 0.0174408
0 0.304275 0.876302 0.598782 0.242188 0.0173035
0 0.490845 0.794271 0.125031 0.101563 0.0171814
0 0.322346 0.906901 0.644692 0.175781 0.0171814
0 0.830286 0.486654 0.121124 0.0996094 0.0170441
0 0.313067 0.625488 0.614411 0.749023 0.0158386
0 0.164958 0.451497 0.32259 0.276693 0.0157776
0 0.361418 0.208984 0.296949 0.205078 0.0156708
0 0.871312 0.792318 0.185593 0.217448 0.0149536
0 0.330649 0.441976 0.647623 0.432454 0.169434
0 0.383885 0.347575 0.371187 0.198079 0.132568
0 0.532848 0.454753 0.925036 0.458984 0.0784912
0 0.931749 0.593913 0.136503 0.0830078 0.0479431
0 0.540663 0.567057 0.903546 0.674479 0.0448608
0 0.90843 0.593099 0.168011 0.0963542 0.0389099
0 0.403421 0.372396 0.533336 0.498698 0.0350037
0 0.429795 0.262451 0.470821 0.35791 0.0250397
0 0.449331 0.358724 0.195361 0.119792 0.0247498
0 0.875219 0.553385 0.248109 0.235677 0.0227661
0 0.877047 0.489258 0.245905 0.353516 0.0217438
0 0.869358 0.72526 0.246155 0.395833 0.0189362
0 0.227596 0.551432 0.0800982 0.0520834 0.0189056
0 0.558245 0.379232 0.708185 0.569661 0.0186462
0 0.444936 0.336914 0.288158 0.180339 0.0185089
0 0.855683 0.533529 0.179732 0.197266 0.016922
0 0.423934 0.218262 0.365326 0.227539 0.0167847
0 0.410259 0.856771 0.656414 0.28125 0.0158997
0 0.538221 0.6875 0.847868 0.606771 0.0153656
0 0.898537 0.623535 0.202926 0.148763 0.0141754
0 0.220758 0.535807 0.106472 0.0911459 0.0132217
0 0.893778 0.35026 0.187547 0.0807292 0.0131226
0 0.471798 0.964844 0.23248 0.0611979 0.0126724
0 0.14994 0.5 0.261784 0.16276 0.0121918
0 0.867404 0.791667 0.187547 0.208333 0.0120544
0 0.528452 0.834635 0.795121 0.322917 0.0119629
0 0.460076 0.798177 0.130892 0.0755208 0.0116882
0 0.850799 0.790365 0.209037 0.260417 0.0109863
0 0.12552 0.528646 0.149451 0.101563 0.0107803
0 0.296949 0.628744 0.158243 0.0966797 0.0104904
0 0.159342 0.485026 0.290844 0.210938 0.00981903
0 0.267157 0.474284 0.534313 0.35612 0.00978088
0 0.48645 0.954753 0.271552 0.0904948 0.00952148
0 0.642739 0.47168 0.701347 0.421224 0.00933838
0 0.830286 0.523438 0.148475 0.192708 0.00930023
0 0.326253 0.601725 0.623203 0.676758 0.00878143
0 0.516731 0.272868 0.636878 0.373535 0.00857544
0 0.48938 0.903646 0.347743 0.1875 0.00806427
0 0.346644 0.780599 0.584375 0.394531 0.00803375
0 0.875219 0.515625 0.21099 0.263021 0.0077858
0 0.37314 0.507161 0.46203 0.352865 0.00763702
0 0.360442 0.434896 0.420027 0.373698 0.00757599
0 0.461541 0.790365 0.151405 0.0989583 0.00757599
0 0.450796 0.794271 0.178756 0.125 0.00754929
0 0.640785 0.692057 0.650553 0.554688 0.00754929
0 0.396584 0.529948 0.402444 0.278646 0.00703812
0 0.505009 0.311279 0.214897 0.159994 0.0069313
0 0.412212 0.146973 0.308671 0.0725911 0.00658798
0 0.428818 0.869792 0.322346 0.255208 0.00636292
0 0.476193 0.8125 0.193408 0.143229 0.00609589
0 0.907453 0.604818 0.179732 0.125 0.270508
0 0.398049 0.267497 0.358488 0.324382 0.190674
0 0.88108 0.555339 0.234434 0.240885 0.127686
0 0.133334 0.455729 0.240294 0.263021 0.112793
0 0.393531 0.369466 0.768014 0.559245 0.109314
0 0.900616 0.354818 0.185593 0.117188 0.0778198
0 0.334923 0.24707 0.572653 0.32487 0.0742188
0 0.285228 0.354248 0.55678 0.510254 0.0736694
0 0.138584 0.493815 0.22491 0.177734 0.0572815
0 0.453238 0.286133 0.888894 0.39974 0.0436096
0 0.39463 0.336507 0.316485 0.186361 0.0374756
0 0.453238 0.785156 0.169964 0.0950521 0.0336609
0 0.829309 0.538411 0.11917 0.238281 0.0284882
0 0.05812 0.486979 0.0937734 0.111979 0.0277405
0 0.871312 0.14974 0.218805 0.0696615 0.0272675
0 0.158243 0.434896 0.291088 0.320313 0.0255585
0 0.22027 0.52181 0.0898662 0.123047 0.0254211
0 0.206595 0.364909 0.392676 0.465495 0.0230713
0 0.851776 0.795573 0.177779 0.221354 0.0222931
0 0.424911 0.833984 0.822471 0.307292 0.0206909
0 0.884862 0.475912 0.230276 0.421875 0.0205231
0 0.291088 0.604167 0.0937734 0.0507813 0.0201721
0 0.133823 0.515625 0.177779 0.13151 0.0190125
0 0.860567 0.535156 0.187547 0.233073 0.0182953
0 0.406352 0.222982 0.344813 0.247396 0.0182648
0 0.409282 0.963542 0.0996343 0.0572916 0.0182648
0 0.888894 0.986003 0.0664229 0.0279948 0.0173035
0 0.882056 0.785156 0.171918 0.197917 0.0153046
0 0.475216 0.682129 0.940665 0.591471 0.0150146
0 0.893778 0.385091 0.205129 0.169922 0.0143356
0 0.885964 0.440104 0.220758 0.291667 0.0141144
0 0.277413 0.123657 0.0918198 0.0925293 0.014061
0 0.490357 0.785156 0.123078 0.0833333 0.0133286
0 0.886941 0.28833 0.222712 0.278809 0.012825
0 0.16911 0.437175 0.206839 0.261068 0.0126724
0 0.465937 0.347656 0.148475 0.144531 0.0124283
0 0.88401 0.782552 0.132846 0.161458 0.0123367
0 0.46496 0.957031 0.21099 0.0729167 0.0118256
0 0.50159 0.40332 0.983644 0.572266 0.0116425
0 0.340417 0.852865 0.596829 0.247396 0.0108185
0 0.468867 0.771484 0.168988 0.123698 0.0106964
0 0.390723 0.16862 0.288158 0.13737 0.0103302
0 0.814657 0.348307 0.347743 0.21875 0.00867462
0 0.295972 0.610514 0.121124 0.0628256 0.00861359
0 0.81661 0.496745 0.105495 0.157552 0.00847626
0 0.763249 0.470703 0.473501 0.421875 0.00844574
0 0.731747 0.598958 0.536505 0.731771 0.00841522
0 0.802935 0.387695 0.382908 0.298177 0.008255
0 0.744327 0.34375 0.418073 0.227214 0.0078125
0 0.754095 0.412435 0.390723 0.384766 0.00751877
0 0.493287 0.441081 0.986575 0.70638 0.246582
0 0.316485 0.398438 0.625156 0.625 0.24292
0 0.482543 0.878255 0.298903 0.242188 0.224731
0 0.399514 0.242025 0.39463 0.288086 0.132935
0 0.483519 0.910156 0.273506 0.174479 0.122131
0 0.880955 0.483724 0.238091 0.361979 0.110474
0 0.920027 0.6014 0.159946 0.107096 0.110474
0 0.886815 0.560221 0.226369 0.202474 0.108215
0 0.897685 0.352214 0.191454 0.110677 0.104492
0 0.5 0.581055 1 0.817057 0.104492
0 0.479612 0.817708 0.222712 0.145833 0.0789185
0 0.488403 0.942057 0.28132 0.111979 0.0766602
0 0.327719 0.539388 0.610504 0.802734 0.0739746
0 0.46496 0.794271 0.181686 0.0963542 0.0560303
0 0.488403 0.78776 0.14066 0.0833334 0.0522461
0 0.833216 0.514648 0.121124 0.17513 0.0499573
0 0.450308 0.963542 0.190477 0.0638021 0.0472412
0 0.895732 0.606771 0.199269 0.110677 0.0465393
0 0.88108 0.620931 0.23248 0.255534 0.0412292
0 0.875219 0.14388 0.23248 0.0797526 0.0385437
0 0.888894 0.411458 0.21099 0.234375 0.0383301
0 0.844938 0.532227 0.207083 0.225911 0.0344238
0 0.882908 0.269857 0.234184 0.320313 0.0343018
0 0.322346 0.583333 0.644692 0.817708 0.0342407
0 0.340906 0.863281 0.642739 0.269531 0.0306244
0 0.850799 0.703288 0.293042 0.356445 0.0301056
0 0.282297 0.610026 0.0976807 0.0559896 0.029541
0 0.462518 0.673014 0.897685 0.635742 0.0283813
0 0.84579 0.608073 0.308421 0.401042 0.0275269
0 0.34176 0.715983 0.617586 0.544596 0.0242767
0 0.434801 0.786621 0.812459 0.418945 0.0215759
0 0.215874 0.542969 0.11331 0.0950521 0.0211639
0 0.780099 0.632162 0.439801 0.420573 0.0209198
0 0.684861 0.6014 0.630279 0.745117 0.0208893
0 0.870335 0.787109 0.179732 0.14974 0.0193024
0 0.270575 0.110311 0.103541 0.0990397 0.019165
0 0.840054 0.8125 0.25397 0.213542 0.0183411
0 0.31209 0.467122 0.544081 0.386068 0.018158
0 0.642495 0.422852 0.0669112 0.0429688 0.0170441
0 0.494264 0.339111 0.85959 0.509277 0.016983
0 0.371187 0.11556 0.369233 0.12207 0.0157776
0 0.150306 0.514323 0.250307 0.158854 0.0139542
0 0.466425 0.776042 0.172895 0.135417 0.0139008
0 0.773506 0.489583 0.452988 0.686198 0.0126724
0 0.546523 0.865885 0.366303 0.260417 0.0125275
0 0.899514 0.719401 0.200972 0.352865 0.0124283
0 0.723814 0.525716 0.318439 0.261068 0.0119629
0 0.244202 0.131185 0.090843 0.0657552 0.0114212
0 0.692431 0.417969 0.615138 0.635417 0.0114212
0 0.272529 0.123047 0.121124 0.101888 0.0113754
0 0.15055 0.513346 0.259586 0.16862 0.176636
0 0.418073 0.25293 0.39463 0.309245 0.131592
0 0.286204 0.620443 0.143591 0.0755208 0.121704
0 0.92992 0.604329 0.136753 0.0934245 0.105957
0 0.900616 0.347656 0.179732 0.0924479 0.102661
0 0.331137 0.252604 0.577293 0.342448 0.0923462
0 0.380955 0.34375 0.382908 0.18099 0.0894775
0 0.450308 0.794271 0.16215 0.0885417 0.0827026
0 0.869358 0.539062 0.199269 0.231771 0.0817871
0 0.90843 0.599121 0.171918 0.111654 0.0803833
0 0.832239 0.516276 0.11331 0.184896 0.0656128
0 0.899639 0.802083 0.0937734 0.106771 0.0570679
0 0.280344 0.607422 0.171918 0.09375 0.0503235
0 0.305252 0.357747 0.600736 0.51237 0.0494995
0 0.052015 0.504883 0.0893778 0.0970052 0.049408
0 0.884987 0.482747 0.226619 0.365234 0.0423889
0 0.0625156 0.503906 0.11917 0.134115 0.041687
0 0.207083 0.554688 0.320393 0.201823 0.0414734
0 0.888894 0.785156 0.117217 0.143229 0.0404663
0 0.435656 0.341146 0.248109 0.157552 0.0389099
0 0.296949 0.628906 0.169964 0.0885417 0.0365601
0 0.142736 0.465495 0.271308 0.25651 0.0360107
0 0.846891 0.528971 0.173872 0.205078 0.0341797
0 0.485473 0.786458 0.127962 0.0729167 0.0295868
0 0.401468 0.126302 0.347743 0.128906 0.0287628
0 0.152382 0.490234 0.241271 0.136719 0.0284882
0 0.484496 0.367839 0.134799 0.102865 0.0282745
0 0.338464 0.355469 0.286204 0.158854 0.0257111
0 0.854706 0.800781 0.181686 0.184896 0.0256195
0 0.400002 0.193685 0.358488 0.260417 0.0250854
0 0.173383 0.532552 0.294996 0.18099 0.0239563
0 0.282786 0.111979 0.122101 0.113932 0.022583
0 0.842984 0.377279 0.101588 0.106771 0.0224609
0 0.459099 0.795573 0.192431 0.106771 0.0202179
0 0.46496 0.86849 0.228573 0.252604 0.0200195
0 0.635901 0.421224 0.0683765 0.0423177 0.0190125
0 0.41612 0.964844 0.121124 0.0520833 0.0188751
0 0.45568 0.258382 0.671066 0.332194 0.0188293
0 0.403421 0.142578 0.325277 0.0826823 0.0179901
0 0.832239 0.461589 0.0937734 0.103516 0.0165253
0 0.493287 0.373047 0.123078 0.0794271 0.0162811
0 0.879126 0.779948 0.160196 0.14974 0.0142822
0 0.295484 0.36263 0.22955 0.110677 0.0128708
0 0.460076 0.825521 0.218805 0.130208 0.012825
0 0.890848 0.983724 0.0683765 0.0325521 0.0123367
0 0.434557 0.317708 0.805133 0.429036 0.0121002
0 0.457146 0.763021 0.191454 0.158854 0.0120544
0 0.40391 0.753906 0.288158 0.183594 0.0114212
0 0.81368 0.781901 0.148475 0.147135 0.0112457
0 0.582177 0.354818 0.105495 0.0742188 0.0111618
0 0.392676 0.238281 0.347743 0.268229 0.132935
0 0.5 0.38444 1 0.573568 0.0679321
0 0.930897 0.598307 0.121124 0.101563 0.0656128
0 0.28132 0.625651 0.136753 0.09375 0.0621033
0 0.465937 0.79362 0.150428 0.0963541 0.0507202
0 0.401468 0.963542 0.0957271 0.0520834 0.0499573
0 0.867404 0.580404 0.195361 0.154297 0.0463867
0 0.221735 0.560547 0.0800982 0.0520833 0.0460205
0 0.455192 0.86849 0.238341 0.25 0.0430298
0 0.465937 0.80599 0.179732 0.119792 0.0419312
0 0.952262 0.587077 0.0954769 0.101888 0.0395508
0 0.863497 0.545247 0.195361 0.23112 0.0385437
0 0.316974 0.298503 0.607574 0.426432 0.0385437
0 0.262761 0.610026 0.126985 0.101563 0.0350037
0 0.415143 0.96224 0.134799 0.0677083 0.0318604
0 0.284739 0.602865 0.177779 0.140625 0.0297089
0 0.393653 0.337891 0.337975 0.174479 0.0287628
0 0.46203 0.961589 0.236387 0.0690104 0.0279083
0 0.147986 0.553711 0.143591 0.0514323 0.0268555
0 0.465937 0.949219 0.238341 0.0963542 0.0267029
0 0.314043 0.391602 0.587061 0.565755 0.0252686
0 0.386815 0.133138 0.3243 0.0963542 0.0249939
0 0.393165 0.148763 0.319416 0.0885417 0.0246582
0 0.111112 0.551758 0.0893778 0.0475261 0.0244751
0 0.14994 0.50944 0.21099 0.143229 0.0235138
0 0.210013 0.54069 0.107449 0.0865885 0.0234222
0 0.898537 0.552083 0.202926 0.233073 0.0228424
0 0.458611 0.85026 0.220758 0.138021 0.0193024
0 0.836147 0.542643 0.136753 0.212891 0.018158
0 0.828332 0.496094 0.11331 0.125 0.0170441
0 0.912337 0.608236 0.160196 0.10905 0.0167236
0 0.865451 0.152344 0.23248 0.0625 0.0163422
0 0.21099 0.481771 0.115263 0.0859375 0.016098
0 0.939688 0.615234 0.0937734 0.0768229 0.0149536
0 0.898662 0.803385 0.0840053 0.0677084 0.0145035
0 0.888894 0.786458 0.11331 0.122396 0.0136337
0 0.365814 0.119507 0.331138 0.120361 0.0131226
0 0.480589 0.383138 0.107449 0.0527344 0.0130234
0 0.880103 0.49707 0.238341 0.348307 0.0129242
0 0.840054 0.579102 0.154335 0.13737 0.0124283
0 0.272529 0.115072 0.144567 0.111003 0.0123367
0 0.860567 0.809896 0.164104 0.191406 0.0123367
0 0.944447 0.552083 0.111106 0.171875 0.0121918
0 0.0942618 0.495443 0.14066 0.11849 0.0120087
0 0.0395607 0.503255 0.0673997 0.0481771 0.0120087
0 0.883033 0.605469 0.191454 0.117188 0.0115509
0 0.307206 0.604167 0.174848 0.122396 0.0113297
0 0.902569 0.357422 0.16215 0.0989584 0.0110703
0 0.0459099 0.488281 0.0820518 0.0833334 0.0105667
0 0.233945 0.554036 0.252016 0.213542 0.0103302
0 0.39463 0.251302 0.390723 0.315755 0.103394
0 0.406352 0.204915 0.372163 0.242513 0.0488586
0 0.924059 0.595215 0.14066 0.116862 0.0456848
0 0.873265 0.557943 0.218805 0.208333 0.0314331
0 0.303298 0.329102 0.604643 0.509766 0.0303345
0 0.837123 0.541992 0.152382 0.227214 0.0283356
0 0.314654 0.230632 0.576072 0.308268 0.0280609
0 0.942493 0.591146 0.115013 0.114583 0.0275269
0 0.823448 0.511393 0.11917 0.163412 0.0199432
0 0.895732 0.603516 0.201222 0.122396 0.019455
0 0.448354 0.365316 0.896709 0.581868 0.0161591
0 0.199269 0.527995 0.130892 0.114583 0.014389
0 0.159342 0.506836 0.216607 0.139323 0.0142822
0 0.110379 0.550456 0.102565 0.0579428 0.0142822
0 0.875219 0.532227 0.230526 0.284505 0.0140076
0 0.0454215 0.50651 0.065446 0.0579428 0.0117798
0 0.147986 0.537435 0.211967 0.0970052 0.0115051
0 0.316974 0.910482 0.569478 0.179036 0.0114212
0 0.221735 0.556641 0.0781445 0.0585938 0.0104904
0 0.170819 0.491536 0.142858 0.145833 0.0103302
0 0.456657 0.963542 0.211967 0.0625 0.00963593
0 0.347255 0.132772 0.262761 0.131592 0.00937653
0 0.195361 0.47526 0.115263 0.0989584 0.00930023
0 0.488892 0.244954 0.546035 0.329102 0.00867462
0 0.886941 0.152344 0.160196 0.0638021 0.008255
0 0.924911 0.558594 0.150178 0.18099 0.00746155
0 0.328207 0.856771 0.57827 0.276042 0.00706482
0 0.0498171 0.492188 0.0791213 0.0846354 0.00669098
0 0.461541 0.940104 0.234434 0.117188 0.00598145
0 0.469844 0.962891 0.255923 0.0742188 0.00591278
0 0.88108 0.507812 0.222712 0.411458 0.005867
0 0.581688 0.385417 0.825402 0.621094 0.00559998
0 0.106472 0.363281 0.0634924 0.0377604 0.00553513
0 0.102809 0.502279 0.156777 0.129557 0.00547028
0 0.285228 0.625163 0.126985 0.0882162 0.0051384
0 0.248109 0.13737 0.0820518 0.0651042 0.00511932
0 0.456169 0.841797 0.214898 0.19401 0.00469971
0 0.399514 0.17806 0.347743 0.158854 0.00462723
0 0.888894 0.729167 0.214897 0.401042 0.00453949
0 0.271552 0.117554 0.11331 0.112549 0.00441742
0 0.393653 0.130859 0.339929 0.14388 0.00438309
0 0.231503 0.491536 0.130892 0.0950521 0.00436401
0 0.877172 0.791667 0.191454 0.208333 0.00424957
0 0.636634 0.421224 0.0747257 0.046875 0.00407028
0 0.462518 0.794271 0.169964 0.113281 0.00379562
0 0.353116 0.875 0.452262 0.25 0.00376511
0 0.275948 0.591146 0.157266 0.157552 0.0036068
0 0.251528 0.610677 0.109402 0.0833333 0.00356483
0 0.231503 0.532552 0.177779 0.169271 0.00345612
0 0.450308 0.810547 0.173872 0.121094 0.00342941
0 0.411236 0.240885 0.408305 0.283854 0.291016
0 0.898662 0.601725 0.199269 0.111654 0.149048
0 0.92992 0.598307 0.136753 0.106771 0.124634
0 0.411236 0.248698 0.494264 0.335938 0.0689087
0 0.871312 0.548177 0.212944 0.221354 0.0589905
0 0.466914 0.955729 0.228573 0.0729166 0.049408
0 0.318439 0.911458 0.593898 0.164063 0.033844
0 0.468867 0.946615 0.238341 0.102865 0.0316162
0 0.422469 0.212402 0.374117 0.206706 0.0299835
0 0.825402 0.52832 0.125031 0.186849 0.0210876
0 0.320881 0.326497 0.620272 0.460286 0.0188293
0 0.855683 0.573568 0.175825 0.157552 0.0187225
0 0.518196 0.239909 0.688649 0.32487 0.0172424
0 0.888894 0.146159 0.168011 0.0644531 0.0163422
0 0.90391 0.563802 0.192181 0.175781 0.0162811
0 0.847868 0.6014 0.152382 0.0966797 0.0162201
0 0.466914 0.91862 0.244202 0.16276 0.0135345
0 0.311846 0.873698 0.623691 0.244792 0.0113297
0 0.421004 0.192708 0.320393 0.158203 0.0104904
0 0.317462 0.131022 0.203176 0.107096 0.01017
0 0.389746 0.128255 0.337975 0.106445 0.00993347
0 0.285228 0.625 0.13773 0.0950521 0.00985718
0 0.268622 0.11849 0.111356 0.109049 0.00867462
0 0.39756 0.333008 0.334068 0.182943 0.00800323
0 0.547741 0.361898 0.904517 0.552246 0.00624084
0 0.277413 0.595052 0.175825 0.160156 0.00605011
0 0.457634 0.88151 0.220758 0.216146 0.00591278
0 0.316607 0.934896 0.568257 0.127604 0.005867
0 0.128938 0.917969 0.218805 0.144531 0.00561905
0 0.2232 0.559896 0.132846 0.0898438 0.00551224
0 0.17143 0.921875 0.309648 0.153646 0.00551224
0 0.863497 0.13737 0.21099 0.0820313 0.0053215
0 0.890723 0.728516 0.218555 0.355469 0.00526047
0 0.159097 0.510091 0.228817 0.156901 0.00519943
0 0.204153 0.553385 0.250063 0.231771 0.0051384
0 0.316485 0.809896 0.582177 0.36849 0.00508118
0 0.536267 0.566081 0.11624 0.104818 0.00443268
0 0.642983 0.421875 0.0776561 0.046875 0.00441742
0 0.249086 0.135742 0.0918198 0.0670573 0.0041008
0 0.339929 0.921224 0.679857 0.157552 0.00407028
0 0.505986 0.207682 0.23248 0.173177 0.00388527
0 0.879126 0.511393 0.230526 0.399089 0.00385475
0 0.154335 0.546875 0.195361 0.0859375 0.00382423
0 0.475216 0.80599 0.118194 0.0677083 0.00379562
0 0.874242 0.611328 0.220758 0.11849 0.00367928
0 0.182541 0.476563 0.150672 0.105469 0.00353813
0 0.479124 0.338542 0.147498 0.143229 0.00344276
0 0.318927 0.245768 0.637855 0.332682 0.00338936
0 0.891825 0.653809 0.201222 0.18457 0.00335121
0 0.823448 0.484375 0.117217 0.128906 0.00329781
0 0.394141 0.262695 0.391699 0.350911 0.299072
0 0.308671 0.363363 0.588038 0.574056 0.153564
0 0.315509 0.252604 0.570455 0.347656 0.129395
0 0.879126 0.569987 0.226619 0.189453 0.0761108
0 0.906477 0.597005 0.175825 0.123698 0.0747681
0 0.4475 0.354085 0.869114 0.573079 0.0650024
0 0.945424 0.59375 0.109152 0.11849 0.0435181
0 0.826378 0.514648 0.125031 0.171224 0.0361633
0 0.396095 0.338542 0.336998 0.194661 0.028656
0 0.875219 0.506836 0.242248 0.360026 0.0255127
0 0.418562 0.221354 0.378024 0.248698 0.0228882
0 0.926013 0.604818 0.134799 0.110677 0.0219879
0 0.855683 0.541667 0.199269 0.222656 0.0210419
0 0.877172 0.605469 0.207083 0.123698 0.0167236
0 0.868381 0.794271 0.189501 0.184896 0.0151901
0 0.884987 0.73763 0.214898 0.401042 0.0144501
0 0.936633 0.56901 0.126735 0.14974 0.0119171
0 0.297926 0.125326 0.154335 0.109049 0.00963593
0 0.415631 0.248047 0.612458 0.333333 0.00919342
0 0.824425 0.471354 0.125031 0.11849 0.00901794
0 0.122589 0.552083 0.090843 0.0455729 0.00878143
0 0.280344 0.118815 0.111356 0.107422 0.008255
0 0.456657 0.964193 0.212944 0.0611979 0.00806427
0 0.377536 0.190592 0.323323 0.241211 0.00800323
0 0.88108 0.792318 0.152382 0.15625 0.00793457
0 0.289135 0.627441 0.143591 0.0966797 0.00769424
0 0.88401 0.414063 0.220758 0.213542 0.00706482
0 0.138218 0.553711 0.132846 0.0553386 0.00698471
0 0.918198 0.363607 0.132846 0.0996094 0.00638962
0 0.461053 0.213542 0.296949 0.203125 0.00566483
0 0.395607 0.143555 0.316485 0.111328 0.00534439
0 0.854706 0.693359 0.218805 0.449219 0.00524139
0 0.88108 0.14974 0.187547 0.0660807 0.00518036
0 0.903546 0.366536 0.173872 0.11849 0.00498199
0 0.0424911 0.503906 0.0547012 0.0507813 0.00484848
0 0.462518 0.795573 0.158243 0.101563 0.00469971
0 0.847868 0.811198 0.195361 0.207031 0.00460815
0 0.458122 0.846354 0.203176 0.213542 0.00460815
0 0.896709 0.654785 0.187547 0.22168 0.00429916
0 0.460076 0.957682 0.230526 0.0846354 0.00426483
0 0.641762 0.421875 0.0742373 0.0455729 0.00421524
0 0.273506 0.619141 0.132846 0.0898438 0.00400543
0 0.147498 0.519857 0.21099 0.132161 0.00376511
0 0.506963 0.281576 0.967039 0.405599 0.00367928
0 0.888894 0.388021 0.195361 0.166667 0.00365067
0 0.422957 0.338542 0.277413 0.165365 0.00362206
0 0.493287 0.346029 0.142614 0.128255 0.00355148
0 0.333091 0.125936 0.181686 0.0996908 0.00335121
0 0.495729 0.78776 0.111356 0.0885416 0.00332451
0 0.687916 0.289144 0.151893 0.105306 0.00313568
0 0.310136 0.380859 0.620272 0.583333 0.314941
0 0.875219 0.546224 0.218805 0.221354 0.286133
0 0.918198 0.586589 0.152382 0.13151 0.196777
0 0.396584 0.26888 0.410259 0.342448 0.117188
0 0.828332 0.518229 0.121124 0.171875 0.104858
0 0.96203 0.582682 0.0759408 0.113281 0.101562
0 0.947378 0.592448 0.105245 0.113281 0.0769653
0 0.855683 0.811198 0.205129 0.205729 0.0731812
0 0.475705 0.923177 0.269599 0.151042 0.0587769
0 0.937609 0.557292 0.124781 0.170573 0.0554199
0 0.396095 0.227702 0.349697 0.267253 0.0534058
0 0.875219 0.787109 0.164104 0.15625 0.0510864
0 0.458122 0.384766 0.898662 0.598958 0.0489502
0 0.464472 0.878255 0.246155 0.238281 0.0472412
0 0.879126 0.716309 0.222712 0.379883 0.0467224
0 0.892801 0.789063 0.128938 0.132812 0.0428772
0 0.851776 0.558919 0.18364 0.180339 0.0397949
0 0.475705 0.958333 0.259831 0.0677083 0.0353394
0 0.884987 0.60026 0.224666 0.110677 0.0332031
0 0.878149 0.614421 0.220758 0.156576 0.0288086
0 0.372163 0.189494 0.308671 0.218018 0.026001
0 0.389746 0.132121 0.334068 0.104248 0.0253754
0 0.345301 0.126343 0.252993 0.109945 0.0209656
0 0.391211 0.315755 0.374117 0.250651 0.0138474
0 0.284251 0.626302 0.126985 0.0898438 0.0132217
0 0.826378 0.818359 0.148475 0.175781 0.0123367
0 0.277413 0.115234 0.111356 0.102865 0.0108185
0 0.877172 0.500977 0.228573 0.386068 0.0106506
0 0.867404 0.564453 0.261784 0.279948 0.0105667
0 0.823448 0.467448 0.105495 0.0970053 0.00978088
0 0.379001 0.33431 0.326253 0.186198 0.00948334
0 0.86252 0.632813 0.255923 0.421875 0.00831604
0 0.890848 0.379232 0.21099 0.135417 0.00800323
0 0.793167 0.52474 0.246155 0.21875 0.00769424
0 0.355069 0.889974 0.520638 0.204427 0.00709534
0 0.941642 0.364258 0.0898663 0.077474 0.00624084
0 0.839077 0.835938 0.142614 0.148438 0.00624084
0 0.836147 0.420573 0.132846 0.174479 0.00614548
0 0.459099 0.795573 0.175825 0.0963541 0.00591278
0 0.534802 0.551758 0.0976807 0.0644531 0.005867
0 0.0390723 0.498698 0.0664229 0.0677084 0.00568771
0 0.0422469 0.484375 0.0732605 0.0846354 0.00547028
0 0.638832 0.421875 0.0761909 0.0481771 0.00526047
0 0.897685 0.651042 0.191454 0.197917 0.00521851
0 0.483519 0.306559 0.851776 0.444173 0.00502014
0 0.0456657 0.193685 0.0825402 0.0807292 0.00496292
0 0.497683 0.362305 0.123078 0.0846354 0.00486755
0 0.916245 0.488932 0.158243 0.321615 0.00484848
0 0.875219 0.151367 0.207083 0.0644531 0.00479126
0 0.153847 0.510742 0.241271 0.147786 0.00466537
0 0.392676 0.224935 0.336022 0.26237 0.201172
0 0.882908 0.554362 0.234184 0.205078 0.162964
0 0.891825 0.59375 0.203176 0.125 0.150024
0 0.934191 0.591146 0.131619 0.114583 0.0853882
0 0.830286 0.521159 0.132846 0.182943 0.076416
0 0.861544 0.789063 0.191454 0.210938 0.0705566
0 0.329306 0.257487 0.523324 0.33138 0.0542908
0 0.302688 0.33138 0.586328 0.49349 0.0457764
0 0.406352 0.305339 0.306717 0.189453 0.0448608
0 0.843961 0.573242 0.160196 0.152995 0.0389099
0 0.48645 0.363932 0.139683 0.0898438 0.0279083
0 0.870335 0.72526 0.220758 0.375 0.0278015
0 0.925036 0.608073 0.132846 0.0963541 0.0275269
0 0.391699 0.150716 0.316485 0.115885 0.0227661
0 0.418073 0.337891 0.275459 0.174479 0.0212097
0 0.842984 0.8125 0.193408 0.213542 0.0208893
0 0.871187 0.524089 0.257627 0.307292 0.0204468
0 0.456169 0.33431 0.228573 0.160807 0.0191193
0 0.47424 0.960938 0.23248 0.0703125 0.0182648
0 0.35165 0.127279 0.248109 0.111979 0.0179901
0 0.220758 0.557617 0.0820518 0.0579427 0.0149536
0 0.280344 0.116903 0.107449 0.108643 0.0137405
0 0.33651 0.337891 0.177779 0.15625 0.0134811
0 0.379001 0.32487 0.269599 0.141927 0.0134277
0 0.46496 0.872396 0.218805 0.183594 0.0122375
0 0.826378 0.472656 0.11331 0.104167 0.0104904
0 0.0395607 0.50651 0.0595852 0.0494792 0.0102463
0 0.456657 0.794271 0.167034 0.10026 0.00993347
0 0.287181 0.627604 0.128938 0.0885416 0.00985718
0 0.153359 0.550781 0.120147 0.0533854 0.00959778
0 0.877172 0.504557 0.216851 0.404948 0.00891876
0 0.219782 0.543294 0.0976807 0.0729167 0.0086441
0 0.470821 0.910156 0.244202 0.170573 0.00861359
0 0.85959 0.669271 0.218805 0.380208 0.008255
0 0.886941 0.399089 0.203176 0.182292 0.00751877
0 0.464472 0.863932 0.215874 0.102865 0.00743103
0 0.831263 0.833333 0.136753 0.169271 0.00712204
0 0.531383 0.551432 0.0937734 0.0677084 0.0069046
0 0.424911 0.269206 0.695486 0.347656 0.00677109
0 0.111356 0.549479 0.0830286 0.0442709 0.00658798
0 0.154335 0.533203 0.198292 0.0898438 0.00643921
0 0.218316 0.473958 0.0986575 0.0690104 0.00629044
0 0.857636 0.408203 0.168011 0.18099 0.00595856
0 0.0449331 0.48763 0.0722837 0.0820313 0.00582123
0 0.902569 0.358073 0.164104 0.0996094 0.00564194
0 0.306229 0.326823 0.168988 0.121094 0.00561905
0 0.890848 0.15446 0.160196 0.055013 0.0055542
0 0.570944 0.316732 0.376071 0.183594 0.0055542
0 0.15287 0.504557 0.234434 0.167969 0.00548935
0 0.534313 0.539062 0.102565 0.09375 0.00542831
0 0.879126 0.556641 0.230526 0.19401 0.204346
0 0.891825 0.592448 0.203176 0.115885 0.201782
0 0.395118 0.233073 0.365326 0.291667 0.178345
0 0.300856 0.33431 0.601713 0.525391 0.157715
0 0.922106 0.600911 0.144567 0.0989583 0.135742
0 0.941642 0.601562 0.101588 0.09375 0.125977
0 0.953238 0.586589 0.0935234 0.106771 0.123779
0 0.297804 0.252604 0.586328 0.341797 0.0960083
0 0.471309 0.960938 0.247132 0.0677083 0.0690308
0 0.834193 0.530599 0.144567 0.19401 0.0673218
0 0.860567 0.789714 0.191454 0.183594 0.0467224
0 0.894755 0.790365 0.11331 0.138021 0.0349426
0 0.391699 0.136393 0.3243 0.0813802 0.0206451
0 0.877172 0.150553 0.195361 0.0660807 0.0197906
0 0.874242 0.718913 0.212944 0.374674 0.0186462
0 0.485473 0.363932 0.132846 0.0872396 0.0155411
0 0.0439563 0.501953 0.0673997 0.0585938 0.0142822
0 0.887917 0.809896 0.121124 0.125 0.0136871
0 0.285228 0.626302 0.11917 0.0898438 0.0135345
0 0.869358 0.517904 0.257877 0.292318 0.0131683
0 0.365326 0.128255 0.279367 0.103841 0.0114212
0 0.414166 0.299479 0.273506 0.121094 0.0110703
0 0.855683 0.813802 0.160196 0.182292 0.0103302
0 0.224666 0.559245 0.085959 0.0559896 0.01017
0 0.466914 0.920573 0.252016 0.153646 0.00905609
0 0.879126 0.503581 0.226619 0.405599 0.00867462
0 0.469844 0.335938 0.179732 0.145833 0.00831604
0 0.160196 0.551432 0.136753 0.0559896 0.008255
0 0.0468867 0.486979 0.0781445 0.0859375 0.00821686
0 0.362884 0.342448 0.265691 0.163411 0.00787354
0 0.825402 0.479818 0.115263 0.114583 0.0078125
0 0.116728 0.548828 0.0918198 0.0507813 0.00763702
0 0.471798 0.213216 0.25397 0.195964 0.00725937
0 0.46203 0.796875 0.142614 0.0885417 0.00720596
0 0.479124 0.375651 0.13773 0.0839844 0.00706482
0 0.890848 0.437826 0.207083 0.263672 0.0068512
0 0.468867 0.883464 0.226619 0.169271 0.00661469
0 0.514777 0.278971 0.11917 0.0813802 0.00621796
0 0.131991 0.513021 0.183395 0.125 0.00619125
0 0.536267 0.552734 0.103541 0.0690104 0.00619125
0 0.414166 0.14974 0.310625 0.077474 0.00575256
0 0.294996 0.117513 0.136753 0.109375 0.0055542
0 0.922106 0.360026 0.125031 0.0924479 0.00551224
0 0.536755 0.226888 0.124054 0.149089 0.00542831
0 0.83517 0.700358 0.259831 0.406576 0.00538635
0 0.216851 0.53776 0.112333 0.0872396 0.00521851
0 0.870335 0.395182 0.191454 0.171875 0.00503922
0 0.218805 0.476563 0.105495 0.0729167 0.00468063
0 0.151405 0.502604 0.246155 0.16276 0.0046463
0 0.599271 0.279622 0.196338 0.108724 0.0045929
0 0.390723 0.260335 0.400491 0.340007 0.469727
0 0.406352 0.236654 0.360442 0.254557 0.385742
0 0.90843 0.593099 0.171918 0.108073 0.19873
0 0.869358 0.552734 0.203176 0.192708 0.173828
0 0.945549 0.60026 0.101588 0.0911459 0.156128
0 0.884987 0.583496 0.218805 0.135091 0.12085
0 0.844938 0.554036 0.160196 0.174479 0.0685425
0 0.827355 0.536458 0.128938 0.18099 0.0680542
0 0.825402 0.503255 0.11331 0.128906 0.0544128
0 0.468867 0.964193 0.240294 0.0611979 0.0495911
0 0.39756 0.339193 0.332114 0.180339 0.044342
0 0.904398 0.558268 0.191204 0.162109 0.0381165
0 0.886941 0.605469 0.207083 0.111979 0.029541
0 0.319904 0.266927 0.592922 0.38151 0.0284424
0 0.485961 0.363281 0.14066 0.0898438 0.0257568
0 0.395118 0.154785 0.32723 0.113281 0.0252228
0 0.470821 0.953125 0.241271 0.0924479 0.0252228
0 0.384373 0.202799 0.331137 0.221354 0.0247955
0 0.481566 0.350911 0.154335 0.135417 0.0222931
0 0.298903 0.126139 0.144567 0.0986328 0.0165253
0 0.276436 0.11556 0.0996343 0.102539 0.0157776
0 0.861544 0.804037 0.179732 0.18099 0.012825
0 0.896709 0.78776 0.105495 0.111979 0.012146
0 0.886941 0.722656 0.214898 0.380208 0.0109024
0 0.88108 0.786458 0.142614 0.140625 0.0104904
0 0.379978 0.124023 0.293042 0.0924479 0.01017
0 0.45568 0.338216 0.220758 0.154297 0.01017
0 0.224177 0.558919 0.0800982 0.0553386 0.0100098
0 0.707208 0.283529 0.11331 0.0833333 0.00871277
0 0.31734 0.334554 0.55507 0.48584 0.0085144
0 0.88108 0.537109 0.23248 0.24349 0.00841522
0 0.883033 0.155273 0.171918 0.0572917 0.00806427
0 0.463983 0.91276 0.246155 0.169271 0.00790405
0 0.935781 0.360026 0.0976806 0.0859375 0.00787354
0 0.46496 0.883464 0.215874 0.144531 0.00751877
0 0.842007 0.815104 0.128938 0.16276 0.00674438
0 0.448354 0.292318 0.267645 0.159505 0.0064888
0 0.305741 0.349284 0.203176 0.145182 0.0064888
0 0.433702 0.215169 0.312578 0.19987 0.00638962
0 0.884987 0.808594 0.125031 0.126302 0.00638962
0 0.595852 0.312175 0.322346 0.173828 0.00624084
0 0.903546 0.366211 0.185593 0.10612 0.00624084
0 0.224666 0.472005 0.085959 0.0507813 0.00605011
0 0.538221 0.555339 0.0937734 0.0598959 0.00605011
0 0.223689 0.538737 0.0937734 0.0768229 0.00600433
0 0.286204 0.625651 0.11917 0.0872396 0.00561905
0 0.610993 0.289714 0.223689 0.132813 0.0055542
0 0.814657 0.816406 0.117217 0.171875 0.0051384
0 0.824425 0.472656 0.101588 0.0898438 0.00510025
0 0.16911 0.552734 0.126741 0.0520833 0.00460815
0 0.391699 0.254883 0.41612 0.341797 0.47168
0 0.404398 0.235677 0.357511 0.252604 0.314941
0 0.892801 0.594401 0.203176 0.113281 0.20752
0 0.881931 0.550781 0.236137 0.205729 0.205566
0 0.470332 0.96224 0.237364 0.0677083 0.156616
0 0.933827 0.592448 0.128938 0.109375 0.150513
0 0.884987 0.578776 0.226619 0.14974 0.119995
0 0.851776 0.541992 0.18364 0.202474 0.0930176
0 0.320881 0.27474 0.561664 0.376302 0.0800781
0 0.828332 0.523438 0.132846 0.177083 0.0723877
0 0.391699 0.338542 0.330161 0.179036 0.0518494
0 0.389746 0.138346 0.318439 0.077474 0.031311
0 0.854706 0.811198 0.181686 0.200521 0.0306244
0 0.481077 0.342773 0.145544 0.149089 0.023819
0 0.890848 0.787109 0.11331 0.130208 0.0214844
0 0.871312 0.791667 0.156289 0.161458 0.0207214
0 0.48645 0.360026 0.134799 0.0924479 0.0200653
0 0.315386 0.339762 0.586328 0.528809 0.0191956
0 0.320881 0.125651 0.193408 0.0999349 0.0186462
0 0.276436 0.116252 0.103541 0.106038 0.0159607
0 0.886941 0.728027 0.214898 0.382487 0.0157776
0 0.468867 0.916667 0.242248 0.164063 0.0137405
0 0.379001 0.124023 0.296949 0.0976563 0.0130692
0 0.456169 0.333984 0.216851 0.159505 0.0120544
0 0.465937 0.875 0.209037 0.216146 0.0109863
0 0.879126 0.808594 0.126985 0.125 0.0108185
0 0.814657 0.817708 0.125031 0.1875 0.0105667
0 0.318439 0.34668 0.23248 0.152995 0.00871277
0 0.412212 0.14974 0.309648 0.0742188 0.00844574
0 0.437121 0.217773 0.323323 0.207031 0.008255
0 0.88108 0.504883 0.218805 0.400391 0.00757599
0 0.879126 0.152344 0.171918 0.0611979 0.00740433
0 0.894755 0.379557 0.199269 0.141927 0.00731659
0 0.287181 0.626302 0.123078 0.0924479 0.00725937
0 0.825402 0.47526 0.109402 0.106771 0.00714874
0 0.225642 0.556315 0.0800982 0.061849 0.00701141
0 0.906477 0.35612 0.164104 0.0963542 0.00626373
0 0.460076 0.792969 0.153359 0.09375 0.00624084
0 0.926013 0.357747 0.11331 0.0904948 0.00605011
0 0.446401 0.264974 0.607574 0.347656 0.00595856
0 0.469844 0.299479 0.222712 0.139323 0.00575256
0 0.0385839 0.505208 0.0566548 0.0494792 0.00561905
0 0.22027 0.535156 0.101588 0.0950521 0.00542831
0 0.155801 0.513997 0.225642 0.138672 0.00526047
0 0.434191 0.9375 0.314532 0.122396 0.00521851
0 0.864474 0.396484 0.166057 0.164063 0.00518036
0 0.706231 0.280599 0.11331 0.0852865 0.00500107
0 0.576316 0.313477 0.363372 0.182292 0.00496292
0 0.887917 0.690104 0.205129 0.269531 0.0049057
0 0.877047 0.510091 0.245905 0.302734 0.0049057
0 0.404398 0.240072 0.362395 0.304362 0.230957
0 0.3127 0.340169 0.599515 0.556641 0.168823
0 0.915268 0.595052 0.158243 0.109375 0.168335
0 0.950308 0.591146 0.0993842 0.106771 0.141724
0 0.88108 0.554688 0.230526 0.197917 0.124634
0 0.350185 0.24821 0.506963 0.338867 0.104126
0 0.855683 0.809896 0.187547 0.208333 0.0634766
0 0.466914 0.964844 0.234434 0.0598958 0.0510864
0 0.890848 0.605632 0.207083 0.114258 0.0463867
0 0.828332 0.52181 0.125031 0.171224 0.0435181
0 0.880103 0.792969 0.14066 0.164063 0.0428772
0 0.939688 0.606771 0.107449 0.0911458 0.0397949
0 0.906352 0.559896 0.187297 0.158854 0.0394287
0 0.88401 0.723307 0.218805 0.390625 0.0389099
0 0.836147 0.54069 0.152382 0.197266 0.0306702
0 0.471798 0.954427 0.238341 0.0911458 0.0214081
0 0.38242 0.190918 0.315509 0.213216 0.0202484
0 0.393653 0.141927 0.3243 0.0957031 0.0150757
0 0.314532 0.125936 0.174848 0.104248 0.0116882
0 0.461053 0.792969 0.150428 0.09375 0.0109024
0 0.227596 0.557617 0.0742373 0.0553386 0.00971222
0 0.494264 0.362305 0.11917 0.0826823 0.00905609
0 0.277902 0.116048 0.103541 0.105143 0.00844574
0 0.829309 0.487956 0.117217 0.133464 0.00831604
0 0.88108 0.503255 0.222712 0.407552 0.00831604
0 0.46789 0.861979 0.21099 0.226563 0.00812531
0 0.894755 0.414714 0.195361 0.208333 0.00763702
0 0.883033 0.153809 0.164104 0.0592448 0.00669098
0 0.867404 0.673177 0.234434 0.460938 0.0064888
0 0.287181 0.625651 0.11331 0.0859375 0.00631332
0 0.0380955 0.507812 0.0547012 0.0429688 0.00602722
0 0.379978 0.122233 0.294019 0.0989584 0.00591278
0 0.937734 0.363932 0.0937734 0.0813802 0.00575256
0 0.912337 0.35905 0.148475 0.0957031 0.00570679
0 0.394141 0.335612 0.329184 0.182943 0.00557709
0 0.490357 0.78776 0.124054 0.0833334 0.0055542
0 0.441028 0.260417 0.653484 0.348958 0.00547028
0 0.706231 0.283936 0.117217 0.0883789 0.00521851
0 0.846891 0.835287 0.175825 0.166667 0.00521851
0 0.495729 0.374349 0.11331 0.0677083 0.00510025
0 0.467402 0.915365 0.242248 0.161458 0.00510025
0 0.465937 0.33724 0.199269 0.144531 0.00500107
0 0.426376 0.454427 0.852752 0.809896 0.00481033
0 0.225642 0.539062 0.0879126 0.0755209 0.00477219
0 0.59341 0.312826 0.360442 0.182292 0.00468063
0 0.16508 0.551432 0.121124 0.0533854 0.00460815
0 0.435656 0.322266 0.793167 0.49349 0.00445175
0 0.463006 0.856771 0.212944 0.135417 0.0042305
0 0.107937 0.551432 0.0742373 0.0429688 0.00415039
0 0.485473 0.356771 0.134799 0.115885 0.00403976
0 0.404398 0.239909 0.363372 0.304036 0.230957
0 0.3127 0.339925 0.599515 0.557129 0.169434
0 0.915268 0.595052 0.158243 0.109375 0.168335
0 0.950796 0.591309 0.0984074 0.106445 0.141724
0 0.88108 0.554688 0.230526 0.197917 0.124207
0 0.349697 0.24821 0.507939 0.338867 0.103943
0 0.855683 0.809896 0.187547 0.208333 0.0634766
0 0.466914 0.964844 0.234434 0.0598958 0.0509033
0 0.890848 0.605632 0.207083 0.114258 0.0463867
0 0.828332 0.52181 0.125031 0.171224 0.0435181
0 0.880103 0.792969 0.14066 0.164063 0.0428772
0 0.939688 0.606771 0.107449 0.0911458 0.0397949
0 0.906477 0.559896 0.185593 0.158854 0.0394287
0 0.88401 0.723307 0.218805 0.391927 0.0389099
0 0.836147 0.54069 0.152382 0.197266 0.0306244
0 0.471798 0.954427 0.238341 0.0911458 0.0213318
0 0.38242 0.190918 0.315509 0.213216 0.0201721
0 0.393653 0.141927 0.3243 0.0957031 0.0149536
0 0.314532 0.125814 0.175825 0.104492 0.0116425
0 0.461053 0.792969 0.150428 0.09375 0.0109024
0 0.227596 0.557617 0.0742373 0.0553386 0.00978088
0 0.494264 0.362305 0.11917 0.0826823 0.00905609
0 0.277902 0.116048 0.103541 0.105143 0.00841522
0 0.829309 0.488281 0.117217 0.134115 0.00834656
0 0.88108 0.503255 0.222712 0.407552 0.00831604
0 0.46789 0.861979 0.21099 0.226563 0.00812531
0 0.894755 0.415365 0.195361 0.209635 0.00769424
0 0.883033 0.153646 0.164104 0.0592448 0.00669098
0 0.866428 0.673014 0.236387 0.461263 0.0064888
0 0.287181 0.625651 0.11331 0.0859375 0.00629044
0 0.0380955 0.507812 0.0547012 0.0429688 0.00605011
0 0.379978 0.12203 0.294019 0.0990397 0.005867
0 0.937734 0.363932 0.0937734 0.0813802 0.00575256
0 0.912337 0.35905 0.148475 0.0957031 0.00572968
0 0.394141 0.335612 0.328207 0.182292 0.00557709
0 0.490357 0.78776 0.123078 0.0833334 0.0055542
0 0.441028 0.260417 0.655437 0.348958 0.00542831
0 0.845915 0.835287 0.175825 0.166667 0.00524139
0 0.706231 0.283936 0.117217 0.0883789 0.00521851
0 0.495729 0.374349 0.11331 0.0677083 0.00510025
0 0.467402 0.915365 0.242248 0.161458 0.00510025
0 0.465937 0.33724 0.199269 0.144531 0.00498199
0 0.427841 0.455078 0.855683 0.811198 0.00484848
0 0.225642 0.539062 0.0879126 0.0755209 0.00479126
0 0.59341 0.312826 0.360442 0.182292 0.00468063
0 0.16508 0.551432 0.121124 0.0533854 0.00460815
0 0.435656 0.323242 0.795121 0.495443 0.00443268
0 0.463006 0.856771 0.212944 0.134115 0.0042305
0 0.107937 0.551432 0.0742373 0.0429688 0.00416565
0 0.485473 0.356771 0.134799 0.115885 0.00403976
