0 0.47742 0.630859 0.336504 0.449219 0.0881958
0 0.447479 0.657227 0.266209 0.396484 0.0288696
0 0.475792 0.720215 0.298103 0.28418 0.0255127
0 0.441296 0.584961 0.242127 0.511719 0.008255
0 0.889751 0.90625 0.204376 0.117188 0.00812531
0 0.5 0.5 1 1 0.00784302
0 0.469609 0.524902 0.319582 0.719727 0.00728989
0 0.5 0.5 1 1 0.00656509
0 0.678992 0.5 0.642017 1 0.00651169
0 0.5 0.5 1 1 0.00634003
0 0.524408 0.5 0.951184 1 0.00634003
0 0.5 0.5 1 1 0.00631332
0 0.630827 0.560547 0.738347 0.878906 0.00624084
0 0.56818 0.5 0.863641 1 0.00602722
0 0.632779 0.5 0.734441 1 0.00577545
0 0.5 0.5 1 1 0.00548935
0 0.5 0.5 1 1 0.00542831
0 0.648563 0.527344 0.702874 0.822266 0.00538635
0 0.5 0.5 1 1 0.00518036
0 0.554348 0.5 0.891303 1 0.00488663
0 0.148726 0.589844 0.0976318 0.115234 0.00481033
0 0.130176 0.354004 0.231062 0.571289 0.00446701
0 0.134081 0.398315 0.17769 0.482666 0.00391388
0 0.887799 0.83252 0.218695 0.272461 0.00390053
0 0.369699 0.755859 0.123667 0.191406 0.00388527
0 0.55162 0.737793 0.162069 0.256836 0.00322342
0 0.472538 0.78125 0.354078 0.429688 0.003088
0 0.600761 0.74707 0.0650879 0.205078 0.00247192
0 0.38532 0.716797 0.158814 0.208984 0.00230598
0 0.112887 0.250977 0.205759 0.435547 0.00224304
0 0.790167 0.845703 0.398338 0.257812 0.00162315
0 0.477745 0.540039 0.121063 0.125977 0.00161648
0 0.112114 0.536133 0.190382 0.232422 0.0015974
0 0.237734 0.410156 0.357658 0.536133 0.00150108
0 0.150353 0.25708 0.277274 0.462402 0.00139427
0 0.426977 0.758301 0.246032 0.223633 0.00134087
0 0.237896 0.564453 0.388575 0.820312 0.00125504
0 0.0999506 0.272705 0.188674 0.54541 0.00118351
0 0.457568 0.499878 0.223902 0.406494 0.00117874
0 0.161743 0.353027 0.323487 0.575195 0.00106907
0 0.178992 0.39502 0.268162 0.504883 0.00102806
0 0.705553 0.797363 0.218695 0.325195 0.00102043
0 0.422746 0.54248 0.776499 0.821289 0.00101662
0 0.4631 0.717285 0.332599 0.450195 0.284668
0 0.430882 0.728516 0.257748 0.285156 0.0448608
0 0.447805 0.65625 0.292896 0.423828 0.0280151
0 0.467006 0.648438 0.367747 0.544922 0.0193481
0 0.886497 0.873535 0.221299 0.209961 0.019165
0 0.40745 0.677734 0.464728 0.476562 0.016922
0 0.514845 0.679688 0.480349 0.525391 0.0165863
0 0.81425 0.915039 0.0689932 0.0859375 0.0116425
0 0.355054 0.739258 0.0852651 0.181641 0.00812531
0 0.584327 0.551758 0.614755 0.779297 0.00775528
0 0.860462 0.91626 0.166625 0.112793 0.00760651
0 0.413308 0.674316 0.221299 0.387695 0.00709534
0 0.469935 0.745605 0.321534 0.327148 0.0068779
0 0.865018 0.833984 0.18485 0.283203 0.00674438
0 0.644983 0.5 0.710033 1 0.00661469
0 0.5 0.5 1 1 0.00572968
0 0.0260352 0.3396 0.0520703 0.090332 0.00540543
0 0.467982 0.551758 0.0846143 0.160156 0.00530243
0 0.5 0.5 1 1 0.00519943
0 0.389876 0.518555 0.779753 0.962891 0.00518036
0 0.366119 0.611816 0.566916 0.649414 0.00502014
0 0.0875432 0.7771 0.175086 0.445801 0.00498199
0 0.879988 0.788086 0.221299 0.388672 0.00492477
0 0.432184 0.641602 0.864367 0.716797 0.00492477
0 0.439343 0.428223 0.878687 0.856445 0.00484848
0 0.527212 0.5 0.744605 1 0.00475693
0 0.472864 0.744141 0.257097 0.242188 0.0046463
0 0.894758 0.916992 0.210484 0.138672 0.00457382
0 0.599585 0.5 0.800831 1 0.00452042
0 0.5 0.5 1 1 0.00434875
0 0.559881 0.5 0.880238 1 0.00426483
0 0.675412 0.5 0.649176 1 0.00421524
0 0.5 0.5 1 1 0.00415039
0 0.106419 0.632324 0.212837 0.735352 0.0041008
0 0.532056 0.5 0.935888 1 0.00408554
0 0.654909 0.488281 0.690182 0.976562 0.00403976
0 0.872954 0.858887 0.254093 0.282227 0.00395966
0 0.5 0.495117 1 0.990234 0.0039444
0 0.643031 0.609863 0.713939 0.780273 0.00388527
0 0.509964 0.5 0.900166 1 0.00380898
0 0.882717 0.82373 0.234566 0.352539 0.00365067
0 0.094947 0.645508 0.189894 0.708984 0.00362206
0 0.621714 0.5 0.756571 1 0.00352478
0 0.35538 0.714844 0.101537 0.292969 0.00323486
0 0.817504 0.871094 0.0781055 0.162109 0.00317192
0 0.317629 0.671997 0.635258 0.656006 0.00313568
0 0.868272 0.755859 0.252541 0.488281 0.0030632
0 0.690382 0.832275 0.619236 0.335449 0.00305176
0 0.879462 0.572266 0.241075 0.855469 0.00294685
0 0.596856 0.679688 0.0742002 0.09375 0.00291252
0 0.448456 0.637695 0.307215 0.416016 0.910645
0 0.701648 0.624878 0.369699 0.517822 0.770996
0 0.10886 0.441406 0.203074 0.413086 0.527344
0 0.433811 0.633301 0.401592 0.473633 0.469727
0 0.75502 0.650879 0.394433 0.53418 0.376709
0 0.0988929 0.400269 0.179724 0.297119 0.294189
0 0.516798 0.635742 0.540229 0.478516 0.114746
0 0.743304 0.691895 0.257748 0.413086 0.0621033
0 0.607758 0.62793 0.601738 0.568359 0.0430298
0 0.145105 0.517578 0.136766 0.261719 0.0397949
0 0.112277 0.364258 0.216092 0.336914 0.0381165
0 0.174436 0.785645 0.238222 0.387695 0.0284424
0 0.376778 0.510742 0.518262 0.71582 0.025177
0 0.417295 0.583496 0.456754 0.655273 0.0210419
0 0.174802 0.816406 0.233584 0.234375 0.0167236
0 0.684725 0.0237427 0.0624844 0.0474854 0.0156021
0 0.734842 0.55957 0.307215 0.375 0.0125275
0 0.152957 0.415527 0.291594 0.405273 0.0124817
0 0.563661 0.54834 0.742002 0.670898 0.0112457
0 0.31828 0.973633 0.042958 0.0527344 0.0110321
0 0.151004 0.580078 0.1113 0.136719 0.0109024
0 0.140224 0.478638 0.210966 0.3396 0.01017
0 0.188755 0.78418 0.180293 0.128906 0.00891876
0 0.601575 0.6875 0.0647625 0.09375 0.008255
0 0.790167 0.446289 0.144495 0.140625 0.00800323
0 0.641767 0.510742 0.554549 0.923828 0.00706482
0 0.278658 0.732422 0.0740375 0.107422 0.00658798
0 0.748511 0.422852 0.080709 0.078125 0.00653839
0 0.300055 0.535278 0.549342 0.630615 0.00614548
0 0.597507 0.348389 0.0742002 0.0991211 0.00609589
0 0.177039 0.704102 0.25189 0.537109 0.00566483
0 0.463751 0.709961 0.300055 0.333984 0.00524139
0 0.263525 0.616211 0.445364 0.677734 0.00511932
0 0.513218 0.230957 0.261002 0.307617 0.0049057
0 0.274671 0.750488 0.0618335 0.105469 0.00482941
0 0.243754 0.417969 0.436089 0.484375 0.00455475
0 0.436089 0 0.872178 0 0.00432968
0 0.380764 0.515137 0.64437 0.831055 0.00432968
0 0.761528 0.428711 0.080709 0.0888672 0.00419998
0 0.373605 0.606445 0.31112 0.441406 0.00413513
0 0.0645997 0.3479 0.11488 0.314941 0.00411606
0 0.605317 0.0206299 0.042958 0.0412598 0.00403976
0 0.400941 0.394653 0.0768037 0.101318 0.00403976
0 0.762304 0.459106 0.475392 0.849365 0.00390053
0 0.771942 0.45752 0.200471 0.166992 0.0037365
0 0.543484 0.708008 0.167927 0.212891 0.0037365
0 0.73289 0.760742 0.239523 0.277344 0.0037365
0 0.400291 0.503906 0.145797 0.242188 0.00370789
0 0.783007 0.527222 0.242127 0.31665 0.00316048
0 0.417864 0.53125 0.208281 0.216797 0.00311089
0 0.476443 0.634766 0.322836 0.453125 0.747559
0 0.476118 0.715332 0.30396 0.506836 0.151978
0 0.119111 0.466797 0.233015 0.404297 0.145142
0 0.44032 0.642578 0.229109 0.418945 0.0859985
0 0.791469 0.651855 0.312422 0.510742 0.0855713
0 0.731588 0.645508 0.394433 0.5625 0.0639648
0 0.410705 0.500977 0.196565 0.264648 0.0558167
0 0.760877 0.659668 0.234316 0.594727 0.0433655
0 0.649414 0.647339 0.593927 0.56665 0.039856
0 0.464728 0.544434 0.372303 0.350586 0.0324097
0 0.467006 0.802734 0.314375 0.382812 0.0316162
0 0.389226 0.480469 0.152306 0.291992 0.0247498
0 0.565939 0.747559 0.123016 0.260742 0.0246124
0 0.624193 0.561035 0.650879 0.379883 0.0246124
0 0.264908 0.459961 0.511591 0.331055 0.0243378
0 0.565939 0.6073 0.12562 0.492432 0.0217438
0 0.523958 0.731934 0.195264 0.350586 0.0216217
0 0.379544 0.52002 0.52054 0.314453 0.0209656
0 0.522656 0.581055 0.212187 0.541992 0.0197144
0 0.102676 0.416992 0.181595 0.351562 0.0193787
0 0.116792 0.521973 0.193392 0.441406 0.019165
0 0.376208 0.571411 0.536324 0.447021 0.0187683
0 0.547064 0.6875 0.159465 0.380859 0.0175171
0 0.549342 0.751465 0.153607 0.350586 0.0160217
0 0.37393 0.493652 0.205678 0.27832 0.0136871
0 0.0717594 0.418091 0.133756 0.288818 0.0125275
0 0.766047 0.598145 0.467907 0.678711 0.012146
0 0.762179 0.546875 0.264257 0.332031 0.0120544
0 0.5552 0.61377 0.187453 0.500977 0.0115967
0 0.520052 0.490723 0.233015 0.275391 0.0113297
0 0.713363 0.689453 0.156211 0.535156 0.0111618
0 0.0838007 0.467773 0.157838 0.347656 0.0109024
0 0.0469446 0.378906 0.0886823 0.229492 0.0108185
0 0.0838007 0.371094 0.167601 0.298828 0.0104065
0 0.142054 0.48645 0.156862 0.357178 0.0101318
0 0.442598 0.453247 0.178341 0.343506 0.0100937
0 0.402569 0.647461 0.501828 0.607422 0.0100937
0 0.139939 0.554565 0.279878 0.599854 0.00971222
0 0.619637 0.705566 0.246032 0.49707 0.00963593
0 0.354404 0.735352 0.583838 0.529297 0.00945282
0 0.204376 0.438354 0.404196 0.390869 0.00937653
0 0.518425 0.797852 0.212837 0.349609 0.00891876
0 0.362214 0.617188 0.292245 0.50293 0.00881195
0 0.535673 0.526367 0.196565 0.333008 0.00878143
0 0.412006 0.748535 0.203074 0.274414 0.0085144
0 0.253843 0.961426 0.426326 0.0771484 0.00847626
0 0.634607 0.464355 0.438692 0.510742 0.00821686
0 0.710109 0.509888 0.408752 0.738037 0.00775528
0 0.460497 0.439331 0.289641 0.426025 0.00766754
0 0.432835 0.529297 0.160116 0.214844 0.00757599
0 0.47384 0.650391 0.374906 0.542969 0.466797
0 0.451059 0.66748 0.305913 0.413086 0.323486
0 0.770641 0.635254 0.325439 0.584961 0.125244
0 0.410054 0.636719 0.278576 0.454102 0.0910645
0 0.099259 0.428223 0.184199 0.438477 0.0894775
0 0.0958419 0.378052 0.172808 0.298584 0.0875854
0 0.43316 0.50293 0.479698 0.806641 0.0703125
0 0.559105 0.476562 0.68863 0.888672 0.0635986
0 0.620776 0.62793 0.609548 0.611328 0.0623169
0 0.0936859 0.44043 0.177771 0.313477 0.0401611
0 0.0909603 0.327393 0.173459 0.355957 0.0363464
0 0.141241 0.432739 0.269464 0.488037 0.0352173
0 0.328043 0.516602 0.656086 0.808594 0.0349426
0 0.242127 0.398438 0.458219 0.541992 0.0342407
0 0.405823 0.685059 0.245381 0.379883 0.0341797
0 0.235618 0.543457 0.439343 0.776367 0.0257568
0 0.109022 0.47998 0.173134 0.350586 0.0244751
0 0.299323 0.380005 0.593764 0.679443 0.0229797
0 0.710923 0.647461 0.491739 0.572266 0.0219421
0 0.420468 0.752441 0.286387 0.333008 0.0155411
0 0.756321 0.578613 0.278576 0.454102 0.0145035
0 0.1364 0.34082 0.258318 0.413086 0.0138474
0 0.314049 0.96875 0.0371001 0.0507812 0.0135345
0 0.21658 0.302734 0.43316 0.605469 0.0133743
0 0.113904 0.303955 0.219997 0.373535 0.012825
0 0.054023 0.396606 0.107395 0.24585 0.0123367
0 0.364167 0.598145 0.219346 0.510742 0.0120544
0 0.795499 0.591919 0.409002 0.665771 0.0119629
0 0.135342 0.499146 0.139369 0.304443 0.0102081
0 0.0455615 0.359863 0.0911231 0.25293 0.00905609
0 0.712712 0.619141 0.348871 0.515625 0.00837708
0 0.739398 0.708984 0.255145 0.505859 0.00821686
0 0.764132 0.431641 0.153607 0.152344 0.0078125
0 0.069644 0.439941 0.139288 0.28418 0.00763702
0 0.787564 0.458984 0.205678 0.211914 0.00763702
0 0.506709 0.553833 0.277925 0.595459 0.00731659
0 0.504431 0.667969 0.260352 0.382812 0.00723267
0 0.26263 0.636719 0.398338 0.71875 0.00717545
0 0.450978 0.504761 0.665361 0.931885 0.00701141
0 0.479372 0.727539 0.324789 0.365234 0.00682449
0 0.596368 0.690918 0.072573 0.185547 0.00664139
0 0.398257 0.660645 0.542996 0.633789 0.00651169
0 0.721174 0.791016 0.249938 0.316406 0.0064888
0 0.74786 0.412964 0.105442 0.113525 0.00643921
0 0.654133 0.840332 0.0533721 0.0683594 0.00643921
0 0.381415 0.96875 0.048165 0.0585938 0.00634003
0 0.764132 0.419434 0.114555 0.12207 0.00631332
0 0.736795 0.443237 0.179643 0.170166 0.00612259
0 0.820107 0.741211 0.0663897 0.144531 0.00609589
0 0.161093 0.354004 0.322185 0.675781 0.00582123
0 0.465053 0.672363 0.346918 0.504883 0.543945
0 0.456266 0.691895 0.305913 0.393555 0.384033
0 0.102676 0.480591 0.205352 0.394287 0.266602
0 0.443249 0.677734 0.174436 0.316406 0.114746
0 0.0971437 0.420776 0.194287 0.328369 0.0806274
0 0.427302 0.65625 0.240174 0.445312 0.0469055
0 0.0968182 0.374756 0.165323 0.272949 0.0358887
0 0.449757 0.559082 0.371001 0.72168 0.0310822
0 0.674961 0.63623 0.424373 0.541992 0.0292053
0 0.0405986 0.407227 0.0811972 0.203125 0.0279083
0 0.535348 0.723633 0.0611826 0.078125 0.0247955
0 0.0838007 0.469727 0.167601 0.321289 0.0207672
0 0.568868 0.624023 0.601412 0.576172 0.0200653
0 0.773244 0.462891 0.0833125 0.109375 0.0193024
0 0.093157 0.333923 0.186314 0.4552 0.0191193
0 0.31828 0.383789 0.0624844 0.0732422 0.0158386
0 0.747209 0.558594 0.260352 0.361328 0.0156708
0 0.0252622 0.34668 0.0505245 0.117188 0.0155411
0 0.754369 0.449707 0.152306 0.119141 0.0153046
0 0.123667 0.626953 0.247334 0.707031 0.0153046
0 0.758274 0.625122 0.286387 0.515381 0.0150146
0 0.124969 0.481445 0.249938 0.333984 0.0131226
0 0.361889 0.709961 0.122365 0.311523 0.0130234
0 0.114555 0.542847 0.229109 0.556885 0.0125732
0 0.745907 0.425781 0.0742002 0.09375 0.0121918
0 0.778451 0.481445 0.108046 0.107422 0.012146
0 0.365794 0.67334 0.123667 0.430664 0.0119629
0 0.359285 0.390137 0.080709 0.0771484 0.0111618
0 0.804486 0.517578 0.0637861 0.0917969 0.0108185
0 0.389551 0.644531 0.553898 0.644531 0.0106964
0 0.456917 0.79834 0.335854 0.352539 0.0102921
0 0.5181 0.698242 0.212187 0.353516 0.00926971
0 0.44333 0.730469 0.43853 0.507812 0.00898743
0 0.590347 0.52002 0.628749 0.799805 0.00894928
0 0.350173 0.339355 0.156211 0.157227 0.0088501
0 0.59946 0.70459 0.0585791 0.107422 0.0088501
0 0.221299 0.54541 0.442598 0.791992 0.00837708
0 0.352776 0.307861 0.139288 0.224121 0.008255
0 0.394433 0.397461 0.0637861 0.0947266 0.00790405
0 0.394107 0.341797 0.0670405 0.148438 0.00784302
0 0.426326 0.746094 0.240825 0.390625 0.0077858
0 0.144821 0.397461 0.289641 0.560547 0.00728989
0 0.452361 0.556641 0.117158 0.166016 0.00701141
0 0.116182 0.266602 0.232364 0.533203 0.00695801
0 0.496295 0.673828 0.258399 0.417969 0.0069046
0 0.282481 0.716309 0.0722476 0.105469 0.0069046
0 0.202423 0.644043 0.0416563 0.0605469 0.00674438
0 0.333982 0.497192 0.376045 0.734131 0.00651169
0 0.393456 0.300537 0.0605317 0.184082 0.0064888
0 0.47384 0.547852 0.0507686 0.0820312 0.00629044
0 0.419817 0.677246 0.237571 0.358398 0.271973
0 0.457568 0.678711 0.339759 0.398438 0.196777
0 0.418515 0.738281 0.234316 0.242188 0.108948
0 0.0987709 0.442871 0.182572 0.276367 0.0939941
0 0.758925 0.633911 0.292896 0.556396 0.0837402
0 0.106785 0.4823 0.204946 0.345947 0.0579224
0 0.484579 0.614136 0.367747 0.525635 0.0572815
0 0.691071 0.645508 0.424699 0.568359 0.0459595
0 0.760227 0.584473 0.247334 0.393555 0.0327148
0 0.0976318 0.386719 0.176388 0.237305 0.0298157
0 0.617684 0.597168 0.628749 0.606445 0.0196075
0 0.417864 0.790039 0.255145 0.367188 0.0160217
0 0.0393782 0.417969 0.0654133 0.214844 0.0137939
0 0.122528 0.522583 0.245056 0.460693 0.0136337
0 0.56301 0.757812 0.160116 0.242188 0.0125275
0 0.564963 0.727051 0.141892 0.186523 0.0115509
0 0.801357 0.635742 0.397286 0.626953 0.0112457
0 0.472213 0.676758 0.22195 0.351562 0.0108185
0 0.771942 0.543457 0.218695 0.305664 0.00978088
0 0.455615 0.51123 0.341061 0.692383 0.00952148
0 0.579282 0.682617 0.575377 0.53125 0.00930023
0 0.566916 0.482544 0.535022 0.788818 0.00837708
0 0.025547 0.346924 0.0475142 0.103027 0.00806427
0 0.407125 0.631714 0.513543 0.611572 0.00763702
0 0.209258 0.443359 0.410705 0.541016 0.00748825
0 0.123016 0.541016 0.192009 0.238281 0.0069046
0 0.342037 0.54895 0.648926 0.695068 0.0069046
0 0.20942 0.604004 0.412983 0.645508 0.00664139
0 0.446503 0.814453 0.331948 0.355469 0.00643921
0 0.441296 0.74707 0.411355 0.466797 0.00624084
0 0.523307 0.741211 0.161418 0.195312 0.00619125
0 0.430882 0.77002 0.282481 0.256836 0.00598145
0 0.389876 0.732422 0.17769 0.214844 0.00540543
0 0.348871 0.597656 0.064437 0.0761719 0.00462723
0 0.142054 0.358459 0.284109 0.489136 0.00450516
0 0.160767 0.425659 0.0904722 0.193604 0.00448608
0 0.471236 0.564941 0.075502 0.141602 0.00443268
0 0.426651 0.567383 0.17769 0.208984 0.00403976
0 0.516147 0.6875 0.239523 0.382812 0.00388527
0 0.394433 0.699707 0.206979 0.286133 0.00388527
0 0.520703 0.792969 0.262955 0.302734 0.00374985
0 0.200796 0.638672 0.0579282 0.0683594 0.00365067
0 0.728984 0.780273 0.0702949 0.0996094 0.00365067
0 0.127735 0.623047 0.25547 0.675781 0.00348282
0 0.165323 0.597656 0.096981 0.140625 0.00344276
0 0.523307 0.761719 0.230411 0.226562 0.00325966
0 0.55943 0.791016 0.203725 0.3125 0.00324821
0 0.0930757 0.347168 0.186151 0.364258 0.00319672
0 0.210234 0.649902 0.0715967 0.0742188 0.00305176
0 0.589696 0.771484 0.173134 0.269531 0.00282288
0 0.462449 0.647461 0.359936 0.474609 0.645996
0 0.797978 0.668457 0.390527 0.594727 0.227417
0 0.0943368 0.392456 0.170612 0.26001 0.176636
0 0.103164 0.44873 0.179643 0.375977 0.144653
0 0.428278 0.654297 0.270766 0.421875 0.103394
0 0.0380764 0.395996 0.0624844 0.206055 0.0352783
0 0.0288014 0.339355 0.0517449 0.0957031 0.0348816
0 0.0502804 0.411133 0.0803835 0.216797 0.0166626
0 0.150353 0.424316 0.291594 0.428711 0.0162201
0 0.213488 0.384766 0.404847 0.512695 0.012146
0 0.608572 0.642578 0.683423 0.556641 0.0106964
0 0.0298591 0.324707 0.055162 0.166992 0.0106506
0 0.179317 0.502441 0.358634 0.49707 0.0104904
0 0.328694 0.383301 0.0852651 0.0693359 0.00941467
0 0.095191 0.275146 0.183873 0.455566 0.00930023
0 0.443167 0.568359 0.440157 0.642578 0.0086441
0 0.118175 0.388672 0.19323 0.294922 0.00754929
0 0.350173 0.581543 0.631353 0.729492 0.00748825
0 0.404847 0.608521 0.229109 0.493896 0.00703812
0 0.356682 0.409668 0.11846 0.117188 0.00679779
0 0.295824 0.441406 0.587744 0.705078 0.00658798
0 0.354078 0.589844 0.0820107 0.107422 0.0064888
0 0.346268 0.35376 0.14059 0.118652 0.00634003
0 0.725079 0.789062 0.042958 0.0585938 0.00566483
0 0.143519 0.521484 0.154258 0.28125 0.00530243
0 0.350824 0.309082 0.154909 0.248047 0.00498199
0 0.360587 0.502808 0.134081 0.314697 0.00468063
0 0.395734 0.410278 0.075502 0.138428 0.00445175
0 0.226018 0.612183 0.447479 0.713135 0.00441742
0 0.786262 0.785156 0.186151 0.273438 0.00439835
0 0.748511 0.425293 0.0781055 0.105469 0.00434875
0 0.397687 0.347656 0.0781055 0.207031 0.00429916
0 0.751114 0.679199 0.291594 0.555664 0.00416565
0 0.779753 0.445435 0.145797 0.154053 0.0037365
0 0.598158 0.683594 0.0781055 0.158203 0.00355148
0 0.335854 0.560059 0.106744 0.209961 0.00352478
0 0.393456 0.666992 0.543484 0.595703 0.00342941
0 0.306564 0.500488 0.24408 0.311523 0.00325966
0 0.323161 0.658691 0.0670405 0.0947266 0.00302696
0 0.389226 0.461792 0.0976318 0.220947 0.00294685
0 0.219183 0.608887 0.438367 0.782227 0.00286674
0 0.787564 0.456055 0.174436 0.1875 0.00282288
0 0.792245 0.822266 0.415511 0.275391 0.00279999
0 0.747209 0.648438 0.234316 0.470703 0.00275803
0 0.645509 0.555786 0.67724 0.755615 0.00269318
0 0.381741 0.518555 0.173785 0.349609 0.00264168
0 0.144821 0.465332 0.289641 0.526367 0.00264168
0 0.161743 0.589844 0.106744 0.152344 0.00252151
0 0.547064 0.697754 0.178992 0.25293 0.00251198
0 0.346918 0.665039 0.0963301 0.1875 0.0024147
0 0.412332 0.637695 0.268162 0.458984 0.469727
0 0.113578 0.455566 0.205027 0.414062 0.213379
0 0.098242 0.383911 0.184931 0.286865 0.197388
0 0.442923 0.662109 0.350824 0.505859 0.144409
0 0.756321 0.635254 0.299404 0.56543 0.0913696
0 0.706204 0.630859 0.428278 0.580078 0.0605164
0 0.407776 0.55127 0.397687 0.625 0.0420837
0 0.623705 0.635254 0.707831 0.594727 0.037323
0 0.409728 0.812988 0.287038 0.374023 0.0246582
0 0.055162 0.398438 0.0973064 0.257812 0.0244293
0 0.588395 0.698242 0.085916 0.139648 0.0241852
0 0.40745 0.711914 0.238222 0.3125 0.0232849
0 0.126555 0.365967 0.209664 0.278809 0.0210114
0 0.144495 0.596802 0.28118 0.775146 0.02034
0 0.759576 0.430664 0.113253 0.155273 0.0200195
0 0.781055 0.439453 0.171832 0.183594 0.0197601
0 0.372872 0.64209 0.472701 0.563477 0.0195618
0 0.57375 0.717285 0.120413 0.162109 0.0187225
0 0.491088 0.654785 0.198518 0.391602 0.0182343
0 0.0303472 0.344727 0.0576028 0.115234 0.0180969
0 0.200796 0.606934 0.401592 0.786133 0.0179138
0 0.283132 0.602051 0.543484 0.795898 0.0177765
0 0.427627 0.734375 0.505082 0.53125 0.0173035
0 0.0948656 0.259277 0.189731 0.467773 0.0160217
0 0.71076 0.624023 0.249938 0.525391 0.0160217
0 0.561058 0.730957 0.143193 0.25 0.0154877
0 0.0807903 0.410156 0.153445 0.283203 0.0150757
0 0.476118 0.668945 0.316978 0.417969 0.014389
0 0.335121 0.499512 0.447967 0.730469 0.014061
0 0.793546 0.633667 0.412907 0.648682 0.0136337
0 0.773895 0.541016 0.209583 0.383789 0.0132217
0 0.416563 0.736328 0.201772 0.242188 0.0130692
0 0.408101 0.402222 0.108046 0.185791 0.0124283
0 0.414284 0.571777 0.22976 0.50293 0.0116882
0 0.364818 0.57605 0.241476 0.500244 0.0107346
0 0.249124 0.50293 0.486532 0.743164 0.00967407
0 0.408752 0.362305 0.0820107 0.140625 0.00941467
0 0.584489 0.654297 0.0911231 0.283203 0.00926971
0 0.0310388 0.334473 0.0620776 0.19043 0.00912476
0 0.610687 0.76709 0.210559 0.28418 0.00901794
0 0.547064 0.655273 0.169879 0.396484 0.00898743
0 0.156862 0.387573 0.313724 0.584229 0.00898743
0 0.554549 0.693359 0.650879 0.613281 0.00888062
0 0.418515 0.473755 0.135383 0.222412 0.00878143
0 0.119192 0.59082 0.238384 0.769531 0.00809479
0 0.652181 0.566895 0.533721 0.665039 0.00796509
0 0.401267 0.387207 0.085916 0.118164 0.00769424
0 0.474165 0.509766 0.106744 0.166016 0.00763702
0 0.121226 0.526367 0.19266 0.263672 0.00751877
0 0.307215 0.959961 0.0520703 0.0800781 0.00734711
0 0.456917 0.624023 0.328043 0.449219 0.406494
0 0.420468 0.648438 0.24473 0.414062 0.248657
0 0.099259 0.414062 0.180944 0.258789 0.191895
0 0.10528 0.460449 0.196891 0.399414 0.172119
0 0.0966555 0.372803 0.172808 0.249512 0.102661
0 0.140264 0.533691 0.166625 0.256836 0.0970459
0 0.116019 0.509277 0.210234 0.306641 0.0736694
0 0.0269301 0.334961 0.0520703 0.0830078 0.0510864
0 0.0955165 0.305908 0.190382 0.425293 0.0349426
0 0.156536 0.591309 0.13343 0.142578 0.0284424
0 0.747209 0.425293 0.075502 0.0947266 0.0224152
0 0.401592 0.396606 0.075502 0.105225 0.0170441
0 0.0290455 0.318604 0.0567892 0.141113 0.0150146
0 0.779753 0.557129 0.269464 0.419922 0.014389
0 0.376208 0.396484 0.123667 0.0888672 0.01297
0 0.475792 0.508301 0.391829 0.720703 0.0124283
0 0.155072 0.435059 0.308842 0.451172 0.0119629
0 0.404847 0.367676 0.0715967 0.119141 0.0118256
0 0.758925 0.432617 0.106744 0.107422 0.0115967
0 0.382717 0.492188 0.156211 0.295898 0.0106125
0 0.128386 0.571289 0.172808 0.181641 0.0105667
0 0.332599 0.384277 0.0963301 0.0654297 0.00985718
0 0.407125 0.394043 0.0872178 0.177734 0.00919342
0 0.401592 0.443848 0.11846 0.191406 0.00912476
0 0.225204 0.377075 0.443899 0.534912 0.00867462
0 0.5923 0.680664 0.0768037 0.121094 0.00800323
0 0.374906 0.6875 0.151655 0.318359 0.00790405
0 0.190219 0.632324 0.0693186 0.0791016 0.0078125
0 0.418515 0.513672 0.218695 0.349609 0.00760651
0 0.295499 0.431519 0.568217 0.646729 0.00631332
0 0.0833125 0.465942 0.154258 0.312256 0.00629044
0 0.419491 0.480591 0.130827 0.232178 0.00582123
0 0.372954 0.527344 0.472538 0.59082 0.00557709
0 0.114392 0.391602 0.218044 0.341797 0.00547028
0 0.561058 0.689453 0.14059 0.253906 0.00475693
0 0.439669 0.522461 0.175086 0.230469 0.00468063
0 0.630051 0.412109 0.0468633 0.0742188 0.00439835
0 0.403545 0.302734 0.0702949 0.211914 0.00415039
0 0.480023 0.532227 0.0774546 0.121094 0.00395966
0 0.560732 0.561523 0.574726 0.613281 0.0039444
0 0.729635 0.44873 0.18485 0.144531 0.00391388
0 0.663734 0.600098 0.547064 0.493164 0.00363541
0 0.280529 0.734375 0.0546738 0.111328 0.00351143
0 0.543809 0.627441 0.173785 0.370117 0.00342941
0 0.581235 0.633789 0.0924248 0.236328 0.00340271
0 0.496295 0.536133 0.0995845 0.164062 0.00333786
0 0.71857 0.427246 0.171832 0.12207 0.00319672
0 0.466355 0.503418 0.122365 0.167969 0.00313568
0 0.0447479 0.25415 0.088845 0.286621 0.00309944
0 0.338376 0.487305 0.212349 0.293945 0.00305176
0 0.419491 0.668945 0.224553 0.359375 0.420654
0 0.101171 0.446777 0.197298 0.40918 0.414795
0 0.0983234 0.389526 0.175005 0.277588 0.307373
0 0.41461 0.698242 0.279878 0.392578 0.119385
0 0.110161 0.504028 0.182572 0.30835 0.0632324
0 0.41461 0.71875 0.211536 0.283203 0.0618896
0 0.101822 0.359375 0.151085 0.255859 0.0453491
0 0.568217 0.736328 0.135383 0.207031 0.0303345
0 0.469935 0.714844 0.397036 0.425781 0.0267029
0 0.488159 0.657715 0.149702 0.352539 0.0265045
0 0.142542 0.59375 0.096981 0.12793 0.0256195
0 0.0803022 0.427612 0.149214 0.340088 0.0252228
0 0.526236 0.680176 0.116507 0.314453 0.0231934
0 0.0294523 0.333008 0.056301 0.117188 0.02034
0 0.122365 0.546875 0.222601 0.59082 0.012825
0 0.110649 0.382812 0.221299 0.582031 0.0102463
0 0.550969 0.674805 0.165974 0.355469 0.00941467
0 0.124318 0.541504 0.151004 0.229492 0.00926971
0 0.0292896 0.327148 0.0585791 0.189453 0.00871277
0 0.0944181 0.333008 0.173703 0.34668 0.00831604
0 0.574401 0.672852 0.107395 0.28125 0.00787354
0 0.748511 0.428711 0.080709 0.105469 0.00772476
0 0.433485 0.518066 0.346268 0.71582 0.00743103
0 0.168618 0.540039 0.320802 0.608398 0.00734711
0 0.473189 0.570312 0.0898213 0.162109 0.00717545
0 0.483929 0.575195 0.117809 0.193359 0.00717545
0 0.594741 0.758789 0.192986 0.267578 0.00706482
0 0.456917 0.573242 0.128874 0.189453 0.0064888
0 0.400941 0.791992 0.264257 0.333984 0.00542831
0 0.431858 0.581909 0.196565 0.486572 0.00511932
0 0.760877 0.450195 0.102839 0.128906 0.00510025
0 0.353346 0.628784 0.365957 0.519775 0.00502014
0 0.156699 0.583862 0.237896 0.652588 0.00469971
0 0.516798 0.734375 0.0624844 0.208984 0.00466537
0 0.633305 0.764648 0.105442 0.21875 0.00462723
0 0.403219 0.367676 0.0683423 0.113281 0.00455475
0 0.943124 0.53125 0.037751 0.0488281 0.00413513
0 0.565939 0.763672 0.167276 0.285156 0.00392914
0 0.655435 0.841797 0.042958 0.0585938 0.00382423
0 0.400291 0.395996 0.0663897 0.100586 0.00379562
0 0.193311 0.630859 0.0566265 0.0732422 0.00369263
0 0.409077 0.362793 0.0742002 0.169922 0.00363541
0 0.479698 0.527344 0.0950283 0.164062 0.00362206
0 0.398989 0.307129 0.0781055 0.226562 0.00359344
0 0.0399477 0.299805 0.0782682 0.262695 0.00356483
0 0.445527 0.532227 0.107395 0.220703 0.00352478
0 0.361238 0.734863 0.337155 0.360352 0.00351143
0 0.411681 0.41394 0.0911231 0.203369 0.00348282
0 0.20161 0.627075 0.338782 0.616943 0.00344276
0 0.142868 0.353027 0.285736 0.634766 0.00341606
0 0.416563 0.655762 0.239523 0.397461 0.396973
0 0.464728 0.652344 0.351475 0.423828 0.151489
0 0.468633 0.605347 0.402243 0.549072 0.0344238
0 0.0927096 0.387573 0.16931 0.279541 0.0192719
0 0.101496 0.453979 0.175168 0.388916 0.0161591
0 0.700183 0.614746 0.445527 0.608398 0.0137405
0 0.354729 0.0206299 0.048165 0.0412598 0.00787354
0 0.0934011 0.31665 0.183548 0.450684 0.00701141
0 0.562685 0.5177 0.572123 0.767334 0.00695801
0 0.418841 0.698242 0.205678 0.311523 0.00677109
0 0.555851 0.020874 0.0390527 0.041748 0.00624084
0 0.560081 0.619019 0.628098 0.584229 0.00624084
0 0.459846 0.507324 0.43674 0.758789 0.00584412
0 0.305262 0.0222168 0.0305913 0.0410156 0.00544739
0 0.416563 0.739258 0.251239 0.285156 0.00432968
0 0.0579282 0.432129 0.100886 0.293945 0.00403976
0 0.0315676 0.375977 0.0569519 0.182617 0.00378036
0 0.101578 0.332031 0.161987 0.320312 0.00335121
0 0.398989 0.0210571 0.0325439 0.0421143 0.00316048
0 0.516147 0.0201416 0.0416563 0.0402832 0.00316048
0 0.382391 0.528198 0.531768 0.799072 0.00311089
0 0.451059 0.725098 0.417864 0.549805 0.0030632
0 0.722313 0.634644 0.330972 0.547119 0.00305176
0 0.449757 0.807129 0.352776 0.352539 0.00301552
0 0.277925 0.020813 0.042958 0.041626 0.00291252
0 0.115856 0.427734 0.220648 0.438477 0.00277901
0 0.0905128 0.633789 0.167845 0.669922 0.0026207
0 0.206654 0.451172 0.395734 0.608398 0.00244331
0 0.437391 0.0198975 0.042958 0.0397949 0.00226974
0 0.712712 0.456543 0.466029 0.887695 0.00219917
0 0.481 0.0217285 0.0357983 0.043457 0.00204277
0 0.0330321 0.344482 0.0624844 0.223145 0.00198746
0 0.173134 0.555664 0.31112 0.712891 0.00198746
0 0.231062 0.571411 0.428278 0.781006 0.00182438
0 0.415912 0.814453 0.240825 0.371094 0.00177479
0 0.49597 0.634766 0.17053 0.390625 0.0017271
0 0.386948 0.963867 0.0507686 0.0722656 0.00168133
0 0.212512 0.0202637 0.0455615 0.0405273 0.00167465
0 0.0645997 0.509644 0.120087 0.400635 0.0016489
0 0.200145 0.0232544 0.0602063 0.0465088 0.0014782
0 0.606619 0.0234985 0.0390527 0.0469971 0.00146675
0 0.0344152 0.0201416 0.0688304 0.0402832 0.00141621
0 0.14417 0.0236816 0.0917739 0.0473633 0.00138855
0 0.320883 0.737793 0.49597 0.524414 0.00135136
0 0.432184 0.507324 0.193962 0.373047 0.00128937
0 0.566265 0.877197 0.0989336 0.175293 0.0012846
0 0.0593113 0.0212402 0.0883568 0.0424805 0.0012598
0 0.128549 0.560547 0.15198 0.203125 0.00123501
0 0.653482 0.851074 0.0364492 0.0556641 0.00123501
0 0.308517 0.434448 0.615731 0.683838 0.00119686
0 0.423722 0.679688 0.218695 0.335938 0.413086
0 0.466029 0.661133 0.325439 0.431641 0.0922241
0 0.489786 0.637207 0.396385 0.536133 0.0527039
0 0.0997472 0.454224 0.178992 0.33374 0.0495911
0 0.095191 0.406738 0.176714 0.250977 0.0428772
0 0.424048 0.723633 0.205027 0.257812 0.0360718
0 0.112927 0.543945 0.18908 0.228516 0.0236969
0 0.460171 0.667969 0.164021 0.345703 0.0198364
0 0.145797 0.580078 0.123667 0.158203 0.0103302
0 0.459521 0.574219 0.127572 0.189453 0.01017
0 0.569844 0.728516 0.130827 0.197266 0.00993347
0 0.475792 0.574219 0.0924248 0.166016 0.00963593
0 0.459521 0.569214 0.339759 0.611572 0.00818634
0 0.528188 0.703613 0.454964 0.463867 0.00818634
0 0.581886 0.72168 0.108046 0.166016 0.00740433
0 0.438692 0.75293 0.268162 0.267578 0.00703812
0 0.437065 0.557495 0.193311 0.37915 0.00666809
0 0.212512 0.0239258 0.425024 0.0478516 0.00629044
0 0.433485 0.526367 0.123667 0.244141 0.00619125
0 0.466355 0.54248 0.124969 0.210938 0.00526047
0 0.371652 0.732422 0.132779 0.228516 0.00526047
0 0.100073 0.363281 0.166625 0.291016 0.00502014
0 0.372303 0.689453 0.111951 0.291016 0.00486755
0 0.406799 0.423828 0.0820107 0.214844 0.00479126
0 0.414284 0.481445 0.096981 0.260742 0.00431442
0 0.512893 0.724609 0.042958 0.18457 0.00421524
0 0.406148 0.390137 0.0676914 0.109375 0.00411606
0 0.715967 0.63916 0.415261 0.553711 0.00369263
0 0.517774 0.54248 0.490112 0.708008 0.00353813
0 0.40745 0.364746 0.0670405 0.111328 0.00331116
0 0.570821 0.608887 0.623542 0.59082 0.00329781
0 0.0434462 0.428833 0.0715967 0.236084 0.00319672
0 0.536975 0.668945 0.197867 0.319336 0.00317192
0 0.194287 0.628906 0.0475142 0.0800781 0.00314713
0 0.589045 0.749023 0.132779 0.226562 0.00291252
0 0.49239 0.827637 0.43674 0.329102 0.00282288
0 0.0475142 0.449219 0.0761528 0.167969 0.00281143
0 0.408101 0.376953 0.0748511 0.154297 0.00271416
0 0.153282 0.0231934 0.306564 0.0463867 0.00266266
0 0.346918 0.382812 0.0794072 0.0751953 0.00265312
0 0.105768 0.543457 0.205678 0.442383 0.0026207
0 0.388005 0.527344 0.300543 0.390625 0.00261116
0 0.335528 0.541504 0.495319 0.688477 0.00261116
0 0.572123 0.673828 0.119762 0.271484 0.00239754
0 0.541206 0.794922 0.482301 0.318359 0.00239754
0 0.294848 0.481934 0.589696 0.823242 0.00228691
0 0.0271742 0.377441 0.0509313 0.174805 0.00226974
0 0.469935 0.777832 0.348871 0.288086 0.00225258
0 0.157187 0.515625 0.0976318 0.277344 0.00223351
0 0.445201 0.484253 0.17053 0.336182 0.00222588
0 0.421444 0.666016 0.210885 0.378906 0.595703
0 0.459195 0.647461 0.345617 0.453125 0.46875
0 0.102839 0.445312 0.192986 0.423828 0.217285
0 0.0986082 0.403809 0.177039 0.267578 0.128906
0 0.112846 0.394531 0.225692 0.431641 0.0446777
0 0.103327 0.360596 0.164347 0.278809 0.041626
0 0.429906 0.626465 0.242778 0.481445 0.0354919
0 0.108209 0.542969 0.18485 0.234375 0.0141144
0 0.15377 0.497192 0.279552 0.624756 0.00971222
0 0.0297777 0.332031 0.0517449 0.114258 0.00871277
0 0.505082 0.65625 0.239523 0.365234 0.00831604
0 0.165933 0.384766 0.320314 0.509766 0.00790405
0 0.0942147 0.345703 0.169554 0.398438 0.00634003
0 0.0711899 0.410645 0.127084 0.297852 0.00572968
0 0.408427 0.362061 0.0702949 0.121582 0.00530243
0 0.0313235 0.305908 0.052233 0.157715 0.0051384
0 0.140915 0.587402 0.114555 0.140625 0.00466537
0 0.406799 0.390137 0.0715967 0.114258 0.00462723
0 0.406799 0.389771 0.080709 0.150146 0.00457382
0 0.410705 0.479004 0.225204 0.304688 0.00407028
0 0.42958 0.498169 0.130176 0.259521 0.0037365
0 0.539579 0.66748 0.177039 0.327148 0.0037365
0 0.416563 0.463867 0.145797 0.264648 0.00370789
0 0.131478 0.374756 0.149051 0.291504 0.00358009
0 0.575377 0.706543 0.106744 0.204102 0.00344276
0 0.398989 0.734375 0.196565 0.244141 0.00327301
0 0.569194 0.662598 0.1113 0.257812 0.00299263
0 0.373279 0.389648 0.115206 0.0996094 0.00298119
0 0.554549 0.700195 0.151004 0.277344 0.00293541
0 0.756321 0.432617 0.0911231 0.139648 0.00229645
0 0.137986 0.564453 0.131478 0.175781 0.00229645
0 0.0833125 0.241638 0.153607 0.389771 0.00213242
0 0.312422 0.474731 0.624844 0.769287 0.00210762
0 0.0449106 0.275391 0.0750138 0.21875 0.00208282
0 0.123504 0.335449 0.167927 0.307617 0.00196457
0 0.456266 0.560059 0.123667 0.178711 0.00188923
0 0.406148 0.31543 0.0735493 0.19043 0.00183105
0 0.482301 0.527344 0.0885195 0.173828 0.00182438
0 0.747209 0.422363 0.075502 0.119141 0.00168133
0 0.370676 0.36499 0.109348 0.0952148 0.00161076
0 0.477745 0.557129 0.0846143 0.155273 0.00157928
0 0.37751 0.748047 0.151004 0.210938 0.00149536
0 0.0579282 0.236816 0.105442 0.328125 0.00148964
0 0.191033 0.624512 0.0442598 0.0849609 0.00148964
0 0.335203 0.382812 0.0794072 0.0751953 0.00148392
0 0.0792445 0.65625 0.143193 0.431641 0.00146675
0 0.49597 0.557617 0.0963301 0.163086 0.00144958
0 0.0626471 0.482422 0.10707 0.282227 0.00144386
0 0.582862 0.619141 0.0774546 0.335938 0.00137234
0 0.477745 0.552612 0.384019 0.658447 0.00137234
0 0.471887 0.635742 0.348871 0.501953 0.44165
0 0.103327 0.452026 0.201772 0.420166 0.394287
0 0.422095 0.669922 0.237571 0.378906 0.380371
0 0.0960046 0.390503 0.192009 0.310791 0.290283
0 0.423071 0.605957 0.256446 0.512695 0.0687866
0 0.133918 0.430542 0.267837 0.494385 0.0375977
0 0.0615894 0.404785 0.123179 0.273438 0.0213623
0 0.0269301 0.331543 0.0538602 0.146484 0.0195007
0 0.130664 0.582031 0.143519 0.152344 0.0174408
0 0.150638 0.501953 0.292326 0.578125 0.0146179
0 0.546738 0.652344 0.175737 0.399414 0.0122375
0 0.0559756 0.436523 0.111951 0.207031 0.0110703
0 0.0249775 0.298828 0.049955 0.146484 0.0104904
0 0.198193 0.408325 0.388575 0.548584 0.0088501
0 0.568217 0.697266 0.130176 0.268555 0.00740433
0 0.0947029 0.320068 0.188104 0.416504 0.00723267
0 0.142868 0.590332 0.104141 0.131836 0.00582123
0 0.143519 0.434692 0.22195 0.372803 0.00547028
0 0.0849397 0.270935 0.169554 0.327271 0.00508118
0 0.406474 0.438477 0.0995845 0.199219 0.00468063
0 0.402894 0.395508 0.0735493 0.121094 0.00453949
0 0.0289641 0.2771 0.0559756 0.181641 0.00450516
0 0.572448 0.600098 0.1113 0.393555 0.00450516
0 0.403545 0.361816 0.0715967 0.111328 0.00416565
0 0.404196 0.403809 0.0885195 0.178711 0.00403976
0 0.179968 0.576172 0.324789 0.712891 0.00392914
0 0.391504 0.499023 0.202423 0.332031 0.00387001
0 0.0450734 0.506348 0.0862415 0.166992 0.00374985
0 0.57017 0.71875 0.130176 0.185547 0.00359344
0 0.0387273 0.22699 0.0751765 0.280396 0.00342941
0 0.430882 0.472168 0.1484 0.28418 0.00336266
0 0.0931164 0.212891 0.184768 0.398438 0.00335121
0 0.528514 0.81543 0.426977 0.275391 0.00294685
0 0.272067 0.40686 0.544135 0.600342 0.00271416
0 0.37393 0.389771 0.130176 0.113037 0.00252151
0 0.612965 0.768066 0.237245 0.28418 0.0024929
0 0.14421 0.366211 0.161987 0.251953 0.00240517
0 0.401592 0.307617 0.0768037 0.200195 0.00239754
0 0.0804649 0.625488 0.144658 0.267578 0.00239754
0 0.545437 0.769531 0.347569 0.291016 0.00230598
0 0.203237 0.424316 0.136359 0.294922 0.00226021
0 0.146082 0.556641 0.130908 0.199219 0.00221634
0 0.467657 0.580933 0.406799 0.62915 0.00218201
0 0.46668 0.505859 0.134081 0.244141 0.00209045
0 0.177365 0.612305 0.072573 0.107422 0.00202751
0 0.549993 0.580078 0.141892 0.388672 0.00201035
0 0.438042 0.46875 0.472538 0.814453 0.00199509
0 0.332274 0.380005 0.0839634 0.0759277 0.00188923
0 0.335528 0.450195 0.625495 0.688477 0.00186062
0 0.506384 0.508789 0.0833125 0.201172 0.00176811
0 0.466355 0.640625 0.328694 0.474609 0.589844
0 0.430882 0.650391 0.242127 0.398438 0.336426
0 0.0923841 0.382324 0.179724 0.286133 0.180054
0 0.103164 0.456177 0.186802 0.39624 0.16394
0 0.113538 0.557129 0.177771 0.196289 0.062561
0 0.113578 0.424316 0.227157 0.458984 0.047699
0 0.0272149 0.324219 0.0544298 0.154297 0.0320435
0 0.129688 0.575195 0.148726 0.166016 0.0307922
0 0.0776173 0.428711 0.150678 0.265625 0.0249939
0 0.448456 0.593872 0.398338 0.55835 0.016098
0 0.145797 0.585938 0.106093 0.138672 0.0145035
0 0.129037 0.544067 0.250914 0.671631 0.0139008
0 0.153445 0.440308 0.293872 0.474854 0.012291
0 0.0885602 0.293945 0.173703 0.34668 0.00812531
0 0.0297777 0.282715 0.0564637 0.201172 0.00669098
0 0.101212 0.665039 0.195264 0.505859 0.00609589
0 0.403545 0.394409 0.0715967 0.113525 0.00570679
0 0.131803 0.405762 0.190382 0.330078 0.00540543
0 0.402569 0.362793 0.0722476 0.110352 0.00510025
0 0.535999 0.64209 0.188104 0.420898 0.00482941
0 0.555525 0.631836 0.145146 0.365234 0.00479126
0 0.400941 0.554199 0.177039 0.395508 0.00475693
0 0.404196 0.401367 0.0826616 0.181641 0.00457382
0 0.185338 0.385864 0.360912 0.55249 0.00443268
0 0.573099 0.697266 0.112602 0.21875 0.00403976
0 0.430882 0.498047 0.124969 0.238281 0.00399017
0 0.0414935 0.235352 0.0787564 0.306641 0.00395966
0 0.405823 0.436523 0.0794072 0.177734 0.00380898
0 0.385971 0.485352 0.149702 0.294922 0.00370789
0 0.0672033 0.601562 0.128549 0.554688 0.00365067
0 0.473514 0.53418 0.114555 0.199219 0.00346947
0 0.0903095 0.218994 0.174761 0.412598 0.00342941
0 0.178341 0.606934 0.0735493 0.12207 0.00340271
0 0.427302 0.499512 0.183548 0.317383 0.00336266
0 0.372954 0.38269 0.121063 0.0900879 0.00331116
0 0.124481 0.35791 0.186477 0.300781 0.00298119
0 0.318931 0.467773 0.637861 0.757812 0.00281143
0 0.455941 0.547852 0.1484 0.214844 0.00271416
0 0.507035 0.530762 0.0943774 0.208984 0.00244331
0 0.400616 0.314941 0.0794072 0.186523 0.00217438
0 0.482301 0.553223 0.0846143 0.175781 0.00214958
0 0.204864 0.433105 0.135708 0.288086 0.00209999
0 0.444225 0.46582 0.175086 0.337891 0.00198746
0 0.495319 0.554688 0.101537 0.193359 0.00192642
0 0.368723 0.361816 0.108046 0.0947266 0.00177479
0 0.463751 0.461792 0.465378 0.826416 0.00176811
0 0.190057 0.483398 0.157513 0.30957 0.0016613
0 0.332599 0.380005 0.0820107 0.0720215 0.00164223
0 0.598158 0.575195 0.0624844 0.398438 0.00151253
0 0.0989336 0.661133 0.148726 0.393555 0.00151253
0 0.462449 0.612305 0.337806 0.480469 0.478516
0 0.433485 0.65625 0.253843 0.398438 0.435791
0 0.099259 0.44873 0.198518 0.441406 0.242188
0 0.0943774 0.382812 0.186802 0.306641 0.174438
0 0.108412 0.530273 0.19323 0.257812 0.0703125
0 0.129199 0.424805 0.258399 0.470703 0.0533142
0 0.127247 0.569336 0.154584 0.183594 0.0294189
0 0.488485 0.651367 0.284434 0.398438 0.0216217
0 0.16691 0.404175 0.331379 0.525635 0.021286
0 0.0287607 0.324219 0.0575214 0.137695 0.0191956
0 0.0739561 0.426758 0.144983 0.266602 0.0122375
0 0.144821 0.592773 0.106093 0.134766 0.0114212
0 0.150353 0.500854 0.295499 0.633057 0.00861359
0 0.553247 0.673828 0.158814 0.353516 0.00837708
0 0.0907976 0.327148 0.181595 0.423828 0.00728989
0 0.570821 0.712891 0.11846 0.239258 0.00666809
0 0.403545 0.393555 0.0728984 0.115234 0.00519943
0 0.402894 0.36377 0.0728984 0.102539 0.00516129
0 0.317629 0.454102 0.635258 0.743164 0.00436401
0 0.130501 0.422974 0.206003 0.3396 0.00358009
0 0.193962 0.623535 0.0520703 0.0888672 0.00346947
0 0.214953 0.359619 0.429906 0.595215 0.00346947
0 0.404847 0.398315 0.0794072 0.158447 0.00325966
0 0.373279 0.382324 0.120413 0.0869141 0.00309944
0 0.404847 0.500122 0.213488 0.327881 0.00299263
0 0.423804 0.456055 0.51273 0.792969 0.00291252
0 0.111585 0.640137 0.220729 0.594727 0.00287819
0 0.0344966 0.274902 0.0670405 0.207031 0.00274658
0 0.426 0.472168 0.117809 0.22168 0.00268364
0 0.423397 0.546387 0.212187 0.419922 0.00253105
0 0.424373 0.694824 0.217394 0.313477 0.00243378
0 0.0895365 0.209229 0.176958 0.418457 0.00235939
0 0.330647 0.378906 0.0742002 0.0693359 0.00219917
0 0.0549993 0.221619 0.109999 0.33606 0.00213242
0 0.0750138 0.595825 0.146773 0.638428 0.00193405
0 0.717269 0.587402 0.359285 0.575195 0.00183868
0 0.478721 0.525879 0.100886 0.18457 0.00178909
0 0.378812 0.479492 0.160116 0.28125 0.00178242
0 0.0384832 0.0197144 0.0769664 0.0394287 0.00176144
0 0.446503 0.552734 0.161418 0.291016 0.00171375
0 0.124684 0.371094 0.192579 0.286133 0.0016613
0 0.489786 0.890869 0.319582 0.116699 0.0016489
0 0.579282 0.60791 0.0898213 0.400391 0.00155449
0 0.371652 0.365967 0.110649 0.0883789 0.00154877
0 0.214139 0.0220947 0.428278 0.0441895 0.00154305
0 0.537301 0.635742 0.17769 0.433594 0.00149536
0 0.511021 0.444336 0.576516 0.839844 0.00147247
0 0.0537789 0.0201416 0.106256 0.0402832 0.00144958
0 0.567566 0.916016 0.134081 0.0820312 0.00141048
0 0.209095 0.301758 0.41819 0.603516 0.00136662
0 0.419817 0.65918 0.218695 0.374023 0.589844
0 0.466355 0.637695 0.333901 0.445312 0.476562
0 0.0960046 0.439941 0.188429 0.442383 0.395996
0 0.0958419 0.390625 0.170205 0.328125 0.224731
0 0.423071 0.611816 0.247334 0.499023 0.0490417
0 0.117321 0.555664 0.165649 0.206055 0.0472412
0 0.165689 0.42334 0.318198 0.490234 0.0279541
0 0.522005 0.651367 0.182246 0.380859 0.0216217
0 0.0301438 0.362305 0.0602877 0.265625 0.0200653
0 0.143193 0.59082 0.106093 0.130859 0.0173798
0 0.0772105 0.430542 0.151167 0.293213 0.0164642
0 0.571797 0.705078 0.112602 0.25 0.0146713
0 0.550969 0.663086 0.163371 0.365234 0.0120544
0 0.206329 0.382812 0.403545 0.576172 0.0104065
0 0.403545 0.392456 0.0728984 0.115479 0.00989532
0 0.403545 0.364014 0.0728984 0.105957 0.00959778
0 0.025547 0.302734 0.0497922 0.168945 0.0085144
0 0.142258 0.568359 0.122284 0.171875 0.0078125
0 0.577981 0.723633 0.109348 0.1875 0.00651169
0 0.402894 0.399902 0.080709 0.15625 0.00619125
0 0.0957199 0.30542 0.17891 0.338379 0.00482941
0 0.37751 0.382812 0.121063 0.0917969 0.00453949
0 0.430882 0.48291 0.136685 0.263672 0.00450516
0 0.123504 0.463867 0.228133 0.392578 0.00411606
0 0.391829 0.491211 0.183548 0.314453 0.00382423
0 0.483278 0.535156 0.0989336 0.1875 0.00366402
0 0.127247 0.414551 0.178666 0.348633 0.00351143
0 0.576353 0.614746 0.0943774 0.389648 0.00316048
0 0.17769 0.613281 0.0722476 0.103516 0.00302696
0 0.374581 0.362549 0.117809 0.0961914 0.00274658
0 0.0318931 0.274414 0.0566265 0.196777 0.00273705
0 0.319582 0.443848 0.639163 0.709961 0.00273705
0 0.42177 0.507324 0.206979 0.351562 0.00263214
0 0.402569 0.320557 0.0761528 0.172363 0.00259018
0 0.498248 0.52832 0.0846143 0.191406 0.00234985
0 0.752416 0.430664 0.0781055 0.125 0.00234222
0 0.105931 0.611816 0.198844 0.43457 0.00219917
0 0.493366 0.556641 0.085916 0.183594 0.00218201
0 0.174761 0.497925 0.339108 0.670166 0.00216484
0 0.335854 0.379883 0.0846143 0.0693359 0.00211525
0 0.450083 0.469727 0.160767 0.292969 0.0020752
0 0.075502 0.505859 0.141241 0.339844 0.00206757
0 0.129037 0.381836 0.258074 0.547852 0.00206757
0 0.0484905 0.217224 0.0937266 0.340942 0.00203514
0 0.445201 0.538086 0.167927 0.245117 0.00182438
0 0.121999 0.356934 0.162801 0.276367 0.00181007
0 0.0972657 0.247559 0.190789 0.495117 0.00176811
0 0.464402 0.443848 0.486207 0.818359 0.00168705
0 0.659991 0.524414 0.0989336 0.273438 0.00146675
0 0.605317 0.567383 0.0507686 0.359375 0.00144958
0 0.420142 0.661133 0.22976 0.371094 0.518555
0 0.464077 0.616211 0.339759 0.464844 0.440674
0 0.0960046 0.438599 0.188429 0.452881 0.303955
0 0.0927096 0.371826 0.18428 0.353027 0.113159
0 0.122772 0.422729 0.245544 0.492432 0.0591125
0 0.168862 0.405762 0.33203 0.53418 0.0311432
0 0.147424 0.490723 0.290943 0.658203 0.0221558
0 0.556827 0.691406 0.14775 0.31543 0.0174408
0 0.520378 0.648438 0.192009 0.390625 0.0168457
0 0.0288828 0.349854 0.0577655 0.244629 0.0157776
0 0.565939 0.72168 0.123016 0.246094 0.0154266
0 0.0781868 0.427734 0.156048 0.311523 0.0115051
0 0.139125 0.586426 0.104466 0.139648 0.00763702
0 0.025547 0.303467 0.0507686 0.183105 0.00717545
0 0.417213 0.592773 0.238222 0.519531 0.00674438
0 0.402894 0.388672 0.0728984 0.120117 0.0053215
0 0.123057 0.572266 0.160686 0.195312 0.00526047
0 0.403219 0.361328 0.0722476 0.112305 0.00494385
0 0.40387 0.422729 0.0911231 0.176025 0.0039444
0 0.0892111 0.29126 0.178259 0.371582 0.00380898
0 0.438367 0.493164 0.150353 0.280273 0.00369263
0 0.404196 0.398926 0.080709 0.167969 0.00356483
0 0.397036 0.503784 0.190057 0.342041 0.00355148
0 0.320558 0.467773 0.641116 0.767578 0.00342941
0 0.105117 0.642578 0.203725 0.640625 0.00325966
0 0.484905 0.536133 0.0911231 0.186523 0.003088
0 0.565939 0.61377 0.115206 0.415039 0.00304031
0 0.212675 0.350098 0.421444 0.62793 0.00281143
0 0.379137 0.382935 0.117809 0.095459 0.00276756
0 0.456917 0.445801 0.488159 0.823242 0.00268364
0 0.0301032 0.274658 0.0558129 0.217285 0.00264168
0 0.494017 0.557617 0.0911231 0.201172 0.00260162
0 0.423722 0.716309 0.199169 0.255859 0.00254059
0 0.498573 0.52832 0.085916 0.193359 0.00250244
0 0.0808717 0.600586 0.158489 0.664062 0.00232315
0 0.380113 0.477539 0.152957 0.291992 0.00209045
0 0.401267 0.318848 0.0748511 0.174805 0.0019722
0 0.445852 0.544922 0.161418 0.242188 0.00195694
0 0.539904 0.597168 0.159465 0.456055 0.0017271
0 0.0675287 0.384277 0.135057 0.479492 0.0017271
0 0.0430394 0.227539 0.0831498 0.330078 0.00170708
0 0.378812 0.360107 0.111951 0.102051 0.00163555
0 0.0823362 0.457031 0.164672 0.532227 0.00159168
0 0.387924 0.698242 0.180293 0.292969 0.00155449
0 0.0894959 0.219727 0.176388 0.439453 0.00149536
0 0.700183 0.632324 0.367421 0.540039 0.00148964
0 0.752416 0.429688 0.0768037 0.12793 0.0014782
0 0.576353 0.891602 0.156862 0.123047 0.00147247
0 0.605317 0.574707 0.0507686 0.379883 0.00137806
0 0.335528 0.381348 0.0878687 0.0683594 0.00131989
0 0.418515 0.657715 0.238222 0.381836 0.474609
0 0.45887 0.613281 0.334552 0.474609 0.38501
0 0.0997472 0.444336 0.185175 0.436523 0.23584
0 0.0937672 0.373535 0.184117 0.331055 0.199341
0 0.121552 0.42334 0.243103 0.511719 0.0347595
0 0.1041 0.54541 0.199901 0.545898 0.0205688
0 0.172483 0.400391 0.338457 0.553711 0.0196838
0 0.0278251 0.333496 0.0549993 0.204102 0.0185089
0 0.149661 0.490723 0.292326 0.674805 0.0153046
0 0.523307 0.64502 0.147099 0.382812 0.0127258
0 0.0787564 0.418823 0.152957 0.304932 0.0125275
0 0.404196 0.389648 0.0709458 0.117188 0.0106964
0 0.552922 0.654297 0.15556 0.386719 0.0106964
0 0.415912 0.581055 0.233015 0.501953 0.0104065
0 0.574075 0.706055 0.108046 0.261719 0.00993347
0 0.0253843 0.301758 0.0494668 0.177734 0.00948334
0 0.141566 0.589844 0.100886 0.134766 0.00919342
0 0.404196 0.365234 0.0702949 0.110352 0.00841522
0 0.404847 0.418457 0.0833125 0.166992 0.00712204
0 0.49955 0.647461 0.262304 0.400391 0.00634003
0 0.406148 0.39563 0.075502 0.157959 0.00600433
0 0.391829 0.481323 0.173134 0.302979 0.005867
0 0.439994 0.491211 0.145797 0.28418 0.00568771
0 0.379462 0.383789 0.113253 0.0957031 0.00564194
0 0.13522 0.582031 0.140915 0.189453 0.00542831
0 0.462124 0.57312 0.37751 0.607666 0.00534439
0 0.579282 0.724609 0.104141 0.199219 0.00486755
0 0.486857 0.536133 0.0872178 0.1875 0.00479126
0 0.423071 0.499023 0.203074 0.341797 0.00419998
0 0.0293709 0.272461 0.0525585 0.214844 0.00365067
0 0.499224 0.526855 0.0839634 0.188477 0.00365067
0 0.0813599 0.277405 0.161418 0.337769 0.00344276
0 0.315351 0.47168 0.624193 0.77832 0.00323486
0 0.535673 0.628906 0.179643 0.455078 0.00316048
0 0.56301 0.725098 0.136685 0.229492 0.00311089
0 0.578306 0.612305 0.0904722 0.40625 0.00292397
0 0.137051 0.467285 0.262223 0.394531 0.00273705
0 0.0416563 0.228027 0.0787564 0.320312 0.00250244
0 0.452361 0.540039 0.1484 0.238281 0.00248146
0 0.333901 0.382935 0.0820107 0.0681152 0.00245285
0 0.378161 0.36377 0.108046 0.0957031 0.00243378
0 0.478966 0.444824 0.472701 0.825195 0.00232315
0 0.753067 0.429688 0.075502 0.125 0.00201988
0 0.0829871 0.592285 0.158164 0.655273 0.00193405
0 0.42177 0.711426 0.204376 0.266602 0.00183105
0 0.402894 0.32666 0.0715967 0.160156 0.0018177
0 0.743955 0.4198 0.0676914 0.107666 0.0018034
0 0.630702 0.413086 0.0416563 0.0742188 0.00168705
0 0.0858753 0.210449 0.168008 0.411133 0.00166798
0 0.607921 0.541016 0.0442598 0.303711 0.0016489
0 0.418515 0.657715 0.238222 0.381836 0.472656
0 0.45887 0.612793 0.334552 0.474609 0.384033
0 0.0997472 0.444336 0.185175 0.436523 0.235107
0 0.0937672 0.373779 0.184117 0.330566 0.19812
0 0.121552 0.422852 0.243103 0.511719 0.0345459
0 0.104181 0.54541 0.200389 0.545898 0.0205688
0 0.172483 0.400391 0.338457 0.553711 0.0196075
0 0.0277437 0.333252 0.055162 0.203613 0.0185394
0 0.149865 0.490723 0.29257 0.674805 0.0151901
0 0.523307 0.64502 0.147099 0.382812 0.0127716
0 0.0787564 0.418823 0.152957 0.304932 0.0125275
0 0.404196 0.389648 0.0709458 0.117188 0.0107346
0 0.552922 0.654297 0.15556 0.386719 0.0107346
0 0.415912 0.580933 0.231713 0.500244 0.0104904
0 0.574075 0.706055 0.108046 0.261719 0.0100098
0 0.025547 0.301758 0.0494668 0.177734 0.00948334
0 0.141566 0.589844 0.100886 0.134766 0.00923157
0 0.404196 0.365234 0.0702949 0.110352 0.00837708
0 0.404847 0.418457 0.0833125 0.166992 0.00717545
0 0.499875 0.647461 0.261653 0.400391 0.00634003
0 0.406148 0.39563 0.075502 0.157959 0.00602722
0 0.391829 0.481934 0.173134 0.303711 0.00588989
0 0.439994 0.491211 0.145797 0.28418 0.00570679
0 0.379462 0.383789 0.113253 0.0957031 0.00564194
0 0.135383 0.581543 0.14059 0.188477 0.00542831
0 0.462124 0.573242 0.37751 0.607422 0.00540543
0 0.579282 0.724609 0.104141 0.199219 0.00488663
0 0.486857 0.536133 0.0872178 0.1875 0.00481033
0 0.423071 0.499023 0.203074 0.341797 0.0042305
0 0.0293709 0.272461 0.0525585 0.214844 0.00366402
0 0.499224 0.526855 0.0839634 0.188477 0.00366402
0 0.0813599 0.277405 0.161418 0.337769 0.00342941
0 0.315351 0.471802 0.624193 0.779053 0.00323486
0 0.535673 0.628906 0.179643 0.455078 0.00317192
0 0.56301 0.725098 0.136685 0.229492 0.00312424
0 0.578306 0.612305 0.0904722 0.40625 0.00293541
0 0.137051 0.467285 0.262223 0.393555 0.00274658
0 0.0416563 0.227783 0.0787564 0.319824 0.0024929
0 0.452361 0.540039 0.1484 0.238281 0.0024929
0 0.333901 0.382935 0.0820107 0.0681152 0.00246239
0 0.377835 0.36377 0.108046 0.0957031 0.00243378
0 0.479047 0.444214 0.472538 0.824463 0.00232315
0 0.752416 0.429688 0.075502 0.125 0.00202751
0 0.0829057 0.592285 0.158326 0.655273 0.00193405
0 0.42177 0.711914 0.204376 0.265625 0.00184631
0 0.743955 0.4198 0.0676914 0.107666 0.0018177
0 0.402894 0.326172 0.0715967 0.160156 0.00181007
0 0.630702 0.413086 0.0416563 0.0742188 0.0017004
0 0.085916 0.210449 0.167927 0.411133 0.00165462
0 0.607921 0.541016 0.0442598 0.302734 0.0016489
