0 0.524934 0.301025 0.0475142 0.0678711 0.0111618
0 0.351475 0.40918 0.0624844 0.0507812 0.00679779
0 0.451059 0.601562 0.0494668 0.0722656 0.00669098
0 0.5 0.5 1 1 0.00666809
0 0.583313 0.5 0.833375 1 0.00664139
0 0.5 0.5 1 1 0.00641251
0 0.0670405 0.608398 0.0995845 0.0878906 0.00638962
0 0.688104 0.5 0.623792 1 0.005867
0 0.697216 0.572266 0.605567 0.855469 0.00570679
0 0.562484 0.5 0.875031 1 0.00570679
0 0.5 0.5 1 1 0.00570679
0 0.732038 0.536865 0.535923 0.92627 0.00527954
0 0.651655 0.5 0.69669 1 0.00518036
0 0.0785936 0.613281 0.0712712 0.0839844 0.00500107
0 0.5 0.5 1 1 0.00457382
0 0.5 0.5 1 1 0.00446701
0 0.595028 0.5 0.809943 1 0.00443268
0 0.56639 0.505859 0.867221 0.988281 0.00403976
0 0.514845 0.420898 0.0514194 0.0644531 0.00324821
0 0.841586 0.545898 0.0728984 0.0839844 0.00286674
0 0.378812 0.59082 0.219997 0.238281 0.00274658
0 0.520052 0.345215 0.0663897 0.0927734 0.00230598
0 0.247985 0.929443 0.287038 0.129395 0.00201035
0 0.0613453 0.599121 0.109022 0.116211 0.00176811
0 0.615368 0.419922 0.769263 0.839844 0.00171375
0 0.414284 0.549805 0.281831 0.318359 0.00144958
0 0.337155 0.402832 0.0937266 0.0693359 0.0014267
0 0.0657388 0.593262 0.119436 0.264648 0.00141048
0 0.319582 0.223389 0.0403545 0.0649414 0.00134563
0 0.412006 0.64502 0.161418 0.15332 0.00130463
0 0.574401 0.297607 0.254494 0.121094 0.00118351
0 0.37035 0.611816 0.221299 0.146484 0.0011692
0 0.163411 0.158203 0.306483 0.316406 0.00116062
0 0.60906 0.416138 0.411681 0.425537 0.00109005
0 0.621714 0.36792 0.756571 0.73584 0.00108147
0 0.387598 0.646484 0.17769 0.119141 0.00105286
0 0.351475 0.378052 0.109348 0.101318 0.00103188
0 0.0605317 0.620605 0.104141 0.109375 0.00102043
0 0.838332 0.522949 0.080709 0.121094 0.36377
0 0.522005 0.41748 0.0742002 0.0732422 0.347656
0 0.0843295 0.609375 0.0689118 0.0761719 0.27832
0 0.347244 0.393677 0.0794072 0.0739746 0.245117
0 0.450083 0.577637 0.048165 0.0693359 0.112427
0 0.648275 0.422363 0.0598809 0.0693359 0.0797729
0 0.384669 0.224854 0.0494668 0.0541992 0.0772095
0 0.319582 0.227051 0.0436089 0.0605469 0.0753174
0 0.715967 0.247559 0.0624844 0.0810547 0.055603
0 0.385971 0.677734 0.0624844 0.0761719 0.0538025
0 0.255226 0.131104 0.0571146 0.0761719 0.0518494
0 0.702949 0.239746 0.0624844 0.0756836 0.0453491
0 0.523958 0.298096 0.0507686 0.0629883 0.0417786
0 0.471887 0.208984 0.0468633 0.0585938 0.0395508
0 0.525259 0.423828 0.0937266 0.0703125 0.0392761
0 0.24831 0.137939 0.05923 0.104492 0.0383911
0 0.342037 0.379395 0.102188 0.09375 0.0343628
0 0.519401 0.367676 0.0742002 0.131836 0.0336609
0 0.675612 0.4375 0.0689932 0.0908203 0.0324097
0 0.921645 0.50293 0.048165 0.0820312 0.0320435
0 0.349197 0.223877 0.0670405 0.0683594 0.0316162
0 0.357983 0.655273 0.0885195 0.0996094 0.0310211
0 0.450408 0.23584 0.048165 0.0732422 0.0304413
0 0.578631 0.167725 0.0702949 0.134766 0.0299225
0 0.783658 0.401245 0.0624844 0.0646973 0.0297546
0 0.363516 0.39563 0.0833125 0.0700684 0.0293121
0 0.44455 0.273193 0.0351475 0.0483398 0.0277405
0 0.805788 0.416016 0.0650879 0.0761719 0.0270081
0 0.336179 0.625977 0.104792 0.130859 0.0217438
0 0.980224 0.333496 0.0390527 0.0976562 0.0207214
0 0.0567892 0.571289 0.10707 0.126953 0.0185089
0 0.318605 0.634766 0.0533721 0.0859375 0.0182953
0 0.257179 0.127197 0.071434 0.0991211 0.0178528
0 0.0467819 0.590332 0.0860787 0.0859375 0.0156708
0 0.672358 0.159668 0.0572773 0.0537109 0.0153046
0 0.477094 0.182373 0.0637861 0.0927734 0.0145035
0 0.719872 0.454102 0.0546738 0.0859375 0.0142822
0 0.322836 0.186523 0.0520703 0.112305 0.0134277
0 0.646974 0.149658 0.0520703 0.0805664 0.0133286
0 0.585791 0.166504 0.0937266 0.163574 0.0129242
0 0.365143 0.374023 0.0885195 0.0898438 0.0112915
0 0.504431 0.224854 0.0689932 0.145996 0.0106506
0 0.632654 0.208008 0.0598809 0.0878906 0.0105667
0 0.356356 0.623535 0.130176 0.165039 0.01017
0 0.975017 0.455078 0.0364492 0.0683594 0.00967407
0 0.974366 0.418945 0.0416563 0.0800781 0.00959778
0 0.709458 0.255127 0.0598809 0.101074 0.00941467
0 0.181433 0.278809 0.0579282 0.0849609 0.00912476
0 0.601412 0.412109 0.0546738 0.0566406 0.00888062
0 0.405498 0.474609 0.810995 0.949219 0.00888062
0 0.371571 0.495117 0.243591 0.355469 0.59375
0 0.393456 0.972656 0.0468633 0.0546875 0.362061
0 0.0854279 0.609375 0.0595554 0.0761719 0.228882
0 0.0797327 0.598633 0.0745256 0.103516 0.223389
0 0.319907 0.220703 0.0410054 0.0449219 0.206299
0 0.75502 0.424683 0.292896 0.465088 0.203735
0 0.438692 0.597168 0.0742002 0.102539 0.122131
0 0.30754 0.969727 0.048165 0.0605469 0.119995
0 0.372954 0.540039 0.206979 0.3125 0.118408
0 0.385971 0.231445 0.0390527 0.0458984 0.102661
0 0.79993 0.480957 0.186151 0.241211 0.0786133
0 0.652181 0.60791 0.0442598 0.0585938 0.0692749
0 0.527212 0.296875 0.0455615 0.0527344 0.0675659
0 0.58514 0.164001 0.169229 0.172974 0.0648804
0 0.322185 0.167969 0.0397036 0.046875 0.0634766
0 0.439018 0.27124 0.0240825 0.0380859 0.0611877
0 0.840936 0.517578 0.0937266 0.15625 0.0516663
0 0.697091 0.367188 0.141892 0.206055 0.0507202
0 0.507686 0.419922 0.048165 0.0664062 0.0463867
0 0.659991 0.41748 0.075502 0.0859375 0.044342
0 0.141078 0.853516 0.261328 0.279297 0.0440063
0 0.35538 0.581543 0.185501 0.178711 0.0420837
0 0.152631 0.328613 0.0331948 0.0507812 0.0406799
0 0.562685 0.203674 0.123016 0.22644 0.0397949
0 0.804486 0.507812 0.167927 0.175781 0.0383301
0 0.0672033 0.558594 0.112277 0.162109 0.0366211
0 0.7036 0.4198 0.144495 0.123291 0.0365601
0 0.56301 0.67041 0.0403545 0.0527344 0.036438
0 0.63721 0.154785 0.0833125 0.111328 0.0325928
0 0.525259 0.203857 0.0735493 0.163574 0.0322266
0 0.715967 0.335693 0.19266 0.265137 0.0288086
0 0.757623 0.467285 0.247334 0.344727 0.0276947
0 0.474816 0.204346 0.0390527 0.0556641 0.0273285
0 0.171018 0.872803 0.342037 0.254395 0.0265503
0 0.480349 0.187012 0.0657388 0.0952148 0.0259552
0 0.263036 0.150146 0.0297777 0.0351562 0.0259094
0 0.216905 0.220215 0.0335203 0.0341797 0.0255585
0 0.159303 0.306152 0.0400291 0.0595703 0.0231476
0 0.589696 0.211182 0.264257 0.311523 0.0226288
0 0.787564 0.493286 0.37751 0.497803 0.0225067
0 0.352776 0.405396 0.0676914 0.0661621 0.0224609
0 0.948331 0.571289 0.0898213 0.144531 0.0222015
0 0.0924248 0.515625 0.164021 0.259766 0.0221558
0 0.555851 0.168701 0.191358 0.19873 0.021698
0 0.126108 0.813965 0.252216 0.37207 0.0208435
0 0.179968 0.289551 0.0331948 0.0458984 0.0195618
0 0.723777 0.43457 0.406148 0.541016 0.018692
0 0.779753 0.461914 0.231713 0.285156 0.0174408
0 0.354729 0.105469 0.0260352 0.0395508 0.0164642
0 0.215115 0.672363 0.0514194 0.0615234 0.0162811
0 0.451059 0.588867 0.0546738 0.0703125 0.380371
0 0.394433 0.97168 0.0520703 0.0566406 0.368408
0 0.842237 0.538086 0.0728984 0.100586 0.266602
0 0.515822 0.29126 0.0403545 0.0620117 0.218018
0 0.0851024 0.606934 0.0523958 0.0820312 0.176147
0 0.315676 0.224609 0.0364492 0.0439453 0.124634
0 0.437716 0.276855 0.0279878 0.0400391 0.115967
0 0.643068 0.419922 0.0520703 0.0703125 0.0661011
0 0.508987 0.411133 0.0449106 0.0634766 0.0623169
0 0.312096 0.955078 0.0533721 0.0820312 0.0592041
0 0.384669 0.225586 0.0351475 0.0449219 0.0544128
0 0.839634 0.506836 0.0833125 0.150391 0.0486755
0 0.719221 0.467773 0.0390527 0.0722656 0.0472412
0 0.320883 0.163574 0.0364492 0.0419922 0.0423279
0 0.700346 0.231201 0.0468633 0.0522461 0.0413818
0 0.719872 0.240234 0.0468633 0.0664062 0.0403748
0 0.720523 0.266113 0.0468633 0.0732422 0.0381775
0 0.155723 0.337402 0.0445852 0.0556641 0.0350037
0 0.643068 0.168457 0.0442598 0.0576172 0.0296478
0 0.218044 0.222656 0.0338457 0.0478516 0.0261993
0 0.0556501 0.588379 0.0999099 0.112305 0.0213623
0 0.35538 0.415039 0.0501177 0.0615234 0.0211639
0 0.237245 0.164062 0.0384019 0.0488281 0.0196838
0 0.781706 0.405151 0.0676914 0.0686035 0.019165
0 0.445852 0.233887 0.0331948 0.0473633 0.0174408
0 0.561058 0.219727 0.0292896 0.0400391 0.0166626
0 0.331948 0.611816 0.0611826 0.0927734 0.0162811
0 0.176388 0.289307 0.0403545 0.0600586 0.0153656
0 0.353427 0.225586 0.0208281 0.046875 0.0137405
0 0.653482 0.600586 0.0390527 0.0478516 0.013588
0 0.564963 0.156494 0.042958 0.0585938 0.01297
0 0.156862 0.46875 0.0637861 0.0742188 0.0123367
0 0.262223 0.155273 0.0314049 0.0366211 0.0119629
0 0.0830684 0.621094 0.060369 0.0898438 0.0119629
0 0.313724 0.939453 0.0598809 0.0898438 0.011734
0 0.680169 0.452148 0.0637861 0.0800781 0.0115967
0 0.721825 0.407227 0.042958 0.0585938 0.0110321
0 0.0608572 0.549316 0.10349 0.166016 0.0107346
0 0.760877 0.602051 0.0520703 0.0791016 0.0104904
0 0.0218044 0.399536 0.0354729 0.0622559 0.0104523
0 0.672358 0.423828 0.0872178 0.0742188 0.01017
0 0.840936 0.538086 0.0885195 0.142578 0.0101318
0 0.0562197 0.337158 0.0362865 0.0478516 0.00993347
0 0.198518 0.229248 0.0410054 0.0488281 0.00981903
0 0.32609 0.625977 0.0702949 0.103516 0.00955963
0 0.519401 0.246582 0.0449106 0.0800781 0.00926971
0 0.173459 0.458984 0.064437 0.0898438 0.00912476
0 0.906024 0.489258 0.0572773 0.0859375 0.00812531
0 0.081848 0.568359 0.0803835 0.140625 0.00740433
0 0.359936 0.962891 0.132779 0.0742188 0.00714874
0 0.394433 0.970703 0.042958 0.0585938 0.49707
0 0.852651 0.543457 0.0637861 0.0820312 0.346924
0 0.315676 0.953125 0.0507686 0.0820312 0.320801
0 0.0862415 0.608398 0.0527212 0.0791016 0.203125
0 0.385971 0.220947 0.0364492 0.050293 0.187744
0 0.514194 0.417969 0.042958 0.0585938 0.149048
0 0.446503 0.583984 0.0442598 0.0625 0.0823975
0 0.354078 0.410156 0.0416563 0.0546875 0.0820923
0 0.840936 0.534668 0.0781055 0.0898438 0.0715942
0 0.439343 0.27002 0.0286387 0.0429688 0.062561
0 0.844841 0.513672 0.0728984 0.130859 0.0562439
0 0.514194 0.291748 0.0364492 0.0595703 0.0453491
0 0.313073 0.941406 0.0546738 0.0898438 0.0448608
0 0.483929 0.170898 0.0351475 0.046875 0.044342
0 0.564312 0.217529 0.0273369 0.034668 0.044342
0 0.157838 0.337646 0.0357983 0.0458984 0.0431213
0 0.804486 0.416992 0.0390527 0.0527344 0.0407715
0 0.317629 0.21582 0.0299404 0.0390625 0.0397949
0 0.063298 0.558105 0.0865669 0.118164 0.0379639
0 0.481325 0.209473 0.0188755 0.0380859 0.0358276
0 0.680819 0.425781 0.075502 0.0878906 0.033844
0 0.175737 0.337402 0.0344966 0.0517578 0.033783
0 0.697742 0.227539 0.0364492 0.0478516 0.0324707
0 0.322511 0.162109 0.0344966 0.0498047 0.0320435
0 0.687328 0.439941 0.0676914 0.0830078 0.0319824
0 0.71857 0.461426 0.0390527 0.0634766 0.0299835
0 0.381741 0.51123 0.0364492 0.0517578 0.0278015
0 0.266535 0.150879 0.026686 0.0410156 0.0271759
0 0.368397 0.219238 0.0344966 0.046875 0.0265503
0 0.0527212 0.541992 0.0878687 0.138672 0.0254211
0 0.235293 0.159912 0.0279878 0.0380859 0.025177
0 0.194287 0.225586 0.0286387 0.0429688 0.0230255
0 0.055162 0.580078 0.0934011 0.101562 0.0228424
0 0.64437 0.159912 0.0351475 0.0537109 0.0210876
0 0.655435 0.413086 0.0585791 0.0703125 0.0201416
0 0.220973 0.21582 0.026686 0.03125 0.0199432
0 0.177853 0.287598 0.0312422 0.0507812 0.0199127
0 0.447154 0.231201 0.0338457 0.0541992 0.0183411
0 0.97762 0.341309 0.0390527 0.0742188 0.0178528
0 0.216743 0.666504 0.0416563 0.0507812 0.0166626
0 0.0559756 0.333008 0.0380764 0.0488281 0.0146179
0 0.07957 0.573242 0.0722476 0.126953 0.0142822
0 0.343664 0.955078 0.104141 0.0820312 0.0142822
0 0.830522 0.476562 0.080709 0.105469 0.0136871
0 0.0549179 0.887695 0.0704576 0.130859 0.0131683
0 0.0194857 0.356934 0.0389714 0.702148 0.0130234
0 0.283458 0.949219 0.0683423 0.0859375 0.0126724
0 0.975017 0.295166 0.0416563 0.0610352 0.0115051
0 0.160767 0.293945 0.0397036 0.0566406 0.0107803
0 0.516147 0.220703 0.0247334 0.0380859 0.0107346
0 0.386948 0.225586 0.0318931 0.0429688 0.143677
0 0.842237 0.541016 0.0598809 0.0859375 0.0775146
0 0.396711 0.974609 0.0364492 0.0488281 0.0715942
0 0.691233 0.224609 0.0312422 0.0400391 0.0574951
0 0.479047 0.208984 0.0260352 0.0371094 0.0318604
0 0.356356 0.222168 0.026686 0.0400391 0.02948
0 0.48523 0.169922 0.0318931 0.0429688 0.0288086
0 0.262955 0.153809 0.0299404 0.0351562 0.0280151
0 0.449757 0.594727 0.0390527 0.0585938 0.0258636
0 0.510289 0.422852 0.0403545 0.0527344 0.0189362
0 0.219346 0.220215 0.0318931 0.0322266 0.0177765
0 0.0637861 0.591309 0.108046 0.123047 0.0170441
0 0.212837 0.671387 0.0471887 0.0605469 0.0165253
0 0.79993 0.417969 0.0403545 0.0488281 0.0146179
0 0.447154 0.227051 0.0338457 0.0429688 0.014061
0 0.648275 0.158691 0.0260352 0.0351562 0.0137939
0 0.0796513 0.602539 0.0750138 0.101562 0.0133743
0 0.312422 0.964844 0.0357983 0.0625 0.0127258
0 0.56301 0.215332 0.0247334 0.03125 0.0123825
0 0.954839 0.405273 0.0468633 0.0546875 0.0123367
0 0.322836 0.158691 0.0312422 0.0380859 0.0104523
0 0.968508 0.418945 0.0520703 0.09375 0.0102081
0 0.0506058 0.581055 0.0966555 0.118164 0.00981903
0 0.606619 0.22168 0.0260352 0.0341797 0.00933838
0 0.923597 0.486816 0.0546738 0.078125 0.00874329
0 0.235944 0.155762 0.0253843 0.0341797 0.0086441
0 0.0599622 0.561523 0.11667 0.171875 0.00831604
0 0.358634 0.41748 0.042958 0.0488281 0.00787354
0 0.443249 0.276123 0.0312422 0.0410156 0.0069313
0 0.151004 0.291504 0.0344966 0.0517578 0.00679779
0 0.386948 0.519531 0.0572773 0.0722656 0.00666809
0 0.31828 0.218994 0.0286387 0.034668 0.00624084
0 0.645672 0.219238 0.0286387 0.03125 0.00619125
0 0.522005 0.29834 0.0364492 0.0566406 0.00572968
0 0.200145 0.221191 0.0344966 0.0356445 0.00559998
0 0.92555 0.509277 0.0546738 0.0712891 0.00481033
0 0.360587 0.966797 0.113253 0.0664062 0.00471878
0 0.972413 0.447754 0.0494668 0.108398 0.00441742
0 0.605968 0.155273 0.0247334 0.03125 0.00428009
0 0.974491 0.35791 0.0510186 0.150391 0.00424957
0 0.517123 0.157715 0.0234316 0.0302734 0.00418091
0 0.900166 0.337891 0.0416563 0.0615234 0.00407028
0 0.565614 0.155029 0.0247334 0.0302734 0.00400543
0 0.316002 0.407227 0.0462124 0.0390625 0.00382423
0 0.105768 0.28125 0.0315676 0.0380859 0.0037365
0 0.143193 0.22168 0.0331948 0.0371094 0.0036068
0 0.913183 0.508789 0.0494668 0.0800781 0.00351143
0 0.179643 0.287842 0.0338457 0.0444336 0.00318527
0 0.842237 0.506348 0.0702949 0.114258 0.00309944
0 0.0699695 0.547852 0.129525 0.224609 0.00300407
0 0.391504 0.222656 0.026686 0.0400391 0.325195
0 0.692535 0.220703 0.0260352 0.0371094 0.205566
0 0.482301 0.210938 0.0201772 0.0341797 0.124207
0 0.721825 0.464844 0.0351475 0.0546875 0.104126
0 0.486207 0.16748 0.0279878 0.0332031 0.0859985
0 0.363516 0.408691 0.0423071 0.046875 0.0836182
0 0.522005 0.289307 0.0364492 0.0571289 0.0827026
0 0.447154 0.226562 0.0286387 0.0400391 0.0806274
0 0.397687 0.967773 0.0403545 0.0507812 0.0678101
0 0.270766 0.158447 0.0195264 0.0268555 0.0568542
0 0.564963 0.221191 0.0195264 0.0322266 0.055603
0 0.199169 0.220459 0.0286387 0.0332031 0.0512695
0 0.226506 0.219238 0.0188755 0.0302734 0.0469055
0 0.322836 0.157959 0.0273369 0.0283203 0.0440063
0 0.914485 0.483398 0.042958 0.0527344 0.0437012
0 0.359285 0.220947 0.021479 0.0375977 0.0429688
0 0.687328 0.448242 0.0546738 0.0625 0.0417786
0 0.51094 0.410156 0.0364492 0.046875 0.0395508
0 0.613128 0.222168 0.0260352 0.0366211 0.0318604
0 0.157513 0.331543 0.0315676 0.046875 0.0272217
0 0.648275 0.157227 0.0208281 0.0288086 0.0223236
0 0.451059 0.577148 0.037751 0.0527344 0.0190887
0 0.446503 0.268799 0.0299404 0.0454102 0.018692
0 0.146285 0.222412 0.0156211 0.0253906 0.0184784
0 0.822711 0.526367 0.0364492 0.0527344 0.0173035
0 0.687979 0.0020752 0.502479 0.00415039 0.0154266
0 0.919041 0.491211 0.0455615 0.0625 0.0148392
0 0.565939 0.152832 0.0221299 0.0302734 0.0141754
0 0.921645 0.506836 0.0442598 0.0566406 0.0128708
0 0.318605 0.220947 0.0227808 0.0336914 0.0119629
0 0.311771 0.957031 0.0442598 0.0625 0.0113297
0 0.547389 0.000183105 0.538928 0.000366211 0.0112457
0 0.158164 0.297852 0.0338457 0.0498047 0.0104904
0 0.44813 0 0.481 0 0.00926971
0 0.0660642 0.603516 0.0881941 0.0878906 0.00919342
0 0.641767 0.22168 0.0208281 0.0292969 0.00905609
0 0.232038 0.159668 0.0143193 0.0224609 0.00878143
0 0.806439 0.412109 0.0273369 0.0419922 0.00800323
0 0.85135 0.544922 0.0598809 0.0703125 0.00728989
0 0.643719 0.411133 0.0286387 0.0507812 0.00717545
0 0.976318 0.446289 0.0364492 0.0546875 0.00717545
0 0.786712 0.00195312 0.426576 0.00390625 0.00609589
0 0.49597 0.40918 0.0416563 0.0410156 0.00570679
0 0.52233 0.156738 0.0143193 0.0244141 0.00557709
0 0.0584164 0.578613 0.101863 0.112305 0.00488663
0 0.744443 0 0.463751 0 0.00484848
0 0.0273369 0.287354 0.0250588 0.0375977 0.00460815
0 0.96981 0.425293 0.0520703 0.0742188 0.00453949
0 0.0613453 0.335938 0.0234316 0.0341797 0.00450516
0 0.213 0.674316 0.0475142 0.0566406 0.00419998
0 0.389226 0.22168 0.0260352 0.0322266 0.1427
0 0.356682 0.40332 0.0533721 0.0527344 0.10968
0 0.395734 0.974609 0.0364492 0.0429688 0.102661
0 0.477745 0.2146 0.0247334 0.0317383 0.0570679
0 0.0610199 0.59082 0.106744 0.113281 0.0448608
0 0.518425 0.292236 0.0351475 0.050293 0.0433655
0 0.682121 0.439453 0.0676914 0.0820312 0.0376892
0 0.482952 0.168701 0.0299404 0.034668 0.0357361
0 0.268813 0.158203 0.0227808 0.0234375 0.0345459
0 0.44455 0.270264 0.0312422 0.0424805 0.0298157
0 0.689281 0.224854 0.0247334 0.0292969 0.0280151
0 0.559105 0.220215 0.0234316 0.0273438 0.0274811
0 0.0566265 0.563477 0.105442 0.140625 0.0246124
0 0.443899 0.229004 0.0247334 0.0341797 0.0218658
0 0.32609 0.396973 0.0820107 0.0556641 0.0193024
0 0.199494 0.221191 0.0318931 0.0263672 0.0181885
0 0.310144 0.960938 0.0410054 0.0625 0.0168457
0 0.219021 0.216797 0.0273369 0.0273438 0.0164032
0 0.352125 0.217529 0.0169229 0.0263672 0.0164032
0 0.514194 0.410156 0.0403545 0.0488281 0.0146179
0 0.320558 0.161377 0.0273369 0.0244141 0.0145035
0 0.316978 0.217773 0.0221299 0.0253906 0.0112457
0 0.724428 0.461914 0.0325439 0.0664062 0.0104904
0 0.91058 0.483398 0.048165 0.0537109 0.0103683
0 0.803185 0.411133 0.0364492 0.0390625 0.00967407
0 0.0285573 0.29248 0.0309168 0.0405273 0.00787354
0 0.607921 0.222168 0.0208281 0.0263672 0.00709534
0 0.775848 0.397461 0.0468633 0.0429688 0.00634003
0 0.215604 0.666992 0.0488159 0.0507812 0.00629044
0 0.212512 0.922852 0.425024 0.154297 0.00582123
0 0.225367 0.163818 0.0211536 0.0268555 0.00521851
0 0.840936 0.536133 0.080709 0.115234 0.00521851
0 0.64437 0.163574 0.0234316 0.0332031 0.00502014
0 0.693837 0.27832 0.0286387 0.0371094 0.00482941
0 0.452361 0.578125 0.0520703 0.0683594 0.00471878
0 0.975017 0.295898 0.0390527 0.0751953 0.00462723
0 0.975017 0.420898 0.0416563 0.0644531 0.00462723
0 0.730286 0.40625 0.0364492 0.0546875 0.00431442
0 0.639163 0.217041 0.0208281 0.0234375 0.00419998
0 0.673009 0.424805 0.075502 0.0908203 0.00403976
0 0.833125 0.519043 0.0937266 0.148438 0.00378036
0 0.561709 0.15625 0.0247334 0.0297852 0.0037365
0 0.348871 0.96582 0.11846 0.0566406 0.00367928
0 0.0541857 0.897461 0.07778 0.177734 0.00336266
0 0.274671 0.928711 0.549342 0.142578 0.00335121
0 0.0582537 0.286133 0.0320558 0.0327148 0.00329781
0 0.72573 0.27002 0.0286387 0.0458984 0.00317192
0 0.272393 0.942383 0.0937266 0.103516 0.003088
0 0.980875 0.454102 0.0312422 0.0507812 0.00299263
0 0.975017 0.354004 0.0468633 0.118164 0.00298119
0 0.394433 0.966797 0.0442598 0.0585938 0.320068
0 0.842237 0.530762 0.080709 0.108398 0.193115
0 0.516798 0.288574 0.037751 0.0551758 0.158203
0 0.0694813 0.600098 0.088845 0.0996094 0.143677
0 0.0785936 0.607422 0.0709458 0.0859375 0.141235
0 0.309168 0.951172 0.048165 0.0800781 0.135742
0 0.389876 0.217285 0.0260352 0.0332031 0.108215
0 0.44455 0.269043 0.0338457 0.0463867 0.0827026
0 0.266128 0.941406 0.132942 0.109375 0.0809326
0 0.67366 0.431641 0.0689932 0.0820312 0.0718384
0 0.658689 0.42334 0.0572773 0.0791016 0.0713501
0 0.724428 0.474609 0.0403545 0.0703125 0.0698242
0 0.243754 0.935547 0.169879 0.119141 0.0678101
0 0.952887 0.399902 0.0416563 0.0537109 0.0528259
0 0.356682 0.404297 0.0468633 0.0517578 0.0465393
0 0.0556501 0.581055 0.100235 0.0957031 0.0435181
0 0.307866 0.941406 0.0605317 0.101562 0.0394287
0 0.223577 0.930664 0.229109 0.128906 0.0378113
0 0.198193 0.214844 0.0299404 0.0332031 0.0344849
0 0.855906 0.355469 0.037751 0.0517578 0.0333862
0 0.511916 0.405273 0.037751 0.0488281 0.0320435
0 0.448456 0.220459 0.0312422 0.0327148 0.0318604
0 0.692535 0.225098 0.0234316 0.0341797 0.0290833
0 0.359936 0.2146 0.0208281 0.0336914 0.0288086
0 0.901467 0.333252 0.0299404 0.046875 0.0263062
0 0.476443 0.210449 0.0201772 0.0292969 0.0254669
0 0.972413 0.420898 0.0520703 0.0742188 0.0249329
0 0.976318 0.450195 0.0416563 0.0585938 0.0215759
0 0.484254 0.165527 0.0273369 0.0322266 0.0209656
0 0.560407 0.217285 0.0227808 0.0288086 0.0209198
0 0.220323 0.210449 0.0273369 0.03125 0.0208435
0 0.32186 0.155762 0.026686 0.0244141 0.0202484
0 0.975793 0.349609 0.048415 0.0771484 0.0191956
0 0.922295 0.507812 0.0442598 0.0625 0.0188293
0 0.764132 0.613281 0.0494668 0.0664062 0.0186157
0 0.311446 0.213623 0.0247334 0.027832 0.0171814
0 0.0532907 0.562012 0.089984 0.131836 0.0159607
0 0.0780241 0.620117 0.0665524 0.078125 0.0146179
0 0.839634 0.504883 0.080709 0.149414 0.0142822
0 0.449106 0.577148 0.048165 0.0664062 0.0136337
0 0.648275 0.162109 0.0260352 0.0332031 0.0132217
0 0.268813 0.155273 0.0208281 0.0244141 0.0130692
0 0.229272 0.164062 0.0195264 0.0292969 0.0129242
0 0.913834 0.483398 0.0494668 0.0683594 0.0126266
0 0.183873 0.929932 0.227157 0.120605 0.0118713
0 0.357333 0.955078 0.130176 0.0859375 0.0118256
0 0.722476 0.228516 0.0312422 0.0390625 0.0117798
0 0.693186 0.270996 0.0325439 0.0478516 0.0113297
0 0.92555 0.486328 0.0546738 0.0742188 0.0107346
0 0.482627 0.278809 0.0201772 0.0458984 0.01017
0 0.516798 0.289062 0.0390527 0.0537109 0.346924
0 0.214465 0.67334 0.0475142 0.0527344 0.228149
0 0.388575 0.221436 0.0312422 0.0400391 0.196167
0 0.920343 0.511719 0.0416563 0.0488281 0.151001
0 0.39248 0.97168 0.0475142 0.0566406 0.133911
0 0.450734 0.579102 0.0494668 0.0566406 0.0997925
0 0.844841 0.54248 0.0846143 0.102539 0.0841675
0 0.675612 0.431152 0.0728984 0.0849609 0.0639648
0 0.0648438 0.599609 0.106581 0.111328 0.0637207
0 0.0764783 0.609375 0.0800581 0.0947266 0.0623169
0 0.216743 0.216064 0.0325439 0.0292969 0.0618896
0 0.442272 0.26709 0.0331948 0.043457 0.0566406
0 0.268813 0.158203 0.0221299 0.0234375 0.0406189
0 0.349522 0.217285 0.021479 0.0371094 0.0392761
0 0.444876 0.230957 0.0292896 0.0449219 0.036499
0 0.945727 0.401367 0.0325439 0.0390625 0.0340271
0 0.481 0.213623 0.0221299 0.0288086 0.0330811
0 0.980224 0.351074 0.0390527 0.0732422 0.0320435
0 0.0595554 0.580078 0.104141 0.109375 0.0315552
0 0.976969 0.459473 0.0325439 0.0419922 0.0287018
0 0.353753 0.407227 0.0611826 0.0527344 0.0263062
0 0.0567078 0.554688 0.0977946 0.144531 0.0204468
0 0.48523 0.171631 0.0292896 0.0415039 0.0202942
0 0.913834 0.509766 0.0442598 0.0693359 0.0197144
0 0.265884 0.599609 0.0390527 0.0527344 0.0191956
0 0.917739 0.498047 0.0520703 0.0703125 0.0187683
0 0.721174 0.475098 0.0390527 0.0693359 0.0183411
0 0.976969 0.302246 0.037751 0.0712891 0.016922
0 0.939869 0.359619 0.0338457 0.0532227 0.0162811
0 0.224716 0.907227 0.410379 0.185547 0.0157776
0 0.973064 0.419922 0.0442598 0.0664062 0.0151901
0 0.323487 0.163574 0.0299404 0.0302734 0.0142822
0 0.315025 0.21582 0.0286387 0.0332031 0.0141144
0 0.0616708 0.564453 0.113578 0.180664 0.014061
0 0.723777 0.263672 0.0403545 0.0576172 0.0137405
0 0.898213 0.341309 0.0234316 0.0332031 0.0136871
0 0.309818 0.953125 0.048165 0.0742188 0.0134811
0 0.695139 0.227783 0.0312422 0.0380859 0.0122375
0 0.210885 0.669922 0.05923 0.0625 0.0115967
0 0.201772 0.221924 0.0351475 0.0385742 0.0105667
0 0.0239198 0.291504 0.0250588 0.0380859 0.00844574
0 0.852001 0.357422 0.0286387 0.0429688 0.00800323
0 0.229109 0.869141 0.425675 0.253906 0.00800323
0 0.55878 0.221191 0.021479 0.0283203 0.00769424
0 0.69644 0.272461 0.0390527 0.046875 0.00751877
0 0.800581 0.416016 0.0390527 0.0488281 0.00701141
0 0.226831 0.938477 0.222601 0.121094 0.00669098
0 0.516147 0.247559 0.0384019 0.0791016 0.00661469
0 0.719872 0.23584 0.0364492 0.0527344 0.00614548
0 0.840936 0.518066 0.075502 0.129883 0.00612259
0 0.395734 0.969727 0.048165 0.0546875 0.115173
0 0.389226 0.223145 0.0325439 0.0458984 0.108948
0 0.443249 0.228027 0.0338457 0.0498047 0.0984497
0 0.476443 0.211182 0.0247334 0.0351562 0.0881958
0 0.641116 0.402344 0.0299404 0.0419922 0.062561
0 0.686026 0.22583 0.0260352 0.0419922 0.0327148
0 0.561709 0.223145 0.0260352 0.0390625 0.0287628
0 0.484254 0.175293 0.0312422 0.0449219 0.0284424
0 0.27044 0.156738 0.026686 0.0317383 0.0255585
0 0.320558 0.161621 0.0325439 0.0371094 0.019165
0 0.16695 0.903809 0.333901 0.192383 0.016983
0 0.517449 0.164795 0.0247334 0.0375977 0.0142822
0 0.723777 0.233398 0.0299404 0.0498047 0.011467
0 0.519401 0.283203 0.037751 0.0517578 0.0104904
0 0.214139 0.675781 0.0455615 0.0566406 0.0103302
0 0.981525 0.456055 0.0325439 0.0410156 0.00963593
0 0.347244 0.21582 0.0260352 0.0429688 0.00923157
0 0.976318 0.283691 0.0338457 0.0415039 0.00905609
0 0.168903 0.793945 0.337806 0.412109 0.00905609
0 0.356682 0.401855 0.048165 0.046875 0.00894928
0 0.218695 0.208984 0.0312422 0.0341797 0.0088501
0 0.0591486 0.908203 0.0893331 0.171875 0.00871277
0 0.0502804 0.578125 0.0849397 0.09375 0.0085144
0 0.0660642 0.603027 0.0872178 0.0878906 0.00763702
0 0.658689 0.606445 0.0364492 0.046875 0.00760651
0 0.649577 0.164307 0.0286387 0.0351562 0.00748825
0 0.160604 0.914307 0.293221 0.159668 0.00734711
0 0.311771 0.935547 0.0442598 0.0742188 0.00712204
0 0.028476 0.291504 0.0325439 0.0478516 0.0064621
0 0.0808717 0.608398 0.0657388 0.0859375 0.00619125
0 0.564963 0.155762 0.0253843 0.0302734 0.00598145
0 0.0475142 0.558594 0.0810344 0.126953 0.00579834
0 0.559756 0.664062 0.0364492 0.0458984 0.00579834
0 0.267511 0.591309 0.037751 0.0429688 0.00577545
0 0.97762 0.424316 0.0364492 0.0566406 0.00572968
0 0.236106 0.939453 0.170205 0.107422 0.00572968
0 0.179968 0.645508 0.359936 0.707031 0.00559998
0 0.605968 0.218018 0.0273369 0.0375977 0.0055542
0 0.206329 0.93457 0.228459 0.128906 0.00548935
0 0.944425 0.40625 0.0312422 0.0371094 0.00542831
0 0.983278 0.351318 0.0334448 0.046875 0.00518036
0 0.449106 0.583984 0.037751 0.0429688 0.00475693
0 0.907976 0.481934 0.037751 0.0488281 0.00471878
0 0.0570333 0.570312 0.0997472 0.144531 0.00419998
0 0.180456 0.822754 0.360912 0.348633 0.00415039
0 0.316978 0.212646 0.0331948 0.0375977 0.00408554
0 0.226506 0.17334 0.0250588 0.0429688 0.00395966
0 0.442598 0.266113 0.0338457 0.0419922 0.00390053
0 0.808392 0.21582 0.0260352 0.0332031 0.0036068
0 0.51094 0.412598 0.037751 0.0517578 0.00349617
0 0.39606 0.96875 0.0436089 0.0585938 0.381104
0 0.391178 0.220215 0.0260352 0.0429688 0.0903931
0 0.481 0.214844 0.0260352 0.0361328 0.0747681
0 0.684725 0.218994 0.0247334 0.0395508 0.0678101
0 0.85135 0.551758 0.0650879 0.078125 0.0651245
0 0.0297777 0.289551 0.0312422 0.046875 0.0646362
0 0.441296 0.264648 0.0318931 0.0458984 0.0603027
0 0.349522 0.216797 0.0247334 0.0410156 0.0545959
0 0.646323 0.404297 0.0312422 0.0507812 0.0518494
0 0.312422 0.951172 0.042958 0.0742188 0.0512695
0 0.441296 0.232422 0.0338457 0.050293 0.0418396
0 0.198355 0.217773 0.0309168 0.0400391 0.0371094
0 0.311771 0.933594 0.042958 0.078125 0.0366211
0 0.674311 0.445312 0.0468633 0.0644531 0.0348816
0 0.520703 0.291504 0.0397036 0.0585938 0.0337219
0 0.561383 0.221191 0.0247334 0.0361328 0.0309143
0 0.052233 0.854492 0.0463751 0.0546875 0.0289307
0 0.828569 0.533203 0.048165 0.0722656 0.0249939
0 0.247985 0.942383 0.117158 0.0996094 0.0246582
0 0.22195 0.9375 0.149702 0.117188 0.0238647
0 0.484905 0.17334 0.0312422 0.0449219 0.0227966
0 0.447154 0.58252 0.037751 0.0546875 0.0219879
0 0.0728984 0.603516 0.0722476 0.0878906 0.0214539
0 0.321209 0.161133 0.0286387 0.0351562 0.0203705
0 0.0376696 0.582031 0.0561383 0.0800781 0.0192719
0 0.950934 0.404297 0.042958 0.0537109 0.0187683
0 0.691233 0.277588 0.0312422 0.0444336 0.0177155
0 0.218858 0.21582 0.029615 0.0332031 0.0174408
0 0.60727 0.224854 0.0273369 0.0415039 0.0160217
0 0.656737 0.603516 0.0338457 0.046875 0.0157776
0 0.967857 0.419922 0.0520703 0.0800781 0.0154266
0 0.674311 0.427734 0.0494668 0.0712891 0.0147324
0 0.268162 0.15918 0.0234316 0.0283203 0.0145569
0 0.0844515 0.610352 0.0543484 0.0820312 0.0140076
0 0.564963 0.666992 0.0318931 0.046875 0.0136337
0 0.719872 0.232666 0.0338457 0.0488281 0.0125275
0 0.356682 0.404785 0.0351475 0.0458984 0.0122375
0 0.977094 0.34375 0.0458115 0.0986328 0.0115967
0 0.979573 0.449219 0.0351475 0.0566406 0.0114212
0 0.214139 0.672852 0.0462124 0.0527344 0.0114212
0 0.975668 0.294922 0.0416563 0.0849609 0.0113297
0 0.821409 0.592773 0.0468633 0.0507812 0.0109863
0 0.024408 0.405762 0.024408 0.0410156 0.0102921
0 0.0628098 0.28125 0.0283132 0.0390625 0.00905609
0 0.268813 0.594238 0.0351475 0.0488281 0.00854492
0 0.359285 0.957031 0.0989336 0.0742188 0.00831604
0 0.841586 0.475586 0.0533721 0.0507812 0.00793457
0 0.029615 0.339844 0.0315676 0.0473633 0.00766754
0 0.385646 0.945312 0.0676914 0.101562 0.00717545
0 0.194125 0.931885 0.194938 0.124512 0.00706482
0 0.395084 0.964844 0.0507686 0.0664062 0.414795
0 0.482952 0.214355 0.0312422 0.0400391 0.0953369
0 0.520703 0.294434 0.042958 0.0620117 0.085083
0 0.312422 0.951172 0.0416563 0.0742188 0.0750122
0 0.443249 0.263672 0.0364492 0.046875 0.072876
0 0.44097 0.23291 0.0325439 0.0458984 0.0687866
0 0.847444 0.546875 0.0794072 0.0957031 0.0678101
0 0.349522 0.220703 0.0299404 0.0449219 0.0460205
0 0.656086 0.404419 0.0442598 0.0603027 0.0394897
0 0.39248 0.217773 0.0299404 0.0429688 0.0393372
0 0.675612 0.431641 0.0572773 0.0742188 0.0387573
0 0.195589 0.225586 0.0364492 0.0429688 0.0377502
0 0.215441 0.673828 0.0523958 0.0566406 0.036499
0 0.0844515 0.615234 0.0624844 0.0800781 0.036438
0 0.069644 0.603027 0.0917739 0.0917969 0.0362244
0 0.217068 0.212891 0.0325439 0.0332031 0.0348206
0 0.678867 0.441406 0.0546738 0.0693359 0.0346069
0 0.560407 0.22583 0.0273369 0.0395508 0.0333862
0 0.176714 0.280518 0.0397036 0.0522461 0.0331421
0 0.684725 0.221191 0.0234316 0.0336914 0.025177
0 0.0309168 0.287842 0.0335203 0.0458984 0.0246582
0 0.840936 0.535156 0.0781055 0.105469 0.0243835
0 0.313398 0.9375 0.0449106 0.0839844 0.0243378
0 0.35896 0.951172 0.112602 0.0703125 0.0241394
0 0.0528026 0.583984 0.0877059 0.0898438 0.0236053
0 0.0914485 0.62793 0.048165 0.0664062 0.0214081
0 0.384344 0.509277 0.0449106 0.0546875 0.0200653
0 0.607921 0.231445 0.0312422 0.0439453 0.0177765
0 0.315025 0.218262 0.0325439 0.0410156 0.0167847
0 0.51094 0.403809 0.0455615 0.0673828 0.0157776
0 0.358634 0.404419 0.0598809 0.0603027 0.013588
0 0.100886 0.279053 0.0331948 0.0424805 0.0127716
0 0.417213 0.960938 0.0846143 0.0546875 0.0122375
0 0.689932 0.274902 0.0286387 0.0390625 0.0120544
0 0.259701 0.939453 0.111951 0.101562 0.0106506
0 0.723777 0.232422 0.0312422 0.0439453 0.0104904
0 0.207142 0.666504 0.0533721 0.0556641 0.00985718
0 0.225204 0.93457 0.108046 0.123047 0.00941467
0 0.831823 0.578125 0.0676914 0.0595703 0.00898743
0 0.321534 0.159424 0.0292896 0.0253906 0.00891876
0 0.0654133 0.283447 0.0410054 0.043457 0.00871277
0 0.639163 0.218994 0.0260352 0.0297852 0.00803375
0 0.0325439 0.338379 0.0387273 0.0473633 0.00760651
0 0.385971 0.944336 0.0768037 0.0976562 0.00760651
0 0.0541857 0.336914 0.0406799 0.043457 0.00728989
0 0.978922 0.283203 0.0390527 0.0522461 0.00717545
0 0.562359 0.666016 0.048165 0.0507812 0.00717545
0 0.222275 0.936523 0.141241 0.109375 0.00706482
0 0.153607 0.285645 0.0390527 0.046875 0.00664139
0 0.513543 0.222656 0.0312422 0.0371094 0.00651169
0 0.39606 0.969727 0.042958 0.0527344 0.486328
0 0.479047 0.20752 0.0286387 0.0419922 0.117981
0 0.389876 0.214355 0.0299404 0.0410156 0.0907593
0 0.445201 0.224854 0.0325439 0.0400391 0.0469055
0 0.562359 0.218262 0.0286387 0.0400391 0.0438538
0 0.312747 0.926758 0.0397036 0.0664062 0.0413818
0 0.311446 0.946289 0.037751 0.0742188 0.0390625
0 0.32186 0.164551 0.0292896 0.0341797 0.0336609
0 0.200471 0.214844 0.0338457 0.0371094 0.0320435
0 0.0291268 0.286133 0.030754 0.0458984 0.0287018
0 0.486532 0.172363 0.0305913 0.0419922 0.0259094
0 0.245381 0.9375 0.137986 0.109375 0.0258026
0 0.214465 0.207031 0.0341711 0.0366211 0.0226288
0 0.347569 0.21167 0.0286387 0.043457 0.0219879
0 0.684725 0.220459 0.0260352 0.0371094 0.0216217
0 0.228947 0.933838 0.126596 0.128418 0.0216217
0 0.445201 0.262207 0.0364492 0.0478516 0.0174408
0 0.97762 0.289795 0.0390527 0.065918 0.0174408
0 0.265559 0.15332 0.0260352 0.0302734 0.0161591
0 0.607921 0.21875 0.0325439 0.0415039 0.0147858
0 0.649577 0.169678 0.0286387 0.0439453 0.0147324
0 0.978922 0.335938 0.0390527 0.0820312 0.0142288
0 0.323161 0.205078 0.0364492 0.0419922 0.0136337
0 0.521354 0.284668 0.042958 0.0634766 0.0136337
0 0.560407 0.156006 0.0221299 0.0307617 0.0129242
0 0.0647625 0.602539 0.0960046 0.0996094 0.0124283
0 0.050199 0.587402 0.0798954 0.0800781 0.0113754
0 0.68147 0.446777 0.0468633 0.0605469 0.0104904
0 0.224553 0.929688 0.183548 0.126953 0.00831604
0 0.723777 0.228516 0.0273369 0.0390625 0.00653839
0 0.0584164 0.279297 0.0403545 0.0419922 0.00638962
0 0.225855 0.171387 0.0240825 0.0415039 0.00530243
0 0.214465 0.669922 0.0488159 0.0527344 0.0050621
0 0.419491 0.96582 0.0781055 0.046875 0.00496292
0 0.639163 0.208496 0.0273369 0.0351562 0.0049057
0 0.0771292 0.612793 0.0751765 0.0869141 0.0049057
0 0.648926 0.410156 0.0364492 0.0478516 0.00479126
0 0.975017 0.417969 0.0442598 0.0742188 0.00426483
0 0.085916 0.627441 0.0569519 0.0732422 0.00416565
0 0.394107 0.941406 0.0585791 0.0957031 0.00413513
0 0.722476 0.470215 0.0312422 0.0556641 0.00408554
0 0.515822 0.216064 0.0292896 0.0380859 0.00403976
0 0.678216 0.430664 0.0468633 0.0703125 0.00376511
0 0.850048 0.544922 0.0702949 0.0859375 0.00337601
0 0.36319 0.955078 0.101537 0.0625 0.00311089
0 0.691233 0.271729 0.0299404 0.0429688 0.00291252
0 0.830522 0.529297 0.0624844 0.0791016 0.00287819
0 0.904722 0.327148 0.0351475 0.0498047 0.00283432
0 0.348871 0.923828 0.0924248 0.0742188 0.00274658
0 0.981525 0.451172 0.0286387 0.0507812 0.00273705
0 0.393131 0.967773 0.0455615 0.0546875 0.513672
0 0.519401 0.283203 0.042958 0.0673828 0.108582
0 0.437716 0.223145 0.026686 0.0332031 0.083313
0 0.310469 0.951172 0.0390527 0.0644531 0.0587769
0 0.196728 0.216064 0.029615 0.0366211 0.0477905
0 0.388249 0.212891 0.0279878 0.0380859 0.0423889
0 0.479698 0.207275 0.0247334 0.0375977 0.0420837
0 0.557152 0.216797 0.0247334 0.0361328 0.03302
0 0.311771 0.929688 0.0403545 0.0664062 0.028656
0 0.0242452 0.287598 0.0276624 0.0439453 0.0231934
0 0.347895 0.209961 0.0253843 0.0400391 0.02211
0 0.0885195 0.62793 0.0494668 0.0683594 0.0204163
0 0.21479 0.209473 0.0325439 0.0322266 0.0193481
0 0.686026 0.22168 0.0208281 0.0371094 0.0190887
0 0.719872 0.231201 0.0286387 0.0415039 0.0181885
0 0.0858753 0.616211 0.0567078 0.0800781 0.0160217
0 0.0750952 0.606445 0.0753392 0.0898438 0.0156021
0 0.0360424 0.583984 0.0698068 0.078125 0.0154266
0 0.44455 0.264893 0.037751 0.0463867 0.0148392
0 0.315025 0.208984 0.0299404 0.0380859 0.014389
0 0.214139 0.674805 0.0475142 0.0566406 0.0141754
0 0.506384 0.40625 0.0436089 0.0546875 0.0135345
0 0.319582 0.163086 0.0260352 0.0273438 0.0134277
0 0.976969 0.289795 0.042958 0.0625 0.0120544
0 0.976318 0.337402 0.0442598 0.0800781 0.0110703
0 0.68147 0.445312 0.0494668 0.0615234 0.0109482
0 0.252541 0.939453 0.117809 0.0996094 0.0109024
0 0.675612 0.429199 0.0455615 0.0644531 0.0105667
0 0.981976 0.451172 0.0360483 0.0546875 0.0102463
0 0.975017 0.421875 0.0494668 0.0703125 0.00985718
0 0.720523 0.467773 0.0351475 0.0566406 0.00898743
0 0.232038 0.930664 0.0833125 0.109375 0.008255
0 0.173134 0.282715 0.037751 0.0473633 0.00809479
0 0.606619 0.216797 0.0260352 0.0371094 0.00803375
0 0.982827 0.73584 0.0338457 0.0703125 0.00701141
0 0.266942 0.588867 0.03889 0.0546875 0.00674438
0 0.766735 0.604492 0.0416563 0.0566406 0.00609589
0 0.22976 0.933594 0.164672 0.113281 0.00595856
0 0.97762 0.757812 0.0338457 0.0644531 0.00577545
0 0.512242 0.215088 0.0299404 0.034668 0.00575256
0 0.646974 0.40918 0.0364492 0.0507812 0.00527954
0 0.643719 0.169434 0.0234316 0.0400391 0.00492477
0 0.0803835 0.617676 0.069644 0.09375 0.00475693
0 0.691233 0.274414 0.0260352 0.0380859 0.00462723
0 0.48165 0.172607 0.0247334 0.0395508 0.00432968
0 0.726381 0.26416 0.0312422 0.0527344 0.00428009
0 0.0247334 0.342773 0.0289641 0.0429688 0.00424957
0 0.0507686 0.874512 0.0572773 0.0849609 0.00408554
0 0.948981 0.404785 0.0416563 0.0517578 0.00365067
0 0.656086 0.602539 0.037751 0.046875 0.00351143
0 0.393456 0.964844 0.0436089 0.0546875 0.560059
0 0.312422 0.926758 0.0403545 0.0605469 0.108215
0 0.386622 0.215576 0.0325439 0.0419922 0.105225
0 0.518425 0.285156 0.0455615 0.0673828 0.0755615
0 0.310469 0.945312 0.0397036 0.0703125 0.0747681
0 0.441296 0.22998 0.0312422 0.0429688 0.0718384
0 0.479047 0.210205 0.0273369 0.0375977 0.0510864
0 0.559105 0.220703 0.0299404 0.0390625 0.0408325
0 0.0305913 0.288086 0.037751 0.0556641 0.0408325
0 0.345617 0.211426 0.0325439 0.043457 0.0332642
0 0.0877059 0.626953 0.0484905 0.0722656 0.0298767
0 0.485556 0.169434 0.0299404 0.0400391 0.0291443
0 0.687328 0.218262 0.0234316 0.0332031 0.0270691
0 0.443574 0.260498 0.0397036 0.0527344 0.0247955
0 0.0840041 0.616211 0.0591486 0.0820312 0.0245667
0 0.225041 0.925781 0.0589045 0.0976562 0.0244751
0 0.264257 0.932617 0.0950283 0.09375 0.024231
0 0.263687 0.151367 0.0297777 0.0336914 0.0239105
0 0.32186 0.158691 0.0299404 0.0322266 0.0235596
0 0.199494 0.216309 0.0364492 0.0410156 0.0214539
0 0.0719221 0.60791 0.0820107 0.0888672 0.0212402
0 0.316978 0.209717 0.0344966 0.0424805 0.0175781
0 0.213163 0.21167 0.0364492 0.0327148 0.0167847
0 0.604016 0.218262 0.0286387 0.0400391 0.0131226
0 0.721174 0.229736 0.0312422 0.0375977 0.0129242
0 0.975017 0.282715 0.0390527 0.0546875 0.0106506
0 0.645672 0.166992 0.0260352 0.0419922 0.0103302
0 0.673009 0.428711 0.0494668 0.0654297 0.01017
0 0.0465378 0.583984 0.0833125 0.078125 0.00985718
0 0.560081 0.150879 0.0240825 0.0322266 0.00963593
0 0.214139 0.673828 0.0465378 0.0546875 0.0085144
0 0.97762 0.339111 0.0390527 0.0703125 0.00834656
0 0.226831 0.933594 0.102188 0.113281 0.00803375
0 0.676914 0.442871 0.0520703 0.0664062 0.00787354
0 0.971762 0.419922 0.0468633 0.0664062 0.00760651
0 0.206003 0.931641 0.0833125 0.107422 0.00760651
0 0.391829 0.942383 0.0553247 0.0878906 0.00664139
0 0.513543 0.22168 0.0351475 0.0400391 0.00598145
0 0.63656 0.210449 0.0286387 0.0322266 0.00577545
0 0.057196 0.280029 0.0423071 0.0478516 0.00566483
0 0.26686 0.591797 0.0364492 0.0488281 0.00530243
0 0.346918 0.924805 0.0846143 0.0664062 0.00479126
0 0.650879 0.410645 0.0442598 0.0498047 0.00466537
0 0.0948656 0.27832 0.0380764 0.0429688 0.00407028
0 0.398012 0.152344 0.0221299 0.0283203 0.00376511
0 0.719221 0.464844 0.0364492 0.0585938 0.00370789
0 0.0297777 0.334473 0.0384019 0.0605469 0.00358009
0 0.448781 0.582031 0.0410054 0.0546875 0.00353813
0 0.982827 0.734375 0.0325439 0.0703125 0.00349617
0 0.0533721 0.881104 0.0598809 0.0932617 0.00345612
0 0.394433 0.96875 0.048165 0.0605469 0.571777
0 0.520052 0.288574 0.0468633 0.0688477 0.127197
0 0.31112 0.951172 0.0416563 0.0742188 0.108582
0 0.443249 0.231934 0.0299404 0.0419922 0.0844727
0 0.346268 0.216553 0.0286387 0.0366211 0.0758667
0 0.0622403 0.604492 0.110812 0.105469 0.0718384
0 0.313398 0.933594 0.0410054 0.0703125 0.0718384
0 0.0712712 0.611816 0.0878687 0.0966797 0.0713501
0 0.3889 0.217773 0.0292896 0.0361328 0.0690308
0 0.560732 0.222656 0.0292896 0.0361328 0.0603027
0 0.0587418 0.587891 0.109022 0.0957031 0.0589905
0 0.842888 0.537109 0.0885195 0.117188 0.0568542
0 0.47742 0.212402 0.0234316 0.03125 0.0432129
0 0.0824989 0.620605 0.0641116 0.0869141 0.0428772
0 0.0323812 0.289062 0.0401918 0.0537109 0.0406189
0 0.445852 0.260498 0.037751 0.050293 0.0279541
0 0.265477 0.941406 0.100398 0.105469 0.0259094
0 0.485556 0.171875 0.0260352 0.0390625 0.0235138
0 0.676914 0.441895 0.0546738 0.0712891 0.0211639
0 0.68863 0.22168 0.0234316 0.0332031 0.019455
0 0.972413 0.41748 0.0494668 0.0800781 0.0193024
0 0.673009 0.432129 0.0520703 0.0751953 0.0186157
0 0.200145 0.220703 0.0341711 0.0380859 0.0161591
0 0.233666 0.938477 0.0833125 0.119141 0.0157166
0 0.646974 0.168945 0.0234316 0.0390625 0.0146179
0 0.97762 0.344238 0.0442598 0.0927734 0.0142288
0 0.214139 0.213867 0.0344966 0.0283203 0.0131226
0 0.60727 0.224365 0.0273369 0.0395508 0.0123825
0 0.322185 0.163574 0.0273369 0.0292969 0.0123367
0 0.236269 0.939453 0.123667 0.119141 0.0110703
0 0.318931 0.212158 0.0318931 0.0341797 0.00997162
0 0.722476 0.231934 0.0286387 0.0410156 0.00952148
0 0.173134 0.290527 0.0397036 0.0498047 0.00937653
0 0.264908 0.15625 0.0260352 0.0263672 0.00891876
0 0.559756 0.15625 0.0221299 0.0263672 0.00857544
0 0.976969 0.286621 0.0416563 0.0683594 0.00821686
0 0.214139 0.675293 0.0533721 0.0615234 0.00701141
0 0.720523 0.466797 0.0390527 0.0664062 0.00658798
0 0.654133 0.416016 0.0455615 0.0585938 0.00656509
0 0.769339 0.599121 0.0494668 0.0693359 0.00629044
0 0.416237 0.96875 0.0826616 0.0566406 0.00624084
0 0.833776 0.566895 0.0937266 0.0859375 0.00619125
0 0.357007 0.40918 0.0631353 0.0527344 0.00609589
0 0.0598809 0.281494 0.0421444 0.0488281 0.00502014
0 0.392805 0.943359 0.05923 0.0898438 0.00471878
0 0.352125 0.929688 0.0846143 0.0742188 0.00468063
0 0.364492 0.957031 0.0963301 0.0761719 0.0046463
0 0.514194 0.221436 0.0325439 0.0327148 0.00450516
0 0.842237 0.512695 0.080709 0.117188 0.00418091
0 0.956141 0.405273 0.0559756 0.0673828 0.00367928
0 0.392805 0.966797 0.0462124 0.0546875 0.67334
0 0.310469 0.951172 0.0390527 0.0625 0.104858
0 0.313398 0.931641 0.0403545 0.0664062 0.0827026
0 0.44455 0.230957 0.0318931 0.0410156 0.0812378
0 0.561709 0.222168 0.0312422 0.0361328 0.072876
0 0.387924 0.217285 0.0318931 0.0351562 0.0705566
0 0.481325 0.213867 0.0279878 0.0322266 0.0651245
0 0.347244 0.214844 0.0299404 0.0361328 0.0501404
0 0.519401 0.288818 0.0455615 0.0605469 0.0484924
0 0.0626471 0.604004 0.108697 0.0976562 0.0367126
0 0.0717594 0.612793 0.0849397 0.0898438 0.0323486
0 0.486532 0.171387 0.0312422 0.0400391 0.0314941
0 0.200796 0.220215 0.0351475 0.0385742 0.0298767
0 0.0314863 0.288086 0.0366119 0.0493164 0.0270691
0 0.0606945 0.587891 0.108371 0.0917969 0.0263519
0 0.0855906 0.625977 0.0543484 0.0732422 0.0252686
0 0.266209 0.154297 0.0286387 0.0288086 0.0238647
0 0.690583 0.223877 0.0260352 0.0336914 0.0220337
0 0.675612 0.444336 0.048165 0.0625 0.0215759
0 0.443249 0.262207 0.0364492 0.046875 0.019989
0 0.645672 0.164551 0.0286387 0.0405273 0.0197906
0 0.213814 0.673828 0.0468633 0.0527344 0.0147324
0 0.560407 0.155518 0.0260352 0.0302734 0.0118713
0 0.213488 0.214355 0.0357983 0.0273438 0.0117798
0 0.322836 0.162109 0.0312422 0.0332031 0.0116425
0 0.611826 0.225098 0.0312422 0.0390625 0.0107346
0 0.97762 0.338867 0.0442598 0.0917969 0.00874329
0 0.719221 0.46875 0.0364492 0.0527344 0.00847626
0 0.268488 0.949219 0.080709 0.0859375 0.00796509
0 0.27044 0.939453 0.0963301 0.09375 0.0077858
0 0.973064 0.419922 0.0468633 0.0683594 0.00728989
0 0.671707 0.433594 0.048165 0.0693359 0.00634003
0 0.976318 0.305664 0.0416563 0.0844727 0.00619125
0 0.318931 0.214355 0.0338457 0.0341797 0.00551224
0 0.516147 0.223877 0.0338457 0.0371094 0.00488663
0 0.203074 0.671875 0.0605317 0.0566406 0.00460815
0 0.223577 0.931641 0.0585791 0.0996094 0.00436401
0 0.723777 0.230469 0.0286387 0.0385742 0.00431442
0 0.229435 0.943359 0.109999 0.0996094 0.00426483
0 0.394433 0.943359 0.0507686 0.0898438 0.0037365
0 0.649577 0.416504 0.0390527 0.0498047 0.00353813
0 0.412657 0.966797 0.0872178 0.046875 0.00341606
0 0.363841 0.957031 0.0924248 0.0625 0.00324821
0 0.978922 0.447754 0.0338457 0.0546875 0.00293541
0 0.060369 0.281982 0.0431207 0.043457 0.00282288
0 0.225204 0.167969 0.0234316 0.0371094 0.00273705
0 0.517123 0.160156 0.021479 0.0317383 0.00266266
0 0.351475 0.929688 0.0833125 0.0703125 0.00254059
0 0.63656 0.215576 0.0286387 0.0253906 0.00248146
0 0.728334 0.266602 0.0325439 0.0512695 0.00239754
0 0.393782 0.96875 0.0436089 0.0585938 0.678223
0 0.311771 0.929688 0.037751 0.0664062 0.111633
0 0.310469 0.952148 0.0371001 0.0703125 0.0838623
0 0.388575 0.218262 0.0299404 0.0400391 0.0703125
0 0.520703 0.289307 0.0455615 0.0664062 0.0680542
0 0.201284 0.218506 0.0344966 0.0385742 0.0558167
0 0.443899 0.22998 0.0292896 0.0410156 0.0544128
0 0.48165 0.211914 0.0260352 0.0336914 0.0501404
0 0.561709 0.222168 0.0292896 0.0390625 0.0476074
0 0.0305913 0.288086 0.0351475 0.0498047 0.0423889
0 0.069644 0.61084 0.0911231 0.0957031 0.0403748
0 0.34822 0.215332 0.0273369 0.0400391 0.0369873
0 0.0599622 0.603516 0.115043 0.103516 0.0360718
0 0.0825803 0.623047 0.0623217 0.0820312 0.0322876
0 0.486207 0.17041 0.0279878 0.0380859 0.0290833
0 0.256772 0.944336 0.0937266 0.103516 0.0267029
0 0.444876 0.262207 0.0357983 0.0478516 0.0256195
0 0.0593927 0.587891 0.109022 0.0917969 0.0210114
0 0.675612 0.441406 0.0520703 0.0683594 0.0180511
0 0.214139 0.674805 0.048165 0.0556641 0.0180511
0 0.689932 0.222168 0.0208281 0.0336914 0.0178528
0 0.266209 0.15332 0.0260352 0.0302734 0.0174408
0 0.214465 0.213379 0.0344966 0.0302734 0.0171814
0 0.223414 0.933594 0.0641116 0.113281 0.0156708
0 0.230574 0.939453 0.109022 0.111328 0.0145569
0 0.842237 0.537109 0.080709 0.105469 0.0119629
0 0.322185 0.162109 0.0286387 0.03125 0.00993347
0 0.611175 0.225586 0.0286387 0.0410156 0.00952148
0 0.975017 0.296631 0.0416563 0.074707 0.0086441
0 0.976318 0.336426 0.0442598 0.0947266 0.0085144
0 0.0613453 0.280762 0.037751 0.0449219 0.0078125
0 0.646974 0.16626 0.0247334 0.0395508 0.00695801
0 0.561058 0.155273 0.0221299 0.0283203 0.00679779
0 0.395409 0.945312 0.0462124 0.09375 0.00619125
0 0.719872 0.466309 0.0364492 0.0605469 0.00598145
0 0.319907 0.2146 0.0331948 0.0375977 0.00595856
0 0.725079 0.230469 0.0247334 0.0390625 0.00542831
0 0.192335 0.945312 0.0813599 0.0976562 0.00526047
0 0.0936859 0.274414 0.0352288 0.0415039 0.00484848
0 0.973715 0.415039 0.0442598 0.0791016 0.00479126
0 0.649577 0.41748 0.0364492 0.0576172 0.00477219
0 0.173785 0.286133 0.0384019 0.0488281 0.0045929
0 0.352776 0.927734 0.0768037 0.0703125 0.00455475
0 0.2034 0.672363 0.0624844 0.0576172 0.00439835
0 0.357333 0.411133 0.0520703 0.0488281 0.00421524
0 0.51875 0.222656 0.0312422 0.0371094 0.00400543
0 0.727683 0.265137 0.0312422 0.0527344 0.00380898
0 0.0491414 0.874023 0.0533721 0.0839844 0.00355148
0 0.412006 0.969727 0.0846143 0.0527344 0.00349617
0 0.693186 0.273926 0.0286387 0.0400391 0.00316048
0 0.394433 0.96875 0.0455615 0.0585938 0.706543
0 0.311771 0.927734 0.0403545 0.0625 0.148071
0 0.311771 0.951172 0.0390527 0.0664062 0.126831
0 0.389226 0.21875 0.0292896 0.0380859 0.0817871
0 0.200796 0.217285 0.0338457 0.0356445 0.0632324
0 0.48165 0.211426 0.0260352 0.0322266 0.062561
0 0.520703 0.289062 0.0455615 0.0644531 0.0596619
0 0.442598 0.229492 0.0286387 0.0390625 0.0594177
0 0.561383 0.220947 0.0292896 0.0366211 0.0534058
0 0.0300218 0.28833 0.0346593 0.0483398 0.0481262
0 0.350173 0.215332 0.0260352 0.0380859 0.0470886
0 0.485556 0.169922 0.0273369 0.0361328 0.0407715
0 0.0744443 0.612305 0.0811972 0.09375 0.039856
0 0.0623217 0.604492 0.108697 0.100586 0.0389099
0 0.0855906 0.625977 0.0569519 0.0761719 0.0369873
0 0.443899 0.262695 0.0351475 0.046875 0.0287628
0 0.214139 0.674805 0.0494668 0.0566406 0.0262604
0 0.0577655 0.587891 0.103815 0.0898438 0.0228424
0 0.676914 0.442383 0.0494668 0.0644531 0.0222473
0 0.689932 0.22168 0.0208281 0.0322266 0.0214844
0 0.270766 0.9375 0.0833125 0.0976562 0.0205231
0 0.215115 0.214111 0.0331948 0.0292969 0.0157776
0 0.844841 0.540039 0.080709 0.0996094 0.0156708
0 0.26686 0.154297 0.0247334 0.0253906 0.0155411
0 0.673009 0.432617 0.0494668 0.0703125 0.0151901
0 0.833125 0.52832 0.0676914 0.09375 0.0119629
0 0.320883 0.161621 0.0273369 0.0273438 0.0111618
0 0.610524 0.223633 0.0286387 0.0390625 0.0103302
0 0.721174 0.469727 0.0364492 0.0576172 0.00971222
0 0.978271 0.343506 0.0416563 0.081543 0.00952148
0 0.203074 0.672363 0.0624844 0.0585938 0.00933838
0 0.225692 0.930664 0.0543484 0.103516 0.0086441
0 0.973715 0.416992 0.0468633 0.0742188 0.00803375
0 0.649577 0.415039 0.0364492 0.0527344 0.0078125
0 0.976318 0.292969 0.0390527 0.0644531 0.00720596
0 0.725079 0.229004 0.0247334 0.0371094 0.00695801
0 0.561058 0.155273 0.0227808 0.0263672 0.00674438
0 0.396385 0.945312 0.0455615 0.09375 0.00666809
0 0.230411 0.941406 0.0963301 0.105469 0.00605011
0 0.31828 0.212891 0.0312422 0.0351562 0.00542831
0 0.352776 0.925781 0.0722476 0.0664062 0.00538635
0 0.0626471 0.280762 0.0331948 0.0410156 0.00534439
0 0.952887 0.400391 0.0455615 0.0556641 0.00521851
0 0.647625 0.165527 0.0247334 0.0371094 0.00508118
0 0.358634 0.410645 0.0494668 0.0478516 0.00445175
0 0.174924 0.287842 0.0367747 0.046875 0.0039444
0 0.51875 0.222168 0.0299404 0.0351562 0.00355148
0 0.729635 0.266602 0.0299404 0.0488281 0.00333786
0 0.637861 0.212891 0.0260352 0.0283203 0.00332451
0 0.105768 0.22998 0.0240825 0.0410156 0.00322342
0 0.394107 0.96875 0.0449106 0.0585938 0.706543
0 0.311771 0.927734 0.0403545 0.0625 0.148071
0 0.311771 0.951172 0.0390527 0.0664062 0.125977
0 0.389226 0.21875 0.0292896 0.0380859 0.0812378
0 0.200796 0.217285 0.0338457 0.0356445 0.0632324
0 0.48165 0.211426 0.0260352 0.0322266 0.0628052
0 0.520703 0.289062 0.0455615 0.0644531 0.0600891
0 0.442598 0.229492 0.0286387 0.0390625 0.0596619
0 0.561383 0.220947 0.0292896 0.0366211 0.0535889
0 0.0299404 0.28833 0.0344966 0.0483398 0.0476074
0 0.350173 0.215332 0.0260352 0.0380859 0.0472412
0 0.485556 0.169922 0.0273369 0.0361328 0.0409851
0 0.0744443 0.612305 0.0811972 0.0927734 0.0401611
0 0.0623217 0.604492 0.108697 0.100586 0.0391235
0 0.0855906 0.625977 0.0569519 0.0761719 0.037384
0 0.443899 0.262695 0.0351475 0.046875 0.0287628
0 0.214139 0.674805 0.0494668 0.0566406 0.0261536
0 0.0577655 0.587891 0.103815 0.0898438 0.0228882
0 0.676914 0.442383 0.0494668 0.0644531 0.0222015
0 0.689932 0.22168 0.0221299 0.0322266 0.0217438
0 0.270766 0.9375 0.0833125 0.0976562 0.0202484
0 0.215115 0.214111 0.0331948 0.0292969 0.0158997
0 0.844841 0.540039 0.080709 0.0996094 0.0158997
0 0.26686 0.154297 0.0247334 0.0253906 0.0156021
0 0.673009 0.432617 0.0494668 0.0703125 0.0151901
0 0.833776 0.52832 0.0689932 0.09375 0.012146
0 0.320883 0.161621 0.0273369 0.0273438 0.0111618
0 0.610524 0.223633 0.0286387 0.0390625 0.0103302
0 0.721174 0.469727 0.0364492 0.0566406 0.00971222
0 0.978271 0.343506 0.0416563 0.081543 0.00948334
0 0.203074 0.672363 0.0624844 0.0585938 0.00926971
0 0.225855 0.930664 0.054023 0.103516 0.0085144
0 0.973715 0.416992 0.0468633 0.0742188 0.00806427
0 0.649577 0.415039 0.0364492 0.0527344 0.00787354
0 0.976318 0.292969 0.0390527 0.0644531 0.00720596
0 0.725079 0.229248 0.0247334 0.0375977 0.00698471
0 0.561058 0.155273 0.0227808 0.0263672 0.00674438
0 0.396385 0.945312 0.0455615 0.0917969 0.00658798
0 0.230248 0.941406 0.0960046 0.105469 0.00593567
0 0.31828 0.212891 0.0312422 0.0356445 0.00547028
0 0.0628098 0.280762 0.0330321 0.0410156 0.00534439
0 0.352776 0.925781 0.0715967 0.0664062 0.0053215
0 0.952887 0.400391 0.0455615 0.0556641 0.00521851
0 0.647625 0.165527 0.0247334 0.0371094 0.00511932
0 0.358634 0.410645 0.0494668 0.0478516 0.00448608
0 0.174924 0.287598 0.0367747 0.046875 0.00399017
0 0.519076 0.222168 0.0299404 0.0351562 0.00355148
0 0.730286 0.266602 0.0286387 0.0488281 0.00335121
0 0.637861 0.212891 0.0260352 0.0283203 0.00332451
0 0.105931 0.22998 0.0237571 0.0410156 0.00324821
