0 0.525259 0.301758 0.0468633 0.0664062 0.0130234
0 0.353427 0.411133 0.0598809 0.0507812 0.00989532
0 0.515822 0.421875 0.0494668 0.0644531 0.00793457
0 0.5 0.5 1 1 0.00669098
0 0.5742 0.5 0.8516 1 0.00669098
0 0.0667965 0.609375 0.0971437 0.0859375 0.00664139
0 0.5 0.5 1 1 0.00638962
0 0.679805 0.5 0.640389 1 0.00584412
0 0.576804 0.5 0.846393 1 0.00582123
0 0.695426 0.575195 0.609147 0.849609 0.00579834
0 0.488159 0.5 0.976318 1 0.00572968
0 0.727808 0.53418 0.544385 0.931641 0.00547028
0 0.668578 0.5 0.662845 1 0.0053215
0 0.077536 0.614258 0.0711085 0.0820312 0.00460815
0 0.5 0.5 1 1 0.00453949
0 0.5 0.5 1 1 0.00446701
0 0.595191 0.5 0.809618 1 0.00439835
0 0.578106 0.558594 0.843789 0.882812 0.00431442
0 0.531893 0.5 0.936214 1 0.00392914
0 0.45171 0.602051 0.0455615 0.0722656 0.00388527
0 0.843539 0.545898 0.0742002 0.0839844 0.00352478
0 0.520052 0.359863 0.0631353 0.0957031 0.00309944
0 0.382717 0.585449 0.225204 0.248047 0.00226974
0 0.316978 0.219238 0.042958 0.0634766 0.00219917
0 0.338457 0.404419 0.0937266 0.0681152 0.00183105
0 0.0600436 0.597656 0.105768 0.117188 0.00176144
0 0.414935 0.556641 0.257097 0.287109 0.00169373
0 0.617158 0.419678 0.765684 0.839355 0.00163555
0 0.550969 0.294922 0.184199 0.0849609 0.0015974
0 0.254819 0.925781 0.305913 0.138672 0.0015974
0 0.0646811 0.59375 0.116995 0.273438 0.00151253
0 0.150638 0.195801 0.276705 0.220703 0.00148964
0 0.378161 0.554199 0.193962 0.25 0.00147247
0 0.83703 0.536133 0.0885195 0.0976562 0.00144386
0 0.356682 0.614746 0.187453 0.129883 0.00142097
0 0.615894 0.421875 0.374581 0.355469 0.00141048
0 0.349522 0.379395 0.102839 0.100586 0.00130939
0 0.418515 0.648926 0.158814 0.152344 0.00120163
0 0.140305 0.225098 0.154177 0.107422 0.00118828
0 0.418515 0.491699 0.206329 0.356445 0.00117874
0 0.0647625 0.622559 0.0953538 0.12207 0.00115585
0 0.350173 0.217285 0.0963301 0.0771484 0.00113773
0 0.187616 0.224854 0.350498 0.449707 0.00113392
0 0.17114 0.175049 0.230493 0.178223 0.00111198
0 0.376533 0.644531 0.15556 0.115234 0.0011034
0 0.619474 0.433105 0.325765 0.117188 0.00107288
0 0.460822 0.290527 0.0885195 0.0595703 0.00102425
0 0.118785 0.153259 0.221624 0.292114 0.00100803
0 0.838332 0.522461 0.0833125 0.123047 0.369385
0 0.520703 0.416016 0.0735493 0.0742188 0.344238
0 0.349847 0.394653 0.0774546 0.0720215 0.327637
0 0.0843295 0.610352 0.0663083 0.0742188 0.253174
0 0.45171 0.577148 0.0494668 0.0742188 0.0809326
0 0.471887 0.206055 0.048165 0.0625 0.0736694
0 0.316327 0.224854 0.0501177 0.0605469 0.0720825
0 0.384669 0.224121 0.0488159 0.0527344 0.0720825
0 0.646974 0.421875 0.0572773 0.0693359 0.0687866
0 0.715967 0.253662 0.0598809 0.0874023 0.0479431
0 0.523307 0.29834 0.0507686 0.0629883 0.0455322
0 0.922946 0.504883 0.048165 0.0839844 0.0427246
0 0.386297 0.679688 0.0611826 0.078125 0.041687
0 0.579933 0.172302 0.0715967 0.122192 0.0403748
0 0.264582 0.134033 0.0403545 0.0678711 0.0397949
0 0.343664 0.380371 0.102839 0.09375 0.0386963
0 0.519076 0.371094 0.0748511 0.133789 0.035675
0 0.454964 0.232666 0.0546738 0.0800781 0.033844
0 0.676914 0.439453 0.0676914 0.0878906 0.0325317
0 0.175737 0.284668 0.0585791 0.0820312 0.0311432
0 0.524608 0.421875 0.0950283 0.0703125 0.0308533
0 0.445527 0.276367 0.0344966 0.0463867 0.0290375
0 0.671707 0.151123 0.0546738 0.0571289 0.0281677
0 0.345291 0.22168 0.0742002 0.0708008 0.0268555
0 0.704251 0.238281 0.0624844 0.0751953 0.0255127
0 0.354078 0.648438 0.0885195 0.105469 0.0236969
0 0.317629 0.630859 0.0533721 0.0839844 0.0235138
0 0.321534 0.188477 0.0611826 0.118164 0.0214081
0 0.579608 0.158264 0.0865669 0.144409 0.0214081
0 0.648275 0.145996 0.0598809 0.102539 0.0187225
0 0.810995 0.426758 0.0702949 0.0996094 0.0177155
0 0.334226 0.617676 0.100235 0.133789 0.0175781
0 0.786262 0.399902 0.0702949 0.0703125 0.0170441
0 0.721174 0.455078 0.0520703 0.0830078 0.0170441
0 0.148075 0.240967 0.0885195 0.178223 0.016922
0 0.926201 0.497559 0.0598809 0.0888672 0.0167847
0 0.0558129 0.568359 0.104141 0.128906 0.0167847
0 0.137986 0.171875 0.0911231 0.170898 0.0157776
0 0.0439343 0.589844 0.0800581 0.0830078 0.0155411
0 0.47742 0.193848 0.0702949 0.108887 0.0149536
0 0.5002 0.234863 0.0761528 0.140625 0.0145035
0 0.178992 0.313477 0.0637861 0.0947266 0.0145035
0 0.359285 0.375977 0.0963301 0.0917969 0.0124283
0 0.657388 0.616699 0.0598809 0.0732422 0.0123367
0 0.618335 0.178467 0.0846143 0.134277 0.0122375
0 0.387924 0.960938 0.0585791 0.0664062 0.0115509
0 0.79993 0.339844 0.0559756 0.078125 0.0110703
0 0.214139 0.667969 0.0543484 0.0693359 0.0108185
0 0.423071 0.666504 0.096981 0.119141 0.0104523
0 0.529165 0.5 0.879988 1 0.0103302
0 0.393131 0.972656 0.0468633 0.0546875 0.420654
0 0.371326 0.496094 0.238873 0.353516 0.381104
0 0.0857533 0.612305 0.0533721 0.0703125 0.181274
0 0.307215 0.969727 0.048165 0.0605469 0.158203
0 0.080709 0.602539 0.0657388 0.0957031 0.150024
0 0.652832 0.605469 0.0403545 0.0527344 0.150024
0 0.443249 0.592773 0.0637861 0.0878906 0.146606
0 0.208281 0.67041 0.0494668 0.0644531 0.137939
0 0.385971 0.231445 0.0410054 0.046875 0.105591
0 0.318931 0.217773 0.042958 0.0439453 0.0950317
0 0.821409 0.501465 0.143193 0.19043 0.0830078
0 0.507035 0.419922 0.0468633 0.0644531 0.0789185
0 0.596205 0.165466 0.141892 0.152466 0.0670776
0 0.84419 0.521484 0.0898213 0.146484 0.0656128
0 0.526887 0.296875 0.0436089 0.0507812 0.0634766
0 0.778451 0.444824 0.234316 0.326172 0.0570679
0 0.439669 0.273926 0.0234316 0.0351562 0.0566406
0 0.374255 0.539551 0.203074 0.30957 0.0538025
0 0.371652 0.545898 0.222601 0.226562 0.0534058
0 0.151329 0.327148 0.0367747 0.0522461 0.0479431
0 0.768037 0.379883 0.249938 0.332031 0.0469055
0 0.757623 0.420898 0.290292 0.376953 0.0465393
0 0.648275 0.422852 0.0416563 0.0683594 0.0422363
0 0.639163 0.156982 0.0781055 0.10498 0.0421753
0 0.269464 0.145996 0.0260352 0.0400391 0.0406189
0 0.176714 0.295898 0.0351475 0.0522461 0.0363464
0 0.320558 0.177246 0.0442598 0.0664062 0.0343628
0 0.56301 0.671875 0.0351475 0.0488281 0.0326538
0 0.554874 0.224365 0.0891704 0.183105 0.0299835
0 0.330647 0.59375 0.126271 0.147461 0.028656
0 0.801883 0.504883 0.130176 0.253906 0.0258636
0 0.5181 0.2146 0.0442598 0.117188 0.0245209
0 0.356031 0.40625 0.0650879 0.0625 0.0244293
0 0.474491 0.204346 0.0390527 0.0537109 0.0230255
0 0.353102 0.108154 0.0364492 0.0478516 0.0212402
0 0.162069 0.307617 0.0497922 0.0644531 0.0211182
0 0.605317 0.655273 0.0208281 0.0351562 0.019989
0 0.3518 0.226074 0.0182246 0.0488281 0.0184326
0 0.752416 0.332031 0.248636 0.286133 0.0181274
0 0.140264 0.848145 0.259701 0.290039 0.0178528
0 0.682772 0.442383 0.0598809 0.0664062 0.0170441
0 0.685376 0.42627 0.0768037 0.0820312 0.0164032
0 0.0647625 0.558594 0.105768 0.154297 0.0164032
0 0.481 0.1875 0.0670405 0.0917969 0.0156708
0 0.581886 0.190186 0.169229 0.231934 0.0150757
0 0.0576028 0.568359 0.0963301 0.119141 0.0144501
0 0.950283 0.59082 0.0702949 0.0800781 0.014389
0 0.702949 0.358887 0.127572 0.178711 0.0129242
0 0.313724 0.624023 0.0624844 0.0839844 0.0124817
0 0.179968 0.333008 0.0312422 0.046875 0.012291
0 0.394433 0.970215 0.0527212 0.0595703 0.430176
0 0.452361 0.587891 0.0546738 0.0732422 0.332031
0 0.843539 0.537109 0.0781055 0.103516 0.274414
0 0.514845 0.291504 0.0403545 0.0629883 0.218628
0 0.0852245 0.60791 0.0508499 0.0791016 0.176636
0 0.317629 0.223877 0.037751 0.043457 0.153076
0 0.838332 0.526367 0.0911231 0.126953 0.122131
0 0.311771 0.955078 0.0533721 0.0820312 0.0930176
0 0.508987 0.412109 0.0468633 0.0644531 0.0872803
0 0.384019 0.226074 0.0364492 0.0478516 0.0772095
0 0.437391 0.277832 0.0279878 0.0400391 0.072876
0 0.209908 0.668457 0.048165 0.0683594 0.0656128
0 0.32186 0.164062 0.0371001 0.0449219 0.0552063
0 0.654784 0.602539 0.0416563 0.0488281 0.0524292
0 0.641116 0.419922 0.048165 0.0673828 0.0486755
0 0.156374 0.332764 0.0471887 0.0600586 0.0483093
0 0.721174 0.266602 0.0507686 0.0771484 0.0433655
0 0.702298 0.233154 0.0507686 0.0551758 0.0407715
0 0.719872 0.241943 0.0507686 0.0698242 0.0401611
0 0.71857 0.46582 0.0390527 0.0722656 0.0381775
0 0.561709 0.21167 0.0299404 0.0463867 0.0322266
0 0.836379 0.503906 0.0976318 0.166016 0.0298157
0 0.173622 0.292969 0.0393782 0.0634766 0.0292511
0 0.642417 0.168457 0.0455615 0.0625 0.0292053
0 0.357983 0.415039 0.0546738 0.0625 0.0276337
0 0.0530466 0.589844 0.0950283 0.107422 0.0200195
0 0.783658 0.400879 0.0676914 0.0673828 0.0198364
0 0.33325 0.609375 0.0546738 0.0820312 0.0190582
0 0.35538 0.225342 0.0221299 0.0488281 0.0176392
0 0.446178 0.231934 0.0325439 0.0463867 0.0174408
0 0.269464 0.155762 0.0325439 0.0341797 0.0170441
0 0.313724 0.94043 0.0598809 0.0898438 0.0162201
0 0.0833532 0.623047 0.0584977 0.0859375 0.014061
0 0.972413 0.429688 0.0507686 0.0693359 0.0139008
0 0.758925 0.601074 0.0494668 0.0791016 0.0131226
0 0.162882 0.30249 0.0497922 0.0688477 0.0129242
0 0.722476 0.406738 0.0442598 0.0595703 0.0109863
0 0.0213163 0.399414 0.0351475 0.0625 0.0109024
0 0.15198 0.47168 0.0608572 0.0703125 0.0108566
0 0.51875 0.247314 0.0468633 0.0893555 0.0105286
0 0.564963 0.168945 0.0468633 0.0673828 0.00978088
0 0.453663 0.56543 0.0572773 0.09375 0.00967407
0 0.0565451 0.551758 0.095191 0.154297 0.00948334
0 0.680819 0.455078 0.0598809 0.0722656 0.00905609
0 0.797978 0.333984 0.0442598 0.0634766 0.00837708
0 0.969159 0.448242 0.0455615 0.0761719 0.00806427
0 0.477094 0.213379 0.0260352 0.0410156 0.0078125
0 0.676263 0.42334 0.0872178 0.0732422 0.00740433
0 0.0281505 0.348877 0.044097 0.0717773 0.00717545
0 0.48165 0.166504 0.0344966 0.0429688 0.00709534
0 0.394758 0.96875 0.042958 0.0625 0.530273
0 0.854604 0.541016 0.0650879 0.0869141 0.386719
0 0.3147 0.954102 0.0488159 0.0820312 0.370117
0 0.0866076 0.609375 0.0506872 0.0761719 0.199951
0 0.386297 0.221191 0.0364492 0.0507812 0.184814
0 0.513543 0.416992 0.042958 0.0576172 0.165039
0 0.353427 0.40918 0.042958 0.0546875 0.0859985
0 0.846143 0.513672 0.075502 0.130859 0.0803833
0 0.212512 0.664551 0.0436089 0.0546875 0.078064
0 0.842237 0.53125 0.0833125 0.0957031 0.0766602
0 0.449106 0.582031 0.048165 0.0683594 0.0682983
0 0.513543 0.291504 0.0364492 0.0585938 0.0574951
0 0.318931 0.214844 0.0299404 0.0390625 0.055603
0 0.439343 0.270996 0.0286387 0.0429688 0.0545959
0 0.565614 0.211914 0.0279878 0.0380859 0.0538025
0 0.156862 0.33667 0.0364492 0.0449219 0.0538025
0 0.312422 0.941406 0.0533721 0.0898438 0.0497742
0 0.802534 0.41748 0.0390527 0.0537109 0.0479431
0 0.175086 0.284424 0.0344966 0.0498047 0.0393372
0 0.380764 0.510254 0.037751 0.0537109 0.0379639
0 0.717919 0.460938 0.037751 0.0585938 0.0349426
0 0.484254 0.171631 0.0344966 0.0473633 0.0340881
0 0.68863 0.443359 0.0650879 0.078125 0.0335999
0 0.1759 0.33667 0.034822 0.0527344 0.0316162
0 0.367096 0.219727 0.0325439 0.046875 0.0301056
0 0.680169 0.426758 0.0768037 0.0869141 0.0299835
0 0.0615894 0.555664 0.081848 0.107422 0.0290375
0 0.273369 0.152344 0.0286387 0.0390625 0.0266571
0 0.48165 0.20752 0.0195264 0.0400391 0.0239105
0 0.645021 0.159668 0.0351475 0.0556641 0.0235596
0 0.322836 0.163574 0.0338457 0.0488281 0.0231018
0 0.697742 0.228027 0.0364492 0.0463867 0.0228882
0 0.0826616 0.620117 0.0572773 0.0859375 0.0218201
0 0.654133 0.413574 0.0559756 0.0673828 0.0206451
0 0.0495482 0.541992 0.0811972 0.125 0.0205231
0 0.0520703 0.58252 0.0872178 0.09375 0.0197144
0 0.162394 0.29248 0.0416563 0.0566406 0.016098
0 0.566916 0.161621 0.0403545 0.0546875 0.0156708
0 0.446503 0.22998 0.0318931 0.0527344 0.0156708
0 0.832474 0.479004 0.085916 0.111328 0.0147324
0 0.317629 0.634766 0.042958 0.0625 0.0142822
0 0.0194043 0.369141 0.0388087 0.716797 0.013588
0 0.324138 0.611816 0.0449106 0.0712891 0.0133286
0 0.0553247 0.881104 0.0689932 0.116699 0.0130692
0 0.285085 0.949219 0.0650879 0.0859375 0.0127258
0 0.380764 0.493164 0.0416563 0.0644531 0.0118713
0 0.455615 0.581055 0.0624844 0.0878906 0.0118256
0 0.861764 0.529297 0.0937266 0.115234 0.0110703
0 0.147099 0.513306 0.294197 0.973389 0.0110321
0 0.760227 0.609863 0.0494668 0.0664062 0.0108185
0 0.386622 0.226807 0.0325439 0.0439453 0.14563
0 0.397362 0.974609 0.0364492 0.0507812 0.0875854
0 0.21121 0.671387 0.0462124 0.0605469 0.0585632
0 0.84419 0.54248 0.0611826 0.0820312 0.0463867
0 0.693186 0.224609 0.0312422 0.0380859 0.0404663
0 0.45171 0.591309 0.0403545 0.0585938 0.0344238
0 0.478071 0.208008 0.026686 0.0390625 0.0334778
0 0.797978 0.417969 0.0390527 0.0488281 0.0269623
0 0.509638 0.422852 0.0403545 0.0527344 0.0252228
0 0.838332 0.527344 0.0650879 0.0859375 0.0248871
0 0.485556 0.171143 0.0325439 0.0444336 0.0236969
0 0.358634 0.2229 0.0279878 0.0385742 0.0234222
0 0.648926 0.158691 0.0260352 0.0341797 0.016922
0 0.311771 0.964844 0.0364492 0.0625 0.0165253
0 0.356031 0.416992 0.0442598 0.0507812 0.0147324
0 0.175737 0.291504 0.0357983 0.0498047 0.0146179
0 0.275973 0.156738 0.0286387 0.0336914 0.0129242
0 0.447805 0.225586 0.0338457 0.0419922 0.0129242
0 0.0633793 0.592773 0.102676 0.117188 0.0120087
0 0.316327 0.219238 0.0286387 0.0361328 0.0109863
0 0.385971 0.516602 0.042958 0.0644531 0.0102463
0 0.605317 0.222656 0.0260352 0.0361328 0.00985718
0 0.081848 0.604004 0.069644 0.0976562 0.00941467
0 0.565614 0.212891 0.0247334 0.0332031 0.00937653
0 0.968508 0.427734 0.0494668 0.0722656 0.00901794
0 0.954839 0.410156 0.048165 0.0546875 0.0088501
0 0.0474328 0.581055 0.0903095 0.114258 0.00831604
0 0.276624 0.221191 0.0273369 0.0332031 0.00709534
0 0.158652 0.293945 0.0419817 0.059082 0.0068779
0 0.0590673 0.557617 0.114229 0.171875 0.00634003
0 0.926852 0.484863 0.0585791 0.0820312 0.00591278
0 0.522005 0.298096 0.0364492 0.0561523 0.00536346
0 0.605968 0.155273 0.0247334 0.0302734 0.00510025
0 0.144495 0.219238 0.0449106 0.0576172 0.0049057
0 0.564312 0.158691 0.0247334 0.0322266 0.00469971
0 0.643068 0.218262 0.0286387 0.0292969 0.00455475
0 0.92555 0.511719 0.0520703 0.0683594 0.00446701
0 0.652181 0.423828 0.0468633 0.0605469 0.00421524
0 0.0462938 0.556641 0.0854279 0.150391 0.00407028
0 0.517449 0.158203 0.0234316 0.0302734 0.00388527
0 0.972413 0.449219 0.0468633 0.0791016 0.00379562
0 0.680819 0.448242 0.0572773 0.0722656 0.00378036
0 0.899515 0.343506 0.0442598 0.0625 0.00367928
0 0.359936 0.96582 0.119762 0.0683594 0.00366402
0 0.444225 0.277344 0.0325439 0.0405273 0.00351143
0 0.144495 0.162354 0.0462124 0.0698242 0.00349617
0 0.322836 0.408203 0.0520703 0.0410156 0.00349617
0 0.912532 0.513184 0.048165 0.0771484 0.00324821
0 0.661944 0.611328 0.0442598 0.0566406 0.00324821
0 0.31828 0.158203 0.0253843 0.0361328 0.00322342
0 0.390527 0.223145 0.0286387 0.0410156 0.404541
0 0.692535 0.220703 0.0260352 0.0361328 0.15979
0 0.36319 0.408203 0.0442598 0.0478516 0.138916
0 0.48165 0.210205 0.0208281 0.0361328 0.103027
0 0.721825 0.46582 0.0351475 0.0546875 0.0984497
0 0.521354 0.287842 0.0357983 0.0561523 0.0903931
0 0.398338 0.966797 0.0403545 0.0507812 0.0812378
0 0.447154 0.224121 0.0273369 0.0390625 0.0720825
0 0.485556 0.167969 0.026686 0.0332031 0.0589905
0 0.359936 0.220947 0.0227808 0.0385742 0.0488586
0 0.275647 0.158691 0.0227808 0.0283203 0.0445251
0 0.611826 0.223145 0.0260352 0.0371094 0.0423889
0 0.68863 0.44873 0.0520703 0.0615234 0.0379639
0 0.510615 0.410645 0.037751 0.046875 0.037262
0 0.211861 0.670898 0.0471887 0.0527344 0.0362854
0 0.158164 0.331055 0.0331948 0.046875 0.0314331
0 0.566265 0.217285 0.0195264 0.0322266 0.0287628
0 0.648926 0.157471 0.0208281 0.0302734 0.0247498
0 0.234316 0.217285 0.0188755 0.0253906 0.0245209
0 0.320232 0.219971 0.0260352 0.0371094 0.0239563
0 0.452361 0.577148 0.0403545 0.0546875 0.0222473
0 0.188918 0.220215 0.0165974 0.0249023 0.0197906
0 0.564637 0.158447 0.0221299 0.0302734 0.0196381
0 0.820107 0.522949 0.0338457 0.0517578 0.0166626
0 0.322185 0.15918 0.0260352 0.0283203 0.0162811
0 0.804486 0.413086 0.0286387 0.0429688 0.0158386
0 0.915136 0.484375 0.0416563 0.0546875 0.0157776
0 0.921645 0.507812 0.0442598 0.0566406 0.0149536
0 0.311771 0.957031 0.0442598 0.0625 0.0146179
0 0.69758 0.00183105 0.523632 0.00366211 0.0138474
0 0.161255 0.296143 0.037751 0.0493164 0.0124817
0 0.920343 0.490723 0.0455615 0.0634766 0.0108185
0 0.17769 0.286133 0.0292896 0.0380859 0.0104523
0 0.548366 0.00012207 0.547389 0.000244141 0.0101318
0 0.643068 0.410156 0.0286387 0.046875 0.00891876
0 0.450083 0 0.483603 0 0.00837708
0 0.065332 0.603516 0.0886823 0.0878906 0.00766754
0 0.805788 0.327148 0.0260352 0.0458984 0.00671768
0 0.975668 0.446777 0.0364492 0.0556641 0.00669098
0 0.655435 0.604492 0.0325439 0.046875 0.00669098
0 0.36913 0 0.493204 0 0.00591278
0 0.786224 0.00183105 0.427552 0.00366211 0.00582123
0 0.386297 0.513672 0.0318931 0.0488281 0.00579834
0 0.641116 0.219482 0.0208281 0.027832 0.00570679
0 0.523307 0.157227 0.0156211 0.0253906 0.00561905
0 0.49597 0.409668 0.0423071 0.0419922 0.0055542
0 0.446503 0.270508 0.0299404 0.0449219 0.00536346
0 0.147912 0.222168 0.0175737 0.0263672 0.00521851
0 0.278576 0.221191 0.0208281 0.0263672 0.0051384
0 0.0274183 0.288574 0.0258724 0.0400391 0.0051384
0 0.388249 0.223145 0.0273369 0.0341797 0.160278
0 0.356682 0.40332 0.0520703 0.0527344 0.141724
0 0.396385 0.975586 0.0364492 0.0429688 0.114746
0 0.478721 0.211914 0.0253843 0.0351562 0.0467224
0 0.680819 0.44043 0.0676914 0.0820312 0.0460205
0 0.51875 0.291748 0.0338457 0.0498047 0.0437012
0 0.060369 0.591797 0.10349 0.110352 0.0367737
0 0.319582 0.217285 0.0273369 0.027832 0.0256195
0 0.483278 0.171631 0.0318931 0.0395508 0.0231476
0 0.561058 0.217041 0.0240825 0.0292969 0.0222931
0 0.210071 0.665527 0.0494668 0.0498047 0.0222473
0 0.0553247 0.563477 0.102839 0.136719 0.0219879
0 0.442598 0.227539 0.0221299 0.03125 0.0206909
0 0.44455 0.27124 0.0312422 0.0415039 0.0201416
0 0.309818 0.960938 0.0403545 0.0625 0.0201416
0 0.68863 0.224854 0.0234316 0.0283203 0.0195007
0 0.350824 0.216797 0.0169229 0.0283203 0.0185852
0 0.272067 0.160156 0.0234316 0.0244141 0.0182953
0 0.801883 0.412109 0.0338457 0.0390625 0.0153046
0 0.329996 0.398438 0.0820107 0.0527344 0.014061
0 0.453337 0.577148 0.0527212 0.0722656 0.0135345
0 0.514194 0.410156 0.0403545 0.0488281 0.0131226
0 0.0720035 0.597168 0.0821735 0.0986328 0.0120544
0 0.320558 0.163086 0.0292896 0.0283203 0.0111618
0 0.60727 0.222656 0.0234316 0.0283203 0.0100555
0 0.274345 0.219238 0.0182246 0.019043 0.00963593
0 0.724428 0.461914 0.0325439 0.0683594 0.00800323
0 0.669104 0.423828 0.0728984 0.0917969 0.00740433
0 0.0292896 0.293213 0.0328694 0.0424805 0.00624084
0 0.64437 0.164551 0.0247334 0.0351562 0.00591278
0 0.778451 0.397949 0.048165 0.0429688 0.005867
0 0.206817 0.92334 0.413634 0.15332 0.00510025
0 0.97762 0.426758 0.0390527 0.0615234 0.00426483
0 0.911231 0.484863 0.0494668 0.0556641 0.00415039
0 0.692535 0.278076 0.0286387 0.0375977 0.00395966
0 0.0541857 0.89624 0.0768037 0.17627 0.0039444
0 0.726381 0.270508 0.0273369 0.0444336 0.00370789
0 0.730286 0.407227 0.0351475 0.0527344 0.00348282
0 0.273695 0.941406 0.0911231 0.101562 0.00346947
0 0.637861 0.21582 0.0234316 0.0244141 0.00327301
0 0.561058 0.161133 0.0273369 0.0351562 0.00317192
0 0.980875 0.453125 0.0312422 0.0507812 0.00314713
0 0.311771 0.94043 0.0533721 0.0996094 0.00301552
0 0.180293 0.289062 0.026686 0.0371094 0.00298119
0 0.0302659 0.331055 0.0344966 0.0449219 0.00274658
0 0.516147 0.222656 0.0260352 0.0273438 0.00269318
0 0.0526398 0.516113 0.0909603 0.163086 0.00263214
0 0.725079 0.227783 0.0234316 0.0322266 0.0026207
0 0.151655 0.884766 0.275322 0.230469 0.00257111
0 0.803185 0.333008 0.0338457 0.0400391 0.00251198
0 0.394433 0.96582 0.0449106 0.0605469 0.418701
0 0.308517 0.950195 0.048165 0.0800781 0.193115
0 0.516798 0.28833 0.0390527 0.0556641 0.157104
0 0.0715967 0.600586 0.0820107 0.0957031 0.138916
0 0.0797327 0.60791 0.067366 0.0839844 0.136108
0 0.842888 0.53125 0.0833125 0.105469 0.128906
0 0.389226 0.218262 0.0273369 0.0341797 0.120422
0 0.267186 0.941406 0.13343 0.109375 0.103027
0 0.652181 0.419922 0.0507686 0.0742188 0.0823975
0 0.723777 0.474609 0.0390527 0.0664062 0.0778198
0 0.243754 0.935547 0.165323 0.119141 0.0766602
0 0.674311 0.444336 0.0676914 0.0761719 0.0628052
0 0.306564 0.941406 0.0611826 0.101562 0.0605164
0 0.44455 0.269531 0.0325439 0.0458984 0.0577087
0 0.354729 0.404297 0.0468633 0.0517578 0.0512695
0 0.855255 0.356445 0.0390527 0.0527344 0.0483093
0 0.21121 0.671875 0.0488159 0.0605469 0.0436096
0 0.0549993 0.579102 0.0982827 0.0957031 0.0433655
0 0.217394 0.930664 0.228459 0.136719 0.035614
0 0.44813 0.219727 0.0299404 0.0322266 0.0315552
0 0.951585 0.400269 0.0416563 0.0510254 0.0310211
0 0.512242 0.404785 0.037751 0.0488281 0.0305634
0 0.174761 0.284668 0.0364492 0.0419922 0.0298157
0 0.975017 0.427246 0.0468633 0.0664062 0.0289307
0 0.359936 0.215576 0.0208281 0.0332031 0.0288696
0 0.899515 0.336426 0.0286387 0.043457 0.0261993
0 0.562034 0.211426 0.0240825 0.0332031 0.0250854
0 0.451385 0.575684 0.0507686 0.0722656 0.0241394
0 0.476443 0.208984 0.0208281 0.0322266 0.0201721
0 0.976318 0.448242 0.0416563 0.0605469 0.0201721
0 0.693837 0.22583 0.0260352 0.034668 0.0188751
0 0.277925 0.214844 0.0221299 0.0263672 0.0170441
0 0.312422 0.213379 0.0247334 0.03125 0.016983
0 0.0520703 0.561035 0.0868923 0.12793 0.016922
0 0.922946 0.508789 0.0442598 0.0625 0.0165253
0 0.612477 0.219238 0.0260352 0.0297852 0.0158997
0 0.0796513 0.621582 0.0619962 0.0751953 0.0157776
0 0.76283 0.61377 0.0494668 0.0673828 0.0153656
0 0.648275 0.163086 0.0260352 0.0371094 0.0151901
0 0.843539 0.511719 0.075502 0.126953 0.0151901
0 0.319582 0.157959 0.0247334 0.0249023 0.0147858
0 0.483603 0.167969 0.026686 0.034668 0.0139542
0 0.80709 0.410156 0.0390527 0.0439453 0.0139008
0 0.186151 0.931641 0.188104 0.113281 0.0121002
0 0.722476 0.228516 0.0312422 0.0380859 0.0119629
0 0.483278 0.280273 0.0208281 0.0449219 0.0100098
0 0.989461 0.581543 0.0210781 0.745117 0.00978088
0 0.99955 0.529785 0.000900879 0.78418 0.00933838
0 0.0524771 0.880859 0.0655761 0.117188 0.00908661
0 0.782357 0.339355 0.0364492 0.046875 0.00898743
0 0.21121 0.671387 0.0471887 0.0537109 0.415771
0 0.517123 0.289551 0.0384019 0.0537109 0.318359
0 0.387924 0.222656 0.0312422 0.0410156 0.210083
0 0.393456 0.97168 0.0468633 0.0566406 0.204346
0 0.452361 0.578125 0.0533721 0.0644531 0.158691
0 0.920343 0.512695 0.0416563 0.046875 0.133911
0 0.846143 0.541504 0.0898213 0.108398 0.122925
0 0.0782682 0.609375 0.0738748 0.0917969 0.0723877
0 0.0658201 0.600586 0.102025 0.107422 0.0680542
0 0.675612 0.433105 0.0728984 0.0820312 0.043457
0 0.97762 0.458008 0.0312422 0.0429688 0.041687
0 0.315025 0.215332 0.0286387 0.0361328 0.0385437
0 0.441621 0.268555 0.0325439 0.0419922 0.035553
0 0.353753 0.407227 0.0624844 0.0546875 0.0345459
0 0.350173 0.217041 0.0208281 0.0371094 0.033783
0 0.6665 0.425781 0.0650879 0.078125 0.0324707
0 0.0585791 0.577148 0.102513 0.109375 0.0324707
0 0.44455 0.229004 0.0279878 0.0429688 0.0319214
0 0.273369 0.162109 0.0247334 0.0263672 0.0285492
0 0.481 0.211426 0.0234316 0.03125 0.0251312
0 0.0549993 0.554688 0.0947029 0.137695 0.0217743
0 0.17411 0.291016 0.0384019 0.046875 0.019165
0 0.308517 0.954102 0.0455615 0.0703125 0.0171814
0 0.721174 0.474609 0.0390527 0.0683594 0.016983
0 0.944425 0.402832 0.0325439 0.0371094 0.0153046
0 0.799279 0.416016 0.0390527 0.0488281 0.0149536
0 0.911231 0.512695 0.0390527 0.0703125 0.0145569
0 0.919041 0.49707 0.0520703 0.0703125 0.0144501
0 0.0606945 0.56543 0.112602 0.175781 0.0136871
0 0.976318 0.427734 0.0351475 0.0595703 0.0125275
0 0.840285 0.518555 0.0768037 0.132812 0.0122375
0 0.485556 0.174072 0.0312422 0.0454102 0.011467
0 0.723777 0.26416 0.0390527 0.0556641 0.011467
0 0.321534 0.164795 0.0286387 0.0307617 0.0109863
0 0.695139 0.228027 0.0312422 0.0380859 0.0104904
0 0.898213 0.344971 0.0247334 0.0336914 0.00985718
0 0.222275 0.911133 0.409403 0.177734 0.00837708
0 0.0240825 0.291504 0.0257097 0.0385742 0.00812531
0 0.227482 0.215332 0.021479 0.0229492 0.00809479
0 0.515822 0.241211 0.0371001 0.0693359 0.00793457
0 0.934662 0.35498 0.0312422 0.0419922 0.00784302
0 0.278576 0.21582 0.0234316 0.0253906 0.00720596
0 0.852651 0.357422 0.0286387 0.0439453 0.00679779
0 0.227157 0.9375 0.202423 0.121094 0.00664139
0 0.559105 0.217773 0.0221299 0.0283203 0.00661469
0 0.324463 0.621094 0.0514194 0.0722656 0.00624084
0 0.611826 0.223145 0.0286387 0.0332031 0.00579834
0 0.720523 0.234863 0.0364492 0.0507812 0.00564194
0 0.319582 0.630859 0.0468633 0.0625 0.00536346
0 0.267186 0.597656 0.0338457 0.0449219 0.00510025
0 0.396385 0.96875 0.0494668 0.0546875 0.142212
0 0.3889 0.223633 0.0325439 0.046875 0.102295
0 0.640465 0.399414 0.0299404 0.0419922 0.0939941
0 0.442598 0.224609 0.0325439 0.046875 0.0758667
0 0.476443 0.207031 0.0260352 0.0380859 0.0632324
0 0.275647 0.160156 0.0292896 0.0332031 0.0441895
0 0.21121 0.673828 0.0449106 0.0566406 0.0366211
0 0.483929 0.178223 0.0331948 0.0488281 0.0267639
0 0.35538 0.402344 0.048165 0.0478516 0.0214844
0 0.686026 0.225586 0.0260352 0.0410156 0.0201416
0 0.165323 0.90332 0.330647 0.193359 0.0174408
0 0.659991 0.608398 0.0390527 0.0488281 0.0152512
0 0.319582 0.161621 0.0325439 0.0371094 0.0141754
0 0.561709 0.220703 0.0260352 0.0371094 0.0135345
0 0.518425 0.166016 0.0240825 0.0371094 0.0110703
0 0.316327 0.211914 0.0338457 0.0400391 0.0109863
0 0.981525 0.456055 0.0312422 0.0410156 0.0109024
0 0.723777 0.23291 0.0299404 0.0478516 0.0106506
0 0.166788 0.778809 0.333575 0.442383 0.0100555
0 0.648926 0.165527 0.0273369 0.0371094 0.00985718
0 0.346268 0.215576 0.0273369 0.0444336 0.00967407
0 0.564312 0.158203 0.0260352 0.0327148 0.00955963
0 0.606619 0.218994 0.0286387 0.0385742 0.00933838
0 0.0618335 0.908203 0.0950283 0.173828 0.00933838
0 0.0489786 0.57666 0.0833125 0.0927734 0.00793457
0 0.159181 0.914062 0.290862 0.158203 0.00769424
0 0.311771 0.935547 0.0442598 0.0703125 0.00734711
0 0.0668778 0.603516 0.0849397 0.0859375 0.00695801
0 0.175412 0.656738 0.350824 0.68457 0.0064621
0 0.978922 0.42627 0.0364492 0.0556641 0.00629044
0 0.520052 0.282715 0.037751 0.0512695 0.00616837
0 0.0441784 0.559082 0.0763156 0.120117 0.00602722
0 0.449106 0.584961 0.0384019 0.0449219 0.00568771
0 0.237571 0.939453 0.164672 0.103516 0.00568771
0 0.028476 0.291016 0.0325439 0.0478516 0.00547028
0 0.0820921 0.60791 0.0626471 0.0849609 0.00536346
0 0.207468 0.93457 0.222275 0.126953 0.00494385
0 0.561058 0.665039 0.0351475 0.0458984 0.00460815
0 0.175412 0.80127 0.350824 0.389648 0.00415039
0 0.0556501 0.569336 0.0966555 0.140625 0.00411606
0 0.430231 0.959961 0.221299 0.0800781 0.00307465
0 0.808392 0.217285 0.0260352 0.0341797 0.00304031
0 0.374255 0.947266 0.113253 0.101562 0.00298119
0 0.510289 0.412109 0.037751 0.0507812 0.00283432
0 0.258968 0.59375 0.496132 0.794922 0.00283432
0 0.0520703 0.529297 0.0898213 0.185547 0.00282288
0 0.896911 0.337402 0.0260352 0.0361328 0.00266266
0 0.0865262 0.630859 0.0495482 0.0625 0.00253105
0 0.676914 0.450684 0.0390527 0.0488281 0.00251198
0 0.298103 0.865723 0.596205 0.268555 0.00248146
0 0.396711 0.96875 0.0436089 0.0585938 0.442627
0 0.390853 0.220459 0.026686 0.0429688 0.088501
0 0.857858 0.553223 0.0598809 0.0761719 0.085083
0 0.64437 0.400391 0.0286387 0.046875 0.0736694
0 0.481 0.213867 0.0260352 0.0361328 0.0628052
0 0.0289641 0.290527 0.0299404 0.0458984 0.0623169
0 0.348871 0.216309 0.0247334 0.0410156 0.0534058
0 0.31112 0.951172 0.0410054 0.0742188 0.053009
0 0.441296 0.266113 0.0312422 0.0458984 0.0450134
0 0.686026 0.219238 0.0234316 0.0380859 0.0448608
0 0.210722 0.671875 0.045887 0.0537109 0.0415344
0 0.311446 0.932617 0.0423071 0.0761719 0.0371094
0 0.67366 0.446289 0.048165 0.0625 0.0333252
0 0.441296 0.230225 0.0318931 0.0478516 0.0327759
0 0.447479 0.583008 0.0384019 0.0566406 0.0320435
0 0.607921 0.225098 0.0286387 0.0419922 0.0314941
0 0.0523958 0.854004 0.0455615 0.0537109 0.0307312
0 0.658039 0.605469 0.0351475 0.0488281 0.0272217
0 0.521679 0.291992 0.0390527 0.0576172 0.0265045
0 0.248961 0.942383 0.117809 0.0996094 0.026001
0 0.561709 0.218262 0.0247334 0.0341797 0.0244293
0 0.21837 0.933594 0.119762 0.125 0.0222015
0 0.356031 0.405273 0.0357983 0.0458984 0.0212402
0 0.827918 0.533203 0.0468633 0.0703125 0.0207672
0 0.0744443 0.604492 0.0668778 0.0820312 0.0200653
0 0.48523 0.174805 0.0312422 0.0458984 0.0175781
0 0.0343339 0.581055 0.0497922 0.0761719 0.0173035
0 0.320232 0.161377 0.026686 0.0336914 0.0165863
0 0.565939 0.66748 0.0312422 0.0478516 0.0161591
0 0.980875 0.450195 0.0351475 0.0566406 0.0146713
0 0.272067 0.164062 0.0247334 0.03125 0.0129242
0 0.0852245 0.609863 0.0528026 0.078125 0.0126724
0 0.690583 0.276367 0.0286387 0.043457 0.0125275
0 0.720523 0.231445 0.0325439 0.046875 0.0120544
0 0.96981 0.427246 0.0494668 0.0732422 0.0116425
0 0.948331 0.404297 0.0416563 0.0507812 0.01017
0 0.675612 0.427734 0.0468633 0.0703125 0.00997162
0 0.315025 0.213867 0.0286387 0.0380859 0.00955963
0 0.275973 0.210449 0.0227808 0.0327148 0.00901794
0 0.863065 0.568848 0.0546738 0.0683594 0.00898743
0 0.820107 0.592773 0.0494668 0.0488281 0.00891876
0 0.187128 0.220703 0.0201772 0.0327148 0.00888062
0 0.028476 0.340332 0.0292896 0.0439453 0.00871277
0 0.842237 0.474609 0.0520703 0.0507812 0.00841522
0 0.665198 0.450195 0.048165 0.0664062 0.00800323
0 0.0244893 0.40625 0.0237571 0.0400391 0.00740433
0 0.390202 0.946289 0.0598809 0.0996094 0.00740433
0 0.801883 0.415039 0.0390527 0.0488281 0.00728989
0 0.0602063 0.957031 0.0462124 0.0605469 0.00674438
0 0.386622 0.514648 0.0338457 0.0449219 0.00661469
0 0.395734 0.964844 0.0507686 0.0664062 0.452393
0 0.210885 0.670898 0.0514194 0.0585938 0.110107
0 0.481 0.211426 0.0312422 0.0419922 0.0800781
0 0.311446 0.951172 0.0416563 0.0742188 0.0778198
0 0.520378 0.294434 0.0423071 0.0605469 0.0658569
0 0.441296 0.230469 0.0312422 0.0429688 0.0564575
0 0.443249 0.264648 0.0364492 0.0458984 0.0448608
0 0.653482 0.399902 0.0416563 0.0556641 0.044342
0 0.348871 0.220215 0.0299404 0.0449219 0.0420837
0 0.853302 0.550781 0.0742002 0.0859375 0.0380249
0 0.392155 0.21875 0.0305913 0.0429688 0.0379639
0 0.0857533 0.614746 0.0595554 0.0791016 0.0367737
0 0.383042 0.508789 0.0462124 0.0566406 0.035675
0 0.0715967 0.603516 0.0865669 0.0888672 0.0325317
0 0.175086 0.281494 0.0393782 0.0507812 0.0296478
0 0.561383 0.220703 0.026686 0.0361328 0.028595
0 0.678867 0.443359 0.0533721 0.0673828 0.0279083
0 0.60727 0.231445 0.0325439 0.0439453 0.0248871
0 0.0305913 0.288574 0.0335203 0.0458984 0.0230713
0 0.312747 0.9375 0.0442598 0.0820312 0.0225372
0 0.311771 0.219238 0.0325439 0.0449219 0.0215759
0 0.675612 0.432617 0.0546738 0.0742188 0.0212402
0 0.0918146 0.628418 0.0474328 0.0664062 0.0200195
0 0.0509313 0.583008 0.0846143 0.0878906 0.0189819
0 0.359285 0.40625 0.0585791 0.0566406 0.0157776
0 0.416888 0.960938 0.0839634 0.0546875 0.0149002
0 0.361563 0.951172 0.108697 0.0664062 0.0139542
0 0.280529 0.213379 0.0299404 0.0292969 0.0137939
0 0.838983 0.535156 0.0794072 0.0996094 0.011734
0 0.224228 0.214355 0.0273369 0.0263672 0.0115967
0 0.26027 0.938477 0.114717 0.0996094 0.0115967
0 0.510289 0.402832 0.0455615 0.0654297 0.0112457
0 0.686026 0.222656 0.0234316 0.0322266 0.0100937
0 0.371326 0.510742 0.0611826 0.0546875 0.00955963
0 0.225204 0.93335 0.108046 0.121582 0.00945282
0 0.689932 0.274658 0.0273369 0.0371094 0.00878143
0 0.659991 0.605957 0.0442598 0.0507812 0.008255
0 0.180293 0.22998 0.0325439 0.0419922 0.00818634
0 0.723777 0.231934 0.0312422 0.0419922 0.00806427
0 0.320558 0.158447 0.0279878 0.0258789 0.00793457
0 0.391829 0.944336 0.0657388 0.0957031 0.00737381
0 0.649577 0.169434 0.0286387 0.0415039 0.00723267
0 0.0309168 0.338135 0.0361238 0.0463867 0.00701141
0 0.638512 0.217529 0.0273369 0.0288086 0.00679779
0 0.82922 0.581055 0.0676914 0.0546875 0.00653839
0 0.513869 0.221191 0.0305913 0.0361328 0.00621796
0 0.981525 0.448242 0.0364492 0.0546875 0.00619125
0 0.27402 0.163574 0.0286387 0.0297852 0.00605011
0 0.860462 0.563965 0.0650879 0.0761719 0.00593567
0 0.0657388 0.283691 0.042958 0.0449219 0.00579834
0 0.396385 0.96875 0.0436089 0.0546875 0.50293
0 0.477745 0.205566 0.0286387 0.043457 0.112427
0 0.389226 0.214844 0.0299404 0.0410156 0.0957031
0 0.563987 0.211914 0.0305913 0.0405273 0.0560303
0 0.209258 0.669434 0.0501177 0.0556641 0.0446777
0 0.445852 0.221191 0.0305913 0.0371094 0.0397949
0 0.312422 0.926758 0.0390527 0.0664062 0.0396423
0 0.309818 0.945312 0.0371001 0.0742188 0.0386047
0 0.321534 0.164551 0.0286387 0.0332031 0.0301056
0 0.272718 0.158203 0.0260352 0.03125 0.0281067
0 0.649577 0.17041 0.0299404 0.0458984 0.0273285
0 0.607921 0.220703 0.0338457 0.043457 0.0271759
0 0.246032 0.9375 0.139939 0.109375 0.0254669
0 0.320883 0.206055 0.0357983 0.0419922 0.0240936
0 0.0281505 0.286133 0.0289641 0.0458984 0.0230255
0 0.346593 0.211426 0.0299404 0.043457 0.0201721
0 0.229923 0.933594 0.127247 0.126953 0.0183716
0 0.485881 0.175049 0.0312422 0.0458984 0.0163422
0 0.0667151 0.602539 0.0943774 0.0986328 0.0150757
0 0.561058 0.163086 0.0247334 0.0351562 0.0131226
0 0.522005 0.283936 0.042958 0.0639648 0.0106506
0 0.0517449 0.587402 0.0823362 0.0800781 0.0106125
0 0.680819 0.448242 0.0468633 0.0595703 0.0100098
0 0.446178 0.262939 0.0364492 0.046875 0.00901794
0 0.0788377 0.612305 0.071434 0.0859375 0.0085144
0 0.686026 0.220459 0.0260352 0.0366211 0.00821686
0 0.646974 0.408203 0.0338457 0.0449219 0.0078125
0 0.225041 0.929443 0.183222 0.125488 0.00679779
0 0.63721 0.206543 0.0286387 0.0380859 0.00658798
0 0.0867296 0.626953 0.0543484 0.0742188 0.00614548
0 0.22553 0.210938 0.0227808 0.0288086 0.00595856
0 0.418841 0.96582 0.0787564 0.0488281 0.00595856
0 0.277925 0.209961 0.0260352 0.0292969 0.00568771
0 0.723126 0.227539 0.0286387 0.0380859 0.00488663
0 0.516147 0.21582 0.0279878 0.0366211 0.00471878
0 0.396385 0.942383 0.0559756 0.0957031 0.0041008
0 0.172808 0.287109 0.0384019 0.046875 0.00374985
0 0.0608572 0.278809 0.0452361 0.0439453 0.00356483
0 0.182734 0.218506 0.0237571 0.0307617 0.00336266
0 0.658689 0.601562 0.0390527 0.0410156 0.00304031
0 0.981525 0.450684 0.0286387 0.0507812 0.0029583
0 0.678216 0.431641 0.0468633 0.0703125 0.00275803
0 0.722476 0.470703 0.0312422 0.0566406 0.00275803
0 0.857858 0.546875 0.0637861 0.0800781 0.00255013
0 0.97762 0.424805 0.0364492 0.0644531 0.00253105
0 0.691233 0.270996 0.0286387 0.0429688 0.00230598
0 0.606619 0.160156 0.0234316 0.0385742 0.00227928
0 0.448456 0.582031 0.037751 0.0488281 0.00226974
0 0.0292082 0.338379 0.0310795 0.046875 0.00218201
0 0.397362 0.15625 0.0208281 0.0273438 0.00209999
0 0.393782 0.966797 0.0455615 0.0546875 0.556641
0 0.519401 0.283203 0.042958 0.0683594 0.0966797
0 0.209583 0.672363 0.0488159 0.0576172 0.0913696
0 0.438692 0.220703 0.0247334 0.03125 0.0775146
0 0.309818 0.951172 0.0390527 0.0625 0.072876
0 0.478396 0.205566 0.0234316 0.0390625 0.0408325
0 0.387924 0.212402 0.0286387 0.0380859 0.0405273
0 0.55878 0.210449 0.0253843 0.0361328 0.0351562
0 0.172157 0.283691 0.037751 0.0454102 0.0350037
0 0.311771 0.929688 0.0403545 0.0664062 0.0302734
0 0.0881941 0.62793 0.0484905 0.0683594 0.0256653
0 0.347244 0.208984 0.026686 0.0405273 0.0249939
0 0.0862008 0.615723 0.0541043 0.078125 0.0219421
0 0.0235944 0.288574 0.0270115 0.0439453 0.0216217
0 0.311771 0.209473 0.0299404 0.0395508 0.0196838
0 0.07778 0.607422 0.069644 0.0878906 0.0167847
0 0.720523 0.22998 0.0286387 0.0390625 0.0160217
0 0.319256 0.162598 0.0253843 0.0273438 0.0157166
0 0.0338457 0.583008 0.0660642 0.0771484 0.0137405
0 0.680819 0.446289 0.0494668 0.0605469 0.0136871
0 0.606619 0.218262 0.0260352 0.0380859 0.0117798
0 0.687328 0.221191 0.0221299 0.0351562 0.0115051
0 0.260352 0.933594 0.106093 0.0976562 0.0115051
0 0.982301 0.450195 0.0353975 0.0556641 0.0108566
0 0.656737 0.604492 0.0390527 0.0488281 0.0104065
0 0.179317 0.219238 0.0253843 0.0263672 0.00971222
0 0.444876 0.265625 0.0371001 0.046875 0.00930023
0 0.676263 0.430664 0.0442598 0.0644531 0.0085144
0 0.643719 0.171143 0.0247334 0.0419922 0.00793457
0 0.276949 0.208984 0.0234316 0.0322266 0.0078125
0 0.982952 0.735352 0.0340957 0.0703125 0.0078125
0 0.230899 0.928711 0.0790818 0.105469 0.00769424
0 0.506058 0.405273 0.0436089 0.0546875 0.00757599
0 0.64437 0.407715 0.0338457 0.0478516 0.00723267
0 0.979573 0.427734 0.0403545 0.0644531 0.00679779
0 0.766084 0.603516 0.0403545 0.0546875 0.00661469
0 0.719872 0.466309 0.0351475 0.0576172 0.00653839
0 0.512893 0.214111 0.0299404 0.0332031 0.00651169
0 0.223089 0.211914 0.0224553 0.0263672 0.00629044
0 0.0234316 0.342529 0.0276624 0.0424805 0.00544739
0 0.980224 0.757812 0.0338457 0.0644531 0.00538635
0 0.228459 0.933594 0.167276 0.113281 0.00471878
0 0.269464 0.161621 0.0234316 0.0253906 0.00448608
0 0.0514194 0.874023 0.0572773 0.0839844 0.00397491
0 0.691233 0.273438 0.0260352 0.0380859 0.00390053
0 0.393131 0.943359 0.0546738 0.0898438 0.00349617
0 0.558454 0.164307 0.0227808 0.0302734 0.00341606
0 0.359285 0.410156 0.054023 0.0507812 0.00336266
0 0.726381 0.264648 0.0286387 0.0517578 0.00321007
0 0.635258 0.207031 0.0286387 0.0356445 0.00300407
0 0.393782 0.964844 0.042958 0.0566406 0.57959
0 0.312422 0.926758 0.0390527 0.0605469 0.107422
0 0.386622 0.21582 0.0325439 0.0429688 0.106689
0 0.309818 0.945312 0.0390527 0.0703125 0.0847778
0 0.210559 0.671875 0.0468633 0.0527344 0.0687866
0 0.441621 0.22583 0.0292896 0.0395508 0.0653687
0 0.518425 0.284668 0.0455615 0.0683594 0.0643921
0 0.272067 0.15918 0.0299404 0.0332031 0.0495911
0 0.477745 0.20752 0.0273369 0.0400391 0.049408
0 0.344315 0.209961 0.0338457 0.0449219 0.0419312
0 0.561058 0.212891 0.0312422 0.0380859 0.0394287
0 0.0875025 0.626953 0.0475955 0.0722656 0.0331421
0 0.0296964 0.289307 0.0366119 0.0546875 0.0327148
0 0.0845736 0.615723 0.0567078 0.0820312 0.0296478
0 0.313398 0.209473 0.0357983 0.0439453 0.0279083
0 0.268894 0.931641 0.0883568 0.0898438 0.0261993
0 0.321534 0.158447 0.0286387 0.0317383 0.0250397
0 0.0733052 0.606934 0.0789191 0.0878906 0.0232849
0 0.224228 0.923828 0.0553247 0.0917969 0.0216217
0 0.484905 0.172363 0.0299404 0.0424805 0.0196381
0 0.605317 0.219238 0.0299404 0.0410156 0.0180206
0 0.645672 0.168457 0.0273369 0.0429688 0.0145035
0 0.687979 0.218262 0.0234316 0.0327148 0.0141754
0 0.44455 0.26123 0.0397036 0.0527344 0.0138474
0 0.560081 0.161133 0.0253843 0.0322266 0.0113297
0 0.721174 0.22876 0.0312422 0.0361328 0.0111618
0 0.045887 0.583008 0.0826616 0.078125 0.01017
0 0.645672 0.407227 0.0416563 0.046875 0.00898743
0 0.676914 0.444336 0.0494668 0.0644531 0.0088501
0 0.673009 0.429199 0.048165 0.0644531 0.00857544
0 0.202749 0.931641 0.0761528 0.101562 0.00669098
0 0.394433 0.942383 0.0507686 0.0878906 0.00624084
0 0.222763 0.93457 0.0953538 0.111328 0.00577545
0 0.635258 0.208496 0.0286387 0.0341797 0.00564194
0 0.512893 0.21875 0.0351475 0.0361328 0.00534439
0 0.171018 0.285889 0.0400291 0.0454102 0.00530243
0 0.0281505 0.334473 0.0362865 0.059082 0.00475693
0 0.449106 0.583008 0.0416563 0.0566406 0.00453949
0 0.982827 0.733887 0.0325439 0.0693359 0.00403976
0 0.279227 0.208252 0.0286387 0.0341797 0.00388527
0 0.19266 0.939453 0.0852651 0.0976562 0.00385475
0 0.973064 0.423828 0.042958 0.0625 0.00349617
0 0.398989 0.1521 0.0234316 0.0297852 0.00340271
0 0.0541857 0.878662 0.0605317 0.090332 0.00325966
0 0.34822 0.923828 0.0820107 0.0664062 0.00323486
0 0.71857 0.463867 0.0364492 0.0566406 0.00301552
0 0.515496 0.157227 0.0240825 0.0322266 0.00291252
0 0.0589045 0.28125 0.0434462 0.0478516 0.00251198
0 0.381741 0.511719 0.0416563 0.0517578 0.0024929
0 0.602714 0.152832 0.0208281 0.0341797 0.00243378
0 0.394758 0.96875 0.048165 0.0625 0.59082
0 0.31112 0.951172 0.0410054 0.0761719 0.130249
0 0.520052 0.288574 0.0475142 0.0693359 0.0930176
0 0.345617 0.215332 0.0292896 0.0371094 0.083313
0 0.443574 0.228027 0.0273369 0.0380859 0.076416
0 0.0722476 0.611816 0.0849397 0.0966797 0.0739746
0 0.313398 0.933594 0.0410054 0.0742188 0.0715942
0 0.062403 0.604492 0.10951 0.103516 0.0670776
0 0.388575 0.21875 0.0299404 0.0361328 0.0653687
0 0.208769 0.672852 0.054023 0.0585938 0.0646362
0 0.845492 0.537109 0.0911231 0.115234 0.0603027
0 0.561709 0.214355 0.0299404 0.0332031 0.0538025
0 0.0579282 0.586914 0.108046 0.0957031 0.0534058
0 0.0832718 0.621094 0.061264 0.0859375 0.042572
0 0.476443 0.209473 0.0234316 0.0332031 0.0401611
0 0.0313235 0.290039 0.03889 0.0537109 0.028656
0 0.268732 0.94043 0.0964928 0.103516 0.028595
0 0.171832 0.290039 0.0390527 0.0498047 0.0251312
0 0.676914 0.444336 0.0520703 0.0683594 0.024231
0 0.315351 0.212891 0.0318931 0.0356445 0.0231018
0 0.646323 0.169434 0.0247334 0.0400391 0.0219116
0 0.608572 0.225586 0.0299404 0.0410156 0.0192719
0 0.321534 0.164551 0.026686 0.0297852 0.0155411
0 0.23334 0.9375 0.0820107 0.117188 0.0149536
0 0.484579 0.174561 0.0260352 0.0424805 0.014389
0 0.673009 0.432617 0.0494668 0.0742188 0.0143356
0 0.272393 0.164551 0.0253843 0.0302734 0.0142288
0 0.445852 0.261719 0.037751 0.0498047 0.0141144
0 0.689932 0.222168 0.0234316 0.0322266 0.0115051
0 0.560407 0.166016 0.0234316 0.0322266 0.0113297
0 0.649577 0.411621 0.0416563 0.0527344 0.0107803
0 0.357333 0.410156 0.0637861 0.0527344 0.00963593
0 0.235618 0.938477 0.127572 0.119141 0.00919342
0 0.722476 0.231445 0.0286387 0.0400391 0.0088501
0 0.767386 0.599609 0.048165 0.0703125 0.00815582
0 0.415912 0.96875 0.0820107 0.0585938 0.00769424
0 0.719872 0.466797 0.0390527 0.0654297 0.00638962
0 0.975017 0.425781 0.042958 0.0703125 0.00577545
0 0.842237 0.509766 0.0846143 0.115234 0.00568771
0 0.834427 0.566406 0.0989336 0.0878906 0.00551224
0 0.38109 0.511719 0.042958 0.0527344 0.00524139
0 0.395409 0.944336 0.0553247 0.0917969 0.00516129
0 0.0445852 0.5625 0.0803835 0.109375 0.00432968
0 0.279878 0.210938 0.0260352 0.0268555 0.00431442
0 0.513869 0.219238 0.0318931 0.0297852 0.00390053
0 0.0304286 0.335693 0.0400291 0.0605469 0.00359344
0 0.514845 0.970703 0.0397036 0.0507812 0.00359344
0 0.635909 0.211426 0.0273369 0.0283203 0.00356483
0 0.517449 0.163086 0.0201772 0.0307617 0.00351143
0 0.352776 0.929688 0.0833125 0.0742188 0.00336266
0 0.393131 0.966797 0.0462124 0.0546875 0.689453
0 0.31112 0.951172 0.0390527 0.0625 0.121704
0 0.209583 0.671875 0.0491414 0.0527344 0.0817871
0 0.313724 0.932617 0.0403545 0.0664062 0.0766602
0 0.445201 0.227051 0.0299404 0.0371094 0.0715942
0 0.387598 0.217773 0.0325439 0.0356445 0.0637207
0 0.562685 0.214355 0.0318931 0.0341797 0.0630493
0 0.479698 0.210693 0.0279878 0.0341797 0.0621033
0 0.345617 0.213623 0.0312422 0.0361328 0.0585632
0 0.519401 0.288574 0.0455615 0.0605469 0.0368347
0 0.645672 0.165283 0.0286387 0.0415039 0.0345459
0 0.0626471 0.604004 0.107395 0.0957031 0.0336609
0 0.0723289 0.613281 0.0828243 0.0898438 0.0318604
0 0.674961 0.446289 0.0468633 0.0595703 0.0288086
0 0.0855906 0.625488 0.0533721 0.0732422 0.0246124
0 0.0599622 0.586914 0.107883 0.0917969 0.0244293
0 0.273369 0.162109 0.0299404 0.0322266 0.0240021
0 0.0304286 0.288086 0.0349847 0.0488281 0.0181885
0 0.612477 0.225098 0.0325439 0.0410156 0.0158386
0 0.322185 0.162598 0.0299404 0.0332031 0.0150757
0 0.316978 0.214844 0.0351475 0.0351562 0.0143356
0 0.486207 0.174316 0.0312422 0.043457 0.0141754
0 0.560407 0.164307 0.0273369 0.0341797 0.0135345
0 0.692535 0.223633 0.0260352 0.0332031 0.0116882
0 0.444225 0.263672 0.0357983 0.0458984 0.0107346
0 0.274345 0.9375 0.0904722 0.09375 0.008255
0 0.27402 0.950195 0.0748511 0.0839844 0.00775528
0 0.645672 0.412598 0.0364492 0.0449219 0.00731659
0 0.71857 0.467773 0.0364492 0.0517578 0.00706482
0 0.171832 0.286377 0.0390527 0.0415039 0.00542831
0 0.671707 0.434082 0.0468633 0.0693359 0.00542831
0 0.514845 0.221191 0.0338457 0.0341797 0.0046463
0 0.395734 0.944336 0.0494668 0.0898438 0.00424957
0 0.412657 0.966797 0.0872178 0.0488281 0.0042305
0 0.723777 0.229248 0.0286387 0.0371094 0.00407028
0 0.22374 0.929688 0.0556501 0.0957031 0.0036068
0 0.358309 0.413086 0.0533721 0.0429688 0.00335121
0 0.79993 0.328125 0.0364492 0.0439453 0.00322342
0 0.976969 0.425781 0.0390527 0.0625 0.00312424
0 0.518425 0.160156 0.0221299 0.03125 0.00302696
0 0.227482 0.943359 0.108697 0.0976562 0.0028553
0 0.979573 0.448242 0.0325439 0.0537109 0.0026722
0 0.22618 0.214844 0.0240825 0.0253906 0.00254059
0 0.279227 0.213867 0.0286387 0.0263672 0.00245285
0 0.635258 0.213379 0.0286387 0.0263672 0.00245285
0 0.983478 0.733398 0.0299404 0.0683594 0.00234222
0 0.381415 0.512695 0.0403545 0.046875 0.00215721
0 0.512242 0.970703 0.0364492 0.0410156 0.00213242
0 0.0485718 0.563477 0.0841261 0.113281 0.00205803
0 0.727683 0.267822 0.0312422 0.0493164 0.00197983
0 0.394433 0.967773 0.0442598 0.0605469 0.690918
0 0.209908 0.672852 0.0501177 0.0546875 0.112
0 0.312096 0.929688 0.037751 0.0664062 0.108948
0 0.310795 0.953125 0.0371001 0.0703125 0.0970459
0 0.388249 0.21875 0.0305913 0.0400391 0.0661011
0 0.520703 0.289551 0.0455615 0.0664062 0.049408
0 0.480349 0.208984 0.0260352 0.0361328 0.0488586
0 0.443899 0.226807 0.0273369 0.0371094 0.0483093
0 0.346268 0.214355 0.0299404 0.0400391 0.041626
0 0.0704576 0.61084 0.0885195 0.0957031 0.0381165
0 0.56301 0.214844 0.0299404 0.0361328 0.0344849
0 0.0598809 0.603027 0.114229 0.102539 0.0320435
0 0.0833125 0.623047 0.0602063 0.0810547 0.0306244
0 0.0294523 0.289307 0.0335203 0.0493164 0.0301514
0 0.265477 0.9375 0.0977946 0.101562 0.0259094
0 0.674961 0.443359 0.0507686 0.0664062 0.02211
0 0.0582537 0.586914 0.107395 0.0917969 0.0189362
0 0.485881 0.17334 0.0279878 0.0410156 0.018692
0 0.445852 0.263184 0.0351475 0.0478516 0.0151291
0 0.172483 0.285645 0.0380764 0.0473633 0.0148392
0 0.272718 0.161865 0.0260352 0.0307617 0.0143356
0 0.611175 0.22583 0.0299404 0.0424805 0.0138474
0 0.646323 0.16748 0.0260352 0.0410156 0.0136337
0 0.222601 0.932617 0.0605317 0.107422 0.0129242
0 0.318931 0.215088 0.0325439 0.0390625 0.0124817
0 0.321209 0.163086 0.0273369 0.0317383 0.0106125
0 0.690583 0.222168 0.0221299 0.0332031 0.0105667
0 0.226831 0.939453 0.105442 0.109375 0.00985718
0 0.225367 0.212646 0.0234316 0.0268555 0.00837708
0 0.562034 0.162598 0.0240825 0.0307617 0.00806427
0 0.357333 0.413086 0.0533721 0.0488281 0.00763702
0 0.646323 0.414062 0.0351475 0.0517578 0.00728989
0 0.396385 0.945312 0.0442598 0.09375 0.00643921
0 0.18127 0.220703 0.0247334 0.0292969 0.00591278
0 0.719872 0.46582 0.0364492 0.0605469 0.00488663
0 0.725079 0.229004 0.0260352 0.0375977 0.00479126
0 0.846143 0.539551 0.080709 0.0966797 0.00450516
0 0.412332 0.970703 0.0839634 0.0546875 0.00431442
0 0.187779 0.947266 0.0709458 0.09375 0.00426483
0 0.517449 0.220215 0.0312422 0.0351562 0.00365067
0 0.833776 0.525391 0.0728984 0.0917969 0.00341606
0 0.0497922 0.875 0.054023 0.0859375 0.00341606
0 0.727683 0.266113 0.0286387 0.0507812 0.00313568
0 0.51875 0.157959 0.0188755 0.0288086 0.00309944
0 0.768037 0.604492 0.0403545 0.0644531 0.00309944
0 0.279227 0.212402 0.0273369 0.0283203 0.003088
0 0.63721 0.210693 0.0260352 0.0307617 0.003088
0 0.353102 0.926758 0.075502 0.0683594 0.00305176
0 0.0624844 0.281738 0.0371001 0.0429688 0.00268364
0 0.693837 0.272949 0.0286387 0.0400391 0.00259018
0 0.394433 0.967773 0.0455615 0.0605469 0.717773
0 0.209583 0.672852 0.0507686 0.0566406 0.168335
0 0.311771 0.953125 0.0390527 0.0683594 0.146606
0 0.312096 0.928711 0.0397036 0.0644531 0.139893
0 0.3889 0.21875 0.0299404 0.0380859 0.0797729
0 0.480349 0.208984 0.0260352 0.0341797 0.0558167
0 0.442923 0.226074 0.026686 0.0351562 0.0520325
0 0.347569 0.213867 0.0286387 0.0380859 0.0479431
0 0.520703 0.288818 0.0455615 0.0644531 0.0440063
0 0.562685 0.214111 0.0299404 0.0341797 0.0391235
0 0.0751765 0.612305 0.0784309 0.0917969 0.0345459
0 0.0860787 0.625977 0.0546738 0.0742188 0.033844
0 0.0628098 0.604492 0.106093 0.0986328 0.0317383
0 0.0289641 0.289062 0.0331948 0.0473633 0.0316162
0 0.675612 0.444336 0.0494668 0.0625 0.0270691
0 0.484905 0.172363 0.0273369 0.0390625 0.0264587
0 0.274752 0.9375 0.0779428 0.09375 0.0219116
0 0.0558942 0.585938 0.100724 0.0878906 0.0196838
0 0.272718 0.161133 0.0260352 0.0273438 0.0185394
0 0.173134 0.287598 0.0364492 0.0449219 0.0160217
0 0.44455 0.263428 0.0351475 0.046875 0.0158997
0 0.610524 0.224121 0.0286387 0.0410156 0.0151291
0 0.645672 0.412109 0.0338457 0.046875 0.0133286
0 0.690583 0.221191 0.0221299 0.0322266 0.0131226
0 0.673009 0.432617 0.048165 0.0703125 0.0121918
0 0.316978 0.212891 0.0312422 0.0371094 0.0120544
0 0.320232 0.162354 0.0260352 0.0288086 0.0116882
0 0.646974 0.166992 0.0260352 0.0380859 0.0104065
0 0.562359 0.161865 0.0247334 0.0283203 0.00945282
0 0.357983 0.412109 0.0507686 0.0488281 0.00844574
0 0.22618 0.212891 0.0227808 0.0263672 0.0078125
0 0.719872 0.469727 0.0364492 0.0566406 0.00766754
0 0.22553 0.928711 0.0507686 0.0976562 0.00712204
0 0.397036 0.945312 0.0455615 0.09375 0.00706482
0 0.725079 0.227539 0.0260352 0.0351562 0.00669098
0 0.85135 0.543457 0.075502 0.0888672 0.00557709
0 0.976318 0.424805 0.0390527 0.0644531 0.00551224
0 0.181921 0.219238 0.0234316 0.0273438 0.00538635
0 0.82922 0.525391 0.0637861 0.0839844 0.00448608
0 0.22618 0.942383 0.0917739 0.105469 0.00395966
0 0.768037 0.604492 0.042958 0.0644531 0.00380898
0 0.352776 0.924805 0.0702949 0.0644531 0.00380898
0 0.801883 0.327393 0.0338457 0.0449219 0.00367928
0 0.413959 0.969727 0.0820107 0.0546875 0.00323486
0 0.517449 0.219727 0.0299404 0.0327148 0.00312424
0 0.51875 0.157227 0.0182246 0.0263672 0.00305176
0 0.63656 0.210693 0.0273369 0.0302734 0.00305176
0 0.980224 0.446777 0.0312422 0.0576172 0.00300407
0 0.950283 0.402344 0.0416563 0.0507812 0.00291252
0 0.277925 0.211914 0.0253843 0.0273438 0.00273705
0 0.394433 0.967773 0.0455615 0.0605469 0.717773
0 0.209583 0.672852 0.0507686 0.0566406 0.168823
0 0.311771 0.953125 0.0390527 0.0683594 0.145142
0 0.312096 0.928711 0.0397036 0.0644531 0.139893
0 0.3889 0.21875 0.0299404 0.0380859 0.0794678
0 0.480349 0.208984 0.0260352 0.034668 0.055603
0 0.442923 0.226074 0.026686 0.034668 0.0524292
0 0.347569 0.213867 0.0286387 0.0380859 0.0483093
0 0.520703 0.288818 0.0455615 0.0644531 0.0438538
0 0.562685 0.214111 0.0299404 0.0341797 0.0391235
0 0.0751765 0.612305 0.0784309 0.0917969 0.0346069
0 0.0860787 0.625977 0.0546738 0.0742188 0.033905
0 0.0627285 0.604492 0.106256 0.0986328 0.0316772
0 0.0289641 0.289062 0.0333575 0.0473633 0.0314941
0 0.675612 0.444336 0.0494668 0.0625 0.0270691
0 0.484905 0.172363 0.0273369 0.0390625 0.0266571
0 0.274996 0.9375 0.0774546 0.09375 0.0216522
0 0.0558129 0.585938 0.100561 0.0878906 0.0196838
0 0.272718 0.161133 0.0260352 0.0273438 0.0186157
0 0.173134 0.287598 0.0364492 0.0449219 0.0162811
0 0.44455 0.263428 0.0351475 0.046875 0.0158997
0 0.610524 0.224121 0.0286387 0.0405273 0.0151291
0 0.645672 0.412109 0.0338457 0.046875 0.0134277
0 0.690583 0.221191 0.0221299 0.0322266 0.0132217
0 0.673009 0.432617 0.048165 0.0703125 0.0122375
0 0.316978 0.213135 0.0312422 0.0371094 0.0120544
0 0.320232 0.162354 0.0260352 0.0288086 0.0117798
0 0.646974 0.166992 0.0260352 0.0380859 0.0104904
0 0.562359 0.161865 0.0247334 0.0283203 0.00941467
0 0.358309 0.412109 0.0501177 0.0488281 0.00857544
0 0.22618 0.212891 0.0227808 0.0263672 0.0078125
0 0.719872 0.469727 0.0364492 0.0566406 0.00769424
0 0.225367 0.927734 0.0504431 0.0976562 0.00706482
0 0.397036 0.945312 0.0455615 0.09375 0.00701141
0 0.725079 0.227539 0.0260352 0.0351562 0.00671768
0 0.85135 0.542969 0.075502 0.0898438 0.00561905
0 0.976318 0.424805 0.0390527 0.0644531 0.00547028
0 0.181921 0.219238 0.0234316 0.0273438 0.00538635
0 0.82922 0.525391 0.0637861 0.0839844 0.00452042
0 0.226018 0.942383 0.0914485 0.105469 0.00391388
0 0.768037 0.604492 0.042958 0.0644531 0.00385475
0 0.352776 0.924805 0.0702949 0.0644531 0.00376511
0 0.801883 0.327393 0.0338457 0.0449219 0.00365067
0 0.413959 0.969727 0.0820107 0.0546875 0.00321007
0 0.517449 0.219727 0.0299404 0.0327148 0.00312424
0 0.63656 0.210693 0.0273369 0.0302734 0.00305176
0 0.51875 0.157227 0.0182246 0.0263672 0.00304031
0 0.980224 0.446777 0.0312422 0.0576172 0.00300407
0 0.950283 0.402344 0.0416563 0.0507812 0.00291252
0 0.277925 0.211914 0.0253843 0.0273438 0.00273705
