0 0.352776 0.42041 0.0794072 0.0878906 0.772461
0 0.25189 0.3927 0.0670405 0.0661621 0.32251
0 0.348546 0.436523 0.0839634 0.133789 0.172119
0 0.255877 0.380859 0.076641 0.0898438 0.0389099
0 0.301682 0.266602 0.0501177 0.0625 0.0362854
0 0.351149 0.411987 0.0904722 0.144775 0.0314331
0 0.325114 0.248047 0.10349 0.0927734 0.0219879
0 0.464077 0.335938 0.042958 0.0507812 0.0215302
0 0.530466 0.299316 0.0390527 0.0595703 0.0207214
0 0.479047 0.304688 0.080709 0.0654297 0.0116882
0 0.357333 0.263672 0.0566265 0.0776367 0.0116425
0 0.0842481 0.614258 0.0599622 0.078125 0.00775528
0 0.558579 0.5 0.882842 1 0.00734711
0 0.0736307 0.609375 0.0857533 0.0859375 0.00712204
0 0.454964 0.299072 0.0494668 0.0595703 0.0068512
0 0.5 0.5 1 1 0.00669098
0 0.315025 0.4198 0.197216 0.181885 0.00653839
0 0.5 0.5 1 1 0.00624084
0 0.5 0.5 1 1 0.00624084
0 0.5 0.5 1 1 0.00609589
0 0.5 0.5 1 1 0.00591278
0 0.535147 0.5 0.929705 1 0.00591278
0 0.5 0.5 1 1 0.00588989
0 0.638149 0.555664 0.723702 0.888672 0.00568771
0 0.844841 0.545898 0.0742002 0.0830078 0.00561905
0 0.658814 0.56665 0.682371 0.866699 0.00482941
0 0.5 0.5 1 1 0.00469971
0 0.5 0.5 1 1 0.0046463
0 0.335528 0.431152 0.145146 0.135742 0.00455475
0 0.350824 0.222656 0.149702 0.179688 0.00441742
0 0.300381 0.287598 0.0748511 0.130859 0.00395966
0 0.337155 0.482422 0.100886 0.25 0.00395966
0 0.457893 0.330078 0.0507686 0.0585938 0.0037365
0 0.524608 0.327148 0.0533721 0.0830078 0.00358009
0 0.389226 0.463745 0.153607 0.336182 0.00299263
0 0.31169 0.524536 0.182409 0.329834 0.00265312
0 0.387924 0.529419 0.184199 0.386475 0.00230598
0 0.446503 0.601562 0.0637861 0.128906 0.00215721
0 0.636685 0.459961 0.726631 0.919922 0.00208282
0 0.431533 0.297852 0.195264 0.246094 0.00203514
0 0.511916 0.42334 0.0566265 0.0595703 0.00199509
0 0.224879 0.365234 0.162069 0.104492 0.00198746
0 0.0624844 0.600586 0.113578 0.111328 0.00194931
0 0.455615 0.220703 0.360587 0.143555 0.00192642
0 0.300706 0.96582 0.0689932 0.0683594 0.00190449
0 0.838983 0.535156 0.0898213 0.101562 0.00173378
0 0.385971 0.585938 0.206979 0.283203 0.00173378
0 0.356031 0.560547 0.201772 0.253906 0.00156689
0 0.0657388 0.592773 0.12204 0.269531 0.00154305
0 0.514845 0.427734 0.128874 0.0810547 0.00142097
0 0.351475 0.412231 0.0833125 0.0817871 0.687012
0 0.25848 0.38269 0.0753392 0.0900879 0.570801
0 0.454313 0.30249 0.0520703 0.0668945 0.414062
0 0.839634 0.520508 0.0872178 0.130859 0.338135
0 0.302659 0.246582 0.0507686 0.074707 0.19873
0 0.0845736 0.608887 0.0651693 0.0742188 0.150513
0 0.371652 0.265869 0.0468633 0.0551758 0.147095
0 0.313073 0.960938 0.0728984 0.0742188 0.144165
0 0.5181 0.419922 0.0676914 0.0742188 0.134277
0 0.356031 0.430176 0.0924248 0.104492 0.123352
0 0.45171 0.574707 0.0507686 0.0810547 0.0980835
0 0.298428 0.254883 0.0442598 0.0693359 0.0950317
0 0.335203 0.17041 0.0885195 0.138184 0.0943604
0 0.380764 0.222168 0.0520703 0.0673828 0.0841675
0 0.646974 0.422852 0.0572773 0.0683594 0.0621033
0 0.28899 0.297852 0.0546738 0.145508 0.0605164
0 0.379788 0.673828 0.069644 0.0820312 0.0512695
0 0.178178 0.29248 0.0611826 0.0732422 0.0509033
0 0.329996 0.184326 0.0911231 0.191895 0.0492249
0 0.520052 0.288086 0.0501177 0.0634766 0.0474243
0 0.182246 0.333252 0.0637861 0.0795898 0.0469055
0 0.367747 0.228027 0.075502 0.121094 0.0460205
0 0.460497 0.305664 0.054023 0.0859375 0.0460205
0 0.357333 0.387817 0.0794072 0.103271 0.044342
0 0.719872 0.253906 0.0650879 0.0898438 0.0420837
0 0.359936 0.651367 0.0885195 0.109375 0.0351562
0 0.44097 0.258301 0.05923 0.11377 0.0350037
0 0.484254 0.140869 0.0520703 0.078125 0.0346985
0 0.313073 0.362793 0.110649 0.135742 0.0335388
0 0.700997 0.235352 0.0637861 0.0771484 0.0321655
0 0.641767 0.152832 0.0676914 0.102051 0.0311432
0 0.466029 0.238281 0.100235 0.181152 0.0300446
0 0.671707 0.157227 0.0546738 0.0585938 0.0291443
0 0.337806 0.533691 0.134081 0.320312 0.0278015
0 0.722476 0.458008 0.0520703 0.0800781 0.024231
0 0.373605 0.276367 0.0624844 0.0595703 0.0238647
0 0.597507 0.154846 0.0937266 0.133667 0.0215759
0 0.158164 0.285889 0.064437 0.0927734 0.0215759
0 0.922946 0.5 0.0494668 0.0917969 0.0202179
0 0.679518 0.4375 0.0728984 0.0917969 0.019455
0 0.627447 0.192871 0.0702949 0.112305 0.0181885
0 0.972413 0.463379 0.0442598 0.0751953 0.016983
0 0.928153 0.491699 0.0598809 0.0888672 0.0165253
0 0.818155 0.464355 0.080709 0.162109 0.0156708
0 0.581886 0.158691 0.0924248 0.17334 0.0150757
0 0.494668 0.203613 0.0846143 0.22168 0.0149536
0 0.670405 0.430664 0.0781055 0.0800781 0.0145035
0 0.354729 0.204834 0.11846 0.187988 0.0137405
0 0.522005 0.349121 0.0611826 0.118164 0.0134277
0 0.490112 0.5 0.980224 1 0.0133286
0 0.365143 0.509644 0.226506 0.326416 0.807617
0 0.454964 0.299805 0.0488159 0.0595703 0.572754
0 0.353427 0.401855 0.080709 0.106445 0.530273
0 0.367096 0.279785 0.0390527 0.0429688 0.348633
0 0.255145 0.379028 0.0657388 0.0739746 0.325195
0 0.0783496 0.599609 0.0724103 0.101562 0.200562
0 0.357333 0.540527 0.187453 0.250977 0.195557
0 0.313073 0.96875 0.0585791 0.0625 0.194946
0 0.0831498 0.610352 0.0605317 0.0742188 0.185913
0 0.809693 0.504395 0.171832 0.199219 0.184204
0 0.439994 0.59375 0.0715967 0.105469 0.131226
0 0.260677 0.375122 0.0781055 0.105225 0.124634
0 0.841586 0.515625 0.0963301 0.164062 0.117188
0 0.305262 0.237305 0.0520703 0.0742188 0.0621033
0 0.797327 0.471191 0.210885 0.293945 0.0611877
0 0.289316 0.962891 0.0937266 0.0742188 0.0570679
0 0.337806 0.193604 0.111951 0.150391 0.0428162
0 0.745907 0.447754 0.104141 0.126953 0.0424805
0 0.112114 0.924072 0.188755 0.132324 0.041687
0 0.480349 0.149414 0.0351475 0.0361328 0.0415344
0 0.646323 0.425781 0.0507686 0.0722656 0.0411377
0 0.64437 0.165588 0.0598809 0.0887451 0.0401611
0 0.0659829 0.558105 0.106256 0.157227 0.0375366
0 0.531117 0.292969 0.0416563 0.0449219 0.0372009
0 0.562359 0.215332 0.0260352 0.0400391 0.0354004
0 0.950283 0.5625 0.0833125 0.148438 0.0347595
0 0.599948 0.211426 0.0576028 0.0673828 0.0321655
0 0.17769 0.29541 0.0390527 0.0517578 0.0319824
0 0.391829 0.212402 0.0299404 0.0390625 0.0307312
0 0.147912 0.330078 0.026686 0.0488281 0.0301056
0 0.60727 0.163086 0.122365 0.132324 0.0269165
0 0.300706 0.267578 0.0455615 0.0439453 0.0268555
0 0.943774 0.512207 0.100235 0.186523 0.0249939
0 0.756321 0.512695 0.085916 0.103516 0.0247498
0 0.36319 0.241699 0.0357983 0.0644531 0.0241852
0 0.506384 0.410645 0.0455615 0.0654297 0.0240936
0 0.110812 0.484253 0.200796 0.318604 0.0210114
0 0.342688 0.390137 0.0852651 0.103516 0.0197906
0 0.683423 0.435059 0.0650879 0.0791016 0.019455
0 0.91839 0.580078 0.147099 0.265625 0.0181885
0 0.160767 0.304199 0.0445852 0.0585938 0.0176392
0 0.339433 0.165039 0.0553247 0.078125 0.0168457
0 0.639814 0.223389 0.0390527 0.0444336 0.0166626
0 0.125294 0.892578 0.232364 0.191406 0.0166626
0 0.609223 0.65625 0.0273369 0.0380859 0.0147858
0 0.51875 0.217773 0.0260352 0.0302734 0.0146713
0 0.965904 0.46875 0.0624844 0.0957031 0.0143356
0 0.893657 0.504883 0.201772 0.189453 0.0138474
0 0.932184 0.585938 0.135633 0.400391 0.012825
0 0.30396 0.275146 0.10349 0.0981445 0.0120544
0 0.345942 0.40918 0.0735493 0.105469 0.838867
0 0.250588 0.391602 0.0514194 0.0908203 0.73584
0 0.450734 0.291748 0.048165 0.0605469 0.711426
0 0.364492 0.276123 0.0351475 0.0532227 0.596191
0 0.249856 0.375977 0.0561383 0.0976562 0.586914
0 0.45171 0.585938 0.0514194 0.0703125 0.279785
0 0.459521 0.293701 0.0416563 0.0649414 0.151978
0 0.0846143 0.606445 0.0520703 0.0820312 0.0943604
0 0.315351 0.958008 0.0787564 0.0839844 0.0943604
0 0.516798 0.285889 0.0351475 0.0498047 0.0827026
0 0.844841 0.533203 0.0781055 0.113281 0.0789185
0 0.29615 0.262695 0.0390527 0.0576172 0.0663452
0 0.719872 0.467773 0.0364492 0.0625 0.0467224
0 0.639163 0.420898 0.0455615 0.0644531 0.041687
0 0.301357 0.243652 0.0371001 0.0634766 0.0415344
0 0.643068 0.167969 0.0416563 0.0546875 0.0352173
0 0.83703 0.515625 0.101537 0.152344 0.0314331
0 0.505082 0.408203 0.0416563 0.0546875 0.0311432
0 0.694488 0.228027 0.037751 0.0419922 0.0242767
0 0.483603 0.148682 0.0338457 0.0449219 0.0209198
0 0.387924 0.217285 0.0247334 0.0341797 0.0207672
0 0.153445 0.339844 0.0406799 0.0537109 0.0190887
0 0.327392 0.61084 0.075502 0.104492 0.0189819
0 0.514194 0.225098 0.0279878 0.0351562 0.0168457
0 0.776499 0.402832 0.0572773 0.0605469 0.0140076
0 0.721174 0.235352 0.042958 0.0556641 0.0130692
0 0.0579282 0.587891 0.101863 0.118164 0.0127716
0 0.723777 0.271973 0.042958 0.0634766 0.0115051
0 0.315025 0.946289 0.0904722 0.107422 0.011116
0 0.345291 0.155518 0.0331948 0.0507812 0.0105667
0 0.0213163 0.402344 0.0331948 0.0615234 0.00978088
0 0.460171 0.321289 0.042958 0.0615234 0.00955963
0 0.758925 0.59668 0.0507686 0.0820312 0.00955963
0 0.338457 0.380371 0.0891704 0.113281 0.00923157
0 0.453012 0.560547 0.0520703 0.0839844 0.0091629
0 0.34822 0.414551 0.0937266 0.121094 0.00888062
0 0.322836 0.157715 0.042958 0.0507812 0.008255
0 0.191033 0.340088 0.0572773 0.0727539 0.00818634
0 0.75905 0.994141 0.4819 0.0117188 0.00806427
0 0.289641 0.262207 0.0494668 0.0615234 0.00793457
0 0.474491 0.229492 0.0247334 0.0576172 0.00746155
0 0.154096 0.464844 0.0608572 0.0761719 0.00720596
0 0.96981 0.460938 0.0546738 0.111328 0.00717545
0 0.970586 0.447266 0.0588291 0.128906 0.00712204
0 0.0819294 0.62207 0.0610199 0.0927734 0.00709534
0 0.349197 0.391602 0.080709 0.119141 0.00706482
0 0.359285 0.231445 0.0338457 0.050293 0.00679779
0 0.0618335 0.543945 0.103164 0.185547 0.00679779
0 0.73289 0.526367 0.037751 0.0742188 0.00656509
0 0.723777 0.411133 0.0416563 0.0527344 0.0064888
0 0.36319 0.278076 0.0338457 0.0600586 0.532227
0 0.255063 0.386841 0.0548365 0.0837402 0.527344
0 0.351475 0.409302 0.0663897 0.0895996 0.50293
0 0.452035 0.291016 0.0514194 0.0703125 0.388672
0 0.315676 0.957031 0.0631353 0.0859375 0.313232
0 0.855255 0.539062 0.0676914 0.0927734 0.240112
0 0.0851024 0.608398 0.0527212 0.0800781 0.131226
0 0.354404 0.425293 0.0742002 0.12207 0.115173
0 0.249612 0.372559 0.0566265 0.0839844 0.10968
0 0.390527 0.212402 0.0260352 0.0439453 0.0957031
0 0.29973 0.264648 0.0331948 0.0449219 0.085083
0 0.342362 0.400391 0.0728984 0.0917969 0.0797729
0 0.719872 0.464844 0.0338457 0.0488281 0.0775146
0 0.842888 0.532715 0.0898213 0.0996094 0.0564575
0 0.449757 0.580566 0.0455615 0.0664062 0.0554199
0 0.847444 0.515625 0.0781055 0.134766 0.0524292
0 0.478071 0.233643 0.0292896 0.0629883 0.0441895
0 0.488159 0.145264 0.0338457 0.0532227 0.0431213
0 0.152957 0.340332 0.0273369 0.0390625 0.0413818
0 0.317303 0.954102 0.0885195 0.0917969 0.0383911
0 0.51094 0.416992 0.042958 0.0585938 0.0348816
0 0.803185 0.418945 0.0416563 0.0527344 0.0341797
0 0.298753 0.950195 0.0963301 0.0839844 0.0339661
0 0.314375 0.945312 0.0742002 0.0976562 0.03302
0 0.180293 0.334229 0.0302659 0.0463867 0.0317383
0 0.179317 0.284912 0.029615 0.0483398 0.0278015
0 0.0628912 0.554688 0.0824989 0.113281 0.0263062
0 0.342688 0.154297 0.0331948 0.0551758 0.0254669
0 0.446503 0.231445 0.037751 0.0625 0.0228424
0 0.646974 0.160156 0.0312422 0.0527344 0.0217743
0 0.00667151 0.340332 0.013343 0.680664 0.0217743
0 0.679518 0.424805 0.0781055 0.0830078 0.0213318
0 0.306564 0.240967 0.0338457 0.0600586 0.0211639
0 0.357658 0.222168 0.0221299 0.0419922 0.0210419
0 0.359611 0.510254 0.0488159 0.0761719 0.0204926
0 0.563661 0.216797 0.0221299 0.0322266 0.019989
0 0.69644 0.226562 0.0338457 0.043457 0.0197906
0 0.0546738 0.53125 0.0907976 0.164062 0.0187683
0 0.693837 0.445312 0.0598809 0.0703125 0.0176392
0 0.0564637 0.579102 0.0956792 0.107422 0.0162811
0 0.103978 0.353027 0.207956 0.68457 0.016098
0 0.951585 0.46875 0.0676914 0.1875 0.0152512
0 0.322511 0.602539 0.0546738 0.0859375 0.0150757
0 0.32609 0.15625 0.0364492 0.0507812 0.0147324
0 0.380764 0.51123 0.0403545 0.0556641 0.0141754
0 0.360912 0.46875 0.0852651 0.136719 0.0127258
0 0.650879 0.413574 0.0520703 0.0644531 0.0126724
0 0.850699 0.343506 0.037751 0.0507812 0.0124283
0 0.834427 0.489258 0.0963301 0.131836 0.0117798
0 0.637861 0.211914 0.0260352 0.0322266 0.0116882
0 0.34822 0.415894 0.0663897 0.0939941 0.751953
0 0.250263 0.38916 0.0520703 0.0751953 0.623535
0 0.364818 0.283691 0.0357983 0.0478516 0.493164
0 0.454964 0.296143 0.0442598 0.0595703 0.236572
0 0.246683 0.377441 0.0559756 0.0917969 0.0817871
0 0.298753 0.265625 0.0371001 0.0478516 0.0731812
0 0.390853 0.209961 0.0253843 0.0341797 0.0404663
0 0.314049 0.967285 0.0455615 0.0654297 0.0368347
0 0.489786 0.149414 0.0318931 0.0410156 0.0359497
0 0.691233 0.222412 0.0286387 0.0371094 0.0354919
0 0.452361 0.591797 0.042958 0.0703125 0.0223236
0 0.452035 0.320557 0.0416563 0.0576172 0.0198364
0 0.563661 0.215576 0.0260352 0.0332031 0.0164032
0 0.650879 0.157227 0.0260352 0.0351562 0.0134277
0 0.847444 0.542969 0.0572773 0.0800781 0.0116882
0 0.954189 0.410156 0.0468633 0.0537109 0.0106125
0 0.351475 0.216553 0.0299404 0.034668 0.00993347
0 0.606619 0.218994 0.0260352 0.0336914 0.00963593
0 0.92555 0.485352 0.0533721 0.0791016 0.0086441
0 0.178666 0.289551 0.0331948 0.0449219 0.0085144
0 0.967206 0.429688 0.0533721 0.0820312 0.00844574
0 0.306564 0.229492 0.0338457 0.0478516 0.008255
0 0.27402 0.155029 0.0234316 0.0322266 0.00723267
0 0.441947 0.220459 0.0403545 0.0395508 0.00717545
0 0.187779 0.335449 0.0325439 0.0571289 0.00695801
0 0.349522 0.422363 0.0846143 0.109375 0.00658798
0 0.0649252 0.595215 0.0995845 0.117188 0.00658798
0 0.481 0.211914 0.0247334 0.0302734 0.00653839
0 0.555851 0.153809 0.0286387 0.0322266 0.00638962
0 0.79993 0.415527 0.0416563 0.046875 0.00629044
0 0.64437 0.218262 0.0286387 0.03125 0.00582123
0 0.152631 0.290527 0.0344966 0.0483398 0.00579834
0 0.510289 0.419922 0.0410054 0.0546875 0.00566483
0 0.34041 0.515503 0.166625 0.281494 0.00542831
0 0.459521 0.320312 0.0449106 0.0634766 0.00511932
0 0.605317 0.154297 0.0260352 0.03125 0.00510025
0 0.345617 0.38269 0.0781055 0.119385 0.00508118
0 0.295418 0.955078 0.0977946 0.0898438 0.00500107
0 0.0483278 0.58252 0.0914485 0.113281 0.00457382
0 0.0793259 0.604004 0.073712 0.100586 0.00445175
0 0.926852 0.507812 0.0520703 0.0722656 0.00432968
0 0.972413 0.454102 0.0468633 0.0878906 0.00429916
0 0.34464 0.159668 0.0299404 0.0380859 0.00390053
0 0.151004 0.337891 0.0302659 0.0439453 0.00388527
0 0.518425 0.154541 0.0234316 0.0390625 0.00385475
0 0.838983 0.530273 0.0715967 0.0917969 0.00382423
0 0.361889 0.557617 0.218695 0.248047 0.00379562
0 0.352776 0.407227 0.0950283 0.109375 0.00378036
0 0.0596368 0.560059 0.111463 0.166992 0.00356483
0 0.370676 0.53418 0.270115 0.331055 0.00336266
0 0.346918 0.407227 0.0663897 0.0839844 0.788086
0 0.366119 0.276855 0.0371001 0.0556641 0.743164
0 0.250914 0.381958 0.0501177 0.0661621 0.689941
0 0.454313 0.297363 0.0468633 0.0605469 0.639648
0 0.300706 0.262451 0.037751 0.0498047 0.47168
0 0.691884 0.218262 0.0247334 0.0361328 0.146606
0 0.721825 0.464844 0.0364492 0.0546875 0.138428
0 0.393131 0.216553 0.0240825 0.0405273 0.134277
0 0.249938 0.378052 0.0611826 0.0876465 0.0933228
0 0.338782 0.401367 0.064437 0.0791016 0.0838623
0 0.517774 0.287354 0.0357983 0.0556641 0.0678101
0 0.483603 0.214844 0.0182246 0.0292969 0.0603027
0 0.490763 0.145264 0.0312422 0.0419922 0.0465393
0 0.315676 0.959961 0.0507686 0.0644531 0.0450134
0 0.612477 0.221191 0.0247334 0.0356445 0.0325928
0 0.350824 0.426758 0.0768037 0.0917969 0.0322876
0 0.155397 0.33252 0.0273369 0.0419922 0.0316772
0 0.566916 0.218994 0.0195264 0.0317383 0.0292053
0 0.275322 0.161133 0.0221299 0.0292969 0.026413
0 0.915136 0.483887 0.0416563 0.0546875 0.0239563
0 0.346593 0.161133 0.0253843 0.0371094 0.0204163
0 0.695139 0.448242 0.0611826 0.0625 0.0198364
0 0.649577 0.154785 0.0208281 0.0283203 0.0193024
0 0.290943 0.262207 0.042958 0.0537109 0.0179901
0 0.358634 0.394409 0.085916 0.0783691 0.0177155
0 0.921645 0.506836 0.042958 0.0566406 0.0173798
0 0.357983 0.215332 0.0273369 0.0390625 0.0171051
0 0.919692 0.491211 0.0455615 0.0644531 0.0165253
0 0.326416 0.15918 0.0325439 0.0371094 0.0158997
0 0.309168 0.240967 0.0312422 0.0600586 0.0158386
0 0.23692 0.215332 0.0221299 0.0283203 0.014061
0 0.441947 0.219482 0.0338457 0.0395508 0.0127716
0 0.454313 0.311523 0.0455615 0.0673828 0.0114212
0 0.189894 0.331055 0.029615 0.0517578 0.0109024
0 0.522981 0.216797 0.0227808 0.0371094 0.0104523
0 0.188918 0.219971 0.0152957 0.0239258 0.00963593
0 0.760352 0.00158691 0.479297 0.00317383 0.00945282
0 0.157513 0.293945 0.0318931 0.0415039 0.00926971
0 0.453663 0.574219 0.0436089 0.0585938 0.00905609
0 0.186151 0.287598 0.0195264 0.0371094 0.00793457
0 0.559756 0.155762 0.021479 0.0273438 0.00712204
0 0.975017 0.447754 0.0403545 0.0556641 0.00669098
0 0.648113 0 0.580909 0 0.00612259
0 0.97046 0.431152 0.0572773 0.0712891 0.00566483
0 0.641767 0.221191 0.0208281 0.0292969 0.00557709
0 0.0678541 0.605957 0.080709 0.0839844 0.00486755
0 0.805788 0.412598 0.0273369 0.0390625 0.00477219
0 0.60727 0.155762 0.0195264 0.0253906 0.00439835
0 0.148726 0.222168 0.0156211 0.0244141 0.00416565
0 0.821409 0.526855 0.0364492 0.0537109 0.00367928
0 0.351475 0.40918 0.0715967 0.09375 0.76709
0 0.248961 0.379395 0.05923 0.0732422 0.721191
0 0.453337 0.296875 0.0488159 0.0566406 0.634277
0 0.361889 0.28125 0.0364492 0.0444336 0.625977
0 0.300706 0.259277 0.0403545 0.0527344 0.213989
0 0.25189 0.381348 0.0702949 0.0927734 0.177856
0 0.344966 0.393555 0.0820107 0.0820312 0.137573
0 0.391829 0.221191 0.0279878 0.0341797 0.0605164
0 0.313724 0.964844 0.0559756 0.0664062 0.0526123
0 0.477094 0.221191 0.0273369 0.0292969 0.0406189
0 0.304611 0.246094 0.0371001 0.0615234 0.0257568
0 0.561058 0.219238 0.0234316 0.0273438 0.0175171
0 0.68863 0.222656 0.0234316 0.0268555 0.0167847
0 0.48523 0.147461 0.0292896 0.034668 0.0157776
0 0.061264 0.592773 0.100398 0.107422 0.0148392
0 0.054023 0.577637 0.0989336 0.0976562 0.014389
0 0.682121 0.433594 0.0637861 0.0898438 0.0136337
0 0.723126 0.462402 0.0325439 0.0576172 0.0111618
0 0.51452 0.291504 0.0357983 0.0498047 0.0105667
0 0.273369 0.161133 0.0234316 0.0244141 0.00891876
0 0.60727 0.220215 0.0208281 0.0253906 0.00874329
0 0.323161 0.159912 0.0305913 0.0307617 0.00812531
0 0.44455 0.228516 0.037751 0.0429688 0.00734711
0 0.344315 0.162109 0.0286387 0.0322266 0.00717545
0 0.453988 0.573242 0.05923 0.078125 0.00669098
0 0.350498 0.217285 0.0312422 0.0302734 0.00656509
0 0.292896 0.260742 0.0520703 0.0546875 0.00593567
0 0.911881 0.486328 0.0468633 0.0546875 0.00521851
0 0.0270115 0.291016 0.0279878 0.0371094 0.00475693
0 0.976969 0.424805 0.037751 0.0566406 0.0045929
0 0.314375 0.960938 0.106744 0.078125 0.00432968
0 0.191521 0.335449 0.0406799 0.0449219 0.00426483
0 0.295174 0.951172 0.100886 0.0898438 0.00419998
0 0.605317 0.158447 0.0234316 0.0268555 0.00370789
0 0.639163 0.216797 0.0208281 0.0234375 0.00327301
0 0.645672 0.162598 0.0208281 0.0292969 0.00314713
0 0.307215 0.946289 0.0917739 0.103516 0.00313568
0 0.980224 0.456543 0.0286387 0.0478516 0.00283432
0 0.516147 0.218262 0.0253843 0.0273438 0.00282288
0 0.726381 0.412598 0.0390527 0.0605469 0.00269318
0 0.917739 0.492188 0.0546738 0.0683594 0.00260162
0 0.453663 0.311035 0.048165 0.0722656 0.00256157
0 0.556502 0.157471 0.0247334 0.0263672 0.00245285
0 0.400291 0.159424 0.0273369 0.0288086 0.00243378
0 0.354078 0.259033 0.102839 0.0874023 0.00229645
0 0.519401 0.157715 0.0208281 0.0302734 0.00221634
0 0.691884 0.279785 0.0260352 0.0361328 0.00219917
0 0.919041 0.507812 0.0468633 0.0605469 0.00216484
0 0.0271742 0.336426 0.0297777 0.0375977 0.00204277
0 0.343013 0.383301 0.0950283 0.110352 0.0019722
0 0.347244 0.411133 0.0728984 0.0996094 0.861816
0 0.454639 0.296875 0.0462124 0.0654297 0.649414
0 0.362214 0.276367 0.0384019 0.0527344 0.564941
0 0.252622 0.382324 0.0649252 0.078125 0.555664
0 0.300055 0.256348 0.0390527 0.0556641 0.265869
0 0.309168 0.955078 0.0611826 0.0839844 0.219971
0 0.721825 0.471191 0.0403545 0.0683594 0.166626
0 0.0701322 0.601562 0.0836379 0.09375 0.137085
0 0.390527 0.219727 0.0260352 0.0341797 0.0841675
0 0.517449 0.292236 0.0390527 0.0581055 0.0548096
0 0.852651 0.354492 0.037751 0.0498047 0.053009
0 0.0538602 0.581055 0.0986082 0.09375 0.0514526
0 0.178015 0.287598 0.0344966 0.0449219 0.0488586
0 0.846143 0.53418 0.080709 0.0996094 0.0460205
0 0.653482 0.422852 0.0533721 0.0761719 0.0395508
0 0.674311 0.431641 0.0728984 0.0820312 0.0390625
0 0.561383 0.217529 0.0253843 0.0327148 0.0353394
0 0.951585 0.401855 0.042958 0.0517578 0.0340881
0 0.90342 0.336914 0.0286387 0.0395508 0.0330811
0 0.29615 0.948242 0.104141 0.0996094 0.032959
0 0.972413 0.426758 0.0494668 0.0664062 0.0322266
0 0.305262 0.244385 0.0390527 0.0595703 0.026062
0 0.682121 0.443359 0.085916 0.0800781 0.0259094
0 0.921645 0.506836 0.0442598 0.0625 0.0254669
0 0.346268 0.162109 0.0286387 0.0380859 0.024231
0 0.975017 0.45166 0.0442598 0.0673828 0.0239563
0 0.691884 0.222168 0.0234316 0.03125 0.0225372
0 0.648275 0.159668 0.0247334 0.0302734 0.0174408
0 0.480349 0.212158 0.0188755 0.0268555 0.016098
0 0.924248 0.487793 0.0559756 0.0800781 0.0137939
0 0.450408 0.572266 0.0533721 0.0712891 0.0137405
0 0.0496295 0.55957 0.0816853 0.125 0.0134277
0 0.191358 0.32666 0.0423071 0.0605469 0.0130234
0 0.487183 0.148926 0.026686 0.0297852 0.0112457
0 0.324138 0.155762 0.0312422 0.0380859 0.0107346
0 0.761528 0.609375 0.0520703 0.0703125 0.0107346
0 0.309168 0.951172 0.1484 0.0976562 0.0107346
0 0.290292 0.260254 0.042958 0.0556641 0.0100937
0 0.349522 0.391724 0.0794072 0.113037 0.00981903
0 0.915136 0.486816 0.0494668 0.0703125 0.00948334
0 0.611826 0.215332 0.0247334 0.0302734 0.00894928
0 0.723777 0.227295 0.0286387 0.0366211 0.00891876
0 0.454639 0.313965 0.0468633 0.0644531 0.00881195
0 0.353427 0.210449 0.0260352 0.0332031 0.00834656
0 0.908627 0.511719 0.0442598 0.078125 0.00818634
0 0.727683 0.408691 0.0442598 0.0605469 0.0078125
0 0.692535 0.274902 0.0312422 0.0463867 0.00763702
0 0.945076 0.354004 0.0338457 0.0478516 0.00717545
0 0.976769 0.500488 0.0464624 0.130859 0.0068512
0 0.352776 0.403198 0.0950283 0.111572 0.00619125
0 0.353753 0.416992 0.0735493 0.0986328 0.952148
0 0.249856 0.381836 0.0587418 0.0810547 0.810059
0 0.360587 0.283691 0.0344966 0.0488281 0.728516
0 0.453337 0.298828 0.0462124 0.0585938 0.721191
0 0.29973 0.257324 0.0423071 0.0532227 0.379395
0 0.920343 0.51123 0.0416563 0.0488281 0.14856
0 0.452361 0.576172 0.0527212 0.0625 0.114746
0 0.721174 0.472168 0.0390527 0.0664062 0.092041
0 0.304937 0.247559 0.0397036 0.0629883 0.0758667
0 0.514845 0.294922 0.0455615 0.0595703 0.0609741
0 0.678216 0.432617 0.0781055 0.0859375 0.0509033
0 0.319582 0.616211 0.0689932 0.0839844 0.0432129
0 0.975668 0.462402 0.0338457 0.0439453 0.0422363
0 0.0631353 0.598145 0.107395 0.118164 0.0367126
0 0.943774 0.401855 0.0338457 0.0400391 0.0319824
0 0.94768 0.224609 0.0390527 0.0439453 0.0293121
0 0.846793 0.542969 0.0898213 0.105469 0.0279083
0 0.0743629 0.608398 0.0820107 0.0976562 0.0275879
0 0.315351 0.957031 0.0657388 0.0742188 0.0270691
0 0.34399 0.160889 0.0331948 0.0449219 0.0247955
0 0.91839 0.49707 0.0507686 0.0703125 0.0233765
0 0.389876 0.222412 0.0260352 0.0336914 0.0222473
0 0.911881 0.511719 0.0416563 0.0703125 0.0215759
0 0.0598809 0.579102 0.103164 0.115234 0.0209198
0 0.0569519 0.553711 0.0963301 0.148438 0.0167236
0 0.850048 0.35791 0.0312422 0.0449219 0.0137405
0 0.178504 0.293945 0.0367747 0.0507812 0.012825
0 0.689932 0.223633 0.0260352 0.0351562 0.0127258
0 0.18485 0.330566 0.0384019 0.0478516 0.0125732
0 0.900816 0.345459 0.0234316 0.0327148 0.012146
0 0.973715 0.426758 0.0364492 0.0605469 0.0117798
0 0.061264 0.560059 0.111788 0.194336 0.0115051
0 0.477745 0.222412 0.0312422 0.0385742 0.0108566
0 0.934662 0.356445 0.0299404 0.0439453 0.0100555
0 0.48881 0.14624 0.0344966 0.0429688 0.00857544
0 0.360261 0.238281 0.0371001 0.0595703 0.00748825
0 0.560407 0.224854 0.0234316 0.0341797 0.00706482
0 0.0240825 0.290527 0.0247334 0.0371094 0.00671768
0 0.699044 0.433594 0.085916 0.107422 0.006073
0 0.513543 0.228516 0.0351475 0.0458984 0.005867
0 0.32609 0.159668 0.0351475 0.0390625 0.00579834
0 0.443249 0.240723 0.037751 0.0703125 0.00540543
0 0.22976 0.214844 0.0260352 0.0283203 0.00530243
0 0.152957 0.341309 0.0305913 0.0380859 0.00519943
0 0.612477 0.21875 0.0286387 0.0341797 0.00516129
0 0.350173 0.396484 0.0833125 0.12207 0.00469971
0 0.223902 0.910645 0.359285 0.178711 0.00466537
0 0.294767 0.603027 0.0925875 0.0888672 0.00448608
0 0.725079 0.263672 0.0416563 0.0585938 0.00445175
0 0.272393 0.162109 0.0240825 0.0302734 0.00426483
0 0.36254 0.279297 0.0351475 0.0517578 0.722656
0 0.3518 0.416138 0.0670405 0.0895996 0.717773
0 0.454313 0.300293 0.0455615 0.0595703 0.684082
0 0.251239 0.379761 0.0618335 0.0803223 0.651367
0 0.299079 0.259277 0.0442598 0.0498047 0.323486
0 0.342688 0.406738 0.069644 0.0927734 0.0723877
0 0.639814 0.404297 0.0299404 0.0429688 0.0618896
0 0.30396 0.244141 0.0436089 0.0605469 0.0465393
0 0.56301 0.223389 0.0286387 0.0410156 0.0281067
0 0.685376 0.219971 0.0260352 0.0380859 0.0222015
0 0.480023 0.215332 0.0234316 0.0332031 0.0204926
0 0.390527 0.227783 0.0299404 0.0463867 0.0185394
0 0.55943 0.159912 0.0253843 0.0332031 0.0174408
0 0.316653 0.955078 0.0624844 0.0742188 0.0165253
0 0.347569 0.427734 0.0637861 0.0878906 0.0115051
0 0.982827 0.459961 0.0312422 0.0390625 0.00985718
0 0.945076 0.222168 0.037751 0.0410156 0.00905609
0 0.648275 0.163818 0.0260352 0.034668 0.00894928
0 0.523307 0.289062 0.0384019 0.0556641 0.0088501
0 0.723777 0.232422 0.0286387 0.0473633 0.00837708
0 0.97762 0.422852 0.0338457 0.0527344 0.00828552
0 0.453012 0.316406 0.042958 0.0595703 0.00800323
0 0.725079 0.465332 0.0338457 0.046875 0.0077858
0 0.606619 0.218018 0.0286387 0.0385742 0.00775528
0 0.0512567 0.577148 0.0865669 0.0957031 0.00709534
0 0.317303 0.957031 0.0995845 0.0859375 0.00661469
0 0.487508 0.149902 0.0312422 0.0351562 0.00651169
0 0.0482464 0.557617 0.0824989 0.128906 0.00588989
0 0.0651693 0.603516 0.0903095 0.0917969 0.00575256
0 0.0283132 0.290039 0.0315676 0.046875 0.00526047
0 0.287688 0.265625 0.0397036 0.0537109 0.00498199
0 0.313073 0.946289 0.075502 0.09375 0.00498199
0 0.0794072 0.605957 0.0689932 0.0888672 0.00475693
0 0.345617 0.161621 0.0325439 0.046875 0.0046463
0 0.451059 0.583008 0.0403545 0.046875 0.00453949
0 0.320883 0.156494 0.0312422 0.0371094 0.00436401
0 0.437391 0.214844 0.0286387 0.0351562 0.00426483
0 0.0514194 0.851074 0.0530466 0.0517578 0.0041008
0 0.943774 0.405273 0.0312422 0.0341797 0.00403976
0 0.359936 0.22168 0.0364492 0.0361328 0.00370789
0 0.349197 0.387207 0.0735493 0.107422 0.00345612
0 0.606619 0.161621 0.0260352 0.03125 0.00341606
0 0.0536975 0.529785 0.0914485 0.193359 0.00336266
0 0.516472 0.162598 0.0253843 0.0380859 0.00335121
0 0.29737 0.951172 0.105605 0.09375 0.00316048
0 0.274671 0.159424 0.0286387 0.0341797 0.0029583
0 0.899515 0.339844 0.0260352 0.0371094 0.00292397
0 0.561709 0.666504 0.0338457 0.0449219 0.00291252
0 0.191358 0.911865 0.382717 0.17627 0.00275803
0 0.179968 0.290527 0.0351475 0.0498047 0.00271416
0 0.361238 0.278076 0.0351475 0.0532227 0.637695
0 0.250263 0.387207 0.0559756 0.0791016 0.634277
0 0.34822 0.416016 0.0663897 0.105469 0.601074
0 0.45171 0.298584 0.0468633 0.0639648 0.489258
0 0.30331 0.259766 0.0416563 0.0546875 0.371094
0 0.315676 0.955078 0.0611826 0.078125 0.078064
0 0.0301032 0.289062 0.0312422 0.0488281 0.0646362
0 0.562359 0.223877 0.0286387 0.0400391 0.0554199
0 0.684074 0.2146 0.0260352 0.0375977 0.0474243
0 0.341061 0.40625 0.0702949 0.0986328 0.0409851
0 0.524934 0.293945 0.0416563 0.0610352 0.0303345
0 0.641767 0.404297 0.0286387 0.046875 0.0283356
0 0.389226 0.222168 0.0312422 0.0463867 0.0255585
0 0.860462 0.552734 0.0559756 0.0703125 0.0236053
0 0.453337 0.315186 0.0468633 0.0678711 0.0219116
0 0.609223 0.222656 0.0286387 0.0410156 0.0204926
0 0.968508 0.425781 0.0520703 0.0722656 0.0190125
0 0.94768 0.402832 0.0416563 0.0537109 0.018692
0 0.0733866 0.604492 0.0745256 0.0898438 0.0177765
0 0.949632 0.222656 0.0494668 0.0615234 0.0175781
0 0.449757 0.578613 0.042958 0.0625 0.0167847
0 0.979573 0.450195 0.037751 0.0585938 0.0165253
0 0.725079 0.466797 0.0325439 0.0556641 0.0164642
0 0.32186 0.958496 0.0852651 0.0830078 0.0164032
0 0.0548365 0.850586 0.0427953 0.0507812 0.0155411
0 0.0405986 0.582031 0.0613453 0.0820312 0.0153656
0 0.304611 0.241455 0.042958 0.0629883 0.0150146
0 0.484905 0.216309 0.0299404 0.0395508 0.0132217
0 0.177527 0.290039 0.0361238 0.0498047 0.012146
0 0.689932 0.277588 0.0286387 0.0429688 0.0112
0 0.489461 0.149902 0.0318931 0.0419922 0.0109024
0 0.0836379 0.607422 0.0572773 0.0878906 0.0108566
0 0.675612 0.447266 0.0442598 0.0605469 0.0106506
0 0.0283946 0.341309 0.0310795 0.0488281 0.0102081
0 0.817504 0.594727 0.0416563 0.046875 0.0101318
0 0.721174 0.233398 0.0338457 0.0488281 0.00974274
0 0.0667151 0.962891 0.051094 0.0585938 0.00746155
0 0.0251402 0.405762 0.0263606 0.0449219 0.00725937
0 0.292896 0.951172 0.0963301 0.09375 0.00641251
0 0.286712 0.26416 0.0410054 0.0634766 0.00595856
0 0.739398 0.528809 0.0364492 0.0644531 0.0055542
0 0.0628912 0.28125 0.0294523 0.0410156 0.00544739
0 0.0932384 0.969727 0.0618335 0.0605469 0.00486755
0 0.766084 0.60498 0.0468633 0.0585938 0.00475693
0 0.825315 0.537109 0.0442598 0.0625 0.00439835
0 0.185175 0.32666 0.0403545 0.0527344 0.00432968
0 0.921645 0.488281 0.0520703 0.0673828 0.00432968
0 0.650879 0.168701 0.0273369 0.0439453 0.00429916
0 0.675612 0.422852 0.0442598 0.0625 0.00419998
0 0.149051 0.282715 0.0279878 0.0410156 0.00403976
0 0.3518 0.405273 0.0774546 0.111328 0.919434
0 0.250914 0.378784 0.0598809 0.076416 0.689453
0 0.454964 0.299316 0.048165 0.0634766 0.676758
0 0.304611 0.257324 0.048165 0.0585938 0.512695
0 0.363516 0.273193 0.0390527 0.0561523 0.454346
0 0.315676 0.956055 0.0637861 0.0820312 0.103027
0 0.387924 0.225586 0.037751 0.0546875 0.0675659
0 0.1759 0.286133 0.0436089 0.0576172 0.0643921
0 0.302659 0.248047 0.048165 0.0673828 0.0600891
0 0.562359 0.225586 0.0312422 0.0444336 0.0574951
0 0.520052 0.296631 0.042958 0.0620117 0.0441895
0 0.323487 0.95752 0.0898213 0.0849609 0.0319824
0 0.0309168 0.287109 0.0331948 0.0449219 0.0281677
0 0.0691559 0.602539 0.0924248 0.0917969 0.0247955
0 0.652181 0.40332 0.0416563 0.0546875 0.0231934
0 0.482301 0.217773 0.037751 0.0439453 0.0208893
0 0.0839634 0.613281 0.0641116 0.0830078 0.0197906
0 0.357007 0.429199 0.0930757 0.155273 0.0189056
0 0.609223 0.228271 0.0338457 0.0439453 0.0185852
0 0.052233 0.583008 0.0868923 0.0878906 0.0167847
0 0.720523 0.459473 0.0364492 0.0664062 0.0146179
0 0.676263 0.430664 0.0533721 0.0722656 0.0131683
0 0.682121 0.214844 0.0260352 0.0332031 0.0129242
0 0.682121 0.442383 0.0546738 0.0683594 0.0129242
0 0.855906 0.552734 0.0676914 0.078125 0.0123367
0 0.290943 0.26001 0.0494668 0.0605469 0.0122375
0 0.0292896 0.340088 0.0357983 0.046875 0.011467
0 0.152631 0.285156 0.0416563 0.050293 0.0106506
0 0.103327 0.279053 0.034822 0.0444336 0.00919342
0 0.437391 0.223389 0.0305913 0.0356445 0.00818634
0 0.637861 0.214844 0.0286387 0.0322266 0.00772476
0 0.72573 0.232422 0.0312422 0.0429688 0.00751877
0 0.0914485 0.62793 0.0494668 0.0683594 0.00746155
0 0.51094 0.220215 0.0338457 0.0390625 0.00695801
0 0.300055 0.951172 0.0950283 0.0898438 0.0069313
0 0.650879 0.169922 0.0299404 0.0410156 0.00677109
0 0.980224 0.449219 0.0364492 0.0546875 0.00669098
0 0.353102 0.226074 0.0338457 0.0429688 0.00629044
0 0.0650065 0.280762 0.0401918 0.0429688 0.00614548
0 0.160442 0.328125 0.0416563 0.0498047 0.00605011
0 0.975017 0.428223 0.0442598 0.0625 0.00605011
0 0.824013 0.583008 0.0546738 0.0507812 0.00559998
0 0.226831 0.212891 0.0318931 0.0351562 0.0055542
0 0.384344 0.509766 0.0423071 0.0595703 0.00548935
0 0.68863 0.275391 0.0286387 0.0380859 0.00534439
0 0.0554874 0.337402 0.0432834 0.0429688 0.00500107
0 0.181595 0.32373 0.0520703 0.0615234 0.0049057
0 0.764783 0.599121 0.0455615 0.0595703 0.00457382
0 0.179317 0.22998 0.0387273 0.0439453 0.00439835
0 0.289641 0.231934 0.042958 0.0517578 0.00395966
0 0.354078 0.411255 0.0781055 0.109131 0.868652
0 0.254168 0.384644 0.0605317 0.0744629 0.680664
0 0.454964 0.294434 0.048165 0.0629883 0.646973
0 0.36254 0.276367 0.0384019 0.0546875 0.514648
0 0.302333 0.257812 0.0416563 0.0546875 0.449463
0 0.385971 0.219971 0.0351475 0.0541992 0.114746
0 0.565614 0.221191 0.0338457 0.0449219 0.0703125
0 0.31828 0.955078 0.0572773 0.0742188 0.0412292
0 0.304611 0.246582 0.0455615 0.0703125 0.0328979
0 0.477745 0.216553 0.0364492 0.0454102 0.0234222
0 0.343664 0.164062 0.0338457 0.0478516 0.0230255
0 0.0291268 0.28418 0.0309168 0.0458984 0.0217438
0 0.357333 0.429565 0.0898213 0.142822 0.021286
0 0.610524 0.217041 0.0364492 0.0444336 0.0180969
0 0.650228 0.17041 0.0286387 0.046875 0.0177765
0 0.351149 0.217285 0.0364492 0.0449219 0.0147324
0 0.554549 0.155762 0.0260352 0.0332031 0.0135345
0 0.519076 0.289062 0.0436089 0.0673828 0.0115051
0 0.488159 0.145996 0.0312422 0.0380859 0.0113297
0 0.512242 0.215332 0.0318931 0.0390625 0.00905609
0 0.173134 0.293457 0.0436089 0.0546875 0.00898743
0 0.683423 0.215332 0.0286387 0.0380859 0.00834656
0 0.32609 0.162354 0.037751 0.0444336 0.00812531
0 0.0483278 0.586914 0.0751765 0.078125 0.00614548
0 0.722476 0.467285 0.0312422 0.0546875 0.00568771
0 0.439994 0.218262 0.0338457 0.0371094 0.0055542
0 0.0641116 0.603516 0.0947029 0.0996094 0.00518036
0 0.63656 0.206543 0.0286387 0.0400391 0.00511932
0 0.317303 0.945312 0.0624844 0.0976562 0.00453949
0 0.725079 0.228516 0.0286387 0.0400391 0.00388527
0 0.294197 0.26416 0.0546738 0.0537109 0.00378036
0 0.455615 0.310791 0.0507686 0.0708008 0.0037365
0 0.606619 0.161621 0.0260352 0.0371094 0.00367928
0 0.322836 0.960938 0.0794072 0.0761719 0.00313568
0 0.354078 0.462036 0.0937266 0.17749 0.00312424
0 0.952887 0.225342 0.0533721 0.0585938 0.00298119
0 0.372954 0.263184 0.0624844 0.0654297 0.00293541
0 0.0574401 0.276367 0.048165 0.0458984 0.00273705
0 0.980875 0.452148 0.0286387 0.0507812 0.00273705
0 0.976318 0.423828 0.0364492 0.0625 0.00228691
0 0.0288828 0.339355 0.0323812 0.0507812 0.00206757
0 0.645021 0.410156 0.0338457 0.0449219 0.00198746
0 0.963952 0.230469 0.048165 0.078125 0.0019722
0 0.222926 0.90625 0.0657388 0.078125 0.00193405
0 0.689281 0.27002 0.0286387 0.0439453 0.00192642
0 0.386622 0.510742 0.037751 0.0595703 0.00192642
0 0.965904 0.27002 0.0416563 0.0654297 0.00188923
0 0.193962 0.327393 0.0488159 0.0581055 0.00181007
0 0.449106 0.579102 0.0390527 0.0537109 0.00175476
0 0.195589 0.916016 0.114555 0.107422 0.00170708
0 0.350824 0.411621 0.0728984 0.105469 0.895996
0 0.454313 0.300537 0.0494668 0.065918 0.677246
0 0.252541 0.382935 0.0579282 0.0759277 0.671387
0 0.361238 0.276367 0.0390527 0.0546875 0.57666
0 0.298753 0.257324 0.042958 0.0546875 0.464844
0 0.387273 0.213867 0.0299404 0.046875 0.0830078
0 0.519401 0.287109 0.0442598 0.0693359 0.0718384
0 0.172483 0.289551 0.0410054 0.0546875 0.058136
0 0.557803 0.217285 0.0260352 0.0380859 0.0548096
0 0.315676 0.957031 0.0585791 0.0683594 0.0409851
0 0.298103 0.244629 0.0416563 0.0625 0.0400085
0 0.0252216 0.286621 0.029615 0.046875 0.02211
0 0.47742 0.209473 0.0240825 0.0390625 0.0156021
0 0.721825 0.230713 0.0286387 0.0415039 0.0146713
0 0.719872 0.461914 0.0364492 0.0566406 0.014389
0 0.0403545 0.583496 0.0797327 0.0820312 0.0138474
0 0.684725 0.215332 0.0234316 0.0361328 0.011467
0 0.0717594 0.605469 0.0846143 0.09375 0.0113297
0 0.433485 0.211426 0.0260352 0.0351562 0.0108185
0 0.511591 0.213379 0.0312422 0.0361328 0.0107346
0 0.981976 0.451172 0.0360483 0.0566406 0.00993347
0 0.982627 0.737793 0.0347466 0.0722656 0.00926971
0 0.609223 0.214844 0.0286387 0.0385742 0.00844574
0 0.0849397 0.61377 0.0618335 0.0849609 0.00812531
0 0.978922 0.757324 0.0351475 0.0654297 0.00734711
0 0.978271 0.427246 0.0416563 0.0625 0.00669098
0 0.764783 0.598633 0.0403545 0.0546875 0.00564194
0 0.34822 0.211914 0.0299404 0.0371094 0.00561905
0 0.0875839 0.625 0.0545925 0.0761719 0.00553513
0 0.178178 0.221191 0.0302659 0.0327148 0.0050621
0 0.645672 0.170166 0.0234316 0.0410156 0.00500107
0 0.0231062 0.342773 0.0318931 0.0488281 0.00453949
0 0.318931 0.958984 0.0950283 0.078125 0.00411606
0 0.357983 0.435059 0.0904722 0.138672 0.00385475
0 0.343339 0.164062 0.0292896 0.0371094 0.00342941
0 0.690583 0.273438 0.0273369 0.0390625 0.00305176
0 0.634607 0.206543 0.0286387 0.0371094 0.00293541
0 0.676263 0.426758 0.042958 0.0605469 0.00275803
0 0.024408 0.555664 0.0475142 0.0859375 0.00257111
0 0.686677 0.446777 0.0468633 0.0605469 0.00256157
0 0.290617 0.26123 0.0462124 0.059082 0.00253105
0 0.348546 0.387817 0.0794072 0.105225 0.00237846
0 0.731588 0.264404 0.0312422 0.0551758 0.00230598
0 0.950934 0.226562 0.0455615 0.0517578 0.00224304
0 0.553573 0.156982 0.0247334 0.0263672 0.00212479
0 0.643068 0.411133 0.0338457 0.046875 0.00206757
0 0.94768 0.405273 0.0390527 0.0488281 0.00204277
0 0.32186 0.157715 0.0299404 0.0341797 0.00188923
0 0.298428 0.952148 0.0989336 0.0820312 0.00188923
0 0.313724 0.945312 0.0702949 0.0898438 0.00187492
0 0.350173 0.412964 0.0742002 0.105713 0.812988
0 0.454964 0.299805 0.0507686 0.0634766 0.693359
0 0.250588 0.383789 0.0546738 0.0742188 0.680664
0 0.361889 0.276611 0.042958 0.0581055 0.542969
0 0.299079 0.257324 0.0449106 0.0585938 0.533203
0 0.385971 0.215576 0.0364492 0.0517578 0.138428
0 0.560407 0.220215 0.0325439 0.0419922 0.0520325
0 0.314375 0.954102 0.0611826 0.0761719 0.0399475
0 0.513543 0.290039 0.048165 0.0683594 0.0337219
0 0.0304286 0.2854 0.0382391 0.0576172 0.0297546
0 0.607921 0.216309 0.0312422 0.0419922 0.012825
0 0.489461 0.144958 0.0325439 0.0430908 0.0121002
0 0.341711 0.160645 0.0351475 0.0439453 0.0112457
0 0.171507 0.29126 0.0423071 0.0512695 0.0111618
0 0.477745 0.210938 0.0403545 0.0478516 0.0107346
0 0.684725 0.213867 0.0234316 0.0332031 0.0107346
0 0.0680982 0.606445 0.0890077 0.0917969 0.0104065
0 0.551945 0.153809 0.0299404 0.0332031 0.0102463
0 0.71857 0.459473 0.0364492 0.0556641 0.00993347
0 0.646974 0.167725 0.0260352 0.0424805 0.008255
0 0.510289 0.216064 0.0390527 0.0419922 0.00787354
0 0.347569 0.21582 0.0364492 0.0419922 0.00775528
0 0.723777 0.230469 0.0286387 0.0390625 0.00775528
0 0.0820921 0.614258 0.063298 0.0859375 0.00763702
0 0.0475142 0.583984 0.0865669 0.078125 0.00701141
0 0.324138 0.154297 0.0351475 0.0429688 0.00577545
0 0.311446 0.941406 0.0663897 0.0859375 0.00527954
0 0.634607 0.208008 0.0299404 0.0351562 0.00519943
0 0.0860787 0.625 0.0527212 0.078125 0.00503922
0 0.972413 0.422852 0.0442598 0.0605469 0.0039444
0 0.604667 0.154785 0.0247334 0.0336914 0.00388527
0 0.982827 0.735352 0.0325439 0.0703125 0.00387001
0 0.44097 0.222412 0.0423071 0.0483398 0.00372124
0 0.64437 0.410156 0.0390527 0.0449219 0.00312424
0 0.0268488 0.337402 0.0379137 0.0625 0.00296974
0 0.514194 0.154297 0.0286387 0.0390625 0.00277901
0 0.357983 0.433594 0.0885195 0.145508 0.00277901
0 0.67366 0.423828 0.0455615 0.0576172 0.00254059
0 0.97762 0.757324 0.0312422 0.0644531 0.00248146
0 0.449432 0.579102 0.042958 0.0605469 0.00227928
0 0.376859 0.255859 0.0715967 0.0859375 0.00205803
0 0.949632 0.224609 0.0455615 0.0498047 0.00201988
0 0.056301 0.277344 0.051094 0.0537109 0.00201035
0 0.317629 0.958984 0.100886 0.0820312 0.00197983
0 0.39964 0.150391 0.0286387 0.0390625 0.0019722
0 0.689932 0.272461 0.0286387 0.0419922 0.00191212
0 0.948981 0.400879 0.0442598 0.0527344 0.00189686
0 0.978922 0.450195 0.0338457 0.0556641 0.00186729
0 0.272718 0.156006 0.0286387 0.0356445 0.00168705
0 0.457568 0.310791 0.0533721 0.0698242 0.00168133
0 0.349522 0.415527 0.0781055 0.108398 0.868164
0 0.454313 0.30127 0.0494668 0.0615234 0.747559
0 0.252866 0.384888 0.05923 0.079834 0.67041
0 0.36254 0.278809 0.0403545 0.0512695 0.597168
0 0.300381 0.259277 0.0449106 0.0546875 0.578613
0 0.386948 0.217773 0.0312422 0.0449219 0.119202
0 0.314375 0.955078 0.0637861 0.0859375 0.119202
0 0.561058 0.223145 0.0299404 0.0380859 0.0866089
0 0.172157 0.293457 0.0416563 0.0546875 0.0605164
0 0.517123 0.291992 0.0455615 0.0664062 0.0526123
0 0.0577655 0.586914 0.10772 0.09375 0.0349426
0 0.0318931 0.287109 0.0406799 0.0571289 0.03302
0 0.0611826 0.603516 0.110649 0.105469 0.028595
0 0.610524 0.220703 0.0286387 0.0380859 0.0153046
0 0.719872 0.462402 0.0390527 0.0615234 0.0130234
0 0.686026 0.216797 0.0234316 0.03125 0.00989532
0 0.477094 0.2146 0.0312422 0.0385742 0.00971222
0 0.0797327 0.619141 0.0702949 0.0917969 0.00891876
0 0.648275 0.169434 0.0208281 0.0390625 0.0088501
0 0.973715 0.425781 0.0442598 0.0683594 0.00815582
0 0.343013 0.164551 0.0312422 0.0400391 0.0077858
0 0.724428 0.232666 0.0273369 0.0419922 0.00666809
0 0.356682 0.432129 0.0885195 0.138672 0.0064888
0 0.852001 0.546875 0.0781055 0.0957031 0.00629044
0 0.345617 0.217773 0.0312422 0.03125 0.00575256
0 0.319582 0.959961 0.0878687 0.0800781 0.00575256
0 0.455941 0.310059 0.0572773 0.0712891 0.0055542
0 0.554549 0.159424 0.0247334 0.027832 0.00530243
0 0.766084 0.59668 0.048165 0.0683594 0.00510025
0 0.512242 0.21875 0.0351475 0.034668 0.00503922
0 0.439994 0.221191 0.0338457 0.0361328 0.00468063
0 0.294197 0.261719 0.0520703 0.0615234 0.00379562
0 0.839634 0.537109 0.0963301 0.113281 0.00366402
0 0.48881 0.149414 0.0279878 0.0322266 0.00351143
0 0.044097 0.561035 0.0790818 0.109375 0.00318527
0 0.029615 0.338379 0.041819 0.0673828 0.00309944
0 0.185175 0.323242 0.048165 0.0644531 0.00305176
0 0.297777 0.951172 0.100235 0.0976562 0.00305176
0 0.680819 0.444336 0.0546738 0.0683594 0.00300407
0 0.324789 0.161621 0.0338457 0.0380859 0.00293541
0 0.978922 0.447266 0.0338457 0.0605469 0.00293541
0 0.635909 0.211426 0.0273369 0.0292969 0.0026207
0 0.673009 0.429199 0.048165 0.0693359 0.00258064
0 0.158326 0.294189 0.0465378 0.0546875 0.00239754
0 0.648275 0.414551 0.0390527 0.0517578 0.002388
0 0.830522 0.573242 0.0898213 0.0742188 0.00236893
0 0.951585 0.40625 0.0520703 0.0625 0.00223351
0 0.5181 0.970703 0.042958 0.0507812 0.0020752
0 0.345617 0.398926 0.0872178 0.118164 0.00205803
0 0.0584977 0.278809 0.0519076 0.0537109 0.00201035
0 0.349522 0.41687 0.0742002 0.10376 0.883789
0 0.453663 0.298828 0.0494668 0.0595703 0.8125
0 0.252541 0.38269 0.0598809 0.076416 0.76416
0 0.361889 0.27832 0.0416563 0.0532227 0.662598
0 0.298753 0.258301 0.0455615 0.0546875 0.598145
0 0.313073 0.957031 0.0605317 0.0742188 0.206299
0 0.385646 0.218262 0.0371001 0.0483398 0.115173
0 0.563661 0.223633 0.0338457 0.0400391 0.11438
0 0.516798 0.291992 0.048165 0.0595703 0.0240936
0 0.342362 0.163086 0.0364492 0.0463867 0.0233765
0 0.0309981 0.285156 0.0366119 0.0498047 0.0193024
0 0.0608572 0.587891 0.109348 0.09375 0.0186157
0 0.71857 0.462891 0.0364492 0.0507812 0.0175781
0 0.613128 0.222168 0.0312422 0.0390625 0.0126266
0 0.646974 0.165527 0.0260352 0.0410156 0.0113297
0 0.68863 0.219482 0.0260352 0.03125 0.0112457
0 0.171995 0.287598 0.0416563 0.0458984 0.0103302
0 0.348871 0.217773 0.0390527 0.0371094 0.00948334
0 0.319582 0.962891 0.0898213 0.0742188 0.00930023
0 0.476118 0.21875 0.0410054 0.0478516 0.00905609
0 0.311771 0.945312 0.0663897 0.0898438 0.00898743
0 0.0694813 0.611328 0.0907976 0.09375 0.00891876
0 0.48881 0.144958 0.0325439 0.0401611 0.00854492
0 0.552922 0.158936 0.0286387 0.0307617 0.00638962
0 0.513869 0.219238 0.0384019 0.0361328 0.00638962
0 0.298753 0.953125 0.0937266 0.0878906 0.00572968
0 0.0809531 0.62207 0.0652506 0.0820312 0.00538635
0 0.442598 0.231445 0.0455615 0.0566406 0.00453949
0 0.68147 0.446289 0.048165 0.0605469 0.00382423
0 0.975017 0.425781 0.0416563 0.0625 0.00370789
0 0.325439 0.158936 0.037751 0.046875 0.00323486
0 0.727683 0.230957 0.0260352 0.0390625 0.00307465
0 0.978922 0.449707 0.0338457 0.0537109 0.00293541
0 0.954189 0.225342 0.0520703 0.0561523 0.00279999
0 0.982827 0.735352 0.0312422 0.0703125 0.00268364
0 0.456266 0.311523 0.0559756 0.0673828 0.00245285
0 0.297452 0.939453 0.0852651 0.0898438 0.00231361
0 0.635258 0.213135 0.0286387 0.0268555 0.00225258
0 0.96265 0.227783 0.0533721 0.0751953 0.00223351
0 0.606619 0.1604 0.0260352 0.0341797 0.00194168
0 0.515822 0.160645 0.0260352 0.0371094 0.00183105
0 0.646323 0.415039 0.0351475 0.0449219 0.00179577
0 0.0500363 0.562988 0.0864042 0.116211 0.00164223
0 0.97762 0.758789 0.0286387 0.0605469 0.00159168
0 0.965904 0.265625 0.0468633 0.0703125 0.00145531
0 0.948981 0.40332 0.0468633 0.0507812 0.00143242
0 0.672358 0.430664 0.0455615 0.0644531 0.00139904
0 0.179317 0.224609 0.0318931 0.0361328 0.00125504
0 0.344966 0.400269 0.0872178 0.123291 0.00124931
0 0.0654947 0.623047 0.112439 0.134766 0.00123978
0 0.348871 0.413086 0.0761528 0.109375 0.838379
0 0.454964 0.300293 0.0468633 0.0615234 0.711426
0 0.252866 0.38269 0.0585791 0.076416 0.683594
0 0.36254 0.278809 0.0397036 0.0546875 0.587891
0 0.300706 0.258301 0.0468633 0.0556641 0.519531
0 0.313724 0.958008 0.0624844 0.0800781 0.16394
0 0.386948 0.219727 0.0338457 0.0498047 0.0913696
0 0.563661 0.223389 0.0312422 0.0410156 0.062561
0 0.0295336 0.286377 0.033683 0.050293 0.0317993
0 0.519401 0.291992 0.0455615 0.0634766 0.0297546
0 0.172646 0.287598 0.0406799 0.050293 0.0252228
0 0.318605 0.961914 0.0917739 0.0761719 0.012825
0 0.719872 0.462402 0.0364492 0.0576172 0.0121918
0 0.0593927 0.602539 0.11488 0.107422 0.0115051
0 0.612477 0.222168 0.0299404 0.0410156 0.0112457
0 0.0590673 0.587402 0.108371 0.09375 0.0106506
0 0.68863 0.217041 0.0208281 0.0317383 0.0104065
0 0.344966 0.163086 0.0312422 0.0424805 0.00878143
0 0.488485 0.145508 0.0286387 0.0361328 0.00769424
0 0.479047 0.21582 0.0312422 0.0419922 0.00748825
0 0.5552 0.156982 0.0247334 0.0288086 0.00641251
0 0.350824 0.215576 0.0351475 0.0375977 0.00600433
0 0.0780241 0.620117 0.0727357 0.0898438 0.00557709
0 0.299404 0.953125 0.0989336 0.09375 0.00527954
0 0.514194 0.217285 0.0338457 0.0351562 0.00460815
0 0.727683 0.230469 0.0234316 0.0400391 0.00457382
0 0.648275 0.166504 0.0234316 0.0400391 0.00445175
0 0.44097 0.222168 0.037751 0.0439453 0.00421524
0 0.680169 0.443359 0.0507686 0.0644531 0.00403976
0 0.18127 0.222656 0.0279878 0.0341797 0.00312424
0 0.637861 0.210938 0.0260352 0.03125 0.00296974
0 0.0600436 0.277832 0.0449106 0.046875 0.00293541
0 0.975668 0.424805 0.0390527 0.0664062 0.00292397
0 0.673009 0.430664 0.0494668 0.0712891 0.00277901
0 0.979573 0.449219 0.0299404 0.0566406 0.0026722
0 0.299404 0.941406 0.085916 0.0976562 0.00266266
0 0.692535 0.274902 0.0260352 0.0375977 0.00243378
0 0.456592 0.311035 0.0553247 0.0683594 0.00229645
0 0.645672 0.416016 0.0338457 0.0527344 0.00226974
0 0.605968 0.156982 0.0234316 0.0292969 0.00224304
0 0.73289 0.266846 0.0299404 0.0517578 0.00212479
0 0.226669 0.211914 0.0270115 0.0332031 0.00206757
0 0.322185 0.158203 0.0299404 0.0361328 0.00202751
0 0.517449 0.159668 0.0208281 0.0341797 0.00192642
0 0.766735 0.600586 0.0416563 0.0644531 0.00189686
0 0.948981 0.40332 0.042958 0.0507812 0.00183105
0 0.0266047 0.340332 0.0327067 0.0585938 0.00172043
0 0.982827 0.734863 0.0286387 0.0771484 0.00156116
0 0.855255 0.547852 0.0676914 0.0820312 0.00146675
0 0.0957199 0.276367 0.0350661 0.0400391 0.00139427
0 0.350173 0.414062 0.075502 0.107422 0.84668
0 0.454639 0.300781 0.048165 0.0605469 0.751465
0 0.251809 0.381836 0.0574401 0.0761719 0.706543
0 0.361889 0.27832 0.0397036 0.0537109 0.619629
0 0.300706 0.258301 0.0462124 0.0546875 0.560059
0 0.314049 0.958984 0.0624844 0.078125 0.15918
0 0.387924 0.219238 0.0325439 0.046875 0.110107
0 0.562359 0.222168 0.0299404 0.0380859 0.0585632
0 0.0289641 0.286621 0.0333575 0.0488281 0.0352173
0 0.300055 0.249023 0.042958 0.0688477 0.0282135
0 0.173622 0.289551 0.0393782 0.0478516 0.0275879
0 0.520052 0.291504 0.0442598 0.0605469 0.0253754
0 0.719872 0.465332 0.0364492 0.0556641 0.0211182
0 0.68863 0.217529 0.0221299 0.0307617 0.012291
0 0.0574401 0.586914 0.103164 0.0898438 0.0117798
0 0.488159 0.14502 0.0286387 0.0351562 0.0116882
0 0.611826 0.220703 0.0286387 0.0390625 0.0115967
0 0.0609385 0.603516 0.110487 0.103516 0.0114212
0 0.346268 0.163574 0.0299404 0.0390625 0.0109863
0 0.48165 0.213379 0.0286387 0.0400391 0.00993347
0 0.310469 0.947266 0.0676914 0.09375 0.00971222
0 0.31828 0.961914 0.0950283 0.0761719 0.00878143
0 0.0721662 0.610352 0.0867296 0.0966797 0.00760651
0 0.975017 0.424805 0.0416563 0.0625 0.00734711
0 0.727683 0.22876 0.0234316 0.0371094 0.00728989
0 0.5552 0.156738 0.0247334 0.0263672 0.0068512
0 0.298753 0.954102 0.0976318 0.0898438 0.00582123
0 0.0820107 0.623047 0.0654133 0.0830078 0.0055542
0 0.294523 0.262207 0.0527212 0.0595703 0.00551224
0 0.3518 0.215576 0.0344966 0.034668 0.00527954
0 0.949632 0.402344 0.042958 0.0507812 0.00453949
0 0.514845 0.216797 0.0318931 0.0332031 0.00431442
0 0.680169 0.445312 0.0468633 0.0605469 0.00426483
0 0.439994 0.217529 0.0351475 0.0375977 0.00415039
0 0.64437 0.414062 0.0325439 0.046875 0.00374985
0 0.648926 0.166016 0.0234316 0.0361328 0.00369263
0 0.980224 0.447754 0.0338457 0.0585938 0.00345612
0 0.182572 0.221191 0.0260352 0.03125 0.00335121
0 0.297777 0.94043 0.0846143 0.09375 0.00304031
0 0.63656 0.210938 0.0260352 0.0302734 0.00302696
0 0.674311 0.428711 0.0442598 0.0644531 0.0026722
0 0.692535 0.275879 0.0260352 0.0351562 0.00265312
0 0.321534 0.157471 0.0292896 0.0322266 0.0024147
0 0.766735 0.600586 0.0416563 0.0644531 0.00239754
0 0.456917 0.311523 0.0546738 0.0673828 0.00188255
0 0.226994 0.212891 0.0260352 0.0307617 0.00187492
0 0.517449 0.158936 0.0195264 0.0307617 0.00185299
0 0.605317 0.156738 0.0208281 0.0263672 0.00184631
0 0.0618335 0.278809 0.03889 0.0424805 0.00176811
0 0.734191 0.268799 0.0286387 0.0478516 0.00170708
0 0.350173 0.414062 0.075502 0.107422 0.84668
0 0.454639 0.300537 0.048165 0.0600586 0.751465
0 0.251809 0.382324 0.0574401 0.0761719 0.706543
0 0.361889 0.27832 0.0390527 0.0537109 0.620605
0 0.300706 0.258301 0.0462124 0.0546875 0.561035
0 0.314049 0.958984 0.0624844 0.078125 0.158691
0 0.387924 0.219238 0.0325439 0.046875 0.110107
0 0.562359 0.222168 0.0299404 0.0380859 0.0583496
0 0.0289641 0.286621 0.0331948 0.0488281 0.0352783
0 0.300055 0.249023 0.042958 0.0688477 0.0282745
0 0.173622 0.289551 0.0393782 0.0478516 0.0275269
0 0.520052 0.291504 0.0442598 0.0605469 0.0254669
0 0.719872 0.465332 0.0364492 0.0556641 0.0211639
0 0.68863 0.217529 0.0208281 0.0307617 0.012291
0 0.0574401 0.586914 0.103164 0.0898438 0.0118256
0 0.488159 0.14502 0.0286387 0.0351562 0.0116425
0 0.611826 0.220459 0.0286387 0.0385742 0.0115509
0 0.0608572 0.603516 0.110649 0.103516 0.0114212
0 0.346268 0.163574 0.0299404 0.0385742 0.0109024
0 0.48165 0.213379 0.0286387 0.0400391 0.00997162
0 0.310469 0.947266 0.0676914 0.09375 0.00963593
0 0.31828 0.961914 0.0950283 0.0761719 0.00871277
0 0.0721662 0.610352 0.0867296 0.0966797 0.00757599
0 0.727683 0.22876 0.0234316 0.0371094 0.00728989
0 0.975017 0.424805 0.0416563 0.0625 0.00728989
0 0.5552 0.156738 0.0247334 0.0263672 0.0068512
0 0.298428 0.954102 0.096981 0.0898438 0.00572968
0 0.0820107 0.623047 0.0654133 0.0830078 0.0055542
0 0.294523 0.262207 0.0527212 0.0595703 0.00548935
0 0.3518 0.215576 0.0344966 0.034668 0.00530243
0 0.949632 0.402344 0.042958 0.0507812 0.00452042
0 0.514845 0.216797 0.0318931 0.0332031 0.00431442
0 0.680169 0.445312 0.0468633 0.0605469 0.00429916
0 0.439994 0.217529 0.0351475 0.0375977 0.00416565
0 0.64437 0.414551 0.0325439 0.0478516 0.00380898
0 0.648926 0.166016 0.0234316 0.0361328 0.00367928
0 0.980224 0.447754 0.0338457 0.0585938 0.00345612
0 0.182572 0.221191 0.0260352 0.03125 0.00337601
0 0.63656 0.210938 0.0260352 0.0302734 0.00304031
0 0.297777 0.94043 0.0846143 0.09375 0.00300407
0 0.674311 0.428711 0.0442598 0.0644531 0.00269318
0 0.692535 0.275879 0.0260352 0.0351562 0.0026722
0 0.321534 0.157715 0.0292896 0.0322266 0.00242424
0 0.766735 0.600586 0.0442598 0.0644531 0.00239754
0 0.226994 0.212891 0.0260352 0.0307617 0.00189686
0 0.456917 0.311523 0.0546738 0.0673828 0.00188255
0 0.517449 0.158936 0.0195264 0.0307617 0.00184631
0 0.605317 0.156738 0.0208281 0.0263672 0.00184631
0 0.0619149 0.278809 0.0387273 0.0419922 0.00178242
0 0.734191 0.269043 0.0286387 0.0478516 0.00170708
