0 0.520052 0.851562 0.0702949 0.078125 0.387695
0 0.650879 0.636719 0.0676914 0.0664062 0.324219
0 0.516798 0.967285 0.0702949 0.0654297 0.146118
0 0.652181 0.621094 0.0702949 0.0761719 0.137085
0 0.770641 0.973633 0.0572773 0.0527344 0.0856934
0 0.475792 0.535156 0.0572773 0.0605469 0.0409241
0 0.5181 0.922852 0.0872178 0.154297 0.0397034
0 0.39248 0.529785 0.054023 0.0732422 0.031311
0 0.806439 0.782227 0.0533721 0.0761719 0.0263519
0 0.812297 0.738281 0.0650879 0.0693359 0.025177
0 0.829996 0.179199 0.340009 0.358398 0.0235596
0 0.406799 0.49707 0.0820107 0.126953 0.0158997
0 0.399965 0.916016 0.048165 0.0585938 0.0153046
0 0.512567 0.854004 0.0930757 0.104492 0.014389
0 0.844966 0.361816 0.310068 0.682617 0.0143356
0 0.521354 0.862305 0.0898213 0.173828 0.0118256
0 0.844841 0.782227 0.0520703 0.0761719 0.0113297
0 0.512893 0.956055 0.0885195 0.0878906 0.0105667
0 0.516798 0.904053 0.115856 0.191895 0.0103302
0 0.0437716 0.263916 0.0774546 0.196777 0.00963593
0 0.655435 0.847168 0.0533721 0.0576172 0.00948334
0 0.574075 0.597168 0.0898213 0.0751953 0.00919342
0 0.649577 0.591797 0.0702949 0.162109 0.00881195
0 0.849397 0.898438 0.0598809 0.0683594 0.0078125
0 0.531443 0.879883 0.0761528 0.132812 0.00751877
0 0.788865 0.789062 0.0572773 0.078125 0.00737381
0 0.672483 0.5 0.655034 1 0.00712204
0 0.850048 0.869629 0.0650879 0.0908203 0.00709534
0 0.568993 0.5 0.862014 1 0.00701141
0 0.352125 0.77832 0.042958 0.0585938 0.00671768
0 0.696565 0.5 0.606869 1 0.00671768
0 0.0419817 0.310059 0.075502 0.142578 0.00664139
0 0.495644 0.849121 0.115206 0.157227 0.00664139
0 0.69266 0.5 0.61468 1 0.00629044
0 0.697867 0.5 0.604266 1 0.00619125
0 0.0410054 0.199707 0.07778 0.337891 0.00609589
0 0.5 0.5 1 1 0.006073
0 0.728334 0.41748 0.0872178 0.155273 0.00584412
0 0.5 0.5 1 1 0.00575256
0 0.5 0.5 1 1 0.00568771
0 0.524934 0.893066 0.0976318 0.213867 0.00526047
0 0.473189 0.5 0.946378 1 0.00526047
0 0.645021 0.805664 0.0663897 0.0664062 0.00518036
0 0.485556 0.881104 0.239523 0.22998 0.00510025
0 0.430882 0.473145 0.129525 0.193359 0.0050621
0 0.641116 0.621094 0.0963301 0.0898438 0.00503922
0 0.620938 0.839844 0.0533721 0.0537109 0.00500107
0 0.617033 0.57959 0.166625 0.146484 0.0049057
0 0.577129 0.546875 0.845742 0.90625 0.00482941
0 0.658814 0.574219 0.682371 0.851562 0.00481033
0 0.522005 0.839355 0.0768037 0.0908203 0.517578
0 0.765434 0.974609 0.0624844 0.0507812 0.297363
0 0.519401 0.929443 0.0820107 0.137207 0.191284
0 0.659991 0.815918 0.0833125 0.0986328 0.189575
0 0.132942 0.637207 0.0637861 0.0888672 0.140869
0 0.476443 0.795898 0.0663897 0.0898438 0.139893
0 0.839634 0.424805 0.0624844 0.0761719 0.138428
0 0.0464565 0.322266 0.0743629 0.097168 0.137085
0 0.523307 0.896484 0.0950283 0.189453 0.118774
0 0.349522 0.762695 0.0650879 0.0800781 0.117554
0 0.563661 0.571289 0.0611826 0.0878906 0.112793
0 0.514194 0.82666 0.0989336 0.110352 0.111267
0 0.0415749 0.302734 0.0763156 0.119141 0.102295
0 0.512242 0.852051 0.101537 0.133789 0.0927124
0 0.850048 0.892822 0.0520703 0.0698242 0.072876
0 0.0261979 0.637695 0.0484905 0.0810547 0.0665894
0 0.654133 0.614258 0.0624844 0.078125 0.0653687
0 0.40745 0.435425 0.0794072 0.140869 0.0621033
0 0.407776 0.466309 0.0774546 0.166992 0.0621033
0 0.900816 0.543945 0.0624844 0.0898438 0.0611877
0 0.831172 0.426758 0.0650879 0.0898438 0.0603027
0 0.575702 0.561523 0.0735493 0.09375 0.0603027
0 0.47026 0.519531 0.054023 0.078125 0.058136
0 0.586442 0.545898 0.075502 0.0996094 0.058136
0 0.512242 0.486816 0.0455615 0.0654297 0.0433655
0 0.39248 0.508301 0.0559756 0.110352 0.0424805
0 0.380764 0.76123 0.0676914 0.0722656 0.0366211
0 0.80709 0.729492 0.0676914 0.0585938 0.0350037
0 0.709458 0.450684 0.100235 0.172852 0.0332642
0 0.589859 0.574219 0.103815 0.111328 0.0316162
0 0.973715 0.588867 0.0442598 0.0634766 0.0305023
0 0.760227 0.521484 0.0520703 0.0722656 0.0280151
0 0.514194 0.515625 0.0468633 0.0761719 0.0278015
0 0.0261165 0.481445 0.052233 0.09375 0.0276947
0 0.687328 0.482422 0.0572773 0.130859 0.0254211
0 0.916438 0.54541 0.0702949 0.0771484 0.024704
0 0.715967 0.433472 0.122365 0.201416 0.0242767
0 0.136359 0.607422 0.0963301 0.146484 0.0240479
0 0.455615 0.761719 0.0611826 0.078125 0.0232849
0 0.855255 0.864258 0.0637861 0.107422 0.0231476
0 0.0379137 0.260742 0.0738748 0.191406 0.0223236
0 0.596368 0.404785 0.0595554 0.0751953 0.0217743
0 0.974165 0.787109 0.0516694 0.0751953 0.0214081
0 0.314375 0.297363 0.0768037 0.0610352 0.0208893
0 0.848746 0.778809 0.0650879 0.0888672 0.0202179
0 0.977745 0.422852 0.0445098 0.0605469 0.0201721
0 0.618335 0.562012 0.101537 0.143555 0.0198364
0 0.943774 0.409668 0.0416563 0.0419922 0.0180969
0 0.479698 0.495605 0.0689932 0.115234 0.0164032
0 0.643068 0.817871 0.104141 0.0947266 0.0160217
0 0.769339 0.975586 0.0572773 0.0488281 0.714844
0 0.5181 0.906738 0.0963301 0.186523 0.540039
0 0.165649 0.0969238 0.331297 0.193848 0.518555
0 0.123179 0.529297 0.234642 0.306641 0.237183
0 0.578306 0.453003 0.165974 0.330322 0.196777
0 0.587093 0.473633 0.126271 0.267578 0.183594
0 0.90342 0.963867 0.0416563 0.0449219 0.146606
0 0.146448 0.550293 0.162394 0.291992 0.107422
0 0.559105 0.46582 0.122365 0.113281 0.0869141
0 0.821534 0.0604248 0.356932 0.12085 0.0769653
0 0.316327 0.730957 0.0468633 0.0693359 0.0758667
0 0.635909 0.455566 0.260352 0.360352 0.0661011
0 0.768037 0.057251 0.257748 0.114502 0.0628052
0 0.471887 0.530273 0.048165 0.0625 0.0568542
0 0.598646 0.580078 0.094052 0.120117 0.0545959
0 0.749813 0.977539 0.0598809 0.0449219 0.0526123
0 0.816202 0.77832 0.0989336 0.109375 0.0518494
0 0.657388 0.619141 0.0598809 0.0683594 0.049408
0 0.850048 0.898438 0.0247334 0.0390625 0.0490417
0 0.585791 0.550781 0.111951 0.138672 0.0486755
0 0.398989 0.914062 0.0338457 0.0488281 0.0456848
0 0.82922 0.759277 0.137986 0.137695 0.0455322
0 0.108046 0.93457 0.121714 0.109375 0.0441895
0 0.978396 0.605469 0.043208 0.0556641 0.0422363
0 0.761528 0.0574951 0.208281 0.11499 0.0420227
0 0.842237 0.785156 0.121063 0.103516 0.0413818
0 0.165323 0.594727 0.136685 0.225586 0.0360718
0 0.399965 0.476562 0.054023 0.0917969 0.0352783
0 0.349847 0.762695 0.0318931 0.0546875 0.0352173
0 0.163533 0.475586 0.119436 0.134766 0.0340271
0 0.791469 0.772461 0.0598809 0.116211 0.0324097
0 0.872178 0.719727 0.234316 0.246094 0.0322876
0 0.313398 0.467285 0.0657388 0.0585938 0.0303802
0 0.454639 0.46875 0.127572 0.185547 0.0297546
0 0.853953 0.851074 0.0416563 0.0449219 0.0297546
0 0.825315 0.0734863 0.338457 0.146973 0.0293732
0 0.667151 0.466797 0.253843 0.267578 0.0290833
0 0.890402 0.21875 0.0390527 0.0488281 0.0289307
0 0.453012 0.533203 0.0585791 0.0644531 0.0273285
0 0.23334 0.97168 0.0455615 0.0507812 0.0271759
0 0.350498 0.474609 0.0325439 0.0546875 0.0263519
0 0.315025 0.379761 0.11846 0.218994 0.0263062
0 0.133756 0.942383 0.080709 0.0839844 0.0261078
0 0.809693 0.74707 0.115856 0.138672 0.0254669
0 0.389551 0.76709 0.054023 0.0605469 0.0254211
0 0.523307 0.424805 0.283783 0.294922 0.0249939
0 0.477094 0.496094 0.0950283 0.109375 0.0243378
0 0.773244 0.529297 0.0286387 0.0351562 0.0242767
0 0.816202 0.896484 0.0286387 0.0449219 0.0240936
0 0.400291 0.528809 0.037751 0.0478516 0.0235138
0 0.512567 0.955078 0.069644 0.0898438 0.567871
0 0.521679 0.830078 0.0761528 0.0898438 0.389648
0 0.894308 0.96875 0.0416563 0.0527344 0.299072
0 0.968508 0.60498 0.0390527 0.0615234 0.223999
0 0.767386 0.978027 0.048165 0.0439453 0.189575
0 0.5181 0.945312 0.0846143 0.109375 0.136108
0 0.522656 0.845703 0.0852651 0.115234 0.121704
0 0.51875 0.907715 0.101537 0.18457 0.0907593
0 0.338132 0.766602 0.0527212 0.078125 0.0646362
0 0.769339 0.53418 0.0338457 0.0410156 0.0587769
0 0.395084 0.911133 0.042958 0.0527344 0.0554199
0 0.0393782 0.327637 0.0615081 0.0810547 0.0479431
0 0.395734 0.537598 0.037751 0.0449219 0.0474243
0 0.529815 0.913818 0.0813599 0.133301 0.0458679
0 0.857858 0.892578 0.0312422 0.0488281 0.0429688
0 0.741351 0.976562 0.0650879 0.046875 0.0420837
0 0.5181 0.476562 0.0292896 0.0371094 0.039856
0 0.896911 0.578125 0.0442598 0.0664062 0.0392761
0 0.354078 0.536621 0.0312422 0.0390625 0.0348206
0 0.0444225 0.335693 0.0530466 0.0629883 0.0333252
0 0.857858 0.861328 0.0416563 0.0605469 0.0327148
0 0.905373 0.550781 0.0520703 0.0683594 0.0323486
0 0.649577 0.617188 0.0598809 0.0761719 0.0268097
0 0.768037 0.725586 0.0611826 0.0625 0.0263062
0 0.550969 0.961426 0.0722476 0.0771484 0.0257568
0 0.398663 0.466797 0.0325439 0.0410156 0.0236511
0 0.040924 0.302734 0.0732239 0.111328 0.0195007
0 0.591649 0.970703 0.0533721 0.0585938 0.0188751
0 0.319582 0.737305 0.0663897 0.078125 0.0178528
0 0.813599 0.905273 0.0286387 0.0390625 0.0174408
0 0.635258 0.976562 0.048165 0.046875 0.0171814
0 0.329345 0.757812 0.0637861 0.0810547 0.0165253
0 0.438692 0.535645 0.0247334 0.0458984 0.0164642
0 0.653482 0.633789 0.0520703 0.0742188 0.0162811
0 0.604016 0.521973 0.0351475 0.0488281 0.0156708
0 0.0178992 0.651855 0.0357983 0.0742188 0.014061
0 0.56659 0.541992 0.0357983 0.0488281 0.0136871
0 0.307215 0.466797 0.0338457 0.0410156 0.0136337
0 0.466029 0.53418 0.0390527 0.0488281 0.0131683
0 0.920343 0.538086 0.0468633 0.0566406 0.0131683
0 0.802534 0.734375 0.0533721 0.0585938 0.0130692
0 0.652181 0.833008 0.0624844 0.0859375 0.012825
0 0.230086 0.974609 0.0455615 0.046875 0.0126266
0 0.973715 0.648926 0.0442598 0.0722656 0.0124283
0 0.684074 0.528809 0.0312422 0.0517578 0.0120087
0 0.530141 0.818359 0.0781055 0.0996094 0.0113297
0 0.825315 0.416992 0.0442598 0.0556641 0.0111618
0 0.64437 0.802246 0.075502 0.0927734 0.0106125
0 0.47384 0.806641 0.0611826 0.115234 0.0103302
0 0.975668 0.718262 0.0442598 0.0566406 0.00871277
0 0.51875 0.954102 0.0572773 0.0898438 0.383057
0 0.524283 0.831055 0.0637861 0.078125 0.35498
0 0.766735 0.974609 0.0494668 0.0507812 0.345215
0 0.972413 0.59668 0.0390527 0.0527344 0.184204
0 0.133918 0.654785 0.0393782 0.0507812 0.150024
0 0.853302 0.867188 0.0442598 0.0722656 0.143677
0 0.856557 0.884766 0.0338457 0.0605469 0.1427
0 0.768688 0.529297 0.0351475 0.046875 0.138428
0 0.65153 0.634277 0.0520703 0.0722656 0.129883
0 0.67366 0.828125 0.0364492 0.0517578 0.123352
0 0.978922 0.462891 0.0351475 0.0449219 0.110474
0 0.346593 0.759766 0.0507686 0.0673828 0.0957031
0 0.900816 0.961914 0.0416563 0.0605469 0.0950317
0 0.500851 0.951172 0.0761528 0.0859375 0.0910645
0 0.520703 0.472656 0.0286387 0.0429688 0.0878906
0 0.94768 0.40625 0.0416563 0.0527344 0.0769653
0 0.748511 0.976562 0.0676914 0.046875 0.0755615
0 0.652181 0.620117 0.0546738 0.0742188 0.0739746
0 0.153933 0.5 0.307866 1 0.0696411
0 0.805788 0.731934 0.0468633 0.0585938 0.0673218
0 0.122365 0.65332 0.0462124 0.0585938 0.0630493
0 0.390527 0.780273 0.0351475 0.046875 0.0618896
0 0.967206 0.422852 0.0572773 0.0673828 0.0568542
0 0.0354322 0.5 0.0708644 1 0.0515442
0 0.401592 0.910156 0.0390527 0.0546875 0.0495911
0 0.512242 0.921631 0.0924248 0.137207 0.0492249
0 0.309493 0.46582 0.0312422 0.0458984 0.0460205
0 0.467331 0.533203 0.0390527 0.0566406 0.0451965
0 0.465378 0.768066 0.0390527 0.0537109 0.0426331
0 0.5552 0.958008 0.0533721 0.0839844 0.0417786
0 0.782357 0.792969 0.0468633 0.0703125 0.0317383
0 0.00573587 0.515625 0.0114717 0.941406 0.0312042
0 0.598158 0.525391 0.0273369 0.0458984 0.0309143
0 0.507686 0.836426 0.085916 0.0722656 0.0294189
0 0.034822 0.637695 0.0553247 0.078125 0.0289764
0 0.90342 0.540527 0.0468633 0.0634766 0.0266571
0 0.848746 0.414062 0.0286387 0.0488281 0.0257568
0 0.972413 0.729492 0.0390527 0.0507812 0.0220795
0 0.484905 0.404297 0.0286387 0.0400391 0.0199432
0 0.819457 0.905273 0.0299404 0.0429688 0.0197906
0 0.200308 0.671875 0.0491414 0.0625 0.0196381
0 0.474491 0.478516 0.0338457 0.046875 0.0195618
0 0.55878 0.581055 0.0305913 0.0488281 0.019455
0 0.360587 0.53418 0.0299404 0.0371094 0.0186462
0 0.180131 0.594238 0.0361238 0.0527344 0.0177155
0 0.658689 0.836914 0.0416563 0.0546875 0.0170441
0 0.140264 0.619629 0.0455615 0.0810547 0.0167847
0 0.922946 0.536133 0.0390527 0.0537109 0.0165253
0 0.453663 0.536133 0.0403545 0.0546875 0.0162811
0 0.215604 0.667969 0.0413308 0.0566406 0.0162811
0 0.521029 0.835938 0.0546738 0.0722656 0.411133
0 0.764783 0.976562 0.048165 0.046875 0.356689
0 0.515171 0.953125 0.0624844 0.0878906 0.314941
0 0.523307 0.475586 0.0338457 0.0429688 0.193726
0 0.512242 0.947266 0.085916 0.105469 0.157715
0 0.85916 0.893555 0.0338457 0.0546875 0.108948
0 0.752416 0.976562 0.080709 0.046875 0.0984497
0 0.898213 0.970703 0.0390527 0.0507812 0.0939941
0 0.341711 0.763672 0.0650879 0.0732422 0.0847778
0 0.332925 0.757812 0.0559756 0.0722656 0.0579224
0 0.510615 0.832031 0.0930757 0.0917969 0.0549927
0 0.514194 0.902344 0.0950283 0.193359 0.0541992
0 0.46668 0.785156 0.0410054 0.0722656 0.0492249
0 0.386622 0.78418 0.0442598 0.0546875 0.0460205
0 0.467331 0.533203 0.0416563 0.0625 0.0396423
0 0.514845 0.920898 0.0820107 0.158203 0.0383301
0 0.971111 0.609375 0.0416563 0.0585938 0.0366211
0 0.519401 0.821289 0.0676914 0.0996094 0.0357361
0 0.0283132 0.320312 0.0546738 0.0849609 0.0346069
0 0.522656 0.885742 0.117158 0.193359 0.0346069
0 0.898864 0.546875 0.042958 0.0625 0.0314941
0 0.844841 0.455078 0.0312422 0.0488281 0.0288086
0 0.163045 0.46582 0.0689932 0.0859375 0.0257568
0 0.487834 0.404297 0.0292896 0.0361328 0.0242767
0 0.322185 0.741211 0.0533721 0.0820312 0.0230255
0 0.983603 0.481445 0.0327939 0.0546875 0.0224152
0 0.480023 0.473633 0.0384019 0.0390625 0.0205231
0 0.604016 0.404297 0.0286387 0.0390625 0.02034
0 0.843539 0.419434 0.0364492 0.0527344 0.0193024
0 0.0386459 0.283936 0.0772919 0.163574 0.0165253
0 0.598809 0.526367 0.0338457 0.0488281 0.0164642
0 0.0476769 0.198486 0.0953538 0.337402 0.0162811
0 0.313073 0.463867 0.037751 0.0546875 0.0158386
0 0.152306 0.649414 0.109999 0.0898438 0.0156021
0 0.855906 0.857422 0.0416563 0.0644531 0.0150757
0 0.656086 0.84082 0.0390527 0.0625 0.014389
0 0.186151 0.470215 0.0549993 0.0878906 0.0133286
0 0.393782 0.419434 0.0338457 0.046875 0.0132217
0 0.68147 0.464844 0.0312422 0.0410156 0.012825
0 0.337481 0.748047 0.05923 0.0859375 0.012825
0 0.341061 0.974609 0.0507686 0.0507812 0.0127258
0 0.156374 0.607422 0.178341 0.171875 0.0124283
0 0.408427 0.914062 0.0442598 0.0664062 0.0123367
0 0.943774 0.404785 0.0286387 0.0380859 0.0116882
0 0.0428766 0.311523 0.0772919 0.111328 0.0115051
0 0.770641 0.536133 0.0312422 0.046875 0.0111618
0 0.207305 0.856934 0.0781055 0.0908203 0.0110321
0 0.0697254 0.187988 0.139451 0.375977 0.00959778
0 0.670405 0.835938 0.0442598 0.0517578 0.00923157
0 0.135871 0.52832 0.271091 0.316406 0.0086441
0 0.524934 0.828125 0.0670405 0.0800781 0.726562
0 0.767386 0.972656 0.048165 0.0507812 0.585938
0 0.514845 0.953125 0.0742002 0.078125 0.39502
0 0.527537 0.471191 0.0299404 0.0410156 0.378418
0 0.504106 0.951172 0.101537 0.0859375 0.222046
0 0.746558 0.977539 0.0702949 0.0449219 0.169434
0 0.902118 0.958984 0.0364492 0.0546875 0.149536
0 0.774546 0.532227 0.0260352 0.0390625 0.105957
0 0.859811 0.886719 0.0273369 0.0488281 0.0943604
0 0.894959 0.538086 0.0364492 0.0556641 0.0761108
0 0.512893 0.898438 0.100235 0.203125 0.0685425
0 0.858509 0.852539 0.0390527 0.0527344 0.0598755
0 0.313724 0.467773 0.0273369 0.0390625 0.0594177
0 0.973715 0.601562 0.0351475 0.046875 0.0484924
0 0.468633 0.52832 0.0351475 0.0478516 0.0477905
0 0.855255 0.452148 0.0221299 0.0449219 0.0451965
0 0.848746 0.421875 0.0312422 0.0429688 0.0403137
0 0.601412 0.525391 0.0260352 0.046875 0.0391235
0 0.984905 0.469727 0.0301904 0.0488281 0.0343018
0 0.488159 0.404297 0.0273369 0.0292969 0.0256653
0 0.683423 0.464844 0.0208281 0.0332031 0.024231
0 0.574075 0.54541 0.0351475 0.0537109 0.0223694
0 0.400291 0.416504 0.0286387 0.0390625 0.0196075
0 0.945076 0.405273 0.0260352 0.0400391 0.0178528
0 0.606619 0.402344 0.0234316 0.0371094 0.0173035
0 0.657388 0.830078 0.0390527 0.0546875 0.0171051
0 0.735493 0.464844 0.0208281 0.0292969 0.0135345
0 0.607921 0.475586 0.0221299 0.0332031 0.0133286
0 0.388575 0.777344 0.0364492 0.0429688 0.0130692
0 0.46668 0.801758 0.0442598 0.0947266 0.0130234
0 0.739686 0.0509033 0.520628 0.101807 0.0125275
0 0.352776 0.467773 0.0182246 0.03125 0.0111618
0 0.659991 0.636719 0.0416563 0.0615234 0.0104904
0 0.480349 0.47168 0.0221299 0.0292969 0.0102463
0 0.896911 0.568848 0.0312422 0.0595703 0.00993347
0 0.12025 0.658203 0.0393782 0.0429688 0.00978088
0 0.812297 0.46582 0.0156211 0.03125 0.00955963
0 0.922295 0.53418 0.0455615 0.0410156 0.00955963
0 0.786913 0.794922 0.042958 0.0664062 0.00955963
0 0.560081 0.571289 0.0292896 0.0546875 0.0085144
0 0.818931 0.0620728 0.362139 0.124146 0.00682449
0 0.437391 0.40625 0.0175737 0.0292969 0.00679779
0 0.8149 0.726562 0.0286387 0.0429688 0.0064888
0 0.0374255 0.321777 0.048165 0.0654297 0.00631332
0 0.692535 0.530273 0.0208281 0.0332031 0.00572968
0 0.452686 0.533203 0.0371001 0.0488281 0.00527954
0 0.672358 0.824707 0.042958 0.0537109 0.00494385
0 0.566916 0.470215 0.0221299 0.0351562 0.00482941
0 0.667927 0.0761719 0.664147 0.152344 0.00462723
0 0.973715 0.429199 0.0494668 0.0664062 0.00460815
0 0.522656 0.82666 0.064437 0.078125 0.448486
0 0.512893 0.951172 0.0768037 0.0878906 0.395996
0 0.76283 0.976562 0.0546738 0.046875 0.320801
0 0.522981 0.477051 0.0305913 0.0361328 0.218628
0 0.745907 0.977539 0.080709 0.0449219 0.196167
0 0.51094 0.933594 0.110649 0.128906 0.0792236
0 0.356682 0.538086 0.0273369 0.0332031 0.0467224
0 0.511591 0.824219 0.0989336 0.101562 0.0448608
0 0.975668 0.59668 0.0312422 0.0390625 0.0436096
0 0.897562 0.972656 0.037751 0.0390625 0.0389099
0 0.531117 0.954102 0.0820107 0.078125 0.0371094
0 0.598646 0.525391 0.0341711 0.0478516 0.035553
0 0.02034 0.645508 0.0390527 0.0615234 0.033844
0 0.479047 0.807617 0.0637861 0.107422 0.0316162
0 0.313073 0.470703 0.0299404 0.0351562 0.0223236
0 0.570821 0.547363 0.0364492 0.0488281 0.0205688
0 0.392155 0.771484 0.0488159 0.0537109 0.0182953
0 0.484905 0.407227 0.0273369 0.0292969 0.0173035
0 0.234479 0.977539 0.0471887 0.0351562 0.0134277
0 0.0321371 0.323242 0.047026 0.0673828 0.0133286
0 0.605317 0.480469 0.0338457 0.0390625 0.0124283
0 0.659991 0.618164 0.0494668 0.0712891 0.0117798
0 0.111951 0.964844 0.0423071 0.0429688 0.0111618
0 0.527212 0.911133 0.123667 0.169922 0.0110703
0 0.446503 0.71875 0.0670405 0.0722656 0.0104523
0 0.467982 0.533203 0.0403545 0.0449219 0.0100937
0 0.0589045 0.962891 0.0484905 0.0429688 0.0100937
0 0.846143 0.418945 0.0299404 0.0410156 0.00937653
0 0.351475 0.46875 0.0221299 0.0283203 0.00933838
0 0.408427 0.914062 0.0494668 0.0507812 0.00888062
0 0.803185 0.467773 0.0286387 0.03125 0.00871277
0 0.659991 0.633789 0.0468633 0.0703125 0.00803375
0 0.325114 0.97168 0.0618335 0.0390625 0.0077858
0 0.341061 0.96582 0.0611826 0.046875 0.00701141
0 0.395734 0.416992 0.0286387 0.0390625 0.0068779
0 0.812297 0.728516 0.0442598 0.0527344 0.00677109
0 0.468958 0.733398 0.0527212 0.0703125 0.00658798
0 0.479047 0.475586 0.0260352 0.03125 0.00638962
0 0.438042 0.533203 0.0247334 0.0361328 0.00629044
0 0.0353102 0.29248 0.064437 0.131348 0.00621796
0 0.450083 0.772461 0.0787564 0.0742188 0.00609589
0 0.64437 0.979492 0.0468633 0.0390625 0.00566483
0 0.68147 0.467773 0.0299404 0.0371094 0.00564194
0 0.59946 0.97168 0.0637861 0.046875 0.00564194
0 0.653482 0.825195 0.0520703 0.0683594 0.00557709
0 0.0292896 0.961914 0.045887 0.046875 0.00526047
0 0.941171 0.408691 0.0273369 0.03125 0.00516129
0 0.60011 0.408203 0.0338457 0.0390625 0.00510025
0 0.850048 0.460449 0.0247334 0.0332031 0.00468063
0 0.727683 0.469727 0.0286387 0.0332031 0.00462723
0 0.512893 0.950195 0.085916 0.0878906 0.464844
0 0.523958 0.473633 0.0338457 0.0429688 0.433105
0 0.52591 0.832031 0.0624844 0.0839844 0.396973
0 0.762179 0.973633 0.0559756 0.0527344 0.339844
0 0.519401 0.9375 0.096981 0.123047 0.143677
0 0.898864 0.548828 0.048165 0.0644531 0.129883
0 0.750463 0.974121 0.0924248 0.0517578 0.104492
0 0.653482 0.615234 0.0520703 0.078125 0.0720825
0 0.723777 0.359375 0.0416563 0.0517578 0.0574951
0 0.48881 0.401855 0.0312422 0.0400391 0.0548096
0 0.976318 0.602539 0.0364492 0.0488281 0.0538025
0 0.602714 0.40332 0.0338457 0.0449219 0.0503235
0 0.523958 0.837891 0.0878687 0.101562 0.0437012
0 0.0422258 0.320557 0.0623217 0.0791016 0.0395508
0 0.522005 0.918945 0.110649 0.144531 0.0316162
0 0.345617 0.293457 0.0494668 0.0527344 0.0312042
0 0.98165 0.466797 0.0366992 0.0546875 0.0310211
0 0.433485 0.40625 0.0318931 0.0488281 0.0297089
0 0.97762 0.726562 0.037751 0.0449219 0.0290375
0 0.398338 0.420898 0.0403545 0.0546875 0.0281677
0 0.571472 0.537109 0.0351475 0.0488281 0.0271149
0 0.604016 0.515625 0.0338457 0.0537109 0.0266571
0 0.510289 0.832031 0.104792 0.0976562 0.026062
0 0.680819 0.463867 0.037751 0.046875 0.0258636
0 0.359936 0.529297 0.0312422 0.0351562 0.0250854
0 0.900816 0.96875 0.0416563 0.0507812 0.0247955
0 0.919692 0.536133 0.048165 0.046875 0.0236969
0 0.810995 0.467773 0.0260352 0.0371094 0.0215759
0 0.566916 0.305176 0.0650879 0.0664062 0.0211639
0 0.469284 0.519531 0.0455615 0.0507812 0.0210114
0 0.480674 0.476562 0.0318931 0.0429688 0.0209656
0 0.560407 0.332031 0.0403545 0.0517578 0.0190887
0 0.89626 0.567383 0.0416563 0.0644531 0.0190582
0 0.596205 0.299316 0.0546738 0.0576172 0.0187683
0 0.315676 0.294434 0.0742002 0.0571289 0.0183411
0 0.975793 0.299316 0.048415 0.0712891 0.018158
0 0.524608 0.820312 0.0728984 0.0966797 0.0181274
0 0.853953 0.855469 0.0494668 0.0644531 0.0179901
0 0.315676 0.466797 0.0403545 0.0390625 0.0171051
0 0.0425512 0.251953 0.0733866 0.234375 0.0164032
0 0.602063 0.351807 0.0455615 0.074707 0.0160217
0 0.607921 0.476562 0.0351475 0.0419922 0.0158997
0 0.445201 0.523438 0.037751 0.0439453 0.0145035
0 0.479698 0.802734 0.0735493 0.0976562 0.0137405
0 0.848746 0.416992 0.0364492 0.046875 0.01297
0 0.649577 0.476562 0.0325439 0.046875 0.0127258
0 0.723777 0.3927 0.0403545 0.0622559 0.012291
0 0.35538 0.466797 0.026686 0.0380859 0.0120544
0 0.858509 0.884766 0.0351475 0.0566406 0.0119629
0 0.0485718 0.185303 0.0932384 0.370605 0.0117798
0 0.524608 0.832031 0.0637861 0.078125 0.57666
0 0.765434 0.975586 0.0520703 0.0488281 0.572754
0 0.510289 0.951172 0.085916 0.0878906 0.428223
0 0.523307 0.476074 0.0279878 0.0390625 0.399902
0 0.749813 0.976074 0.0937266 0.0478516 0.199341
0 0.904071 0.550781 0.048165 0.0625 0.0430298
0 0.486207 0.411621 0.026686 0.0302734 0.0342407
0 0.922295 0.541016 0.0416563 0.0449219 0.0322876
0 0.468633 0.535156 0.0364492 0.0429688 0.0273743
0 0.521354 0.82373 0.0781055 0.102539 0.024231
0 0.398989 0.421387 0.0279878 0.0419922 0.0231476
0 0.96981 0.601074 0.0351475 0.0419922 0.0215759
0 0.654784 0.618652 0.0546738 0.0791016 0.0207672
0 0.514194 0.841309 0.0924248 0.0966797 0.0179901
0 0.850048 0.457031 0.0312422 0.0429688 0.0177155
0 0.682772 0.533203 0.0286387 0.0380859 0.0175171
0 0.467982 0.774414 0.0390527 0.0527344 0.016922
0 0.896911 0.569336 0.0390527 0.0605469 0.0161591
0 0.389226 0.776367 0.0462124 0.0419922 0.0161591
0 0.982176 0.469238 0.0312422 0.0449219 0.016098
0 0.0408427 0.317871 0.0608572 0.0849609 0.0134277
0 0.768037 0.532227 0.0312422 0.0361328 0.012146
0 0.941822 0.40625 0.0247334 0.0322266 0.0117798
0 0.0220892 0.638184 0.0441784 0.0644531 0.0117798
0 0.0444225 0.109619 0.0881941 0.219238 0.0100937
0 0.68147 0.469727 0.0286387 0.0332031 0.00981903
0 0.604016 0.527832 0.0260352 0.0361328 0.00937653
0 0.843539 0.425781 0.0403545 0.0537109 0.00933838
0 0.894308 0.963867 0.037751 0.0449219 0.00891876
0 0.853302 0.859375 0.0403545 0.0546875 0.00888062
0 0.0486532 0.151367 0.0927503 0.295898 0.00844574
0 0.040924 0.298096 0.0691559 0.129883 0.00818634
0 0.315676 0.473633 0.0286387 0.0371094 0.00800323
0 0.860462 0.888672 0.0312422 0.046875 0.00674438
0 0.438042 0.413086 0.0195264 0.0332031 0.00544739
0 0.600761 0.413574 0.042958 0.0449219 0.00521851
0 0.572123 0.324707 0.0559756 0.0693359 0.00516129
0 0.564963 0.545898 0.0273369 0.0488281 0.00466537
0 0.608572 0.478027 0.0325439 0.0400391 0.00460815
0 0.357658 0.53418 0.0234316 0.0292969 0.00445175
0 0.480349 0.472168 0.0240825 0.0322266 0.0041008
0 0.654784 0.830078 0.0468633 0.0566406 0.00395966
0 0.192986 0.711914 0.0299404 0.0380859 0.00391388
0 0.812948 0.466797 0.0221299 0.0322266 0.0036068
0 0.727683 0.400391 0.0325439 0.046875 0.00358009
0 0.976318 0.428711 0.0390527 0.0625 0.00324821
0 0.0431207 0.197754 0.0826616 0.333496 0.0024929
0 0.58693 0.346436 0.088845 0.112793 0.00244331
0 0.447154 0.767578 0.0637861 0.0585938 0.00229645
0 0.646974 0.475586 0.0234316 0.0371094 0.00226974
0 0.769339 0.974609 0.0494668 0.0507812 0.623535
0 0.513543 0.949219 0.0689932 0.078125 0.344238
0 0.522005 0.830078 0.0624844 0.0703125 0.307373
0 0.502479 0.953125 0.0833125 0.0878906 0.223999
0 0.727683 0.978516 0.0572773 0.0429688 0.118774
0 0.507686 0.94043 0.0872178 0.101562 0.104858
0 0.523307 0.477539 0.0299404 0.0429688 0.0639648
0 0.390527 0.771484 0.0449106 0.0507812 0.0526123
0 0.525259 0.819336 0.0650879 0.0898438 0.0359497
0 0.902118 0.964844 0.0390527 0.046875 0.0288086
0 0.810995 0.733887 0.0338457 0.0458984 0.0275269
0 0.510289 0.840332 0.0872178 0.0947266 0.0199127
0 0.467657 0.764648 0.0371001 0.046875 0.0164032
0 0.96981 0.602051 0.0338457 0.0498047 0.0150757
0 0.76999 0.533691 0.0273369 0.0371094 0.0138474
0 0.941171 0.401367 0.0273369 0.0341797 0.0124283
0 0.926201 0.537598 0.0312422 0.0439453 0.0102463
0 0.60011 0.529297 0.0260352 0.0351562 0.0100555
0 0.485556 0.411133 0.0338457 0.0390625 0.00963593
0 0.313724 0.470703 0.0299404 0.0371094 0.00963593
0 0.231713 0.977539 0.0553247 0.0449219 0.00941467
0 0.689932 0.535156 0.0312422 0.0390625 0.00901794
0 0.680819 0.793945 0.0364492 0.0507812 0.00787354
0 0.846143 0.41748 0.0312422 0.0458984 0.00769424
0 0.400291 0.420898 0.0338457 0.046875 0.00751877
0 0.535673 0.918945 0.0950283 0.0820312 0.00653839
0 0.536324 0.956055 0.0676914 0.0839844 0.00609589
0 0.0514194 0.190674 0.0937266 0.348145 0.00602722
0 0.470585 0.531738 0.0351475 0.0439453 0.00600433
0 0.683423 0.469238 0.0260352 0.0351562 0.00566483
0 0.037751 0.295166 0.0631353 0.123535 0.00530243
0 0.519727 0.532227 0.0247334 0.0351562 0.00479126
0 0.448781 0.765625 0.054023 0.0585938 0.00469971
0 0.0194857 0.638184 0.0389714 0.0625 0.00468063
0 0.037751 0.324219 0.0532094 0.0727539 0.00453949
0 0.685376 0.415039 0.0273369 0.0371094 0.00453949
0 0.405498 0.908203 0.0416563 0.0546875 0.00453949
0 0.899515 0.546387 0.0364492 0.0546875 0.00400543
0 0.271091 0.976562 0.0709458 0.046875 0.00383949
0 0.976318 0.730957 0.0312422 0.0439453 0.00367928
0 0.97762 0.422363 0.0312422 0.0498047 0.00365067
0 0.45171 0.734375 0.0494668 0.0566406 0.0036068
0 0.321534 0.974609 0.0585791 0.0507812 0.00353813
0 0.983278 0.464844 0.0334448 0.0380859 0.00349617
0 0.725079 0.361572 0.0312422 0.0463867 0.00325966
0 0.456917 0.907227 0.0676914 0.0664062 0.00309944
0 0.063298 0.195312 0.121063 0.390625 0.00305176
0 0.465053 0.744141 0.0455615 0.0644531 0.00287819
0 0.344315 0.96875 0.0507686 0.0546875 0.00284576
0 0.0280692 0.955078 0.0405172 0.0585938 0.00282288
0 0.511591 0.951172 0.0781055 0.0898438 0.457031
0 0.770641 0.973633 0.0468633 0.0527344 0.44751
0 0.521354 0.830078 0.0572773 0.0761719 0.420654
0 0.524934 0.470703 0.0318931 0.0429688 0.262939
0 0.733541 0.975586 0.0650879 0.0488281 0.11676
0 0.90342 0.962891 0.0390527 0.0546875 0.108582
0 0.60011 0.526855 0.0338457 0.0458984 0.088501
0 0.972413 0.603516 0.037751 0.0546875 0.0769653
0 0.234642 0.976562 0.0436089 0.046875 0.0605164
0 0.315025 0.469727 0.0299404 0.0390625 0.0417786
0 0.486207 0.409668 0.0279878 0.0390625 0.0405273
0 0.862415 0.887695 0.0351475 0.0546875 0.0360107
0 0.359285 0.530273 0.0273369 0.0371094 0.035614
0 0.523632 0.816895 0.0605317 0.0917969 0.035553
0 0.654784 0.609375 0.0468633 0.0693359 0.0309601
0 0.773244 0.532227 0.0260352 0.0410156 0.0308533
0 0.983929 0.462891 0.0321431 0.0527344 0.0284424
0 0.848746 0.458496 0.0312422 0.0449219 0.0262604
0 0.975017 0.726562 0.0364492 0.0488281 0.026062
0 0.943774 0.398926 0.0286387 0.0429688 0.0259552
0 0.810995 0.728516 0.0390527 0.0478516 0.0258636
0 0.843539 0.422852 0.0390527 0.0566406 0.0195618
0 0.0200145 0.638672 0.0400291 0.0722656 0.0180969
0 0.687328 0.535156 0.0299404 0.0410156 0.0171814
0 0.0237571 0.958984 0.0331948 0.0527344 0.0168457
0 0.543158 0.955078 0.0507686 0.0820312 0.0166626
0 0.0675287 0.962891 0.0403545 0.0507812 0.0158997
0 0.68147 0.46582 0.0273369 0.0351562 0.0157776
0 0.921645 0.538574 0.0442598 0.0488281 0.0153046
0 0.46668 0.768066 0.0403545 0.0507812 0.0149536
0 0.32186 0.972656 0.0488159 0.0507812 0.0146713
0 0.395409 0.419922 0.0253843 0.0429688 0.0135345
0 0.0245707 0.46875 0.026686 0.0537109 0.0133286
0 0.65153 0.634766 0.0455615 0.0664062 0.0124283
0 0.265233 0.974609 0.0637861 0.046875 0.0122375
0 0.394433 0.774902 0.0390527 0.046875 0.0116882
0 0.569844 0.541016 0.0371001 0.0546875 0.0108185
0 0.808392 0.473633 0.0273369 0.0380859 0.0106506
0 0.34822 0.472656 0.0221299 0.0371094 0.0103683
0 0.52233 0.53125 0.0286387 0.0380859 0.00993347
0 0.641767 0.979492 0.0416563 0.0410156 0.00948334
0 0.607921 0.480957 0.0338457 0.046875 0.00871277
0 0.607921 0.401367 0.0286387 0.0410156 0.00844574
0 0.339759 0.970703 0.048165 0.0507812 0.00746155
0 0.502479 0.833008 0.0787564 0.078125 0.00740433
0 0.734191 0.472656 0.0286387 0.0351562 0.00731659
0 0.643719 0.470215 0.0260352 0.0410156 0.0069046
0 0.892355 0.543945 0.0390527 0.0595703 0.00634003
0 0.895609 0.576172 0.0325439 0.0585938 0.00609589
0 0.593764 0.973633 0.0491414 0.0507812 0.00605011
0 0.523307 0.826172 0.0663897 0.0878906 0.664551
0 0.513218 0.950195 0.0872178 0.0996094 0.580566
0 0.759576 0.966797 0.0728984 0.0625 0.474609
0 0.742653 0.964844 0.0911231 0.0605469 0.460938
0 0.598809 0.521973 0.0416563 0.0546875 0.175537
0 0.526887 0.477539 0.0364492 0.0507812 0.150513
0 0.981 0.606445 0.038001 0.0527344 0.144653
0 0.237408 0.969727 0.0589045 0.0449219 0.107788
0 0.573424 0.547363 0.0442598 0.0576172 0.0766602
0 0.645672 0.974609 0.0546738 0.0429688 0.0520325
0 0.470585 0.779297 0.0455615 0.0722656 0.0472412
0 0.265477 0.966797 0.0873805 0.0449219 0.0440063
0 0.657388 0.612305 0.0468633 0.0664062 0.037323
0 0.469935 0.53125 0.0501177 0.0585938 0.0369873
0 0.512893 0.822266 0.0846143 0.0917969 0.0357361
0 0.687328 0.536133 0.0364492 0.0449219 0.0348816
0 0.768688 0.535156 0.0338457 0.0449219 0.0343628
0 0.848095 0.453125 0.0312422 0.0449219 0.0302734
0 0.315676 0.475586 0.0403545 0.0488281 0.0289307
0 0.806439 0.467773 0.0286387 0.0322266 0.0285492
0 0.708156 0.958008 0.0885195 0.0566406 0.0280151
0 0.680819 0.462891 0.0338457 0.0380859 0.0244293
0 0.810995 0.731445 0.0442598 0.0488281 0.0224609
0 0.316653 0.964844 0.0683423 0.046875 0.0223236
0 0.983929 0.463867 0.0321431 0.0429688 0.0222931
0 0.523632 0.523438 0.0299404 0.0410156 0.0192719
0 0.346918 0.470703 0.0273369 0.0371094 0.0190125
0 0.902118 0.96582 0.0403545 0.0527344 0.0187988
0 0.36319 0.533203 0.0338457 0.0371094 0.0178528
0 0.556827 0.572266 0.0449106 0.0585938 0.016922
0 0.734842 0.473633 0.0325439 0.0380859 0.0167847
0 0.946378 0.404297 0.0312422 0.03125 0.0142822
0 0.610687 0.962891 0.0569519 0.0546875 0.014061
0 0.927503 0.533691 0.0351475 0.0390625 0.0136871
0 0.846143 0.424805 0.0338457 0.0478516 0.0116882
0 0.452361 0.758789 0.0579282 0.0664062 0.0115967
0 0.024408 0.632812 0.0468633 0.0800781 0.0108185
0 0.445201 0.529785 0.0312422 0.046875 0.0107346
0 0.640465 0.478516 0.0286387 0.0439453 0.00978088
0 0.656086 0.630859 0.0494668 0.0683594 0.008255
0 0.607921 0.489746 0.0390527 0.0576172 0.00803375
0 0.397687 0.764648 0.0598809 0.0615234 0.00775528
0 0.339759 0.96582 0.0611826 0.0507812 0.00728989
0 0.464728 0.743164 0.0533721 0.0644531 0.00723267
0 0.561709 0.470703 0.0260352 0.0371094 0.00717545
0 0.199983 0.962891 0.07778 0.0429688 0.00701141
0 0.738097 0.529297 0.0351475 0.0390625 0.00641251
0 0.0407613 0.316895 0.060369 0.0800781 0.00624084
0 0.63656 0.526367 0.0364492 0.0478516 0.00614548
0 0.266535 0.527344 0.0318931 0.0332031 0.00595856
0 0.523958 0.829102 0.0650879 0.0761719 0.606934
0 0.525259 0.469727 0.0312422 0.0429688 0.536133
0 0.51094 0.950195 0.0833125 0.0878906 0.452393
0 0.763481 0.974609 0.0624844 0.046875 0.364746
0 0.7407 0.970703 0.101537 0.0507812 0.211426
0 0.516798 0.946289 0.0898213 0.107422 0.0670776
0 0.679518 0.461914 0.0286387 0.0390625 0.0472412
0 0.97762 0.604492 0.0338457 0.046875 0.0386047
0 0.317629 0.470215 0.0338457 0.0410156 0.0279083
0 0.600761 0.518066 0.0364492 0.0488281 0.0262604
0 0.235944 0.974609 0.054023 0.0371094 0.0226288
0 0.485881 0.414062 0.0279878 0.0361328 0.02034
0 0.468958 0.521484 0.0442598 0.0546875 0.0155411
0 0.842237 0.414062 0.0364492 0.0517578 0.0139008
0 0.68863 0.530273 0.0325439 0.0429688 0.0136337
0 0.390527 0.776367 0.0416563 0.0449219 0.0135345
0 0.023513 0.637695 0.0395409 0.0683594 0.0115051
0 0.515496 0.831055 0.0846143 0.0839844 0.0113297
0 0.805788 0.463867 0.0286387 0.0371094 0.00978088
0 0.57017 0.535156 0.037751 0.0546875 0.00912476
0 0.525259 0.955078 0.0885195 0.0859375 0.00818634
0 0.605968 0.476562 0.0312422 0.0410156 0.00734711
0 0.734191 0.46875 0.0286387 0.0371094 0.00695801
0 0.727683 0.40332 0.0234316 0.0371094 0.00658798
0 0.985556 0.460938 0.0288887 0.0429688 0.00638962
0 0.346268 0.469727 0.0247334 0.0341797 0.00564194
0 0.645672 0.470703 0.0234316 0.0410156 0.0055542
0 0.482952 0.467773 0.0338457 0.0332031 0.00553513
0 0.0234316 0.461914 0.024408 0.0507812 0.00538635
0 0.809693 0.727539 0.0416563 0.0478516 0.00534439
0 0.401267 0.420898 0.0260352 0.0419922 0.00518036
0 0.603365 0.408203 0.0273369 0.0351562 0.00502014
0 0.041819 0.327393 0.0541857 0.0639648 0.00479126
0 0.471887 0.777344 0.037751 0.0605469 0.00460815
0 0.924248 0.540527 0.0390527 0.046875 0.00426483
0 0.361238 0.52832 0.0286387 0.0332031 0.00415039
0 0.432835 0.413574 0.0234316 0.0371094 0.00400543
0 0.827918 0.416016 0.0390527 0.0546875 0.00397491
0 0.706855 0.96875 0.0885195 0.0429688 0.00391388
0 0.523307 0.518555 0.0325439 0.0527344 0.00358009
0 0.646974 0.975586 0.0520703 0.0371094 0.00346947
0 0.398989 0.458984 0.0260352 0.0351562 0.00345612
0 0.263687 0.970703 0.0857533 0.0390625 0.00342941
0 0.562359 0.464844 0.0195264 0.0351562 0.00341606
0 0.0270115 0.614258 0.0410054 0.102539 0.00327301
0 0.0473514 0.156799 0.0842888 0.292847 0.00276756
0 0.902118 0.546875 0.0416563 0.0566406 0.00266266
0 0.0698068 0.178955 0.127898 0.35791 0.0026207
0 0.0512567 0.237793 0.0852651 0.243164 0.00255013
0 0.319256 0.96875 0.0683423 0.0390625 0.00255013
0 0.523958 0.826172 0.0663897 0.0791016 0.730469
0 0.510615 0.949219 0.0833125 0.09375 0.479492
0 0.761528 0.974609 0.0598809 0.0507812 0.448486
0 0.736144 0.973633 0.0924248 0.0527344 0.39502
0 0.523958 0.472168 0.0312422 0.0410156 0.317383
0 0.68863 0.530762 0.0312422 0.0410156 0.0786133
0 0.600761 0.518555 0.0325439 0.0449219 0.0682983
0 0.975017 0.606445 0.0390527 0.0527344 0.0678101
0 0.234967 0.976562 0.0494668 0.0390625 0.0414734
0 0.564963 0.541504 0.0357983 0.0517578 0.0406189
0 0.654133 0.602051 0.0442598 0.0664062 0.0391235
0 0.346918 0.467773 0.0227808 0.03125 0.0268097
0 0.466029 0.772461 0.0416563 0.0556641 0.024704
0 0.319907 0.96875 0.064437 0.0429688 0.0246582
0 0.924248 0.538086 0.0364492 0.046875 0.0226288
0 0.466029 0.523438 0.0416563 0.0507812 0.0210114
0 0.0419817 0.181641 0.0810344 0.323242 0.0205994
0 0.898213 0.963867 0.0364492 0.046875 0.0195007
0 0.308517 0.47168 0.0247334 0.0371094 0.0193787
0 0.676914 0.459473 0.0286387 0.0361328 0.0172424
0 0.983929 0.466797 0.0321431 0.046875 0.0172424
0 0.895609 0.546875 0.0403545 0.0585938 0.0171814
0 0.058335 0.179932 0.10951 0.359375 0.0171051
0 0.358634 0.530273 0.0299404 0.0351562 0.0170441
0 0.514845 0.829102 0.0885195 0.0878906 0.0160217
0 0.0431207 0.230042 0.0781055 0.245972 0.0154266
0 0.333901 0.966797 0.0611826 0.046875 0.0139542
0 0.980224 0.726074 0.0338457 0.046875 0.0134277
0 0.26564 0.970703 0.0857533 0.0390625 0.0133286
0 0.80709 0.731934 0.0442598 0.0498047 0.0117798
0 0.64437 0.47168 0.0234316 0.0371094 0.0113297
0 0.0397036 0.317871 0.0556501 0.0825195 0.0112
0 0.60011 0.474121 0.0234316 0.0361328 0.00912476
0 0.0157431 0.63916 0.0314863 0.0625 0.00857544
0 0.387273 0.774414 0.0455615 0.0507812 0.0085144
0 0.728984 0.466797 0.0234316 0.0332031 0.00844574
0 0.768037 0.53125 0.0312422 0.0410156 0.00844574
0 0.0318931 0.136658 0.0637861 0.248169 0.00831604
0 0.0450734 0.324951 0.0556501 0.0737305 0.0078125
0 0.803836 0.464355 0.0260352 0.0322266 0.00763702
0 0.635258 0.522461 0.0338457 0.0429688 0.00746155
0 0.529815 0.951172 0.0794072 0.09375 0.00734711
0 0.0351475 0.290527 0.0608572 0.128906 0.00695801
0 0.704902 0.970703 0.0676914 0.0429688 0.00695801
0 0.396385 0.459473 0.0221299 0.0322266 0.00653839
0 0.462124 0.741699 0.0468633 0.0595703 0.00619125
0 0.0192009 0.46582 0.0240825 0.046875 0.00568771
0 0.522005 0.523438 0.0299404 0.0390625 0.00566483
0 0.641116 0.978516 0.0442598 0.0429688 0.00559998
0 0.559105 0.463867 0.0182246 0.0341797 0.00534439
0 0.523307 0.827148 0.0663897 0.0761719 0.588867
0 0.523958 0.472656 0.0338457 0.0429688 0.419678
0 0.508011 0.947266 0.085916 0.09375 0.360352
0 0.751114 0.972656 0.0794072 0.0546875 0.345947
0 0.738097 0.970703 0.0963301 0.0585938 0.332031
0 0.598971 0.521484 0.0413308 0.0488281 0.0994873
0 0.687328 0.529297 0.0351475 0.0429688 0.0623169
0 0.567566 0.540039 0.0416563 0.0546875 0.0616455
0 0.976318 0.606445 0.037751 0.0498047 0.0596619
0 0.308517 0.469727 0.0299404 0.0380859 0.0544128
0 0.464077 0.521973 0.0468633 0.0595703 0.0514526
0 0.676914 0.459961 0.0312422 0.0390625 0.0319824
0 0.653482 0.608887 0.0494668 0.0693359 0.0252228
0 0.346268 0.467773 0.0273369 0.0322266 0.0240936
0 0.984905 0.464844 0.0301904 0.0429688 0.0216522
0 0.0188348 0.633789 0.0376696 0.0761719 0.0209656
0 0.465704 0.768555 0.042958 0.0537109 0.0203705
0 0.484905 0.409668 0.0273369 0.0341797 0.0184326
0 0.92555 0.536621 0.0338457 0.0410156 0.0178528
0 0.357983 0.529297 0.0318931 0.0380859 0.0167847
0 0.729635 0.46582 0.0273369 0.0390625 0.0150757
0 0.766084 0.529297 0.0325439 0.0390625 0.0123825
0 0.522656 0.523438 0.0344966 0.0488281 0.0117798
0 0.602714 0.475098 0.0325439 0.0390625 0.0116882
0 0.446503 0.526367 0.0364492 0.0488281 0.0115051
0 0.894959 0.545898 0.0351475 0.0507812 0.0111618
0 0.646323 0.470703 0.0260352 0.0410156 0.00905609
0 0.808392 0.730957 0.0403545 0.046875 0.00857544
0 0.512567 0.827148 0.0904722 0.0820312 0.00831604
0 0.398989 0.417969 0.0247334 0.0371094 0.0078125
0 0.478396 0.467773 0.0338457 0.0332031 0.00751877
0 0.980224 0.726562 0.0338457 0.0458984 0.00748825
0 0.637861 0.522461 0.0364492 0.0488281 0.00669098
0 0.388575 0.774902 0.0520703 0.0517578 0.00591278
0 0.0206654 0.615234 0.0387273 0.0986328 0.005867
0 0.804486 0.467773 0.0260352 0.0302734 0.00559998
0 0.553898 0.570801 0.0494668 0.0615234 0.00542831
0 0.723777 0.96582 0.101537 0.0566406 0.00530243
0 0.561709 0.464355 0.0208281 0.0371094 0.00519943
0 0.535022 0.575684 0.0403545 0.0546875 0.00488663
0 0.047026 0.32959 0.0462124 0.0634766 0.00475693
0 0.894308 0.573242 0.0312422 0.0527344 0.0045929
0 0.0442598 0.164795 0.0820107 0.32373 0.00450516
0 0.0393782 0.322021 0.0491414 0.0717773 0.00439835
0 0.600761 0.401367 0.0260352 0.0371094 0.00413513
0 0.021479 0.461426 0.0253843 0.0517578 0.00407028
0 0.42958 0.407227 0.0260352 0.0332031 0.00345612
0 0.0325439 0.291504 0.0507686 0.108398 0.00335121
0 0.898213 0.961914 0.0338457 0.046875 0.00331116
0 0.264908 0.527344 0.0318931 0.0332031 0.00325966
0 0.524608 0.826172 0.0702949 0.0800781 0.744629
0 0.510289 0.951172 0.0865669 0.0976562 0.648926
0 0.7407 0.970703 0.0989336 0.0585938 0.540039
0 0.525259 0.477539 0.0312422 0.0371094 0.509766
0 0.60011 0.522461 0.037751 0.046875 0.158691
0 0.687328 0.532227 0.0338457 0.0400391 0.105225
0 0.567566 0.54541 0.037751 0.0556641 0.0881958
0 0.974366 0.60498 0.037751 0.0488281 0.0618896
0 0.653482 0.609863 0.0494668 0.0703125 0.0409851
0 0.360587 0.53418 0.0286387 0.0322266 0.0352783
0 0.676914 0.463379 0.0286387 0.0332031 0.0279083
0 0.46668 0.527344 0.0416563 0.0527344 0.0230713
0 0.467006 0.776855 0.0410054 0.0595703 0.0206909
0 0.484254 0.415039 0.0234316 0.0322266 0.0184021
0 0.439994 0.53418 0.0247334 0.0400391 0.0149536
0 0.602714 0.479492 0.0286387 0.0390625 0.0143356
0 0.647625 0.477539 0.0234316 0.0390625 0.0137405
0 0.727683 0.967773 0.104141 0.0625 0.0137405
0 0.0225367 0.636719 0.0450734 0.0722656 0.0122375
0 0.766735 0.535156 0.0312422 0.0410156 0.012146
0 0.809043 0.733887 0.0442598 0.0517578 0.0108185
0 0.555525 0.570312 0.0462124 0.0585938 0.0106506
0 0.522656 0.526367 0.0299404 0.0351562 0.0104065
0 0.0419817 0.320068 0.05923 0.0849609 0.00955963
0 0.236432 0.976562 0.056301 0.046875 0.00926971
0 0.926852 0.540527 0.0338457 0.0429688 0.00878143
0 0.804486 0.467773 0.0260352 0.03125 0.00871277
0 0.515822 0.827148 0.0904722 0.09375 0.00796509
0 0.309493 0.475586 0.0260352 0.0390625 0.00712204
0 0.730286 0.469238 0.0234316 0.03125 0.00701141
0 0.899515 0.966797 0.0390527 0.0546875 0.00701141
0 0.985556 0.467773 0.0288887 0.0410156 0.0069313
0 0.452361 0.763672 0.0598809 0.0664062 0.00631332
0 0.394433 0.772461 0.0611826 0.0605469 0.00600433
0 0.34822 0.472656 0.0234316 0.0292969 0.00577545
0 0.652181 0.629883 0.0520703 0.0683594 0.00559998
0 0.0501177 0.19574 0.0930757 0.350708 0.00518036
0 0.269138 0.53125 0.0286387 0.03125 0.00498199
0 0.639163 0.524414 0.0338457 0.0390625 0.00492477
0 0.0771292 0.183594 0.146122 0.367188 0.00450516
0 0.842237 0.420898 0.0338457 0.0488281 0.00439835
0 0.980224 0.725586 0.0312422 0.0458984 0.00436401
0 0.0395409 0.300781 0.0694813 0.126953 0.00419998
0 0.56301 0.46875 0.0182246 0.03125 0.00416565
0 0.536975 0.576172 0.0403545 0.0507812 0.00402451
0 0.265477 0.972656 0.0938893 0.0507812 0.00395966
0 0.45887 0.744141 0.0533721 0.0664062 0.00383949
0 0.522005 0.922852 0.0976318 0.109375 0.00379562
0 0.894308 0.547363 0.0338457 0.0527344 0.00372124
0 0.400291 0.421875 0.0234316 0.0390625 0.00353813
0 0.523958 0.826172 0.0657388 0.0722656 0.776855
0 0.51094 0.951172 0.0826616 0.0898438 0.665527
0 0.524608 0.472656 0.0338457 0.0410156 0.65332
0 0.7407 0.972656 0.0937266 0.0546875 0.491211
0 0.600761 0.522461 0.0416563 0.046875 0.142212
0 0.976318 0.606445 0.0390527 0.0488281 0.0775146
0 0.675612 0.461914 0.0338457 0.0371094 0.0723877
0 0.568217 0.541992 0.0390527 0.0527344 0.0577087
0 0.690583 0.532227 0.0351475 0.0410156 0.0512695
0 0.486207 0.413086 0.0286387 0.0351562 0.0213623
0 0.984254 0.467773 0.0314922 0.0449219 0.0181885
0 0.35896 0.533203 0.0305913 0.0322266 0.0175171
0 0.653482 0.609375 0.0455615 0.0634766 0.0155411
0 0.466355 0.528809 0.0449106 0.0507812 0.0147858
0 0.605317 0.482422 0.0364492 0.0449219 0.013588
0 0.652832 0.474609 0.0299404 0.0429688 0.0115051
0 0.723126 0.96875 0.0976318 0.0507812 0.00912476
0 0.982176 0.720703 0.0338457 0.0458984 0.00874329
0 0.602714 0.40332 0.0286387 0.0351562 0.00834656
0 0.349522 0.475098 0.0260352 0.0341797 0.00769424
0 0.524608 0.530762 0.0338457 0.0429688 0.00740433
0 0.513869 0.826172 0.0904722 0.0820312 0.00703812
0 0.466029 0.772949 0.0390527 0.0488281 0.0064888
0 0.926852 0.540039 0.0364492 0.0429688 0.00621796
0 0.840936 0.416016 0.0390527 0.0507812 0.00619125
0 0.768037 0.53418 0.0312422 0.0390625 0.00572968
0 0.311446 0.474609 0.0299404 0.0390625 0.00568771
0 0.442598 0.530762 0.0292896 0.0410156 0.00564194
0 0.236269 0.976562 0.0455615 0.0429688 0.00547028
0 0.640465 0.527344 0.0364492 0.0429688 0.00475693
0 0.552922 0.573242 0.0455615 0.0546875 0.00429916
0 0.73289 0.469238 0.0273369 0.0361328 0.00426483
0 0.388575 0.777344 0.0423071 0.0439453 0.00397491
0 0.0205027 0.643066 0.0371001 0.0556641 0.00367928
0 0.805788 0.734863 0.042958 0.0507812 0.00351143
0 0.950283 0.588379 0.0416563 0.0517578 0.00340271
0 0.0453988 0.326904 0.0488159 0.0649414 0.00325966
0 0.566916 0.470703 0.0247334 0.0371094 0.00319672
0 0.267837 0.53125 0.0292896 0.0292969 0.00299263
0 0.431207 0.40918 0.026686 0.0332031 0.00290108
0 0.981 0.640137 0.038001 0.0673828 0.00283432
0 0.650879 0.975586 0.0598809 0.0449219 0.00283432
0 0.805788 0.467773 0.0260352 0.03125 0.00274658
0 0.983603 0.839844 0.0327939 0.0683594 0.0024929
0 0.265233 0.972656 0.0768037 0.0429688 0.00244331
0 0.39964 0.419922 0.0260352 0.0390625 0.00234985
0 0.52233 0.925537 0.0995845 0.109863 0.00228691
0 0.316327 0.973633 0.0611826 0.0449219 0.00210762
0 0.975017 0.302734 0.0403545 0.0585938 0.00199509
0 0.979573 0.422363 0.0338457 0.0527344 0.00195694
0 0.523958 0.827148 0.0650879 0.0761719 0.737793
0 0.507686 0.951172 0.0898213 0.0976562 0.604004
0 0.525259 0.475098 0.0312422 0.0419922 0.50293
0 0.744605 0.972656 0.0924248 0.0546875 0.479492
0 0.601412 0.522461 0.0403545 0.0488281 0.115967
0 0.976318 0.605469 0.0364492 0.0498047 0.0758667
0 0.689932 0.532715 0.0338457 0.0439453 0.0734253
0 0.569194 0.541504 0.0371001 0.0546875 0.0605164
0 0.35896 0.53418 0.0292896 0.0351562 0.0492249
0 0.677565 0.461914 0.0312422 0.0390625 0.0317993
0 0.466355 0.527344 0.0455615 0.0585938 0.0270081
0 0.654784 0.610352 0.0442598 0.0683594 0.0222473
0 0.484905 0.414062 0.0260352 0.0351562 0.0166626
0 0.267511 0.530273 0.0286387 0.03125 0.0163422
0 0.768037 0.535645 0.0299404 0.0429688 0.0124283
0 0.92555 0.540527 0.0364492 0.0478516 0.0115967
0 0.467331 0.770508 0.0390527 0.0546875 0.0112
0 0.984905 0.466797 0.0301904 0.046875 0.0103302
0 0.443899 0.532227 0.0286387 0.0449219 0.0100098
0 0.020584 0.640137 0.0385646 0.0625 0.00978088
0 0.606619 0.47998 0.0325439 0.0419922 0.00974274
0 0.649577 0.474609 0.0234316 0.0410156 0.00933838
0 0.312422 0.474609 0.0260352 0.0390625 0.00837708
0 0.523307 0.522461 0.0299404 0.0478516 0.008255
0 0.349522 0.472656 0.0234316 0.0332031 0.00706482
0 0.51452 0.825195 0.0891704 0.0830078 0.00701141
0 0.808392 0.734863 0.0416563 0.0527344 0.00674438
0 0.641767 0.524414 0.0338457 0.0449219 0.00636292
0 0.896911 0.547852 0.0364492 0.0585938 0.00619125
0 0.388575 0.775879 0.0442598 0.0488281 0.00619125
0 0.727683 0.970703 0.104141 0.0546875 0.00598145
0 0.89626 0.573242 0.0312422 0.0527344 0.00577545
0 0.842237 0.416992 0.0364492 0.0527344 0.00534439
0 0.981525 0.723633 0.0312422 0.046875 0.00524139
0 0.73289 0.46875 0.0260352 0.0371094 0.00508118
0 0.461473 0.742188 0.048165 0.0625 0.00479126
0 0.23692 0.978516 0.0462124 0.0429688 0.00453949
0 0.565939 0.46875 0.021479 0.0351562 0.00416565
0 0.555851 0.572266 0.0455615 0.0585938 0.00391388
0 0.948331 0.583984 0.037751 0.0546875 0.00391388
0 0.80709 0.464844 0.0234316 0.0332031 0.00370789
0 0.520703 0.920166 0.101537 0.144043 0.00369263
0 0.398989 0.419922 0.0234316 0.0390625 0.00329781
0 0.0384019 0.325684 0.0494668 0.0708008 0.00286674
0 0.604016 0.404297 0.0247334 0.0371094 0.00284576
0 0.653482 0.977051 0.0650879 0.0458984 0.00279045
0 0.652832 0.631836 0.0455615 0.0664062 0.00273705
0 0.451385 0.767578 0.0533721 0.0566406 0.00245285
0 0.483278 0.469727 0.0305913 0.03125 0.00237846
0 0.899515 0.96875 0.0338457 0.0507812 0.00235939
0 0.524934 0.827637 0.0637861 0.0751953 0.770996
0 0.524608 0.474609 0.0312422 0.0410156 0.600098
0 0.509964 0.952148 0.0865669 0.0957031 0.580566
0 0.742002 0.970215 0.0937266 0.0595703 0.522461
0 0.602551 0.522461 0.0393782 0.046875 0.107788
0 0.975017 0.60498 0.037751 0.0488281 0.101257
0 0.689932 0.53125 0.0338457 0.0410156 0.0838623
0 0.359611 0.53418 0.0292896 0.0332031 0.0544128
0 0.678216 0.463379 0.0312422 0.0361328 0.0381775
0 0.568217 0.540039 0.0364492 0.0507812 0.0378113
0 0.654784 0.610352 0.0468633 0.0683594 0.0324097
0 0.484254 0.414062 0.0260352 0.0332031 0.024704
0 0.467982 0.526367 0.042958 0.0527344 0.0233765
0 0.46668 0.766602 0.0403545 0.0527344 0.0157166
0 0.648275 0.473633 0.0234316 0.0390625 0.0153046
0 0.350173 0.472656 0.0227808 0.03125 0.0150757
0 0.267511 0.530273 0.0286387 0.0292969 0.014389
0 0.312422 0.473633 0.0240825 0.0351562 0.0139542
0 0.605968 0.477539 0.0312422 0.0390625 0.0131226
0 0.985556 0.466309 0.0288887 0.0439453 0.012825
0 0.926852 0.541016 0.0338457 0.0449219 0.011734
0 0.726381 0.966797 0.101537 0.0566406 0.0111618
0 0.443249 0.530273 0.0273369 0.0410156 0.0106964
0 0.808392 0.733887 0.0416563 0.0507812 0.0106964
0 0.770641 0.53418 0.0286387 0.0390625 0.00948334
0 0.462124 0.741699 0.0475142 0.0595703 0.00905609
0 0.896911 0.574219 0.0312422 0.0507812 0.00803375
0 0.0195264 0.640625 0.0371001 0.0605469 0.00790405
0 0.73289 0.46875 0.0247334 0.0351562 0.00751877
0 0.237245 0.978516 0.0475142 0.0429688 0.00746155
0 0.513543 0.826172 0.085916 0.0820312 0.00677109
0 0.522981 0.524414 0.0305913 0.0429688 0.00674438
0 0.981525 0.723633 0.0312422 0.046875 0.00629044
0 0.895609 0.548828 0.0364492 0.0546875 0.00605011
0 0.390202 0.776367 0.0442598 0.0488281 0.00510025
0 0.842237 0.415039 0.0364492 0.046875 0.00492477
0 0.649577 0.976562 0.0572773 0.046875 0.00482941
0 0.453337 0.732422 0.0475142 0.0546875 0.00455475
0 0.566265 0.467285 0.0221299 0.0341797 0.00438309
0 0.641767 0.525391 0.0312422 0.0410156 0.00438309
0 0.948331 0.586914 0.0364492 0.0507812 0.00416565
0 0.398338 0.418945 0.0221299 0.0351562 0.00397491
0 0.266291 0.974609 0.0844515 0.0429688 0.00385475
0 0.899515 0.966797 0.0364492 0.046875 0.00358009
0 0.315025 0.974609 0.0702949 0.046875 0.00325966
0 0.604016 0.405273 0.0247334 0.0332031 0.00312424
0 0.807741 0.463867 0.0221299 0.03125 0.00309944
0 0.452686 0.767578 0.0514194 0.0566406 0.0030632
0 0.653482 0.630859 0.0468633 0.0644531 0.00291252
0 0.600761 0.96875 0.0572773 0.0546875 0.00277901
0 0.524934 0.827637 0.0637861 0.0751953 0.770996
0 0.524608 0.474609 0.0312422 0.0410156 0.600098
0 0.510289 0.952148 0.0872178 0.0957031 0.57959
0 0.742002 0.970215 0.0937266 0.0595703 0.522461
0 0.602551 0.522461 0.0393782 0.046875 0.107788
0 0.975017 0.60498 0.037751 0.0488281 0.101562
0 0.690583 0.53125 0.0338457 0.0410156 0.0853882
0 0.359611 0.53418 0.0292896 0.0332031 0.0548096
0 0.678216 0.463379 0.0312422 0.0361328 0.0381775
0 0.568217 0.540039 0.0364492 0.0507812 0.0378113
0 0.654784 0.610352 0.0468633 0.0683594 0.0325317
0 0.484254 0.414062 0.0260352 0.0332031 0.0246582
0 0.467982 0.526367 0.042958 0.0527344 0.0231934
0 0.46668 0.766602 0.0403545 0.0527344 0.0157166
0 0.648275 0.473633 0.0234316 0.0390625 0.0153656
0 0.350173 0.472656 0.0227808 0.03125 0.0150757
0 0.267837 0.530273 0.0279878 0.0292969 0.0145035
0 0.312422 0.473633 0.0240825 0.0351562 0.0138474
0 0.605968 0.477539 0.0312422 0.0390625 0.0130692
0 0.985556 0.466309 0.0288887 0.0439453 0.0129242
0 0.926852 0.541016 0.0338457 0.0449219 0.0118256
0 0.726381 0.966797 0.101537 0.0566406 0.0110703
0 0.443249 0.530273 0.0273369 0.0410156 0.0108185
0 0.808392 0.733887 0.0416563 0.0507812 0.0108185
0 0.770641 0.533691 0.0286387 0.0390625 0.00941467
0 0.462124 0.741699 0.0475142 0.0595703 0.00912476
0 0.896911 0.574219 0.0312422 0.0507812 0.00806427
0 0.0195264 0.640625 0.0371001 0.0605469 0.00793457
0 0.73289 0.46875 0.0247334 0.0351562 0.00757599
0 0.237245 0.978516 0.0475142 0.0429688 0.00746155
0 0.522981 0.523926 0.0305913 0.0429688 0.00679779
0 0.513543 0.826172 0.085916 0.0820312 0.00674438
0 0.981525 0.723633 0.0312422 0.0458984 0.00634003
0 0.895609 0.548828 0.0364492 0.0546875 0.006073
0 0.390202 0.776367 0.0442598 0.0488281 0.00516129
0 0.842237 0.415039 0.0364492 0.046875 0.00494385
0 0.649577 0.976562 0.0572773 0.046875 0.00479126
0 0.453337 0.732422 0.0475142 0.0546875 0.00455475
0 0.566265 0.467285 0.0221299 0.0341797 0.00438309
0 0.641767 0.525391 0.0312422 0.0410156 0.00438309
0 0.948331 0.586914 0.0364492 0.0507812 0.00418091
0 0.398338 0.418945 0.0221299 0.0351562 0.00397491
0 0.266209 0.974609 0.0846143 0.0429688 0.00383949
0 0.899515 0.966797 0.0364492 0.046875 0.00356483
0 0.315351 0.974609 0.069644 0.046875 0.00329781
0 0.807741 0.463867 0.0221299 0.03125 0.00312424
0 0.604016 0.404785 0.0247334 0.0332031 0.00311089
0 0.452686 0.767578 0.0514194 0.0566406 0.00307465
0 0.653482 0.630859 0.0468633 0.0644531 0.00293541
0 0.600761 0.96875 0.0572773 0.0546875 0.00275803
