0 0.384344 0.804688 0.0735493 0.0878906 0.0943604
0 0.520703 0.718262 0.0637861 0.0654297 0.0678101
0 0.380113 0.814941 0.0676914 0.0791016 0.0514526
0 0.033683 0.268555 0.067366 0.22168 0.0325317
0 0.0339271 0.206787 0.0678541 0.354004 0.024704
0 0.0323812 0.319824 0.0647625 0.154297 0.0193481
0 0.521354 0.681641 0.0689932 0.0878906 0.0142288
0 0.555325 0.5 0.889351 1 0.00714874
0 0.802534 0.603516 0.0598809 0.0839844 0.00634003
0 0.5 0.5 1 1 0.00634003
0 0.700633 0.579102 0.598733 0.841797 0.005867
0 0.644495 0.560547 0.71101 0.878906 0.00572968
0 0.5 0.5 1 1 0.00570679
0 0.432184 0.5 0.864367 1 0.00568771
0 0.720648 0.5 0.558704 1 0.00566483
0 0.036734 0.219727 0.073468 0.439453 0.00553513
0 0.583313 0.714844 0.833375 0.570312 0.00510025
0 0.5 0.5 1 1 0.00436401
0 0.5 0.5 1 1 0.0042305
0 0.5 0.5 1 1 0.0041008
0 0.601537 0.5 0.796926 1 0.00372124
0 0.248961 0.339355 0.0689932 0.104492 0.00300407
0 0.347569 0.430786 0.0898213 0.11499 0.00269318
0 0.342362 0.45752 0.0865669 0.130859 0.00234985
0 0.411681 0.75 0.134732 0.46875 0.00212479
0 0.500526 0.693359 0.208281 0.193359 0.00165462
0 0.137661 0.190186 0.275322 0.380371 0.0014782
0 0.43674 0.768555 0.205678 0.208984 0.00146675
0 0.0286387 0.0410156 0.0572773 0.0771484 0.00131989
0 0.512893 0.868164 0.356682 0.263672 0.00125504
0 0.451059 0.868652 0.338457 0.262695 0.00124454
0 0.0336016 0.243164 0.0672033 0.486328 0.00123024
0 0.257016 0.319824 0.0873805 0.12207 0.00107288
0 0.567566 0.566406 0.16272 0.475586 0.00105667
0 0.385971 0.803711 0.0728984 0.0839844 0.779785
0 0.801883 0.597656 0.0728984 0.0771484 0.435791
0 0.530141 0.689453 0.0709458 0.100586 0.393311
0 0.322836 0.476562 0.0494668 0.0605469 0.20813
0 0.0346593 0.286621 0.0631353 0.131836 0.192505
0 0.639163 0.659668 0.0650879 0.0771484 0.185913
0 0.17769 0.595215 0.0722476 0.0800781 0.156128
0 0.581886 0.514648 0.0455615 0.0761719 0.142212
0 0.338132 0.403809 0.0800581 0.078125 0.121277
0 0.352125 0.666992 0.0572773 0.0625 0.0827026
0 0.167276 0.583008 0.0917739 0.103516 0.0646362
0 0.787564 0.569336 0.0742002 0.103516 0.0603027
0 0.405498 0.963867 0.0689932 0.0644531 0.0594177
0 0.58335 0.505371 0.0569519 0.0947266 0.0574951
0 0.416888 0.960938 0.0794072 0.0703125 0.0423279
0 0.632003 0.420898 0.0663897 0.0703125 0.0418396
0 0.342362 0.456543 0.0976318 0.113281 0.0415344
0 0.717269 0.483398 0.0546738 0.0664062 0.0400085
0 0.717919 0.601074 0.0468633 0.0605469 0.0394287
0 0.62224 0.65625 0.0820107 0.0839844 0.037262
0 0.794072 0.578125 0.101537 0.113281 0.0367737
0 0.384019 0.771484 0.0898213 0.135742 0.0366211
0 0.618335 0.421387 0.0572773 0.0722656 0.0348816
0 0.224391 0.639648 0.056301 0.0761719 0.0345459
0 0.446503 0.541016 0.0455615 0.0585938 0.0327148
0 0.193962 0.613281 0.101863 0.0761719 0.0241852
0 0.33325 0.433716 0.075502 0.126709 0.0209656
0 0.38109 0.473633 0.0494668 0.0634766 0.0204163
0 0.272067 0.604492 0.0449106 0.0566406 0.0199432
0 0.368397 0.71875 0.0761528 0.09375 0.0193024
0 0.466029 0.544434 0.0663897 0.0654297 0.0190125
0 0.720523 0.541992 0.0611826 0.130859 0.0178528
0 0.161581 0.561035 0.0960046 0.136719 0.014389
0 0.51875 0.416992 0.042958 0.0605469 0.0139542
0 0.838332 0.759766 0.0781055 0.112305 0.0139542
0 0.520703 0.691895 0.0963301 0.134766 0.0137939
0 0.702949 0.487305 0.0572773 0.0800781 0.012825
0 0.556176 0.917969 0.0553247 0.0683594 0.0126266
0 0.423722 0.808105 0.0559756 0.0917969 0.0120544
0 0.510289 0.543945 0.042958 0.0576172 0.0118256
0 0.704251 0.528809 0.0533721 0.108398 0.0113297
0 0.378161 0.6875 0.0768037 0.105469 0.00993347
0 0.476118 0.494141 0.0800581 0.12793 0.00933838
0 0.252541 0.314453 0.0826616 0.0996094 0.00878143
0 0.704251 0.59668 0.0520703 0.0722656 0.00861359
0 0.0361238 0.279297 0.0722476 0.193359 0.00834656
0 0.633956 0.444336 0.0546738 0.0878906 0.00812531
0 0.797978 0.295898 0.0637861 0.0654297 0.00775528
0 0.191196 0.614258 0.0790818 0.119141 0.00763702
0 0.816202 0.573242 0.0937266 0.0957031 0.00746155
0 0.374906 0.821289 0.0976318 0.123047 0.39502
0 0.381415 0.800781 0.0852651 0.09375 0.376709
0 0.810995 0.587891 0.0728984 0.107422 0.365723
0 0.3889 0.806641 0.0689932 0.0800781 0.362061
0 0.524934 0.690918 0.0722476 0.0830078 0.265137
0 0.790818 0.579102 0.119762 0.131836 0.24939
0 0.324789 0.476562 0.0533721 0.0605469 0.213989
0 0.735493 0.589844 0.080709 0.0976562 0.203735
0 0.174436 0.595215 0.0800581 0.106445 0.149536
0 0.152306 0.583984 0.121714 0.130859 0.144165
0 0.640465 0.65918 0.0676914 0.0859375 0.143677
0 0.352776 0.474609 0.0885195 0.09375 0.115967
0 0.579608 0.530273 0.0462124 0.0664062 0.107422
0 0.76999 0.569336 0.173134 0.140625 0.093689
0 0.339759 0.868164 0.151004 0.228516 0.0800781
0 0.0318117 0.2771 0.0636234 0.150879 0.0703125
0 0.786262 0.651367 0.190057 0.285156 0.0678101
0 0.705553 0.551758 0.182246 0.207031 0.0653687
0 0.140102 0.601562 0.137661 0.158203 0.0594177
0 0.374906 0.456055 0.075502 0.121094 0.0549927
0 0.774546 0.670898 0.242127 0.345703 0.0524292
0 0.527537 0.413086 0.037751 0.0507812 0.0516663
0 0.284434 0.593262 0.0442598 0.0683594 0.0510864
0 0.795374 0.301758 0.048165 0.0629883 0.0505066
0 0.75567 0.543945 0.122365 0.177734 0.0484924
0 0.395084 0.427246 0.203074 0.191406 0.0469055
0 0.612477 0.416016 0.042958 0.0585938 0.0463867
0 0.631353 0.644531 0.0715967 0.0800781 0.0463867
0 0.429255 0.0203247 0.0885195 0.0406494 0.0448608
0 0.125782 0.625977 0.159791 0.212891 0.0389099
0 0.346593 0.394409 0.0813599 0.0939941 0.0381775
0 0.186965 0.114258 0.0585791 0.0703125 0.0375366
0 0.476118 0.513672 0.0787564 0.113281 0.0375366
0 0.469284 0.449707 0.113253 0.194336 0.0374756
0 0.334552 0.901367 0.122365 0.164062 0.0374756
0 0.475467 0.476562 0.0852651 0.152344 0.036438
0 0.346918 0.418945 0.0963301 0.12793 0.0354004
0 0.650879 0.571777 0.075502 0.139648 0.0283813
0 0.170693 0.604492 0.121714 0.148438 0.0272675
0 0.517449 0.544922 0.0390527 0.0507812 0.0262604
0 0.670405 0.595703 0.106744 0.207031 0.0250397
0 0.777149 0.583008 0.200471 0.193359 0.0237274
0 0.443899 0.845703 0.0468633 0.078125 0.0223236
0 0.250588 0.333008 0.0950283 0.133789 0.0220795
0 0.122528 0.633789 0.204701 0.285156 0.0196075
0 0.409077 0.386719 0.266209 0.335938 0.0184784
0 0.315025 0.928711 0.0820107 0.115234 0.0167847
0 0.63721 0.424805 0.0455615 0.0605469 0.0164032
0 0.527863 0.679199 0.0833125 0.118164 0.0163422
0 0.485881 0.462891 0.096981 0.199219 0.0149536
0 0.382066 0.804688 0.0676914 0.0996094 0.872559
0 0.521029 0.703125 0.0689932 0.0996094 0.554688
0 0.800581 0.593262 0.075502 0.103516 0.503906
0 0.521354 0.685059 0.0768037 0.110352 0.279053
0 0.577981 0.529297 0.0455615 0.0634766 0.218018
0 0.320232 0.46875 0.0559756 0.0800781 0.206299
0 0.338457 0.390625 0.0650879 0.0742188 0.179565
0 0.802534 0.571289 0.0924248 0.134766 0.112
0 0.639163 0.666016 0.0624844 0.0791016 0.100891
0 0.0258318 0.333008 0.0516635 0.116211 0.0758667
0 0.0319337 0.294678 0.0638675 0.145996 0.0678101
0 0.42177 0.967285 0.0663897 0.0654297 0.0653687
0 0.347569 0.415039 0.0833125 0.105469 0.058136
0 0.717269 0.584961 0.0598809 0.102539 0.0579224
0 0.413959 0.966797 0.0598809 0.0625 0.0564575
0 0.717269 0.546875 0.0676914 0.144531 0.0433655
0 0.189243 0.603027 0.0618335 0.0810547 0.0433655
0 0.58514 0.529785 0.042958 0.0585938 0.0344238
0 0.527212 0.412109 0.037751 0.0507812 0.0332031
0 0.186151 0.112305 0.05923 0.0737305 0.0305634
0 0.267837 0.331055 0.0631353 0.0927734 0.029541
0 0.723777 0.518555 0.0702949 0.129883 0.028595
0 0.443574 0.533203 0.0384019 0.0585938 0.0275269
0 0.245219 0.314941 0.0999099 0.105469 0.0269623
0 0.516798 0.695801 0.0937266 0.102539 0.0265503
0 0.359285 0.796875 0.143193 0.130859 0.026001
0 0.346268 0.850586 0.161418 0.216797 0.0253754
0 0.351475 0.459961 0.0950283 0.115234 0.0249329
0 0.0360424 0.272461 0.0720848 0.183594 0.0226288
0 0.722476 0.535156 0.0872178 0.123047 0.0207672
0 0.717269 0.568359 0.0833125 0.121094 0.0193024
0 0.257016 0.312256 0.0912858 0.0922852 0.0190887
0 0.242941 0.335938 0.0901467 0.123047 0.0189819
0 0.630702 0.654297 0.0833125 0.0732422 0.0180206
0 0.386297 0.769531 0.0963301 0.160156 0.0161591
0 0.639814 0.420898 0.0624844 0.0722656 0.0145569
0 0.379788 0.479492 0.0462124 0.0566406 0.0142288
0 0.476118 0.474609 0.0455615 0.0546875 0.0130692
0 0.617033 0.417969 0.0546738 0.0693359 0.0115967
0 0.351475 0.4375 0.117158 0.132812 0.0107346
0 0.520703 0.672852 0.0898213 0.0976562 0.0104904
0 0.816202 0.592285 0.0937266 0.0947266 0.0104065
0 0.5923 0.480957 0.042958 0.0800781 0.00971222
0 0.788865 0.295166 0.0650879 0.0712891 0.0085144
0 0.332599 0.893555 0.14059 0.185547 0.00844574
0 0.712062 0.485352 0.0898213 0.0898438 0.00834656
0 0.516147 0.544922 0.0449106 0.0585938 0.008255
0 0.439018 0.728516 0.0494668 0.0820312 0.00775528
0 0.0360424 0.27417 0.0720848 0.257324 0.00754929
0 0.0272149 0.0424805 0.0544298 0.0849609 0.00734711
0 0.380113 0.805176 0.0624844 0.0917969 0.567871
0 0.804486 0.588867 0.0650879 0.09375 0.464844
0 0.526887 0.708008 0.0566265 0.0791016 0.300781
0 0.185826 0.106934 0.0546738 0.0712891 0.235107
0 0.253517 0.304688 0.0728984 0.0878906 0.185303
0 0.430882 0.0245361 0.085916 0.0490723 0.179565
0 0.79212 0.592773 0.0702949 0.0966797 0.177856
0 0.801883 0.572266 0.0781055 0.113281 0.176636
0 0.650879 0.66748 0.0494668 0.0712891 0.150513
0 0.585791 0.521484 0.0403545 0.0507812 0.149048
0 0.314375 0.478516 0.037751 0.0429688 0.135254
0 0.345291 0.387207 0.0403545 0.0605469 0.130737
0 0.581886 0.522461 0.0442598 0.0625 0.113159
0 0.792771 0.295898 0.0520703 0.0703125 0.108215
0 0.527212 0.40625 0.0338457 0.0537109 0.092041
0 0.42958 0.966797 0.0572773 0.0585938 0.0653687
0 0.420793 0.0249634 0.106093 0.0499268 0.0637207
0 0.18485 0.586426 0.042958 0.0771484 0.0554199
0 0.180293 0.547852 0.054023 0.0742188 0.0524292
0 0.41103 0.962891 0.0488159 0.0625 0.0495911
0 0.382066 0.480957 0.0403545 0.0517578 0.0474243
0 0.319582 0.955078 0.0533721 0.0742188 0.0465393
0 0.797978 0.606445 0.0559756 0.111328 0.037262
0 0.523958 0.688477 0.0559756 0.0976562 0.0354004
0 0.227157 0.65625 0.0357983 0.0488281 0.0344849
0 0.724428 0.597656 0.037751 0.0566406 0.0337219
0 0.372303 0.487305 0.0488159 0.0576172 0.0288696
0 0.144821 0.584961 0.0475142 0.0644531 0.0276947
0 0.831823 0.743652 0.0676914 0.0947266 0.0272217
0 0.680819 0.46582 0.0299404 0.0410156 0.0257111
0 0.787564 0.606445 0.0650879 0.107422 0.0232391
0 0.153933 0.558594 0.0937266 0.09375 0.0180969
0 0.787564 0.578613 0.153607 0.106445 0.0173035
0 0.532419 0.701172 0.0794072 0.0898438 0.0173035
0 0.335528 0.397339 0.05923 0.076416 0.0167236
0 0.0318931 0.286377 0.0637861 0.155762 0.0162811
0 0.639163 0.418945 0.0403545 0.0644531 0.0160217
0 0.719221 0.483398 0.042958 0.0566406 0.0155411
0 0.613779 0.416992 0.0416563 0.0605469 0.0151901
0 0.514194 0.541992 0.0331948 0.0488281 0.0134811
0 0.0868923 0.957031 0.0501177 0.0664062 0.0125275
0 0.324138 0.922852 0.0663897 0.119141 0.0123367
0 0.0813599 0.961914 0.048165 0.0585938 0.0115509
0 0.656086 0.683594 0.0546738 0.0820312 0.0112457
0 0.186151 0.119263 0.0595554 0.0871582 0.0108185
0 0.357333 0.870117 0.156862 0.203125 0.0108185
0 0.598809 0.479004 0.0286387 0.0517578 0.00993347
0 0.120738 0.584961 0.0579282 0.0664062 0.00959778
0 0.441296 0.838867 0.0507686 0.0800781 0.00945282
0 0.0328694 0.269531 0.0657388 0.244141 0.00894928
0 0.381415 0.819824 0.0572773 0.0791016 0.553711
0 0.379462 0.814453 0.0689932 0.101562 0.494141
0 0.523958 0.70459 0.0533721 0.0859375 0.201172
0 0.810995 0.603027 0.0468633 0.0742188 0.188965
0 0.58514 0.516602 0.042958 0.0507812 0.103394
0 0.783658 0.608398 0.0572773 0.0751953 0.0548096
0 0.73289 0.598633 0.0364492 0.0595703 0.0483093
0 0.189568 0.597656 0.0484905 0.0839844 0.0441895
0 0.142868 0.586426 0.0598809 0.0859375 0.0419312
0 0.219997 0.644043 0.0455615 0.0703125 0.0365601
0 0.0258318 0.279785 0.0516635 0.208984 0.0363464
0 0.523632 0.688477 0.0572773 0.0976562 0.03125
0 0.183222 0.551758 0.0507686 0.0800781 0.0304413
0 0.0274996 0.240479 0.0549993 0.351074 0.0259094
0 0.323487 0.477539 0.037751 0.0488281 0.0242767
0 0.384669 0.479492 0.0364492 0.0507812 0.0161591
0 0.345291 0.3927 0.0338457 0.048584 0.0150146
0 0.355705 0.489746 0.0423071 0.0595703 0.0136337
0 0.531117 0.410156 0.0325439 0.0429688 0.0134277
0 0.20763 0.616211 0.075502 0.0820312 0.0132751
0 0.654133 0.67334 0.0455615 0.0673828 0.0132217
0 0.16093 0.556641 0.102513 0.123047 0.012825
0 0.632003 0.419434 0.0390527 0.0546875 0.012291
0 0.808392 0.566895 0.0624844 0.104492 0.01017
0 0.725079 0.479004 0.0338457 0.0429688 0.00985718
0 0.185501 0.111694 0.0423071 0.0622559 0.00971222
0 0.684725 0.473633 0.0338457 0.0390625 0.0091629
0 0.830522 0.59082 0.0624844 0.0664062 0.00912476
0 0.600761 0.46582 0.0325439 0.0488281 0.00847626
0 0.787564 0.62793 0.0520703 0.0683594 0.00831604
0 0.0549993 0.220459 0.109999 0.42041 0.00812531
0 0.618335 0.417969 0.0390527 0.0507812 0.00800323
0 0.206003 0.632324 0.0585791 0.0849609 0.00760651
0 0.0423071 0.2724 0.0846143 0.295044 0.00709534
0 0.469284 0.541992 0.0416563 0.0585938 0.00695801
0 0.15377 0.569824 0.124969 0.120117 0.00616837
0 0.567892 0.488281 0.0462124 0.0722656 0.0055542
0 0.797978 0.626953 0.0468633 0.0683594 0.00540543
0 0.245219 0.303955 0.0523958 0.0668945 0.00488663
0 0.0296964 0.244385 0.0593927 0.410645 0.00468063
0 0.790167 0.554199 0.0624844 0.0957031 0.00443268
0 0.795374 0.299805 0.0468633 0.0615234 0.00405502
0 0.368072 0.728027 0.0761528 0.12793 0.00397491
0 0.38532 0.771484 0.0872178 0.171875 0.00340271
0 0.254819 0.306641 0.0553247 0.0693359 0.00322342
0 0.430231 0.972656 0.0702949 0.0488281 0.00311089
0 0.450083 0.536133 0.0403545 0.0507812 0.003088
0 0.554549 0.413086 0.0364492 0.0410156 0.00307465
0 0.020584 0.0377808 0.0411681 0.0755615 0.0030632
0 0.120087 0.651367 0.129199 0.115234 0.00302696
0 0.382391 0.815918 0.0637861 0.0761719 0.605957
0 0.524608 0.69873 0.05923 0.0771484 0.396973
0 0.81425 0.594727 0.0416563 0.0585938 0.324219
0 0.736795 0.593262 0.0338457 0.0507812 0.223999
0 0.587093 0.518555 0.0390527 0.0507812 0.215332
0 0.582211 0.514648 0.0423071 0.0546875 0.177856
0 0.521354 0.686035 0.0559756 0.0917969 0.15979
0 0.324789 0.475586 0.0338457 0.0410156 0.0786133
0 0.780404 0.604492 0.0338457 0.0527344 0.0670776
0 0.187779 0.594727 0.0260352 0.0390625 0.0440063
0 0.224553 0.643555 0.0361238 0.0556641 0.0401611
0 0.386622 0.475098 0.0299404 0.0439453 0.0400085
0 0.188755 0.536621 0.0286387 0.0380859 0.0382385
0 0.483603 0.463379 0.0221299 0.0332031 0.0365601
0 0.528839 0.40332 0.026686 0.0351562 0.0321655
0 0.656737 0.66748 0.0403545 0.0605469 0.0275879
0 0.483603 0.541992 0.0273369 0.046875 0.0264587
0 0.352125 0.393066 0.0221299 0.0410156 0.0209198
0 0.602714 0.466797 0.0234316 0.0390625 0.0208893
0 0.5181 0.541504 0.0312422 0.0458984 0.0192719
0 0.0309168 0.280518 0.0572773 0.140137 0.0183716
0 0.723777 0.477539 0.0260352 0.0390625 0.0179901
0 0.809693 0.558594 0.0403545 0.0761719 0.0165253
0 0.360587 0.487305 0.0312422 0.0507812 0.0154266
0 0.500851 0.647461 0.0507686 0.0527344 0.0142822
0 0.185175 0.104248 0.0462124 0.0561523 0.0137939
0 0.575377 0.488281 0.0351475 0.0566406 0.0134811
0 0.78496 0.539062 0.0390527 0.046875 0.0125275
0 0.145634 0.59668 0.0289641 0.0410156 0.0122375
0 0.52591 0.468262 0.0208281 0.0302734 0.0115967
0 0.617033 0.416992 0.0364492 0.0429688 0.0106964
0 0.443574 0.532227 0.0338457 0.046875 0.0105667
0 0.727683 0.708984 0.0338457 0.0498047 0.01017
0 0.277274 0.589844 0.0227808 0.0371094 0.0100937
0 0.421444 0.966797 0.0631353 0.046875 0.00933838
0 0.684725 0.473145 0.0234316 0.0371094 0.00894928
0 0.635258 0.417969 0.0338457 0.0439453 0.00818634
0 0.660767 0.0159912 0.678466 0.0319824 0.00766754
0 0.395084 0.0057373 0.7407 0.0114746 0.00748825
0 0.51094 0.695312 0.075502 0.0820312 0.00746155
0 0.031649 0.269043 0.063298 0.217773 0.00712204
0 0.652181 0.525391 0.0286387 0.0410156 0.00658798
0 0.565614 0.00549316 0.766735 0.0109863 0.00568771
0 0.83703 0.587891 0.0442598 0.0488281 0.00536346
0 0.0304286 0.251465 0.0608572 0.50293 0.00471878
0 0.275973 0.537109 0.0260352 0.0390625 0.00446701
0 0.729109 0.072876 0.541781 0.145752 0.00446701
0 0.0317303 0.416138 0.0634607 0.681396 0.00419998
0 0.562685 0.413086 0.021479 0.03125 0.00369263
0 0.24473 0.301758 0.0559756 0.0615234 0.00363541
0 0.382066 0.807617 0.0663897 0.0888672 0.521484
0 0.580259 0.515137 0.0410054 0.0507812 0.290283
0 0.810995 0.599609 0.0390527 0.0507812 0.213379
0 0.522005 0.704102 0.0520703 0.0703125 0.120422
0 0.222275 0.646484 0.0338457 0.0507812 0.107788
0 0.320883 0.475586 0.0325439 0.0351562 0.0872803
0 0.727032 0.597168 0.0273369 0.0380859 0.0789185
0 0.782357 0.609375 0.0416563 0.0488281 0.0736694
0 0.387924 0.477539 0.0260352 0.0351562 0.0723877
0 0.0239198 0.258789 0.0478396 0.200195 0.0481262
0 0.725079 0.475586 0.0234316 0.0292969 0.0436096
0 0.186151 0.598633 0.0234316 0.03125 0.0332031
0 0.14059 0.600098 0.0312422 0.0400391 0.0326538
0 0.185826 0.538086 0.0247334 0.0322266 0.0275269
0 0.522656 0.686523 0.0520703 0.0917969 0.0245667
0 0.0253436 0.201904 0.0506872 0.385254 0.0227966
0 0.526561 0.408203 0.0247334 0.0244141 0.0227966
0 0.597507 0.475586 0.0247334 0.0302734 0.0188751
0 0.520703 0.470703 0.0201772 0.0234375 0.0177155
0 0.479047 0.46582 0.0234316 0.0253906 0.0146179
0 0.0219672 0.213379 0.0439343 0.426758 0.0128708
0 0.517123 0.542969 0.0279878 0.0371094 0.0126266
0 0.477745 0.539551 0.0273369 0.0410156 0.0122375
0 0.144007 0.544922 0.0390527 0.0429688 0.012146
0 0.781055 0.626953 0.0416563 0.0644531 0.012146
0 0.352776 0.484375 0.0260352 0.0429688 0.0103302
0 0.8149 0.563477 0.0442598 0.0800781 0.0102463
0 0.684725 0.473633 0.0208281 0.0292969 0.00963593
0 0.397687 0.409668 0.0208281 0.0234375 0.00959778
0 0.3518 0.402344 0.021479 0.0263672 0.00871277
0 0.561709 0.413086 0.0188755 0.0253906 0.00793457
0 0.654784 0.662109 0.0338457 0.0410156 0.00793457
0 0.781055 0.54541 0.0494668 0.0556641 0.00751877
0 0.0277437 0.20459 0.0554874 0.40918 0.00740433
0 0.020584 0.365967 0.0411681 0.731934 0.00664139
0 0.610524 0.414062 0.0260352 0.0292969 0.00661469
0 0.572123 0.484375 0.0364492 0.0429688 0.00658798
0 0.490112 0.643555 0.0351475 0.0429688 0.00498199
0 0.197216 0.641602 0.0371001 0.0488281 0.00419998
0 0.114229 0.597656 0.0292896 0.03125 0.00400543
0 0.728984 0.707031 0.0312422 0.0507812 0.00358009
0 0.640465 0.414062 0.0208281 0.0292969 0.00352478
0 0.441947 0.533203 0.0273369 0.0332031 0.00337601
0 0.697091 0.59668 0.0312422 0.0292969 0.00335121
0 0.857858 0.477539 0.0338457 0.0429688 0.00333786
0 0.222601 0.615234 0.0371001 0.0566406 0.00283432
0 0.71857 0.654785 0.0338457 0.0419922 0.0027256
0 0.0573587 0.598633 0.0320558 0.0332031 0.0026722
0 0.0373442 0.233887 0.0746884 0.325195 0.00265312
0 0.0240012 0.0675049 0.0480023 0.13501 0.00245285
0 0.382717 0.808594 0.0676914 0.078125 0.595703
0 0.521354 0.698242 0.0598809 0.0839844 0.467773
0 0.803185 0.598633 0.0533721 0.0751953 0.436768
0 0.581235 0.513672 0.0416563 0.0566406 0.335449
0 0.791469 0.61084 0.0572773 0.0722656 0.20813
0 0.320883 0.470703 0.0364492 0.0429688 0.202393
0 0.183222 0.539062 0.0384019 0.046875 0.199951
0 0.18127 0.589844 0.0387273 0.0625 0.185913
0 0.0282319 0.299805 0.0564637 0.162109 0.176147
0 0.184524 0.10791 0.0520703 0.0668945 0.123352
0 0.723777 0.478516 0.0312422 0.0390625 0.116333
0 0.65153 0.666992 0.0468633 0.0644531 0.115967
0 0.47384 0.537109 0.0273369 0.0507812 0.0775146
0 0.443249 0.529785 0.0390527 0.0507812 0.0713501
0 0.142217 0.590332 0.0719221 0.0703125 0.0616455
0 0.815551 0.55957 0.0507686 0.0761719 0.0423279
0 0.386948 0.477539 0.0305913 0.0390625 0.0383911
0 0.73289 0.591797 0.0312422 0.0498047 0.037384
0 0.151655 0.542969 0.0650879 0.0585938 0.0349426
0 0.0366526 0.293457 0.0733052 0.203125 0.0301514
0 0.481 0.459961 0.0208281 0.03125 0.0288086
0 0.256121 0.303955 0.0611826 0.0683594 0.0276337
0 0.0219672 0.0342407 0.0439343 0.0684814 0.0274353
0 0.682121 0.470703 0.0247334 0.0371094 0.0255585
0 0.0315676 0.293701 0.0631353 0.291504 0.0235138
0 0.0293302 0.277588 0.0586605 0.233887 0.0231934
0 0.574075 0.478516 0.0364492 0.0390625 0.0202942
0 0.34822 0.394531 0.0260352 0.0419922 0.0192413
0 0.365794 0.48584 0.0312422 0.0517578 0.0188751
0 0.786262 0.625488 0.0507686 0.0703125 0.0186157
0 0.59767 0.467773 0.0309168 0.03125 0.018158
0 0.727683 0.71875 0.0390527 0.0625 0.018158
0 0.31112 0.939453 0.0950283 0.0976562 0.0167847
0 0.0319744 0.205078 0.0639489 0.410156 0.0154266
0 0.5181 0.538086 0.0364492 0.0419922 0.0147858
0 0.427627 0.957031 0.0833125 0.0625 0.0142822
0 0.786913 0.543945 0.0533721 0.0546875 0.0133286
0 0.842237 0.583008 0.0390527 0.0546875 0.0133286
0 0.522656 0.46875 0.0234316 0.0253906 0.0131683
0 0.795374 0.291504 0.0533721 0.0620117 0.0120544
0 0.398989 0.407715 0.0234316 0.0292969 0.0116882
0 0.0306727 0.226562 0.0613453 0.453125 0.0110703
0 0.120575 0.591797 0.0432834 0.0546875 0.0108185
0 0.641767 0.418945 0.0260352 0.0429688 0.0106506
0 0.032666 0.217041 0.065332 0.434082 0.00941467
0 0.0430394 0.265625 0.0860787 0.262695 0.0078125
0 0.611826 0.418457 0.0312422 0.0410156 0.00757599
0 0.451059 0.833496 0.0585791 0.0712891 0.00734711
0 1 0.693848 0 0.612305 0.00706482
0 0.442598 0.464844 0.0234316 0.0253906 0.00677109
0 0.522981 0.696289 0.0676914 0.0947266 0.716309
0 0.382391 0.808594 0.0663897 0.0800781 0.714844
0 0.586442 0.51709 0.0390527 0.0429688 0.46875
0 0.80709 0.599121 0.0624844 0.0742188 0.324219
0 0.320883 0.478516 0.0338457 0.0429688 0.314941
0 0.185663 0.11145 0.0549993 0.0705566 0.236572
0 0.582211 0.517578 0.0436089 0.0546875 0.175537
0 0.0296964 0.286621 0.0593927 0.176758 0.15564
0 0.731588 0.59668 0.0338457 0.0498047 0.154053
0 0.790167 0.609863 0.0572773 0.0644531 0.134766
0 0.185989 0.547852 0.0354729 0.0507812 0.122131
0 0.653482 0.675781 0.0468633 0.0644531 0.119202
0 0.185501 0.587891 0.0331948 0.0488281 0.0817871
0 0.791469 0.297119 0.0598809 0.0717773 0.0710449
0 0.247497 0.308594 0.0771292 0.0820312 0.0600891
0 0.222438 0.654785 0.0387273 0.0527344 0.0426331
0 0.722476 0.484375 0.0364492 0.0498047 0.0359497
0 0.384019 0.482422 0.0351475 0.0449219 0.0354004
0 0.138474 0.599121 0.0341711 0.0419922 0.0312042
0 0.809693 0.576172 0.0728984 0.107422 0.0276337
0 0.595554 0.48291 0.037751 0.0527344 0.0261536
0 0.521029 0.473633 0.0273369 0.0292969 0.0261078
0 0.469935 0.541992 0.0390527 0.0488281 0.0239563
0 0.530466 0.40918 0.0299404 0.0390625 0.0205688
0 0.0281505 0.263672 0.056301 0.218262 0.0204163
0 0.517774 0.545898 0.0403545 0.0507812 0.0177155
0 0.0337643 0.245117 0.0675287 0.261719 0.0146179
0 0.0318931 0.194397 0.0637861 0.38855 0.0133743
0 0.723777 0.531738 0.0416563 0.0820312 0.0125275
0 0.43674 0.531738 0.0384019 0.0439453 0.0121002
0 0.686677 0.480469 0.0338457 0.0429688 0.0107346
0 0.36319 0.490234 0.042958 0.0566406 0.0106964
0 0.348871 0.395996 0.0286387 0.0419922 0.00997162
0 0.02872 0.203369 0.0574401 0.406738 0.00981903
0 0.613128 0.424316 0.0364492 0.0488281 0.00818634
0 0.0273369 0.0418701 0.0546738 0.0837402 0.00728989
0 0.0347407 0.220215 0.0694813 0.44043 0.0069046
0 0.796025 0.573242 0.0781055 0.113281 0.0068512
0 0.578631 0.494141 0.0455615 0.0644531 0.0064621
0 0.480674 0.464844 0.0279878 0.0292969 0.00484848
0 0.115531 0.598633 0.0315676 0.0371094 0.00479126
0 0.393782 0.412109 0.0286387 0.0371094 0.00460815
0 0.0361238 0.28418 0.0722476 0.217773 0.00457382
0 0.825315 0.59082 0.0650879 0.0605469 0.00443268
0 0.700997 0.517578 0.0364492 0.0488281 0.0039444
0 0.0631353 0.599121 0.0279878 0.0341797 0.00390053
0 0.154584 0.554688 0.0676914 0.0664062 0.00370789
0 0.981525 0.658203 0.0234316 0.0410156 0.00366402
0 0.178341 0.10437 0.0768037 0.0876465 0.00358009
0 0.525259 0.688477 0.080709 0.120117 0.00331116
0 0.382391 0.808594 0.0657388 0.078125 0.609375
0 0.324138 0.475586 0.0403545 0.0478516 0.32251
0 0.522005 0.701172 0.0611826 0.0693359 0.141724
0 0.816202 0.597656 0.0390527 0.0527344 0.131226
0 0.182572 0.547852 0.0384019 0.0507812 0.127197
0 0.13343 0.603516 0.0397036 0.0566406 0.0957031
0 0.581235 0.518066 0.0416563 0.0449219 0.0933228
0 0.731588 0.591797 0.0338457 0.0449219 0.0923462
0 0.654784 0.665039 0.0442598 0.0585938 0.0690308
0 0.587093 0.515625 0.037751 0.0429688 0.0531921
0 0.222275 0.641602 0.042958 0.0517578 0.0469055
0 0.18485 0.588867 0.0351475 0.0478516 0.0357361
0 0.517449 0.682617 0.0546738 0.0957031 0.0350647
0 0.519401 0.469727 0.0286387 0.0371094 0.0328979
0 0.0300625 0.282715 0.0601249 0.216797 0.0313721
0 0.60011 0.476562 0.0312422 0.0449219 0.031311
0 0.792771 0.296387 0.0533721 0.0673828 0.0301514
0 0.530466 0.403809 0.0331948 0.0361328 0.029541
0 0.354729 0.395508 0.0273369 0.0390625 0.0288086
0 0.721174 0.481445 0.0312422 0.046875 0.0274353
0 0.643068 0.416992 0.0260352 0.046875 0.0205688
0 0.18664 0.110596 0.0602063 0.0654297 0.0199432
0 0.0318117 0.208984 0.0636234 0.417969 0.0196381
0 0.0322185 0.208557 0.064437 0.399292 0.0170441
0 0.030632 0.234375 0.061264 0.324219 0.0150757
0 0.0358797 0.239258 0.0717594 0.286133 0.0149002
0 0.775197 0.609375 0.0312422 0.0546875 0.0145035
0 0.422095 0.957031 0.05923 0.0664062 0.0112457
0 0.143031 0.54541 0.0436089 0.0507812 0.0111618
0 0.610524 0.42041 0.0351475 0.0449219 0.0106506
0 0.408752 0.953125 0.0794072 0.078125 0.0100555
0 0.387273 0.475586 0.0325439 0.0449219 0.00912476
0 0.601412 0.910156 0.0416563 0.046875 0.00844574
0 0.476769 0.461426 0.0253843 0.0361328 0.00763702
0 0.121714 0.598633 0.0432834 0.0507812 0.00743103
0 0.393782 0.414062 0.0260352 0.0371094 0.00695801
0 0.555851 0.417969 0.0260352 0.0429688 0.00634003
0 0.470585 0.537109 0.0312422 0.0507812 0.00498199
0 0.569519 0.479492 0.0338457 0.0478516 0.00494385
0 0.0446666 0.201904 0.0893331 0.38623 0.00446701
0 0.683423 0.476562 0.0260352 0.046875 0.00429916
0 0.0274996 0.306641 0.0497922 0.236328 0.00387001
0 0.285085 0.949219 0.0676914 0.0820312 0.00322342
0 0.397036 0.898193 0.0891704 0.191895 0.00318527
0 0.0646811 0.600586 0.0382391 0.0410156 0.00298119
0 0.300706 0.947266 0.0833125 0.0820312 0.00282288
0 0.812297 0.551758 0.0364492 0.0527344 0.00270462
0 0.771942 0.53418 0.0234316 0.0292969 0.00265312
0 0.576028 0.925781 0.0533721 0.0585938 0.00257111
0 0.443899 0.523438 0.0351475 0.0410156 0.00251198
0 0.382717 0.817871 0.0663897 0.0820312 0.638672
0 0.803836 0.598633 0.0572773 0.078125 0.373047
0 0.652181 0.665527 0.0416563 0.0654297 0.259033
0 0.523958 0.701172 0.0559756 0.0742188 0.21936
0 0.579933 0.515625 0.0416563 0.0605469 0.193726
0 0.181595 0.54541 0.0357983 0.0537109 0.13208
0 0.734191 0.592285 0.0351475 0.0517578 0.13208
0 0.322836 0.478516 0.0351475 0.046875 0.123352
0 0.785611 0.61084 0.0546738 0.0712891 0.118408
0 0.22195 0.644531 0.037751 0.0527344 0.111633
0 0.585954 0.518555 0.0413308 0.0507812 0.0987549
0 0.184687 0.587891 0.0341711 0.0478516 0.0761108
0 0.137986 0.599609 0.0331948 0.0458984 0.0501404
0 0.185501 0.114136 0.0566265 0.0803223 0.0486755
0 0.387924 0.472656 0.0299404 0.0429688 0.0472412
0 0.521354 0.685547 0.054023 0.0996094 0.042572
0 0.725079 0.476562 0.0312422 0.0449219 0.0420837
0 0.471887 0.541016 0.0299404 0.0488281 0.0288696
0 0.806439 0.562988 0.0637861 0.0869141 0.0264587
0 0.529815 0.405762 0.0312422 0.0400391 0.0236969
0 0.115206 0.602051 0.0344966 0.0478516 0.023468
0 0.349847 0.396484 0.0273369 0.0400391 0.0211182
0 0.0641116 0.601562 0.0351475 0.0429688 0.0208435
0 0.794072 0.298096 0.0520703 0.0727539 0.0205231
0 0.610524 0.640137 0.0338457 0.0488281 0.0193787
0 0.0271742 0.30542 0.0527212 0.229004 0.0188751
0 0.602714 0.46582 0.0312422 0.0390625 0.0181274
0 0.521354 0.46582 0.0286387 0.0371094 0.0175781
0 0.284434 0.959961 0.048165 0.0742188 0.0168457
0 0.676914 0.47168 0.0312422 0.0429688 0.0163422
0 0.400941 0.955078 0.0676914 0.0820312 0.0162811
0 0.483278 0.463867 0.0292896 0.0351562 0.0146179
0 0.302659 0.955078 0.0585791 0.078125 0.0139542
0 0.561709 0.477051 0.0292896 0.0449219 0.0131226
0 0.354729 0.488281 0.0325439 0.0566406 0.01297
0 0.137335 0.536621 0.0406799 0.0498047 0.0123367
0 0.796676 0.630371 0.0468633 0.0605469 0.0112915
0 0.0317303 0.607422 0.0331948 0.0546875 0.0109024
0 0.179154 0.978516 0.0484905 0.0429688 0.0105667
0 0.824013 0.78125 0.0572773 0.0898438 0.0102921
0 0.776499 0.537109 0.042958 0.046875 0.0102463
0 0.423722 0.956055 0.0637861 0.078125 0.0100098
0 0.78496 0.632812 0.0520703 0.0605469 0.00881195
0 0.640465 0.419922 0.0260352 0.0507812 0.008255
0 0.83703 0.587891 0.0455615 0.0566406 0.00796509
0 0.610524 0.420898 0.0338457 0.0488281 0.00793457
0 0.0312422 0.252441 0.0624844 0.350586 0.00787354
0 0.44097 0.528809 0.0338457 0.0449219 0.006073
0 0.94052 0.535645 0.0728984 0.0888672 0.00605011
0 0.394758 0.413086 0.0279878 0.0390625 0.00600433
0 0.383368 0.805664 0.0702949 0.0917969 0.620605
0 0.812948 0.59375 0.0533721 0.0791016 0.566895
0 0.58693 0.513672 0.0393782 0.0527344 0.366699
0 0.181595 0.547852 0.0501177 0.0742188 0.253906
0 0.734191 0.591797 0.0390527 0.0566406 0.224731
0 0.52591 0.688477 0.0624844 0.0957031 0.195557
0 0.787564 0.606934 0.0572773 0.0712891 0.0963745
0 0.47026 0.536133 0.042958 0.0605469 0.093689
0 0.321534 0.479492 0.0416563 0.0488281 0.0910645
0 0.180944 0.578125 0.0507686 0.0722656 0.0750122
0 0.139288 0.589844 0.064437 0.0703125 0.0648804
0 0.385646 0.47998 0.0384019 0.0527344 0.064209
0 0.655435 0.664062 0.0455615 0.0664062 0.064209
0 0.725079 0.475586 0.0312422 0.0410156 0.0596619
0 0.517774 0.469727 0.0305913 0.0410156 0.0391235
0 0.484254 0.469238 0.0390527 0.0371094 0.0389709
0 0.151492 0.564941 0.0947029 0.113281 0.0369873
0 0.594903 0.486816 0.0403545 0.0566406 0.035553
0 0.220973 0.639648 0.0468633 0.0625 0.0301056
0 0.34822 0.390625 0.0364492 0.046875 0.0269623
0 0.446503 0.529785 0.042958 0.0546875 0.0244293
0 0.361889 0.48877 0.0442598 0.0556641 0.0222473
0 0.813599 0.569336 0.0572773 0.0898438 0.0222473
0 0.0295336 0.30127 0.0558129 0.198242 0.0150757
0 0.568868 0.486328 0.0325439 0.0546875 0.014061
0 0.118785 0.595703 0.0449106 0.0546875 0.0130692
0 0.51875 0.539062 0.037751 0.0507812 0.00967407
0 0.394433 0.410645 0.0338457 0.0429688 0.00844574
0 0.779753 0.544922 0.0442598 0.0585938 0.00740433
0 0.834427 0.581543 0.0494668 0.0615234 0.0068512
0 0.680819 0.476562 0.0286387 0.0449219 0.00653839
0 0.0658201 0.599609 0.0427953 0.0429688 0.00572968
0 0.442923 0.474121 0.0299404 0.0361328 0.00547028
0 0.123992 0.55957 0.0611826 0.104492 0.00544739
0 0.529815 0.407227 0.0312422 0.0351562 0.00462723
0 0.643068 0.41748 0.0286387 0.0419922 0.0045929
0 0.18908 0.111328 0.0598809 0.0708008 0.00450516
0 0.799279 0.626953 0.0468633 0.0644531 0.00432968
0 0.78496 0.631348 0.0520703 0.0566406 0.00408554
0 0.609223 0.637695 0.0442598 0.0537109 0.00385475
0 0.641767 0.461914 0.0286387 0.0332031 0.00370789
0 0.0907976 0.963867 0.0556501 0.0664062 0.00355148
0 0.184036 0.974609 0.0569519 0.046875 0.00351143
0 0.411355 0.945312 0.0872178 0.0898438 0.00351143
0 0.0231062 0.354492 0.0442598 0.121094 0.00327301
0 0.0364899 0.25592 0.0729798 0.28894 0.00325966
0 0.116182 0.487305 0.0501177 0.0742188 0.00317192
0 0.72573 0.53125 0.037751 0.0605469 0.00302696
0 0.500526 0.641602 0.0494668 0.0566406 0.00279045
0 0.0359611 0.602051 0.0416563 0.0507812 0.00269318
0 0.382717 0.8125 0.0676914 0.0859375 0.67334
0 0.812297 0.589844 0.0520703 0.0742188 0.399902
0 0.58156 0.512207 0.0436089 0.0556641 0.321777
0 0.527212 0.700195 0.0624844 0.0820312 0.24939
0 0.322836 0.473633 0.0325439 0.0390625 0.211426
0 0.182083 0.539062 0.0367747 0.0507812 0.136597
0 0.730286 0.585938 0.0364492 0.0527344 0.0907593
0 0.721825 0.476562 0.0312422 0.0410156 0.0778198
0 0.524934 0.679688 0.0605317 0.109375 0.0663452
0 0.188104 0.598145 0.0397036 0.0527344 0.0646362
0 0.792771 0.602539 0.0546738 0.0703125 0.0589905
0 0.0302659 0.303223 0.056301 0.205078 0.0535889
0 0.388575 0.472656 0.0299404 0.0410156 0.0516663
0 0.468633 0.527344 0.0371001 0.0546875 0.0507202
0 0.482952 0.461914 0.0286387 0.0341797 0.0386963
0 0.217719 0.641113 0.0393782 0.0546875 0.0384521
0 0.519401 0.461914 0.0286387 0.0390625 0.0363464
0 0.595554 0.47168 0.0364492 0.0458984 0.0362854
0 0.8149 0.569336 0.0546738 0.09375 0.0275269
0 0.449757 0.520508 0.042958 0.0527344 0.0230713
0 0.140264 0.601562 0.0384019 0.046875 0.0219116
0 0.721174 0.525391 0.0442598 0.0722656 0.0216522
0 0.349522 0.396973 0.026686 0.0419922 0.0188293
0 0.568868 0.481445 0.0338457 0.0527344 0.0177155
0 0.655435 0.664062 0.0416563 0.0546875 0.0174408
0 0.187128 0.11084 0.054023 0.0722656 0.0166626
0 0.528514 0.408203 0.0273369 0.0332031 0.0111618
0 0.0354729 0.282227 0.0686677 0.232422 0.0104065
0 0.782357 0.541504 0.0442598 0.0595703 0.00971222
0 0.357333 0.48584 0.0338457 0.0527344 0.00905609
0 0.407776 0.957031 0.0624844 0.0664062 0.00861359
0 0.641116 0.416992 0.0247334 0.0429688 0.00834656
0 0.683423 0.475098 0.0299404 0.046875 0.00828552
0 0.116345 0.59668 0.0357983 0.0400391 0.008255
0 0.51875 0.536133 0.0384019 0.0546875 0.00812531
0 0.15556 0.541016 0.0553247 0.0615234 0.00559998
0 0.0615081 0.59668 0.0344966 0.0380859 0.00544739
0 0.420468 0.958984 0.0676914 0.0664062 0.00542831
0 0.397036 0.412109 0.0234316 0.0351562 0.00540543
0 0.612477 0.420898 0.0325439 0.0449219 0.00521851
0 0.0332762 0.226318 0.0665524 0.373535 0.00436401
0 0.704251 0.515137 0.0442598 0.0585938 0.00413513
0 0.308517 0.955078 0.0611826 0.0703125 0.00403976
0 0.55878 0.416016 0.0208281 0.0371094 0.00402451
0 0.701648 0.587891 0.0416563 0.0527344 0.00359344
0 0.0285573 0.294922 0.0571146 0.21582 0.00327301
0 0.639814 0.459961 0.0273369 0.0390625 0.00318527
0 0.0320558 0.600098 0.0328694 0.0458984 0.00307465
0 0.183711 0.122314 0.0663897 0.0908203 0.00288963
0 0.443899 0.468262 0.0273369 0.03125 0.00269318
0 0.382717 0.805176 0.0650879 0.0878906 0.680176
0 0.523958 0.694336 0.0676914 0.0927734 0.50293
0 0.810995 0.588867 0.0494668 0.0683594 0.420654
0 0.520703 0.679199 0.0637861 0.104492 0.378418
0 0.0279878 0.30957 0.0559756 0.193359 0.309814
0 0.183711 0.111816 0.0559756 0.0737305 0.256836
0 0.319582 0.477539 0.0364492 0.0449219 0.246582
0 0.182572 0.541992 0.0384019 0.0507812 0.24585
0 0.581886 0.512695 0.042958 0.0546875 0.151001
0 0.788214 0.60791 0.0455615 0.0625 0.0827026
0 0.725079 0.585938 0.0364492 0.0507812 0.0772095
0 0.032788 0.215759 0.0655761 0.36731 0.0614319
0 0.720523 0.473145 0.0286387 0.0371094 0.0520325
0 0.482301 0.461914 0.0247334 0.0351562 0.0505066
0 0.0348627 0.273682 0.0697254 0.259277 0.0430298
0 0.515171 0.463379 0.0260352 0.0371094 0.0267639
0 0.386622 0.46875 0.0299404 0.0371094 0.0235596
0 0.594252 0.46875 0.0312422 0.0351562 0.023468
0 0.65153 0.661133 0.0442598 0.0585938 0.0231018
0 0.181921 0.588867 0.0371001 0.0507812 0.0227661
0 0.812948 0.560547 0.0468633 0.0703125 0.0214844
0 0.56301 0.478516 0.0260352 0.0429688 0.0207214
0 0.346918 0.391113 0.0260352 0.0429688 0.0193024
0 0.027581 0.293213 0.055162 0.218262 0.0171814
0 0.515496 0.535156 0.0390527 0.0507812 0.0123367
0 0.444225 0.522461 0.0397036 0.0507812 0.0102463
0 0.174761 0.109131 0.0722476 0.0874023 0.00963593
0 0.423722 0.0219727 0.109348 0.0439453 0.00945282
0 0.471887 0.527344 0.0338457 0.0527344 0.00933838
0 0.219672 0.641602 0.0426326 0.0566406 0.00831604
0 0.717919 0.52832 0.0364492 0.0478516 0.00682449
0 0.771292 0.537109 0.0273369 0.0429688 0.0064888
0 0.679518 0.472656 0.0260352 0.0390625 0.00605011
0 0.353753 0.486328 0.0253843 0.0527344 0.00564194
0 0.140915 0.599121 0.0351475 0.0458984 0.00548935
0 0.439994 0.466797 0.0234316 0.0283203 0.00526047
0 0.112602 0.595215 0.0344966 0.0410156 0.00508118
0 0.422746 0.954102 0.0663897 0.0703125 0.00502014
0 0.405823 0.951172 0.0689932 0.078125 0.00496292
0 0.145146 0.541016 0.0344966 0.0537109 0.00402451
0 0.697742 0.516602 0.0312422 0.046875 0.00395966
0 0.0240418 0.0402832 0.0480837 0.0805664 0.00387001
0 0.355054 0.866699 0.0976318 0.172852 0.00382423
0 0.0271742 0.602539 0.0283132 0.0478516 0.00366402
0 0.395734 0.413086 0.0208281 0.0322266 0.00365067
0 0.525259 0.40625 0.0234316 0.03125 0.00365067
0 0.503129 0.647461 0.0546738 0.0595703 0.00318527
0 0.0173297 0.310059 0.0346593 0.225586 0.003088
0 0.835729 0.581055 0.0442598 0.0566406 0.003088
0 0.0294116 0.208496 0.0588232 0.416992 0.00288963
0 0.380113 0.807129 0.0650879 0.0800781 0.63623
0 0.320883 0.476562 0.037751 0.046875 0.345947
0 0.805788 0.588867 0.0468633 0.0683594 0.29834
0 0.524608 0.693359 0.0663897 0.0957031 0.248047
0 0.584489 0.512695 0.0416563 0.0507812 0.230957
0 0.179643 0.543457 0.0449106 0.0566406 0.185913
0 0.727683 0.585449 0.0364492 0.0517578 0.0820923
0 0.521679 0.676758 0.0631353 0.101562 0.0820923
0 0.0271742 0.309814 0.0543484 0.193848 0.0665894
0 0.790167 0.606445 0.0520703 0.0644531 0.0637207
0 0.384669 0.474609 0.0344966 0.0449219 0.0568542
0 0.652181 0.666016 0.0468633 0.0605469 0.0492249
0 0.346268 0.391113 0.0325439 0.0439453 0.0483093
0 0.720523 0.476074 0.0312422 0.0380859 0.0456848
0 0.46668 0.522949 0.0416563 0.0576172 0.0367737
0 0.181921 0.591309 0.0436089 0.0585938 0.0366211
0 0.810995 0.559082 0.0468633 0.0673828 0.0354919
0 0.48165 0.464844 0.0286387 0.0351562 0.0326538
0 0.515496 0.539062 0.042958 0.0585938 0.0278473
0 0.183711 0.11084 0.0520703 0.065918 0.0255127
0 0.569844 0.48877 0.0410054 0.0576172 0.0248871
0 0.515496 0.466309 0.0325439 0.0371094 0.0231934
0 0.589045 0.475586 0.0403545 0.0429688 0.0211639
0 0.0232689 0.32959 0.045887 0.176758 0.0211182
0 0.0301032 0.272949 0.0602063 0.264648 0.0170441
0 0.529165 0.404785 0.0286387 0.0371094 0.0131226
0 0.447805 0.51709 0.048165 0.0605469 0.0131226
0 0.350173 0.487305 0.0384019 0.0537109 0.0130692
0 0.397036 0.410156 0.0286387 0.0390625 0.0119629
0 0.682121 0.477539 0.0286387 0.0429688 0.00941467
0 0.779753 0.538086 0.0390527 0.0429688 0.00878143
0 0.719221 0.523438 0.037751 0.0527344 0.00854492
0 0.0318931 0.210449 0.0637861 0.402344 0.00784302
0 0.217556 0.639648 0.0445852 0.0605469 0.00725937
0 0.135383 0.597168 0.0478396 0.0517578 0.00591278
0 0.150028 0.540527 0.0572773 0.0615234 0.00582123
0 0.0357983 0.295898 0.0693186 0.21582 0.00553513
0 0.0318931 0.603027 0.0371001 0.0546875 0.00526047
0 0.114229 0.59375 0.0416563 0.0488281 0.0045929
0 0.42177 0.951172 0.0715967 0.078125 0.00448608
0 0.44455 0.469727 0.0312422 0.0361328 0.00438309
0 0.637861 0.416504 0.0286387 0.0410156 0.00342941
0 0.0582537 0.599609 0.0413308 0.0449219 0.00342941
0 0.609223 0.415039 0.0286387 0.0410156 0.00317192
0 0.699695 0.51123 0.0351475 0.0527344 0.00313568
0 0.408752 0.949219 0.0742002 0.0820312 0.00305176
0 0.55878 0.413574 0.0247334 0.0361328 0.00273705
0 0.0266047 0.288574 0.0532094 0.230469 0.00254059
0 0.109673 0.47998 0.0416563 0.0527344 0.0024147
0 0.852651 0.533203 0.0312422 0.0449219 0.00230598
0 0.379137 0.805664 0.0722476 0.09375 0.662598
0 0.525259 0.691406 0.0689932 0.101562 0.552734
0 0.805788 0.589844 0.048165 0.0683594 0.403564
0 0.58514 0.515625 0.0416563 0.046875 0.356689
0 0.322836 0.479492 0.0351475 0.0410156 0.270508
0 0.182572 0.545898 0.0436089 0.0566406 0.269043
0 0.727683 0.588867 0.0390527 0.0517578 0.204956
0 0.722476 0.477539 0.0286387 0.0390625 0.137085
0 0.790167 0.613281 0.0520703 0.0644531 0.11438
0 0.17948 0.587402 0.0413308 0.0585938 0.0806274
0 0.0291268 0.314453 0.0582537 0.18457 0.0715942
0 0.467982 0.530273 0.037751 0.0566406 0.0692749
0 0.22195 0.640625 0.0462124 0.0625 0.0579224
0 0.481 0.46582 0.0260352 0.0292969 0.0481262
0 0.812297 0.561523 0.0468633 0.0722656 0.0412292
0 0.517449 0.542969 0.0416563 0.0576172 0.0352783
0 0.386948 0.474609 0.0292896 0.0371094 0.0349426
0 0.517774 0.469238 0.0279878 0.03125 0.0305634
0 0.654784 0.666992 0.0455615 0.0585938 0.0305023
0 0.34822 0.394531 0.0260352 0.0361328 0.0268097
0 0.135057 0.597168 0.048165 0.0595703 0.0259094
0 0.449106 0.524902 0.048165 0.0556641 0.0239105
0 0.594252 0.468262 0.0312422 0.0351562 0.0236053
0 0.566916 0.487793 0.0325439 0.0507812 0.0204926
0 0.184524 0.112427 0.0572773 0.0695801 0.0199432
0 0.527212 0.411133 0.0247334 0.0292969 0.0164032
0 0.680819 0.477539 0.0260352 0.0429688 0.0115967
0 0.143844 0.553223 0.0585791 0.0771484 0.0114212
0 0.786262 0.626953 0.0494668 0.0664062 0.0112915
0 0.397036 0.413574 0.0234316 0.0332031 0.0111618
0 0.777149 0.540039 0.0338457 0.0410156 0.0107346
0 0.71857 0.525391 0.0364492 0.046875 0.0102921
0 0.353427 0.488281 0.026686 0.0507812 0.01017
0 0.11846 0.595703 0.042958 0.0507812 0.00941467
0 0.40387 0.953125 0.0768037 0.0898438 0.00800323
0 0.795374 0.625977 0.0468633 0.0664062 0.00751877
0 0.423397 0.955078 0.0787564 0.0820312 0.00698471
0 0.0327067 0.209412 0.0654133 0.39563 0.00577545
0 0.640465 0.416992 0.0221299 0.0371094 0.00534439
0 0.308842 0.947266 0.0774546 0.101562 0.00494385
0 0.0353102 0.300537 0.0706204 0.209473 0.00473785
0 0.857858 0.481445 0.0338457 0.046875 0.00462723
0 0.561058 0.41748 0.0195264 0.0341797 0.00460815
0 0.609874 0.419434 0.0260352 0.0380859 0.00460815
0 0.0334389 0.604492 0.0380764 0.0546875 0.00448608
0 0.0624844 0.602051 0.0395409 0.0458984 0.00446701
0 0.443574 0.472656 0.0273369 0.0292969 0.00424957
0 0.361889 0.946289 0.102839 0.107422 0.0026722
0 0.428604 0.0218506 0.0937266 0.0437012 0.00265312
0 0.532094 0.681641 0.069644 0.0878906 0.00253105
0 0.380764 0.808594 0.0676914 0.0839844 0.708008
0 0.584327 0.514648 0.0419817 0.046875 0.428223
0 0.524608 0.696289 0.064437 0.0859375 0.366699
0 0.181595 0.542969 0.0432834 0.0507812 0.31665
0 0.804486 0.597656 0.0468633 0.0644531 0.31665
0 0.321534 0.478027 0.037751 0.0419922 0.282959
0 0.183222 0.111938 0.054023 0.0661621 0.134766
0 0.0272556 0.310059 0.0545111 0.195312 0.130249
0 0.721825 0.475586 0.0312422 0.0371094 0.092041
0 0.345291 0.392578 0.0331948 0.0410156 0.0859985
0 0.791469 0.611328 0.0520703 0.0625 0.0718384
0 0.730286 0.588867 0.0338457 0.0449219 0.0663452
0 0.47026 0.532227 0.037751 0.0488281 0.0510864
0 0.180619 0.592773 0.0416563 0.0546875 0.042572
0 0.484905 0.466797 0.0305913 0.0332031 0.0383301
0 0.38532 0.478516 0.0351475 0.0410156 0.0309143
0 0.576679 0.496094 0.0468633 0.0654297 0.0263519
0 0.528514 0.406738 0.0286387 0.0351562 0.0250397
0 0.515822 0.471191 0.0325439 0.0351562 0.0232391
0 0.812948 0.563965 0.0494668 0.0761719 0.0208435
0 0.589696 0.484375 0.0403545 0.0546875 0.0207977
0 0.217719 0.64209 0.0423071 0.0556641 0.019165
0 0.51875 0.541992 0.0442598 0.0546875 0.0171814
0 0.0313235 0.21637 0.0626471 0.395386 0.0126266
0 0.357983 0.488281 0.0351475 0.0507812 0.0125275
0 0.446178 0.527344 0.0462124 0.0507812 0.0112457
0 0.398012 0.414062 0.0286387 0.0390625 0.00974274
0 0.652181 0.667969 0.0442598 0.0546875 0.00812531
0 0.139614 0.600586 0.0416563 0.0488281 0.00723267
0 0.682121 0.477539 0.0286387 0.0410156 0.00695801
0 0.721174 0.532715 0.0364492 0.0498047 0.00674438
0 0.034822 0.29541 0.069644 0.223633 0.00669098
0 0.783007 0.544922 0.042958 0.0488281 0.00614548
0 0.796025 0.62793 0.0442598 0.0615234 0.00564194
0 0.173785 0.110718 0.0761528 0.0852051 0.00479126
0 0.156862 0.546875 0.0572773 0.0615234 0.00402451
0 0.0272556 0.268066 0.0545111 0.282227 0.00397491
0 0.637861 0.416016 0.0286387 0.0410156 0.00388527
0 0.561058 0.416016 0.0240825 0.0351562 0.00382423
0 0.787564 0.629883 0.0468633 0.0605469 0.00376511
0 0.11488 0.594727 0.0390527 0.0429688 0.00325966
0 0.795374 0.297852 0.0468633 0.0576172 0.00298119
0 0.426326 0.0219727 0.100235 0.0439453 0.00264168
0 0.0282726 0.208496 0.0565451 0.416992 0.00264168
0 0.613128 0.418457 0.0338457 0.0419922 0.00242424
0 0.351475 0.869629 0.0872178 0.15918 0.00232315
0 0.404196 0.951172 0.0689932 0.0820312 0.00216484
0 0.425024 0.957031 0.0715967 0.0703125 0.00215721
0 0.44455 0.473633 0.0299404 0.0332031 0.00199509
0 0.44455 0.344238 0.0286387 0.0419922 0.00195694
0 0.380764 0.804688 0.0689932 0.0917969 0.632324
0 0.524608 0.693359 0.0637861 0.0957031 0.480469
0 0.180944 0.542969 0.042958 0.0566406 0.44751
0 0.584327 0.514648 0.0419817 0.0488281 0.348633
0 0.807741 0.59375 0.0468633 0.0683594 0.29834
0 0.322185 0.479492 0.0364492 0.0429688 0.260498
0 0.184524 0.111816 0.0527212 0.0703125 0.176636
0 0.730286 0.587402 0.0364492 0.0517578 0.146606
0 0.0268894 0.310303 0.0537789 0.191895 0.132568
0 0.722476 0.476074 0.0286387 0.0390625 0.0913696
0 0.470911 0.532227 0.0384019 0.0566406 0.062561
0 0.790167 0.611328 0.0494668 0.0644531 0.0562439
0 0.180944 0.583496 0.042958 0.0673828 0.0554199
0 0.347569 0.393066 0.0299404 0.0410156 0.0505066
0 0.386622 0.478516 0.0325439 0.0449219 0.0483093
0 0.484254 0.464844 0.0286387 0.0332031 0.0409851
0 0.8149 0.562012 0.0455615 0.0722656 0.0276337
0 0.519401 0.541504 0.042958 0.0595703 0.0255127
0 0.516798 0.469727 0.0299404 0.0351562 0.02034
0 0.573424 0.493164 0.0416563 0.0605469 0.0199127
0 0.138312 0.597656 0.042958 0.0546875 0.0194244
0 0.527863 0.406738 0.0260352 0.0332031 0.0187683
0 0.220973 0.640625 0.042958 0.0605469 0.0175781
0 0.448781 0.52832 0.0455615 0.0566406 0.016983
0 0.359611 0.489258 0.0318931 0.0527344 0.0151901
0 0.594252 0.478516 0.0338457 0.0478516 0.0147858
0 0.029615 0.2229 0.05923 0.367676 0.0142288
0 0.154258 0.546875 0.0579282 0.0683594 0.012825
0 0.652181 0.66748 0.0442598 0.0595703 0.0122375
0 0.684725 0.477539 0.0260352 0.0429688 0.0114212
0 0.398338 0.412598 0.0273369 0.0390625 0.0104523
0 0.722476 0.529297 0.0364492 0.0507812 0.00971222
0 0.778451 0.540039 0.0338457 0.0429688 0.00878143
0 0.115368 0.594238 0.0384019 0.0458984 0.00698471
0 0.424373 0.0228271 0.096981 0.0456543 0.00602722
0 0.786262 0.628906 0.0442598 0.0625 0.00510025
0 0.0343745 0.294922 0.0687491 0.219727 0.0050621
0 0.699044 0.514648 0.0312422 0.0449219 0.00457382
0 0.562359 0.415039 0.0208281 0.0351562 0.00411606
0 0.40387 0.953125 0.0722476 0.0859375 0.0041008
0 0.424373 0.957031 0.0761528 0.0742188 0.00400543
0 0.109999 0.480957 0.037751 0.0517578 0.0039444
0 0.795374 0.626953 0.0442598 0.0644531 0.00379562
0 0.444225 0.470703 0.0273369 0.03125 0.00332451
0 0.174761 0.110474 0.0748511 0.0861816 0.00317192
0 0.610524 0.416992 0.0286387 0.0390625 0.00291252
0 0.0629725 0.599609 0.0367747 0.0419922 0.00288963
0 0.0310795 0.603516 0.0330321 0.0488281 0.00286674
0 0.0246927 0.275635 0.0493854 0.258301 0.00277901
0 0.640465 0.416016 0.0234316 0.0390625 0.00273705
0 0.382066 0.804688 0.0676914 0.0917969 0.666992
0 0.525259 0.694336 0.0631353 0.0917969 0.434082
0 0.181921 0.541504 0.0390527 0.0507812 0.428223
0 0.58514 0.515625 0.0416563 0.0478516 0.331055
0 0.80709 0.594727 0.0468633 0.0664062 0.311523
0 0.581886 0.509766 0.042958 0.0566406 0.291016
0 0.322185 0.478516 0.0351475 0.0410156 0.265137
0 0.731588 0.585938 0.0364492 0.0507812 0.218018
0 0.18485 0.111816 0.054023 0.0688477 0.134766
0 0.722476 0.476074 0.0286387 0.0380859 0.11438
0 0.0274183 0.310059 0.0548365 0.193359 0.088501
0 0.788865 0.613281 0.0468633 0.0625 0.0844727
0 0.470585 0.533203 0.037751 0.0546875 0.0560303
0 0.386622 0.477539 0.0325439 0.0429688 0.0531921
0 0.348546 0.3927 0.0279878 0.0388184 0.0505066
0 0.484254 0.464355 0.0286387 0.0322266 0.0486755
0 0.182246 0.59082 0.0380764 0.0527344 0.036438
0 0.220485 0.640625 0.042958 0.0585938 0.0332642
0 0.8149 0.55957 0.0442598 0.0664062 0.0322876
0 0.527863 0.405273 0.0260352 0.03125 0.0268555
0 0.519076 0.541504 0.0436089 0.0585938 0.0249329
0 0.572123 0.490234 0.0416563 0.0566406 0.0242767
0 0.516798 0.469238 0.0299404 0.0341797 0.0233765
0 0.594903 0.474609 0.0338457 0.0429688 0.0180969
0 0.777149 0.538086 0.0325439 0.0390625 0.0146179
0 0.447805 0.527344 0.0442598 0.0546875 0.0137405
0 0.654133 0.668945 0.0442598 0.0585938 0.0135345
0 0.359285 0.48877 0.0312422 0.0527344 0.0119629
0 0.398989 0.411133 0.0260352 0.0351562 0.0112457
0 0.684725 0.477539 0.0260352 0.0410156 0.0108185
0 0.0302659 0.217529 0.0605317 0.385254 0.0106506
0 0.139614 0.598633 0.0364492 0.0449219 0.0100937
0 0.722476 0.53125 0.0364492 0.046875 0.0086441
0 0.786262 0.629395 0.0442598 0.0605469 0.00712204
0 0.149865 0.541016 0.0393782 0.0527344 0.0069046
0 0.562359 0.414551 0.0208281 0.0332031 0.00544739
0 0.699044 0.516602 0.0325439 0.0429688 0.00527954
0 0.114717 0.593262 0.0364492 0.0410156 0.00471878
0 0.0349034 0.293945 0.0698068 0.224609 0.00450516
0 0.796676 0.62793 0.0442598 0.0625 0.00424957
0 0.444225 0.469727 0.0279878 0.0302734 0.00400543
0 0.610524 0.416016 0.0286387 0.0371094 0.00365067
0 0.426326 0.0224609 0.0950283 0.0449219 0.00311089
0 0.857858 0.480469 0.0312422 0.0449219 0.00286674
0 0.640465 0.415039 0.0234316 0.0371094 0.00282288
0 0.174436 0.109741 0.0761528 0.0895996 0.00281143
0 0.0301032 0.602539 0.0312422 0.046875 0.00264168
0 0.425675 0.956055 0.075502 0.0761719 0.00263214
0 0.0270928 0.279541 0.0541857 0.245605 0.00246239
0 0.0629725 0.598633 0.0333575 0.0390625 0.00234222
0 0.382066 0.804688 0.0676914 0.0917969 0.666992
0 0.525259 0.694336 0.0631353 0.0917969 0.436768
0 0.181921 0.541504 0.0390527 0.0507812 0.428223
0 0.58514 0.515625 0.0416563 0.0478516 0.331055
0 0.80709 0.594727 0.0468633 0.0664062 0.312256
0 0.581886 0.509766 0.042958 0.0566406 0.291748
0 0.322185 0.478516 0.0351475 0.0410156 0.265137
0 0.730937 0.585938 0.0364492 0.0507812 0.21936
0 0.18485 0.111816 0.054023 0.0683594 0.134277
0 0.722476 0.476074 0.0286387 0.0380859 0.114746
0 0.0274183 0.310059 0.0548365 0.193359 0.0881958
0 0.788865 0.613281 0.0468633 0.0625 0.0844727
0 0.470585 0.533203 0.037751 0.0546875 0.0560303
0 0.386948 0.477539 0.0318931 0.0429688 0.0535889
0 0.348546 0.3927 0.0279878 0.0388184 0.0503235
0 0.484254 0.464355 0.0286387 0.0322266 0.0486755
0 0.182246 0.59082 0.0380764 0.0527344 0.0368347
0 0.220648 0.640625 0.042958 0.0585938 0.0335999
0 0.8149 0.55957 0.0442598 0.0664062 0.0323486
0 0.527863 0.405273 0.0260352 0.03125 0.0269165
0 0.519076 0.541504 0.0436089 0.0585938 0.0247955
0 0.572123 0.490234 0.0416563 0.0566406 0.0242767
0 0.516798 0.469238 0.0299404 0.0341797 0.0232849
0 0.594903 0.474121 0.0338457 0.0419922 0.0180969
0 0.777149 0.538086 0.0325439 0.0390625 0.0146713
0 0.447805 0.527344 0.0442598 0.0546875 0.0137405
0 0.654133 0.668945 0.0442598 0.0585938 0.0136337
0 0.359285 0.48877 0.0312422 0.0527344 0.0120544
0 0.398989 0.411133 0.0260352 0.0351562 0.0112457
0 0.684725 0.477539 0.0260352 0.0410156 0.0108185
0 0.0302659 0.217529 0.0605317 0.385254 0.0106964
0 0.139614 0.598633 0.0364492 0.0449219 0.01017
0 0.722476 0.53125 0.0364492 0.046875 0.00861359
0 0.786262 0.629395 0.0442598 0.0605469 0.00714874
0 0.149865 0.541016 0.0393782 0.0527344 0.0069046
0 0.562359 0.414551 0.0208281 0.0332031 0.00547028
0 0.699044 0.516602 0.0325439 0.0429688 0.00530243
0 0.114717 0.593262 0.0364492 0.0410156 0.00475693
0 0.0349034 0.293945 0.0698068 0.224609 0.00450516
0 0.796676 0.62793 0.0442598 0.0625 0.0042305
0 0.444225 0.469727 0.0279878 0.0302734 0.00403976
0 0.610524 0.416016 0.0286387 0.0361328 0.00365067
0 0.426326 0.022583 0.0950283 0.045166 0.00307465
0 0.857858 0.480469 0.0312422 0.0449219 0.00287819
0 0.640465 0.415039 0.0234316 0.0371094 0.00282288
0 0.174436 0.109619 0.0761528 0.0898438 0.00279045
0 0.0301032 0.602539 0.0312422 0.046875 0.00263214
0 0.425675 0.956055 0.075502 0.0761719 0.00260162
0 0.0270928 0.279297 0.0541857 0.246094 0.00246239
0 0.0629725 0.598633 0.0333575 0.0390625 0.00234222
