0 0.353753 0.591309 0.0520703 0.0615234 0.025177
0 0.693311 0.512207 0.613378 0.975586 0.0113754
0 0.654258 0.5 0.691483 1 0.00985718
0 0.5 0.5 1 1 0.00981903
0 0.70763 0.5 0.584739 1 0.00978088
0 0.634732 0.5 0.730536 1 0.00809479
0 0.637335 0.5 0.725329 1 0.00709534
0 0.5 0.5 1 1 0.00674438
0 0.5 0.5 1 1 0.00669098
0 0.603002 0.5 0.793997 1 0.0064888
0 0.705678 0.617188 0.588645 0.765625 0.00629044
0 0.734316 0.5 0.531367 1 0.00619125
0 0.5 0.5 1 1 0.00584412
0 0.643844 0.685547 0.712312 0.628906 0.00564194
0 0.665486 0.5 0.669028 1 0.00553513
0 0.462124 0.5 0.924248 1 0.00519943
0 0.5 0.5 1 1 0.0050621
0 0.530103 0.541992 0.939794 0.916016 0.00479126
0 0.479698 0.474609 0.0455615 0.0722656 0.00421524
0 0.5 0.5 1 1 0.00418091
0 0.185501 0.556641 0.153607 0.195312 0.00139904
0 0.587093 0.444336 0.357983 0.225586 0.00102425
0 0.350824 0.595703 0.0618335 0.0605469 0.637207
0 0.474816 0.476562 0.0546738 0.0615234 0.53125
0 0.697742 0.490234 0.0520703 0.0683594 0.485352
0 0.797978 0.472656 0.0546738 0.0664062 0.293457
0 0.88129 0.550781 0.0585791 0.0722656 0.269775
0 0.590998 0.607422 0.0676914 0.078125 0.219971
0 0.791469 0.472656 0.0520703 0.0800781 0.150024
0 0.717269 0.613281 0.0676914 0.0664062 0.0651245
0 0.269789 0.502441 0.0488159 0.0800781 0.0568542
0 0.412006 0.206543 0.0585791 0.0693359 0.0544128
0 0.54804 0.486816 0.048165 0.0595703 0.0453491
0 0.487508 0.651855 0.0546738 0.0839844 0.0448608
0 0.783658 0.432617 0.0676914 0.107422 0.0372009
0 0.549667 0.516602 0.0514194 0.0644531 0.0335999
0 0.350824 0.570312 0.0702949 0.0976562 0.0279541
0 0.537626 0.485352 0.0468633 0.0605469 0.0258026
0 0.304611 0.953125 0.0950283 0.0800781 0.0255585
0 0.423071 0.357422 0.0611826 0.0722656 0.0245209
0 0.478396 0.450195 0.0624844 0.111328 0.024231
0 0.267186 0.494141 0.0670405 0.0917969 0.0236969
0 0.526561 0.412109 0.0397036 0.0605469 0.0221558
0 0.175086 0.545898 0.0748511 0.0947266 0.0207672
0 0.704251 0.60498 0.0702949 0.0644531 0.02034
0 0.512893 0.624023 0.0846143 0.0927734 0.0190887
0 0.792771 0.456055 0.0676914 0.126953 0.0187683
0 0.161093 0.552734 0.0670405 0.0996094 0.0185394
0 0.734191 0.437378 0.124969 0.195557 0.0171814
0 0.344966 0.602051 0.075502 0.0751953 0.0164032
0 0.434787 0.588867 0.0351475 0.0410156 0.0149536
0 0.502804 0.635742 0.064437 0.0878906 0.0139008
0 0.412332 0.395386 0.0468633 0.0803223 0.0122375
0 0.425675 0.387207 0.0676914 0.0810547 0.0122375
0 0.693837 0.451172 0.0624844 0.128906 0.0122375
0 0.23155 0.490723 0.100561 0.129883 0.0109482
0 0.76283 0.359375 0.101537 0.0947266 0.00926971
0 0.154421 0.580566 0.0702949 0.0976562 0.00898743
0 0.219509 0.958984 0.0842888 0.0742188 0.00881195
0 0.791469 0.491211 0.0572773 0.134766 0.00878143
0 0.702949 0.507812 0.0728984 0.126953 0.00861359
0 0.369699 0.595215 0.0937266 0.0576172 0.00857544
0 0.31828 0.537109 0.0611826 0.0839844 0.00793457
0 0.734191 0.366211 0.0911231 0.103516 0.0077858
0 0.582537 0.576172 0.0963301 0.128906 0.00748825
0 0.271091 0.953125 0.176388 0.0859375 0.00723267
0 0.965904 0.27832 0.0624844 0.142578 0.00698471
0 0.428278 0.819824 0.0624844 0.0859375 0.0069046
0 0.796676 0.503418 0.0546738 0.111328 0.0068512
0 0.549667 0.443359 0.0657388 0.125 0.00593567
0 0.852651 0.500977 0.0781055 0.107422 0.00582123
0 0.463751 0.481445 0.0683423 0.0839844 0.00572968
0 0.352776 0.594727 0.0546738 0.0664062 0.80127
0 0.694488 0.485352 0.0572773 0.0585938 0.594727
0 0.478396 0.474609 0.048165 0.0605469 0.559082
0 0.182083 0.605957 0.217719 0.351562 0.524414
0 0.405172 0.411133 0.0357983 0.0488281 0.139893
0 0.78496 0.41394 0.101537 0.189697 0.139404
0 0.233015 0.751953 0.277925 0.482422 0.12854
0 0.461473 0.70166 0.221299 0.305664 0.123779
0 0.404847 0.197266 0.0546738 0.0576172 0.11438
0 0.773895 0.405762 0.209583 0.222656 0.112
0 0.160767 0.624023 0.165974 0.308594 0.110107
0 0.310795 0.959961 0.0748511 0.0800781 0.0957031
0 0.277274 0.509766 0.0468633 0.0664062 0.0950317
0 0.702949 0.470703 0.0663897 0.0742188 0.0891113
0 0.803185 0.444336 0.130176 0.195312 0.0742188
0 0.230574 0.817383 0.258724 0.353516 0.0687866
0 0.224268 0.680664 0.316897 0.554688 0.0685425
0 0.274752 0.934082 0.149539 0.131836 0.0558167
0 0.866971 0.646484 0.243429 0.322266 0.0510864
0 0.889101 0.543945 0.0676914 0.0878906 0.049408
0 0.553247 0.481445 0.0507686 0.0566406 0.0467224
0 0.73533 0.553711 0.5002 0.600586 0.0446777
0 0.524608 0.390503 0.026686 0.0549316 0.0438538
0 0.828569 0.621094 0.334552 0.378906 0.0438538
0 0.803836 0.446289 0.302008 0.320312 0.0437012
0 0.279227 0.492188 0.0553247 0.0751953 0.0437012
0 0.506384 0.650391 0.106744 0.0878906 0.0431213
0 0.790167 0.4552 0.14059 0.24585 0.0418396
0 0.691233 0.500977 0.0598809 0.0664062 0.0407715
0 0.195304 0.541016 0.233584 0.226562 0.0394287
0 0.553247 0.431641 0.0650879 0.125 0.0360107
0 0.610524 0.353516 0.0364492 0.046875 0.0335999
0 0.663897 0.515503 0.656086 0.689697 0.0335388
0 0.254819 0.88623 0.171832 0.227539 0.0318604
0 0.908627 0.554199 0.115856 0.102539 0.0316162
0 0.461473 0.761719 0.199169 0.255859 0.0310211
0 0.811646 0.477051 0.130176 0.201172 0.0303802
0 0.840936 0.527344 0.26686 0.246094 0.0287628
0 0.928153 0.734375 0.114555 0.158203 0.0261536
0 0.288421 0.910156 0.156048 0.167969 0.026062
0 0.355054 0.566406 0.0631353 0.09375 0.0252686
0 0.760227 0.404175 0.153607 0.19751 0.025177
0 0.886497 0.538086 0.0885195 0.106445 0.0247955
0 0.438692 0.577637 0.0403545 0.0576172 0.0244293
0 0.736144 0.610352 0.0585791 0.0585938 0.0232391
0 0.830522 0.491211 0.231713 0.205078 0.0206909
0 0.980349 0.284668 0.0393027 0.0751953 0.0204468
0 0.697742 0.593262 0.0572773 0.0664062 0.0195007
0 0.28541 0.616699 0.447805 0.719727 0.0191193
0 0.341711 0.586426 0.0650879 0.0644531 0.0180206
0 0.347569 0.59375 0.0546738 0.0722656 0.877441
0 0.469284 0.47998 0.0423071 0.0634766 0.760742
0 0.692535 0.487305 0.0468633 0.0673828 0.683594
0 0.797978 0.479004 0.0494668 0.0771484 0.361084
0 0.880639 0.545898 0.0520703 0.0800781 0.266602
0 0.408101 0.413086 0.0455615 0.0625 0.180054
0 0.408101 0.205811 0.0572773 0.0712891 0.136108
0 0.152631 0.53418 0.0410054 0.0527344 0.0957031
0 0.524608 0.404297 0.0325439 0.0488281 0.0772095
0 0.689932 0.5 0.0494668 0.0771484 0.0690308
0 0.42242 0.351318 0.048165 0.0639648 0.0427246
0 0.350498 0.571289 0.0709458 0.105469 0.0408325
0 0.584489 0.596191 0.0533721 0.0712891 0.0332031
0 0.879988 0.560547 0.0546738 0.0859375 0.0309601
0 0.796025 0.503906 0.0598809 0.102539 0.0302734
0 0.271417 0.528809 0.0351475 0.0498047 0.0252686
0 0.544786 0.476562 0.0468633 0.0664062 0.0234222
0 0.434787 0.583008 0.0468633 0.0546875 0.0197144
0 0.324138 0.963867 0.0676914 0.0722656 0.0183716
0 0.475792 0.4375 0.0507686 0.0878906 0.0165253
0 0.416237 0.404785 0.0514194 0.0585938 0.0160217
0 0.794072 0.495117 0.075502 0.116211 0.014389
0 0.335203 0.964844 0.0520703 0.0703125 0.0133286
0 0.474816 0.657227 0.0566265 0.0830078 0.0123825
0 0.701648 0.481445 0.0781055 0.0742188 0.0120544
0 0.100398 0.73291 0.0445852 0.0566406 0.0100937
0 0.553573 0.41748 0.0507686 0.0683594 0.00959778
0 0.786913 0.437988 0.0781055 0.117188 0.00959778
0 0.227482 0.966797 0.0585791 0.0664062 0.00952148
0 0.600761 0.47168 0.0351475 0.0546875 0.00844574
0 0.345617 0.561035 0.0885195 0.106445 0.00793457
0 0.794072 0.454102 0.0833125 0.121094 0.00737381
0 0.604178 0.413086 0.0439343 0.0644531 0.00679779
0 0.728984 0.46106 0.511591 0.421631 0.00602722
0 0.335203 0.17749 0.0670405 0.081543 0.00521851
0 0.421119 0.369141 0.0781055 0.0957031 0.00496292
0 0.437716 0.974609 0.0657388 0.0507812 0.00434875
0 0.525259 0.602051 0.0663897 0.0654297 0.00403976
0 0.324789 0.170898 0.0624844 0.081543 0.00387001
0 0.880639 0.551758 0.0676914 0.105469 0.00379562
0 0.691358 0.444336 0.617283 0.602539 0.00376511
0 0.405172 0.191162 0.0689932 0.0893555 0.00349617
0 0.388575 0.602539 0.0768037 0.0664062 0.00348282
0 0.85135 0.493164 0.0833125 0.0976562 0.00322342
0 0.965704 0.291504 0.0685923 0.114258 0.00286674
0 0.756321 0.429565 0.225204 0.265869 0.0028553
0 0.275891 0.964844 0.149865 0.0703125 0.00279045
0 0.728334 0.602539 0.0455615 0.0546875 0.00271416
0 0.171669 0.539062 0.0641116 0.0664062 0.00269318
0 0.0515822 0.78418 0.103164 0.431641 0.00259018
0 0.350824 0.592773 0.0475142 0.0644531 0.847656
0 0.473189 0.478516 0.042958 0.0566406 0.583008
0 0.691233 0.483887 0.0416563 0.0625 0.511719
0 0.404196 0.197754 0.0572773 0.0703125 0.489258
0 0.322185 0.16748 0.0572773 0.0771484 0.17334
0 0.324138 0.957031 0.069644 0.0839844 0.132568
0 0.799279 0.46875 0.0390527 0.0566406 0.128906
0 0.33325 0.958984 0.0572773 0.078125 0.106323
0 0.404847 0.40918 0.037751 0.0585938 0.101257
0 0.882592 0.570312 0.0364492 0.0625 0.100891
0 0.224553 0.958984 0.0624844 0.078125 0.0957031
0 0.689932 0.501953 0.0390527 0.0703125 0.0769653
0 0.73289 0.60791 0.0494668 0.0634766 0.0753174
0 0.152631 0.528809 0.0390527 0.0546875 0.0723877
0 0.270766 0.521973 0.0338457 0.0449219 0.0592041
0 0.884544 0.544922 0.0416563 0.0625 0.0554199
0 0.439343 0.583008 0.0312422 0.046875 0.0548096
0 0.487834 0.655273 0.0637861 0.0722656 0.0462036
0 0.473514 0.977539 0.0455615 0.0449219 0.0393372
0 0.258074 0.697754 0.357983 0.604492 0.0375977
0 0.552922 0.479492 0.0344966 0.0546875 0.0362244
0 0.527537 0.398438 0.0299404 0.0488281 0.033844
0 0.32609 0.175049 0.075502 0.0952148 0.0333862
0 0.424373 0.354004 0.0449106 0.0644531 0.0309143
0 0.352776 0.569336 0.0533721 0.09375 0.0309143
0 0.781055 0.413086 0.0390527 0.0390625 0.0287628
0 0.276624 0.958496 0.124318 0.0830078 0.0240021
0 0.184199 0.533203 0.0553247 0.0625 0.0238647
0 0.103978 0.72998 0.0452361 0.0566406 0.0211639
0 0.275973 0.479492 0.048165 0.0722656 0.0210419
0 0.507686 0.642578 0.0533721 0.0771484 0.0206909
0 0.42177 0.395996 0.0468633 0.0634766 0.0196838
0 0.538928 0.481445 0.0442598 0.0585938 0.0167847
0 0.601412 0.469727 0.0234316 0.0429688 0.0165253
0 0.964603 0.280518 0.0702949 0.112305 0.0161591
0 0.20763 0.960938 0.0605317 0.0664062 0.0156708
0 0.954189 0.264893 0.0768037 0.0874023 0.014389
0 0.277274 0.657227 0.0390527 0.0527344 0.014389
0 0.790167 0.467285 0.0468633 0.0537109 0.014061
0 0.10707 0.602539 0.0439343 0.0527344 0.0135345
0 0.341711 0.586914 0.0637861 0.0566406 0.0133286
0 0.474491 0.413574 0.0403545 0.0537109 0.0126724
0 0.187779 0.484375 0.0709458 0.0742188 0.0119629
0 0.191684 0.580566 0.0436089 0.046875 0.0112457
0 0.453663 0.975586 0.0520703 0.0449219 0.0109863
0 0.331379 0.60437 0.497109 0.79126 0.0109482
0 0.781706 0.331543 0.0455615 0.0634766 0.0107803
0 0.322185 0.944336 0.080709 0.0996094 0.0103683
0 0.223089 0.474609 0.0426326 0.0625 0.00945282
0 0.318931 0.134766 0.0728984 0.125977 0.00933838
0 0.348871 0.589844 0.048165 0.0703125 0.763672
0 0.475467 0.47998 0.0384019 0.0595703 0.519531
0 0.697091 0.48877 0.0390527 0.0595703 0.490234
0 0.344315 0.583008 0.0702949 0.0839844 0.122925
0 0.210071 0.859375 0.3518 0.277344 0.111267
0 0.695139 0.505859 0.0390527 0.0664062 0.0646362
0 0.405172 0.210449 0.0410054 0.0546875 0.0623169
0 0.15735 0.535156 0.0384019 0.0527344 0.0579224
0 0.88129 0.572266 0.0416563 0.0625 0.0514526
0 0.219346 0.785156 0.343664 0.402344 0.0419312
0 0.882592 0.549805 0.0416563 0.0644531 0.0387573
0 0.783658 0.470215 0.0390527 0.0419922 0.0344849
0 0.803836 0.473633 0.0364492 0.0507812 0.0288086
0 0.348546 0.568359 0.0618335 0.105469 0.028595
0 0.276624 0.518555 0.0312422 0.0517578 0.0271149
0 0.407776 0.412109 0.0331948 0.0429688 0.0253296
0 0.263606 0.943848 0.184199 0.112305 0.0235138
0 0.550969 0.483398 0.0403545 0.0566406 0.023468
0 0.216417 0.480469 0.0390527 0.0576172 0.0220337
0 0.461473 0.868652 0.242127 0.256836 0.0219879
0 0.213163 0.705566 0.354729 0.549805 0.0214539
0 0.315676 0.560547 0.0520703 0.107422 0.0175781
0 0.461473 0.782715 0.246032 0.422852 0.0152512
0 0.210722 0.958008 0.0855906 0.0839844 0.0142822
0 0.333575 0.786133 0.522656 0.386719 0.0137939
0 0.73289 0.612305 0.0442598 0.0634766 0.0131226
0 0.261002 0.869141 0.307866 0.259766 0.0129242
0 0.28118 0.661133 0.037751 0.0527344 0.0119629
0 0.275973 0.485352 0.0416563 0.0625 0.00993347
0 0.486532 0.662598 0.05923 0.0712891 0.00978088
0 0.528514 0.401367 0.0338457 0.0419922 0.00926971
0 0.256121 0.89209 0.230411 0.21582 0.00926971
0 0.766735 0.407227 0.0312422 0.0390625 0.00891876
0 0.546087 0.508301 0.0436089 0.0605469 0.00831604
0 0.310144 0.958984 0.0800581 0.0820312 0.00746155
0 0.108046 0.734375 0.0462124 0.0625 0.00734711
0 0.443249 0.589355 0.037751 0.0419922 0.00712204
0 0.283458 0.84375 0.529165 0.302734 0.00703812
0 0.708156 0.485352 0.0546738 0.0625 0.00671768
0 0.42242 0.87793 0.169229 0.228516 0.00653839
0 0.533721 0.480469 0.048165 0.0605469 0.00540543
0 0.165974 0.535156 0.0624844 0.0683594 0.00484848
0 0.875432 0.581055 0.0520703 0.0703125 0.00481033
0 0.449106 0.46582 0.0559756 0.0634766 0.00452042
0 0.346918 0.412109 0.0351475 0.0371094 0.00419998
0 0.120087 0.609375 0.0605317 0.0693359 0.00419998
0 0.515496 0.650391 0.0559756 0.0742188 0.00390053
0 0.613779 0.348145 0.0312422 0.0439453 0.00379562
0 0.595066 0.610352 0.0465378 0.0634766 0.00379562
0 0.332599 0.958984 0.0715967 0.078125 0.00376511
0 0.353427 0.588867 0.048165 0.0595703 0.862305
0 0.479698 0.47168 0.0403545 0.0527344 0.84082
0 0.697742 0.479492 0.037751 0.0488281 0.687012
0 0.883894 0.544922 0.0416563 0.0566406 0.203125
0 0.785611 0.47168 0.0403545 0.0488281 0.142212
0 0.804486 0.467773 0.0364492 0.0527344 0.103394
0 0.879988 0.566895 0.0442598 0.0625 0.0927124
0 0.408752 0.412109 0.0312422 0.0371094 0.0875854
0 0.529165 0.401855 0.0286387 0.0341797 0.0572815
0 0.553247 0.477539 0.0338457 0.0507812 0.0483093
0 0.69644 0.502441 0.0403545 0.0664062 0.0403748
0 0.157513 0.529297 0.0357983 0.0449219 0.0302734
0 0.40745 0.200195 0.048165 0.0566406 0.0265045
0 0.602714 0.467773 0.0247334 0.0419922 0.0254669
0 0.73289 0.605469 0.0416563 0.0566406 0.0210876
0 0.275973 0.476074 0.0292896 0.0458984 0.0202179
0 0.564963 0.404297 0.0221299 0.0351562 0.0198364
0 0.441296 0.584961 0.0247334 0.0400391 0.0173035
0 0.322185 0.957031 0.0702949 0.0742188 0.0172424
0 0.774546 0.40625 0.0234316 0.03125 0.0170441
0 0.400941 0.0057373 0.71076 0.0114746 0.013588
0 0.274345 0.519531 0.021479 0.0419922 0.0127258
0 0.566265 0.00610352 0.748511 0.012207 0.0115967
0 0.658814 0.0174561 0.682371 0.0349121 0.0112457
0 0.706855 0.481445 0.0546738 0.0488281 0.00971222
0 0.877385 0.541016 0.0507686 0.0625 0.008255
0 0.343664 0.585938 0.0676914 0.0605469 0.00740433
0 0.113416 0.605469 0.0380764 0.0546875 0.00717545
0 0.537626 0.477539 0.0403545 0.0546875 0.00706482
0 0.354729 0.412109 0.0208281 0.0273438 0.00703812
0 0.200796 0.782227 0.331297 0.435547 0.0068512
0 0.296475 0.00622559 0.592951 0.0124512 0.00658798
0 0.652181 0.401367 0.0208281 0.0292969 0.0064888
0 0.728947 0.0597534 0.542107 0.119507 0.00619125
0 0.480674 0.664062 0.0397036 0.0585938 0.00559998
0 0.426651 0.414062 0.0357983 0.0419922 0.00521851
0 0.273369 0.958984 0.169229 0.0820312 0.00518036
0 0.657025 0.123779 0.685951 0.247559 0.00511932
0 0.350173 0.566406 0.0507686 0.0957031 0.0049057
0 0.69644 0.597656 0.0351475 0.0488281 0.00488663
0 0.484579 0 0.557803 0 0.00460815
0 0.929455 0.531738 0.0351475 0.0439453 0.0045929
0 0.192009 0.807617 0.384019 0.384766 0.00450516
0 0.363841 0.5 0.727683 1 0.00405502
0 0.360668 0 0.55699 0 0.00400543
0 0.220323 0.476562 0.0325439 0.0449219 0.00397491
0 0.606619 0 0.566265 0 0.0037365
0 0.441296 0.5 0.835729 1 0.0037365
0 0.233503 0 0.467006 0 0.00340271
0 0.43316 0.339844 0.0240825 0.0371094 0.00331116
0 0.349847 0.591309 0.0475142 0.0576172 0.772461
0 0.477745 0.478516 0.0351475 0.0390625 0.656738
0 0.693837 0.480957 0.0312422 0.0380859 0.557129
0 0.154258 0.53418 0.0331948 0.0371094 0.11676
0 0.881941 0.570312 0.0364492 0.0556641 0.114746
0 0.883894 0.550293 0.0364492 0.0498047 0.0853882
0 0.775848 0.472168 0.0260352 0.0302734 0.0794678
0 0.403545 0.412109 0.0273369 0.0273438 0.0598755
0 0.338132 0.581055 0.0663897 0.0673828 0.0380249
0 0.805788 0.472168 0.0234316 0.0341797 0.0301056
0 0.870225 0.576172 0.0403545 0.0527344 0.0290375
0 0.645672 0.412109 0.0234316 0.0253906 0.0285492
0 0.271417 0.525391 0.0221299 0.0332031 0.0249329
0 0.523307 0.405273 0.0234316 0.0253906 0.0236969
0 0.347244 0.567383 0.0553247 0.0957031 0.0219879
0 0.551945 0.48291 0.0312422 0.0449219 0.0177155
0 0.56301 0.40625 0.0182246 0.0214844 0.0133286
0 0.196403 0.964844 0.0553247 0.0625 0.0132217
0 0.691233 0.509766 0.0338457 0.0527344 0.012825
0 0.274996 0.476562 0.0247334 0.03125 0.0109024
0 0.872178 0.536133 0.0416563 0.0371094 0.0102463
0 0.76999 0.408691 0.0182246 0.0205078 0.0101318
0 0.432835 0.412598 0.0208281 0.0263672 0.0085144
0 0.224391 0.473633 0.0224553 0.0283203 0.0085144
0 0.597507 0.47168 0.0260352 0.0292969 0.00831604
0 0.317629 0.957031 0.0846143 0.0820312 0.00787354
0 0.222601 0.962891 0.0937266 0.0722656 0.00679779
0 0.272067 0.414062 0.0208281 0.0273438 0.00666809
0 0.285085 0.956055 0.145146 0.0839844 0.00579834
0 0.323812 0.556641 0.0384019 0.0820312 0.00577545
0 0.400291 0.466309 0.0234316 0.0253906 0.00570679
0 0.73289 0.609375 0.0364492 0.0507812 0.00568771
0 0.331297 0.958984 0.0585791 0.0703125 0.00566483
0 0.601412 0.408203 0.0156211 0.0195312 0.00536346
0 0.114229 0.604492 0.0371001 0.0449219 0.00521851
0 0.573424 0.59668 0.0390527 0.0517578 0.00519943
0 0.643068 0.465332 0.0182246 0.0224609 0.00475693
0 0.549993 0.508301 0.0338457 0.0537109 0.00469971
0 0.434462 0.342773 0.0221299 0.0283203 0.00419998
0 0.353102 0.409668 0.0175737 0.0185547 0.00419998
0 0.313073 0.40918 0.016272 0.0195312 0.00418091
0 0.476443 0.405273 0.0234316 0.0195312 0.00413513
0 0.715967 0.473145 0.0338457 0.0283203 0.00397491
0 0.443249 0.974609 0.0598809 0.0429688 0.00388527
0 0.228784 0.413574 0.0253843 0.0273438 0.00367928
0 0.350824 0.473633 0.0247334 0.0292969 0.00338936
0 0.490437 0.663086 0.0611826 0.0644531 0.00337601
0 0.279878 0.655273 0.037751 0.0429688 0.00332451
0 0.929455 0.757812 0.0937266 0.0996094 0.00332451
0 0.439669 0.582031 0.0279878 0.0429688 0.00331116
0 0.350824 0.582031 0.0468633 0.0605469 0.82373
0 0.476769 0.480469 0.037751 0.0507812 0.811035
0 0.695139 0.482422 0.0390527 0.0507812 0.731934
0 0.156211 0.526367 0.0364492 0.046875 0.253174
0 0.88129 0.567871 0.037751 0.0576172 0.197388
0 0.882592 0.553223 0.0416563 0.0615234 0.176147
0 0.313724 0.955078 0.0982827 0.0820312 0.162964
0 0.804486 0.47168 0.0338457 0.0478516 0.144165
0 0.73289 0.606445 0.0468633 0.0615234 0.127197
0 0.284434 0.954102 0.153607 0.0859375 0.118774
0 0.253192 0.955078 0.166625 0.0859375 0.0723877
0 0.199657 0.955078 0.0680168 0.078125 0.0630493
0 0.781055 0.46875 0.0312422 0.0429688 0.0579224
0 0.403545 0.408203 0.0273369 0.0341797 0.0524292
0 0.408101 0.198242 0.048165 0.0615234 0.0411377
0 0.874781 0.571289 0.0494668 0.0625 0.0393372
0 0.271417 0.514648 0.0312422 0.0488281 0.0385437
0 0.523307 0.401367 0.0247334 0.03125 0.0320435
0 0.551294 0.481445 0.0351475 0.0546875 0.0303345
0 0.645672 0.407227 0.0260352 0.0273438 0.0301514
0 0.565614 0.402344 0.0195264 0.0292969 0.026413
0 0.57733 0.59668 0.048165 0.0664062 0.0253754
0 0.877385 0.543945 0.0520703 0.0625 0.0251312
0 0.334552 0.17334 0.0579282 0.0654297 0.0250397
0 0.222763 0.472656 0.026686 0.0390625 0.0248871
0 0.489461 0.65332 0.0663897 0.0839844 0.0242767
0 0.445852 0.970703 0.0715967 0.0566406 0.0238647
0 0.929455 0.76123 0.075502 0.0849609 0.0226746
0 0.99955 0.633789 0.000900879 0.732422 0.0224152
0 0.60011 0.467773 0.0299404 0.0390625 0.0222931
0 0.349522 0.561523 0.0546738 0.0830078 0.0184784
0 0.275322 0.476562 0.0325439 0.0419922 0.0183411
0 0.474491 0.974609 0.0546738 0.0507812 0.0180969
0 0.17769 0.529297 0.0338457 0.0390625 0.0180511
0 0.774546 0.404297 0.0208281 0.0253906 0.0173798
0 0.294767 0.94043 0.139451 0.113281 0.0136337
0 0.435113 0.404297 0.0188755 0.0253906 0.0130234
0 1 0.726074 0 0.547852 0.0124283
0 0.936615 0.538574 0.0312422 0.0429688 0.0115967
0 0.268894 0.930664 0.18729 0.138672 0.0115051
0 0.342362 0.572266 0.0768037 0.0722656 0.0109024
0 0.693837 0.505859 0.0442598 0.0566406 0.0107346
0 0.604016 0.404785 0.0182246 0.0244141 0.0103302
0 0.589045 0.594727 0.0533721 0.0605469 0.0100098
0 0.355705 0.405273 0.0208281 0.0234375 0.00912476
0 0.431207 0.342285 0.0286387 0.0361328 0.0086441
0 0.324789 0.541992 0.0390527 0.0605469 0.00818634
0 0.726381 0.397461 0.0221299 0.0322266 0.0078125
0 0.400616 0.463867 0.0299404 0.0371094 0.00763702
0 0.983603 0.524902 0.0327939 0.0478516 0.00760651
0 0.476443 0.479492 0.0390527 0.0507812 0.934082
0 0.349522 0.592285 0.0494668 0.0595703 0.916016
0 0.692535 0.485352 0.0364492 0.0546875 0.883789
0 0.15556 0.536133 0.0367747 0.0449219 0.281494
0 0.883243 0.555176 0.042958 0.0605469 0.209473
0 0.88129 0.569336 0.0390527 0.0546875 0.182983
0 0.803185 0.474121 0.0338457 0.0488281 0.172729
0 0.40745 0.198242 0.0605317 0.0644531 0.0957031
0 0.268813 0.520508 0.0299404 0.0410156 0.0710449
0 0.402243 0.410156 0.0273369 0.0332031 0.0598755
0 0.728984 0.610352 0.0520703 0.0683594 0.0467224
0 0.525259 0.40918 0.0273369 0.0351562 0.0409851
0 0.598158 0.472656 0.0325439 0.0390625 0.0379639
0 0.316978 0.958008 0.0885195 0.078125 0.0350647
0 0.330647 0.179443 0.075502 0.0737305 0.0336609
0 0.787564 0.476562 0.0416563 0.046875 0.0328979
0 0.547715 0.486328 0.0416563 0.0605469 0.0302734
0 0.950934 0.260498 0.0846143 0.114258 0.0269165
0 0.643719 0.412598 0.0260352 0.0341797 0.0263062
0 0.775197 0.410156 0.0247334 0.0273438 0.024704
0 0.32609 0.963867 0.0657388 0.0722656 0.0233765
0 0.932059 0.541992 0.0325439 0.0390625 0.0211182
0 0.275973 0.482422 0.0364492 0.0546875 0.0192719
0 0.217719 0.962891 0.0768037 0.0703125 0.0184021
0 0.283132 0.960938 0.158164 0.078125 0.0167236
0 0.695139 0.494141 0.048165 0.0820312 0.0164032
0 0.433485 0.349121 0.0325439 0.0458984 0.0156708
0 0.346918 0.573242 0.0605317 0.101562 0.0112915
0 0.110975 0.603516 0.0410054 0.0507812 0.0112915
0 0.342362 0.583984 0.0715967 0.0664062 0.0112457
0 0.2034 0.957031 0.0709458 0.0664062 0.0107346
0 0.398989 0.471191 0.0299404 0.0390625 0.00993347
0 0.411355 0.206543 0.0611826 0.0693359 0.00888062
0 0.222601 0.479492 0.0305913 0.0429688 0.0088501
0 0.548691 0.510254 0.037751 0.0517578 0.00874329
0 0.605968 0.412109 0.0260352 0.0351562 0.00837708
0 0.274671 0.658203 0.0364492 0.0449219 0.00831604
0 0.354404 0.408203 0.0201772 0.0273438 0.00812531
0 0.876083 0.547852 0.0520703 0.0585938 0.00806427
0 0.367421 0.188477 0.164672 0.101074 0.00763702
0 0.560732 0.407227 0.0240825 0.0292969 0.00763702
0 0.398338 0.189941 0.085916 0.0898438 0.00746155
0 0.617684 0.351318 0.037751 0.0405273 0.00653839
0 0.438692 0.407715 0.0247334 0.0263672 0.0064888
0 0.876734 0.571289 0.0533721 0.0683594 0.00634003
0 0.328694 0.182617 0.100235 0.0961914 0.00455475
0 0.316327 0.412109 0.0247334 0.0292969 0.00443268
0 0.104954 0.735352 0.0426326 0.0595703 0.00388527
0 0.730286 0.35498 0.0312422 0.0410156 0.00363541
0 0.170042 0.539062 0.0536975 0.0449219 0.00337601
0 0.476443 0.481445 0.0416563 0.0527344 0.836914
0 0.350173 0.589844 0.0546738 0.0605469 0.814453
0 0.69644 0.484863 0.0390527 0.0566406 0.79248
0 0.157187 0.535156 0.0416563 0.0478516 0.243652
0 0.527537 0.40918 0.0305913 0.0390625 0.0605164
0 0.407125 0.197754 0.0553247 0.0610352 0.0433655
0 0.882592 0.575195 0.0364492 0.0449219 0.0423279
0 0.408101 0.411133 0.0357983 0.0429688 0.0403748
0 0.774546 0.40625 0.0260352 0.0351562 0.0358887
0 0.734842 0.604492 0.0468633 0.0625 0.0354919
0 0.334552 0.172852 0.0514194 0.0576172 0.0348816
0 0.646974 0.412598 0.0312422 0.0400391 0.0321045
0 0.886497 0.553711 0.0364492 0.0566406 0.0313721
0 0.228133 0.958984 0.0898213 0.0664062 0.0306702
0 0.775848 0.473145 0.0312422 0.0419922 0.0250854
0 0.271335 0.961426 0.1759 0.0771484 0.0245667
0 0.804486 0.467285 0.0312422 0.0429688 0.0198364
0 0.325439 0.176758 0.0611826 0.0683594 0.0196075
0 0.69644 0.510742 0.0390527 0.0488281 0.0167847
0 0.560732 0.407227 0.0240825 0.0371094 0.0166626
0 0.404521 0.189941 0.069644 0.0771484 0.0141144
0 0.341061 0.583008 0.0663897 0.0654297 0.0139542
0 0.551294 0.486328 0.0351475 0.0605469 0.0115509
0 0.273369 0.480957 0.037751 0.0556641 0.0108566
0 0.22016 0.476562 0.0344966 0.0478516 0.0086441
0 0.346593 0.568359 0.0579282 0.0878906 0.00769424
0 0.352776 0.40918 0.0312422 0.0332031 0.00731659
0 0.413308 0.206055 0.0559756 0.0688477 0.0068512
0 0.548691 0.512695 0.0364492 0.0449219 0.00677109
0 0.447805 0.975098 0.0846143 0.0498047 0.00658798
0 0.260921 0.941406 0.183711 0.113281 0.00636292
0 0.296882 0.964844 0.363028 0.0703125 0.00634003
0 0.728984 0.359863 0.0286387 0.0439453 0.00557709
0 0.471562 0.976074 0.0650879 0.0478516 0.00553513
0 0.869574 0.582031 0.0390527 0.0449219 0.00511932
0 0.601412 0.410645 0.0208281 0.0322266 0.00503922
0 0.432835 0.340332 0.0325439 0.0419922 0.00411606
0 0.430231 0.416992 0.0312422 0.0449219 0.00363541
0 0.211536 0.968262 0.423071 0.0634766 0.00353813
0 0.343664 0.188232 0.14059 0.0961914 0.00351143
0 0.479372 0.401855 0.0312422 0.0292969 0.00348282
0 0.687328 0.408203 0.0247334 0.0292969 0.00319672
0 0.330728 0.960938 0.486695 0.078125 0.00309944
0 0.356682 0.205811 0.153607 0.113281 0.00299263
0 0.319582 0.137268 0.0989336 0.139526 0.0028553
0 0.315676 0.414062 0.0292896 0.0351562 0.00284576
0 0.727032 0.848633 0.0403545 0.0390625 0.00269318
0 0.404196 0.187988 0.0846143 0.0917969 0.00265312
0 0.958094 0.268066 0.0650879 0.115723 0.00264168
0 0.272067 0.518066 0.0351475 0.0449219 0.00264168
0 0.350824 0.587891 0.0507686 0.0664062 0.838867
0 0.695139 0.482422 0.0390527 0.0625 0.715332
0 0.477745 0.479004 0.0390527 0.0537109 0.67041
0 0.154258 0.53418 0.0318931 0.0429688 0.408203
0 0.883243 0.554199 0.0494668 0.0722656 0.206909
0 0.882592 0.569336 0.0455615 0.0615234 0.117188
0 0.224228 0.957031 0.0722476 0.0820312 0.116333
0 0.547715 0.484375 0.0442598 0.0625 0.101929
0 0.303635 0.957031 0.108697 0.0859375 0.0847778
0 0.404196 0.412598 0.0312422 0.0439453 0.0726318
0 0.202261 0.955078 0.0686677 0.078125 0.0703125
0 0.777149 0.469727 0.0338457 0.0449219 0.0570679
0 0.732239 0.607422 0.0442598 0.0664062 0.053009
0 0.76999 0.404297 0.0234316 0.0351562 0.0397034
0 0.475792 0.974121 0.0559756 0.0517578 0.0376892
0 0.220648 0.478516 0.0318931 0.0507812 0.0353394
0 0.523307 0.408203 0.0299404 0.0390625 0.0322266
0 0.564312 0.403809 0.0273369 0.0380859 0.0297546
0 0.550644 0.508789 0.037751 0.0546875 0.0288086
0 0.69644 0.505859 0.0403545 0.0615234 0.0279083
0 0.111788 0.600586 0.0357983 0.0449219 0.0271149
0 0.326741 0.960938 0.0728984 0.078125 0.0258636
0 0.273044 0.474609 0.0338457 0.0507812 0.0233307
0 0.449757 0.973633 0.0748511 0.0527344 0.0231476
0 0.874781 0.575195 0.0507686 0.0625 0.0226746
0 0.407125 0.199219 0.0579282 0.0673828 0.02211
0 0.538602 0.474609 0.0442598 0.0566406 0.0197601
0 0.645672 0.413086 0.0312422 0.0429688 0.0193024
0 0.352776 0.405273 0.0260352 0.0332031 0.0174408
0 0.868272 0.537598 0.0468633 0.0664062 0.0161591
0 0.0649252 0.535645 0.0289641 0.0449219 0.0154266
0 0.803185 0.464844 0.0364492 0.0488281 0.0133286
0 0.60011 0.470703 0.0312422 0.0429688 0.0113297
0 0.0304286 0.543945 0.0312422 0.0527344 0.0110321
0 0.931408 0.542969 0.0507686 0.0625 0.0102081
0 0.928804 0.772461 0.0689932 0.0722656 0.00985718
0 0.297452 0.942383 0.120413 0.107422 0.00952148
0 0.345617 0.566406 0.0585791 0.0898438 0.00898743
0 0.22618 0.941406 0.107395 0.107422 0.00812531
0 0.313724 0.414062 0.0247334 0.0371094 0.00740433
0 0.601412 0.40625 0.0234316 0.0322266 0.00706482
0 0.272718 0.514648 0.0305913 0.0507812 0.00701141
0 0.275322 0.422363 0.0312422 0.0449219 0.00679779
0 0.478396 0.400879 0.0338457 0.0322266 0.00653839
0 0.323487 0.174805 0.0605317 0.0917969 0.00614548
0 0.336504 0.578125 0.0598809 0.0722656 0.00547028
0 0.331297 0.174805 0.0650879 0.0751953 0.00544739
0 0.908627 0.783203 0.0520703 0.0654297 0.00530243
0 0.428278 0.414551 0.0351475 0.0429688 0.00510025
0 0.898864 0.473633 0.0494668 0.0527344 0.00486755
0 0.478396 0.477051 0.0488159 0.0673828 0.774414
0 0.697091 0.485352 0.0403545 0.0585938 0.744629
0 0.354404 0.583984 0.0605317 0.0722656 0.585938
0 0.885846 0.556641 0.0507686 0.0673828 0.187134
0 0.550318 0.486816 0.0527212 0.0673828 0.184204
0 0.40745 0.40625 0.0384019 0.046875 0.14563
0 0.157187 0.529297 0.045887 0.0605469 0.0980835
0 0.886497 0.567383 0.0442598 0.0605469 0.0789185
0 0.282807 0.950195 0.152957 0.0898438 0.0463867
0 0.779102 0.470215 0.0351475 0.0439453 0.0428772
0 0.551294 0.505859 0.0442598 0.0585938 0.0404663
0 0.801232 0.461914 0.037751 0.0527344 0.0400085
0 0.428278 0.407227 0.0455615 0.0527344 0.0393372
0 0.566265 0.404297 0.0403545 0.0400391 0.0336609
0 0.22618 0.473633 0.0585791 0.0820312 0.0263519
0 0.69644 0.500977 0.0442598 0.0664062 0.0240479
0 0.264908 0.46875 0.0514194 0.0820312 0.0226288
0 0.350498 0.398438 0.0371001 0.0371094 0.0214539
0 0.771942 0.40625 0.0234316 0.0292969 0.0208893
0 0.64437 0.414551 0.0338457 0.0458984 0.0190887
0 0.601412 0.47168 0.0325439 0.0410156 0.0190582
0 0.52591 0.401367 0.0338457 0.0429688 0.0179901
0 0.539579 0.479004 0.048165 0.0595703 0.016922
0 0.425349 0.351074 0.0468633 0.0673828 0.0136337
0 0.711411 0.47998 0.048165 0.0527344 0.0135345
0 0.344315 0.574219 0.0742002 0.0722656 0.0115051
0 0.210885 0.953125 0.0826616 0.0820312 0.0108185
0 0.481 0.642578 0.0728984 0.107422 0.0105667
0 0.278576 0.937012 0.162069 0.125977 0.00974274
0 0.600761 0.405273 0.0247334 0.0322266 0.00955963
0 0.31112 0.40918 0.037751 0.0371094 0.00881195
0 0.876083 0.541016 0.0494668 0.0664062 0.00854492
0 0.47384 0.408691 0.0442598 0.0488281 0.00818634
0 0.877385 0.569336 0.0546738 0.0625 0.00800323
0 0.226343 0.454102 0.0712712 0.113281 0.00751877
0 0.730286 0.603516 0.0520703 0.0693359 0.00728989
0 0.2728 0.439453 0.0571146 0.0839844 0.00621796
0 0.353753 0.569336 0.069644 0.0957031 0.00524139
0 0.726381 0.396484 0.0260352 0.0371094 0.00436401
0 0.117809 0.598633 0.0546738 0.0585938 0.0041008
0 0.450734 0.96582 0.0930757 0.0664062 0.00359344
0 0.590998 0.597656 0.0559756 0.0820312 0.00353813
0 0.168578 0.532227 0.0709458 0.0722656 0.00348282
0 0.415586 0.377441 0.0637861 0.0917969 0.00336266
0 0.514845 0.625 0.075502 0.103516 0.00311089
0 0.643068 0.455078 0.0312422 0.0429688 0.00293541
0 0.471887 0.365234 0.0449106 0.0703125 0.00275803
0 0.202098 0.483398 0.0735493 0.0976562 0.00275803
0 0.301926 0.9375 0.132942 0.109375 0.00259018
0 0.524934 0.59375 0.0514194 0.0898438 0.00243378
0 0.478396 0.473145 0.0403545 0.0566406 0.796875
0 0.352776 0.588379 0.0527212 0.0615234 0.698242
0 0.69644 0.483887 0.0390527 0.0546875 0.65918
0 0.156211 0.532227 0.037751 0.0488281 0.275879
0 0.54804 0.484863 0.0442598 0.0654297 0.235107
0 0.882592 0.550781 0.0468633 0.0703125 0.203125
0 0.40745 0.409668 0.0325439 0.0390625 0.125488
0 0.291268 0.958984 0.135383 0.078125 0.0703125
0 0.258074 0.960938 0.138637 0.0742188 0.0700684
0 0.801883 0.463379 0.0364492 0.0517578 0.0658569
0 0.882592 0.567383 0.042958 0.0615234 0.0628052
0 0.564963 0.402344 0.0273369 0.0332031 0.0554199
0 0.525259 0.40332 0.0286387 0.0351562 0.0428772
0 0.324463 0.962891 0.0728984 0.0664062 0.0403137
0 0.782357 0.46875 0.0390527 0.0429688 0.0319214
0 0.646974 0.413086 0.0286387 0.0410156 0.0298157
0 0.446503 0.972656 0.075502 0.0507812 0.028656
0 0.774546 0.410156 0.0260352 0.0332031 0.0269165
0 0.428929 0.410156 0.0338457 0.0449219 0.021698
0 0.541531 0.478516 0.0494668 0.0644531 0.0193481
0 0.69644 0.50293 0.0468633 0.0634766 0.0173035
0 0.598646 0.47168 0.0315676 0.046875 0.0165253
0 0.211861 0.958984 0.080709 0.0625 0.0151901
0 0.477745 0.40332 0.0351475 0.0351562 0.0129242
0 0.601412 0.406738 0.0208281 0.0283203 0.012825
0 0.427627 0.352539 0.0364492 0.0556641 0.012146
0 0.549342 0.504395 0.0397036 0.0595703 0.0112
0 0.467982 0.975586 0.0709458 0.0488281 0.00978088
0 0.353102 0.402832 0.026686 0.0302734 0.00800323
0 0.727032 0.402344 0.0221299 0.0332031 0.00734711
0 0.713363 0.473633 0.042958 0.0527344 0.00731659
0 0.27044 0.478516 0.0390527 0.0605469 0.00619125
0 0.352451 0.564453 0.0624844 0.0917969 0.00551224
0 0.876734 0.538086 0.0520703 0.0703125 0.00538635
0 0.34399 0.581055 0.0728984 0.0664062 0.00538635
0 0.276054 0.939453 0.153445 0.115234 0.00498199
0 0.334552 0.17627 0.0676914 0.0664062 0.00479126
0 0.878687 0.573242 0.0546738 0.0566406 0.00462723
0 0.965904 0.283203 0.0546738 0.12207 0.00419998
0 0.409403 0.19873 0.0598809 0.0654297 0.00385475
0 0.22618 0.481934 0.0442598 0.0664062 0.00369263
0 0.113253 0.59668 0.037751 0.0449219 0.00363541
0 0.954189 0.270996 0.0624844 0.0908203 0.00302696
0 0.273369 0.51709 0.0390527 0.0585938 0.00298119
0 0.684074 0.410156 0.0234316 0.0253906 0.00293541
0 0.311771 0.408203 0.0286387 0.0332031 0.00288963
0 0.801232 0.416992 0.0351475 0.0419922 0.00246239
0 0.108046 0.732422 0.0455615 0.0566406 0.00234222
0 0.412006 0.210449 0.0650879 0.0761719 0.00232315
0 0.169554 0.539062 0.0559756 0.0546875 0.00230598
0 0.474816 0.478027 0.0403545 0.0576172 0.805176
0 0.348871 0.588867 0.0546738 0.0644531 0.76123
0 0.693186 0.485352 0.037751 0.0537109 0.667969
0 0.15556 0.530762 0.0436089 0.0556641 0.244385
0 0.879988 0.551758 0.0442598 0.0644531 0.213379
0 0.404196 0.413086 0.0325439 0.0429688 0.0797729
0 0.79993 0.464844 0.0364492 0.0488281 0.069519
0 0.547389 0.485352 0.0397036 0.0605469 0.0670776
0 0.880639 0.566406 0.0442598 0.0625 0.0524292
0 0.59946 0.46875 0.0312422 0.0410156 0.0463867
0 0.779753 0.467285 0.0338457 0.0419922 0.0428772
0 0.404196 0.197754 0.0650879 0.0673828 0.0313721
0 0.32967 0.182129 0.080709 0.0761719 0.0263519
0 0.695139 0.503906 0.0468633 0.0625 0.0212402
0 0.562359 0.40332 0.0208281 0.03125 0.0201721
0 0.360261 0.19751 0.15556 0.0932617 0.0199432
0 0.522981 0.408203 0.0260352 0.03125 0.0193024
0 0.243917 0.958008 0.120087 0.0742188 0.0164032
0 0.535022 0.476074 0.0403545 0.0546875 0.0158997
0 0.341061 0.189941 0.110649 0.0893555 0.0142822
0 0.769339 0.407715 0.0208281 0.0302734 0.0131226
0 0.443899 0.975586 0.0676914 0.0488281 0.0118256
0 0.34041 0.582031 0.0637861 0.0605469 0.00981903
0 0.59946 0.40625 0.0195264 0.0253906 0.00933838
0 0.641767 0.413086 0.0234316 0.0332031 0.00912476
0 0.298103 0.957031 0.120413 0.078125 0.0086441
0 0.330647 0.962891 0.0598809 0.0664062 0.0085144
0 0.346918 0.404297 0.0299404 0.0332031 0.0078125
0 0.379462 0.188965 0.114555 0.0800781 0.00734711
0 0.87413 0.540039 0.0468633 0.0664062 0.00725937
0 0.406799 0.210205 0.075502 0.081543 0.00651169
0 0.717269 0.46875 0.0286387 0.0419922 0.00626373
0 0.42958 0.411621 0.026686 0.0351562 0.00600433
0 0.210234 0.958008 0.0800581 0.0683594 0.00536346
0 0.27044 0.47998 0.0416563 0.0644531 0.00530243
0 0.976318 0.282471 0.0468633 0.119629 0.00519943
0 0.471236 0.977051 0.0585791 0.0458984 0.00496292
0 0.58693 0.598633 0.0497922 0.0664062 0.00448608
0 0.547389 0.506836 0.0410054 0.0546875 0.0042305
0 0.112114 0.601562 0.0471887 0.0527344 0.00413513
0 0.474165 0.402344 0.0299404 0.0292969 0.00402451
0 0.931408 0.540039 0.0325439 0.0458984 0.00402451
0 0.972413 0.305664 0.0390527 0.102051 0.00366402
0 0.950283 0.274658 0.0650879 0.0957031 0.00358009
0 0.350824 0.560547 0.0585791 0.0761719 0.00319672
0 0.958094 0.271484 0.0663897 0.121094 0.00265312
0 0.428604 0.349365 0.0338457 0.0541992 0.00257111
0 0.725079 0.398926 0.0208281 0.0322266 0.00253105
0 0.164672 0.538086 0.0598809 0.0566406 0.00252151
0 0.803185 0.515625 0.0390527 0.0566406 0.0024147
0 0.476443 0.475098 0.042958 0.0625 0.720215
0 0.349522 0.589844 0.0520703 0.0693359 0.661133
0 0.693837 0.48584 0.0416563 0.0546875 0.652344
0 0.156211 0.53125 0.0384019 0.0507812 0.412109
0 0.544786 0.484863 0.0468633 0.0644531 0.250977
0 0.406148 0.411133 0.0364492 0.0478516 0.214722
0 0.88129 0.55127 0.0442598 0.0634766 0.211426
0 0.799279 0.463867 0.0364492 0.0488281 0.0594177
0 0.781706 0.469727 0.037751 0.046875 0.0577087
0 0.88129 0.56543 0.042958 0.0625 0.0472412
0 0.565614 0.399414 0.0312422 0.0390625 0.0377502
0 0.526561 0.404297 0.0351475 0.0371094 0.0368958
0 0.596205 0.469727 0.0325439 0.0429688 0.0278015
0 0.640465 0.410156 0.0312422 0.0410156 0.0232849
0 0.598809 0.40332 0.0260352 0.03125 0.0210876
0 0.423722 0.411621 0.0390527 0.0439453 0.0159607
0 0.770641 0.403809 0.0234316 0.0332031 0.0156708
0 0.475792 0.403809 0.0410054 0.0380859 0.01297
0 0.236269 0.958008 0.0976318 0.0742188 0.0113754
0 0.332599 0.960938 0.0546738 0.0683594 0.0112
0 0.698393 0.499512 0.0468633 0.0693359 0.0105667
0 0.305913 0.956055 0.106093 0.078125 0.00971222
0 0.545762 0.500977 0.0449106 0.0664062 0.00923157
0 0.426977 0.342285 0.0364492 0.0493164 0.00912476
0 0.341711 0.580566 0.0670405 0.0712891 0.00619125
0 0.282156 0.957031 0.150353 0.0820312 0.00559998
0 0.726381 0.395508 0.0234316 0.0371094 0.0055542
0 0.874781 0.53418 0.0494668 0.0625 0.00516129
0 0.710109 0.478027 0.0442598 0.0498047 0.00510025
0 0.439994 0.972656 0.0650879 0.0507812 0.00416565
0 0.265559 0.481445 0.0423071 0.0605469 0.00407028
0 0.20584 0.957031 0.0702949 0.0703125 0.00353813
0 0.219834 0.484375 0.0452361 0.0625 0.00344276
0 0.407776 0.453613 0.0423071 0.0566406 0.00341606
0 0.928153 0.539062 0.0390527 0.046875 0.0030632
0 0.348871 0.402344 0.0338457 0.0371094 0.00305176
0 0.40745 0.200684 0.0598809 0.0654297 0.00293541
0 0.33325 0.179199 0.0624844 0.0703125 0.0027256
0 0.168578 0.539062 0.0520703 0.046875 0.00223351
0 0.47742 0.359863 0.0344966 0.0576172 0.00195694
0 0.683423 0.407227 0.0286387 0.0253906 0.00194931
0 0.309818 0.40918 0.0338457 0.0371094 0.00189686
0 0.351475 0.567383 0.05923 0.0878906 0.00189686
0 0.805137 0.513672 0.0416563 0.0654297 0.00175476
0 0.731588 0.607422 0.0494668 0.0605469 0.00168133
0 0.0310795 0.536621 0.0344966 0.0585938 0.00152493
0 0.470585 0.974609 0.0585791 0.0507812 0.00148392
0 0.274671 0.42334 0.0488159 0.0527344 0.00142097
0 0.271091 0.518555 0.0371001 0.0546875 0.00141048
0 0.799279 0.411133 0.0338457 0.0332031 0.00132465
0 0.477094 0.47998 0.0442598 0.0615234 0.744629
0 0.350824 0.587402 0.05923 0.0722656 0.72168
0 0.69644 0.488281 0.0390527 0.0527344 0.666992
0 0.158001 0.532227 0.0413308 0.0517578 0.361084
0 0.546087 0.483887 0.0455615 0.0654297 0.244385
0 0.880639 0.553711 0.0455615 0.0683594 0.202393
0 0.406474 0.416016 0.0325439 0.0410156 0.140869
0 0.800581 0.466797 0.0338457 0.0449219 0.101562
0 0.88129 0.566406 0.0442598 0.0605469 0.092041
0 0.261735 0.958984 0.167764 0.0820312 0.0514526
0 0.564963 0.402832 0.0247334 0.0302734 0.0499573
0 0.697742 0.500977 0.0442598 0.0644531 0.0486755
0 0.782357 0.472168 0.0338457 0.0390625 0.0397034
0 0.597344 0.474609 0.0315676 0.0429688 0.0392761
0 0.525259 0.408203 0.0299404 0.0302734 0.0324097
0 0.447154 0.970703 0.085916 0.0585938 0.0321045
0 0.641116 0.415039 0.0247334 0.0361328 0.0309601
0 0.769339 0.407227 0.0208281 0.0292969 0.0241852
0 0.316327 0.960938 0.0924248 0.078125 0.0210876
0 0.268813 0.481934 0.0416563 0.0634766 0.0183716
0 0.344315 0.581543 0.0728984 0.0771484 0.0160217
0 0.207305 0.959473 0.0823362 0.0810547 0.0158386
0 0.462124 0.973145 0.0794072 0.0537109 0.0150757
0 0.600761 0.405273 0.0208281 0.0234375 0.0147324
0 0.538602 0.483398 0.0449106 0.0566406 0.0137405
0 0.475792 0.399902 0.0338457 0.0292969 0.0134277
0 0.547389 0.502441 0.0442598 0.0625 0.0129242
0 0.220811 0.484863 0.0471887 0.0683594 0.0115051
0 0.876734 0.572266 0.0533721 0.0625 0.00912476
0 0.87413 0.543945 0.048165 0.0605469 0.0088501
0 0.428278 0.413574 0.0286387 0.0361328 0.00878143
0 0.730286 0.607422 0.0494668 0.0644531 0.00638962
0 0.311771 0.413086 0.0286387 0.0371094 0.00619125
0 0.27402 0.425781 0.0403545 0.0527344 0.00519943
0 0.272718 0.512695 0.0403545 0.0585938 0.00475693
0 0.274345 0.941406 0.168578 0.113281 0.00457382
0 0.717269 0.477051 0.0312422 0.0439453 0.00407028
0 0.223414 0.429199 0.051094 0.0615234 0.00388527
0 0.350824 0.568848 0.0637861 0.0898438 0.00379562
0 0.166625 0.539062 0.0572773 0.0566406 0.00338936
0 0.349522 0.405273 0.0273369 0.0292969 0.00293541
0 0.72573 0.398438 0.0208281 0.0302734 0.00287819
0 0.429255 0.343994 0.0279878 0.0385742 0.00279045
0 0.589696 0.600586 0.0546738 0.0722656 0.00232315
0 0.484254 0.639648 0.0742002 0.113281 0.00201988
0 0.417539 0.966797 0.0826616 0.0664062 0.00199509
0 0.23513 0.57373 0.416237 0.819336 0.00181007
0 0.928153 0.541016 0.0338457 0.046875 0.00168705
0 0.478396 0.363525 0.0247334 0.0512695 0.0016489
0 0.801883 0.412109 0.0286387 0.03125 0.00152493
0 0.348546 0.589844 0.054023 0.0644531 0.806152
0 0.475792 0.477539 0.0442598 0.0566406 0.793945
0 0.695139 0.485352 0.0416563 0.0507812 0.731934
0 0.155886 0.53125 0.0400291 0.0498047 0.408203
0 0.880639 0.554688 0.0455615 0.0644531 0.201782
0 0.546738 0.484863 0.0442598 0.0556641 0.178955
0 0.403545 0.416016 0.0364492 0.0429688 0.166138
0 0.880639 0.566406 0.042958 0.0595703 0.117554
0 0.799279 0.467773 0.0390527 0.0429688 0.0881958
0 0.772593 0.40625 0.0273369 0.0332031 0.0534058
0 0.526236 0.406738 0.0338457 0.0341797 0.049408
0 0.565939 0.404785 0.0273369 0.0332031 0.0455322
0 0.783658 0.474121 0.0390527 0.0429688 0.044342
0 0.219834 0.962891 0.0654133 0.0703125 0.0287628
0 0.643068 0.414551 0.0286387 0.0380859 0.025177
0 0.332274 0.966797 0.0559756 0.0625 0.0229797
0 0.59946 0.472656 0.0338457 0.0380859 0.0207977
0 0.309818 0.960938 0.0982827 0.0742188 0.0202942
0 0.439669 0.974609 0.0670405 0.0507812 0.0189056
0 0.406799 0.200195 0.0598809 0.0605469 0.0177155
0 0.69579 0.500977 0.0455615 0.0664062 0.0150757
0 0.282156 0.961914 0.153607 0.0742188 0.014061
0 0.60011 0.407227 0.0234316 0.0273438 0.0129242
0 0.876083 0.547363 0.0507686 0.0625 0.012825
0 0.343664 0.583984 0.0702949 0.0722656 0.0124283
0 0.267511 0.479492 0.0410054 0.0566406 0.0091629
0 0.469935 0.976562 0.0579282 0.046875 0.00834656
0 0.475792 0.402832 0.0390527 0.0302734 0.00800323
0 0.428929 0.413574 0.0299404 0.0380859 0.00720596
0 0.546738 0.504883 0.0416563 0.0566406 0.00701141
0 0.428278 0.344727 0.0338457 0.0478516 0.00542831
0 0.20763 0.962891 0.0657388 0.0664062 0.00494385
0 0.313073 0.413086 0.0299404 0.0371094 0.00492477
0 0.409403 0.211914 0.0676914 0.0703125 0.00471878
0 0.330647 0.181641 0.0663897 0.0717773 0.0045929
0 0.725079 0.396484 0.0260352 0.0351562 0.00453949
0 0.713363 0.480469 0.0390527 0.0488281 0.00443268
0 0.351475 0.40625 0.0286387 0.03125 0.00346947
0 0.405498 0.458496 0.037751 0.0449219 0.00268364
0 0.350173 0.568359 0.0572773 0.0898438 0.00200272
0 0.16695 0.539062 0.0585791 0.0527344 0.0018177
0 0.73289 0.608398 0.0455615 0.0566406 0.00175476
0 0.364492 0.205078 0.147099 0.0981445 0.00169373
0 0.274671 0.426758 0.0455615 0.0546875 0.00158501
0 0.398989 0.19043 0.075502 0.0771484 0.00154305
0 0.967206 0.283203 0.0546738 0.117188 0.00148392
0 0.270115 0.516602 0.037751 0.0527344 0.00143814
0 0.805788 0.516602 0.0416563 0.0605469 0.00143814
0 0.279878 0.935547 0.156211 0.105469 0.0014267
0 0.11488 0.601074 0.0475142 0.0566406 0.00134563
0 0.349847 0.586914 0.0572773 0.0722656 0.776855
0 0.47742 0.477539 0.0449106 0.0644531 0.740723
0 0.69579 0.486816 0.0390527 0.0546875 0.660156
0 0.156048 0.533203 0.0403545 0.0517578 0.401611
0 0.547715 0.486328 0.0455615 0.0625 0.228149
0 0.40387 0.415527 0.0344966 0.0449219 0.215332
0 0.882592 0.555176 0.0455615 0.0673828 0.146606
0 0.881941 0.566895 0.042958 0.0595703 0.117554
0 0.800581 0.46582 0.0364492 0.046875 0.0656128
0 0.260352 0.961914 0.158164 0.0761719 0.0603027
0 0.782357 0.47168 0.0338457 0.0429688 0.044342
0 0.566265 0.404785 0.0286387 0.0341797 0.0428772
0 0.52591 0.404785 0.0325439 0.0351562 0.0381775
0 0.317629 0.964844 0.0885195 0.0703125 0.0301056
0 0.26686 0.47998 0.0416563 0.0644531 0.0289764
0 0.643068 0.414062 0.0260352 0.0390625 0.0270081
0 0.771942 0.405273 0.0234316 0.0332031 0.0261993
0 0.598809 0.472656 0.0325439 0.0429688 0.0229797
0 0.441947 0.972656 0.0742002 0.0546875 0.0202179
0 0.69644 0.500977 0.0442598 0.0664062 0.0195007
0 0.539579 0.484375 0.0455615 0.0605469 0.0154877
0 0.408427 0.20166 0.054023 0.0615234 0.0143356
0 0.309818 0.413086 0.0299404 0.0380859 0.0142822
0 0.344315 0.579102 0.0702949 0.078125 0.0123825
0 0.547389 0.50293 0.042958 0.0605469 0.012146
0 0.477094 0.401367 0.037751 0.0332031 0.0118713
0 0.600761 0.405762 0.0221299 0.0273438 0.0100098
0 0.430231 0.414062 0.0286387 0.0410156 0.00955963
0 0.464728 0.974609 0.069644 0.0507812 0.00933838
0 0.221624 0.48584 0.0462124 0.0712891 0.00881195
0 0.877385 0.572266 0.0520703 0.0605469 0.00857544
0 0.209908 0.963867 0.0735493 0.0722656 0.00857544
0 0.874781 0.541016 0.0468633 0.0585938 0.00766754
0 0.352125 0.404785 0.0273369 0.0332031 0.00614548
0 0.167276 0.539551 0.0585791 0.0556641 0.00572968
0 0.717269 0.479492 0.0338457 0.0488281 0.00559998
0 0.27402 0.428711 0.0455615 0.0585938 0.00551224
0 0.27459 0.939453 0.173297 0.113281 0.00488663
0 0.429255 0.344482 0.0312422 0.046875 0.00460815
0 0.271091 0.510742 0.0390527 0.0625 0.00453949
0 0.731588 0.608398 0.0455615 0.0625 0.00426483
0 0.726381 0.396484 0.0234316 0.0341797 0.00349617
0 0.411355 0.212646 0.0611826 0.0717773 0.00317192
0 0.331948 0.178711 0.0585791 0.0693359 0.00300407
0 0.483929 0.636719 0.0689932 0.112305 0.00296974
0 0.406148 0.45459 0.037751 0.0527344 0.00293541
0 0.808392 0.516602 0.0390527 0.0644531 0.00263214
0 0.930757 0.538086 0.0338457 0.046875 0.0024929
0 0.479047 0.36377 0.0279878 0.0576172 0.00219154
0 0.320883 0.111084 0.048165 0.0693359 0.00184631
0 0.350824 0.586914 0.0572773 0.0722656 0.818359
0 0.477745 0.478516 0.0442598 0.0605469 0.76416
0 0.695139 0.486816 0.0390527 0.0537109 0.703125
0 0.155886 0.532227 0.0390527 0.0488281 0.462891
0 0.54804 0.486328 0.0442598 0.0605469 0.203125
0 0.403219 0.415039 0.0325439 0.0410156 0.193115
0 0.883243 0.554688 0.0442598 0.0644531 0.152588
0 0.882592 0.567383 0.0416563 0.0585938 0.125488
0 0.801883 0.467773 0.0364492 0.0449219 0.0690308
0 0.56659 0.402832 0.026686 0.0322266 0.0514526
0 0.781055 0.47168 0.0338457 0.0410156 0.0503235
0 0.525585 0.40332 0.0305913 0.0332031 0.0453491
0 0.257829 0.960938 0.150841 0.078125 0.0321655
0 0.285004 0.959961 0.148563 0.0800781 0.0278015
0 0.771942 0.405273 0.0234316 0.0322266 0.0276337
0 0.643068 0.413086 0.0260352 0.0371094 0.0268555
0 0.598809 0.472168 0.0325439 0.0410156 0.024231
0 0.444225 0.973633 0.0722476 0.0527344 0.0224609
0 0.268813 0.478516 0.0371001 0.0546875 0.0206909
0 0.326741 0.965332 0.0689932 0.0693359 0.0186462
0 0.69644 0.501953 0.0442598 0.0634766 0.0146179
0 0.31112 0.411133 0.0260352 0.0332031 0.0137405
0 0.469284 0.974609 0.0624844 0.0507812 0.0137405
0 0.539253 0.484375 0.0449106 0.0576172 0.0130234
0 0.600761 0.405273 0.0221299 0.0263672 0.0124283
0 0.350824 0.570312 0.0585791 0.09375 0.0117798
0 0.344315 0.579102 0.0702949 0.078125 0.0106964
0 0.876734 0.573242 0.0507686 0.0566406 0.00993347
0 0.547389 0.503906 0.042958 0.0605469 0.00952148
0 0.477745 0.400391 0.0351475 0.03125 0.00933838
0 0.870876 0.538086 0.0416563 0.0517578 0.00812531
0 0.208932 0.963379 0.0722476 0.0732422 0.00734711
0 0.431533 0.413086 0.026686 0.0371094 0.00712204
0 0.275322 0.420898 0.0344966 0.0429688 0.00669098
0 0.352125 0.404297 0.0247334 0.0292969 0.00557709
0 0.727683 0.396484 0.0234316 0.0332031 0.0046463
0 0.71857 0.478516 0.0312422 0.0478516 0.00455475
0 0.219997 0.480957 0.0390527 0.0566406 0.00450516
0 0.931408 0.540039 0.0325439 0.0429688 0.00400543
0 0.406148 0.457031 0.0371001 0.046875 0.00383949
0 0.272393 0.514648 0.0357983 0.0527344 0.00332451
0 0.430231 0.344238 0.0273369 0.0390625 0.00305176
0 0.27402 0.941406 0.167276 0.105469 0.00296974
0 0.170693 0.539062 0.0491414 0.046875 0.00291252
0 0.733541 0.608398 0.0455615 0.0605469 0.00255013
0 0.808392 0.519531 0.0364492 0.0546875 0.0024929
0 0.320883 0.543457 0.0416563 0.0634766 0.00194168
0 0.223251 0.419922 0.037751 0.0449219 0.00193405
0 0.408101 0.20166 0.0520703 0.0615234 0.00168133
0 0.686026 0.407227 0.0260352 0.0244141 0.00156689
0 0.350824 0.586914 0.0572773 0.0722656 0.818359
0 0.477745 0.478516 0.0442598 0.0605469 0.76416
0 0.695139 0.486816 0.0390527 0.0537109 0.703125
0 0.156048 0.532227 0.0387273 0.0488281 0.463867
0 0.54804 0.486328 0.0442598 0.0605469 0.202393
0 0.403219 0.415039 0.0325439 0.0410156 0.192505
0 0.883243 0.555176 0.0442598 0.0634766 0.151489
0 0.882592 0.567383 0.0416563 0.0585938 0.125488
0 0.801883 0.467773 0.0364492 0.0449219 0.0690308
0 0.56659 0.402832 0.026686 0.0322266 0.0514526
0 0.781055 0.47168 0.0338457 0.0410156 0.0507202
0 0.525585 0.40332 0.0305913 0.0332031 0.0453491
0 0.257748 0.960938 0.150353 0.078125 0.0319214
0 0.771942 0.405273 0.0234316 0.03125 0.0274811
0 0.285004 0.959961 0.148563 0.0800781 0.0274811
0 0.643068 0.413086 0.0260352 0.0371094 0.0272217
0 0.598809 0.472168 0.0325439 0.0410156 0.0241394
0 0.444225 0.973633 0.0722476 0.0527344 0.0223694
0 0.268813 0.478516 0.0371001 0.0546875 0.0206909
0 0.326741 0.965332 0.0689932 0.0693359 0.0185089
0 0.69644 0.501953 0.0442598 0.0634766 0.0146713
0 0.31112 0.411133 0.0260352 0.0332031 0.0138474
0 0.469284 0.974609 0.0631353 0.0507812 0.0138474
0 0.538928 0.484375 0.0455615 0.0576172 0.0130234
0 0.600761 0.405273 0.0221299 0.0273438 0.0124283
0 0.350498 0.570312 0.0585791 0.09375 0.0116882
0 0.344315 0.579102 0.0702949 0.078125 0.0106506
0 0.876734 0.573242 0.0507686 0.0566406 0.00993347
0 0.547389 0.503906 0.042958 0.0605469 0.00959778
0 0.477745 0.400391 0.0351475 0.03125 0.00930023
0 0.870876 0.538086 0.0416563 0.0517578 0.00815582
0 0.208932 0.963379 0.0722476 0.0732422 0.00728989
0 0.431533 0.413086 0.026686 0.0371094 0.00712204
0 0.275322 0.420898 0.0344966 0.0429688 0.00664139
0 0.352125 0.404297 0.0247334 0.0292969 0.00557709
0 0.727683 0.396484 0.0234316 0.0332031 0.00462723
0 0.71857 0.478516 0.0312422 0.0478516 0.00453949
0 0.219997 0.480957 0.0390527 0.0566406 0.00450516
0 0.931408 0.540039 0.0325439 0.0429688 0.00403976
0 0.406148 0.457031 0.0371001 0.046875 0.00382423
0 0.272393 0.514648 0.0357983 0.0527344 0.00333786
0 0.430231 0.344238 0.0273369 0.0390625 0.00307465
0 0.170693 0.539062 0.0491414 0.046875 0.00294685
0 0.27402 0.941406 0.167276 0.105469 0.00294685
0 0.73289 0.608398 0.0468633 0.0605469 0.00260162
0 0.808392 0.519531 0.0364492 0.0546875 0.00250244
0 0.320883 0.542969 0.0423071 0.0625 0.00192642
0 0.223251 0.419922 0.0374255 0.0449219 0.00191879
0 0.408101 0.20166 0.0520703 0.0615234 0.00163555
0 0.686026 0.407227 0.0260352 0.0244141 0.00156689
