0 0.436198 0.393808 0.0611979 0.09375 0.869141
0 0.224609 0.536892 0.0677083 0.0905671 0.734863
0 0.561849 0.394676 0.0598958 0.0949074 0.178345
0 0.226725 0.507957 0.0804036 0.129919 0.108215
0 0.440755 0.367188 0.0768229 0.134838 0.0878906
0 0.96875 0.53342 0.0598958 0.0928819 0.0592041
0 0.486979 0.818287 0.0690104 0.118056 0.0435181
0 0.74349 0.398438 0.0520833 0.0966435 0.0406799
0 0.218099 0.526042 0.0794271 0.125 0.0232849
0 0.34082 0.261574 0.0598958 0.087963 0.0211182
0 0.447917 0.348669 0.078125 0.161458 0.0184021
0 0.760417 0.606481 0.0494792 0.0625 0.0160217
0 0.638021 0.48206 0.704427 0.96412 0.0155411
0 0.855469 0.318287 0.0494792 0.0729167 0.0151291
0 0.5 0.5 1 1 0.0146179
0 0.5625 0.369792 0.0703125 0.12963 0.014061
0 0.5 0.5 1 1 0.01297
0 0.550456 0.38397 0.0735677 0.0972222 0.0127716
0 0.667806 0.331019 0.648763 0.662037 0.0120087
0 0.861979 0.394097 0.276042 0.788194 0.0118256
0 0.5 0.5 1 1 0.0115051
0 0.429362 0.333333 0.0865885 0.107639 0.0114212
0 0.554362 0.554398 0.0520833 0.0844907 0.0113297
0 0.494141 0.355035 0.16862 0.144676 0.0112
0 0.5 0.5 1 1 0.0109863
0 0.364909 0.558449 0.0638021 0.0740741 0.0101318
0 0.52946 0.5 0.941081 1 0.00955963
0 0.431966 0.377315 0.078776 0.12037 0.00930023
0 0.542969 0.353299 0.0963542 0.116898 0.00912476
0 0.491536 0.788194 0.0729167 0.125 0.00908661
0 0.650391 0.224971 0.691406 0.449942 0.00784302
0 0.385417 0.614583 0.0533854 0.0694444 0.00769424
0 0.736328 0.338831 0.527344 0.677662 0.00769424
0 0.665365 0.250579 0.664063 0.501157 0.00740433
0 0.621094 0.5 0.757813 1 0.00737381
0 0.966146 0.488715 0.0677083 0.161458 0.00734711
0 0.582031 0.5 0.835938 1 0.00731659
0 0.886719 0.263889 0.223958 0.527778 0.00723267
0 0.674805 0.5 0.650391 1 0.00717545
0 0.5 0.5 1 1 0.0069046
0 0.889648 0.102431 0.220703 0.204861 0.0068512
0 0.348958 0.221644 0.0729167 0.155093 0.00629044
0 0.538249 0.5 0.923503 1 0.00621796
0 0.336589 0.286458 0.0696615 0.106481 0.00602722
0 0.314128 0.176649 0.180339 0.264757 0.00593567
0 0.249349 0.49566 0.0742188 0.157986 0.00559998
0 0.590658 0.5 0.818685 1 0.0055542
0 0.5 0.5 1 1 0.00547028
0 0.5 0.5 1 1 0.00547028
0 0.630859 0.5 0.738281 1 0.00536346
0 0.220703 0.503617 0.0885417 0.124711 0.729492
0 0.747396 0.388889 0.0494792 0.087963 0.677246
0 0.967122 0.519531 0.0657552 0.106771 0.652344
0 0.434245 0.387153 0.061849 0.0821759 0.613281
0 0.856771 0.322338 0.0520833 0.0648148 0.50293
0 0.433594 0.358218 0.0729167 0.115741 0.270508
0 0.558268 0.390046 0.061849 0.0810185 0.155029
0 0.75651 0.604167 0.0651042 0.0833333 0.127686
0 0.557292 0.54456 0.0677083 0.0914352 0.11554
0 0.365885 0.544126 0.0755208 0.101562 0.113159
0 0.336914 0.2636 0.0553385 0.0763889 0.0974121
0 0.413411 0.323785 0.0611979 0.0943287 0.093689
0 0.139974 0.442998 0.0677083 0.109375 0.0648804
0 0.676432 0.51794 0.0611979 0.099537 0.0618896
0 0.345703 0.146846 0.0533854 0.0844907 0.0598755
0 0.961589 0.504774 0.0651042 0.113137 0.0574951
0 0.748698 0.365162 0.0703125 0.114583 0.0566406
0 0.247396 0.492477 0.0735677 0.136574 0.0501404
0 0.33138 0.27662 0.0507813 0.0914352 0.0492249
0 0.53418 0.385706 0.0579427 0.0804398 0.0415344
0 0.35026 0.844907 0.0520833 0.087963 0.0397949
0 0.214844 0.46412 0.0996094 0.178241 0.0333862
0 0.257243 0.247975 0.0571289 0.0758102 0.0302124
0 0.0268555 0.0449219 0.0537109 0.0898438 0.0284882
0 0.477214 0.346065 0.0572917 0.125 0.0271149
0 0.71875 0.228299 0.0442708 0.0677083 0.0269165
0 0.556966 0.359375 0.0735677 0.122685 0.023819
0 0.761719 0.235532 0.046875 0.0520833 0.0230255
0 0.334635 0.272859 0.0625 0.107639 0.0222015
0 0.346354 0.127604 0.0598958 0.123264 0.0217438
0 0.0490723 0.909722 0.0792643 0.138889 0.021698
0 0.453125 0.384838 0.0729167 0.0821759 0.0199127
0 0.279622 0.0535301 0.107422 0.10706 0.0189819
0 0.110636 0.436343 0.0645345 0.113426 0.0189819
0 0.392578 0.26331 0.0651042 0.0902778 0.0184784
0 0.287435 0.122106 0.13151 0.241898 0.0178528
0 0.813151 0.338831 0.0507813 0.0856481 0.0173035
0 0.377279 0.568287 0.0735677 0.12963 0.0173035
0 0.515625 0.241898 0.0416667 0.068287 0.0158386
0 0.263997 0.110677 0.0833333 0.221354 0.0157776
0 0.516276 0.336227 0.0625 0.113426 0.0156708
0 0.200684 0.456308 0.0963542 0.166088 0.0150757
0 0.152018 0.183015 0.0605469 0.0957755 0.0139542
0 0.492188 0.803241 0.0579427 0.118056 0.0138474
0 0.753255 0.565972 0.078125 0.118056 0.0137405
0 0.0308431 0.547454 0.0519206 0.107639 0.0131226
0 0.594401 0.156973 0.046875 0.125868 0.0117798
0 0.423828 0.317708 0.078125 0.210069 0.0117798
0 0.272868 0.0958478 0.10791 0.191696 0.0114212
0 0.100911 0.408565 0.0729167 0.0949074 0.0114212
0 0.217936 0.496238 0.070638 0.139468 0.642578
0 0.86263 0.318576 0.0520833 0.0746528 0.598145
0 0.745443 0.391204 0.0494792 0.0787037 0.542969
0 0.433919 0.386574 0.0546875 0.0775463 0.38501
0 0.484375 0.821759 0.0625 0.0902778 0.325928
0 0.347656 0.847222 0.0416667 0.0810185 0.204346
0 0.617839 0.14511 0.179688 0.29022 0.191284
0 0.96875 0.501302 0.0611979 0.122396 0.169434
0 0.399089 0.757523 0.0481771 0.0648148 0.148071
0 0.275391 0.0739294 0.102865 0.147859 0.117188
0 0.549479 0.546296 0.0520833 0.0787037 0.093689
0 0.659505 0.145833 0.158854 0.24537 0.0875854
0 0.568359 0.396991 0.0481771 0.0648148 0.0866089
0 0.275391 0.470486 0.0429688 0.0902778 0.0844727
0 0.258138 0.265336 0.0481771 0.0625 0.0708008
0 0.527995 0.252894 0.0507813 0.0636574 0.0680542
0 0.608724 0.181858 0.216146 0.3261 0.0618896
0 0.435221 0.343171 0.0657552 0.136574 0.0614319
0 0.526042 0.380787 0.0507813 0.0763889 0.0583496
0 0.142578 0.442708 0.0533854 0.087963 0.0552063
0 0.272217 0.118056 0.0766602 0.151331 0.0497742
0 0.199544 0.541088 0.0957031 0.190972 0.044342
0 0.821615 0.615162 0.0416667 0.0590278 0.0440063
0 0.366536 0.535301 0.0677083 0.0983796 0.0435181
0 0.114095 0.380787 0.135091 0.162616 0.0423279
0 0.249349 0.257234 0.047526 0.0596065 0.0392761
0 0.0613607 0.543981 0.0732422 0.0949074 0.0390625
0 0.486328 0.799769 0.0742188 0.115741 0.0371094
0 0.276693 0.768519 0.0390625 0.0821759 0.0368958
0 0.352865 0.717593 0.208333 0.315972 0.0321655
0 0.809896 0.101707 0.0598958 0.0963542 0.0320435
0 0.565755 0.318287 0.0559896 0.101852 0.0303345
0 0.927083 0.403356 0.0494792 0.0625 0.0293121
0 0.325521 0.851273 0.0703125 0.0914352 0.0290833
0 0.416667 0.309606 0.0559896 0.0833333 0.0282745
0 0.153158 0.605324 0.0602214 0.0833333 0.0257568
0 0.32194 0.294271 0.0345052 0.0578704 0.0255585
0 0.118123 0.336806 0.160238 0.237269 0.0254669
0 0.354818 0.127604 0.0644531 0.109375 0.0245667
0 0.523438 0.318287 0.0625 0.105324 0.0235138
0 0.720052 0.176071 0.0703125 0.144965 0.023468
0 0.347331 0.153791 0.0514323 0.0685764 0.0222473
0 0.332031 0.265046 0.0494792 0.0746528 0.0220337
0 0.339193 0.262731 0.0520833 0.0856481 0.0214081
0 0.366536 0.743056 0.231771 0.240741 0.0212402
0 0.242513 0.501302 0.0878906 0.1386 0.0210114
0 0.385417 0.180266 0.148438 0.227431 0.0205994
0 0.485677 0.320602 0.0429688 0.107639 0.0204163
0 0.10498 0.405093 0.154948 0.190972 0.0187683
0 0.411784 0.26765 0.0566406 0.0717593 0.0187225
0 0.220052 0.519531 0.0709635 0.12066 0.897461
0 0.429688 0.3886 0.0494792 0.0902778 0.861328
0 0.222819 0.498843 0.0804036 0.133102 0.771973
0 0.744792 0.392072 0.0455729 0.0688657 0.753418
0 0.859375 0.324653 0.0364583 0.0578704 0.616211
0 0.964844 0.527633 0.0572917 0.0975116 0.336426
0 0.329427 0.291088 0.046875 0.0775463 0.137085
0 0.435221 0.359664 0.0657552 0.125579 0.129883
0 0.556641 0.397569 0.0403646 0.0729167 0.124207
0 0.371419 0.548032 0.0644531 0.0914352 0.121704
0 0.33724 0.256366 0.0403646 0.0763889 0.107056
0 0.967448 0.506366 0.0651042 0.114583 0.0943604
0 0.266602 0.488715 0.0332031 0.101273 0.0930176
0 0.027832 0.0726635 0.0556641 0.11046 0.0479431
0 0.525716 0.24566 0.0292969 0.0416667 0.0426331
0 0.483724 0.821181 0.0566406 0.0891204 0.037262
0 0.476237 0.317708 0.0247396 0.0509259 0.0322876
0 0.337891 0.296875 0.0416667 0.0717593 0.026413
0 0.0281576 0.0542535 0.0563151 0.099537 0.0263062
0 0.0473633 0.899306 0.0598958 0.106481 0.0243835
0 0.400065 0.758102 0.0338542 0.0532407 0.021286
0 0.408854 0.313947 0.0494792 0.0625 0.0193024
0 0.351563 0.844907 0.0403646 0.0694444 0.0192413
0 0.548828 0.541667 0.046224 0.0775463 0.0166626
0 0.427734 0.377894 0.0703125 0.0891204 0.0161591
0 0.852865 0.376736 0.0364583 0.0584491 0.0158997
0 0.0559896 0.552662 0.0563151 0.0775463 0.0146713
0 0.188477 0.465278 0.121094 0.0983796 0.0121918
0 0.563802 0.326678 0.0364583 0.0549769 0.00985718
0 0.235352 0.527199 0.0859375 0.126157 0.00831604
0 0.925781 0.388889 0.0390625 0.0613426 0.00818634
0 0.528646 0.394965 0.046875 0.0700231 0.00723267
0 0.0500488 0.895255 0.0743815 0.135417 0.00723267
0 0.374349 0.587963 0.0677083 0.125 0.00701141
0 0.905599 0.391204 0.0351562 0.0532407 0.00582123
0 0.690104 0.307581 0.0273438 0.0393519 0.00564194
0 0.96224 0.494213 0.0729167 0.127315 0.00547028
0 0.0486654 0.733362 0.0973307 0.533275 0.00534439
0 0.263997 0.258391 0.0384115 0.0601852 0.00530243
0 0.0512695 0.864583 0.0823568 0.175926 0.00518036
0 0.338216 0.539207 0.151693 0.122975 0.0050621
0 0.0439453 0.54456 0.0712891 0.0949074 0.0049057
0 0.0183919 0.646412 0.0367839 0.707176 0.0046463
0 0.489258 0.79919 0.0735677 0.111111 0.00455475
0 0.345052 0.166956 0.0364583 0.0607639 0.00453949
0 0.315104 0.892361 0.0364583 0.0706019 0.00434875
0 0.24349 0.256944 0.0455729 0.0625 0.00408554
0 0.975586 0.865162 0.0488281 0.269676 0.00397491
0 0.723307 0.231771 0.0273438 0.052662 0.00390053
0 0.763021 0.237847 0.03125 0.0428241 0.00382423
0 0.222331 0.514468 0.0605469 0.116898 0.755859
0 0.858073 0.311343 0.0390625 0.0740741 0.591797
0 0.434896 0.3886 0.047526 0.0775463 0.552734
0 0.966797 0.523727 0.0572917 0.0925926 0.540039
0 0.747396 0.386574 0.0481771 0.0787037 0.504883
0 0.555339 0.397569 0.0390625 0.0694444 0.172119
0 0.320638 0.295139 0.0325521 0.0607639 0.119995
0 0.217122 0.489294 0.0670573 0.119792 0.113159
0 0.967448 0.505787 0.0598958 0.111111 0.111267
0 0.527344 0.252315 0.03125 0.0543981 0.0923462
0 0.921224 0.38831 0.0403646 0.0636574 0.0745239
0 0.145508 0.446759 0.0335286 0.0601852 0.0600891
0 0.395508 0.296296 0.03125 0.0601852 0.0564575
0 0.0581869 0.553241 0.0603841 0.0810185 0.0535889
0 0.755208 0.347801 0.0481771 0.106481 0.0456848
0 0.432943 0.34838 0.0481771 0.114583 0.0428772
0 0.914063 0.391493 0.046875 0.0758102 0.0421753
0 0.747396 0.355324 0.0546875 0.115741 0.0379639
0 0.365885 0.538194 0.0455729 0.0671296 0.0379028
0 0.246094 0.25463 0.0397135 0.056713 0.037323
0 0.262044 0.251157 0.030599 0.0561343 0.0354919
0 0.109049 0.31713 0.0384115 0.0520833 0.0308533
0 0.340495 0.25 0.0345052 0.0613426 0.0305023
0 0.538411 0.391782 0.0442708 0.0601852 0.0296478
0 0.0516764 0.908565 0.0486654 0.0856481 0.0294189
0 0.346354 0.841435 0.0390625 0.0648148 0.0271149
0 0.402669 0.755787 0.0364583 0.0671296 0.0270081
0 0.759115 0.598958 0.0546875 0.068287 0.0269165
0 0.329102 0.259259 0.0429688 0.0752315 0.0264587
0 0.690104 0.305845 0.0299479 0.046875 0.026062
0 0.769531 0.239583 0.0260417 0.0462963 0.0254669
0 0.485352 0.810764 0.0585938 0.087963 0.0254211
0 0.480143 0.310185 0.0266927 0.0538194 0.0241394
0 0.822917 0.612269 0.0390625 0.0578704 0.0236511
0 0.0605469 0.767361 0.0447591 0.0671296 0.0197601
0 0.596354 0.234954 0.0273438 0.0439815 0.0189056
0 0.155599 0.409722 0.0410156 0.0740741 0.0187683
0 0.869792 0.33912 0.106771 0.131944 0.0161591
0 0.186523 0.24537 0.0299479 0.0451389 0.0149002
0 0.554688 0.550347 0.0481771 0.0763889 0.0145569
0 0.0997721 0.402778 0.0517578 0.0810185 0.0144501
0 0.274089 0.166956 0.0377604 0.0523727 0.0133286
0 0.0640462 0.40162 0.050293 0.0833333 0.0132751
0 0.275391 0.456019 0.0345052 0.0752315 0.0131226
0 0.888021 0.249132 0.03125 0.0659722 0.0128708
0 0.400391 0.2636 0.0377604 0.0694444 0.012146
0 0.741536 0.583912 0.0572917 0.0787037 0.0119629
0 0.959635 0.484954 0.0625 0.116898 0.0112457
0 0.276042 0.770833 0.0423177 0.0740741 0.0111618
0 0.351888 0.297743 0.0201823 0.0613426 0.0108185
0 0.219076 0.515046 0.0651042 0.112269 0.657715
0 0.863281 0.324074 0.0364583 0.0630787 0.612305
0 0.747396 0.392361 0.0442708 0.0706019 0.604004
0 0.431641 0.384838 0.0423177 0.0833333 0.595703
0 0.966146 0.527199 0.0520833 0.087963 0.338135
0 0.217773 0.50217 0.0794271 0.134549 0.218018
0 0.526367 0.252315 0.0345052 0.0543981 0.15918
0 0.392008 0.840278 0.29541 0.273148 0.092041
0 0.394206 0.763889 0.311849 0.371528 0.055603
0 0.258789 0.259259 0.0384115 0.0671296 0.0520325
0 0.322266 0.29456 0.0325521 0.0578704 0.0287628
0 0.249186 0.256944 0.0445964 0.0625 0.0280609
0 0.5625 0.395833 0.0338542 0.0659722 0.0202942
0 0.430664 0.347222 0.0546875 0.109954 0.0200195
0 0.924479 0.398438 0.0390625 0.0607639 0.0193787
0 0.968099 0.505642 0.0611979 0.11603 0.0192719
0 0.480469 0.304398 0.0351562 0.0590278 0.0157776
0 0.237467 0.509259 0.085612 0.112269 0.014389
0 0.275391 0.399884 0.0429688 0.0671296 0.0135345
0 0.279297 0.156829 0.0345052 0.0535301 0.0125275
0 0.352214 0.109086 0.0364583 0.0572917 0.012146
0 0.595215 0.173466 0.0335286 0.051794 0.0115967
0 0.367839 0.549769 0.046875 0.0671296 0.0105667
0 0.313802 0.525463 0.0390625 0.0671296 0.0104065
0 0.392578 0.3125 0.0325521 0.0538194 0.01017
0 0.244954 0.484664 0.0888672 0.152199 0.00945282
0 0.91276 0.400463 0.0442708 0.0659722 0.00871277
0 0.696615 0.306713 0.0325521 0.0520833 0.00844574
0 0.351563 0.725839 0.427734 0.458044 0.00831604
0 0.352865 0.151042 0.03125 0.0613426 0.0078125
0 0.378825 0.798611 0.379069 0.337963 0.00743103
0 0.517578 0.306424 0.0338542 0.0607639 0.00698471
0 0.155436 0.446181 0.0478516 0.099537 0.00695801
0 0.597005 0.234375 0.03125 0.0457176 0.00653839
0 0.148112 0.168547 0.0345052 0.0685764 0.00636292
0 0.148112 0.23669 0.0390625 0.078125 0.00629044
0 0.534505 0.384838 0.0416667 0.0625 0.00619125
0 0.74349 0.358796 0.0651042 0.119792 0.006073
0 0.310547 0.477431 0.0546875 0.0960648 0.00605011
0 0.346354 0.306713 0.0390625 0.0752315 0.00591278
0 0.0556641 0.821759 0.0986328 0.3125 0.00588989
0 0.859375 0.353299 0.0416667 0.0891204 0.00542831
0 0.226888 0.434317 0.0748698 0.133681 0.00530243
0 0.423177 0.369213 0.0638021 0.0925926 0.00521851
0 0.319661 0.0894097 0.0377604 0.0688657 0.00508118
0 0.0498861 0.54456 0.065918 0.087963 0.00479126
0 0.265951 0.0942925 0.0657552 0.145327 0.0045929
0 0.763021 0.240162 0.0351562 0.0543981 0.0045929
0 0.323568 0.260417 0.0416667 0.068287 0.00452042
0 0.183757 0.403356 0.0445964 0.0844907 0.00452042
0 0.748698 0.383102 0.046875 0.0740741 0.81543
0 0.223958 0.511429 0.0722656 0.102141 0.799316
0 0.434896 0.375 0.0533854 0.0891204 0.792969
0 0.865885 0.305556 0.0416667 0.0659722 0.715332
0 0.96875 0.522569 0.0598958 0.0821759 0.551758
0 0.531901 0.248553 0.0325521 0.0457176 0.404541
0 0.554036 0.385417 0.0429688 0.0706019 0.312256
0 0.371419 0.556134 0.0546875 0.0868056 0.189575
0 0.324544 0.291667 0.0358073 0.0613426 0.137939
0 0.697917 0.306713 0.03125 0.056713 0.133911
0 0.243815 0.252894 0.0338542 0.0428241 0.121704
0 0.433919 0.358218 0.061849 0.124421 0.0977173
0 0.482096 0.301505 0.030599 0.0590278 0.0772095
0 0.273112 0.381944 0.0338542 0.0671296 0.0661011
0 0.266602 0.252894 0.0247396 0.0462963 0.0630493
0 0.966471 0.506366 0.0670573 0.121528 0.0621033
0 0.542969 0.384549 0.0520833 0.0752315 0.0534058
0 0.115234 0.315972 0.0299479 0.0381944 0.0470886
0 0.402669 0.302951 0.0358073 0.0584491 0.0354004
0 0.758464 0.596644 0.0546875 0.0659722 0.0345459
0 0.235026 0.503472 0.0904948 0.111111 0.033905
0 0.254476 0.482928 0.0834961 0.133681 0.0336609
0 0.922526 0.392361 0.0416667 0.0636574 0.0323486
0 0.150228 0.44213 0.039388 0.068287 0.0287628
0 0.330729 0.257523 0.0416667 0.0665509 0.0284424
0 0.768229 0.23669 0.0234375 0.0405093 0.0240021
0 0.650391 0.235532 0.0208333 0.0358796 0.0228882
0 0.337891 0.244213 0.0390625 0.0509259 0.019989
0 0.914714 0.398438 0.0442708 0.0740741 0.0174408
0 0.751302 0.34809 0.0546875 0.105903 0.016922
0 0.404297 0.248843 0.03125 0.0486111 0.012146
0 0.488932 0.813657 0.0546875 0.0787037 0.0116882
0 0.376953 0.572917 0.0638021 0.0949074 0.0115967
0 0.339844 0.291956 0.0494792 0.0729167 0.0104904
0 0.401042 0.762731 0.0403646 0.0717593 0.0104065
0 0.822266 0.600694 0.0351562 0.0578704 0.00981903
0 0.60612 0.30353 0.0195313 0.0451389 0.00948334
0 0.72526 0.229745 0.0182292 0.0439815 0.00926971
0 0.748698 0.365741 0.0533854 0.118056 0.00905609
0 0.426432 0.362847 0.0677083 0.0960648 0.00766754
0 0.753906 0.582176 0.0677083 0.0833333 0.00763702
0 0.45638 0.366319 0.0729167 0.099537 0.00674438
0 0.34375 0.840278 0.0651042 0.0833333 0.00674438
0 0.597656 0.235243 0.0234375 0.037037 0.00669098
0 0.864583 0.289062 0.0494792 0.104745 0.00658798
0 0.966146 0.745949 0.0598958 0.0914352 0.00619125
0 0.559245 0.238715 0.0240885 0.046875 0.00575256
0 0.561198 0.31713 0.0364583 0.0636574 0.0055542
0 0.753906 0.550926 0.0768229 0.105324 0.00551224
0 0.894531 0.247975 0.0221354 0.052662 0.00542831
0 0.219727 0.507523 0.0703125 0.118056 0.773926
0 0.745443 0.385995 0.0429688 0.0636574 0.694336
0 0.432292 0.369792 0.0546875 0.100116 0.643555
0 0.860677 0.310475 0.0338542 0.0480324 0.436768
0 0.748698 0.37963 0.0520833 0.0798611 0.180664
0 0.321615 0.289352 0.0403646 0.068287 0.161865
0 0.52832 0.253183 0.0345052 0.0434028 0.145142
0 0.966146 0.522569 0.0546875 0.0787037 0.128906
0 0.410807 0.3261 0.0598958 0.0972222 0.0800781
0 0.427083 0.34809 0.0742188 0.130208 0.0441895
0 0.526693 0.379919 0.0364583 0.0561343 0.0431213
0 0.326823 0.265336 0.0429688 0.0677083 0.0410767
0 0.560221 0.38831 0.0332031 0.0543981 0.0325317
0 0.692708 0.31713 0.0286458 0.0358796 0.02948
0 0.47526 0.303819 0.0338542 0.0613426 0.0287628
0 0.371094 0.548032 0.0546875 0.0613426 0.0242767
0 0.926432 0.394097 0.0377604 0.0520833 0.0241394
0 0.909505 0.396991 0.0390625 0.0520833 0.0206909
0 0.270508 0.385706 0.046875 0.083912 0.0190125
0 0.964844 0.501157 0.0677083 0.130787 0.0189819
0 0.333984 0.25463 0.0481771 0.0659722 0.0184784
0 0.646484 0.243056 0.0221354 0.0266204 0.0173035
0 0.333008 0.282986 0.0579427 0.0815972 0.0154266
0 0.225911 0.491898 0.10026 0.123843 0.0146179
0 0.40625 0.253183 0.0416667 0.0474537 0.014389
0 0.766927 0.241898 0.0208333 0.0324074 0.0141754
0 0.113281 0.319444 0.030599 0.0324074 0.0131226
0 0.241048 0.254051 0.0322266 0.0405093 0.0114212
0 0.25293 0.480035 0.0592448 0.112847 0.0106125
0 0.158854 0.452257 0.046224 0.0572917 0.00974274
0 0.483724 0.256655 0.0377604 0.0480324 0.0085144
0 0.262695 0.254051 0.0299479 0.0439815 0.00775528
0 0.750651 0.350116 0.0520833 0.0902778 0.00775528
0 0.52474 0.306134 0.0351562 0.0590278 0.00734711
0 0.757813 0.58912 0.0494792 0.0671296 0.00674438
0 0.430339 0.25463 0.046224 0.0532407 0.00582123
0 0.744792 0.587384 0.046875 0.0659722 0.00570679
0 0.593099 0.238137 0.0273438 0.0329861 0.00530243
0 0.72526 0.235532 0.0208333 0.0381944 0.00511932
0 0.96875 0.425926 0.0546875 0.163194 0.00492477
0 0.957682 0.47338 0.0846354 0.184028 0.00492477
0 0.352865 0.159433 0.0286458 0.0422454 0.00450516
0 0.229492 0.442708 0.0729167 0.144676 0.00446701
0 0.598958 0.307292 0.0208333 0.0353009 0.00411606
0 0.186523 0.249421 0.023763 0.0347222 0.00405502
0 0.555339 0.315394 0.0364583 0.0532407 0.00387001
0 0.861979 0.275174 0.0390625 0.0763889 0.00351143
0 0.0375977 0.534144 0.0514323 0.0752315 0.00345612
0 0.373047 0.543981 0.0625 0.0787037 0.00340271
0 0.916667 0.33941 0.119792 0.0931713 0.00325966
0 0.746745 0.377315 0.0507813 0.0891204 0.803711
0 0.21875 0.506944 0.0755208 0.107639 0.727051
0 0.432943 0.372975 0.0520833 0.0908565 0.695801
0 0.861979 0.309606 0.0390625 0.0590278 0.503906
0 0.966146 0.515046 0.0625 0.0983796 0.467773
0 0.270752 0.0499132 0.0965169 0.0998264 0.275879
0 0.484375 0.798611 0.0598958 0.0972222 0.204956
0 0.557943 0.384838 0.0397135 0.0717593 0.19812
0 0.375651 0.556713 0.0546875 0.0949074 0.177246
0 0.529948 0.25434 0.0325521 0.0515046 0.121277
0 0.436198 0.356481 0.0605469 0.111111 0.115967
0 0.0556641 0.893519 0.0501302 0.0798611 0.115173
0 0.476563 0.306134 0.0292969 0.052662 0.111633
0 0.921875 0.394676 0.0403646 0.0625 0.0930176
0 0.117025 0.311343 0.0328776 0.0439815 0.085083
0 0.91276 0.399884 0.0416667 0.0729167 0.0847778
0 0.348958 0.84375 0.0455729 0.0740741 0.062561
0 0.96875 0.741319 0.0546875 0.099537 0.0501404
0 0.374023 0.571181 0.0670573 0.107639 0.0397034
0 0.357422 0.460648 0.0377604 0.0520833 0.0381775
0 0.693359 0.302951 0.0364583 0.0457176 0.0354919
0 0.768229 0.236111 0.0234375 0.0405093 0.0350647
0 0.312826 0.289352 0.031901 0.0625 0.0350647
0 0.533203 0.380498 0.0377604 0.0636574 0.0343628
0 0.340169 0.239583 0.0371094 0.056713 0.0322876
0 0.647135 0.237269 0.0208333 0.0353009 0.0305023
0 0.35026 0.157118 0.0351562 0.0543981 0.0301056
0 0.244141 0.252025 0.0338542 0.0480324 0.0274353
0 0.492839 0.792245 0.0820313 0.128472 0.0273285
0 0.675781 0.516059 0.0481771 0.0720486 0.0266571
0 0.262044 0.258681 0.0345052 0.0555556 0.0261078
0 0.597656 0.183738 0.0286458 0.0480324 0.0242767
0 0.973958 0.386574 0.0442708 0.0636574 0.0235596
0 0.410482 0.328414 0.0553385 0.0821759 0.0227203
0 0.748698 0.355903 0.0585938 0.105324 0.0214844
0 0.329427 0.257523 0.0403646 0.0659722 0.0201416
0 0.867188 0.520833 0.0416667 0.0648148 0.0200958
0 0.360677 0.117766 0.0429688 0.068287 0.0171814
0 0.159505 0.443287 0.046224 0.0625 0.0161591
0 0.428385 0.367477 0.0722656 0.09375 0.0151291
0 0.722656 0.226562 0.0247396 0.0497685 0.0150757
0 0.0240072 0.0541811 0.0480143 0.101128 0.0149002
0 0.266195 0.0608001 0.0861003 0.11509 0.014389
0 0.888672 0.181424 0.0351562 0.0578704 0.013588
0 0.96582 0.49537 0.0683594 0.136574 0.0135345
0 0.191569 0.242477 0.0234375 0.0335648 0.0132217
0 0.597656 0.229745 0.0247396 0.0393519 0.0116425
0 0.526042 0.298032 0.0286458 0.0462963 0.0115051
0 0.963216 0.722801 0.0735677 0.143519 0.0106506
0 0.0458984 0.841435 0.0634766 0.106481 0.0105667
0 0.222005 0.506944 0.0742188 0.118056 0.88916
0 0.746094 0.384259 0.0520833 0.0763889 0.880371
0 0.432943 0.373264 0.0546875 0.0949074 0.859375
0 0.861979 0.322917 0.0364583 0.056713 0.811035
0 0.965495 0.515191 0.0638021 0.0992477 0.562012
0 0.484701 0.810185 0.0559896 0.0810185 0.181885
0 0.529622 0.255208 0.031901 0.0532407 0.160278
0 0.347005 0.848958 0.046875 0.0706019 0.117188
0 0.373047 0.568287 0.0585938 0.0972222 0.109314
0 0.596354 0.184462 0.0273438 0.0483218 0.0797729
0 0.316406 0.291088 0.0338542 0.0613426 0.0568542
0 0.472656 0.307292 0.0325521 0.0486111 0.0535889
0 0.115072 0.323495 0.0338542 0.0462963 0.0477905
0 0.560547 0.383102 0.0455729 0.0717593 0.0467224
0 0.889323 0.177951 0.03125 0.0486111 0.0404663
0 0.417643 0.328993 0.0611979 0.0833333 0.0399475
0 0.351237 0.158999 0.0351562 0.0584491 0.0378113
0 0.373047 0.581597 0.0664062 0.106481 0.0340881
0 0.261719 0.254051 0.0397135 0.0520833 0.0339661
0 0.69401 0.309606 0.03125 0.0393519 0.0314331
0 0.489583 0.798032 0.0696615 0.112269 0.0307922
0 0.755208 0.568866 0.0859375 0.112269 0.0259552
0 0.271159 0.0509259 0.0996094 0.101852 0.0239563
0 0.428711 0.36603 0.0709635 0.102431 0.0191193
0 0.338542 0.292245 0.0481771 0.0642361 0.0167847
0 0.244466 0.254919 0.0371094 0.0520833 0.0164032
0 0.969401 0.441551 0.0585938 0.16088 0.0164032
0 0.925781 0.393519 0.0364583 0.0509259 0.0154266
0 0.33724 0.255208 0.046875 0.0752315 0.0130692
0 0.595052 0.228009 0.0286458 0.0439815 0.0127258
0 0.151042 0.450231 0.0400391 0.0486111 0.0126266
0 0.269206 0.0804398 0.103516 0.16088 0.012146
0 0.563802 0.245949 0.03125 0.0480324 0.0108566
0 0.0306803 0.0700231 0.0613607 0.105613 0.0108185
0 0.0525716 0.90625 0.0558268 0.0868056 0.0107346
0 0.278646 0.177951 0.0429688 0.0665509 0.0102463
0 0.329102 0.265046 0.0423177 0.0734954 0.00989532
0 0.25293 0.0603299 0.0696615 0.12066 0.00963593
0 0.333659 0.855324 0.0716146 0.104167 0.00769424
0 0.747396 0.364294 0.0611979 0.128472 0.00636292
0 0.356771 0.125289 0.0403646 0.0798611 0.00591278
0 0.763672 0.247106 0.0299479 0.0497685 0.00572968
0 0.0611979 0.322338 0.0335286 0.0393519 0.00492477
0 0.533203 0.306713 0.0481771 0.068287 0.0049057
0 0.720052 0.225694 0.03125 0.0520833 0.00431442
0 0.559896 0.346644 0.046875 0.112269 0.00421524
0 0.645833 0.240162 0.0234375 0.0347222 0.00407028
0 0.815104 0.616898 0.0390625 0.0694444 0.00385475
0 0.540039 0.369792 0.061849 0.0815972 0.00340271
0 0.227539 0.498843 0.093099 0.136574 0.00317192
0 0.746094 0.387153 0.0429688 0.0636574 0.835938
0 0.221191 0.50463 0.0738932 0.100694 0.736328
0 0.861979 0.318287 0.0364583 0.0543981 0.719238
0 0.43099 0.373553 0.0507813 0.0763889 0.683594
0 0.967448 0.519097 0.0481771 0.0706019 0.408203
0 0.528646 0.255208 0.0332031 0.0509259 0.168823
0 0.475911 0.303819 0.03125 0.0474537 0.134277
0 0.318685 0.295428 0.0345052 0.0509259 0.11084
0 0.116211 0.321181 0.0371094 0.0497685 0.102295
0 0.430664 0.354745 0.047526 0.101852 0.076416
0 0.960938 0.528356 0.0533854 0.0659722 0.0745239
0 0.924479 0.400463 0.0338542 0.0601852 0.0256195
0 0.970052 0.503617 0.0533854 0.0969329 0.0222931
0 0.399414 0.300926 0.0292969 0.0486111 0.021698
0 0.691406 0.304398 0.0338542 0.0451389 0.0212402
0 0.647135 0.243634 0.0260417 0.041088 0.0183411
0 0.563477 0.244792 0.0227865 0.0451389 0.0100098
0 0.24056 0.258102 0.031901 0.0532407 0.00989532
0 0.227702 0.501302 0.0947266 0.115451 0.00898743
0 0.596354 0.188657 0.0299479 0.0532407 0.00834656
0 0.765625 0.237269 0.0260417 0.0405093 0.00812531
0 0.481771 0.813657 0.0481771 0.0659722 0.00701141
0 0.596354 0.235532 0.0286458 0.037037 0.00638962
0 0.0625 0.329572 0.0345052 0.0503472 0.00638962
0 0.980469 0.375 0.0338542 0.0474537 0.00631332
0 0.0284831 0.385127 0.0322266 0.0532407 0.00614548
0 0.327474 0.264468 0.0403646 0.0636574 0.006073
0 0.400391 0.258681 0.0351562 0.056713 0.00566483
0 0.0716146 0.402199 0.0429688 0.0659722 0.00526047
0 0.979818 0.963542 0.0403646 0.0636574 0.00503922
0 0.888021 0.174624 0.03125 0.0451389 0.00475693
0 0.523438 0.304977 0.0266927 0.0428241 0.00455475
0 0.232096 0.485243 0.09375 0.103588 0.00400543
0 0.342448 0.296875 0.0351562 0.0543981 0.00362206
0 0.486328 0.79456 0.0611979 0.0960648 0.00349617
0 0.344727 0.256076 0.0332031 0.0578704 0.00336266
0 0.0297852 0.469618 0.0397135 0.0572917 0.00328636
0 0.354167 0.162616 0.0364583 0.0532407 0.00318527
0 0.266602 0.250579 0.0279948 0.0462963 0.00314713
0 0.722656 0.231481 0.0260417 0.0439815 0.00304031
0 0.380208 0.547454 0.0481771 0.0787037 0.00301552
0 0.977214 0.337384 0.0325521 0.0572917 0.00300407
0 0.352214 0.84375 0.046875 0.0740741 0.00298119
0 0.417318 0.370949 0.0494792 0.0798611 0.00293541
0 0.0297852 0.33015 0.0315755 0.0578704 0.0024929
0 0.558594 0.380498 0.0338542 0.056713 0.0024147
0 0.479492 0.258681 0.03125 0.0509259 0.00240517
0 0.692708 0.898148 0.0416667 0.0555556 0.00237846
0 0.757813 0.33044 0.0390625 0.0613426 0.00236893
0 0.372396 0.552083 0.0507813 0.0775463 0.00230598
0 0.744792 0.385995 0.046875 0.0775463 0.799316
0 0.220215 0.510417 0.070638 0.107639 0.764648
0 0.863932 0.316551 0.0403646 0.0717593 0.762207
0 0.433919 0.374421 0.0514323 0.0925926 0.759277
0 0.963542 0.517361 0.0625 0.0960648 0.568848
0 0.530599 0.250868 0.0364583 0.0630787 0.341553
0 0.115234 0.318866 0.0338542 0.0520833 0.20752
0 0.431315 0.357639 0.0540365 0.116898 0.100891
0 0.320964 0.292824 0.0371094 0.0636574 0.0977173
0 0.210286 0.501157 0.069987 0.12963 0.0923462
0 0.239583 0.255787 0.030599 0.056713 0.0803833
0 0.560872 0.377315 0.0397135 0.0717593 0.0441895
0 0.0310059 0.390046 0.0333659 0.0636574 0.0405273
0 0.765625 0.239583 0.0273438 0.0474537 0.0378113
0 0.69401 0.893519 0.0338542 0.0555556 0.0367737
0 0.397135 0.303241 0.0364583 0.0578704 0.0363464
0 0.744792 0.584491 0.0572917 0.0798611 0.0245209
0 0.480794 0.824074 0.0429688 0.0659722 0.0235596
0 0.647135 0.236111 0.0286458 0.0428241 0.0220337
0 0.692708 0.303241 0.0390625 0.0584491 0.0218201
0 0.339193 0.293981 0.0403646 0.0625 0.0210419
0 0.473958 0.310185 0.0481771 0.056713 0.0190887
0 0.923177 0.400463 0.0481771 0.0717593 0.016922
0 0.0548503 0.907407 0.0533854 0.0833333 0.0156021
0 0.0572917 0.324942 0.0345052 0.0480324 0.0152512
0 0.0695801 0.405671 0.0437826 0.0734954 0.0141144
0 0.982422 0.96875 0.0351562 0.0625 0.0134277
0 0.595052 0.1875 0.03125 0.0578704 0.0130234
0 0.0324707 0.328125 0.0349935 0.0648148 0.0123367
0 0.972656 0.378472 0.0455729 0.0752315 0.0115967
0 0.404297 0.258102 0.0377604 0.0607639 0.0110703
0 0.0330404 0.467014 0.0397135 0.0555556 0.0109863
0 0.148926 0.441551 0.0406901 0.0648148 0.0109863
0 0.753906 0.582755 0.0625 0.0891204 0.0104065
0 0.265951 0.248843 0.0279948 0.0486111 0.00923157
0 0.596191 0.297454 0.0315755 0.0543981 0.00844574
0 0.325521 0.262153 0.0390625 0.0671296 0.00841522
0 0.595052 0.231192 0.03125 0.0439815 0.00837708
0 0.554036 0.243056 0.0325521 0.0555556 0.00834656
0 0.0987956 0.40625 0.0436198 0.0752315 0.00818634
0 0.0362956 0.833912 0.050293 0.0798611 0.00812531
0 0.750651 0.556713 0.0677083 0.101852 0.00803375
0 0.733724 0.553241 0.0494792 0.099537 0.00763702
0 0.187826 0.246528 0.0234375 0.0462963 0.00740433
0 0.966146 0.740741 0.0546875 0.103009 0.00701141
0 0.677083 0.51331 0.0442708 0.0706019 0.00669098
0 0.369141 0.545139 0.0481771 0.0740741 0.00548935
0 0.325846 0.895833 0.0397135 0.068287 0.00548935
0 0.526042 0.298032 0.0390625 0.0625 0.00544739
0 0.0347494 0.529514 0.0423177 0.0798611 0.00544739
0 0.746745 0.379919 0.0507813 0.0821759 0.78418
0 0.222005 0.501302 0.0768229 0.124711 0.751953
0 0.435547 0.368634 0.0566406 0.104167 0.726562
0 0.864583 0.314525 0.0416667 0.0758102 0.519531
0 0.969401 0.512731 0.0611979 0.0960648 0.438721
0 0.557292 0.373264 0.0546875 0.0972222 0.155029
0 0.534831 0.251157 0.0449219 0.0694444 0.150024
0 0.115885 0.319734 0.046224 0.0607639 0.0653687
0 0.53776 0.361979 0.0644531 0.101852 0.0476074
0 0.410807 0.305556 0.046875 0.0694444 0.0432129
0 0.318685 0.289931 0.0377604 0.0648148 0.0382385
0 0.242676 0.255787 0.0361328 0.0543981 0.0380249
0 0.527995 0.303241 0.061849 0.0810185 0.0335388
0 0.75 0.556713 0.0755208 0.130787 0.0294189
0 0.552409 0.341435 0.0566406 0.107639 0.0246582
0 0.544922 0.240451 0.046875 0.0578704 0.0240021
0 0.339844 0.254051 0.0455729 0.0740741 0.0207977
0 0.764323 0.234375 0.03125 0.0486111 0.0195007
0 0.64974 0.238426 0.03125 0.0416667 0.019165
0 0.469401 0.313079 0.046875 0.0792824 0.0188751
0 0.693359 0.302662 0.0416667 0.0625 0.0186462
0 0.424479 0.364005 0.0625 0.100694 0.0178528
0 0.34375 0.289931 0.0429688 0.0671296 0.0151901
0 0.720052 0.221644 0.03125 0.0578704 0.0124283
0 0.0973714 0.387153 0.0780436 0.125579 0.0113297
0 0.595703 0.231771 0.0351562 0.0497685 0.00898743
0 0.454427 0.359086 0.0638021 0.105903 0.0086441
0 0.402995 0.265914 0.0442708 0.0700231 0.00847626
0 0.152181 0.436343 0.0494792 0.0706019 0.00806427
0 0.595703 0.185475 0.0351562 0.0596065 0.0078125
0 0.0651042 0.394676 0.0693359 0.104745 0.00734711
0 0.0368652 0.379919 0.0419922 0.0758102 0.00728989
0 0.964193 0.504051 0.0638021 0.119213 0.00723267
0 0.261393 0.252894 0.0455729 0.0555556 0.00679779
0 0.748698 0.359954 0.0572917 0.116319 0.00674438
0 0.328776 0.262731 0.0416667 0.0694444 0.00658798
0 0.0657552 0.36169 0.0771484 0.123843 0.00600433
0 0.93099 0.395833 0.0494792 0.0613426 0.00598145
0 0.677083 0.509838 0.0533854 0.0821759 0.00582123
0 0.141927 0.395255 0.0660807 0.116898 0.00559998
0 0.0382487 0.471644 0.0485026 0.0729167 0.00526047
0 0.370443 0.53125 0.0664062 0.101852 0.00519943
0 0.351563 0.16088 0.0442708 0.0671296 0.00455475
0 0.971354 0.412037 0.0546875 0.15625 0.00391388
0 0.187174 0.252025 0.0371094 0.0549769 0.00337601
0 0.36263 0.390046 0.0559896 0.0659722 0.00333786
0 0.431641 0.290799 0.0605469 0.14294 0.00319672
0 0.0385742 0.338542 0.0449219 0.09375 0.00313568
0 0.595215 0.296296 0.0361328 0.056713 0.0028553
0 0.0364583 0.523148 0.0485026 0.0914352 0.00282288
0 0.222656 0.5 0.078125 0.121528 0.816406
0 0.434896 0.370949 0.0533854 0.0891204 0.789062
0 0.746094 0.382523 0.0442708 0.0688657 0.705566
0 0.863281 0.310475 0.0364583 0.0619213 0.657715
0 0.966146 0.520255 0.0546875 0.0868056 0.518555
0 0.531901 0.247685 0.0377604 0.0584491 0.309082
0 0.4375 0.359375 0.0625 0.122685 0.156128
0 0.336589 0.255787 0.046224 0.0821759 0.0621033
0 0.966797 0.508247 0.0625 0.113137 0.0600891
0 0.116211 0.319155 0.0377604 0.0480324 0.0535889
0 0.327474 0.289641 0.0423177 0.0630787 0.0518494
0 0.473958 0.303241 0.0338542 0.0543981 0.0462036
0 0.337891 0.287905 0.0455729 0.0688657 0.0413818
0 0.558919 0.376157 0.046875 0.0815972 0.0238647
0 0.649089 0.23669 0.0299479 0.0462963 0.0225372
0 0.593587 0.184028 0.0315755 0.0572917 0.0224152
0 0.595052 0.233218 0.03125 0.0520833 0.018158
0 0.55013 0.247396 0.0364583 0.056713 0.0179138
0 0.526693 0.293981 0.0442708 0.0636574 0.0153046
0 0.410156 0.306134 0.046875 0.0636574 0.0151291
0 0.352214 0.15408 0.0384115 0.0613426 0.0150757
0 0.692708 0.299479 0.0377604 0.0590278 0.014389
0 0.241374 0.25463 0.0341797 0.0520833 0.0136337
0 0.561849 0.30816 0.0390625 0.0677083 0.0117798
0 0.721354 0.223669 0.0286458 0.0561343 0.0105667
0 0.153971 0.44213 0.0452474 0.0636574 0.00933838
0 0.401042 0.257812 0.0403646 0.068287 0.00815582
0 0.763021 0.239583 0.0286458 0.0486111 0.00775528
0 0.0611979 0.33044 0.0481771 0.0636574 0.00769424
0 0.0729167 0.400463 0.0514323 0.0798611 0.00734711
0 0.102051 0.398148 0.0579427 0.0960648 0.00714874
0 0.0297852 0.37963 0.0309245 0.0601852 0.00638962
0 0.596191 0.29456 0.0315755 0.0543981 0.00624084
0 0.428385 0.365741 0.0703125 0.0931713 0.0050621
0 0.751302 0.352431 0.0520833 0.103009 0.00486755
0 0.361328 0.121238 0.0377604 0.0772569 0.0046463
0 0.97526 0.377894 0.0416667 0.0804398 0.00432968
0 0.264648 0.24537 0.0390625 0.0509259 0.00385475
0 0.268555 0.116319 0.0761719 0.198495 0.00346947
0 0.968099 0.740741 0.0494792 0.101852 0.00332451
0 0.925781 0.392072 0.0416667 0.056713 0.00331116
0 0.269531 0.098669 0.102214 0.197338 0.00328636
0 0.434245 0.244792 0.0423177 0.0590278 0.00323486
0 0.533854 0.371238 0.0520833 0.0862269 0.00319672
0 0.148763 0.402199 0.0511068 0.0891204 0.0029583
0 0.975911 0.334491 0.0351562 0.0636574 0.00291252
0 0.449544 0.364005 0.0703125 0.105324 0.00273705
0 0.371745 0.545139 0.0572917 0.0833333 0.00271416
0 0.0367025 0.332465 0.042806 0.0815972 0.00251198
0 0.486979 0.809606 0.0572917 0.0833333 0.00239754
0 0.222331 0.501302 0.0748698 0.110822 0.782227
0 0.747396 0.37963 0.046875 0.0787037 0.756836
0 0.861979 0.310475 0.0403646 0.0665509 0.721191
0 0.433919 0.366319 0.0559896 0.0925926 0.717773
0 0.966146 0.512876 0.0572917 0.0899884 0.510742
0 0.529297 0.251157 0.0384115 0.0613426 0.201172
0 0.473958 0.303241 0.0299479 0.0532407 0.11438
0 0.320313 0.29022 0.0416667 0.0642361 0.0800781
0 0.116211 0.320891 0.0371094 0.0520833 0.0592041
0 0.560547 0.371528 0.0507813 0.0844907 0.0544128
0 0.559245 0.312789 0.0416667 0.0671296 0.0379639
0 0.336589 0.247396 0.0416667 0.0700231 0.0324707
0 0.525065 0.29485 0.0410156 0.0659722 0.0323486
0 0.403646 0.303241 0.0358073 0.0543981 0.0297089
0 0.329102 0.264178 0.0436198 0.0711806 0.0212097
0 0.55013 0.241898 0.0338542 0.0497685 0.0155411
0 0.763021 0.235532 0.0286458 0.0451389 0.0145035
0 0.688802 0.29919 0.0364583 0.0578704 0.0140076
0 0.345378 0.155961 0.0338542 0.0538194 0.0123367
0 0.71875 0.220486 0.0286458 0.0538194 0.0115509
0 0.239909 0.258681 0.0292969 0.0532407 0.0107346
0 0.524089 0.358796 0.0546875 0.105324 0.0105286
0 0.644531 0.233507 0.0260417 0.0439815 0.00989532
0 0.341471 0.288194 0.0429688 0.0677083 0.00926971
0 0.751953 0.344329 0.0494792 0.0850694 0.0085144
0 0.589844 0.183015 0.0338542 0.0529514 0.00751877
0 0.593099 0.225116 0.0299479 0.046875 0.00737381
0 0.397135 0.260995 0.0351562 0.0636574 0.00734711
0 0.977865 0.368056 0.0377604 0.0636574 0.00526047
0 0.921875 0.395255 0.0416667 0.056713 0.00518036
0 0.458984 0.360822 0.0520833 0.103009 0.00502014
0 0.595052 0.298032 0.03125 0.0520833 0.00434875
0 0.744141 0.350694 0.0559896 0.0925926 0.00432968
0 0.0585124 0.325521 0.0369466 0.0509259 0.00376511
0 0.478516 0.257523 0.0325521 0.0601852 0.00351143
0 0.268311 0.0840567 0.0948893 0.162905 0.00346947
0 0.027832 0.0824291 0.0556641 0.125651 0.00335121
0 0.433919 0.243056 0.0351562 0.0497685 0.00332451
0 0.266276 0.152199 0.0579427 0.0908565 0.00309944
0 0.0294596 0.328125 0.0322266 0.0636574 0.0029583
0 0.690104 0.240741 0.0260417 0.0393519 0.00293541
0 0.0249023 0.380208 0.0291341 0.0630787 0.00277901
0 0.314128 0.168113 0.0208333 0.0451389 0.00275803
0 0.96224 0.500579 0.0638021 0.113426 0.00239754
0 0.260091 0.252025 0.0351562 0.0520833 0.00232315
0 0.150716 0.440104 0.046224 0.0642361 0.00214958
0 0.0323079 0.828704 0.0548503 0.087963 0.0020504
0 0.0242513 0.471354 0.0338542 0.0607639 0.00203514
0 0.232096 0.491898 0.0885417 0.118056 0.0019722
0 0.972005 0.742477 0.046875 0.09375 0.0019722
0 0.747396 0.37963 0.0442708 0.0763889 0.744629
0 0.222656 0.499711 0.077474 0.126736 0.710449
0 0.863281 0.311343 0.0390625 0.0659722 0.688477
0 0.434896 0.369213 0.0520833 0.0949074 0.688477
0 0.964844 0.516782 0.0520833 0.0914352 0.523438
0 0.532552 0.247106 0.0416667 0.0636574 0.323486
0 0.116211 0.318287 0.0426432 0.056713 0.0927124
0 0.24349 0.255498 0.0364583 0.0549769 0.0800781
0 0.471354 0.302083 0.0390625 0.0555556 0.0797729
0 0.325521 0.285301 0.046224 0.0729167 0.0552063
0 0.55599 0.367188 0.0494792 0.0925926 0.0535889
0 0.334635 0.248843 0.0442708 0.0688657 0.0486755
0 0.329427 0.262153 0.0455729 0.0729167 0.0408325
0 0.554688 0.313079 0.046224 0.0810185 0.0322266
0 0.591309 0.179977 0.0335286 0.0515046 0.0270081
0 0.544922 0.239583 0.0442708 0.0578704 0.0257568
0 0.526693 0.290509 0.0572917 0.0833333 0.0250397
0 0.644531 0.228588 0.03125 0.0503472 0.0220337
0 0.336263 0.285301 0.046875 0.0717593 0.0170441
0 0.407552 0.299769 0.0494792 0.0578704 0.0170441
0 0.254883 0.251157 0.0423177 0.0543981 0.0148392
0 0.591797 0.220558 0.0338542 0.0554109 0.0146179
0 0.522135 0.35706 0.0611979 0.113426 0.0109024
0 0.34668 0.151476 0.0358073 0.0543981 0.0105667
0 0.922526 0.396412 0.0416667 0.0578704 0.00847626
0 0.717448 0.218461 0.0338542 0.0572917 0.00806427
0 0.400716 0.260417 0.0429688 0.0671296 0.00725937
0 0.0597331 0.329861 0.0540365 0.0636574 0.005867
0 0.690104 0.298322 0.0416667 0.0642361 0.005867
0 0.0304362 0.377894 0.0380859 0.0775463 0.00436401
0 0.760417 0.233796 0.03125 0.0451389 0.00405502
0 0.723958 0.190104 0.0286458 0.0572917 0.0037365
0 0.976563 0.364583 0.0364583 0.0659722 0.00363541
0 0.0338542 0.329282 0.0416667 0.0758102 0.00352478
0 0.478516 0.252894 0.0390625 0.0613426 0.00344276
0 0.755208 0.579861 0.0520833 0.0891204 0.003088
0 0.42513 0.362847 0.0677083 0.103588 0.00298119
0 0.973307 0.335648 0.0377604 0.0619213 0.00294685
0 0.69401 0.234375 0.03125 0.0439815 0.00273705
0 0.752604 0.556713 0.0546875 0.087963 0.0027256
0 0.0960286 0.40162 0.0625 0.099537 0.00265312
0 0.181641 0.244792 0.0358073 0.0486111 0.00250244
0 0.35612 0.119213 0.0345052 0.0671296 0.00234222
0 0.432943 0.239005 0.0364583 0.0538194 0.00231361
0 0.0699056 0.404225 0.0568034 0.0844907 0.00230598
0 0.347656 0.853588 0.046224 0.0775463 0.00228691
0 0.751302 0.346065 0.0520833 0.0891204 0.00219917
0 0.483073 0.816551 0.0507813 0.0729167 0.00218201
0 0.273763 0.172743 0.0416667 0.0584491 0.00206757
0 0.64388 0.177662 0.0273438 0.0474537 0.00205803
0 0.436198 0.366898 0.0585938 0.0972222 0.804199
0 0.222982 0.5 0.0794271 0.127315 0.782715
0 0.748047 0.380787 0.0481771 0.0775463 0.764648
0 0.864583 0.315394 0.0416667 0.0671296 0.720215
0 0.967448 0.518519 0.0598958 0.0960648 0.595703
0 0.531901 0.252894 0.0377604 0.0555556 0.344238
0 0.115723 0.323495 0.0439453 0.0555556 0.187134
0 0.559896 0.366609 0.0546875 0.0989583 0.14563
0 0.243164 0.258102 0.0351562 0.0532407 0.117554
0 0.473307 0.304398 0.0338542 0.0543981 0.092041
0 0.335286 0.252315 0.0429688 0.0671296 0.064209
0 0.326172 0.285301 0.0455729 0.0706019 0.0579224
0 0.336914 0.287326 0.0449219 0.0671296 0.0445251
0 0.558268 0.313657 0.0455729 0.0729167 0.0390625
0 0.551432 0.247396 0.0338542 0.0486111 0.0370483
0 0.330078 0.265336 0.0442708 0.0711806 0.0349426
0 0.592448 0.18316 0.0286458 0.0474537 0.0281677
0 0.524089 0.291088 0.046875 0.072338 0.0232391
0 0.403646 0.300347 0.0410156 0.0520833 0.0224609
0 0.647135 0.232639 0.0286458 0.0405093 0.0206909
0 0.526042 0.358218 0.0625 0.113426 0.0187225
0 0.257161 0.252025 0.0384115 0.0515046 0.0113297
0 0.0606283 0.340278 0.059082 0.0775463 0.0113297
0 0.0963135 0.399016 0.0651855 0.111111 0.0109863
0 0.59375 0.227141 0.0299479 0.041088 0.01017
0 0.763021 0.235532 0.0286458 0.041088 0.0100937
0 0.348958 0.155671 0.03125 0.0460069 0.00978088
0 0.688802 0.296875 0.0390625 0.0590278 0.00871277
0 0.720052 0.220197 0.0286458 0.0515046 0.00818634
0 0.0727539 0.404514 0.0602214 0.09375 0.00717545
0 0.402018 0.261863 0.0358073 0.0619213 0.00669098
0 0.0338542 0.380208 0.0429688 0.0856481 0.0064888
0 0.751302 0.353588 0.0546875 0.101852 0.00582123
0 0.0366211 0.338252 0.0455729 0.0833333 0.00510025
0 0.45931 0.364005 0.0546875 0.100694 0.00471878
0 0.923177 0.396991 0.0442708 0.0648148 0.00468063
0 0.151693 0.438079 0.0429688 0.0636574 0.00450516
0 0.975911 0.365162 0.0390625 0.0694444 0.00419998
0 0.427734 0.363715 0.0729167 0.113426 0.00367928
0 0.36849 0.547454 0.0592448 0.0787037 0.00322342
0 0.885417 0.173322 0.03125 0.0462963 0.00321007
0 0.675781 0.518519 0.0494792 0.0763889 0.00288963
0 0.141602 0.404514 0.0488281 0.100694 0.00265312
0 0.97526 0.33912 0.0390625 0.068287 0.00256157
0 0.48112 0.255208 0.03125 0.0515046 0.00253105
0 0.970703 0.731481 0.0520833 0.122685 0.00252151
0 0.485677 0.811343 0.061849 0.0925926 0.00251198
0 0.0513509 0.908565 0.0688477 0.111111 0.00246239
0 0.96875 0.706019 0.0598958 0.162037 0.00243378
0 0.432943 0.243924 0.031901 0.0451389 0.00225258
0 0.433594 0.369792 0.0572917 0.0891204 0.856445
0 0.22168 0.501157 0.0755208 0.118056 0.855469
0 0.747396 0.378472 0.0494792 0.0810185 0.806152
0 0.861979 0.313657 0.0429688 0.068287 0.76416
0 0.966146 0.518519 0.0572917 0.0856481 0.70166
0 0.532552 0.252604 0.0416667 0.0596065 0.440674
0 0.335286 0.248843 0.0442708 0.0659722 0.119629
0 0.559245 0.370949 0.0533854 0.0891204 0.115967
0 0.590495 0.180556 0.0338542 0.0486111 0.0847778
0 0.471354 0.304977 0.0377604 0.0543981 0.0838623
0 0.330729 0.260995 0.046875 0.0706019 0.0720825
0 0.244141 0.258681 0.0377604 0.0543981 0.0589905
0 0.548177 0.248264 0.0403646 0.0532407 0.0510864
0 0.33724 0.287616 0.0455729 0.0659722 0.0394287
0 0.116211 0.322338 0.046224 0.0532407 0.0380249
0 0.527344 0.289352 0.0514323 0.0752315 0.033905
0 0.322917 0.287037 0.046875 0.0671296 0.0303802
0 0.559245 0.321181 0.0494792 0.0833333 0.0284882
0 0.407552 0.302662 0.047526 0.0555556 0.0233765
0 0.345703 0.157407 0.0403646 0.0572917 0.0165253
0 0.591797 0.223958 0.0364583 0.0497685 0.0136337
0 0.763021 0.235532 0.03125 0.0439815 0.0130692
0 0.257812 0.25463 0.0423177 0.0543981 0.0130234
0 0.71875 0.218461 0.0338542 0.0543981 0.00985718
0 0.403971 0.260995 0.0423177 0.0642361 0.0088501
0 0.651042 0.233507 0.0338542 0.0428241 0.00878143
0 0.535156 0.361111 0.0611979 0.103009 0.00857544
0 0.884766 0.171007 0.0338542 0.0462963 0.00818634
0 0.971354 0.732639 0.0520833 0.104167 0.00557709
0 0.427734 0.366609 0.0716146 0.104745 0.00548935
0 0.748047 0.363137 0.0585938 0.110532 0.00519943
0 0.688802 0.29919 0.0416667 0.056713 0.00455475
0 0.973958 0.374132 0.0429688 0.0706019 0.00395966
0 0.451172 0.368056 0.0716146 0.0925926 0.00382423
0 0.923177 0.391493 0.0442708 0.0578704 0.00378036
0 0.968099 0.709491 0.0625 0.144676 0.00358009
0 0.963542 0.50463 0.0651042 0.108796 0.00356483
0 0.0947673 0.401042 0.0721842 0.104167 0.00342941
0 0.273438 0.174769 0.0520833 0.0653935 0.00338936
0 0.72526 0.191551 0.0286458 0.0590278 0.00325966
0 0.481771 0.259838 0.0364583 0.0636574 0.00321007
0 0.267578 0.0787037 0.0878906 0.155961 0.00277901
0 0.322917 0.178096 0.0403646 0.0604745 0.00274658
0 0.0345052 0.384838 0.0410156 0.0792824 0.00228691
0 0.154297 0.441551 0.046224 0.0625 0.00225258
0 0.0348307 0.332176 0.0413411 0.0821759 0.00220871
0 0.184733 0.249421 0.0377604 0.0532407 0.00211525
0 0.649089 0.178964 0.0299479 0.0474537 0.00206757
0 0.432292 0.246238 0.0390625 0.0497685 0.00203514
0 0.966471 0.57581 0.0670573 0.177083 0.00201035
0 0.434245 0.369792 0.0559896 0.0943287 0.8125
0 0.220378 0.498843 0.078776 0.128472 0.806152
0 0.748047 0.379051 0.0481771 0.0787037 0.776855
0 0.861979 0.314236 0.0390625 0.0694444 0.725586
0 0.966146 0.519097 0.0572917 0.09375 0.601074
0 0.533203 0.254051 0.0377604 0.0590278 0.299805
0 0.559245 0.371528 0.0520833 0.09375 0.092041
0 0.471354 0.302083 0.0338542 0.0520833 0.0823975
0 0.243652 0.258681 0.0354818 0.0543981 0.0766602
0 0.335938 0.251157 0.0442708 0.0729167 0.0564575
0 0.115885 0.321759 0.0449219 0.0555556 0.0558167
0 0.32487 0.287037 0.0429688 0.0671296 0.0512695
0 0.33724 0.286458 0.046875 0.068287 0.0368347
0 0.330729 0.263889 0.0442708 0.0740741 0.0360107
0 0.593099 0.181134 0.0299479 0.0503472 0.03125
0 0.551432 0.245949 0.0338542 0.0509259 0.0311432
0 0.528971 0.29022 0.0436198 0.0711806 0.0270081
0 0.404297 0.299769 0.0384115 0.0520833 0.0190582
0 0.651042 0.23206 0.03125 0.0462963 0.018692
0 0.561198 0.320312 0.0436198 0.0810185 0.0178528
0 0.595052 0.224465 0.03125 0.0475984 0.0137939
0 0.258464 0.252894 0.0397135 0.0543981 0.0136871
0 0.403646 0.261863 0.0377604 0.0653935 0.0100555
0 0.765625 0.237558 0.0286458 0.0462963 0.00959778
0 0.530924 0.36169 0.0546875 0.103009 0.00888062
0 0.0942383 0.396991 0.0712891 0.115741 0.0068512
0 0.349609 0.157407 0.0358073 0.0535301 0.00666809
0 0.690104 0.297454 0.0364583 0.0590278 0.00609589
0 0.720703 0.218461 0.0286458 0.0549769 0.00591278
0 0.747396 0.362847 0.0546875 0.111111 0.00544739
0 0.923177 0.394097 0.0442708 0.0619213 0.00466537
0 0.44987 0.367766 0.0729167 0.100116 0.00399017
0 0.427083 0.363426 0.0703125 0.108796 0.00329781
0 0.0602214 0.345486 0.0660807 0.0925926 0.00317192
0 0.96875 0.728588 0.0520833 0.119213 0.00302696
0 0.0315755 0.380498 0.0367839 0.0792824 0.00290108
0 0.0724284 0.402778 0.0654297 0.0949074 0.00288963
0 0.97526 0.372685 0.0390625 0.0717593 0.00282288
0 0.144531 0.395255 0.0520833 0.112269 0.00275803
0 0.152995 0.438368 0.0429688 0.0653935 0.00261116
0 0.0339355 0.335648 0.0402018 0.0833333 0.00258064
0 0.965495 0.699074 0.0651042 0.164352 0.00256157
0 0.963542 0.502315 0.0651042 0.115741 0.00247192
0 0.434245 0.244213 0.0338542 0.0497685 0.00243378
0 0.482422 0.260417 0.031901 0.0619213 0.0024147
0 0.186198 0.248553 0.0332031 0.0520833 0.00215721
0 0.371094 0.549769 0.0546875 0.0787037 0.00214958
0 0.886719 0.1739 0.03125 0.0491898 0.00213242
0 0.595215 0.293981 0.0361328 0.0578704 0.00204277
0 0.275391 0.176649 0.0449219 0.0610532 0.00185299
0 0.435221 0.37066 0.0559896 0.0908565 0.842285
0 0.747396 0.37963 0.046875 0.0787037 0.805176
0 0.222168 0.499421 0.0777995 0.125 0.793945
0 0.861979 0.314236 0.0416667 0.068287 0.780762
0 0.967448 0.519097 0.0585938 0.0949074 0.618652
0 0.532552 0.253472 0.0364583 0.0561343 0.386719
0 0.472656 0.302662 0.0325521 0.0497685 0.0930176
0 0.560872 0.372396 0.0514323 0.0873843 0.0739746
0 0.242513 0.25897 0.0338542 0.052662 0.0673218
0 0.115885 0.319734 0.0403646 0.0515046 0.0646362
0 0.324544 0.287616 0.0423177 0.0648148 0.0481262
0 0.33724 0.251157 0.0416667 0.0642361 0.0422363
0 0.338542 0.289352 0.0429688 0.0625 0.0337219
0 0.329427 0.26331 0.0429688 0.068287 0.0327148
0 0.553385 0.246238 0.030599 0.0480324 0.0320435
0 0.529297 0.292245 0.0416667 0.0642361 0.0267029
0 0.593099 0.182292 0.0299479 0.0474537 0.02211
0 0.402995 0.29919 0.0364583 0.0497685 0.0214539
0 0.64974 0.234086 0.03125 0.0434028 0.0197601
0 0.563151 0.31713 0.0416667 0.0706019 0.0141144
0 0.595215 0.226562 0.0309245 0.0434028 0.0124817
0 0.403646 0.260995 0.0364583 0.0613426 0.0104904
0 0.691406 0.297454 0.0364583 0.0578704 0.00971222
0 0.765625 0.237269 0.0286458 0.0451389 0.00963593
0 0.260417 0.251736 0.0351562 0.0486111 0.00812531
0 0.752604 0.357639 0.0520833 0.108218 0.00714874
0 0.923177 0.394097 0.0429688 0.0625 0.0068512
0 0.721354 0.219039 0.0286458 0.0543981 0.00651169
0 0.528646 0.364005 0.0514323 0.09375 0.00570679
0 0.350586 0.158709 0.0332031 0.0483218 0.00439835
0 0.0966797 0.405671 0.0572917 0.0914352 0.00426483
0 0.485677 0.811921 0.0598958 0.087963 0.00415039
0 0.976563 0.370949 0.0390625 0.0694444 0.00362206
0 0.151367 0.439236 0.0410156 0.0613426 0.00355148
0 0.0302734 0.381655 0.0354818 0.0700231 0.00331116
0 0.96224 0.499711 0.0625 0.115162 0.00314713
0 0.435221 0.241609 0.0299479 0.0457176 0.00269318
0 0.0326335 0.332176 0.0377604 0.0740741 0.00260162
0 0.426432 0.364005 0.0703125 0.107639 0.00240517
0 0.454427 0.37037 0.0638021 0.0925926 0.00234222
0 0.0572917 0.333044 0.0481771 0.0659722 0.00232315
0 0.970052 0.729167 0.0520833 0.115741 0.00228691
0 0.481445 0.254051 0.0299479 0.0509259 0.00222588
0 0.149089 0.402199 0.0429688 0.0891204 0.00213242
0 0.0710449 0.407407 0.0525716 0.0787037 0.00206757
0 0.596191 0.295428 0.0341797 0.0549769 0.0020504
0 0.187174 0.248843 0.0292969 0.0462963 0.0019722
0 0.966797 0.699653 0.0638021 0.162037 0.00188923
0 0.370117 0.548611 0.0533854 0.0717593 0.00177479
0 0.975911 0.335359 0.0351562 0.0642361 0.00176144
0 0.434896 0.37066 0.0559896 0.0908565 0.842285
0 0.747396 0.37963 0.046875 0.0787037 0.805176
0 0.222168 0.499711 0.0777995 0.125579 0.79248
0 0.861979 0.314236 0.0416667 0.068287 0.780762
0 0.967448 0.519097 0.0598958 0.0949074 0.618652
0 0.532552 0.253472 0.0364583 0.0561343 0.387695
0 0.472656 0.302662 0.0325521 0.0497685 0.093689
0 0.561198 0.372106 0.0520833 0.0868056 0.0745239
0 0.242513 0.25897 0.0338542 0.052662 0.0673218
0 0.115885 0.319734 0.0406901 0.0515046 0.0643921
0 0.324219 0.287905 0.0429688 0.0642361 0.0484924
0 0.33724 0.251157 0.0416667 0.0642361 0.042572
0 0.338542 0.289352 0.0429688 0.0625 0.033844
0 0.329427 0.26331 0.0429688 0.068287 0.032959
0 0.553385 0.246238 0.030599 0.0480324 0.0321045
0 0.529297 0.292245 0.0416667 0.0642361 0.0267639
0 0.592285 0.182292 0.0289714 0.0474537 0.0220795
0 0.402995 0.29919 0.0364583 0.0497685 0.0216217
0 0.64974 0.234086 0.03125 0.0434028 0.019989
0 0.563151 0.317419 0.0416667 0.0706019 0.0141144
0 0.595215 0.226562 0.0309245 0.0434028 0.0124817
0 0.403646 0.260995 0.0364583 0.0613426 0.0104904
0 0.765625 0.237269 0.0286458 0.0451389 0.00967407
0 0.691406 0.297454 0.0364583 0.0578704 0.00967407
0 0.260742 0.251736 0.0351562 0.0486111 0.00806427
0 0.752604 0.357639 0.0520833 0.108218 0.00717545
0 0.923177 0.394097 0.0429688 0.0625 0.00695801
0 0.721354 0.21875 0.0286458 0.0543981 0.00653839
0 0.528646 0.364005 0.0514323 0.09375 0.00568771
0 0.350586 0.158854 0.0332031 0.0480324 0.00439835
0 0.0966797 0.405671 0.0572917 0.0914352 0.00426483
0 0.485677 0.8125 0.0598958 0.087963 0.00416565
0 0.976563 0.370949 0.0390625 0.0694444 0.00367928
0 0.151204 0.438947 0.0410156 0.0613426 0.00355148
0 0.0302734 0.381655 0.035319 0.0700231 0.00332451
0 0.96224 0.499711 0.0625 0.115162 0.00316048
0 0.435221 0.241609 0.0299479 0.0457176 0.00270462
0 0.0325521 0.332176 0.0377604 0.0740741 0.00260162
0 0.426432 0.364005 0.0703125 0.107639 0.0024147
0 0.454427 0.37066 0.0638021 0.0931713 0.00233269
0 0.0572917 0.332755 0.0478516 0.0659722 0.00230598
0 0.970052 0.729167 0.0520833 0.115741 0.00226974
0 0.48112 0.254051 0.0299479 0.0509259 0.00221634
0 0.149251 0.402199 0.0429688 0.0885417 0.00213242
0 0.596354 0.295428 0.0338542 0.0549769 0.00205803
0 0.0710449 0.407697 0.0525716 0.0787037 0.00205803
0 0.187174 0.248843 0.0292969 0.0462963 0.00197983
0 0.966797 0.699653 0.0638021 0.162037 0.00187492
0 0.370443 0.548611 0.0533854 0.0717593 0.00178242
0 0.975911 0.335359 0.0351562 0.0642361 0.00176811
