0 0.641927 0.482639 0.0794271 0.115741 0.869141
0 0.455078 0.946759 0.0885417 0.106481 0.451416
0 0.349284 0.40162 0.0735677 0.100694 0.42334
0 0.538411 0.46875 0.0664062 0.104167 0.378418
0 0.137044 0.627315 0.0696615 0.106481 0.303955
0 0.768229 0.677083 0.0598958 0.0949074 0.0984497
0 0.643229 0.467303 0.0807292 0.171875 0.0863037
0 0.463867 0.9375 0.0878906 0.116898 0.0587769
0 0.770833 0.638889 0.0625 0.104167 0.0518494
0 0.644531 0.330729 0.0585938 0.0833333 0.0483093
0 0.541341 0.4511 0.0729167 0.153356 0.0406189
0 0.442057 0.387731 0.0559896 0.0706019 0.0376892
0 0.977865 0.766782 0.0442708 0.0821759 0.0372009
0 0.94987 0.965856 0.0885417 0.068287 0.0294189
0 0.858724 0.385995 0.282552 0.771991 0.0258636
0 0.26888 0.349537 0.0540365 0.104167 0.0192719
0 0.13151 0.639468 0.0820313 0.113426 0.0179138
0 0.882813 0.200231 0.234375 0.400463 0.0178528
0 0.887695 0.131076 0.224609 0.262153 0.0174408
0 0.0263672 0.397859 0.0499674 0.104745 0.0171814
0 0.967448 0.96875 0.0625 0.0625 0.016922
0 0.348958 0.378183 0.0898438 0.152199 0.0155411
0 0.947266 0.468171 0.0768229 0.104167 0.0142822
0 0.752604 0.625 0.0911458 0.112269 0.0133286
0 0.315104 0.170862 0.0507813 0.0685764 0.0131226
0 0.265706 0.264178 0.0532227 0.103588 0.0124283
0 0.526693 0.692708 0.0520833 0.0555556 0.0124283
0 0.910156 0.179398 0.179688 0.358796 0.0111618
0 0.283529 0.903356 0.0683594 0.0787037 0.01017
0 0.0258789 0.555556 0.0504557 0.0972222 0.0101318
0 0.649089 0.500145 0.10026 0.194155 0.00997162
0 0.546875 0.5 0.90625 1 0.00974274
0 0.5625 0.247106 0.0377604 0.0740741 0.00948334
0 0.632813 0.498843 0.115885 0.241898 0.00930023
0 0.695313 0.80353 0.609375 0.39294 0.0088501
0 0.6875 0.591435 0.158854 0.162037 0.00871277
0 0.66276 0.5 0.674479 1 0.0086441
0 0.880859 0.328125 0.238281 0.65625 0.00828552
0 0.824219 0.541667 0.0481771 0.0694444 0.00800323
0 0.30599 0.859954 0.0585938 0.0671296 0.00769424
0 0.582682 0.5 0.834635 1 0.00757599
0 0.973633 0.0450666 0.0527344 0.0901331 0.00728989
0 0.649902 0.5 0.700195 1 0.00709534
0 0.613281 0.828704 0.773438 0.342593 0.00698471
0 0.269857 0.37963 0.0423177 0.0798611 0.00695801
0 0.0683594 0.0701678 0.129883 0.140336 0.00664139
0 0.51237 0.426505 0.170573 0.216435 0.00653839
0 0.0263672 0.491898 0.0519206 0.12963 0.00629044
0 0.5 0.5 1 1 0.00626373
0 0.302734 0.899306 0.0625 0.0671296 0.00624084
0 0.638021 0.483796 0.0755208 0.0914352 0.831055
0 0.138672 0.613426 0.0859375 0.126157 0.760742
0 0.346354 0.380787 0.0833333 0.104167 0.488281
0 0.454427 0.943287 0.0722656 0.113426 0.374756
0 0.826823 0.346644 0.0598958 0.09375 0.200562
0 0.306641 0.156539 0.0703125 0.10706 0.176636
0 0.636719 0.327257 0.0572917 0.0787037 0.165039
0 0.127563 0.590278 0.0970866 0.138889 0.154053
0 0.979167 0.769097 0.0416667 0.0763889 0.151489
0 0.341146 0.366898 0.0989583 0.143519 0.143188
0 0.628906 0.49537 0.0625 0.108796 0.140869
0 0.833333 0.35706 0.0572917 0.104167 0.138916
0 0.458659 0.936343 0.0957031 0.12037 0.136597
0 0.539062 0.45544 0.0501302 0.0949074 0.134277
0 0.960938 0.462384 0.0677083 0.0891204 0.11084
0 0.559245 0.223307 0.0377604 0.0672743 0.108582
0 0.764974 0.637731 0.0729167 0.116898 0.102295
0 0.436198 0.394097 0.0455729 0.0665509 0.0900879
0 0.0449219 0.556568 0.0872396 0.139178 0.0836182
0 0.544271 0.457465 0.0572917 0.0775463 0.0778198
0 0.945313 0.953993 0.0885417 0.0920139 0.0745239
0 0.0344238 0.547598 0.0655925 0.117766 0.0734253
0 0.0461426 0.331597 0.0834961 0.173611 0.0630493
0 0.546224 0.653356 0.0846354 0.12037 0.062561
0 0.269857 0.221933 0.0494792 0.0775463 0.0616455
0 0.733724 0.625579 0.0807292 0.107639 0.0552063
0 0.0314128 0.478009 0.0628255 0.125 0.0446777
0 0.47819 0.313657 0.0442708 0.0578704 0.0445251
0 0.301432 0.143374 0.0872396 0.149595 0.0378113
0 0.54362 0.429398 0.0638021 0.112269 0.036499
0 0.638021 0.431134 0.0833333 0.157407 0.0346069
0 0.0366211 0.384259 0.0703125 0.145833 0.0337219
0 0.467122 0.40162 0.0527344 0.0694444 0.0322266
0 0.0458984 0.440394 0.0917969 0.327546 0.0314941
0 0.237142 0.390625 0.0406901 0.0630787 0.02948
0 0.973307 0.0318287 0.0533854 0.0636574 0.0291443
0 0.491536 0.740741 0.0442708 0.0787037 0.0283356
0 0.942708 0.29919 0.0572917 0.0763889 0.0273743
0 0.406901 0.758102 0.0514323 0.0810185 0.024704
0 0.142578 0.307292 0.0504557 0.0844907 0.023468
0 0.0364583 0.296875 0.0722656 0.168981 0.0234222
0 0.624349 0.33478 0.0507813 0.0850694 0.0206909
0 0.3125 0.652778 0.0690104 0.0949074 0.02034
0 0.933594 0.258681 0.0546875 0.0873843 0.0197144
0 0.0701497 0.576968 0.121094 0.112269 0.0195312
0 0.972656 0.31684 0.0533854 0.0729167 0.0187988
0 0.264404 0.386574 0.0636393 0.0810185 0.0171051
0 0.0349935 0.571759 0.0625 0.12037 0.0156021
0 0.144206 0.590278 0.115234 0.164352 0.0146179
0 0.271484 0.305556 0.063151 0.177083 0.0142822
0 0.641927 0.482639 0.0755208 0.107639 0.759766
0 0.352539 0.384838 0.0800781 0.127315 0.542969
0 0.142253 0.619213 0.0800781 0.143519 0.478516
0 0.973307 0.976852 0.0494792 0.0462963 0.434082
0 0.340495 0.363426 0.105469 0.158565 0.433105
0 0.442383 0.956019 0.0598958 0.087963 0.289307
0 0.957031 0.468461 0.0625 0.0827546 0.265869
0 0.980794 0.758681 0.0384115 0.0613426 0.264404
0 0.314535 0.291377 0.167806 0.278356 0.215332
0 0.540039 0.225984 0.23763 0.429977 0.206909
0 0.496745 0.176071 0.139974 0.31684 0.182983
0 0.483398 0.74537 0.0442708 0.0625 0.149048
0 0.462891 0.947917 0.0690104 0.104167 0.141724
0 0.946615 0.967593 0.0677083 0.0648148 0.138428
0 0.314453 0.151476 0.0768229 0.11603 0.13208
0 0.30599 0.284722 0.145833 0.221065 0.13208
0 0.307292 0.24566 0.179688 0.353009 0.127686
0 0.770833 0.63831 0.0703125 0.128472 0.114746
0 0.597819 0.224826 0.200195 0.321181 0.113953
0 0.645833 0.338252 0.0520833 0.0630787 0.103027
0 0.921224 0.0831163 0.157552 0.166233 0.092041
0 0.768229 0.664931 0.0664062 0.134259 0.0859985
0 0.490234 0.262442 0.0950521 0.211227 0.0838623
0 0.297201 0.165943 0.13151 0.225984 0.0775146
0 0.457682 0.94213 0.10026 0.115741 0.0705566
0 0.152181 0.328704 0.0491536 0.0648148 0.0690308
0 0.0331217 0.524884 0.0662435 0.144676 0.0661011
0 0.483073 0.206308 0.171875 0.412616 0.0587769
0 0.876953 0.0865162 0.246094 0.173032 0.0583496
0 0.149577 0.0447772 0.0660807 0.0878183 0.0564575
0 0.434896 0.381366 0.0325521 0.0636574 0.0560303
0 0.267904 0.354745 0.0611979 0.125 0.0516663
0 0.359375 0.393519 0.0846354 0.101273 0.0463867
0 0.150391 0.611111 0.106771 0.159722 0.0462036
0 0.358073 0.854167 0.03125 0.0578704 0.0415344
0 0.473958 0.388889 0.0351562 0.0509259 0.0403137
0 0.972005 0.0690104 0.0559896 0.138021 0.0400085
0 0.071696 0.0496238 0.0952149 0.0992477 0.037323
0 0.599609 0.211733 0.154948 0.228154 0.0349426
0 0.472005 0.280961 0.130208 0.243634 0.033905
0 0.891927 0.166956 0.205729 0.333912 0.0316772
0 0.889323 0.078125 0.160156 0.15625 0.03125
0 0.566081 0.271991 0.123047 0.395833 0.0302734
0 0.0394694 0.471065 0.0789388 0.188657 0.0290375
0 0.529948 0.470775 0.0436198 0.0677083 0.0284424
0 0.0546061 0.474537 0.0952149 0.173611 0.0281067
0 0.0463867 0.524306 0.0817057 0.158565 0.0280151
0 0.947917 0.0836227 0.104167 0.167245 0.0271759
0 0.0953776 0.0601128 0.142578 0.120226 0.0255585
0 0.276693 0.976273 0.0442708 0.0474537 0.0244751
0 0.634115 0.482639 0.0651042 0.106481 0.906738
0 0.137044 0.619213 0.0742188 0.143519 0.84082
0 0.137695 0.599537 0.0826823 0.166667 0.387695
0 0.764323 0.666088 0.0651042 0.133102 0.374756
0 0.353516 0.393519 0.0729167 0.101852 0.363037
0 0.442057 0.962963 0.0507813 0.0740741 0.307373
0 0.548177 0.451389 0.0429688 0.0868056 0.286865
0 0.766927 0.644676 0.0716146 0.123843 0.279785
0 0.330078 0.397569 0.0664062 0.0856481 0.17334
0 0.306641 0.172164 0.0507813 0.087963 0.166138
0 0.0210775 0.546296 0.0421549 0.103009 0.14563
0 0.550781 0.414062 0.0390625 0.0908565 0.136597
0 0.944661 0.96441 0.0794271 0.0711806 0.0997925
0 0.467448 0.9375 0.0735677 0.111111 0.0812378
0 0.544596 0.45081 0.0592448 0.0949074 0.0775146
0 0.635417 0.328704 0.0390625 0.0648148 0.0663452
0 0.267253 0.250579 0.0390625 0.0590278 0.0568542
0 0.43099 0.390914 0.0364583 0.0584491 0.0544128
0 0.54362 0.404803 0.0559896 0.0868056 0.0526123
0 0.953125 0.974248 0.0729167 0.0515046 0.0474243
0 0.462565 0.953414 0.0690104 0.0931713 0.0462036
0 0.951823 0.472222 0.0572917 0.0729167 0.0451965
0 0.74349 0.627315 0.0859375 0.111111 0.0450134
0 0.0239258 0.587963 0.0478516 0.118056 0.0414734
0 0.021403 0.500579 0.042806 0.114583 0.0381775
0 0.561198 0.237558 0.0325521 0.0509259 0.0343628
0 0.0638021 0.574074 0.110026 0.159722 0.0307312
0 0.141602 0.322917 0.0390625 0.0625 0.0301514
0 0.097168 0.59838 0.151367 0.162037 0.02948
0 0.22819 0.390336 0.0380859 0.0561343 0.0291443
0 0.48112 0.470486 0.0377604 0.0625 0.0266113
0 0.458333 0.944444 0.0904948 0.111111 0.026413
0 0.374674 0.400463 0.0507813 0.0844907 0.0245667
0 0.214193 0.53125 0.0507813 0.0856481 0.0240936
0 0.154948 0.623843 0.093099 0.148148 0.0195312
0 0.978841 0.769676 0.0423177 0.0740741 0.0184326
0 0.201172 0.574074 0.0527344 0.145833 0.0175781
0 0.193034 0.978009 0.0390625 0.0439815 0.0147324
0 0.945313 0.9375 0.0989583 0.125 0.014389
0 0.276042 0.396991 0.0351562 0.0636574 0.0137405
0 0.027832 0.410012 0.0556641 0.130208 0.0133743
0 0.959635 0.476562 0.0546875 0.0792824 0.0133286
0 0.02771 0.32581 0.0554199 0.106481 0.0131226
0 0.695313 0.333912 0.0364583 0.0648148 0.0116882
0 0.0605469 0.524884 0.0947266 0.24537 0.0111618
0 0.96224 0.906829 0.0755208 0.186343 0.0108185
0 0.837891 0.381944 0.0416667 0.0700231 0.0102921
0 0.485026 0.756366 0.0507813 0.0763889 0.0101318
0 0.299479 0.175492 0.0885417 0.109086 0.0100098
0 0.346354 0.354167 0.0859375 0.149306 0.00993347
0 0.635417 0.483218 0.0625 0.101852 0.733398
0 0.137533 0.615741 0.061849 0.115741 0.600098
0 0.363281 0.391204 0.0559896 0.0925926 0.463867
0 0.447266 0.945023 0.0703125 0.109954 0.347656
0 0.461589 0.939236 0.0794271 0.121528 0.251709
0 0.947266 0.956597 0.0690104 0.0868056 0.250244
0 0.626953 0.492477 0.0638021 0.106481 0.234375
0 0.959635 0.956597 0.0651042 0.0868056 0.203125
0 0.635417 0.322338 0.0338542 0.0607639 0.185303
0 0.763021 0.664352 0.0520833 0.106481 0.15918
0 0.344401 0.346644 0.0664062 0.133102 0.145142
0 0.317708 0.390625 0.046875 0.0821759 0.131226
0 0.131185 0.596065 0.0621745 0.135417 0.111633
0 0.98112 0.768519 0.0377604 0.0671296 0.10968
0 0.954427 0.458333 0.0638021 0.087963 0.108215
0 0.532552 0.460359 0.0442708 0.0734954 0.0778198
0 0.764323 0.644676 0.0546875 0.104167 0.0761108
0 0.327474 0.332755 0.0540365 0.104167 0.0742188
0 0.304362 0.17173 0.0442708 0.0760995 0.069519
0 0.130371 0.623843 0.0673828 0.136574 0.0603027
0 0.947917 0.944444 0.0807292 0.111111 0.058136
0 0.484375 0.747685 0.0390625 0.0648148 0.0528259
0 0.564128 0.234375 0.0292969 0.0520833 0.0518494
0 0.127767 0.569444 0.0615234 0.106481 0.0455322
0 0.265951 0.244213 0.0325521 0.0474537 0.0405273
0 0.0681966 0.475116 0.0351562 0.0706019 0.0401001
0 0.0330404 0.546296 0.054362 0.0949074 0.0399475
0 0.550781 0.450231 0.0416667 0.0740741 0.0396423
0 0.200195 0.968171 0.0449219 0.0636574 0.036438
0 0.0513509 0.545139 0.0476888 0.0856481 0.0302124
0 0.697917 0.331019 0.0351562 0.0717593 0.0289307
0 0.0229492 0.471065 0.0419922 0.0671296 0.0284424
0 0.928385 0.95544 0.0885417 0.0891204 0.0273285
0 0.143555 0.322338 0.0325521 0.056713 0.0264587
0 0.240072 0.623843 0.0439453 0.0717593 0.0244751
0 0.358073 0.853588 0.0390625 0.0636574 0.0244293
0 0.282552 0.975984 0.0403646 0.0480324 0.023819
0 0.0344238 0.582755 0.0581055 0.108796 0.0208893
0 0.83724 0.366319 0.0442708 0.0717593 0.0207977
0 0.958333 0.936053 0.0833333 0.127894 0.0192719
0 0.957682 0.426505 0.0598958 0.107639 0.018158
0 0.752604 0.659722 0.0546875 0.099537 0.0168457
0 0.821615 0.339988 0.0494792 0.0769676 0.0167847
0 0.232096 0.390625 0.030599 0.0515046 0.0165863
0 0.48112 0.39728 0.0273438 0.0509259 0.0142822
0 0.0513509 0.394965 0.0413411 0.0688657 0.0139542
0 0.733073 0.616898 0.0520833 0.087963 0.0130692
0 0.0327148 0.395833 0.0533854 0.0954861 0.0127258
0 0.314453 0.857639 0.0507813 0.0671296 0.0125275
0 0.0712891 0.0477431 0.0888672 0.0954861 0.012291
0 0.136719 0.621528 0.0729167 0.12963 0.59082
0 0.635417 0.487847 0.0677083 0.107639 0.561035
0 0.359375 0.400463 0.0455729 0.0775463 0.263672
0 0.315755 0.400752 0.0397135 0.0711806 0.160767
0 0.440104 0.961806 0.0442708 0.0763889 0.125977
0 0.641927 0.328414 0.0364583 0.0590278 0.0685425
0 0.56543 0.232928 0.030599 0.0480324 0.0634766
0 0.145508 0.325231 0.0364583 0.0625 0.0587769
0 0.0247396 0.536892 0.0488281 0.109086 0.0501404
0 0.263672 0.247106 0.0345052 0.0497685 0.0438538
0 0.305013 0.167535 0.0377604 0.0706019 0.0381165
0 0.983398 0.774306 0.0332031 0.0671296 0.0368347
0 0.94401 0.971354 0.0768229 0.0572917 0.033905
0 0.457031 0.938657 0.078125 0.122685 0.0318604
0 0.47526 0.403356 0.0325521 0.0625 0.0296478
0 0.146484 0.619213 0.0996094 0.136574 0.0291443
0 0.133952 0.600116 0.0810547 0.175926 0.0244751
0 0.0243327 0.46412 0.0486654 0.137731 0.0219421
0 0.0275065 0.396412 0.055013 0.159722 0.0201721
0 0.0453288 0.540365 0.0753581 0.134549 0.0197906
0 0.438477 0.387731 0.0332031 0.0607639 0.0157776
0 0.332357 0.934896 0.284505 0.130208 0.0150146
0 0.529297 0.462674 0.0364583 0.0792824 0.0149002
0 0.375 0.404514 0.0507813 0.0752315 0.0142822
0 0.311198 0.917824 0.208333 0.164352 0.0134277
0 0.351888 0.912037 0.422526 0.175926 0.0126266
0 0.0467122 0.414931 0.0934245 0.233796 0.012146
0 0.0544434 0.474537 0.0737305 0.158565 0.0118713
0 0.0263672 0.327836 0.0527344 0.14294 0.0110703
0 0.521484 0.3125 0.030599 0.0428241 0.0110321
0 0.188477 0.322338 0.0286458 0.0532407 0.0108185
0 0.380941 0.881076 0.407389 0.237847 0.0105286
0 0.764323 0.68287 0.0520833 0.114583 0.0102921
0 0.346354 0.337384 0.0546875 0.099537 0.00898743
0 0.957031 0.972801 0.0755208 0.0543981 0.008255
0 0.0516764 0.385417 0.103353 0.331019 0.00809479
0 0.391602 0.930845 0.214193 0.13831 0.00800323
0 0.638021 0.180266 0.0338542 0.0613426 0.00787354
0 0.550781 0.444444 0.0429688 0.101273 0.0069046
0 0.15332 0.640046 0.0957031 0.118056 0.00658798
0 0.696615 0.333333 0.0338542 0.0659722 0.00609589
0 0.0320638 0.576968 0.0615234 0.130787 0.00572968
0 0.313721 0.893519 0.185059 0.171296 0.00534439
0 0.314453 0.328414 0.0390625 0.0856481 0.0053215
0 0.77474 0.104456 0.03125 0.0561343 0.00527954
0 0.35612 0.907407 0.324219 0.185185 0.00527954
0 0.288086 0.15842 0.0579427 0.0882523 0.00503922
0 0.953125 0.471644 0.0494792 0.0671296 0.00498199
0 0.856771 0.174769 0.0299479 0.0512153 0.00496292
0 0.240072 0.637731 0.0458984 0.0902778 0.00486755
0 0.136393 0.612269 0.0768229 0.128472 0.827637
0 0.636719 0.480035 0.0677083 0.10706 0.813965
0 0.361654 0.388889 0.047526 0.0752315 0.435059
0 0.639974 0.319734 0.03125 0.052662 0.42334
0 0.31901 0.388889 0.0390625 0.0648148 0.394287
0 0.441406 0.95978 0.0546875 0.0804398 0.205566
0 0.957031 0.457465 0.0520833 0.0746528 0.149048
0 0.149089 0.322338 0.0315755 0.0474537 0.14563
0 0.554036 0.440394 0.0442708 0.0798611 0.117554
0 0.94401 0.968461 0.0677083 0.0630787 0.11084
0 0.481445 0.393519 0.0247396 0.0457176 0.0957031
0 0.569661 0.230903 0.0286458 0.046875 0.0758667
0 0.98112 0.763889 0.0377604 0.0763889 0.0710449
0 0.526693 0.453993 0.0338542 0.0729167 0.0630493
0 0.149577 0.615741 0.0869141 0.131944 0.0481262
0 0.438477 0.384838 0.0299479 0.056713 0.0451965
0 0.761719 0.671296 0.0572917 0.099537 0.0448608
0 0.231283 0.390625 0.0276693 0.0497685 0.0427246
0 0.524414 0.315394 0.0214844 0.0428241 0.0424805
0 0.0335286 0.532986 0.0460612 0.0891204 0.0415344
0 0.695964 0.324653 0.0286458 0.056713 0.0337219
0 0.305339 0.155382 0.0546875 0.0873843 0.0324707
0 0.457031 0.941551 0.0891927 0.116898 0.0307922
0 0.238607 0.62963 0.0455729 0.0810185 0.0287018
0 0.189128 0.315972 0.0240885 0.0416667 0.0272675
0 0.0219727 0.463542 0.0315755 0.068287 0.0243378
0 0.951172 0.971065 0.0846354 0.0578704 0.0243378
0 0.484375 0.312211 0.0221354 0.0347222 0.0240479
0 0.0536296 0.541667 0.0613607 0.113426 0.0235596
0 0.336263 0.339699 0.0670573 0.0960648 0.0224152
0 0.619792 0.318576 0.0390625 0.0538194 0.0217438
0 0.740885 0.446181 0.0338542 0.0625 0.0196381
0 0.0294596 0.395544 0.0328776 0.0601852 0.0164032
0 0.776042 0.394097 0.0247396 0.0497685 0.0163422
0 0.339193 0.357639 0.0729167 0.136574 0.0147324
0 0.764323 0.645833 0.0598958 0.122685 0.0147324
0 0.375 0.396991 0.0494792 0.0636574 0.012825
0 0.488932 0.741898 0.0403646 0.0648148 0.0123825
0 0.924479 0.25 0.0390625 0.0515046 0.0115967
0 0.904297 0.306424 0.0273438 0.0445602 0.0106506
0 0.0349935 0.564815 0.0507813 0.12963 0.0100098
0 0.485677 0.251736 0.0260417 0.0486111 0.00955963
0 0.765625 0.257234 0.0273438 0.0503472 0.00878143
0 0.49349 0.460648 0.0377604 0.0590278 0.008255
0 0.265706 0.240162 0.0362956 0.0486111 0.00800323
0 0.0270182 0.303241 0.0332031 0.0636574 0.00769424
0 0.561849 0.407697 0.0390625 0.0966435 0.00740433
0 0.841797 0.370081 0.0390625 0.0653935 0.00695801
0 0.074707 0.472222 0.039388 0.0787037 0.00695801
0 0.897135 0.401042 0.0286458 0.056713 0.00653839
0 0.132812 0.615162 0.0761719 0.130787 0.617676
0 0.632813 0.483218 0.0729167 0.111111 0.616699
0 0.359375 0.393519 0.0638021 0.0810185 0.255371
0 0.320313 0.395833 0.0455729 0.0648148 0.204956
0 0.942057 0.961806 0.0859375 0.0763889 0.190674
0 0.639323 0.326389 0.03125 0.0474537 0.126343
0 0.440755 0.961806 0.0507813 0.0763889 0.0913696
0 0.521159 0.467303 0.0351562 0.0607639 0.0792236
0 0.479818 0.393519 0.0279948 0.0405093 0.0713501
0 0.0229492 0.548032 0.0403646 0.0752315 0.0680542
0 0.233073 0.394387 0.0325521 0.046875 0.0509033
0 0.943359 0.943287 0.09375 0.113426 0.0486755
0 0.348307 0.358218 0.0898438 0.16088 0.0345459
0 0.147786 0.320312 0.0273438 0.0393519 0.028595
0 0.050293 0.538773 0.0582682 0.0891204 0.0263062
0 0.368164 0.397569 0.0598958 0.0706019 0.0255585
0 0.951823 0.462963 0.0677083 0.0821759 0.0255127
0 0.0716146 0.471065 0.0400391 0.0555556 0.0216522
0 0.0185547 0.462674 0.0327148 0.0555556 0.0214844
0 0.963542 0.457755 0.0520833 0.0844907 0.0208893
0 0.564453 0.241319 0.0286458 0.0405093 0.0193787
0 0.520833 0.315972 0.0247396 0.0335648 0.0188293
0 0.0268555 0.401042 0.0354818 0.0717593 0.0176392
0 0.0273438 0.600694 0.0472005 0.087963 0.0175781
0 0.55013 0.445602 0.0403646 0.0706019 0.0161591
0 0.480469 0.309606 0.0286458 0.0347222 0.0152512
0 0.490885 0.466146 0.0377604 0.0515046 0.0138474
0 0.766927 0.683449 0.0494792 0.0902778 0.0137939
0 0.432617 0.386574 0.031901 0.0532407 0.0137405
0 0.266276 0.248553 0.0403646 0.0549769 0.0133286
0 0.451172 0.940104 0.0755208 0.119792 0.0125732
0 0.236003 0.623264 0.0345052 0.0648148 0.0124283
0 0.0279134 0.313368 0.0384115 0.072338 0.0120087
0 0.981445 0.770833 0.0371094 0.0694444 0.0110703
0 0.776042 0.394097 0.0286458 0.0353009 0.0104065
0 0.561523 0.317419 0.0214844 0.0306713 0.00926971
0 0.33724 0.30787 0.115885 0.225694 0.00898743
0 0.0537923 0.38831 0.0512695 0.0648148 0.00878143
0 0.271484 0.391204 0.0286458 0.0532407 0.00844574
0 0.688802 0.328704 0.0286458 0.0497685 0.00831604
0 0.976563 0.329282 0.0416667 0.0711806 0.008255
0 0.383789 0.315972 0.0442708 0.0833333 0.00787354
0 0.907552 0.449074 0.0403646 0.0613426 0.00769424
0 0.30599 0.165365 0.0559896 0.0917245 0.00757599
0 0.392578 0.28465 0.285156 0.347367 0.00723267
0 0.526042 0.398148 0.03125 0.0543981 0.00706482
0 0.940104 0.926794 0.114583 0.146412 0.00698471
0 0.89388 0.403356 0.0325521 0.0520833 0.00677109
0 0.615885 0.320602 0.0364583 0.0405093 0.00634003
0 0.769531 0.634259 0.0546875 0.0960648 0.00619125
0 0.634115 0.483796 0.078125 0.113426 0.8125
0 0.135091 0.615741 0.0846354 0.145833 0.719238
0 0.948568 0.961227 0.0846354 0.0775463 0.366699
0 0.364583 0.392361 0.046875 0.0775463 0.327637
0 0.640625 0.322338 0.03125 0.0509259 0.27832
0 0.45638 0.942708 0.0898438 0.114583 0.27124
0 0.318685 0.39294 0.0377604 0.0659722 0.262939
0 0.0263672 0.54456 0.0527344 0.112269 0.2323
0 0.957031 0.965856 0.0703125 0.068287 0.228149
0 0.98112 0.769676 0.0377604 0.0717593 0.219971
0 0.522786 0.461806 0.046875 0.0775463 0.150513
0 0.766276 0.674769 0.0572917 0.118056 0.0994873
0 0.949219 0.460069 0.0664062 0.0868056 0.0984497
0 0.480469 0.390914 0.0266927 0.0422454 0.0933228
0 0.552734 0.440972 0.0403646 0.0821759 0.0841675
0 0.228027 0.391204 0.0338542 0.0486111 0.0812378
0 0.145508 0.320891 0.0299479 0.0445602 0.0783691
0 0.304362 0.163194 0.0527344 0.0960648 0.0778198
0 0.946615 0.941262 0.0963542 0.117477 0.069519
0 0.0493164 0.539352 0.0574544 0.115741 0.0574951
0 0.768229 0.644676 0.0598958 0.108796 0.0560303
0 0.965495 0.459491 0.0533854 0.0891204 0.0524292
0 0.376953 0.403067 0.0449219 0.0642361 0.0522461
0 0.239746 0.626157 0.0400391 0.0717593 0.0492249
0 0.0742188 0.462963 0.0400391 0.0671296 0.0351562
0 0.569987 0.312211 0.0292969 0.0399306 0.0306244
0 0.561849 0.398438 0.0377604 0.0619213 0.0305634
0 0.942708 0.953704 0.114583 0.0925926 0.0294189
0 0.695313 0.324074 0.03125 0.0538194 0.0290833
0 0.522786 0.3125 0.0221354 0.0329861 0.0289307
0 0.83724 0.364005 0.0442708 0.0763889 0.0263519
0 0.267904 0.249132 0.0358073 0.0457176 0.0256195
0 0.0216878 0.460648 0.0433757 0.0648148 0.0253754
0 0.0304362 0.394965 0.038737 0.0659722 0.0252686
0 0.298828 0.143229 0.0859375 0.159722 0.0244751
0 0.347005 0.318287 0.0455729 0.0520833 0.0231476
0 0.0354818 0.559028 0.0696615 0.143519 0.0205231
0 0.0266113 0.323206 0.0405273 0.0734954 0.0167847
0 0.0761719 0.0590278 0.128906 0.118056 0.0150757
0 0.435221 0.386574 0.0345052 0.0543981 0.0149536
0 0.189453 0.309028 0.0188802 0.0358796 0.0139542
0 0.563151 0.243634 0.0273438 0.0381944 0.0138474
0 0.495443 0.456887 0.0455729 0.0648148 0.0129242
0 0.768229 0.250289 0.0260417 0.0480324 0.0125275
0 0.53418 0.390046 0.0377604 0.0555556 0.0116882
0 0.829427 0.364294 0.0520833 0.0810185 0.0106125
0 0.292969 0.12066 0.0898438 0.199074 0.00985718
0 0.323893 0.320602 0.0397135 0.0532407 0.00978088
0 0.97526 0.81713 0.0494792 0.127315 0.00978088
0 0.223958 0.519097 0.0416667 0.0648148 0.00941467
0 0.639323 0.486111 0.078125 0.113426 0.913574
0 0.143066 0.619213 0.0833333 0.143519 0.853516
0 0.36263 0.398148 0.0572917 0.0810185 0.622559
0 0.445313 0.952836 0.0677083 0.0943287 0.566895
0 0.640625 0.328125 0.0351562 0.056713 0.489258
0 0.320638 0.398438 0.0416667 0.0625 0.393311
0 0.487305 0.746528 0.0494792 0.0694444 0.250977
0 0.460938 0.942998 0.09375 0.114005 0.248047
0 0.26888 0.25463 0.03125 0.0497685 0.202393
0 0.945313 0.96875 0.0833333 0.0625 0.189575
0 0.520833 0.460938 0.0442708 0.0775463 0.180054
0 0.482422 0.401042 0.0299479 0.0474537 0.14563
0 0.98112 0.775463 0.0377604 0.0717593 0.103394
0 0.142578 0.321181 0.03125 0.0416667 0.0917358
0 0.764323 0.685185 0.0572917 0.114583 0.0900879
0 0.307943 0.174334 0.0390625 0.0651042 0.0639648
0 0.567708 0.242188 0.0299479 0.0416667 0.0618896
0 0.550456 0.436632 0.0442708 0.0862269 0.0453491
0 0.0289714 0.319444 0.0392253 0.0590278 0.0412292
0 0.0239258 0.540509 0.0403646 0.0717593 0.0352783
0 0.197917 0.965278 0.0540365 0.0694444 0.0330811
0 0.344076 0.365741 0.0748698 0.15162 0.0297546
0 0.768229 0.659722 0.0677083 0.144676 0.0297089
0 0.55306 0.417245 0.0494792 0.087963 0.0289764
0 0.280599 0.965856 0.0481771 0.068287 0.0257111
0 0.434896 0.385995 0.0332031 0.0497685 0.0256195
0 0.0327148 0.399884 0.039388 0.0613426 0.0236053
0 0.230957 0.39294 0.0273438 0.0462963 0.0224609
0 0.536458 0.418981 0.046875 0.0949074 0.0197601
0 0.522461 0.318287 0.0234375 0.0358796 0.0181274
0 0.967448 0.47338 0.046875 0.0694444 0.0164032
0 0.0288086 0.621528 0.046224 0.0949074 0.0156708
0 0.0681966 0.0649595 0.123698 0.129919 0.0130692
0 0.947917 0.470486 0.0494792 0.0613426 0.0125732
0 0.9375 0.963542 0.115885 0.0729167 0.0123367
0 0.310547 0.666088 0.0585938 0.0636574 0.0116882
0 0.0528158 0.542969 0.058431 0.0969329 0.0110703
0 0.928385 0.256944 0.0364583 0.056713 0.0105667
0 0.570964 0.315972 0.0299479 0.0439815 0.0104065
0 0.852865 0.180556 0.03125 0.0555556 0.00971222
0 0.603516 0.319734 0.0299479 0.0532407 0.00941467
0 0.189128 0.313657 0.0221354 0.0358796 0.00933838
0 0.22526 0.62963 0.0611979 0.0856481 0.00898743
0 0.0699056 0.47772 0.0372721 0.0653935 0.00763702
0 0.0257975 0.461806 0.0356445 0.056713 0.00712204
0 0.775391 0.0943287 0.0390625 0.0549769 0.00706482
0 0.0213216 0.658565 0.0377604 0.0717593 0.0068512
0 0.389974 0.250289 0.03125 0.0561343 0.00658798
0 0.354167 0.267361 0.0442708 0.0914352 0.0064621
0 0.978516 0.33912 0.0390625 0.0706019 0.00634003
0 0.636719 0.48206 0.0677083 0.100694 0.797363
0 0.139323 0.616898 0.0807292 0.140046 0.719238
0 0.364583 0.399306 0.0507813 0.0706019 0.44165
0 0.641927 0.3261 0.0364583 0.0584491 0.42334
0 0.320638 0.401042 0.0416667 0.0601852 0.365723
0 0.26888 0.249711 0.0338542 0.0520833 0.150513
0 0.945313 0.968171 0.0677083 0.0636574 0.132935
0 0.964844 0.970486 0.0520833 0.0590278 0.0541992
0 0.451172 0.949653 0.0716146 0.09375 0.0490417
0 0.477865 0.392361 0.030599 0.0503472 0.0409241
0 0.0281576 0.53125 0.0546875 0.0868056 0.0399475
0 0.522135 0.315683 0.0260417 0.046875 0.0328979
0 0.343424 0.321759 0.0449219 0.0636574 0.029541
0 0.459635 0.94213 0.0846354 0.115741 0.0293121
0 0.484375 0.312789 0.0292969 0.0381944 0.0248871
0 0.0504557 0.531105 0.0488281 0.0813079 0.0246582
0 0.142578 0.322049 0.031901 0.0509259 0.0213623
0 0.238932 0.628472 0.0410156 0.0671296 0.0209198
0 0.767578 0.62037 0.0429688 0.0601852 0.0171814
0 0.981771 0.765046 0.0364583 0.0625 0.0136337
0 0.563802 0.313947 0.0286458 0.046875 0.0133743
0 0.376953 0.406829 0.0429688 0.068287 0.01297
0 0.03125 0.320023 0.0458984 0.0740741 0.0126266
0 0.348958 0.851852 0.0403646 0.0601852 0.0114212
0 0.568034 0.24537 0.030599 0.0416667 0.011116
0 0.0633138 0.481192 0.0429688 0.0769676 0.0100937
0 0.0310872 0.491898 0.0527344 0.118056 0.0100098
0 0.0288086 0.611111 0.0546875 0.127315 0.00912476
0 0.517904 0.46412 0.0364583 0.0729167 0.00905609
0 0.0338542 0.402199 0.0488281 0.0833333 0.00871277
0 0.307292 0.183738 0.0377604 0.0665509 0.0086441
0 0.303711 0.663194 0.047526 0.0601852 0.00806427
0 0.551758 0.44213 0.0384115 0.0613426 0.00787354
0 0.151042 0.648148 0.0807292 0.0902778 0.00787354
0 0.438151 0.383391 0.0377604 0.0520833 0.00757599
0 0.60026 0.320023 0.0286458 0.0578704 0.00674438
0 0.927083 0.96412 0.0833333 0.0717593 0.00671768
0 0.320313 0.307002 0.0390625 0.0491898 0.00579834
0 0.982422 0.369792 0.0299479 0.0497685 0.00486755
0 0.946615 0.949074 0.078125 0.101852 0.00477219
0 0.317383 0.228877 0.0358073 0.0480324 0.00450516
0 0.186035 0.309028 0.0283203 0.0497685 0.00391388
0 0.0517578 0.382523 0.0454102 0.0671296 0.00391388
0 0.351563 0.2364 0.03125 0.0457176 0.00370789
0 0.929688 0.261574 0.03125 0.0578704 0.00365067
0 0.0202637 0.65625 0.0405273 0.0717593 0.00353813
0 0.187174 0.545139 0.0572917 0.0648148 0.00323486
0 0.0979818 0.375579 0.0364583 0.0532407 0.00319672
0 0.691406 0.326389 0.0299479 0.0613426 0.00302696
0 0.940755 0.460069 0.0299479 0.0491898 0.00302696
0 0.634115 0.482639 0.0703125 0.12037 0.754883
0 0.137695 0.619213 0.0729167 0.142361 0.640625
0 0.363281 0.397569 0.046875 0.0775463 0.479492
0 0.947917 0.96441 0.078125 0.0711806 0.398926
0 0.643229 0.324653 0.0364583 0.0607639 0.383057
0 0.317708 0.396991 0.0390625 0.0625 0.331055
0 0.443359 0.961227 0.0520833 0.0775463 0.212036
0 0.27181 0.247106 0.0332031 0.0497685 0.119202
0 0.568034 0.243634 0.0299479 0.0462963 0.0661011
0 0.022054 0.53342 0.0426432 0.0859375 0.0623169
0 0.484375 0.311632 0.0299479 0.0422454 0.0541992
0 0.239258 0.619792 0.0364583 0.0659722 0.0516663
0 0.479492 0.393808 0.030599 0.0515046 0.0501404
0 0.141927 0.324363 0.0299479 0.0520833 0.0481262
0 0.927083 0.963252 0.0833333 0.0734954 0.037323
0 0.525391 0.317708 0.0325521 0.0486111 0.0332031
0 0.468099 0.925926 0.063151 0.0960648 0.0328979
0 0.0326335 0.398727 0.0395508 0.0706019 0.0323486
0 0.0685221 0.474537 0.0416667 0.068287 0.0314941
0 0.983073 0.769676 0.0338542 0.0810185 0.0301056
0 0.0491536 0.528356 0.0488281 0.0868056 0.0272675
0 0.514974 0.460069 0.0403646 0.0787037 0.0247498
0 0.435547 0.384838 0.0390625 0.0578704 0.0244751
0 0.0289714 0.607639 0.046224 0.0949074 0.0240479
0 0.199544 0.965567 0.0410156 0.0688657 0.0232849
0 0.598958 0.321181 0.0364583 0.0613426 0.0219116
0 0.0258789 0.466435 0.0424805 0.0717593 0.0216522
0 0.94401 0.945023 0.0859375 0.109954 0.0216522
0 0.338867 0.328704 0.0494792 0.0653935 0.0203705
0 0.552083 0.441551 0.0377604 0.0740741 0.0202942
0 0.44987 0.945602 0.0677083 0.108796 0.018158
0 0.0276693 0.317708 0.0351562 0.0653935 0.0172424
0 0.189779 0.307002 0.0286458 0.0520833 0.0167847
0 0.765625 0.257523 0.0338542 0.0613426 0.0165253
0 0.966146 0.473958 0.046875 0.0763889 0.0150757
0 0.565104 0.311921 0.03125 0.0497685 0.0105667
0 0.308268 0.186343 0.030599 0.0601852 0.0102081
0 0.695313 0.326389 0.0364583 0.0688657 0.00963593
0 0.976563 0.336227 0.0416667 0.0775463 0.00878143
0 0.949219 0.465856 0.046875 0.0659722 0.0086441
0 0.30599 0.663773 0.0442708 0.0625 0.00844574
0 0.954427 0.9375 0.078125 0.125 0.00818634
0 0.126628 0.586227 0.0677083 0.140046 0.00809479
0 0.1014 0.377315 0.030599 0.0486111 0.00800323
0 0.983073 0.364583 0.0338542 0.0648148 0.00784302
0 0.194336 0.260417 0.0286458 0.0578704 0.00760651
0 0.32194 0.314815 0.0429688 0.0543981 0.00723267
0 0.778646 0.39294 0.03125 0.0520833 0.0069046
0 0.0199382 0.655093 0.0384115 0.0787037 0.00671768
0 0.93099 0.296296 0.0338542 0.0659722 0.00664139
0 0.639323 0.48235 0.0742188 0.115162 0.85791
0 0.140951 0.614005 0.078776 0.141204 0.737305
0 0.641927 0.324653 0.0442708 0.0648148 0.596191
0 0.358724 0.389468 0.0611979 0.0972222 0.562988
0 0.328125 0.384838 0.0579427 0.0914352 0.304932
0 0.269531 0.247396 0.0364583 0.0486111 0.155029
0 0.486003 0.30787 0.0403646 0.0543981 0.144653
0 0.527669 0.444734 0.047526 0.0920139 0.0950317
0 0.945313 0.965278 0.0833333 0.0694444 0.0789185
0 0.342122 0.355903 0.0722656 0.118056 0.0713501
0 0.519531 0.315972 0.0325521 0.0497685 0.0648804
0 0.142253 0.319444 0.0377604 0.0538194 0.0646362
0 0.0276693 0.521412 0.0527344 0.0972222 0.0483093
0 0.484701 0.391204 0.0403646 0.0555556 0.0445251
0 0.552083 0.40162 0.0520833 0.087963 0.0377502
0 0.0303548 0.474537 0.0538737 0.100694 0.0332031
0 0.564128 0.311632 0.0358073 0.0543981 0.0312042
0 0.604004 0.321759 0.0419922 0.068287 0.0306244
0 0.329427 0.339699 0.0559896 0.108796 0.0305634
0 0.0367839 0.392361 0.0499674 0.0856481 0.0302734
0 0.373047 0.397569 0.0527344 0.0763889 0.0299225
0 0.447266 0.952546 0.0572917 0.09375 0.0293732
0 0.0484212 0.514902 0.054362 0.0928819 0.0285492
0 0.436523 0.375 0.0455729 0.0648148 0.0284424
0 0.183105 0.300347 0.0348307 0.0596065 0.0282745
0 0.0979818 0.368924 0.0367839 0.0607639 0.0268097
0 0.55013 0.43287 0.0429688 0.0868056 0.0230255
0 0.565104 0.241898 0.0338542 0.0497685 0.0226288
0 0.763021 0.252894 0.0338542 0.0520833 0.0220795
0 0.932292 0.962963 0.09375 0.0717593 0.0176392
0 0.438802 0.333912 0.0429688 0.0578704 0.0165253
0 0.0330404 0.326389 0.047526 0.0810185 0.0157776
0 0.0527344 0.487269 0.0641276 0.0868056 0.0132217
0 0.691406 0.331019 0.0390625 0.0671296 0.0126266
0 0.0415039 0.374421 0.0595703 0.0827546 0.0124283
0 0.532552 0.392361 0.0455729 0.0671296 0.0123367
0 0.307292 0.181424 0.0416667 0.0677083 0.0100098
0 0.765625 0.666667 0.0546875 0.121528 0.00978088
0 0.770833 0.626157 0.0546875 0.0856481 0.00905609
0 0.466797 0.931713 0.078125 0.113426 0.0088501
0 0.0257161 0.60706 0.0480143 0.09375 0.00775528
0 0.316406 0.217086 0.0364583 0.0588831 0.00763702
0 0.983724 0.769676 0.0325521 0.0694444 0.00658798
0 0.30599 0.660301 0.0572917 0.0706019 0.00624084
0 0.351888 0.231481 0.0345052 0.0474537 0.00575256
0 0.273438 0.386285 0.0429688 0.0729167 0.00526047
0 0.934896 0.258681 0.0364583 0.0584491 0.00521851
0 0.635417 0.450231 0.0742188 0.185185 0.00511932
0 0.0209961 0.65625 0.038737 0.0740741 0.00502014
0 0.239909 0.618056 0.0429688 0.0729167 0.00500107
0 0.639323 0.482639 0.0755208 0.118056 0.782715
0 0.140951 0.614005 0.0826823 0.144676 0.744629
0 0.639323 0.320891 0.0403646 0.0642361 0.671387
0 0.360677 0.392072 0.0598958 0.0821759 0.50293
0 0.330078 0.388889 0.0559896 0.0763889 0.32251
0 0.486328 0.304977 0.0390625 0.052662 0.176147
0 0.0317383 0.52662 0.0621745 0.100694 0.170532
0 0.55306 0.394676 0.0527344 0.108796 0.137573
0 0.0449219 0.523727 0.0527344 0.0902778 0.119202
0 0.270182 0.24537 0.0364583 0.0451389 0.072876
0 0.559245 0.3125 0.0351562 0.0509259 0.064209
0 0.344401 0.33941 0.0677083 0.0972222 0.0585632
0 0.564453 0.247685 0.0325521 0.0555556 0.0469055
0 0.528646 0.314236 0.0351562 0.0474537 0.0427246
0 0.304036 0.176794 0.0429688 0.0763889 0.0354919
0 0.143717 0.317708 0.0367839 0.0520833 0.0285492
0 0.551107 0.428241 0.0429688 0.0891204 0.0264587
0 0.534505 0.438079 0.0546875 0.0908565 0.0227203
0 0.0334473 0.482928 0.0621745 0.110532 0.0223236
0 0.0372721 0.386285 0.0540365 0.100116 0.0204163
0 0.372396 0.399306 0.0520833 0.0706019 0.0202942
0 0.949219 0.968171 0.0651042 0.0636574 0.0200653
0 0.333333 0.329861 0.0638021 0.100694 0.0186157
0 0.539714 0.383391 0.0507813 0.0815972 0.0175171
0 0.438151 0.377025 0.0390625 0.0590278 0.0146179
0 0.0361328 0.339699 0.0553385 0.109375 0.0135345
0 0.048584 0.486979 0.0704753 0.0920139 0.0134277
0 0.982422 0.770255 0.0351562 0.0694444 0.0132217
0 0.0411784 0.374421 0.0592448 0.0954861 0.0126266
0 0.929688 0.252315 0.0325521 0.0555556 0.0125275
0 0.0327148 0.578704 0.0595703 0.127315 0.0124817
0 0.482422 0.383102 0.0377604 0.052662 0.0117798
0 0.315755 0.214771 0.0416667 0.0704572 0.00948334
0 0.450521 0.953125 0.0664062 0.09375 0.00844574
0 0.186198 0.301505 0.03125 0.056713 0.00818634
0 0.236165 0.618056 0.0406901 0.0671296 0.00769424
0 0.442383 0.327546 0.0371094 0.0532407 0.00703812
0 0.688802 0.327546 0.0390625 0.0671296 0.00653839
0 0.202962 0.413484 0.405924 0.826968 0.0064621
0 0.966797 0.465567 0.0403646 0.0700231 0.00616837
0 0.773438 0.627315 0.0520833 0.0787037 0.00616837
0 0.28833 0.16088 0.0847982 0.12963 0.00575256
0 0.193034 0.266782 0.0384115 0.0810185 0.00526047
0 0.639323 0.230035 0.0364583 0.046875 0.00502014
0 0.353516 0.233218 0.0325521 0.0486111 0.00446701
0 0.980469 0.336227 0.0377604 0.0706019 0.00446701
0 0.47526 0.927083 0.0598958 0.0925926 0.00439835
0 0.276693 0.300926 0.0436198 0.0798611 0.00416565
0 0.491862 0.267361 0.0494792 0.0844907 0.0039444
0 0.0968425 0.375 0.0406901 0.0625 0.00390053
0 0.638021 0.479745 0.0716146 0.112269 0.813477
0 0.138672 0.614005 0.0761719 0.140046 0.739258
0 0.635417 0.320602 0.0364583 0.0625 0.734863
0 0.364258 0.399884 0.0488281 0.0775463 0.484375
0 0.320313 0.396991 0.0423177 0.068287 0.215332
0 0.481771 0.302083 0.0325521 0.0497685 0.114746
0 0.0210775 0.526042 0.0421549 0.0914352 0.100159
0 0.52181 0.313657 0.0286458 0.0491898 0.093689
0 0.559896 0.308449 0.0299479 0.052662 0.0708008
0 0.434245 0.374421 0.0390625 0.0601852 0.0609741
0 0.264974 0.249132 0.030599 0.0422454 0.0605164
0 0.946615 0.966725 0.0794271 0.0665509 0.0367737
0 0.342448 0.313657 0.0416667 0.0497685 0.033783
0 0.0530599 0.522135 0.0460612 0.083044 0.0310211
0 0.139323 0.316551 0.0292969 0.0428241 0.0284424
0 0.0198568 0.466435 0.0397135 0.0775463 0.0279083
0 0.980469 0.76794 0.0390625 0.0740741 0.0246124
0 0.319661 0.313657 0.0403646 0.0613426 0.0237274
0 0.557292 0.392361 0.0481771 0.0868056 0.0226288
0 0.769531 0.624421 0.0520833 0.0729167 0.0171814
0 0.51888 0.447917 0.0436198 0.0821759 0.0166626
0 0.690104 0.326968 0.0338542 0.0648148 0.0162811
0 0.430339 0.329282 0.0325521 0.0480324 0.0157776
0 0.0279948 0.396412 0.0449219 0.0706019 0.0153656
0 0.375326 0.405382 0.0455729 0.0630787 0.0129242
0 0.0664876 0.478009 0.043457 0.0729167 0.012146
0 0.0246582 0.595486 0.0493164 0.105324 0.0118256
0 0.5625 0.244792 0.0286458 0.0428241 0.0114212
0 0.0219727 0.321181 0.0400391 0.0694444 0.0104065
0 0.760417 0.252894 0.0325521 0.0503472 0.01017
0 0.764974 0.667824 0.0533854 0.108796 0.00985718
0 0.686198 0.240162 0.0247396 0.0393519 0.00905609
0 0.235677 0.622685 0.0403646 0.0694444 0.00888062
0 0.924479 0.25434 0.0364583 0.0561343 0.00800323
0 0.530599 0.383102 0.0403646 0.0636574 0.00751877
0 0.444661 0.95544 0.0592448 0.0891204 0.00734711
0 0.184896 0.307002 0.0240885 0.0445602 0.00728989
0 0.608073 0.309606 0.03125 0.0648148 0.0069046
0 0.0953369 0.373264 0.0332845 0.0520833 0.00634003
0 0.0209147 0.657407 0.0418294 0.0787037 0.00582123
0 0.933594 0.962384 0.0989583 0.0694444 0.00577545
0 0.0528971 0.380208 0.0367839 0.0555556 0.00498199
0 0.96875 0.464699 0.0416667 0.0740741 0.00477219
0 0.479167 0.390336 0.0325521 0.0515046 0.00460815
0 0.839844 0.368924 0.0390625 0.0729167 0.00359344
0 0.980469 0.335069 0.0390625 0.0717593 0.00348282
0 0.822917 0.332755 0.0429688 0.0648148 0.00305176
0 0.83724 0.332176 0.0416667 0.0578704 0.00258064
0 0.0264486 0.260706 0.0458984 0.100116 0.00246239
0 0.0498861 0.329282 0.0358073 0.0613426 0.00244331
0 0.635417 0.478299 0.0716146 0.109375 0.751953
0 0.138346 0.614583 0.0768229 0.134259 0.658203
0 0.638021 0.320312 0.0390625 0.0613426 0.626953
0 0.363281 0.396991 0.0533854 0.0833333 0.449463
0 0.322266 0.391204 0.0501302 0.0775463 0.255371
0 0.485026 0.302083 0.0351562 0.052662 0.137573
0 0.0262044 0.524884 0.0524089 0.099537 0.105225
0 0.264648 0.251447 0.0338542 0.0457176 0.100891
0 0.138672 0.31713 0.0358073 0.0509259 0.0789185
0 0.942708 0.965856 0.0911458 0.068287 0.0643921
0 0.565104 0.239005 0.0338542 0.0486111 0.0639648
0 0.526042 0.314815 0.0377604 0.0555556 0.0611877
0 0.342448 0.335359 0.0533854 0.0752315 0.0568542
0 0.556641 0.310185 0.0338542 0.0520833 0.0538025
0 0.0476888 0.525318 0.0472005 0.0882523 0.0531921
0 0.375 0.40625 0.0455729 0.0659722 0.0271149
0 0.0253092 0.472222 0.0506185 0.0856481 0.0237274
0 0.0332031 0.392361 0.0481771 0.0833333 0.0192719
0 0.444336 0.953125 0.063151 0.09375 0.0167847
0 0.980469 0.766204 0.0390625 0.0717593 0.0147324
0 0.770833 0.635995 0.0546875 0.0821759 0.014389
0 0.557292 0.397859 0.0501302 0.0896991 0.0137405
0 0.330078 0.325521 0.0559896 0.0787037 0.0132217
0 0.02889 0.324074 0.0480143 0.0810185 0.01297
0 0.432943 0.376157 0.0403646 0.0648148 0.0125275
0 0.766276 0.671296 0.0507813 0.118056 0.0112915
0 0.6875 0.326678 0.0364583 0.0636574 0.0103302
0 0.0238037 0.599537 0.0476074 0.101852 0.00985718
0 0.305339 0.183449 0.0364583 0.0648148 0.00978088
0 0.92513 0.252894 0.0364583 0.0538194 0.00967407
0 0.0933838 0.373264 0.040446 0.0578704 0.0077858
0 0.933594 0.960648 0.0989583 0.0740741 0.00757599
0 0.478516 0.396991 0.0410156 0.0555556 0.00728989
0 0.315104 0.217882 0.030599 0.0561343 0.00669098
0 0.608724 0.306424 0.0429688 0.0677083 0.0064888
0 0.235677 0.626157 0.0390625 0.0706019 0.00636292
0 0.435872 0.328704 0.0364583 0.0532407 0.00609589
0 0.046875 0.376447 0.0460612 0.0677083 0.00605011
0 0.686849 0.241319 0.0286458 0.0434028 0.00593567
0 0.0566406 0.478588 0.0488281 0.0740741 0.00527954
0 0.527995 0.380787 0.0429688 0.0694444 0.00445175
0 0.515625 0.447917 0.0442708 0.0798611 0.00441742
0 0.0203451 0.655093 0.039388 0.0833333 0.0042305
0 0.351888 0.22678 0.0299479 0.046441 0.00387001
0 0.0465495 0.329861 0.0441081 0.0700231 0.00379562
0 0.389974 0.243056 0.0299479 0.0428241 0.00311089
0 0.183919 0.307292 0.0309245 0.0532407 0.00311089
0 0.976563 0.331597 0.0416667 0.0717593 0.00288963
0 0.192383 0.256944 0.0266927 0.0538194 0.00281143
0 0.761719 0.253472 0.0338542 0.0509259 0.00277901
0 0.635417 0.483796 0.0755208 0.116898 0.808105
0 0.138997 0.619213 0.0826823 0.138889 0.753418
0 0.639323 0.324074 0.0403646 0.0625 0.71875
0 0.363932 0.399884 0.0507813 0.0752315 0.524414
0 0.319661 0.396991 0.046224 0.0706019 0.277588
0 0.942708 0.965278 0.09375 0.0694444 0.242188
0 0.0301514 0.523727 0.0603027 0.109954 0.214722
0 0.485026 0.306134 0.0338542 0.0439815 0.131592
0 0.0457357 0.521846 0.0499674 0.0975116 0.0946655
0 0.567057 0.245949 0.031901 0.0434028 0.0943604
0 0.266927 0.251736 0.0292969 0.0428241 0.0939941
0 0.55957 0.309028 0.0325521 0.0462963 0.0600891
0 0.527344 0.321181 0.0351562 0.0509259 0.0587769
0 0.139974 0.322627 0.0351562 0.052662 0.0539856
0 0.0291341 0.484375 0.0582682 0.109954 0.0484924
0 0.453776 0.948495 0.0794271 0.103009 0.0408325
0 0.434245 0.376157 0.0390625 0.0636574 0.0389709
0 0.55599 0.403356 0.0481771 0.087963 0.0305634
0 0.0343424 0.394097 0.0514323 0.0821759 0.0287018
0 0.374349 0.405671 0.046875 0.0648148 0.0253754
0 0.766927 0.668403 0.0572917 0.127315 0.0229797
0 0.770833 0.636574 0.0585938 0.0914352 0.0228882
0 0.237956 0.626157 0.0390625 0.0787037 0.0219879
0 0.344401 0.331019 0.0455729 0.0607639 0.0210876
0 0.92513 0.253472 0.0377604 0.0601852 0.0200195
0 0.0276693 0.590278 0.0553385 0.113426 0.0153046
0 0.690104 0.33044 0.0338542 0.0625 0.0135345
0 0.980794 0.766782 0.0384115 0.0810185 0.0135345
0 0.32487 0.327546 0.0455729 0.0625 0.0130234
0 0.0307617 0.324363 0.0520833 0.078125 0.0115509
0 0.47819 0.394676 0.0358073 0.0520833 0.0110321
0 0.0555827 0.485532 0.0507813 0.0798611 0.0102463
0 0.521484 0.445602 0.046875 0.0833333 0.00948334
0 0.0458984 0.376736 0.0452474 0.0671296 0.00784302
0 0.4375 0.334491 0.0338542 0.0572917 0.00734711
0 0.463542 0.940394 0.0820313 0.112269 0.00717545
0 0.6875 0.244792 0.0286458 0.0405093 0.00703812
0 0.976563 0.33044 0.046875 0.0821759 0.00614548
0 0.53125 0.385417 0.0429688 0.0659722 0.00572968
0 0.0234375 0.653356 0.0445964 0.0868056 0.00548935
0 0.0950114 0.374421 0.0391439 0.0549769 0.00534439
0 0.606771 0.313368 0.0364583 0.0625 0.00524139
0 0.309896 0.664931 0.0598958 0.0636574 0.00494385
0 0.76237 0.25434 0.0325521 0.0515046 0.00452042
0 0.352865 0.230903 0.0221354 0.0364583 0.00413513
0 0.552734 0.429977 0.0429688 0.0810185 0.00382423
0 0.314453 0.222295 0.0227865 0.0449942 0.00329781
0 0.936198 0.293403 0.0416667 0.0763889 0.00275803
0 0.391927 0.245949 0.0247396 0.0381944 0.00271416
0 0.967448 0.462674 0.0442708 0.0815972 0.00270462
0 0.636068 0.483218 0.0729167 0.112269 0.820312
0 0.138672 0.618056 0.0820313 0.138889 0.802734
0 0.63737 0.322049 0.0455729 0.0630787 0.776855
0 0.36263 0.396412 0.0546875 0.0752315 0.612305
0 0.943359 0.96875 0.0898438 0.0625 0.404541
0 0.320313 0.390625 0.0507813 0.0740741 0.348633
0 0.0301514 0.521846 0.0603027 0.104456 0.222046
0 0.56543 0.24537 0.0384115 0.0532407 0.14856
0 0.483724 0.306713 0.0403646 0.0509259 0.126831
0 0.559896 0.310764 0.0416667 0.0532407 0.103394
0 0.0439453 0.522569 0.0532227 0.0902778 0.0844727
0 0.265544 0.250289 0.035319 0.0445602 0.078064
0 0.556315 0.402778 0.0527344 0.0925926 0.0592041
0 0.936198 0.961227 0.10026 0.0717593 0.0549927
0 0.0297038 0.489005 0.0594076 0.119213 0.0539856
0 0.53125 0.318576 0.0442708 0.0561343 0.0420837
0 0.13916 0.321759 0.0374349 0.0532407 0.0419312
0 0.451172 0.951968 0.0742188 0.0960648 0.0401001
0 0.373047 0.403935 0.0507813 0.0613426 0.0340881
0 0.979818 0.772569 0.0403646 0.0752315 0.0321655
0 0.0347494 0.392361 0.0512695 0.0868056 0.0316772
0 0.345052 0.340856 0.0598958 0.0856481 0.0302734
0 0.328776 0.33912 0.0598958 0.09375 0.019165
0 0.435872 0.381076 0.0416667 0.0613426 0.0183411
0 0.304688 0.179688 0.0416667 0.0706019 0.0171051
0 0.48112 0.396991 0.0416667 0.0578704 0.0170441
0 0.236654 0.622685 0.0384115 0.0706019 0.0141754
0 0.764323 0.671296 0.0546875 0.115741 0.0135345
0 0.0276286 0.586806 0.0552572 0.12037 0.0131226
0 0.6875 0.330729 0.0416667 0.0653935 0.0127716
0 0.768229 0.640046 0.0572917 0.0925926 0.0115051
0 0.0325521 0.333623 0.0530599 0.09375 0.00989532
0 0.0937093 0.378472 0.0397949 0.0486111 0.00971222
0 0.531901 0.393519 0.0507813 0.0787037 0.00948334
0 0.522786 0.446759 0.0455729 0.0752315 0.00948334
0 0.924479 0.252025 0.0390625 0.056713 0.0088501
0 0.614583 0.314236 0.0520833 0.0706019 0.00769424
0 0.053304 0.48206 0.0629883 0.0844907 0.00740433
0 0.044515 0.381366 0.0525716 0.0694444 0.00695801
0 0.551432 0.430556 0.0429688 0.0787037 0.00677109
0 0.462891 0.941551 0.0813802 0.106481 0.00595856
0 0.441406 0.335069 0.0429688 0.0613426 0.005867
0 0.93099 0.101273 0.0325521 0.0619213 0.00516129
0 0.0234375 0.653935 0.0413411 0.0902778 0.00508118
0 0.686849 0.24103 0.0338542 0.0457176 0.00466537
0 0.352214 0.235243 0.03125 0.0393519 0.00436401
0 0.315755 0.213542 0.0377604 0.0653935 0.00419998
0 0.977214 0.328704 0.0455729 0.0763889 0.00397491
0 0.486979 0.741898 0.0403646 0.0578704 0.00391388
0 0.976563 0.798611 0.046875 0.106481 0.00359344
0 0.635417 0.481481 0.0729167 0.114583 0.76709
0 0.138346 0.614583 0.0839844 0.143519 0.755859
0 0.638021 0.323495 0.0416667 0.0671296 0.681641
0 0.364583 0.396991 0.0520833 0.0810185 0.522461
0 0.942057 0.969329 0.0911458 0.0613426 0.345947
0 0.319987 0.391204 0.0455729 0.0752315 0.293457
0 0.0279134 0.522569 0.0558268 0.108796 0.15979
0 0.485352 0.304398 0.0345052 0.0486111 0.11084
0 0.567057 0.244213 0.0338542 0.0497685 0.0745239
0 0.13916 0.320023 0.0338542 0.0543981 0.0675659
0 0.561849 0.314236 0.0351562 0.0520833 0.0552063
0 0.266927 0.250579 0.0299479 0.0439815 0.0484924
0 0.55957 0.401042 0.0501302 0.0966435 0.0456848
0 0.527995 0.318866 0.0338542 0.0532407 0.0427246
0 0.373372 0.404803 0.0494792 0.0677083 0.0420837
0 0.0273438 0.477141 0.0546875 0.117477 0.0394287
0 0.0445964 0.520833 0.055013 0.0983796 0.0354004
0 0.345703 0.340278 0.0559896 0.0833333 0.0279083
0 0.450521 0.949653 0.0703125 0.100694 0.0274811
0 0.0330404 0.395255 0.0478516 0.0856481 0.0261536
0 0.436523 0.379051 0.0377604 0.0636574 0.0249939
0 0.479818 0.395833 0.0351562 0.0555556 0.0183716
0 0.0939128 0.373264 0.0380859 0.0543981 0.0164032
0 0.0292155 0.322627 0.0467122 0.0787037 0.0154877
0 0.768229 0.636574 0.0572917 0.09375 0.0151291
0 0.980794 0.769676 0.0384115 0.0810185 0.0146179
0 0.236328 0.622685 0.0351562 0.0752315 0.0141754
0 0.0260417 0.581019 0.0488281 0.136574 0.0133286
0 0.326823 0.340856 0.0527344 0.0914352 0.0128708
0 0.764974 0.664352 0.0546875 0.12963 0.0110703
0 0.689453 0.33015 0.0351562 0.0659722 0.0102081
0 0.530924 0.384838 0.0416667 0.0729167 0.00894928
0 0.524414 0.445312 0.0416667 0.0775463 0.00796509
0 0.458333 0.945602 0.0904948 0.108796 0.00757599
0 0.611979 0.312789 0.0390625 0.0642361 0.00653839
0 0.0613607 0.476273 0.055013 0.0821759 0.00638962
0 0.307292 0.181858 0.0345052 0.0662616 0.00619125
0 0.1875 0.306134 0.0279948 0.0532407 0.00593567
0 0.0483398 0.377894 0.0493164 0.0694444 0.00584412
0 0.0228678 0.652199 0.0382487 0.0891204 0.00486755
0 0.438802 0.333623 0.0345052 0.0578704 0.00462723
0 0.688151 0.240162 0.0299479 0.0451389 0.00397491
0 0.553385 0.42853 0.0423177 0.0827546 0.00395966
0 0.486979 0.740741 0.0377604 0.0601852 0.00307465
0 0.355469 0.230903 0.0273438 0.0416667 0.00279999
0 0.636068 0.224537 0.0364583 0.0491898 0.00279999
0 0.763021 0.251736 0.0338542 0.0543981 0.00279999
0 0.927734 0.254051 0.0364583 0.0601852 0.00271416
0 0.969401 0.461806 0.0442708 0.0821759 0.00233269
0 0.316732 0.213252 0.0292969 0.0630787 0.00228691
0 0.636719 0.481192 0.0729167 0.112847 0.788574
0 0.138835 0.615741 0.0826823 0.141204 0.758301
0 0.639323 0.324074 0.0416667 0.0648148 0.737793
0 0.365885 0.399016 0.0494792 0.0769676 0.542969
0 0.94401 0.968461 0.0872396 0.0630787 0.364746
0 0.318359 0.393519 0.0442708 0.0706019 0.332031
0 0.0281576 0.526042 0.0563151 0.103009 0.190674
0 0.485026 0.305266 0.0332031 0.0451389 0.152588
0 0.563151 0.314815 0.0351562 0.0509259 0.0772095
0 0.454427 0.949074 0.078125 0.101852 0.0742188
0 0.567057 0.243345 0.0325521 0.0457176 0.0713501
0 0.266927 0.251157 0.0299479 0.0428241 0.0600891
0 0.138835 0.320602 0.0335286 0.0497685 0.0585632
0 0.52832 0.320023 0.0345052 0.0520833 0.055603
0 0.0454915 0.521412 0.0519206 0.0949074 0.0554199
0 0.559896 0.403067 0.0507813 0.0902778 0.0497742
0 0.374349 0.40625 0.046875 0.0648148 0.0362244
0 0.936198 0.962384 0.0989583 0.0752315 0.035553
0 0.0272624 0.476852 0.0545247 0.104167 0.0348816
0 0.236654 0.623264 0.0364583 0.0706019 0.0263062
0 0.0325521 0.394676 0.046875 0.0775463 0.0230713
0 0.979818 0.771991 0.0403646 0.0821759 0.0215302
0 0.346354 0.330729 0.0455729 0.0619213 0.0208435
0 0.480143 0.395833 0.0358073 0.0520833 0.02034
0 0.436198 0.379919 0.0377604 0.0601852 0.0189056
0 0.323568 0.33044 0.0449219 0.0671296 0.0166626
0 0.768229 0.637153 0.0572917 0.0891204 0.0143356
0 0.0266113 0.581597 0.0512695 0.123843 0.0134277
0 0.0286458 0.32147 0.0454102 0.0700231 0.0133286
0 0.692708 0.331597 0.0338542 0.0636574 0.0126266
0 0.0947266 0.373843 0.0374349 0.0520833 0.0107346
0 0.765625 0.665509 0.0546875 0.122685 0.00971222
0 0.530599 0.381366 0.0403646 0.0659722 0.0086441
0 0.0656738 0.476852 0.0486654 0.0752315 0.008255
0 0.6875 0.239294 0.0286458 0.0428241 0.00757599
0 0.609375 0.310475 0.0338542 0.0596065 0.00653839
0 0.522786 0.444444 0.0423177 0.0740741 0.00526047
0 0.4375 0.33044 0.0325521 0.0503472 0.00462723
0 0.189128 0.306713 0.0266927 0.0486111 0.00460815
0 0.554036 0.428819 0.0423177 0.0798611 0.00436401
0 0.0231934 0.652778 0.0398763 0.087963 0.00402451
0 0.0506185 0.380208 0.0452474 0.0625 0.00379562
0 0.927083 0.255208 0.0364583 0.0578704 0.00329781
0 0.307943 0.184462 0.03125 0.0587384 0.00325966
0 0.970052 0.462674 0.0442708 0.078125 0.0028553
0 0.944661 0.948495 0.0872396 0.103009 0.0027256
0 0.976563 0.799769 0.046875 0.109954 0.00263214
0 0.978516 0.331597 0.0429688 0.0752315 0.00258064
0 0.764323 0.25 0.03125 0.0497685 0.00248146
0 0.354818 0.229167 0.0240885 0.0405093 0.00247192
0 0.636719 0.481192 0.0729167 0.112847 0.788574
0 0.138835 0.615741 0.0826823 0.141204 0.758301
0 0.639323 0.324074 0.0416667 0.0648148 0.737793
0 0.365885 0.399016 0.0494792 0.0769676 0.542969
0 0.94401 0.968171 0.0872396 0.0636574 0.365723
0 0.318359 0.393519 0.0442708 0.0706019 0.331055
0 0.0281576 0.526042 0.0563151 0.103009 0.191284
0 0.485026 0.305556 0.0325521 0.0451389 0.153564
0 0.563151 0.314815 0.0351562 0.0509259 0.0775146
0 0.454427 0.949074 0.078125 0.101852 0.0753174
0 0.567057 0.243345 0.0325521 0.0457176 0.0713501
0 0.266927 0.251157 0.0299479 0.0428241 0.0598755
0 0.138835 0.320602 0.0335286 0.0497685 0.0583496
0 0.0454102 0.521412 0.0517578 0.0949074 0.0560303
0 0.528646 0.320023 0.0351562 0.0520833 0.055603
0 0.559896 0.402778 0.0507813 0.0902778 0.049408
0 0.374674 0.40625 0.046875 0.0648148 0.036438
0 0.936198 0.962384 0.0989583 0.0752315 0.035553
0 0.0272624 0.476852 0.0545247 0.103009 0.0348816
0 0.236654 0.623264 0.0364583 0.0706019 0.0264587
0 0.0325521 0.394676 0.046875 0.0775463 0.022934
0 0.979818 0.771991 0.0403646 0.0821759 0.0215759
0 0.346354 0.330729 0.0455729 0.0619213 0.0207214
0 0.480143 0.395833 0.0358073 0.0520833 0.0202484
0 0.436198 0.379919 0.0377604 0.0601852 0.0189819
0 0.323568 0.33044 0.0442708 0.0671296 0.0167847
0 0.768229 0.637153 0.0572917 0.0891204 0.014389
0 0.0286458 0.32147 0.0452474 0.0694444 0.0133286
0 0.0266113 0.581597 0.0512695 0.123843 0.0133286
0 0.692708 0.331597 0.0338542 0.0636574 0.0127258
0 0.0947673 0.373843 0.037679 0.0520833 0.0109024
0 0.765625 0.665509 0.0546875 0.122685 0.00971222
0 0.530599 0.381076 0.0403646 0.0653935 0.0086441
0 0.0656738 0.476852 0.0486654 0.0752315 0.00834656
0 0.6875 0.239583 0.0286458 0.0428241 0.00763702
0 0.609375 0.310475 0.0338542 0.0596065 0.00653839
0 0.522786 0.444444 0.0429688 0.0740741 0.00527954
0 0.189128 0.306713 0.0266927 0.0486111 0.0046463
0 0.4375 0.33044 0.0325521 0.0509259 0.0046463
0 0.554036 0.429109 0.0423177 0.0804398 0.00432968
0 0.0231934 0.652778 0.0398763 0.087963 0.00400543
0 0.0506999 0.380208 0.0452474 0.0625 0.00378036
0 0.927083 0.255208 0.0364583 0.0578704 0.00333786
0 0.307943 0.184606 0.03125 0.0590278 0.00327301
0 0.970052 0.462963 0.0442708 0.0787037 0.00286674
0 0.944661 0.948495 0.0872396 0.103009 0.0027256
0 0.976563 0.799769 0.046875 0.109954 0.00265312
0 0.978516 0.331597 0.0429688 0.0752315 0.00257111
0 0.764323 0.25 0.03125 0.0497685 0.0024929
0 0.354818 0.229167 0.0240885 0.0405093 0.00247192
