0 0.870768 0.729167 0.258464 0.541667 0.0778198
0 0.434245 0.631944 0.0585938 0.0659722 0.0700684
0 0.451823 0.815394 0.0598958 0.0972222 0.0646362
0 0.870768 0.802083 0.258464 0.354167 0.0502319
0 0.461589 0.820602 0.0520833 0.0787037 0.0438538
0 0.651693 0.670139 0.0598958 0.0798611 0.0412292
0 0.433268 0.752315 0.0800781 0.185185 0.0376892
0 0.802083 0.840278 0.0911458 0.152778 0.0302734
0 0.445638 0.791667 0.0865885 0.113426 0.0287018
0 0.683594 0.646991 0.114583 0.101852 0.0222015
0 0.71875 0.675926 0.0416667 0.0671296 0.0205994
0 0.86849 0.605179 0.263021 0.789641 0.0195618
0 0.874349 0.840856 0.251302 0.318287 0.0173035
0 0.908854 0.84838 0.182292 0.295139 0.0161591
0 0.804688 0.833333 0.0963542 0.226852 0.0158997
0 0.69987 0.666667 0.0833333 0.101852 0.0147324
0 0.972331 0.884259 0.0553385 0.231481 0.0136337
0 0.460286 0.798611 0.0611979 0.0972222 0.0131683
0 0.68099 0.599682 0.101563 0.205729 0.0124817
0 0.429688 0.800926 0.103516 0.118056 0.0110321
0 0.611003 0.5 0.777995 1 0.0109024
0 0.272786 0.686343 0.0390625 0.0532407 0.0107803
0 0.730957 0.5 0.538086 1 0.0107803
0 0.692057 0.968171 0.0507813 0.0636574 0.0106125
0 0.681641 0.622106 0.148438 0.267361 0.0102463
0 0.702311 0.803241 0.595378 0.393519 0.01017
0 0.432292 0.774306 0.119792 0.141204 0.0100098
0 0.973958 0.916088 0.0520833 0.138889 0.0100098
0 0.68099 0.579861 0.638021 0.840278 0.0100098
0 0.663411 0.5 0.673177 1 0.00993347
0 0.5 0.5 1 1 0.00978088
0 0.973307 0.618056 0.0533854 0.0949074 0.00955963
0 0.761068 0.625 0.477865 0.75 0.00941467
0 0.413086 0.626157 0.0677083 0.0648148 0.00933838
0 0.564941 0.5 0.870117 1 0.00912476
0 0.313477 0.761574 0.0345052 0.0648148 0.00908661
0 0.5 0.5 1 1 0.00894928
0 0.969401 0.840856 0.0611979 0.318287 0.00891876
0 0.721354 0.59838 0.557292 0.803241 0.00818634
0 0.692057 0.5 0.615885 1 0.00757599
0 0.86849 0.635561 0.263021 0.728877 0.00709534
0 0.872396 0.815394 0.255208 0.369213 0.00706482
0 0.5 0.5 1 1 0.0069046
0 0.60026 0.74566 0.799479 0.508681 0.00671768
0 0.694336 0.5 0.611328 1 0.0064888
0 0.444987 0.795139 0.119792 0.409722 0.00605011
0 0.53125 0.60706 0.0442708 0.0659722 0.00570679
0 0.708984 0.652199 0.0677083 0.101852 0.00564194
0 0.5 0.5 1 1 0.00559998
0 0.416016 0.784722 0.166667 0.126157 0.00521851
0 0.436198 0.734954 0.119141 0.195602 0.526367
0 0.435547 0.638889 0.0924479 0.108796 0.233032
0 0.718099 0.659722 0.0507813 0.087963 0.123352
0 0.266846 0.674769 0.0639648 0.0902778 0.117981
0 0.980469 0.915509 0.0390625 0.111111 0.116333
0 0.0922852 0.935185 0.0683594 0.12037 0.114746
0 0.419922 0.634838 0.110677 0.12963 0.0980835
0 0.654948 0.646412 0.0625 0.0972222 0.0913696
0 0.804036 0.820602 0.0716146 0.0925926 0.088501
0 0.651042 0.552083 0.0520833 0.0763889 0.0836182
0 0.716146 0.64294 0.0598958 0.0949074 0.0789185
0 0.395182 0.335069 0.0690104 0.0914352 0.0705566
0 0.670573 0.571759 0.0911458 0.131944 0.0611877
0 0.41276 0.333912 0.0885417 0.0873843 0.0585632
0 0.673828 0.640625 0.119792 0.118056 0.0572815
0 0.787109 0.81713 0.0494792 0.099537 0.0570679
0 0.973958 0.608796 0.0520833 0.0810185 0.0531921
0 0.301758 0.472222 0.0527344 0.0787037 0.0503235
0 0.352539 0.77662 0.063151 0.127315 0.0499573
0 0.440104 0.678819 0.110026 0.200231 0.0484924
0 0.783203 0.790509 0.0546875 0.113426 0.0483093
0 0.947917 0.33015 0.0598958 0.0856481 0.0417786
0 0.475911 0.443287 0.0494792 0.0798611 0.037262
0 0.533529 0.211516 0.0553385 0.100116 0.0328369
0 0.141602 0.836806 0.0527344 0.0902778 0.0318604
0 0.544922 0.221137 0.0559896 0.0889757 0.0310211
0 0.395182 0.55787 0.0872396 0.167824 0.026001
0 0.959635 0.329572 0.0729167 0.0960648 0.0254211
0 0.979492 0.868056 0.0410156 0.141204 0.0244751
0 0.239909 0.709491 0.0755208 0.162037 0.0236969
0 0.90625 0.167535 0.0416667 0.0850694 0.0230255
0 0.41276 0.579861 0.115885 0.153935 0.0227661
0 0.128255 0.146123 0.0625 0.0978009 0.0206451
0 0.802083 0.811343 0.0885417 0.148148 0.0204926
0 0.65625 0.493924 0.0559896 0.109375 0.0204163
0 0.317708 0.759259 0.0585938 0.0983796 0.0195618
0 0.426432 0.347801 0.0833333 0.106481 0.0190887
0 0.864583 0.961806 0.0598958 0.0763889 0.0190582
0 0.839844 0.820023 0.0546875 0.114583 0.0180206
0 0.517253 0.587384 0.0611979 0.100694 0.0178528
0 0.674479 0.395833 0.0598958 0.0717593 0.0174408
0 0.224609 0.748264 0.0638021 0.162037 0.0157776
0 0.0807292 0.918981 0.0924479 0.162037 0.0155411
0 0.884115 0.956597 0.0859375 0.0868056 0.0155411
0 0.924479 0.164352 0.0546875 0.0758102 0.0154877
0 0.267904 0.663773 0.0742188 0.126157 0.0154266
0 0.404948 0.347222 0.0826823 0.123843 0.0152512
0 0.696615 0.574653 0.111979 0.217593 0.0148392
0 0.353841 0.803241 0.0638021 0.131944 0.0142822
0 0.595052 0.552083 0.0429688 0.0601852 0.0132217
0 0.442057 0.762731 0.106771 0.167824 0.596191
0 0.86849 0.720486 0.263021 0.503472 0.424316
0 0.675781 0.590422 0.136719 0.242766 0.369385
0 0.692708 0.965567 0.0494792 0.0688657 0.327637
0 0.90918 0.739583 0.181641 0.460648 0.181274
0 0.695964 0.618056 0.101563 0.219907 0.121704
0 0.969076 0.847222 0.061849 0.173611 0.104492
0 0.128418 0.127749 0.197591 0.19647 0.101929
0 0.109701 0.148582 0.193359 0.256076 0.0943604
0 0.976563 0.592593 0.046875 0.0787037 0.0903931
0 0.977214 0.902778 0.0455729 0.115741 0.0841675
0 0.485677 0.128038 0.157552 0.228299 0.0616455
0 0.371745 0.743056 0.101563 0.131944 0.0574951
0 0.30599 0.695602 0.165365 0.152778 0.0539856
0 0.245443 0.762731 0.103516 0.184028 0.0531921
0 0.109212 0.195312 0.193034 0.367477 0.053009
0 0.916016 0.835069 0.167969 0.302083 0.0526123
0 0.286458 0.725694 0.166667 0.226852 0.0499573
0 0.23112 0.797454 0.0540365 0.113426 0.0479431
0 0.90625 0.126736 0.179688 0.210648 0.0474243
0 0.274089 0.678241 0.078776 0.115741 0.0450134
0 0.380534 0.407697 0.27474 0.463542 0.0446777
0 0.86263 0.965278 0.0520833 0.0694444 0.0428772
0 0.610677 0.650463 0.0338542 0.113426 0.0393372
0 0.142415 0.113715 0.181966 0.157118 0.0365601
0 0.875651 0.630787 0.248698 0.702546 0.035553
0 0.401367 0.809606 0.126953 0.297454 0.0352173
0 0.389893 0.504051 0.326986 0.797454 0.0343628
0 0.40625 0.45544 0.166667 0.359954 0.0328369
0 0.432292 0.796296 0.13151 0.289352 0.0327148
0 0.0917562 0.957176 0.0430501 0.0717593 0.0327148
0 0.748698 0.460648 0.268229 0.321759 0.0321655
0 0.208659 0.77662 0.0807292 0.0949074 0.0314331
0 0.175456 0.130353 0.169271 0.199363 0.0297089
0 0.182292 0.243634 0.336589 0.446181 0.0267029
0 0.739583 0.385995 0.268229 0.498843 0.0254669
0 0.431966 0.129015 0.215495 0.229239 0.0253296
0 0.360026 0.90162 0.0638021 0.12037 0.0249939
0 0.193034 0.101309 0.0911458 0.132451 0.024704
0 0.811198 0.796296 0.0833333 0.138889 0.023468
0 0.360107 0.600116 0.274577 0.395833 0.0232849
0 0.515625 0.134259 0.110677 0.233218 0.0226288
0 0.913411 0.886574 0.157552 0.226852 0.0214844
0 0.388672 0.797454 0.195313 0.256944 0.0211639
0 0.259766 0.733796 0.113281 0.243056 0.0205994
0 0.447266 0.154803 0.213542 0.309606 0.0200958
0 0.959635 0.758102 0.0807292 0.428241 0.0198669
0 0.361247 0.520255 0.281413 0.503472 0.0195007
0 0.942708 0.20978 0.114583 0.222801 0.0194244
0 0.394531 0.600694 0.0625 0.0856481 0.0189362
0 0.432292 0.766204 0.121094 0.166667 0.359375
0 0.44401 0.771412 0.0872396 0.138889 0.267334
0 0.652344 0.659144 0.0520833 0.0902778 0.163452
0 0.457357 0.793403 0.0677083 0.12037 0.134766
0 0.657552 0.646412 0.0598958 0.0983796 0.132935
0 0.781901 0.841435 0.0429688 0.0740741 0.123779
0 0.719401 0.641204 0.0494792 0.0833333 0.120422
0 0.71875 0.670139 0.046875 0.0902778 0.0823975
0 0.523438 0.561343 0.0533854 0.0763889 0.0783691
0 0.100586 0.96875 0.0423177 0.0625 0.0734253
0 0.669922 0.635417 0.0872396 0.106481 0.0713501
0 0.431641 0.746528 0.140625 0.208333 0.0692749
0 0.264974 0.696759 0.0566406 0.087963 0.0639648
0 0.983073 0.905093 0.0338542 0.0925926 0.0524292
0 0.485026 0.612269 0.0364583 0.0694444 0.0413818
0 0.942708 0.338542 0.0625 0.0810185 0.035553
0 0.419596 0.628472 0.110026 0.21412 0.0351562
0 0.677083 0.548466 0.0807292 0.0998264 0.0346985
0 0.798177 0.833333 0.0455729 0.068287 0.0312042
0 0.404948 0.563079 0.0820313 0.130787 0.0302734
0 0.482747 0.45544 0.0416667 0.0590278 0.0290375
0 0.522786 0.58912 0.0533854 0.0902778 0.0259552
0 0.424479 0.609375 0.0976563 0.107639 0.0226288
0 0.417318 0.563657 0.0625 0.118056 0.0191956
0 0.85612 0.972801 0.0351562 0.0543981 0.0179901
0 0.94401 0.381655 0.0625 0.123843 0.0179138
0 0.604167 0.678819 0.0364583 0.0636574 0.0161591
0 0.782552 0.615741 0.0442708 0.0578704 0.0158997
0 0.695313 0.972801 0.0429688 0.0543981 0.0158997
0 0.356771 0.903356 0.0585938 0.0983796 0.0156021
0 0.779948 0.779514 0.0429688 0.0729167 0.0153656
0 0.247884 0.688657 0.0777995 0.0856481 0.0139542
0 0.685547 0.659144 0.0716146 0.0960648 0.0132751
0 0.979492 0.863426 0.0410156 0.171296 0.0130692
0 0.778646 0.904514 0.0390625 0.0625 0.0125275
0 0.0177409 0.966435 0.0354818 0.0671296 0.012291
0 0.691406 0.592593 0.127604 0.215278 0.0106964
0 0.380208 0.677083 0.255208 0.399306 0.0100098
0 0.242839 0.76331 0.0625 0.112269 0.00888062
0 0.190104 0.759259 0.0403646 0.0648148 0.00857544
0 0.41276 0.803241 0.167969 0.229167 0.00806427
0 0.303385 0.744213 0.0742188 0.112269 0.00763702
0 0.976563 0.609375 0.046875 0.0844907 0.00712204
0 0.938802 0.885995 0.0859375 0.149306 0.00695801
0 0.391927 0.535735 0.158854 0.220197 0.0068779
0 0.268311 0.734954 0.0649414 0.118056 0.006073
0 0.546549 0.554398 0.0488281 0.0648148 0.00605011
0 0.703776 0.562645 0.110677 0.143229 0.00605011
0 0.291016 0.691551 0.184896 0.21875 0.00600433
0 0.391276 0.474826 0.272135 0.39294 0.0050621
0 0.433594 0.747106 0.110677 0.163194 0.343262
0 0.442057 0.763889 0.0950521 0.150463 0.312256
0 0.675781 0.623843 0.109375 0.150463 0.196777
0 0.675781 0.560185 0.09375 0.118056 0.182983
0 0.709635 0.642361 0.0585938 0.106481 0.174927
0 0.64974 0.661458 0.0494792 0.0891204 0.157715
0 0.100586 0.960648 0.038737 0.0706019 0.108948
0 0.81901 0.828704 0.0338542 0.0578704 0.102295
0 0.688802 0.644097 0.0807292 0.125 0.100891
0 0.716797 0.661458 0.0455729 0.099537 0.0878906
0 0.265625 0.684028 0.0592448 0.0856481 0.0823975
0 0.674479 0.393519 0.0442708 0.0636574 0.0514526
0 0.690104 0.534867 0.125 0.12934 0.0510864
0 0.860026 0.964699 0.0429688 0.0706019 0.0495911
0 0.700521 0.96875 0.0390625 0.0625 0.0479431
0 0.30013 0.743056 0.0611979 0.109954 0.0477905
0 0.189453 0.759838 0.0436198 0.0717593 0.0403137
0 0.421224 0.684028 0.125 0.284722 0.0380249
0 0.978516 0.59838 0.0429688 0.087963 0.0370483
0 0.280599 0.710648 0.114583 0.1875 0.033844
0 0.238932 0.748843 0.0677083 0.134259 0.0335388
0 0.388672 0.744792 0.0950521 0.157407 0.0321655
0 0.252523 0.692708 0.0782878 0.099537 0.0318604
0 0.98112 0.833333 0.0377604 0.107639 0.0299835
0 0.344727 0.583912 0.347005 0.655093 0.0282135
0 0.980469 0.915509 0.0390625 0.115741 0.0269623
0 0.297852 0.690972 0.408203 0.5625 0.026413
0 0.478516 0.446759 0.0403646 0.0717593 0.026001
0 0.72526 0.484375 0.0598958 0.0902778 0.0254669
0 0.292969 0.568432 0.461589 0.839988 0.0254211
0 0.141927 0.824653 0.0416667 0.0810185 0.0249329
0 0.272217 0.730903 0.0961914 0.174769 0.0236511
0 0.35083 0.707755 0.302246 0.392361 0.0234222
0 0.394531 0.46875 0.488281 0.923611 0.0197601
0 0.658854 0.512731 0.0859375 0.143519 0.0193024
0 0.53125 0.564236 0.0559896 0.0752315 0.0189362
0 0.675781 0.509838 0.104167 0.16088 0.0183411
0 0.271566 0.748843 0.404785 0.502315 0.0164032
0 0.861979 0.930556 0.046875 0.0856481 0.0149536
0 0.760417 0.583912 0.388021 0.450231 0.0146179
0 0.482422 0.612269 0.0403646 0.0798611 0.0142822
0 0.527995 0.588542 0.0553385 0.0856481 0.0137405
0 0.604818 0.690394 0.03125 0.0578704 0.0137405
0 0.32487 0.644097 0.19987 0.299769 0.0134277
0 0.39681 0.559028 0.0690104 0.104167 0.01297
0 0.804688 0.529514 0.390625 0.936343 0.0128708
0 0.888672 0.949074 0.0703125 0.101852 0.012825
0 0.941406 0.908565 0.0559896 0.0717593 0.0127258
0 0.27181 0.664931 0.0852865 0.159722 0.0125732
0 0.388672 0.51331 0.397135 0.753472 0.0124283
0 0.423828 0.756366 0.0963542 0.157407 0.297363
0 0.659505 0.637153 0.0598958 0.116898 0.189575
0 0.64974 0.65625 0.0442708 0.0868056 0.131226
0 0.482422 0.449942 0.0351562 0.0578704 0.122131
0 0.671875 0.618056 0.106771 0.175926 0.10376
0 0.980143 0.59838 0.0397135 0.0740741 0.0970459
0 0.660156 0.540509 0.0481771 0.0601852 0.0927124
0 0.674479 0.583333 0.0885417 0.157407 0.0639648
0 0.427409 0.747106 0.123047 0.181713 0.0637207
0 0.710286 0.625 0.0677083 0.133102 0.0614319
0 0.260742 0.6875 0.0364583 0.0578704 0.0514526
0 0.429688 0.773148 0.0748698 0.149306 0.0412292
0 0.390625 0.609954 0.0351562 0.0555556 0.0282745
0 0.945313 0.324653 0.0390625 0.0555556 0.0211182
0 0.716797 0.564236 0.0820313 0.15162 0.0199432
0 0.72526 0.672454 0.0390625 0.0925926 0.0146179
0 0.31543 0.747685 0.0332031 0.0671296 0.0120544
0 0.432292 0.618056 0.061849 0.0578704 0.0118256
0 0.392578 0.548611 0.0338542 0.0648148 0.00963593
0 0.436198 0.381366 0.0260417 0.0439815 0.00941467
0 0.978516 0.578704 0.0429688 0.101852 0.00912476
0 0.401693 0.374421 0.03125 0.056713 0.00878143
0 0.370443 0.761574 0.0572917 0.114583 0.00871277
0 0.192057 0.767361 0.0328776 0.0532407 0.00800323
0 0.102376 0.971644 0.0354818 0.056713 0.00757599
0 0.489583 0.615741 0.0390625 0.068287 0.00717545
0 0.524089 0.592593 0.0416667 0.0740741 0.0064888
0 0.432292 0.323785 0.0286458 0.0434028 0.00612259
0 0.985026 0.841435 0.0299479 0.0717593 0.00595856
0 0.678385 0.401331 0.0338542 0.0497685 0.0049057
0 0.909505 0.169416 0.0807292 0.0842014 0.00484848
0 0.857422 0.918981 0.0338542 0.0625 0.00482941
0 0.772135 0.322627 0.03125 0.0543981 0.00481033
0 0.954427 0.599537 0.0911458 0.125 0.00481033
0 0.985026 0.914352 0.0299479 0.0810185 0.00471878
0 0.398763 0.336806 0.0371094 0.0625 0.00460815
0 0.690104 0.456887 0.046875 0.0578704 0.00428009
0 0.60612 0.540509 0.0351562 0.0532407 0.00358009
0 0.80599 0.827546 0.0429688 0.0648148 0.00356483
0 0.234212 0.772569 0.039388 0.0671296 0.00355148
0 0.703125 0.974537 0.0442708 0.0509259 0.00345612
0 0.727214 0.525463 0.0716146 0.179398 0.00333786
0 0.890625 0.147714 0.117188 0.108796 0.00324821
0 0.764323 0.554977 0.0494792 0.0729167 0.00324821
0 0.47526 0.420428 0.0397135 0.0775463 0.00317192
0 0.314453 0.702546 0.0429688 0.0810185 0.00312424
0 0.96875 0.33478 0.0520833 0.0868056 0.00294685
0 0.529948 0.55787 0.0403646 0.0659722 0.00275803
0 0.142741 0.153212 0.0517578 0.0882523 0.00274658
0 0.525391 0.716435 0.0481771 0.108796 0.00273705
0 0.653646 0.662616 0.0364583 0.0648148 0.32251
0 0.410807 0.753472 0.0520833 0.0949074 0.169434
0 0.699219 0.965278 0.0390625 0.0613426 0.116333
0 0.43457 0.706597 0.0527344 0.0844907 0.112793
0 0.432292 0.756944 0.0904948 0.125 0.0869141
0 0.682292 0.539931 0.0442708 0.0636574 0.0844727
0 0.861328 0.920139 0.0416667 0.0659722 0.069519
0 0.468099 0.774306 0.0377604 0.0648148 0.0651245
0 0.726563 0.670139 0.0364583 0.0740741 0.0596619
0 0.820313 0.822917 0.0351562 0.0578704 0.0406799
0 0.65625 0.645833 0.0442708 0.087963 0.0395508
0 0.658854 0.53588 0.0364583 0.0578704 0.0384521
0 0.265544 0.680556 0.0314128 0.0555556 0.0368347
0 0.485677 0.445023 0.0325521 0.0636574 0.0351562
0 0.678385 0.609375 0.0625 0.0625 0.0299225
0 0.863932 0.954861 0.0455729 0.0787037 0.0297546
0 0.447266 0.813657 0.0429688 0.0625 0.0291443
0 0.103353 0.961806 0.0364583 0.0613426 0.0263519
0 0.193034 0.762731 0.0221354 0.0381944 0.0230255
0 0.721354 0.630787 0.0390625 0.0740741 0.0208893
0 0.982422 0.913773 0.0351562 0.0694444 0.0203705
0 0.682292 0.400752 0.03125 0.0497685 0.0198364
0 0.235352 0.770255 0.0257161 0.0462963 0.0174408
0 0.684896 0.666667 0.0351562 0.0717593 0.0162201
0 0.558268 0.239583 0.0253906 0.0405093 0.0150757
0 0.979167 0.854745 0.0416667 0.145833 0.0141754
0 0.9375 0.902778 0.0481771 0.0578704 0.0139542
0 0.608073 0.543981 0.0273438 0.0474537 0.0137405
0 0.391602 0.611111 0.0266927 0.0462963 0.012825
0 0.60612 0.684028 0.0182292 0.0416667 0.0127716
0 0.419271 0.76794 0.0807292 0.152778 0.0127716
0 0.486979 0.613426 0.0273438 0.0509259 0.0125732
0 0.847656 0.818287 0.0377604 0.0601852 0.0115051
0 0.778646 0.75463 0.0286458 0.0555556 0.0102463
0 0.920573 0.856481 0.143229 0.206019 0.0102463
0 0.775391 0.315683 0.0325521 0.0503472 0.0100937
0 0.782552 0.836806 0.0338542 0.0555556 0.00894928
0 0.526693 0.588542 0.0325521 0.0671296 0.00871277
0 0.457682 0.791088 0.0611979 0.099537 0.00871277
0 0.535807 0.746528 0.0351562 0.0555556 0.00821686
0 0.733073 0.467882 0.0286458 0.0572917 0.00793457
0 0.440755 0.608796 0.0377604 0.0509259 0.00695801
0 0.529948 0.237847 0.0299479 0.037037 0.00682449
0 0.723307 0.523148 0.046875 0.0775463 0.00656509
0 0.906901 0.838831 0.186198 0.322338 0.00572968
0 0.783854 0.908565 0.0364583 0.0590278 0.00564194
0 0.947917 0.843171 0.102865 0.253472 0.00547028
0 0.566732 0.916667 0.0260417 0.0416667 0.00524139
0 0.89974 0.861111 0.140625 0.277778 0.00496292
0 0.402995 0.33044 0.0299479 0.0503472 0.0049057
0 0.425456 0.759259 0.116536 0.157407 0.38208
0 0.661458 0.641204 0.0768229 0.111111 0.173828
0 0.64974 0.657986 0.046875 0.0787037 0.113586
0 0.682292 0.571759 0.0807292 0.125 0.093689
0 0.673177 0.616898 0.111979 0.162037 0.0820923
0 0.712891 0.618056 0.0598958 0.131944 0.0412292
0 0.265299 0.675926 0.0442708 0.0648148 0.0254211
0 0.420898 0.590278 0.130859 0.143519 0.0252686
0 0.434245 0.744213 0.125 0.208333 0.0213318
0 0.684245 0.582321 0.126302 0.210359 0.0196075
0 0.864583 0.968171 0.0338542 0.0543981 0.0177765
0 0.412435 0.564236 0.0976563 0.152778 0.0160217
0 0.722656 0.478588 0.0455729 0.0914352 0.0147324
0 0.720052 0.658565 0.0390625 0.0902778 0.0139542
0 0.422526 0.612269 0.114583 0.141204 0.0133286
0 0.673828 0.407118 0.0429688 0.0619213 0.0132751
0 0.477214 0.638889 0.0572917 0.148148 0.0119629
0 0.859375 0.927662 0.0325521 0.0648148 0.0101318
0 0.398112 0.550926 0.180339 0.199074 0.00971222
0 0.307292 0.737269 0.0410156 0.0717593 0.00955963
0 0.295573 0.702546 0.0807292 0.0972222 0.0086441
0 0.777995 0.766204 0.0286458 0.0509259 0.00844574
0 0.36263 0.708912 0.27474 0.447917 0.00787354
0 0.233073 0.771412 0.0364583 0.0532407 0.00784302
0 0.681641 0.464699 0.0859375 0.105324 0.00766754
0 0.192057 0.762731 0.030599 0.0439815 0.00714874
0 0.375977 0.648727 0.27474 0.445602 0.00712204
0 0.808594 0.822338 0.0494792 0.0578704 0.00653839
0 0.519531 0.584491 0.0481771 0.0787037 0.00626373
0 0.375081 0.483507 0.261556 0.340856 0.00614548
0 0.980469 0.568287 0.0390625 0.0810185 0.00609589
0 0.483724 0.446181 0.0364583 0.0653935 0.00557709
0 0.770833 0.315972 0.0338542 0.0538194 0.00530243
0 0.380208 0.787037 0.0924479 0.19213 0.00518036
0 0.299479 0.616898 0.0742188 0.0902778 0.00510025
0 0.673177 0.481771 0.0963542 0.110532 0.00498199
0 0.611979 0.546296 0.0351562 0.0451389 0.00475693
0 0.526042 0.566551 0.0436198 0.0763889 0.00473785
0 0.249023 0.686343 0.0553385 0.0578704 0.00443268
0 0.98112 0.590278 0.0377604 0.0763889 0.0042305
0 0.927083 0.847801 0.140625 0.255787 0.00416565
0 0.279297 0.637731 0.0520833 0.087963 0.00408554
0 0.778646 0.827546 0.0286458 0.0486111 0.00408554
0 0.372396 0.429977 0.296224 0.491898 0.00392914
0 0.755859 0.510417 0.25651 0.292824 0.00374985
0 0.983724 0.913194 0.0325521 0.09375 0.00349617
0 0.666667 0.404514 0.0546875 0.068287 0.00322342
0 0.78125 0.59375 0.046875 0.0706019 0.00318527
0 0.84375 0.815972 0.0481771 0.0902778 0.00318527
0 0.824219 0.46412 0.0885417 0.099537 0.00313568
