0 0.674479 0.755787 0.0494792 0.0787037 0.122131
0 0.921875 0.531105 0.0625 0.0836227 0.0390625
0 0.522135 0.780093 0.0559896 0.0856481 0.0244751
0 0.352214 0.597801 0.0481771 0.0578704 0.0160217
0 0.920573 0.528935 0.0794271 0.109954 0.0135345
0 0.5 0.5 1 1 0.0131226
0 0.5 0.5 1 1 0.0106964
0 0.971029 0.780093 0.0579427 0.0949074 0.00806427
0 0.7111 0.5 0.577799 1 0.00793457
0 0.632161 0.5 0.735677 1 0.00760651
0 0.624349 0.5 0.751302 1 0.00746155
0 0.623698 0.515046 0.752604 0.969907 0.00717545
0 0.680664 0.693576 0.638672 0.612847 0.00666809
0 0.0527344 0.611111 0.0572917 0.0694444 0.00653839
0 0.5 0.5 1 1 0.00653839
0 0.485026 0.5 0.970052 1 0.00602722
0 0.520833 0.730903 0.0664062 0.128472 0.00595856
0 0.691244 0.5 0.617513 1 0.00568771
0 0.575521 0.5 0.848958 1 0.00547028
0 0.761068 0.637153 0.477865 0.725694 0.00536346
0 0.685547 0.724537 0.078125 0.099537 0.00534439
0 0.933594 0.489005 0.108073 0.174769 0.0053215
0 0.942708 0.328704 0.106771 0.135995 0.00411606
0 0.957031 0.320023 0.0833333 0.136574 0.00397491
0 0.96224 0.770833 0.0755208 0.12037 0.00385475
0 0.923177 0.674769 0.11849 0.383102 0.00379562
0 0.966146 0.800926 0.0677083 0.136574 0.00376511
0 0.934896 0.744213 0.109375 0.238426 0.00359344
0 0.923177 0.317998 0.153646 0.635995 0.00342941
0 0.432943 0.774306 0.0416667 0.0717593 0.00340271
0 0.921875 0.254123 0.15625 0.355179 0.00304031
0 0.962891 0.696759 0.0742188 0.314815 0.00293541
0 0.909505 0.292824 0.18099 0.242477 0.0028553
0 0.906576 0.398727 0.186849 0.658565 0.00275803
0 0.927083 0.65842 0.145833 0.37066 0.00269318
0 0.892578 0.224826 0.214844 0.423611 0.0026722
0 0.943359 0.523293 0.113281 0.319155 0.00259018
0 0.943359 0.224971 0.113281 0.449942 0.00255013
0 0.61849 0.277199 0.760417 0.554398 0.00216484
0 0.933594 0.383681 0.132812 0.725694 0.00208282
0 0.281169 0.626157 0.0691732 0.0648148 0.00195694
0 0.959635 0.803241 0.0807292 0.189815 0.00195694
0 0.0530599 0.588542 0.0761719 0.133102 0.00189686
0 0.358073 0.56713 0.0651042 0.0810185 0.00188923
0 0.516927 0.815972 0.0559896 0.0972222 0.00186729
0 0.553385 0.756366 0.216146 0.210648 0.00186062
0 0.590983 0.573929 0.15918 0.180845 0.00177479
0 0.682292 0.681713 0.390625 0.498843 0.00176144
0 0.917969 0.495949 0.164063 0.244213 0.00165462
0 0.880534 0.699074 0.238932 0.509259 0.0016489
0 0.677734 0.743056 0.0546875 0.0868056 0.464844
0 0.138021 0.767361 0.0572917 0.0891204 0.269043
0 0.0538737 0.599537 0.0582682 0.0763889 0.237183
0 0.923177 0.508102 0.0546875 0.0925926 0.235107
0 0.0581055 0.371528 0.0589193 0.0775463 0.191284
0 0.971354 0.780671 0.0572917 0.0902778 0.180054
0 0.350586 0.575231 0.0579427 0.0902778 0.178345
0 0.68099 0.730324 0.0664062 0.106481 0.161865
0 0.047526 0.78125 0.0680339 0.116898 0.15564
0 0.972656 0.334491 0.0494792 0.0775463 0.145142
0 0.507812 0.342303 0.0501302 0.0868056 0.120422
0 0.194987 0.266782 0.0533854 0.0787037 0.11438
0 0.642578 0.250289 0.0625 0.0896991 0.107788
0 0.507161 0.373264 0.0455729 0.0763889 0.103394
0 0.403646 0.844907 0.0494792 0.0671296 0.100525
0 0.515625 0.769676 0.0585938 0.106481 0.0963745
0 0.595703 0.242477 0.0716146 0.0902778 0.0891113
0 0.679688 0.262153 0.0625 0.0891204 0.0888062
0 0.30013 0.475116 0.0592448 0.0810185 0.0820923
0 0.2264 0.600116 0.0403646 0.0625 0.0812378
0 0.0547689 0.36169 0.0727539 0.10706 0.0769653
0 0.678385 0.285301 0.0559896 0.0885417 0.0731812
0 0.597005 0.535735 0.0651042 0.0882523 0.0661011
0 0.309245 0.542679 0.078125 0.12066 0.0598755
0 0.568359 0.243562 0.0572917 0.0973669 0.0558167
0 0.0545247 0.588542 0.0764974 0.119213 0.0549927
0 0.815104 0.677083 0.0598958 0.0740741 0.0544128
0 0.515625 0.695602 0.0553385 0.0949074 0.0518494
0 0.112956 0.710069 0.0403646 0.0763889 0.0484924
0 0.0360514 0.548611 0.0525716 0.0717593 0.0483093
0 0.0288086 0.474826 0.0416667 0.0665509 0.0474243
0 0.31901 0.227141 0.0611979 0.104167 0.041687
0 0.140625 0.78125 0.0546875 0.126157 0.0391846
0 0.385091 0.0479601 0.061849 0.0808738 0.0379639
0 0.432292 0.577546 0.0507813 0.087963 0.0378113
0 0.280599 0.815394 0.0611979 0.112269 0.0358887
0 0.276042 0.775463 0.0657552 0.108796 0.0353394
0 0.960938 0.766782 0.0559896 0.0983796 0.0340271
0 0.977865 0.3614 0.0338542 0.0902778 0.0334778
0 0.039388 0.335069 0.0551758 0.068287 0.0325928
0 0.275472 0.689815 0.0597331 0.0787037 0.03125
0 0.397461 0.372685 0.0664062 0.113426 0.0305023
0 0.582682 0.528935 0.0755208 0.105324 0.0298767
0 0.590495 0.392072 0.0533854 0.072338 0.0291443
0 0.973958 0.722222 0.0520833 0.189815 0.0265045
0 0.382161 0.0523003 0.0546875 0.104601 0.0263062
0 0.852214 0.328704 0.046875 0.0729167 0.0263062
0 0.957031 0.336806 0.0520833 0.0810185 0.0257568
0 0.286133 0.503472 0.0820313 0.15162 0.0253296
0 0.338216 0.217593 0.0533854 0.0873843 0.0250397
0 0.408854 0.842593 0.0377604 0.0601852 0.521484
0 0.522135 0.787037 0.0566406 0.0833333 0.341553
0 0.677083 0.738426 0.0416667 0.0648148 0.286865
0 0.13737 0.751736 0.0423177 0.0601852 0.212036
0 0.502279 0.121383 0.669922 0.242766 0.168335
0 0.0552572 0.608796 0.0375977 0.0532407 0.155029
0 0.514974 0.799769 0.0507813 0.0787037 0.117981
0 0.976563 0.782407 0.046875 0.0763889 0.0742188
0 0.914063 0.269097 0.0885417 0.0902778 0.0682983
0 0.556641 0.139034 0.485677 0.278067 0.0646362
0 0.684245 0.264468 0.0442708 0.0653935 0.0607605
0 0.972656 0.3261 0.0546875 0.109954 0.0422363
0 0.348307 0.584491 0.0351562 0.0613426 0.037384
0 0.421875 0.833912 0.0455729 0.0532407 0.037384
0 0.0525716 0.373553 0.0400391 0.0619213 0.035553
0 0.143229 0.608796 0.0201823 0.037037 0.033844
0 0.777995 0.770833 0.0403646 0.068287 0.0335999
0 0.303385 0.835648 0.0338542 0.0578704 0.0325928
0 0.936198 0.686343 0.0234375 0.0416667 0.0323486
0 0.901042 0.534722 0.0260417 0.0451389 0.0321045
0 0.802083 0.785301 0.0442708 0.0717593 0.0320435
0 0.275716 0.54456 0.0820313 0.12037 0.0317993
0 0.94401 0.332176 0.101563 0.12963 0.0316162
0 0.924479 0.523727 0.0351562 0.0462963 0.0308533
0 0.389974 0.136863 0.760417 0.273727 0.0294189
0 0.305339 0.480035 0.0390625 0.0700231 0.0291443
0 0.949219 0.75463 0.0338542 0.0601852 0.0284424
0 0.923828 0.332176 0.127604 0.131944 0.0273743
0 0.278971 0.494792 0.0735677 0.0972222 0.0267639
0 0.273438 0.834491 0.0338542 0.0601852 0.0267029
0 0.641927 0.260417 0.0364583 0.0601852 0.0266113
0 0.232585 0.599537 0.0240885 0.0462963 0.026413
0 0.0253906 0.470486 0.0364583 0.0601852 0.0261993
0 0.300781 0.556713 0.0442708 0.0810185 0.0261993
0 0.682943 0.719907 0.0520833 0.0821759 0.0249329
0 0.233561 0.824074 0.0292969 0.0497685 0.0247498
0 0.599609 0.685764 0.0338542 0.0439815 0.0229797
0 0.264648 0.765625 0.0371094 0.0717593 0.0215759
0 0.432292 0.587963 0.0325521 0.0578704 0.0214844
0 0.232096 0.396412 0.0270182 0.0347222 0.0194244
0 0.98405 0.683449 0.031901 0.0439815 0.0193024
0 0.09729 0.689815 0.0287272 0.0486111 0.0188293
0 0.520182 0.527778 0.0208333 0.037037 0.0173035
0 0.607422 0.256944 0.0442708 0.056713 0.0165253
0 0.8125 0.542824 0.0286458 0.0439815 0.0165253
0 0.246745 0.559028 0.0598958 0.0949074 0.0157166
0 0.926432 0.3125 0.136719 0.178241 0.0155411
0 0.348958 0.84375 0.0338542 0.0462963 0.0153656
0 0.982747 0.613426 0.0345052 0.0416667 0.0141144
0 0.897786 0.37963 0.0429688 0.0555556 0.0139542
0 0.673177 0.744792 0.0403646 0.0787037 0.442627
0 0.403646 0.83912 0.0403646 0.0555556 0.414062
0 0.132161 0.751157 0.0358073 0.0601852 0.257568
0 0.511068 0.805556 0.0455729 0.0775463 0.23584
0 0.516276 0.790509 0.0507813 0.0810185 0.187744
0 0.055013 0.612269 0.0325521 0.0555556 0.156128
0 0.347005 0.588542 0.0377604 0.0636574 0.152588
0 0.351563 0.563657 0.0403646 0.0671296 0.126831
0 0.507812 0.387731 0.0351562 0.0578704 0.0894775
0 0.80013 0.782407 0.0416667 0.0798611 0.0836182
0 0.678385 0.71875 0.0442708 0.0810185 0.0682983
0 0.783854 0.770833 0.0442708 0.0740741 0.0577087
0 0.28125 0.47338 0.0442708 0.0625 0.0548096
0 0.0517578 0.389468 0.0371094 0.0665509 0.0512695
0 0.942057 0.751736 0.0338542 0.0601852 0.0481262
0 0.299479 0.834491 0.0351562 0.0578704 0.0408325
0 0.297526 0.545139 0.0351562 0.0671296 0.0268555
0 0.0174154 0.540509 0.030599 0.0532407 0.0267639
0 0.983073 0.676505 0.0338542 0.0729167 0.0259094
0 0.978516 0.78588 0.0429688 0.09375 0.0233765
0 0.979818 0.627315 0.0351562 0.0625 0.0186157
0 0.0222168 0.472222 0.0372721 0.0601852 0.0179901
0 0.671875 0.747685 0.0572917 0.0763889 0.0166626
0 0.0957438 0.689815 0.0266113 0.0486111 0.0162811
0 0.426432 0.594907 0.0351562 0.0601852 0.0154266
0 0.0323893 0.610532 0.0419922 0.0648148 0.0153656
0 0.276367 0.826389 0.0449219 0.0694444 0.0137405
0 0.0385742 0.763889 0.0553385 0.0972222 0.0131226
0 0.225423 0.605903 0.0253906 0.0451389 0.0120544
0 0.928385 0.520255 0.0442708 0.0671296 0.0115051
0 0.045166 0.760417 0.0437826 0.0671296 0.0112915
0 0.943359 0.703125 0.0390625 0.0625 0.0109024
0 0.799479 0.809606 0.046875 0.0891204 0.0106506
0 0.599121 0.534722 0.0335286 0.0509259 0.00837708
0 0.35612 0.840278 0.0377604 0.0416667 0.00751877
0 0.479818 0.467882 0.0351562 0.0480324 0.00734711
0 0.238118 0.82581 0.038737 0.0520833 0.00734711
0 0.138346 0.607639 0.0273438 0.0393519 0.00658798
0 0.300781 0.471065 0.0325521 0.0532407 0.00602722
0 0.136068 0.703704 0.0325521 0.0578704 0.00557709
0 0.0707194 0.559028 0.035319 0.0671296 0.00547028
0 0.597819 0.686343 0.0361328 0.0497685 0.00482941
0 0.286784 0.539352 0.0494792 0.0763889 0.00479126
0 0.261068 0.769676 0.0397135 0.0833333 0.00469971
0 0.422526 0.835648 0.0442708 0.0532407 0.00468063
0 0.858073 0.538194 0.0286458 0.0381944 0.00416565
0 0.666667 0.697338 0.0520833 0.0648148 0.00413513
0 0.521484 0.689815 0.0488281 0.0648148 0.00395966
0 0.80599 0.899884 0.0494792 0.0775463 0.00366402
0 0.498698 0.389468 0.0494792 0.0613426 0.00349617
0 0.404948 0.837963 0.0351562 0.0555556 0.367432
0 0.0581055 0.611111 0.0374349 0.0636574 0.287842
0 0.136068 0.746528 0.030599 0.0555556 0.277588
0 0.678385 0.740741 0.0364583 0.0648148 0.248657
0 0.0537923 0.383102 0.0336914 0.0578704 0.230957
0 0.511393 0.805556 0.0410156 0.0787037 0.213989
0 0.349609 0.58912 0.0351562 0.0625 0.178345
0 0.981771 0.612269 0.0364583 0.0671296 0.110474
0 0.516276 0.784722 0.0416667 0.0810185 0.104126
0 0.605469 0.538773 0.0234375 0.0497685 0.0680542
0 0.93099 0.518519 0.0364583 0.0659722 0.0670776
0 0.282552 0.465278 0.0403646 0.0601852 0.0637207
0 0.234538 0.600694 0.0286458 0.0543981 0.0623169
0 0.975911 0.777778 0.0429688 0.0763889 0.0598755
0 0.301432 0.538773 0.0292969 0.056713 0.049408
0 0.352214 0.561343 0.0397135 0.0694444 0.0451965
0 0.430339 0.834491 0.0338542 0.0497685 0.0377502
0 0.806641 0.902778 0.0429688 0.0694444 0.0368347
0 0.966146 0.31684 0.046875 0.0729167 0.0352173
0 0.950521 0.75463 0.0390625 0.0532407 0.0345459
0 0.981771 0.680556 0.03125 0.0659722 0.0309143
0 0.56543 0.53588 0.0221354 0.0439815 0.0303345
0 0.0673828 0.563657 0.0371094 0.0833333 0.029541
0 0.236654 0.553241 0.0332031 0.0648148 0.0290833
0 0.239583 0.832176 0.0345052 0.0462963 0.0277405
0 0.296875 0.467014 0.0416667 0.0671296 0.0266571
0 0.187174 0.259838 0.030599 0.0613426 0.0263519
0 0.679036 0.712963 0.0403646 0.0763889 0.0253754
0 0.955078 0.317419 0.046875 0.0601852 0.0244751
0 0.263021 0.684028 0.0292969 0.0509259 0.0231934
0 0.0259603 0.461227 0.035319 0.0509259 0.0215759
0 0.314128 0.826389 0.0260417 0.0486111 0.0202942
0 0.283854 0.54456 0.0358073 0.0601852 0.0182648
0 0.277995 0.399884 0.0377604 0.0601852 0.0182343
0 0.0585938 0.453704 0.0253906 0.0515046 0.0172424
0 0.0253906 0.534722 0.0292969 0.0509259 0.0165863
0 0.928385 0.49537 0.0416667 0.0844907 0.0161591
0 0.861979 0.541088 0.0260417 0.0474537 0.0157776
0 0.941406 0.690972 0.03125 0.0532407 0.0148392
0 0.428711 0.587384 0.031901 0.0648148 0.0145035
0 0.143555 0.300058 0.0247396 0.0503472 0.0139542
0 0.679688 0.25 0.0520833 0.0873843 0.0136337
0 0.233561 0.393808 0.0279948 0.0480324 0.0123367
0 0.0532227 0.34809 0.0426432 0.083912 0.012146
0 0.0522461 0.759259 0.0361328 0.0555556 0.0120544
0 0.979167 0.567708 0.0351562 0.119213 0.0112457
0 0.0422363 0.608796 0.050293 0.0625 0.0104523
0 0.277669 0.605324 0.0227865 0.0462963 0.00974274
0 0.889323 0.314815 0.0286458 0.0428241 0.00971222
0 0.761068 0.392361 0.0299479 0.0451389 0.00945282
0 0.135417 0.751736 0.03125 0.0497685 0.226807
0 0.0577799 0.612269 0.0338542 0.056713 0.189575
0 0.0558268 0.374421 0.0358073 0.0532407 0.148071
0 0.350911 0.584491 0.0377604 0.0671296 0.147583
0 0.679036 0.744213 0.0364583 0.0694444 0.103027
0 0.40625 0.842593 0.0345052 0.0497685 0.0957031
0 0.516276 0.81713 0.0377604 0.0671296 0.0783691
0 0.932292 0.519676 0.0377604 0.0636574 0.0516663
0 0.278646 0.469907 0.0345052 0.0601852 0.0465393
0 0.97526 0.318866 0.0338542 0.0555556 0.0211182
0 0.352214 0.564236 0.0397135 0.0729167 0.0209656
0 0.942708 0.319444 0.03125 0.0462963 0.019165
0 0.0250651 0.537037 0.0341797 0.0578704 0.0180511
0 0.297526 0.463831 0.0384115 0.0491898 0.0167236
0 0.51237 0.321759 0.03125 0.0416667 0.0142822
0 0.233073 0.603588 0.0257161 0.0497685 0.0126266
0 0.891927 0.296875 0.03125 0.052662 0.0118713
0 0.57194 0.540509 0.030599 0.0393519 0.0106506
0 0.486328 0.321181 0.0279948 0.0381944 0.00967407
0 0.258789 0.6875 0.0377604 0.0509259 0.00919342
0 0.645833 0.256944 0.0286458 0.0543981 0.00888062
0 0.142253 0.30787 0.0266927 0.0439815 0.00812531
0 0.272135 0.246528 0.0234375 0.0405093 0.00806427
0 0.89974 0.256366 0.0338542 0.0601852 0.00793457
0 0.852865 0.313079 0.0221354 0.0405093 0.00793457
0 0.645833 0.301505 0.0260417 0.0405093 0.00763702
0 0.976563 0.778935 0.0377604 0.0706019 0.00746155
0 0.863281 0.404514 0.0351562 0.0590278 0.00743103
0 0.519857 0.525463 0.0279948 0.0462963 0.00723267
0 0.602214 0.542824 0.03125 0.0486111 0.00712204
0 0.985677 0.548611 0.0286458 0.0578704 0.0069313
0 0.88151 0.390336 0.0364583 0.0491898 0.00666809
0 0.51888 0.784722 0.0429688 0.0972222 0.00664139
0 0.436849 0.590278 0.03125 0.0671296 0.00634003
0 0.305664 0.533565 0.0299479 0.0532407 0.00626373
0 0.602865 0.245949 0.0234375 0.0428241 0.00614548
0 0.688802 0.310764 0.0260417 0.0387731 0.00579834
0 0.440755 0.320312 0.0234375 0.0318287 0.00570679
0 0.685547 0.252025 0.0260417 0.0503472 0.00540543
0 0.404948 0.393229 0.0364583 0.0590278 0.00536346
0 0.516602 0.690972 0.0384115 0.0613426 0.00518036
0 0.050944 0.34375 0.047526 0.0752315 0.0050621
0 0.598958 0.388889 0.0286458 0.0416667 0.00481033
0 0.497396 0.821181 0.0625 0.0613426 0.0046463
0 0.402344 0.3261 0.0299479 0.0399306 0.00453949
0 0.563151 0.310764 0.0234375 0.03125 0.00445175
0 0.188477 0.254051 0.0253906 0.0457176 0.00434875
0 0.679688 0.71412 0.0442708 0.0810185 0.00431442
0 0.929688 0.484375 0.0390625 0.0694444 0.00403976
0 0.604818 0.310185 0.0260417 0.0324074 0.00392914
0 0.138346 0.746528 0.03125 0.0578704 0.63623
0 0.682292 0.736111 0.0416667 0.0648148 0.569824
0 0.406901 0.835648 0.0338542 0.0509259 0.438721
0 0.35319 0.583912 0.0358073 0.0636574 0.402588
0 0.0613607 0.609954 0.0328776 0.0578704 0.217285
0 0.0638021 0.370949 0.0384115 0.0572917 0.204956
0 0.518555 0.806134 0.0403646 0.0659722 0.185303
0 0.278646 0.472801 0.03125 0.0538194 0.117554
0 0.486328 0.321759 0.0234375 0.037037 0.100159
0 0.521484 0.783565 0.0390625 0.0717593 0.0685425
0 0.520182 0.319444 0.0188802 0.0347222 0.0668335
0 0.309896 0.827546 0.0286458 0.0509259 0.0658569
0 0.239421 0.832755 0.0302734 0.0439815 0.0607605
0 0.354818 0.561343 0.0377604 0.0671296 0.0589905
0 0.235677 0.601273 0.0214844 0.0486111 0.0572815
0 0.936198 0.514034 0.0286458 0.0622106 0.0562439
0 0.44401 0.320312 0.0201823 0.03125 0.0549927
0 0.265625 0.681713 0.0273438 0.0486111 0.0445251
0 0.68099 0.715856 0.0416667 0.0775463 0.0426331
0 0.434896 0.586806 0.0299479 0.0625 0.0379639
0 0.97526 0.771991 0.0390625 0.0648148 0.035675
0 0.235189 0.391782 0.0211589 0.0353009 0.0340271
0 0.306641 0.532407 0.0234375 0.0462963 0.0324097
0 0.81901 0.320602 0.0221354 0.0335648 0.0289764
0 0.646484 0.393519 0.0182292 0.037037 0.0280151
0 0.764974 0.391204 0.0208333 0.0353009 0.026001
0 0.307292 0.463542 0.0260417 0.0497685 0.0259552
0 0.647135 0.252894 0.0208333 0.0416667 0.0257568
0 0.0242513 0.532986 0.0208333 0.0405093 0.024704
0 0.283203 0.382523 0.03125 0.0416667 0.0222015
0 0.129232 0.738426 0.0537109 0.0659722 0.0216522
0 0.597656 0.393519 0.0260417 0.0462963 0.0212097
0 0.858073 0.40162 0.0234375 0.0486111 0.0203705
0 0.569661 0.532986 0.0221354 0.037037 0.0197144
0 0.686198 0.249711 0.0208333 0.0387731 0.0195618
0 0.404948 0.393229 0.03125 0.0532407 0.0179901
0 0.439128 0.55787 0.0292969 0.0625 0.0173035
0 0.904948 0.688079 0.0260417 0.0393519 0.0148392
0 0.428385 0.821759 0.0429688 0.0555556 0.0146179
0 0.691406 0.315972 0.0208333 0.0381944 0.0144501
0 0.525391 0.528935 0.0195313 0.0393519 0.0143356
0 0.899089 0.249132 0.0338542 0.0532407 0.0138474
0 0.932292 0.48669 0.03125 0.0636574 0.0132217
0 0.357422 0.838542 0.0260417 0.037037 0.0120544
0 0.024821 0.462384 0.0268555 0.0462963 0.0118713
0 0.11377 0.691551 0.031901 0.0474537 0.0113754
0 0.895833 0.387731 0.0169271 0.041088 0.0113297
0 0.274089 0.243634 0.0182292 0.0347222 0.0109024
0 0.607422 0.248843 0.0182292 0.037037 0.0109024
0 0.895182 0.30816 0.0208333 0.0341435 0.0109024
0 0.68099 0.738426 0.0364583 0.0578704 0.495117
0 0.349935 0.584491 0.0371094 0.0625 0.255371
0 0.136882 0.746528 0.030599 0.0555556 0.224731
0 0.0541178 0.370949 0.0372721 0.0555556 0.183594
0 0.0559082 0.608218 0.0336914 0.0462963 0.137939
0 0.351563 0.565972 0.0384115 0.0671296 0.101929
0 0.403646 0.83912 0.0299479 0.0347222 0.0980835
0 0.519531 0.814236 0.0351562 0.0625 0.0903931
0 0.275716 0.470486 0.0377604 0.0497685 0.0720825
0 0.0215658 0.539352 0.0284831 0.0439815 0.0675659
0 0.976563 0.771991 0.0351562 0.056713 0.0458679
0 0.682292 0.715278 0.0390625 0.0694444 0.0391235
0 0.307292 0.465856 0.0325521 0.0491898 0.0335388
0 0.520182 0.785301 0.0384115 0.0717593 0.0306244
0 0.304362 0.534144 0.031901 0.0520833 0.0255585
0 0.432943 0.58912 0.0286458 0.0601852 0.0198669
0 0.0243327 0.456019 0.0375977 0.0769676 0.0171814
0 0.280029 0.52662 0.0727539 0.106481 0.0155411
0 0.233724 0.394097 0.0221354 0.03125 0.0148392
0 0.482422 0.825231 0.0273438 0.0393519 0.0142822
0 0.234375 0.602431 0.031901 0.0509259 0.0131226
0 0.0418294 0.598958 0.0530599 0.0578704 0.0120544
0 0.563802 0.539352 0.0182292 0.025463 0.0105667
0 0.237956 0.835648 0.0292969 0.0347222 0.0105667
0 0.522786 0.535301 0.0182292 0.025463 0.00901794
0 0.0693359 0.556134 0.0400391 0.0659722 0.00857544
0 0.935547 0.520833 0.0299479 0.0520833 0.00746155
0 0.306641 0.832176 0.0286458 0.0416667 0.00723267
0 0.900391 0.6875 0.0208333 0.0277778 0.00703812
0 0.141276 0.715278 0.0325521 0.0694444 0.00701141
0 0.127116 0.741319 0.055013 0.0613426 0.00677109
0 0.280599 0.384838 0.0358073 0.0347222 0.00624084
0 0.666016 0.74537 0.0494792 0.068287 0.00624084
0 0.96875 0.308449 0.0442708 0.0752315 0.00616837
0 0.657552 0.684028 0.03125 0.0300926 0.00595856
0 0.951823 0.318576 0.0546875 0.0694444 0.00577545
0 0.0323893 0.765046 0.0439453 0.0763889 0.00548935
0 0.396484 0.466146 0.0260417 0.0399306 0.00536346
0 0.25293 0.563802 0.0950521 0.145544 0.00494385
0 0.436198 0.5625 0.0286458 0.0601852 0.00471878
0 0.237793 0.568287 0.0426432 0.099537 0.00441742
0 0.0476888 0.362558 0.0634766 0.0804398 0.0042305
0 0.949219 0.759259 0.0377604 0.0439815 0.0042305
0 0.604818 0.539931 0.0195313 0.03125 0.00421524
0 0.981771 0.686343 0.0286458 0.0462963 0.00421524
0 0.979167 0.810185 0.03125 0.0671296 0.00419998
0 0.482747 0.321759 0.0201823 0.0300926 0.00415039
0 0.398438 0.387731 0.0286458 0.0457176 0.00411606
0 0.90625 0.250579 0.0651042 0.0729167 0.0041008
0 0.601563 0.3886 0.0208333 0.0324074 0.00379562
