0 0.701172 0.457176 0.591146 0.914352 0.366699
0 0.824219 0.551071 0.322917 0.664062 0.15564
0 0.717448 0.554398 0.520833 0.658565 0.121704
0 0.590983 0.33941 0.299805 0.678819 0.0758667
0 0.238932 0.384259 0.173828 0.145255 0.0718384
0 0.372721 0.523727 0.720703 0.952546 0.0662231
0 0.630371 0.397569 0.583008 0.746528 0.0657349
0 0.285075 0.235822 0.319173 0.469329 0.0589905
0 0.705078 0.632668 0.585938 0.734664 0.0465393
0 0.461914 0.450231 0.647786 0.826389 0.0394287
0 0.280599 0.273799 0.178385 0.388744 0.0348816
0 0.616536 0.524161 0.688802 0.833623 0.0333252
0 0.214681 0.375 0.182617 0.153356 0.0309601
0 0.232422 0.30259 0.216797 0.339265 0.0298157
0 0.327799 0.53559 0.486328 0.928819 0.0281677
0 0.61263 0.397569 0.375 0.625 0.026001
0 0.82487 0.677951 0.321615 0.644097 0.0253754
0 0.2264 0.366319 0.206706 0.200231 0.0228424
0 0.779948 0.454282 0.3125 0.516204 0.0227661
0 0.834635 0.796296 0.197917 0.199074 0.0223694
0 0.716146 0.452619 0.332031 0.512587 0.0203705
0 0.809245 0.806713 0.178385 0.178241 0.016922
0 0.557292 0.832755 0.885417 0.334491 0.0162811
0 0.851563 0.438947 0.296875 0.858218 0.016098
0 0.665527 0.5 0.668945 1 0.0159607
0 0.832031 0.721065 0.268229 0.344907 0.0158386
0 0.659505 0.803241 0.68099 0.393519 0.0154877
0 0.494792 0.537616 0.755208 0.924769 0.0150757
0 0.453206 0.259259 0.619629 0.434606 0.0149002
0 0.542969 0.276331 0.614583 0.489005 0.0147324
0 0.524089 0.334491 0.36849 0.641204 0.0141754
0 0.848958 0.619213 0.302083 0.490741 0.0131683
0 0.652344 0.456019 0.417969 0.592593 0.0131226
0 0.80599 0.755208 0.260417 0.267361 0.012825
0 0.636556 0.485243 0.72168 0.970486 0.0116425
0 0.763672 0.542245 0.25651 0.663194 0.0115967
0 0.665202 0.49537 0.669596 0.990741 0.0107346
0 0.820313 0.906829 0.333333 0.186343 0.0106506
0 0.48763 0.522569 0.0846354 0.232639 0.0105667
0 0.763184 0.756366 0.442383 0.487269 0.0100937
0 0.697266 0.573495 0.605469 0.853009 0.0100937
0 0.709635 0.514468 0.384115 0.619213 0.00978088
0 0.162435 0.345486 0.0852865 0.148148 0.00945282
0 0.59375 0.773148 0.0690104 0.189815 0.00919342
0 0.544596 0.447917 0.198568 0.467593 0.00905609
0 0.701986 0.5 0.596029 1 0.00888062
0 0.511393 0.622106 0.977214 0.755787 0.00834656
0 0.734375 0.39265 0.268229 0.329282 0.00806427
0 0.5 0.5 1 1 0.00734711
0 0.779948 0.664352 0.238281 0.443287 0.00698471
0 0.163737 0.325231 0.0755208 0.155093 0.248047
0 0.221029 0.385417 0.063151 0.123843 0.246582
0 0.167318 0.345486 0.0983073 0.15162 0.241455
0 0.283529 0.374421 0.0872396 0.150463 0.181274
0 0.792969 0.771991 0.104167 0.201389 0.143188
0 0.79362 0.802083 0.0768229 0.141204 0.119202
0 0.389974 0.441262 0.0559896 0.106481 0.105225
0 0.839844 0.538773 0.0677083 0.0868056 0.103394
0 0.591309 0.596065 0.0569661 0.099537 0.102661
0 0.380859 0.753472 0.0716146 0.104167 0.0974121
0 0.0586751 0.625 0.0773112 0.0821759 0.0966797
0 0.186849 0.365741 0.104818 0.136574 0.0907593
0 0.24707 0.372975 0.159505 0.147569 0.0900879
0 0.597005 0.727431 0.0638021 0.113426 0.0847778
0 0.761068 0.449942 0.0507813 0.0792824 0.0820923
0 0.395833 0.40625 0.0644531 0.142361 0.0783691
0 0.578451 0.583333 0.0839844 0.210648 0.0778198
0 0.861979 0.771991 0.0807292 0.194444 0.0755615
0 0.68099 0.407407 0.078125 0.171296 0.0705566
0 0.826823 0.547454 0.0520833 0.0902778 0.0658569
0 0.485677 0.520255 0.0820313 0.247685 0.0616455
0 0.307943 0.0910012 0.0677083 0.113426 0.0603027
0 0.0500488 0.936343 0.0802409 0.0949074 0.0585632
0 0.670573 0.44184 0.0885417 0.20081 0.058136
0 0.597494 0.701389 0.0654297 0.12963 0.0572815
0 0.691406 0.437789 0.114583 0.247106 0.0499573
0 0.828125 0.756366 0.158854 0.224537 0.0422363
0 0.702474 0.512876 0.0976563 0.346933 0.0402527
0 0.779948 0.75 0.119792 0.247685 0.0397034
0 0.699219 0.484664 0.132812 0.335069 0.0394897
0 0.232096 0.399306 0.0683594 0.136574 0.0393372
0 0.373047 0.763889 0.0885417 0.141204 0.0381165
0 0.166016 0.321759 0.107422 0.19213 0.0372009
0 0.564453 0.655671 0.122396 0.21875 0.036438
0 0.875 0.804398 0.0807292 0.134259 0.0363464
0 0.591146 0.583333 0.0625 0.138889 0.035614
0 0.64974 0.458044 0.0416667 0.188079 0.035553
0 0.717448 0.45544 0.104167 0.203704 0.0327759
0 0.492839 0.375289 0.330729 0.623264 0.0316772
0 0.47526 0.546296 0.0585938 0.207176 0.0311432
0 0.785156 0.608218 0.257812 0.584491 0.0308533
0 0.0421549 0.625 0.0716146 0.0960648 0.0307312
0 0.747396 0.777778 0.0963542 0.173611 0.0290833
0 0.560547 0.467014 0.0651042 0.122685 0.0289307
0 0.394531 0.195168 0.0690104 0.110822 0.0283356
0 0.261393 0.387153 0.128255 0.162037 0.0278473
0 0.528646 0.543403 0.175781 0.380787 0.0263062
0 0.581706 0.341435 0.367839 0.622685 0.0261993
0 0.396159 0.358218 0.0677083 0.186921 0.0259094
0 0.719401 0.520978 0.151042 0.374711 0.0258636
0 0.317708 0.974537 0.0520833 0.0509259 0.535156
0 0.237956 0.182002 0.0514323 0.0677083 0.30249
0 0.0677897 0.623843 0.0662435 0.0729167 0.288574
0 0.191406 0.975694 0.0481771 0.0486111 0.286133
0 0.701823 0.479167 0.174479 0.385417 0.283691
0 0.227539 0.384838 0.0709635 0.143519 0.23584
0 0.882813 0.4239 0.174479 0.29456 0.210815
0 0.290365 0.383391 0.0833333 0.140625 0.20752
0 0.828125 0.77662 0.14974 0.217593 0.158203
0 0.799479 0.772569 0.114583 0.21875 0.151489
0 0.15446 0.329282 0.0813802 0.139468 0.105225
0 0.49349 0.934028 0.0572917 0.0763889 0.0953369
0 0.533529 0.524306 0.193359 0.292824 0.0897827
0 0.638021 0.501157 0.307292 0.428241 0.0863037
0 0.839844 0.570602 0.307292 0.597222 0.0863037
0 0.30599 0.846644 0.0514323 0.0706019 0.078064
0 0.727865 0.736111 0.115885 0.289352 0.0713501
0 0.505859 0.235243 0.311198 0.408565 0.0687866
0 0.894531 0.835648 0.0546875 0.0925926 0.0675659
0 0.292318 0.357639 0.134115 0.201968 0.0558167
0 0.276042 0.377315 0.146484 0.157407 0.0552063
0 0.761719 0.442419 0.0755208 0.161458 0.0552063
0 0.530599 0.379051 0.247396 0.579861 0.0548096
0 0.714844 0.411458 0.182292 0.288194 0.0492249
0 0.208496 0.365741 0.078125 0.136574 0.0486755
0 0.588542 0.481771 0.125 0.258681 0.0486755
0 0.171387 0.350694 0.093099 0.143519 0.0463867
0 0.5 0.52908 0.108073 0.2636 0.0451965
0 0.55306 0.558449 0.129557 0.357639 0.0445251
0 0.563151 0.625579 0.114583 0.237269 0.0423889
0 0.734375 0.660735 0.239583 0.414641 0.0420227
0 0.566406 0.570023 0.125 0.288194 0.0377502
0 0.57487 0.604167 0.0885417 0.157407 0.0372009
0 0.766927 0.400463 0.0742188 0.159722 0.0358887
0 0.318359 0.102177 0.0807292 0.10178 0.0358276
0 0.515625 0.1739 0.265625 0.347801 0.0348816
0 0.686198 0.56033 0.234375 0.448785 0.0343628
0 0.486328 0.334201 0.303385 0.551505 0.0322876
0 0.151693 0.343171 0.0664062 0.125 0.0290375
0 0.396484 0.438947 0.0722656 0.132523 0.0288086
0 0.58724 0.646991 0.0885417 0.1875 0.0287018
0 0.375651 0.741898 0.0611979 0.0960648 0.0278473
0 0.588379 0.376736 0.495117 0.739583 0.0250397
0 0.846354 0.77662 0.221354 0.199074 0.0246124
0 0.716146 0.585648 0.213542 0.50463 0.0238647
0 0.469727 0.281322 0.246745 0.492911 0.023819
0 0.807292 0.738426 0.195313 0.277778 0.0217743
0 0.285156 0.84838 0.0546875 0.0694444 0.0205994
0 0.761556 0.591435 0.445638 0.638889 0.0205994
0 0.608073 0.249711 0.0572917 0.087963 0.0201416
0 0.734212 0.596209 0.396159 0.69647 0.638672
0 0.220052 0.395833 0.063151 0.127315 0.449463
0 0.154134 0.327546 0.0683594 0.136574 0.176636
0 0.220378 0.413773 0.0572917 0.115741 0.175537
0 0.689453 0.457465 0.145833 0.279514 0.14856
0 0.708333 0.479167 0.286458 0.458333 0.144653
0 0.619792 0.382523 0.526042 0.759259 0.130737
0 0.645833 0.498264 0.575521 0.996528 0.11615
0 0.534505 0.359664 0.330729 0.648727 0.113586
0 0.220378 0.380787 0.0742188 0.123843 0.104858
0 0.150716 0.353299 0.0605469 0.104745 0.0984497
0 0.708333 0.579861 0.282552 0.648148 0.0872803
0 0.822266 0.457755 0.304688 0.439815 0.0786133
0 0.740885 0.467014 0.161458 0.427083 0.078064
0 0.285807 0.392361 0.0546875 0.111111 0.0761108
0 0.817708 0.695602 0.197917 0.491898 0.0596619
0 0.875 0.573929 0.223958 0.613715 0.0544128
0 0.772135 0.635272 0.299479 0.590567 0.0514526
0 0.158691 0.303241 0.0716146 0.159144 0.0510864
0 0.597005 0.40625 0.296875 0.62037 0.0458679
0 0.564453 0.455729 0.25651 0.538773 0.0446777
0 0.547526 0.417752 0.201823 0.56033 0.044342
0 0.168294 0.344329 0.102865 0.16088 0.0438538
0 0.824219 0.417535 0.24349 0.347801 0.0432129
0 0.645996 0.489294 0.314779 0.447338 0.041687
0 0.865885 0.4375 0.234375 0.335648 0.0397949
0 0.588704 0.614583 0.0491536 0.116898 0.0368958
0 0.547852 0.53125 0.20638 0.427083 0.0367737
0 0.806641 0.601852 0.386719 0.706019 0.036499
0 0.473307 0.296296 0.21875 0.434028 0.0357361
0 0.834635 0.771991 0.171875 0.324074 0.0340271
0 0.581706 0.62037 0.0800781 0.159722 0.0330811
0 0.540365 0.675347 0.0579427 0.105324 0.0314331
0 0.164388 0.315972 0.127604 0.21412 0.0301514
0 0.386068 0.453125 0.0507813 0.109954 0.0299225
0 0.0687663 0.623843 0.0463867 0.0601852 0.0295868
0 0.71875 0.512876 0.5625 0.784433 0.0290375
0 0.617839 0.554543 0.178385 0.3261 0.0289764
0 0.589193 0.5625 0.273438 0.341435 0.0283813
0 0.291341 0.367477 0.10026 0.164352 0.0277405
0 0.757813 0.402778 0.153646 0.327546 0.0261993
0 0.677734 0.529514 0.25651 0.538194 0.0245209
0 0.842448 0.596644 0.231771 0.679398 0.0231476
0 0.765625 0.576244 0.190104 0.634549 0.0230255
0 0.529948 0.537037 0.15625 0.298611 0.0229797
0 0.880208 0.436343 0.182292 0.298611 0.0228424
0 0.662109 0.461516 0.231771 0.429977 0.0219879
0 0.0433757 0.929398 0.0657552 0.087963 0.0216522
0 0.45638 0.298322 0.18099 0.353009 0.0206451
0 0.300456 0.328704 0.103516 0.235532 0.0201416
0 0.67985 0.397859 0.580404 0.782986 0.604004
0 0.299479 0.249132 0.372396 0.498264 0.307373
0 0.595703 0.388021 0.442708 0.720486 0.282959
0 0.315104 0.972801 0.0390625 0.0543981 0.180664
0 0.0716146 0.618056 0.0485026 0.0671296 0.162354
0 0.186849 0.96875 0.0436198 0.0625 0.154541
0 0.367839 0.287905 0.513021 0.57581 0.113953
0 0.809896 0.446181 0.377604 0.892361 0.105774
0 0.243978 0.278284 0.286784 0.33695 0.104492
0 0.494141 0.3886 0.563802 0.757523 0.0913696
0 0.530924 0.378472 0.358724 0.641204 0.0907593
0 0.38151 0.740162 0.0455729 0.0763889 0.0806274
0 0.827474 0.791667 0.153646 0.199074 0.0708008
0 0.806641 0.796875 0.113281 0.19213 0.0700684
0 0.825521 0.747106 0.157552 0.265046 0.0598755
0 0.817708 0.504051 0.325521 0.505787 0.0570679
0 0.227214 0.394965 0.061849 0.120949 0.0539856
0 0.763021 0.433449 0.0494792 0.133102 0.0514526
0 0.648438 0.529514 0.0286458 0.056713 0.0497742
0 0.591146 0.603588 0.0351562 0.0555556 0.0441895
0 0.241374 0.250868 0.227539 0.40625 0.0413818
0 0.225911 0.423032 0.046875 0.0902778 0.0403137
0 0.596517 0.70544 0.0361328 0.0763889 0.0365601
0 0.219076 0.173032 0.222656 0.339699 0.0309601
0 0.282552 0.381944 0.0585938 0.131944 0.0308533
0 0.817708 0.450231 0.251302 0.408565 0.0304413
0 0.816406 0.58044 0.364583 0.684028 0.0301514
0 0.493164 0.928241 0.0442708 0.0717593 0.0275269
0 0.155273 0.319734 0.0738932 0.144676 0.0248871
0 0.833333 0.693287 0.213542 0.333333 0.0242767
0 0.195964 0.0352286 0.0625 0.0704572 0.0239105
0 0.0763346 0.254051 0.0719401 0.0844907 0.022583
0 0.579102 0.605903 0.047526 0.0763889 0.02034
0 0.792969 0.849537 0.0859375 0.150463 0.0194244
0 0.371094 0.743056 0.0696615 0.087963 0.0192413
0 0.591146 0.410301 0.325521 0.666667 0.0191956
0 0.859375 0.448495 0.244792 0.383102 0.0188293
0 0.686198 0.666667 0.0273438 0.0625 0.0170441
0 0.165202 0.332755 0.0979818 0.177083 0.0167847
0 0.508138 0.950231 0.0403646 0.0740741 0.0167236
0 0.525391 0.690972 0.0403646 0.0717593 0.0166626
0 0.828125 0.833333 0.151042 0.19213 0.0164642
0 0.802083 0.38397 0.1875 0.260995 0.0162811
0 0.575521 0.957176 0.0442708 0.0717593 0.0158997
0 0.676432 0.587963 0.186198 0.222222 0.0157776
0 0.478516 0.600116 0.0566406 0.111111 0.0154266
0 0.726563 0.756944 0.0416667 0.0717593 0.0149536
0 0.594401 0.737269 0.0403646 0.0775463 0.0146713
0 0.572917 0.702546 0.0572917 0.0810185 0.0130692
0 0.411458 0.352431 0.591146 0.674769 0.0128708
0 0.770182 0.452546 0.0351562 0.0613426 0.140381
0 0.651042 0.523727 0.0364583 0.056713 0.11554
0 0.226888 0.41088 0.0507813 0.0914352 0.0778198
0 0.277344 0.400752 0.0494792 0.0989583 0.0534058
0 0.678385 0.379051 0.0442708 0.0763889 0.0421753
0 0.226563 0.42853 0.046875 0.078125 0.0374756
0 0.601563 0.708912 0.0403646 0.0787037 0.0318604
0 0.819661 0.380787 0.03125 0.0462963 0.0276337
0 0.569336 0.165799 0.0292969 0.0532407 0.0241852
0 0.908203 0.458044 0.0429688 0.0688657 0.0211182
0 0.764323 0.309028 0.0390625 0.0659722 0.0200653
0 0.148763 0.366898 0.0403646 0.0740741 0.0193787
0 0.310547 0.100694 0.0442708 0.0873843 0.0188293
0 0.76888 0.412326 0.0416667 0.0746528 0.0178528
0 0.599609 0.737269 0.0416667 0.0902778 0.0168457
0 0.149414 0.327546 0.046875 0.102431 0.0165863
0 0.608724 0.256076 0.0377604 0.0700231 0.0164642
0 0.815755 0.33044 0.0416667 0.0665509 0.0149002
0 0.77474 0.83044 0.0325521 0.0706019 0.0137405
0 0.845052 0.396991 0.0585938 0.146991 0.0135345
0 0.84375 0.331019 0.046875 0.0752315 0.0127258
0 0.0642904 0.630787 0.0634766 0.0717593 0.0126724
0 0.299479 0.400174 0.0507813 0.102431 0.0126266
0 0.645833 0.0783782 0.0390625 0.0724103 0.0124283
0 0.608724 0.300058 0.0390625 0.0688657 0.0121918
0 0.572917 0.689815 0.0742188 0.136574 0.0120544
0 0.908854 0.391204 0.0703125 0.196759 0.011116
0 0.690104 0.453704 0.0416667 0.0677083 0.011116
0 0.732422 0.454282 0.0377604 0.0752315 0.0110321
0 0.577148 0.594329 0.047526 0.109954 0.0108185
0 0.81901 0.468171 0.361979 0.920139 0.0107803
0 0.638672 0.32581 0.0338542 0.0555556 0.0107346
0 0.645833 0.488426 0.0429688 0.09375 0.0104904
0 0.597819 0.168837 0.038737 0.0506366 0.0104065
0 0.278727 0.364005 0.0883789 0.133102 0.00993347
0 0.154948 0.263889 0.0436198 0.0694444 0.00905609
0 0.229492 0.364005 0.0891927 0.145833 0.00905609
0 0.880208 0.295139 0.208333 0.590278 0.00891876
0 0.580729 0.746528 0.0572917 0.087963 0.0088501
0 0.316732 0.981481 0.0332031 0.037037 0.00874329
0 0.66276 0.382234 0.046875 0.0833333 0.00844574
0 0.097819 0.249421 0.039388 0.0532407 0.00841522
0 0.826823 0.541667 0.0403646 0.0659722 0.00806427
0 0.841797 0.543981 0.0559896 0.0787037 0.00800323
0 0.932292 0.418113 0.0598958 0.29919 0.00775528
0 0.739583 0.303241 0.0403646 0.0636574 0.00746155
0 0.591309 0.597801 0.0491536 0.0949074 0.00734711
0 0.867839 0.477141 0.264323 0.954282 0.00701141
0 0.810547 0.781829 0.0703125 0.116898 0.0069046
0 0.169271 0.339699 0.063151 0.128472 0.00677109
0 0.770833 0.446759 0.0442708 0.0659722 0.194336
0 0.238281 0.181134 0.0403646 0.0543981 0.182983
0 0.228353 0.409722 0.0511068 0.0827546 0.135254
0 0.797526 0.399306 0.367188 0.657407 0.123779
0 0.316732 0.976273 0.0371094 0.0474537 0.117981
0 0.734375 0.33044 0.53125 0.66088 0.104126
0 0.797526 0.514902 0.365885 0.562789 0.0975342
0 0.655599 0.519097 0.0377604 0.0636574 0.0841675
0 0.582357 0.596644 0.0514323 0.0798611 0.0789185
0 0.230794 0.428241 0.0488281 0.0740741 0.0747681
0 0.677083 0.375579 0.0651042 0.0983796 0.0698242
0 0.430339 0.385417 0.0286458 0.0486111 0.0692749
0 0.826172 0.371528 0.0416667 0.0717593 0.0651245
0 0.60026 0.701389 0.046875 0.0787037 0.0605164
0 0.693359 0.45515 0.0690104 0.11169 0.0579224
0 0.79362 0.306713 0.41276 0.613426 0.0560303
0 0.798828 0.670139 0.0442708 0.0763889 0.0522461
0 0.280273 0.397569 0.0351562 0.0706019 0.0438538
0 0.655599 0.480324 0.0520833 0.142361 0.039856
0 0.766927 0.422743 0.0494792 0.099537 0.0396423
0 0.908854 0.447627 0.0494792 0.072338 0.035614
0 0.579427 0.353009 0.398438 0.644676 0.0345459
0 0.307617 0.099537 0.0481771 0.0804398 0.033905
0 0.71224 0.444444 0.0494792 0.100694 0.0334778
0 0.684896 0.479167 0.078125 0.159722 0.032959
0 0.669271 0.38831 0.0598958 0.116898 0.0328979
0 0.284505 0.32581 0.0351562 0.0503472 0.0317993
0 0.592448 0.730324 0.0520833 0.087963 0.0310822
0 0.835286 0.424769 0.0924479 0.262731 0.0299835
0 0.71224 0.398727 0.0677083 0.137731 0.0275269
0 0.388672 0.447627 0.0416667 0.0688657 0.0272217
0 0.747396 0.296875 0.0572917 0.0827546 0.0269623
0 0.822917 0.344907 0.0625 0.12037 0.026001
0 0.638021 0.318866 0.0442708 0.0671296 0.0257111
0 0.6875 0.344618 0.0494792 0.0833333 0.0255585
0 0.788411 0.672454 0.046875 0.0717593 0.0255585
0 0.761068 0.295718 0.0572917 0.0798611 0.0253754
0 0.698568 0.457176 0.0872396 0.200231 0.0243835
0 0.185547 0.976273 0.0397135 0.0474537 0.0239563
0 0.608073 0.449942 0.0338542 0.0688657 0.0231018
0 0.563151 0.446759 0.0403646 0.0763889 0.0226746
0 0.886719 0.417824 0.127604 0.181713 0.022583
0 0.708496 0.414062 0.564779 0.662616 0.0223694
0 0.775391 0.834491 0.0286458 0.0625 0.0221558
0 0.852214 0.426505 0.16276 0.274306 0.0219879
0 0.520182 0.389468 0.0325521 0.0462963 0.0218658
0 0.5861 0.30816 0.103841 0.232639 0.0215302
0 0.840495 0.527199 0.0625 0.0752315 0.0213623
0 0.600911 0.293692 0.0585938 0.0920139 0.0212402
0 0.516927 0.311343 0.030599 0.0532407 0.0208893
0 0.229818 0.402778 0.0638021 0.115741 0.274414
0 0.228516 0.370081 0.103516 0.177083 0.093689
0 0.800781 0.485822 0.36849 0.833912 0.0784912
0 0.155111 0.327546 0.070638 0.162037 0.0755615
0 0.693359 0.423322 0.108073 0.218171 0.0639648
0 0.764323 0.449074 0.0442708 0.0752315 0.0637207
0 0.804036 0.792824 0.0898438 0.150463 0.0566406
0 0.597819 0.724537 0.0465495 0.152778 0.0560303
0 0.180013 0.349826 0.128255 0.186343 0.0534058
0 0.72526 0.384259 0.126302 0.296296 0.0499573
0 0.709635 0.41985 0.147135 0.300347 0.0488586
0 0.257812 0.382234 0.127604 0.155671 0.0432129
0 0.798177 0.665509 0.0546875 0.0763889 0.0432129
0 0.761719 0.420718 0.0598958 0.130787 0.0391235
0 0.239746 0.365741 0.217122 0.1875 0.0367737
0 0.23112 0.423611 0.0598958 0.0868056 0.0345459
0 0.820964 0.372685 0.0520833 0.0902778 0.0301056
0 0.761068 0.338542 0.078125 0.189815 0.0300446
0 0.430664 0.381944 0.0345052 0.056713 0.0272675
0 0.491862 0.48669 0.0807292 0.158565 0.0265045
0 0.513997 0.532407 0.13737 0.273148 0.026413
0 0.786458 0.813657 0.0546875 0.113426 0.0263062
0 0.785156 0.672454 0.0572917 0.0752315 0.0249329
0 0.871745 0.468461 0.173177 0.401042 0.0248413
0 0.653646 0.520255 0.0364583 0.0694444 0.024704
0 0.560547 0.481771 0.0768229 0.157986 0.0246582
0 0.550781 0.547454 0.130208 0.315972 0.02211
0 0.821615 0.467303 0.309896 0.402199 0.0213318
0 0.742188 0.321759 0.0924479 0.234954 0.0204926
0 0.530599 0.507957 0.179688 0.333623 0.0197601
0 0.847005 0.783565 0.109375 0.166667 0.0196075
0 0.642578 0.377025 0.0481771 0.20081 0.0184021
0 0.757975 0.407986 0.458008 0.788194 0.0184021
0 0.760417 0.335069 0.104167 0.232639 0.0181274
0 0.569661 0.580874 0.106771 0.421586 0.0172424
0 0.0649414 0.62037 0.0579427 0.0601852 0.0167847
0 0.195638 0.335069 0.171875 0.221065 0.0162811
0 0.391276 0.374421 0.0572917 0.099537 0.0161591
0 0.692708 0.464699 0.106771 0.204861 0.0158997
0 0.585938 0.569589 0.0651042 0.256655 0.0156708
0 0.546549 0.470197 0.123047 0.242477 0.0149536
0 0.385417 0.440972 0.0507813 0.0821759 0.0145035
0 0.649089 0.467593 0.0507813 0.155093 0.0142822
0 0.839193 0.78588 0.14974 0.174769 0.0141754
0 0.817708 0.339699 0.0664062 0.130787 0.014061
0 0.55013 0.379051 0.1875 0.436343 0.0132217
0 0.751302 0.522569 0.0885417 0.199074 0.0130692
0 0.514974 0.423611 0.110677 0.347222 0.012146
0 0.600911 0.309606 0.0651042 0.121528 0.0117798
0 0.49056 0.570023 0.0878906 0.199074 0.0116882
