0 0.897135 0.921296 0.0729167 0.0949074 0.0128708
0 0.603027 0.522569 0.0439453 0.0532407 0.0115051
0 0.917969 0.659722 0.123698 0.145833 0.011467
0 0.5 0.5 1 1 0.00800323
0 0.518229 0.5 0.963542 1 0.00698471
0 0.524089 0.5 0.951823 1 0.00669098
0 0.5 0.5 1 1 0.00631332
0 0.577799 0.537616 0.0501302 0.0706019 0.00619125
0 0.621745 0.563657 0.75651 0.872685 0.00602722
0 0.40918 0.5 0.818359 1 0.00561905
0 0.5 0.5 1 1 0.00557709
0 0.0530599 0.697917 0.0908203 0.125 0.00547028
0 0.529948 0.560185 0.940104 0.87963 0.00544739
0 0.5 0.5 1 1 0.00527954
0 0.0413411 0.690394 0.0719401 0.114583 0.00511932
0 0.5 0.5 1 1 0.00502014
0 0.910156 0.875 0.151042 0.215278 0.00332451
0 0.603516 0.493634 0.0598958 0.0821759 0.00329781
0 0.929688 0.611111 0.111979 0.185185 0.00325966
0 0.891927 0.909722 0.117188 0.115741 0.0030632
0 0.895833 0.139468 0.140625 0.150463 0.00275803
0 0.0599772 0.678241 0.105632 0.210648 0.00254059
0 0.911458 0.776042 0.177083 0.447917 0.00244331
0 0.924479 0.920139 0.078125 0.0949074 0.00221634
0 0.53125 0.547454 0.0852865 0.0891204 0.00210762
0 0.0973307 0.694444 0.0979818 0.0949074 0.00208282
0 0.126628 0.921296 0.0520833 0.0949074 0.00201988
0 0.594401 0.496528 0.11849 0.104167 0.00194168
0 0.91276 0.789352 0.153646 0.356481 0.00186729
0 0.0337728 0.922454 0.0592448 0.12963 0.00183105
0 0.230469 0.549769 0.0677083 0.0833333 0.00174809
0 0.126139 0.878472 0.0791016 0.150463 0.00168705
0 0.914063 0.133681 0.161458 0.261574 0.00150108
0 0.125977 0.90625 0.0566406 0.111111 0.0014267
0 0.0372721 0.885417 0.0690104 0.229167 0.00131989
0 0.127279 0.875579 0.0634766 0.123843 0.00130463
0 0.049235 0.814815 0.0864258 0.324074 0.00126934
0 0.170898 0.762731 0.333984 0.474537 0.00126934
0 0.879557 0.162471 0.240885 0.324942 0.00124454
0 0.0240885 0.460648 0.0397135 0.0925926 0.0011158
0 0.88151 0.642361 0.236979 0.277778 0.00108147
0 0.845703 0.46875 0.0559896 0.0833333 0.00107765
0 0.875651 0.753472 0.248698 0.493056 0.00106907
0 0.157715 0.700231 0.0888672 0.0868056 0.00104809
0 0.130371 0.709491 0.258138 0.581019 0.00103188
0 0.245443 0.628472 0.0657552 0.0856481 0.00100803
0 0.241211 0.322338 0.0566406 0.0787037 0.350342
0 0.854167 0.480324 0.0572917 0.0717593 0.325928
0 0.924479 0.616898 0.106771 0.201389 0.291016
0 0.131185 0.864583 0.0686849 0.104167 0.228882
0 0.463216 0.333044 0.0481771 0.0746528 0.204956
0 0.544922 0.344907 0.0546875 0.0821759 0.204346
0 0.0203451 0.451968 0.0406901 0.0798611 0.187134
0 0.0420736 0.70081 0.0649414 0.0949074 0.172119
0 0.597005 0.487269 0.0572917 0.0810185 0.128906
0 0.132812 0.697338 0.0546875 0.0740741 0.121277
0 0.248535 0.322338 0.069987 0.099537 0.10968
0 0.219401 0.538194 0.0546875 0.0717593 0.102295
0 0.261719 0.610532 0.0507813 0.0625 0.0984497
0 0.592611 0.497685 0.0517578 0.0972222 0.0960083
0 0.0476888 0.658565 0.0927734 0.162037 0.0910645
0 0.266276 0.769676 0.0644531 0.0902778 0.0875854
0 0.11849 0.695602 0.0481771 0.0752315 0.0753174
0 0.400716 0.762731 0.0520833 0.0787037 0.0720825
0 0.770833 0.336806 0.046875 0.0798611 0.069519
0 0.383464 0.367911 0.0494792 0.0789931 0.0678101
0 0.89974 0.156829 0.0559896 0.0868056 0.0568542
0 0.829427 0.487269 0.0546875 0.0752315 0.0568542
0 0.721354 0.458333 0.046875 0.0717593 0.0490417
0 0.142904 0.168403 0.0524089 0.0740741 0.0481262
0 0.130371 0.886574 0.0680339 0.155093 0.0472412
0 0.428711 0.230903 0.0533854 0.0590278 0.0378113
0 0.370443 0.36169 0.0670573 0.116898 0.0366211
0 0.539388 0.358218 0.0501302 0.087963 0.0357361
0 0.939453 0.586806 0.106771 0.201389 0.0343628
0 0.151367 0.480324 0.0478516 0.087963 0.0303802
0 0.671875 0.53125 0.0520833 0.0706019 0.0290375
0 0.249674 0.579861 0.0839844 0.111111 0.0269623
0 0.400391 0.716435 0.0559896 0.115741 0.0267639
0 0.582031 0.50463 0.0572917 0.115741 0.0266113
0 0.219564 0.160301 0.0524089 0.0671296 0.025177
0 0.661458 0.529514 0.046875 0.0833333 0.0249939
0 0.466471 0.738426 0.0501302 0.0949074 0.0242767
0 0.688802 0.475694 0.0625 0.106481 0.0227203
0 0.203451 0.533565 0.0524089 0.0949074 0.0224609
0 0.462891 0.350694 0.046875 0.0960648 0.0220337
0 0.925781 0.588542 0.130208 0.28125 0.0216522
0 0.695964 0.386429 0.0455729 0.0743634 0.0214844
0 0.184896 0.166088 0.0423177 0.0763889 0.0205994
0 0.633464 0.304398 0.0429688 0.0636574 0.0202484
0 0.318034 0.540509 0.0345052 0.0648148 0.0200653
0 0.0360514 0.195023 0.059082 0.0914352 0.0193481
0 0.470052 0.271701 0.0605469 0.11169 0.0191193
0 0.244792 0.613426 0.0572917 0.0972222 0.0187225
0 0.0696615 0.657986 0.116536 0.137731 0.0185852
0 0.245931 0.288484 0.0738932 0.126736 0.0185394
0 0.915039 0.747106 0.169922 0.417824 0.398926
0 0.917318 0.68287 0.147135 0.328704 0.361084
0 0.401693 0.699074 0.046875 0.0717593 0.240723
0 0.233561 0.323495 0.0445964 0.0590278 0.217285
0 0.69987 0.382523 0.0403646 0.0509259 0.201782
0 0.884115 0.214699 0.226563 0.429398 0.199951
0 0.861979 0.479167 0.0546875 0.0601852 0.19812
0 0.914063 0.67419 0.171875 0.579861 0.151489
0 0.927083 0.605324 0.130208 0.217593 0.147095
0 0.264323 0.762731 0.0514323 0.0810185 0.133423
0 0.613281 0.686343 0.0390625 0.0601852 0.132568
0 0.445964 0.446181 0.0338542 0.056713 0.130249
0 0.122396 0.695602 0.0432943 0.0671296 0.115967
0 0.128255 0.853009 0.047526 0.0833333 0.101562
0 0.884115 0.136863 0.221354 0.269097 0.0970459
0 0.401693 0.752315 0.0429688 0.0486111 0.092041
0 0.608724 0.486111 0.0625 0.0925926 0.0675659
0 0.902344 0.903935 0.0677083 0.099537 0.0663452
0 0.825521 0.479167 0.0442708 0.0601852 0.0572815
0 0.452799 0.40162 0.0416667 0.0648148 0.0564575
0 0.919922 0.5625 0.160156 0.324074 0.0549927
0 0.380534 0.373264 0.117839 0.256944 0.0518494
0 0.597005 0.509259 0.0377604 0.0648148 0.0479431
0 0.452474 0.332465 0.0651042 0.0769676 0.0458679
0 0.88737 0.286531 0.213542 0.47092 0.041626
0 0.919271 0.789931 0.127604 0.341435 0.0413818
0 0.466797 0.337963 0.0390625 0.0613426 0.0409851
0 0.429362 0.207176 0.215495 0.274306 0.0403748
0 0.131185 0.884838 0.0520833 0.133102 0.0379639
0 0.226563 0.683449 0.0266927 0.0555556 0.0367737
0 0.682292 0.6875 0.0390625 0.0555556 0.0363464
0 0.880208 0.632523 0.223958 0.332176 0.0358887
0 0.386068 0.383247 0.150391 0.328414 0.0339661
0 0.270833 0.55787 0.0345052 0.0509259 0.0339661
0 0.553385 0.615162 0.0364583 0.0462963 0.0335388
0 0.388672 0.405093 0.0455729 0.0740741 0.0333862
0 0.469076 0.743056 0.0403646 0.0601852 0.0328979
0 0.570312 0.476852 0.0351562 0.0810185 0.0301056
0 0.0171712 0.444444 0.0343424 0.0648148 0.0282135
0 0.354167 0.482639 0.0651042 0.099537 0.0274353
0 0.478516 0.708333 0.0416667 0.0694444 0.0268555
0 0.93099 0.560185 0.0989583 0.292824 0.0268097
0 0.880208 0.166956 0.200521 0.206597 0.0261993
0 0.263997 0.594907 0.030599 0.0462963 0.0257568
0 0.813151 0.375 0.0221354 0.0451389 0.0253296
0 0.477865 0.230903 0.352865 0.461806 0.0245667
0 0.607422 0.444444 0.0846354 0.155093 0.023468
0 0.525391 0.394676 0.0364583 0.0509259 0.0225372
0 0.354167 0.769676 0.0325521 0.0555556 0.0220337
0 0.862956 0.71875 0.274089 0.469907 0.0219421
0 0.858073 0.46412 0.0364583 0.0532407 0.478516
0 0.443359 0.457176 0.03125 0.0486111 0.210815
0 0.919271 0.613426 0.0520833 0.101852 0.154541
0 0.264404 0.762731 0.0454102 0.0694444 0.106689
0 0.234701 0.326968 0.0449219 0.0636574 0.0933228
0 0.119141 0.691551 0.0426432 0.0671296 0.0830078
0 0.400065 0.69213 0.0358073 0.0509259 0.0755615
0 0.593099 0.519676 0.0338542 0.0578704 0.0747681
0 0.606771 0.489583 0.0416667 0.0740741 0.0596619
0 0.0159505 0.453704 0.031901 0.0636574 0.055603
0 0.262044 0.611111 0.0325521 0.0509259 0.0505066
0 0.126628 0.854167 0.0524089 0.0960648 0.0474243
0 0.927083 0.587963 0.0677083 0.145833 0.0379639
0 0.660156 0.539352 0.0364583 0.056713 0.0297089
0 0.403971 0.755787 0.0397135 0.0509259 0.0235596
0 0.816406 0.383102 0.0208333 0.0277778 0.0228424
0 0.672526 0.536458 0.0351562 0.0543981 0.0219116
0 0.352214 0.539352 0.0247396 0.0416667 0.0192719
0 0.695313 0.380787 0.0286458 0.0416667 0.0182953
0 0.910156 0.679398 0.101563 0.263889 0.018158
0 0.125814 0.896412 0.0625 0.140046 0.0175171
0 0.890625 0.677083 0.102865 0.127315 0.0174408
0 0.467448 0.752315 0.0377604 0.0532407 0.0166626
0 0.0284831 0.691551 0.0472005 0.0856481 0.0126266
0 0.763021 0.37963 0.0273438 0.0393519 0.0124283
0 0.791016 1 0.417969 0 0.0114212
0 0.128581 0.693287 0.0410156 0.0648148 0.0113297
0 0.270182 0.546296 0.03125 0.0393519 0.0108185
0 0.451172 0.400463 0.0416667 0.0601852 0.0106506
0 0.218424 0.536458 0.0325521 0.0497685 0.0102463
0 0.71875 0.451968 0.0286458 0.0486111 0.0100098
0 0.498617 1 0.664225 0 0.00993347
0 0.901042 0.895255 0.0859375 0.142361 0.00955963
0 0.939453 0.568866 0.0833333 0.299769 0.00912476
0 0.712728 1 0.574544 0 0.00874329
0 0.46875 0.469329 0.0299479 0.0578704 0.00844574
0 0.657552 1 0.684896 0 0.00828552
0 0.765625 0.33044 0.03125 0.0497685 0.00800323
0 0.608073 0.689815 0.0325521 0.0509259 0.00800323
0 0.943034 0.499421 0.113932 0.438657 0.00775528
0 0.38737 0.537616 0.0273438 0.0451389 0.00731659
0 0.856771 0.401042 0.0325521 0.0578704 0.00714874
0 0.871745 1 0.25651 0 0.00703812
0 0.347982 1 0.695964 0 0.00679779
0 0.430339 0.75463 0.0260417 0.0497685 0.00674438
0 0.102132 0.905961 0.204264 0.188079 0.00674438
0 0.233398 1 0.466797 0 0.00643921
0 0.466797 0.37717 0.031901 0.0512153 0.00631332
0 0.638021 0.456597 0.0221354 0.0497685 0.00629044
0 0.908203 0.832176 0.11849 0.252315 0.00629044
0 0.859375 0.465278 0.0338542 0.0694444 0.393311
0 0.921224 0.620949 0.104167 0.162037 0.311523
0 0.117513 0.6875 0.0351562 0.068287 0.303223
0 0.919271 0.631944 0.132812 0.180556 0.215332
0 0.235026 0.319155 0.0371094 0.0648148 0.210083
0 0.398763 0.697338 0.0384115 0.0694444 0.119202
0 0.697917 0.378472 0.03125 0.056713 0.104858
0 0.658854 0.537037 0.0338542 0.0648148 0.0963745
0 0.601563 0.520833 0.0234375 0.0462963 0.093689
0 0.606771 0.469907 0.0338542 0.0601852 0.0792236
0 0.0219727 0.444444 0.0335286 0.0648148 0.0739746
0 0.871094 0.679398 0.0520833 0.0949074 0.0736694
0 0.920573 0.62963 0.151042 0.243056 0.0715942
0 0.674479 0.528935 0.03125 0.0509259 0.0562439
0 0.444661 0.453704 0.0286458 0.0462963 0.0463867
0 0.264974 0.605324 0.0273438 0.0486111 0.0455322
0 0.389323 0.385417 0.0247396 0.0486111 0.0435181
0 0.232422 0.465278 0.0260417 0.0462963 0.0409241
0 0.267578 0.391782 0.0195313 0.0497685 0.0374756
0 0.768229 0.314815 0.0286458 0.0486111 0.0368958
0 0.127116 0.846644 0.0472005 0.0787037 0.0333252
0 0.396484 0.752315 0.0325521 0.0578704 0.0320435
0 0.822917 0.372685 0.0273438 0.0497685 0.0307922
0 0.46875 0.758102 0.0351562 0.0532407 0.0305023
0 0.732422 0.615741 0.0286458 0.0555556 0.0289307
0 0.0654297 0.398148 0.0315755 0.0648148 0.0276337
0 0.25708 0.31713 0.0366211 0.0532407 0.0271759
0 0.150716 0.467593 0.0325521 0.0532407 0.0267029
0 0.132975 0.692708 0.0341797 0.0613426 0.0262604
0 0.848958 0.381944 0.0260417 0.0555556 0.026001
0 0.22347 0.527778 0.0227865 0.0462963 0.0255127
0 0.48112 0.474537 0.0221354 0.0648148 0.0223694
0 0.923177 0.570023 0.104167 0.288194 0.0212402
0 0.517578 0.520255 0.0188802 0.0486111 0.0210419
0 0.270508 0.75463 0.0390625 0.0671296 0.0205231
0 0.905599 0.894097 0.0950521 0.121528 0.0196381
0 0.237142 0.68287 0.0309245 0.0532407 0.0185089
0 0.232747 0.390046 0.03125 0.0532407 0.0164032
0 0.527995 0.317708 0.0260417 0.0480324 0.0158997
0 0.886719 0.889468 0.114583 0.135417 0.0149536
0 0.557943 0.388889 0.0195313 0.0439815 0.0146179
0 0.824219 0.329282 0.03125 0.0601852 0.0145569
0 0.894531 0.636574 0.104167 0.155093 0.0141754
0 0.317708 0.539352 0.0221354 0.0405093 0.0139542
0 0.643229 0.456019 0.015625 0.0486111 0.0139008
0 0.639323 0.313657 0.0286458 0.0439815 0.0138474
0 0.844401 0.330729 0.0325521 0.0653935 0.0134277
0 0.449219 0.391204 0.0332031 0.0509259 0.0130692
0 0.197754 0.533565 0.0273438 0.0462963 0.0129242
0 0.0628255 0.611111 0.03125 0.0486111 0.0127716
0 0.861979 0.471065 0.0364583 0.0601852 0.279785
0 0.236003 0.324653 0.0338542 0.0520833 0.136108
0 0.120443 0.694444 0.0377604 0.0578704 0.113953
0 0.44987 0.453704 0.0338542 0.0532407 0.0991211
0 0.605469 0.479167 0.0364583 0.0671296 0.0838623
0 0.920573 0.59375 0.0442708 0.0694444 0.0680542
0 0.700521 0.380787 0.0338542 0.0555556 0.0446777
0 0.773438 0.314236 0.03125 0.0486111 0.0296478
0 0.884115 0.700231 0.0416667 0.0625 0.0290833
0 0.670573 0.532986 0.0416667 0.0520833 0.0285492
0 0.823568 0.375579 0.0299479 0.0474537 0.0273743
0 0.639323 0.312789 0.0286458 0.0422454 0.0268097
0 0.604167 0.512731 0.0338542 0.0625 0.0210419
0 0.550781 0.391782 0.0325521 0.0486111 0.018692
0 0.269531 0.388889 0.0273438 0.0462963 0.0182953
0 0.395833 0.751157 0.0377604 0.0694444 0.0164032
0 0.527995 0.321181 0.0299479 0.0434028 0.0151901
0 0.0198568 0.451968 0.0351562 0.0717593 0.0149536
0 0.127279 0.70081 0.0439453 0.0625 0.012825
0 0.924479 0.55787 0.046875 0.0763889 0.0126266
0 0.323893 0 0.647786 0 0.0124817
0 0.466146 0.320023 0.0351562 0.0462963 0.0116425
0 0.402995 0.701389 0.0371094 0.0775463 0.0115051
0 0.845703 0.391204 0.0338542 0.0509259 0.0106964
0 0.663411 0.534144 0.0403646 0.0671296 0.0104904
0 0.895182 0.908565 0.0403646 0.0706019 0.01017
0 0.897135 0.303241 0.0260417 0.0451389 0.0100937
0 0.471354 0.480324 0.0325521 0.0706019 0.00985718
0 0.900391 0.259259 0.0351562 0.0625 0.00898743
0 0.511068 0.467593 0.0351562 0.0520833 0.00891876
0 0.809896 0.32581 0.0260417 0.0480324 0.0088501
0 0.391276 0.384259 0.0273438 0.0520833 0.00861359
0 0.235026 0.681713 0.0299479 0.0543981 0.00815582
0 0.451172 0.318866 0.0351562 0.0462963 0.00809479
0 0.26237 0.321759 0.0351562 0.0445602 0.00717545
0 0.470378 0.762731 0.0371094 0.0532407 0.00717545
0 0.270182 0.762731 0.0364583 0.0625 0.00658798
0 0.24528 0 0.49056 0 0.00634003
0 0.477214 0 0.709635 0 0.00619125
0 0.871094 0.698495 0.046875 0.0729167 0.00614548
0 0.222656 0.538194 0.0286458 0.0451389 0.00609589
0 0.695964 0.333333 0.0325521 0.0532407 0.00575256
0 0.56901 0.457176 0.03125 0.0474537 0.00572968
0 0.434245 0.239294 0.0234375 0.0381944 0.00547028
0 0.317057 0.316262 0.0260417 0.03125 0.00526047
0 0.723958 0.453704 0.0286458 0.0451389 0.00502014
0 0.908203 0.163773 0.0611979 0.0717593 0.00481033
0 0.726563 0.163773 0.0286458 0.0497685 0.00469971
0 0.528646 0.383102 0.0325521 0.0428241 0.00469971
0 0.848958 0.321181 0.0286458 0.0405093 0.00416565
0 0.239583 0.322338 0.0332031 0.0451389 0.646973
0 0.865885 0.457755 0.0351562 0.068287 0.523438
0 0.119141 0.688657 0.0358073 0.0532407 0.491211
0 0.131673 0.842593 0.0416667 0.0625 0.27832
0 0.402344 0.740741 0.0377604 0.0694444 0.186523
0 0.611328 0.478009 0.0338542 0.0578704 0.169434
0 0.921875 0.587963 0.0494792 0.0706019 0.165039
0 0.773438 0.318866 0.0273438 0.0462963 0.149536
0 0.0222982 0.449074 0.0336914 0.0601852 0.134277
0 0.449219 0.454282 0.030599 0.0509259 0.12854
0 0.867839 0.694444 0.0390625 0.0601852 0.113586
0 0.608073 0.513889 0.0273438 0.0543981 0.109314
0 0.270833 0.606481 0.0234375 0.0509259 0.0984497
0 0.527995 0.318576 0.0247396 0.0387731 0.0817871
0 0.472982 0.745949 0.0371094 0.0613426 0.0817871
0 0.921875 0.558449 0.0494792 0.0810185 0.0772095
0 0.394531 0.384259 0.0208333 0.0462963 0.0761108
0 0.403646 0.696759 0.0364583 0.0625 0.0753174
0 0.677083 0.527778 0.03125 0.0532407 0.0687866
0 0.644531 0.315394 0.0195313 0.0381944 0.0634766
0 0.121094 0.839699 0.0445964 0.0613426 0.0621033
0 0.55599 0.388889 0.0247396 0.0462963 0.0562439
0 0.270182 0.752315 0.0345052 0.0625 0.0539856
0 0.134115 0.695602 0.0338542 0.0532407 0.0507202
0 0.357096 0.763889 0.0253906 0.0439815 0.0477905
0 0.570312 0 0.597656 0 0.0423889
0 0.711426 0 0.577148 0 0.0420837
0 0.452474 0.320023 0.0338542 0.0428241 0.0405273
0 0.316406 0.315683 0.0201823 0.0381944 0.0396423
0 0.696615 0.327836 0.0260417 0.0422454 0.0394287
0 0.882813 0.700231 0.0455729 0.0648148 0.0385437
0 0.477539 0.471644 0.0234375 0.0543981 0.0383301
0 0.699219 0.373843 0.0286458 0.0509259 0.0382385
0 0.414388 0 0.611328 0 0.0362854
0 0.825521 0.369213 0.0286458 0.0520833 0.0328369
0 0.226888 0.533565 0.0188802 0.0416667 0.0309143
0 0.237142 0.670139 0.0263672 0.0532407 0.026062
0 0.249023 0.322338 0.0559896 0.0497685 0.0240936
0 0.233236 0.628472 0.0244141 0.0532407 0.0236969
0 0.903646 0.896991 0.0533854 0.0763889 0.0234222
0 0.273438 0.383681 0.0221354 0.0509259 0.0225067
0 0.31901 0.538773 0.0208333 0.0393519 0.0224609
0 0.610026 0.390046 0.0260417 0.037037 0.0224152
0 0.452148 0.383102 0.0351562 0.0462963 0.0221558
0 0.0296224 0.6875 0.0315755 0.0590278 0.0193024
0 0.820313 0.331308 0.0247396 0.0491898 0.0183411
0 0.470052 0.324074 0.0279948 0.0439815 0.0168457
0 0.738281 0.613426 0.0286458 0.0578704 0.0167847
0 0.287272 0 0.574544 0 0.0154266
0 0.395508 0.53125 0.0247396 0.0532407 0.0143356
0 0.861979 0.467593 0.03125 0.0416667 0.219971
0 0.237142 0.322627 0.0335286 0.0405093 0.124634
0 0.445313 0.459491 0.0273438 0.0324074 0.115173
0 0.601563 0.520833 0.0234375 0.0439815 0.11084
0 0.0213216 0.451389 0.0292969 0.0486111 0.104126
0 0.921875 0.593171 0.0833333 0.127315 0.0939941
0 0.928385 0.590278 0.0989583 0.179398 0.0658569
0 0.269531 0.608218 0.0273438 0.0416667 0.0656128
0 0.608073 0.479167 0.0286458 0.0439815 0.0598755
0 0.119466 0.694444 0.038737 0.0532407 0.0418396
0 0.401042 0.693866 0.0325521 0.0439815 0.0363464
0 0.925781 0.56713 0.0885417 0.100694 0.0362854
0 0.817708 0.384259 0.0182292 0.0231481 0.0307922
0 0.692708 0.382523 0.0221354 0.0300926 0.0296478
0 0.272786 0.755787 0.0403646 0.0601852 0.0296478
0 0.400391 0.752894 0.0325521 0.0462963 0.0289307
0 0.272135 0.546296 0.0253906 0.0324074 0.0287628
0 0.89974 0.659722 0.0989583 0.152778 0.0276337
0 0.93099 0.605324 0.125 0.24537 0.0227661
0 0.734375 0.618056 0.0260417 0.037037 0.0222931
0 0.357096 0.534722 0.0201823 0.0324074 0.0215302
0 0.316406 0.539352 0.0221354 0.0277778 0.0203705
0 0.867188 0.700231 0.0364583 0.0532407 0.0201721
0 0.772135 0.754051 0.0286458 0.0428241 0.0180511
0 0.35612 0.767361 0.0260417 0.037037 0.0160217
0 0.269857 0.393519 0.0227865 0.037037 0.0147324
0 0.475911 0.47338 0.0182292 0.037037 0.0134277
0 0.130208 0.701968 0.0410156 0.0625 0.0131226
0 0.473307 0.755208 0.0286458 0.0405093 0.0129242
0 0.230143 0.623843 0.0283203 0.0474537 0.012825
0 0.771484 0.320023 0.0208333 0.0277778 0.0125275
0 0.657552 0.537037 0.03125 0.0381944 0.0125275
0 0.675781 0.53125 0.0286458 0.0381944 0.0119629
0 0.261637 0.32147 0.0288086 0.0353009 0.0106506
0 0.354167 0.464699 0.0208333 0.0266204 0.0105667
0 0.0301107 0.697917 0.038737 0.0671296 0.00952148
0 0.224609 0.538194 0.0214844 0.0324074 0.00945282
0 0.934896 0.545139 0.0742188 0.212963 0.00905609
0 0.231771 0.461806 0.0240885 0.0324074 0.0088501
0 0.517253 0.528935 0.0195313 0.0324074 0.00803375
0 0.392904 0.390046 0.0182292 0.025463 0.0077858
0 0.392253 0.537037 0.0208333 0.037037 0.00769424
0 0.443034 0.392361 0.0240885 0.0231481 0.00763702
0 0.432943 0.756944 0.0240885 0.0358796 0.00763702
0 0.562826 0.46412 0.014974 0.0208333 0.00712204
0 0.111654 0.540509 0.0240885 0.0277778 0.00634003
0 0.897786 0.306713 0.0234375 0.0399306 0.00619125
0 0.524089 0.318866 0.0208333 0.0260417 0.00609589
0 0.811198 0.469907 0.0169271 0.025463 0.00577545
0 0.730469 0.461806 0.0182292 0.0277778 0.0055542
