0 0.483073 0.627315 0.0761719 0.107639 0.76709
0 0.884766 0.820602 0.230469 0.358796 0.276611
0 0.485352 0.607639 0.093099 0.171296 0.0665894
0 0.134766 0.775463 0.25651 0.449074 0.0479431
0 0.0930583 0.765625 0.171305 0.46875 0.0186462
0 0.0828451 0.887153 0.151693 0.225694 0.0133286
0 0.875326 0.844907 0.249349 0.310185 0.0113754
0 0.162923 0.713252 0.318685 0.573495 0.0106506
0 0.739583 0.634259 0.520833 0.731481 0.00997162
0 0.871745 0.798611 0.25651 0.372685 0.00948334
0 0.724284 0.510995 0.551432 0.978009 0.00941467
0 0.505208 0.924769 0.0520833 0.0914352 0.00905609
0 0.734701 0.773727 0.530599 0.452546 0.00901794
0 0.70638 0.832755 0.58724 0.334491 0.00867462
0 0.719401 0.596065 0.561198 0.80787 0.00815582
0 0.498698 0.699219 0.109375 0.421007 0.00812531
0 0.691406 0.564815 0.0585938 0.0833333 0.00800323
0 0.56901 0.5 0.861979 1 0.00775528
0 0.5 0.5 1 1 0.00760651
0 0.631022 0.5 0.737956 1 0.00748825
0 0.240723 0.761574 0.0680339 0.0833333 0.00737381
0 0.265625 0.770833 0.0416667 0.0763889 0.00728989
0 0.692708 0.615162 0.0390625 0.0729167 0.00717545
0 0.65625 0.584491 0.0859375 0.148148 0.00706482
0 0.227214 0.793403 0.159505 0.234954 0.00643921
0 0.154582 0.84838 0.291097 0.303241 0.00624084
0 0.688151 0.5 0.623698 1 0.00624084
0 0.5 0.5 1 1 0.00614548
0 0.569336 0.5 0.861328 1 0.00614548
0 0.483724 0.5 0.967448 1 0.00598145
0 0.964844 0.917245 0.0703125 0.148148 0.00547028
0 0.591797 0.718171 0.816406 0.563657 0.0053215
0 0.479492 0.613426 0.094401 0.133102 0.00503922
0 0.876628 0.856771 0.246745 0.286458 0.00469971
0 0.87207 0.843171 0.255859 0.313657 0.0046463
0 0.5 0.5 1 1 0.00460815
0 0.65625 0.623843 0.0677083 0.104167 0.00429916
0 0.875 0.909144 0.25 0.181713 0.00421524
0 0.0709635 0.92419 0.132812 0.15162 0.00419998
0 0.5 0.5 1 1 0.00382423
0 0.17041 0.583333 0.327148 0.833333 0.00379562
0 0.0525716 0.773148 0.0898438 0.453704 0.00338936
0 0.889323 0.873843 0.221354 0.247685 0.00337601
0 0.588379 0.5 0.823242 1 0.00328636
0 0.182251 0.81713 0.313883 0.365741 0.00321007
0 0.228353 0.726852 0.13444 0.157407 0.00313568
0 0.0537109 0.878472 0.0908203 0.236111 0.00282288
0 0.964844 0.226201 0.0703125 0.129774 0.00259018
0 0.869792 0.546441 0.260417 0.907118 0.0024929
0 0.156535 0.940972 0.265706 0.118056 0.00237846
0 0.488281 0.626157 0.0709635 0.099537 0.751953
0 0.510417 0.916667 0.0670573 0.0925926 0.442627
0 0.488932 0.592014 0.078125 0.142361 0.211426
0 0.0382487 0.954282 0.0655925 0.0914352 0.169434
0 0.0513509 0.900463 0.0864258 0.199074 0.131226
0 0.980469 0.603588 0.0390625 0.0763889 0.125977
0 0.71875 0.548032 0.0572917 0.0821759 0.124207
0 0.778646 0.890625 0.0442708 0.0775463 0.119995
0 0.965495 0.923032 0.0690104 0.121528 0.0930176
0 0.195313 0.761574 0.0488281 0.0671296 0.0897827
0 0.216797 0.756944 0.0878906 0.0810185 0.0690308
0 0.692708 0.560764 0.0898438 0.119213 0.0656128
0 0.491536 0.589265 0.102865 0.180266 0.0570679
0 0.720052 0.504051 0.0690104 0.130787 0.0472412
0 0.859375 0.779514 0.0598958 0.101852 0.0460205
0 0.467773 0.396991 0.0488281 0.0694444 0.0453491
0 0.203776 0.530671 0.0742188 0.145833 0.0344238
0 0.444661 0.555556 0.0625 0.0949074 0.0327148
0 0.645833 0.603009 0.0677083 0.136574 0.0310211
0 0.0500488 0.854167 0.0874024 0.266204 0.0310211
0 0.679688 0.572917 0.0807292 0.125 0.0279541
0 0.661458 0.583333 0.09375 0.155093 0.0278015
0 0.109049 0.783565 0.0501302 0.099537 0.0270081
0 0.0348307 0.696759 0.0595703 0.141204 0.0266571
0 0.251872 0.752894 0.0678711 0.0821759 0.026062
0 0.845052 0.828125 0.0481771 0.106481 0.025177
0 0.0777181 0.887153 0.118978 0.225694 0.0240936
0 0.217773 0.512731 0.104818 0.158565 0.0240479
0 0.778646 0.866898 0.0494792 0.106481 0.0237732
0 0.21875 0.953125 0.0664062 0.09375 0.0219421
0 0.970703 0.31713 0.0585938 0.113426 0.0210419
0 0.138021 0.949363 0.0722656 0.101273 0.0208435
0 0.0418294 0.769676 0.070638 0.170139 0.0207977
0 0.692057 0.502894 0.0911458 0.153935 0.0204926
0 0.0448405 0.710069 0.0729167 0.148148 0.0185394
0 0.773438 0.76331 0.0455729 0.0902778 0.0185089
0 0.512044 0.934028 0.0716146 0.112269 0.0179138
0 0.508464 0.894097 0.0794271 0.137731 0.0178528
0 0.877604 0.776042 0.0963542 0.123843 0.0159607
0 0.597819 0.40191 0.0439453 0.0694444 0.0155411
0 0.558594 0.450231 0.0429688 0.0798611 0.0145035
0 0.560547 0.409144 0.0520833 0.0810185 0.014389
0 0.183757 0.945602 0.0777995 0.108796 0.0139542
0 0.971354 0.249711 0.0572917 0.111111 0.0136337
0 0.246094 0.521412 0.0885417 0.126157 0.0136337
0 0.135742 0.846065 0.0566406 0.111111 0.0134811
0 0.799479 0.461227 0.046875 0.0625 0.0132217
0 0.393555 0.252894 0.0449219 0.0694444 0.0125275
0 0.261149 0.95081 0.0922852 0.0983796 0.0122375
0 0.977865 0.576389 0.0442708 0.113426 0.0121002
0 0.895182 0.736111 0.191406 0.340278 0.529297
0 0.484375 0.622685 0.0729167 0.0972222 0.512695
0 0.891276 0.788194 0.209635 0.260417 0.262939
0 0.223633 0.600694 0.186198 0.365741 0.24939
0 0.500651 0.909722 0.0611979 0.0810185 0.126831
0 0.651042 0.606481 0.0872396 0.136574 0.0950317
0 0.429688 0.548611 0.0403646 0.0601852 0.0859985
0 0.778646 0.887153 0.0416667 0.0752315 0.072876
0 0.482096 0.585648 0.0703125 0.125 0.0713501
0 0.141602 0.854167 0.0520833 0.0694444 0.0710449
0 0.201009 0.732639 0.0602214 0.0960648 0.0570679
0 0.96875 0.907407 0.0625 0.131944 0.055603
0 0.646484 0.575087 0.0989583 0.160012 0.0538025
0 0.265951 0.763889 0.0442708 0.0625 0.0505066
0 0.654948 0.50463 0.0585938 0.133102 0.0490417
0 0.645833 0.633102 0.078125 0.12037 0.0441895
0 0.467448 0.40625 0.0397135 0.0613426 0.0420837
0 0.682454 0.712384 0.210612 0.560185 0.0410767
0 0.726563 0.45081 0.0364583 0.0497685 0.0323486
0 0.235026 0.699074 0.0963542 0.19213 0.0305023
0 0.919922 0.846065 0.160156 0.252315 0.0297089
0 0.980469 0.594907 0.0390625 0.0601852 0.0293121
0 0.559896 0.402778 0.0351562 0.0625 0.0284882
0 0.222656 0.527199 0.16862 0.185185 0.0269623
0 0.970052 0.256438 0.0598958 0.117911 0.0241852
0 0.979492 0.561343 0.0410156 0.068287 0.0228882
0 0.559245 0.45978 0.0266927 0.0399306 0.0221558
0 0.947917 0.837384 0.0989583 0.241898 0.0216217
0 0.10258 0.837963 0.134033 0.115741 0.0204163
0 0.783854 0.553241 0.0429688 0.0671296 0.0189362
0 0.267253 0.371817 0.0501302 0.0694444 0.0182343
0 0.777995 0.961806 0.0455729 0.0740741 0.0179901
0 0.753906 0.692274 0.367188 0.5761 0.0177155
0 0.645182 0.732639 0.222656 0.52662 0.0175781
0 0.106771 0.744213 0.180339 0.210648 0.0171814
0 0.962891 0.262153 0.0742188 0.195023 0.0166626
0 0.15625 0.578125 0.244792 0.325231 0.0149536
0 0.941406 0.181713 0.117188 0.248843 0.0146179
0 0.608073 0.952546 0.046875 0.0787037 0.014061
0 0.6639 0.732784 0.161784 0.471933 0.0138474
0 0.299805 0.98206 0.0442708 0.0358796 0.0137405
0 0.778646 0.862269 0.046875 0.0925926 0.0133286
0 0.187663 0.0432581 0.0608724 0.0778356 0.0130234
0 0.90625 0.645833 0.101563 0.101852 0.0125275
0 0.451497 0.41088 0.0423177 0.0648148 0.0120544
0 0.270101 0.34809 0.0548503 0.0827546 0.0118713
0 0.582682 0.541667 0.102865 0.195602 0.0115051
0 0.920573 0.15191 0.153646 0.224537 0.0112457
0 0.756348 0.241319 0.476888 0.482639 0.0109863
0 0.876302 0.163918 0.231771 0.278646 0.0106964
0 0.484375 0.628472 0.0598958 0.104167 0.685059
0 0.774089 0.888889 0.0390625 0.0671296 0.130737
0 0.966797 0.927083 0.0664062 0.122685 0.115173
0 0.673828 0.600116 0.0403646 0.0844907 0.0656128
0 0.641927 0.625579 0.0611979 0.109954 0.058136
0 0.501953 0.910301 0.0533854 0.0868056 0.058136
0 0.483398 0.594907 0.0657552 0.145833 0.0497742
0 0.049235 0.68287 0.0948893 0.229167 0.0428162
0 0.677083 0.570023 0.0520833 0.100694 0.037323
0 0.980469 0.615162 0.0364583 0.0590278 0.0372009
0 0.85612 0.766204 0.0325521 0.0497685 0.0332642
0 0.0553385 0.662037 0.108398 0.303241 0.0314941
0 0.0265299 0.969329 0.0429688 0.0613426 0.0264587
0 0.632813 0.657407 0.0442708 0.0844907 0.0235596
0 0.0556641 0.715278 0.0957031 0.251157 0.0214844
0 0.982422 0.553241 0.0351562 0.0590278 0.0201721
0 0.962891 0.869792 0.0742188 0.260417 0.0175171
0 0.777344 0.864583 0.046875 0.0844907 0.0151901
0 0.555013 0.459201 0.0332031 0.0503472 0.0146713
0 0.470703 0.402488 0.0351562 0.0659722 0.0127258
0 0.720052 0.550926 0.0338542 0.0555556 0.0109024
0 0.658854 0.569444 0.0703125 0.131944 0.00898743
0 0.621094 0.914352 0.0598958 0.115741 0.00803375
0 0.444661 0.548611 0.0442708 0.0659722 0.00775528
0 0.636719 0.616319 0.078125 0.0960648 0.00737381
0 0.847656 0.840278 0.0416667 0.0810185 0.00701141
0 0.953125 0.818866 0.0625 0.177083 0.00695801
0 0.0540365 0.711227 0.108073 0.577546 0.00614548
0 0.970703 0.851852 0.0585938 0.258102 0.005867
0 0.811198 0.840278 0.0286458 0.0706019 0.00553513
0 0.729167 0.46412 0.03125 0.0381944 0.0050621
0 0.0861003 0.719329 0.166016 0.469907 0.00492477
0 0.555664 0.949653 0.367839 0.100694 0.00492477
0 0.0564779 0.80787 0.0888672 0.25463 0.00488663
0 0.054362 0.621383 0.108724 0.581308 0.00477219
0 0.983073 0.802662 0.0338542 0.394676 0.00473785
0 0.0576986 0.806134 0.106608 0.387731 0.00469971
0 0.505208 0.568287 0.0507813 0.118056 0.00460815
0 0.684896 0.462963 0.0416667 0.0520833 0.00411606
0 0.0414225 0.492477 0.0828451 0.811343 0.00383949
0 0.940104 0.539931 0.0286458 0.0347222 0.00349617
0 0.451172 0.399016 0.0494792 0.0659722 0.00348282
0 0.265544 0.747685 0.0444336 0.0833333 0.00319672
0 0.501953 0.881944 0.0729167 0.125 0.00318527
0 0.0294596 0.66739 0.0589193 0.66522 0.00313568
0 0.619792 0.929398 0.0690104 0.141204 0.00305176
0 0.06486 0.618634 0.12972 0.491898 0.00293541
0 0.986328 0.706308 0.0273438 0.587384 0.00287819
0 0.967448 0.308449 0.0651042 0.173611 0.00284576
0 0.652344 0.471065 0.0442708 0.0555556 0.00276756
0 0.484049 0.605324 0.0703125 0.127315 0.602051
0 0.468099 0.388889 0.0364583 0.0706019 0.223389
0 0.555339 0.449942 0.0338542 0.0561343 0.199341
0 0.982422 0.610532 0.0351562 0.0671296 0.151001
0 0.720052 0.553241 0.0364583 0.0625 0.147095
0 0.860677 0.770833 0.0442708 0.0648148 0.115173
0 0.955078 0.940972 0.0664062 0.109954 0.0869141
0 0.776693 0.890625 0.0377604 0.068287 0.0797729
0 0.643229 0.606481 0.0598958 0.109954 0.0648804
0 0.96224 0.928819 0.0755208 0.12963 0.0562439
0 0.0309245 0.970775 0.0481771 0.0584491 0.0535889
0 0.455729 0.394676 0.0559896 0.0844907 0.0505066
0 0.847656 0.850116 0.0390625 0.0844907 0.0451965
0 0.0611979 0.853009 0.0488281 0.0810185 0.044342
0 0.49056 0.622685 0.077474 0.155093 0.0435181
0 0.113932 0.754051 0.031901 0.0520833 0.0394287
0 0.504557 0.910301 0.0507813 0.0775463 0.0319214
0 0.636068 0.649306 0.046875 0.106481 0.0283813
0 0.843099 0.876157 0.0390625 0.0787037 0.0265503
0 0.644531 0.574074 0.0611979 0.101852 0.0259094
0 0.696615 0.5625 0.0442708 0.0775463 0.0253754
0 0.779297 0.971065 0.0390625 0.0578704 0.0248413
0 0.626953 0.601852 0.0664062 0.104167 0.0242767
0 0.734375 0.457176 0.0338542 0.0520833 0.0236053
0 0.502604 0.583333 0.0664062 0.141204 0.0219879
0 0.604818 0.38831 0.0208333 0.0451389 0.0217438
0 0.667969 0.583333 0.0598958 0.099537 0.0197906
0 0.604818 0.959491 0.046875 0.0775463 0.0185852
0 0.467448 0.559606 0.0833333 0.115741 0.0173035
0 0.891927 0.803241 0.145833 0.152778 0.0173035
0 0.558594 0.403935 0.0351562 0.0555556 0.0167847
0 0.69401 0.96412 0.0390625 0.0717593 0.0158386
0 0.979818 0.563657 0.0403646 0.0787037 0.0154266
0 0.0319824 0.686343 0.0613607 0.12963 0.0151901
0 0.777995 0.865741 0.0481771 0.0902778 0.014389
0 0.226888 0.972801 0.0358073 0.0543981 0.0142822
0 0.263997 0.365741 0.0390625 0.0729167 0.0141754
0 0.476563 0.452546 0.0351562 0.0787037 0.0133743
0 0.183268 0.748843 0.0332031 0.068287 0.0126266
0 0.395182 0.252315 0.0416667 0.0613426 0.0116882
0 0.0333659 0.712963 0.0566406 0.119213 0.0109024
0 0.275065 0.977141 0.0436198 0.0457176 0.0108185
0 0.19043 0.521412 0.047526 0.0717593 0.00898743
0 0.949219 0.855324 0.0768229 0.19213 0.00894928
0 0.474609 0.615741 0.0957031 0.158565 0.00871277
0 0.232096 0.755787 0.0644531 0.0856481 0.00871277
0 0.0582682 0.780093 0.0579427 0.0949074 0.0086441
0 0.216797 0.478299 0.047526 0.0619213 0.00837708
0 0.6875 0.45081 0.0338542 0.0520833 0.00806427
0 0.19694 0.485532 0.0520833 0.0821759 0.00763702
0 0.483073 0.621528 0.0559896 0.118056 0.241455
0 0.47819 0.554398 0.0449219 0.0694444 0.0698242
0 0.483724 0.642361 0.0585938 0.0949074 0.0455322
0 0.465495 0.400752 0.0371094 0.0613426 0.0347595
0 0.71875 0.554977 0.0364583 0.0601852 0.0266113
0 0.47526 0.445023 0.0338542 0.056713 0.0194244
0 0.19401 0.752894 0.0338542 0.0590278 0.0174408
0 0.22168 0.761574 0.0481771 0.0601852 0.0150757
0 0.454102 0.403356 0.0436198 0.0694444 0.0145035
0 0.864583 0.768519 0.0338542 0.0532407 0.0112457
0 0.118815 0.755208 0.0364583 0.0486111 0.0110321
0 0.502604 0.921875 0.0494792 0.0763889 0.0109482
0 0.0264486 0.976562 0.0402018 0.046875 0.0104904
0 0.445964 0.439236 0.0338542 0.0590278 0.00941467
0 0.269531 0.753472 0.0325521 0.0601852 0.008255
0 0.39974 0.250868 0.0364583 0.0555556 0.0078125
0 0.731771 0.453704 0.0299479 0.0462963 0.00748825
0 0.645833 0.615741 0.046875 0.0925926 0.00746155
0 0.691406 0.55787 0.0416667 0.0671296 0.00728989
0 0.133138 0.760417 0.046875 0.0555556 0.00584412
0 0.776042 0.896412 0.0338542 0.0706019 0.00544739
0 0.197917 0.524884 0.0377604 0.0601852 0.00521851
0 0.0211589 0.702546 0.0406901 0.0914352 0.00479126
0 0.949219 0.962674 0.0598958 0.0746528 0.00475693
0 0.231934 0.533565 0.0927734 0.0775463 0.00438309
0 0.561198 0.458333 0.0286458 0.0474537 0.00426483
0 0.397461 0.318287 0.0338542 0.056713 0.00415039
0 0.985026 0.604167 0.0299479 0.0578704 0.0041008
0 0.265951 0.381076 0.0332031 0.0555556 0.00362206
0 0.564453 0.391493 0.0260417 0.0416667 0.00340271
0 0.26888 0.53588 0.0371094 0.0532407 0.00340271
0 0.0199382 0.730903 0.0366211 0.0752315 0.00322342
0 0.98112 0.252315 0.0338542 0.0601852 0.00316048
0 0.691406 0.398727 0.0286458 0.0439815 0.00284576
0 0.672526 0.585648 0.0494792 0.0763889 0.00266266
0 0.199544 0.478009 0.0397135 0.0648148 0.00265312
0 0.983724 0.556713 0.0325521 0.0694444 0.00263214
0 0.65625 0.547454 0.0416667 0.0601852 0.00252151
0 0.638672 0.660301 0.0403646 0.0729167 0.00231361
0 0.621745 0.616898 0.0520833 0.0856481 0.00230598
0 0.888021 0.787616 0.0729167 0.107639 0.00223351
0 0.64974 0.310185 0.0247396 0.0434028 0.00212479
0 0.85026 0.84375 0.0390625 0.0949074 0.00212479
0 0.0668132 0.856481 0.0473633 0.0763889 0.00203514
0 0.487305 0.637731 0.0859375 0.152778 0.00201035
0 0.179036 0.616898 0.0498047 0.0821759 0.0019722
0 0.210775 0.47309 0.0602214 0.0619213 0.00182438
0 0.274089 0.467593 0.0390625 0.0532407 0.00174809
0 0.598958 0.760995 0.0520833 0.0775463 0.00171375
0 0.856771 0.0813079 0.0338542 0.0691551 0.00162888
0 0.487956 0.617477 0.063151 0.108796 0.869629
0 0.635417 0.60706 0.0546875 0.09375 0.262939
0 0.721354 0.549769 0.0338542 0.0578704 0.231567
0 0.454427 0.399884 0.0429688 0.0613426 0.187134
0 0.469076 0.391204 0.0338542 0.0590278 0.141724
0 0.558919 0.454282 0.0279948 0.0497685 0.0783691
0 0.484375 0.59838 0.0611979 0.145833 0.0766602
0 0.886719 0.815972 0.179688 0.180556 0.0463867
0 0.871094 0.837963 0.236979 0.261574 0.043457
0 0.69401 0.396412 0.0221354 0.0358796 0.0414734
0 0.734375 0.443866 0.0286458 0.0555556 0.0397034
0 0.864583 0.81713 0.269531 0.340278 0.0339661
0 0.566406 0.392361 0.0253906 0.0393519 0.0306702
0 0.984375 0.603009 0.03125 0.0625 0.0250397
0 0.635417 0.655093 0.046875 0.0763889 0.0243378
0 0.776042 0.883681 0.0403646 0.0671296 0.024231
0 0.923177 0.854167 0.138021 0.247685 0.0231934
0 0.480794 0.441551 0.0286458 0.0578704 0.0190582
0 0.65625 0.553819 0.0390625 0.0740741 0.0189056
0 0.653646 0.461227 0.0286458 0.0509259 0.0179138
0 0.0301107 0.689236 0.0576172 0.123843 0.0173035
0 0.953125 0.917824 0.0807292 0.159722 0.0151901
0 0.666667 0.578704 0.0546875 0.0775463 0.0147324
0 0.981771 0.550926 0.0364583 0.0625 0.0124283
0 0.957031 0.946759 0.0677083 0.0972222 0.0118256
0 0.448568 0.429977 0.0377604 0.0729167 0.0103683
0 0.700521 0.5625 0.0416667 0.0763889 0.00926971
0 0.689453 0.449653 0.0273438 0.0474537 0.00844574
0 0.56901 0.600116 0.0351562 0.0706019 0.00818634
0 0.0431315 0.699074 0.0738932 0.159722 0.00769424
0 0.515951 0.5557 0.0592448 0.140914 0.00763702
0 0.774089 0.461806 0.0195313 0.0399306 0.00703812
0 0.475911 0.606481 0.0846354 0.125 0.0068512
0 0.0555013 0.849537 0.0686849 0.0914352 0.00664139
0 0.501953 0.915509 0.0638021 0.087963 0.00656509
0 0.042806 0.709491 0.0852865 0.199074 0.00643921
0 0.947266 0.869213 0.10026 0.25 0.00638962
0 0.776042 0.858218 0.046875 0.100694 0.00619125
0 0.0473633 0.741898 0.0849609 0.219907 0.00605011
0 0.856771 0.84838 0.286458 0.303241 0.00600433
0 0.26888 0.365162 0.0351562 0.0648148 0.00588989
0 0.0325521 0.971065 0.047526 0.0578704 0.00503922
0 0.60612 0.387731 0.0143229 0.03125 0.00486755
0 0.953125 0.844907 0.0794271 0.25463 0.00482941
0 0.81901 0.773148 0.361979 0.429398 0.00481033
0 0.973307 0.243634 0.0520833 0.0798611 0.00471878
0 0.632813 0.581019 0.0807292 0.12963 0.00419998
0 0.114909 0.751157 0.0611979 0.0740741 0.00415039
0 0.950521 0.384838 0.0442708 0.0694444 0.00408554
0 0.280924 0.468171 0.0403646 0.0520833 0.00376511
0 0.485677 0.621528 0.0664062 0.101852 0.739258
0 0.477865 0.592593 0.0572917 0.127315 0.111633
0 0.71875 0.550926 0.03125 0.0509259 0.0841675
0 0.450521 0.405093 0.0442708 0.0578704 0.0670776
0 0.465495 0.394676 0.0338542 0.0532407 0.0501404
0 0.557943 0.456019 0.0247396 0.0393519 0.0450134
0 0.632813 0.618634 0.046875 0.0833333 0.041626
0 0.0247396 0.682292 0.0432943 0.113426 0.0287018
0 0.902344 0.827546 0.171875 0.291667 0.0230255
0 0.872396 0.795139 0.239583 0.409722 0.0215759
0 0.477214 0.605903 0.0924479 0.135417 0.0202179
0 0.984701 0.614583 0.030599 0.0509259 0.0189819
0 0.731771 0.453704 0.0260417 0.0381944 0.016922
0 0.696615 0.55787 0.0416667 0.0613426 0.0162811
0 0.623698 0.611111 0.0481771 0.0706019 0.0154266
0 0.77474 0.887731 0.0364583 0.0648148 0.0129242
0 0.652995 0.548611 0.0338542 0.0462963 0.0124283
0 0.455729 0.561343 0.0546875 0.0810185 0.0123367
0 0.950521 0.920139 0.0807292 0.155093 0.0120544
0 0.215495 0.594907 0.167969 0.395833 0.0119629
0 0.895833 0.752315 0.134115 0.259259 0.0118713
0 0.633464 0.65625 0.0416667 0.0763889 0.011734
0 0.483398 0.625 0.0839844 0.127315 0.0108185
0 0.027832 0.659722 0.0485026 0.171296 0.0106964
0 0.6875 0.453704 0.0260417 0.0358796 0.0100937
0 0.566406 0.606481 0.0260417 0.0462963 0.00967407
0 0.981771 0.553241 0.03125 0.0520833 0.00952148
0 0.218587 0.584635 0.142904 0.249711 0.00919342
0 0.689453 0.400174 0.0221354 0.0358796 0.0085144
0 0.030599 0.971065 0.0402018 0.0578704 0.00769424
0 0.226888 0.75 0.100911 0.0787037 0.00751877
0 0.116536 0.748843 0.0442708 0.0532407 0.00740433
0 0.0289714 0.701389 0.0419922 0.138889 0.00723267
0 0.945313 0.846065 0.0963542 0.284722 0.00629044
0 0.201497 0.475116 0.063151 0.0798611 0.00624084
0 0.0465495 0.69213 0.0693359 0.171296 0.00624084
0 0.473633 0.450231 0.0266927 0.0405093 0.006073
0 0.565755 0.401042 0.0253906 0.0358796 0.00605011
0 0.670573 0.581019 0.046875 0.0775463 0.00605011
0 0.443359 0.435764 0.0358073 0.0619213 0.00602722
0 0.202148 0.750579 0.0716146 0.0625 0.00561905
0 0.247721 0.493056 0.103516 0.157407 0.00559998
0 0.503906 0.551505 0.0670573 0.100694 0.00524139
0 0.0502116 0.74537 0.0572917 0.111111 0.0051384
0 0.056071 0.520689 0.0480143 0.0651042 0.00475693
0 0.777344 0.972222 0.0299479 0.0532407 0.00469971
0 0.165039 0.619213 0.0611979 0.104167 0.0046463
0 0.14681 0.757523 0.0481771 0.0648148 0.0046463
0 0.225586 0.642361 0.141276 0.28588 0.00432968
0 0.647135 0.462963 0.0208333 0.0347222 0.00426483
