0 0.972656 0.928241 0.0546875 0.0972222 0.0266571
0 0.5 0.5 1 1 0.0118713
0 0.873372 0.78588 0.253255 0.428241 0.0118256
0 0.5 0.5 1 1 0.0117798
0 0.047526 0.615741 0.0735677 0.0752315 0.0112
0 0.972656 0.898727 0.0546875 0.202546 0.0108185
0 0.0498047 0.587963 0.0807292 0.143519 0.0100098
0 0.700846 0.715856 0.598307 0.568287 0.00898743
0 0.623698 0.5 0.752604 1 0.00894928
0 0.398112 0.773148 0.0514323 0.0763889 0.00818634
0 0.702474 0.5 0.595052 1 0.00803375
0 0.0405273 0.600116 0.0686849 0.12963 0.00748825
0 0.577311 0.5 0.845378 1 0.00734711
0 0.764486 0.626736 0.471029 0.746528 0.00717545
0 0.923828 0.840856 0.152344 0.318287 0.00712204
0 0.575521 0.521412 0.848958 0.957176 0.00674438
0 0.675944 0.552083 0.648112 0.895833 0.00666809
0 0.5 0.5 1 1 0.00658798
0 0.973958 0.858796 0.0520833 0.259259 0.00624084
0 0.5 0.5 1 1 0.00609589
0 0.939453 0.880787 0.121094 0.238426 0.00584412
0 0.5 0.5 1 1 0.00540543
0 0.546875 0.5 0.90625 1 0.00492477
0 0.396484 0.833333 0.046224 0.0636574 0.00473785
0 0.866536 0.540509 0.266927 0.918981 0.00455475
0 0.176758 0.534722 0.046224 0.0625 0.00434875
0 0.955404 0.891204 0.0891927 0.178241 0.00429916
0 0.894531 0.680556 0.210938 0.638889 0.00408554
0 0.975586 0.692708 0.0488281 0.116898 0.00400543
0 0.921875 0.76331 0.15625 0.47338 0.00390053
0 0.058431 0.569444 0.102214 0.523148 0.00385475
0 0.975911 0.614583 0.0481771 0.101852 0.0036068
0 0.949219 0.601852 0.0950521 0.111111 0.00316048
0 0.89388 0.842593 0.21224 0.298611 0.0028553
0 0.882813 0.892361 0.234375 0.189815 0.00279999
0 0.650391 0.613426 0.0677083 0.0787037 0.00270462
0 0.620768 0.293403 0.758464 0.586806 0.00237846
0 0.0598958 0.502315 0.109375 0.313657 0.00234222
0 0.896484 0.730324 0.207031 0.202546 0.00228691
0 0.0776367 0.467882 0.114909 0.215856 0.00219154
0 0.924805 0.244068 0.150391 0.488137 0.0020504
0 0.78125 0.875 0.0625 0.219907 0.0019722
0 0.679688 0.626157 0.0755208 0.0763889 0.00192642
0 0.863932 0.725694 0.272135 0.543981 0.00191879
0 0.242839 0.620949 0.046224 0.0625 0.00186729
0 0.927083 0.149884 0.114583 0.107639 0.00185299
0 0.91276 0.596644 0.174479 0.806713 0.00183868
0 0.923177 0.115777 0.138021 0.131293 0.00175476
0 0.288737 0.783565 0.259766 0.106481 0.00171375
0 0.783854 0.814815 0.0625 0.166667 0.00167465
0 0.255208 0.635417 0.0651042 0.0949074 0.555664
0 0.252604 0.659722 0.0651042 0.136574 0.196777
0 0.388997 0.761574 0.0566406 0.0740741 0.168335
0 0.319661 0.773148 0.0520833 0.087963 0.1427
0 0.658854 0.592593 0.0572917 0.0949074 0.115173
0 0.600098 0.448206 0.0472005 0.0717593 0.110474
0 0.673177 0.598958 0.0625 0.0787037 0.105957
0 0.0244141 0.62963 0.046224 0.0740741 0.105591
0 0.841797 0.635417 0.0546875 0.0775463 0.0980835
0 0.485026 0.126483 0.0755208 0.157335 0.0817871
0 0.393555 0.815394 0.0579427 0.0914352 0.0687866
0 0.0561523 0.604167 0.063151 0.0775463 0.0661011
0 0.925781 0.439815 0.0455729 0.0729167 0.062561
0 0.927734 0.418981 0.0585938 0.0833333 0.0538025
0 0.0289714 0.836806 0.0504557 0.0856481 0.0520325
0 0.403646 0.0542535 0.078125 0.101273 0.0492249
0 0.194173 0.815972 0.0442708 0.0659722 0.0470886
0 0.394531 0.731481 0.0690104 0.131944 0.0467224
0 0.193359 0.775463 0.0507813 0.0833333 0.0451965
0 0.889323 0.773148 0.0507813 0.0740741 0.0435181
0 0.431641 0.0828993 0.111979 0.165799 0.0399475
0 0.0541992 0.495949 0.100586 0.172454 0.0381775
0 0.605469 0.429398 0.0638021 0.100116 0.0379028
0 0.0502116 0.518663 0.0880534 0.194155 0.0350037
0 0.607422 0.29456 0.0794271 0.0821759 0.033905
0 0.365885 0.770255 0.0794271 0.109954 0.0332642
0 0.0393066 0.537037 0.0727539 0.188657 0.0287018
0 0.485677 0.108796 0.0898438 0.186343 0.0269623
0 0.91276 0.440104 0.0442708 0.0931713 0.0265045
0 0.427083 0.844907 0.0533854 0.0763889 0.0265045
0 0.0541178 0.466435 0.103027 0.268519 0.0257111
0 0.617839 0.301505 0.0898438 0.0763889 0.0252228
0 0.714844 0.690972 0.0494792 0.0798611 0.0248871
0 0.774089 0.78588 0.0533854 0.0844907 0.0248413
0 0.404948 0.0721933 0.0729167 0.144387 0.0247955
0 0.976563 0.918981 0.046875 0.106481 0.0241852
0 0.685547 0.46875 0.0533854 0.0810185 0.023819
0 0.0881755 0.450231 0.0580241 0.122685 0.0235596
0 0.979167 0.611111 0.0416667 0.0856481 0.0230713
0 0.671875 0.584491 0.0729167 0.12963 0.0227203
0 0.510091 0.479167 0.0644531 0.101852 0.0220795
0 0.59375 0.0797164 0.0755208 0.132812 0.0220337
0 0.213542 0.131944 0.0598958 0.102431 0.0208893
0 0.830729 0.662616 0.0481771 0.0891204 0.0202484
0 0.571289 0.0787399 0.0644531 0.152127 0.0199127
0 0.466146 0.0893374 0.0957031 0.178675 0.0197601
0 0.56901 0.0554109 0.0716146 0.100405 0.0194244
0 0.977214 0.686921 0.0455729 0.0810185 0.0182953
0 0.0240885 0.65625 0.0410156 0.0902778 0.0174408
0 0.358073 0.734954 0.119792 0.150463 0.0170441
0 0.495443 0.101997 0.175781 0.200521 0.296631
0 0.533203 0.836227 0.0403646 0.056713 0.16394
0 0.841146 0.634259 0.0390625 0.0694444 0.131592
0 0.484375 0.107494 0.230469 0.214988 0.117981
0 0.255778 0.6875 0.0366211 0.0520833 0.107056
0 0.0263672 0.623843 0.0348307 0.0601852 0.103394
0 0.237956 0.618634 0.0286458 0.0451389 0.0984497
0 0.402018 0.0536024 0.077474 0.107205 0.0960083
0 0.0657552 0.623264 0.0322266 0.0520833 0.093689
0 0.979818 0.611111 0.0403646 0.0486111 0.0888062
0 0.606771 0.449074 0.0442708 0.0590278 0.0869141
0 0.263021 0.0322627 0.0507813 0.0645255 0.0720825
0 0.85612 0.917245 0.0455729 0.0706019 0.0675659
0 0.980469 0.912037 0.0390625 0.0787037 0.0609741
0 0.673177 0.189236 0.25 0.332755 0.0503235
0 0.321615 0.765046 0.0429688 0.0694444 0.049408
0 0.468099 0.107639 0.183594 0.215278 0.0465393
0 0.609375 0.832176 0.0338542 0.0532407 0.0460205
0 0.779948 0.768519 0.0364583 0.0486111 0.0453491
0 0.53776 0.098235 0.138021 0.186343 0.0451965
0 0.114909 0.822338 0.0371094 0.0578704 0.0411377
0 0.528646 0.775463 0.0325521 0.0625 0.0363464
0 0.7736 0.209057 0.452799 0.418113 0.0353394
0 0.889974 0.777778 0.0390625 0.0625 0.0335999
0 0.66276 0.699653 0.143229 0.225694 0.0319824
0 0.670573 0.670718 0.127604 0.229167 0.0316772
0 0.388021 0.766204 0.0429688 0.0694444 0.0299835
0 0.244629 0.700231 0.0374349 0.0601852 0.029541
0 0.882161 0.263889 0.235677 0.457755 0.0294189
0 0.49349 0.106771 0.265625 0.213542 0.0292053
0 0.978841 0.563657 0.0423177 0.0671296 0.0281067
0 0.714844 0.696181 0.0442708 0.0706019 0.0270081
0 0.664714 0.65625 0.148438 0.300926 0.0265503
0 0.900391 0.472801 0.0286458 0.0509259 0.023819
0 0.691406 0.619213 0.0677083 0.0856481 0.0233765
0 0.480143 0.631944 0.047526 0.0659722 0.0231934
0 0.76237 0.611111 0.0338542 0.0462963 0.0225372
0 0.916016 0.120804 0.154948 0.189525 0.0222473
0 0.526042 0.110243 0.191406 0.210069 0.0214081
0 0.928385 0.459491 0.0364583 0.0509259 0.0202484
0 0.935547 0.849537 0.0416667 0.0821759 0.0198364
0 0.738444 0.204933 0.377279 0.358652 0.0189819
0 0.606771 0.772569 0.0364583 0.0636574 0.0184784
0 0.601563 0.545139 0.0390625 0.0578704 0.0175781
0 0.516927 0.509115 0.0481771 0.0836227 0.0171814
0 0.982422 0.778935 0.0351562 0.0543981 0.0151901
0 0.766927 0.549769 0.03125 0.0509259 0.0145035
0 0.64388 0.83912 0.0664062 0.0648148 0.014061
0 0.0683594 0.491898 0.0634766 0.087963 0.0139542
0 0.8125 0.528935 0.0182292 0.0347222 0.0139008
0 0.604167 0.459201 0.0390625 0.0613426 0.319092
0 0.321615 0.761574 0.0371094 0.0555556 0.20752
0 0.0681966 0.614005 0.0354818 0.0486111 0.177856
0 0.934245 0.449653 0.0377604 0.0625 0.105957
0 0.388672 0.815972 0.0390625 0.0671296 0.092041
0 0.606771 0.831019 0.0338542 0.0509259 0.0903931
0 0.0191243 0.628472 0.0374349 0.0671296 0.0797729
0 0.980469 0.628472 0.0364583 0.0833333 0.0690308
0 0.257161 0.686343 0.03125 0.0474537 0.0499573
0 0.977865 0.674769 0.0351562 0.0833333 0.0469055
0 0.388021 0.783565 0.0390625 0.0787037 0.0465393
0 0.240234 0.618056 0.0397135 0.0509259 0.0441895
0 0.0239258 0.847222 0.0419922 0.0694444 0.0335999
0 0.104004 0.475116 0.0364583 0.0590278 0.028595
0 0.243815 0.686343 0.0403646 0.0590278 0.0243835
0 0.187988 0.833912 0.0328776 0.0393519 0.0237732
0 0.845052 0.627894 0.03125 0.0613426 0.022583
0 0.47526 0.62963 0.0351562 0.0578704 0.0215759
0 0.132324 0.831597 0.03125 0.0486111 0.0201721
0 0.640625 0.607639 0.0260417 0.0416667 0.0167847
0 0.766927 0.77662 0.0390625 0.0578704 0.0136337
0 0.525716 0.831019 0.0332031 0.0509259 0.0130692
0 0.259847 0.616898 0.0297852 0.0462963 0.0115509
0 0.345052 0.760995 0.0247396 0.0625 0.00974274
0 0.429688 0.846644 0.03125 0.056713 0.00912476
0 0.727214 0.534722 0.0260417 0.0486111 0.00891876
0 0.979167 0.556713 0.0351562 0.0671296 0.00784302
0 0.525391 0.770255 0.03125 0.0520833 0.00757599
0 0.645182 0.846065 0.0299479 0.0532407 0.00754929
0 0.716146 0.686343 0.0338542 0.0578704 0.00751877
0 0.945313 0.425058 0.0625 0.0908565 0.00703812
0 0.0178223 0.908565 0.0356445 0.0787037 0.00679779
0 0.889323 0.767361 0.0364583 0.0555556 0.00658798
0 0.771484 0.81713 0.0390625 0.0856481 0.00624084
0 0.604818 0.77662 0.0338542 0.0578704 0.00575256
0 0.815104 0.53125 0.0273438 0.0416667 0.00544739
0 0.903646 0.450231 0.0390625 0.0636574 0.00534439
0 0.596191 0.548611 0.0341797 0.056713 0.00518036
0 0.973958 0.494213 0.0520833 0.18287 0.0049057
0 0.0273438 0.554398 0.0406901 0.0833333 0.00486755
0 0.114909 0.828704 0.0358073 0.0509259 0.0046463
0 0.068278 0.543981 0.0385742 0.0578704 0.00416565
0 0.820313 0.630787 0.0390625 0.0578704 0.00408554
0 0.515951 0.53125 0.0299479 0.0509259 0.00400543
0 0.134928 0.610532 0.0315755 0.0439815 0.00379562
0 0.977865 0.783565 0.0416667 0.141204 0.00369263
0 0.688802 0.532407 0.03125 0.0486111 0.00367928
0 0.0151367 0.673611 0.0302734 0.0648148 0.00367928
0 0.228841 0.472222 0.0276693 0.0474537 0.00363541
0 0.76237 0.543403 0.0299479 0.0439815 0.00355148
0 0.321615 0.763889 0.0403646 0.0717593 0.289307
0 0.0668945 0.608796 0.0296224 0.0532407 0.265137
0 0.605469 0.451389 0.0338542 0.0578704 0.182373
0 0.259766 0.685185 0.0325521 0.0578704 0.114746
0 0.975911 0.774884 0.0351562 0.0659722 0.0897827
0 0.0222982 0.621528 0.0315755 0.0520833 0.0574951
0 0.847005 0.62963 0.0338542 0.0648148 0.055603
0 0.242188 0.697338 0.0514323 0.0833333 0.0509033
0 0.22998 0.472222 0.0234375 0.0555556 0.0501404
0 0.386719 0.768519 0.0345052 0.0648148 0.0488586
0 0.245117 0.618056 0.046224 0.0694444 0.0476074
0 0.976563 0.68287 0.03125 0.0555556 0.0407715
0 0.39388 0.818287 0.0364583 0.0648148 0.0401001
0 0.942057 0.441551 0.0260417 0.056713 0.0381165
0 0.0620117 0.542824 0.0296224 0.0462963 0.0363464
0 0.884766 0.767361 0.0351562 0.0601852 0.0333862
0 0.854167 0.915509 0.0442708 0.0648148 0.0311432
0 0.605469 0.254051 0.0416667 0.0688657 0.0299225
0 0.103841 0.457465 0.0247396 0.0538194 0.0296478
0 0.9375 0.829282 0.0455729 0.0729167 0.0288696
0 0.692708 0.613426 0.0234375 0.0462963 0.0240021
0 0.716797 0.68287 0.0338542 0.0543981 0.023468
0 0.981771 0.547454 0.0338542 0.0648148 0.0231018
0 0.360677 0.605324 0.0273438 0.0532407 0.0211182
0 0.946615 0.411458 0.0390625 0.0671296 0.0204163
0 0.426107 0.848958 0.0364583 0.0694444 0.0195312
0 0.523438 0.630787 0.0273438 0.0648148 0.0192413
0 0.977865 0.619792 0.03125 0.0636574 0.018692
0 0.532552 0.828125 0.0364583 0.056713 0.0183411
0 0.828125 0.634838 0.0455729 0.068287 0.0156708
0 0.609375 0.418403 0.0390625 0.0752315 0.0155411
0 0.641927 0.611111 0.0247396 0.0451389 0.0152512
0 0.256592 0.614583 0.0415039 0.0543981 0.0149536
0 0.563802 0.389468 0.0208333 0.0335648 0.014061
0 0.476563 0.62963 0.0338542 0.0625 0.0136871
0 0.188151 0.831019 0.0325521 0.0486111 0.0134811
0 0.0957438 0.413484 0.0402832 0.0821759 0.0125275
0 0.703125 0.697917 0.0416667 0.0671296 0.0102921
0 0.898438 0.460648 0.0234375 0.041088 0.00985718
0 0.230469 0.742477 0.0240885 0.0520833 0.00985718
0 0.0372721 0.539352 0.0478516 0.0694444 0.00978088
0 0.970052 0.393519 0.0364583 0.0694444 0.00974274
0 0.0691732 0.479167 0.0403646 0.0636574 0.00971222
0 0.268555 0.758102 0.0273438 0.0486111 0.00963593
0 0.729818 0.616898 0.0195313 0.0462963 0.00955963
0 0.274089 0.387442 0.0208333 0.0387731 0.00948334
0 0.399414 0.690972 0.0345052 0.056713 0.00919342
0 0.686198 0.527778 0.0208333 0.0462963 0.00912476
0 0.0626628 0.406829 0.0693359 0.113426 0.00857544
0 0.152344 0.53588 0.0221354 0.0381944 0.00831604
0 0.254639 0.686921 0.0388997 0.0613426 0.214722
0 0.0725911 0.613426 0.0328776 0.0509259 0.12085
0 0.610026 0.448785 0.0338542 0.0578704 0.0817871
0 0.0224609 0.623843 0.0361328 0.0555556 0.0283356
0 0.249186 0.679398 0.0445964 0.0763889 0.0256653
0 0.322266 0.762731 0.0338542 0.0555556 0.0235138
0 0.934896 0.445602 0.03125 0.0590278 0.0227203
0 0.423177 0.848958 0.0416667 0.0648148 0.021698
0 0.846354 0.633681 0.0377604 0.0648148 0.0181274
0 0.408854 0.831019 0.0416667 0.0706019 0.0155411
0 0.536458 0.831019 0.0390625 0.0625 0.0119629
0 0.0582682 0.537037 0.0315755 0.0486111 0.0105286
0 0.245931 0.618056 0.0426432 0.0578704 0.00948334
0 0.606771 0.416956 0.0390625 0.0717593 0.00751877
0 0.253337 0.611111 0.0454102 0.0625 0.00712204
0 0.562826 0.387153 0.0253906 0.0364583 0.00706482
0 0.893229 0.770833 0.0325521 0.0601852 0.00703812
0 0.940104 0.625 0.0364583 0.0578704 0.00679779
0 0.903646 0.45544 0.03125 0.0532407 0.00661469
0 0.390299 0.621528 0.0338542 0.0509259 0.00588989
0 0.189941 0.534144 0.0270182 0.0486111 0.00547028
0 0.153646 0.538194 0.0273438 0.037037 0.00511932
0 0.838542 0.65625 0.0442708 0.0729167 0.00503922
0 0.358724 0.607639 0.0273438 0.0532407 0.00479126
0 0.51888 0.465567 0.0299479 0.0486111 0.0046463
0 0.0206706 0.675926 0.0341797 0.0659722 0.00452042
0 0.141439 0.604167 0.0253906 0.037037 0.00443268
0 0.388021 0.762731 0.0351562 0.0601852 0.0041008
0 0.230794 0.472801 0.0247396 0.0474537 0.00407028
0 0.827474 0.635417 0.0455729 0.0671296 0.00403976
0 0.6875 0.612269 0.0299479 0.0416667 0.00397491
0 0.938802 0.84838 0.0390625 0.0787037 0.0039444
0 0.942708 0.413773 0.0416667 0.0694444 0.00390053
0 0.647135 0.609954 0.0286458 0.0451389 0.00367928
0 0.689453 0.472512 0.0299479 0.0462963 0.00365067
0 0.823568 0.474537 0.0338542 0.0497685 0.00336266
0 0.39974 0.686343 0.0351562 0.0543981 0.00325966
0 0.980469 0.768519 0.0286458 0.0578704 0.00287819
0 0.690104 0.532407 0.0260417 0.0439815 0.00286674
0 0.980469 0.327257 0.03125 0.0572917 0.00283432
0 0.273763 0.759838 0.0397135 0.0578704 0.00277901
0 0.563802 0.0843461 0.0364583 0.0804398 0.00275803
0 0.653646 0.53588 0.03125 0.0416667 0.00265312
0 0.483724 0.463542 0.0286458 0.0439815 0.00258064
0 0.119466 0.762731 0.0374349 0.0497685 0.00257111
0 0.605469 0.256944 0.0351562 0.0590278 0.00255013
0 0.0974935 0.612847 0.0328776 0.0497685 0.00253105
0 0.0622559 0.478588 0.0362956 0.0601852 0.00252151
0 0.0322266 0.525463 0.0371094 0.0694444 0.00252151
0 0.606771 0.0975116 0.0364583 0.0740741 0.00246239
0 0.259196 0.689236 0.0336914 0.0590278 0.338135
0 0.848958 0.626157 0.0338542 0.0532407 0.324219
0 0.326172 0.751157 0.0364583 0.068287 0.230957
0 0.0724284 0.608796 0.0286458 0.0486111 0.184204
0 0.889323 0.769676 0.0364583 0.0671296 0.139404
0 0.608073 0.451678 0.0299479 0.0549769 0.125122
0 0.861328 0.907407 0.0403646 0.0578704 0.0933228
0 0.480469 0.622685 0.0286458 0.0497685 0.0881958
0 0.651042 0.83912 0.0364583 0.0532407 0.0866089
0 0.0227865 0.623843 0.0279948 0.0486111 0.0817871
0 0.388672 0.753472 0.0345052 0.0578704 0.0806274
0 0.248698 0.684606 0.0449219 0.0706019 0.0628052
0 0.120117 0.760417 0.0371094 0.0509259 0.0596619
0 0.429036 0.83912 0.0351562 0.0578704 0.0476074
0 0.276693 0.762731 0.0351562 0.0601852 0.0440063
0 0.403646 0.818287 0.0351562 0.0625 0.0431213
0 0.941406 0.842593 0.0455729 0.0833333 0.0406189
0 0.535156 0.819444 0.0351562 0.0578704 0.0391846
0 0.260091 0.604167 0.0351562 0.0462963 0.0367737
0 0.94401 0.436921 0.0286458 0.0648148 0.0306244
0 0.652344 0.607639 0.0260417 0.0486111 0.0291443
0 0.976563 0.774306 0.03125 0.0601852 0.0250854
0 0.899089 0.451968 0.0208333 0.0462963 0.0201416
0 0.945313 0.411748 0.0416667 0.0607639 0.018158
0 0.28125 0.813657 0.0377604 0.0671296 0.018158
0 0.521484 0.466725 0.0227865 0.0439815 0.0173035
0 0.527995 0.62037 0.0221354 0.0462963 0.0172424
0 0.141113 0.608218 0.0211589 0.0405093 0.0165863
0 0.695313 0.525463 0.0260417 0.0474537 0.0164642
0 0.402344 0.700231 0.0338542 0.0613426 0.0164642
0 0.826823 0.481481 0.0351562 0.0543981 0.0164032
0 0.604167 0.837963 0.03125 0.0509259 0.0162811
0 0.610677 0.409144 0.03125 0.0555556 0.0153656
0 0.886719 0.800926 0.0351562 0.0740741 0.0147324
0 0.652344 0.533565 0.0221354 0.037037 0.0142822
0 0.689453 0.614583 0.0195313 0.0393519 0.0139008
0 0.838542 0.652199 0.0442708 0.0729167 0.01297
0 0.345378 0.74537 0.031901 0.0694444 0.0128708
0 0.246745 0.614583 0.0416667 0.0462963 0.0117798
0 0.522786 0.532407 0.0195313 0.0393519 0.0115051
0 0.982422 0.616898 0.0260417 0.0555556 0.011467
0 0.0666504 0.541667 0.0260417 0.0381944 0.0108566
0 0.311849 0.813657 0.0299479 0.0625 0.0108185
0 0.0215658 0.659722 0.0247396 0.0648148 0.0106506
0 0.366536 0.604167 0.0299479 0.0509259 0.0102463
0 0.40625 0.467593 0.0286458 0.0381944 0.0101318
0 0.192708 0.818287 0.0286458 0.0532407 0.00948334
0 0.829427 0.633102 0.0416667 0.0601852 0.00930023
0 0.233724 0.471933 0.0208333 0.0439815 0.00919342
0 0.945313 0.619213 0.03125 0.0439815 0.00905609
0 0.257161 0.693287 0.0338542 0.0532407 0.362061
0 0.0686035 0.612847 0.0294596 0.0347222 0.117188
0 0.847005 0.630208 0.03125 0.0497685 0.0598755
0 0.247233 0.688657 0.0445964 0.0648148 0.0479431
0 0.647135 0.846065 0.03125 0.0428241 0.0460205
0 0.323242 0.752315 0.0358073 0.0520833 0.043457
0 0.0196126 0.622106 0.0270182 0.0405093 0.0433655
0 0.604167 0.841435 0.0286458 0.0393519 0.033905
0 0.477539 0.627315 0.0247396 0.0439815 0.0230713
0 0.605469 0.693866 0.0221354 0.0347222 0.0220795
0 0.425781 0.842593 0.0345052 0.0462963 0.0216217
0 0.529297 0.831597 0.0299479 0.037037 0.0214539
0 0.984375 0.615741 0.0247396 0.037037 0.0196381
0 0.259115 0.609954 0.0345052 0.0347222 0.0184326
0 0.520833 0.623843 0.0221354 0.0393519 0.0181885
0 0.977865 0.770833 0.0260417 0.0439815 0.0149536
0 0.604167 0.457176 0.0247396 0.0381944 0.0147324
0 0.244141 0.614005 0.0397135 0.03125 0.012825
0 0.846354 0.657986 0.03125 0.0625 0.0127258
0 0.0201009 0.678819 0.0249023 0.0428241 0.0115967
0 0.855469 0.916088 0.0338542 0.0509259 0.0108566
0 0.940104 0.451968 0.0273438 0.0428241 0.0104065
0 0.0289714 0.835648 0.0328776 0.0555556 0.0103302
0 0.403646 0.824074 0.0442708 0.0648148 0.00963593
0 0.0540365 0.542824 0.0410156 0.0462963 0.00878143
0 0.482096 0.667245 0.0240885 0.0474537 0.00871277
0 0.117188 0.760417 0.0332031 0.0324074 0.00828552
0 0.647135 0.539352 0.015625 0.0208333 0.00806427
0 0.0418294 0.52879 0.0602214 0.0882523 0.00790405
0 0.817708 0.673611 0.0260417 0.0439815 0.00720596
0 0.891276 0.765046 0.0247396 0.0439815 0.00717545
0 0.938151 0.846065 0.0403646 0.0625 0.00695801
0 0.6875 0.614583 0.0182292 0.025463 0.00658798
0 0.269857 0.756944 0.0299479 0.0497685 0.0064621
0 0.644531 0.614583 0.0182292 0.0266204 0.00643921
0 0.701823 0.6875 0.0364583 0.0393519 0.00600433
0 0.980469 0.548611 0.0234375 0.0416667 0.00593567
0 0.770833 0.771991 0.03125 0.0497685 0.00551224
0 0.824219 0.627315 0.03125 0.0439815 0.00542831
0 0.979818 0.683449 0.0208333 0.0358796 0.00542831
0 0.388021 0.75463 0.0364583 0.0509259 0.00527954
0 0.606771 0.605903 0.0208333 0.0266204 0.00526047
0 0.934896 0.791088 0.0885417 0.0902778 0.00502014
0 0.691406 0.538194 0.0234375 0.0277778 0.00486755
0 0.0525716 0.387153 0.0797526 0.112269 0.00455475
0 0.517904 0.538194 0.0214844 0.0289352 0.00455475
0 0.232747 0.475694 0.0227865 0.0422454 0.00441742
0 0.518229 0.468461 0.0234375 0.0358796 0.00438309
0 0.0539551 0.489873 0.0906576 0.190394 0.00369263
0 0.71875 0.685185 0.0260417 0.0428241 0.0036068
