0 0.923177 0.527778 0.0572917 0.0810185 0.0408325
0 0.348958 0.604167 0.0488281 0.0636574 0.0170441
0 0.5 0.5 1 1 0.0136871
0 0.5 0.5 1 1 0.0126724
0 0.876302 0.717014 0.247396 0.548611 0.0124817
0 0.633464 0.5 0.733073 1 0.0121002
0 0.738444 0.5 0.523112 1 0.0106506
0 0.69401 0.74537 0.611979 0.509259 0.00952148
0 0.0236003 0.558449 0.0472005 0.105324 0.0085144
0 0.921875 0.527199 0.0729167 0.107639 0.00831604
0 0.765951 0.642072 0.468099 0.715856 0.00793457
0 0.571777 0.695023 0.856445 0.609954 0.00790405
0 0.5 0.5 1 1 0.00734711
0 0.5 0.5 1 1 0.00728989
0 0.491536 0.5 0.983073 1 0.00703812
0 0.681803 0.550347 0.636393 0.899306 0.00698471
0 0.895182 0.217303 0.209635 0.434606 0.00695801
0 0.936198 0.75463 0.0833333 0.224537 0.00695801
0 0.865234 0.5 0.269531 1 0.0068512
0 0.705078 0.5 0.589844 1 0.00653839
0 0.933594 0.831597 0.132812 0.318287 0.00641251
0 0.557943 0.5 0.884115 1 0.00629044
0 0.934896 0.50463 0.0924479 0.115741 0.00616837
0 0.5 0.5 1 1 0.00591278
0 0.77474 0.591435 0.450521 0.81713 0.00561905
0 0.513021 0.5 0.973958 1 0.00559998
0 0.020752 0.604167 0.0415039 0.0833333 0.00551224
0 0.854167 0.217882 0.291667 0.435764 0.00486755
0 0.917969 0.320312 0.164063 0.185764 0.00452042
0 0.816406 0.701389 0.109375 0.109954 0.00441742
0 0.910156 0.260489 0.179688 0.335503 0.00418091
0 0.889323 0.377894 0.174479 0.116898 0.00403976
0 0.266927 0.53588 0.0390625 0.0625 0.00392914
0 0.903646 0.333912 0.192708 0.667824 0.00376511
0 0.97526 0.864005 0.0494792 0.172454 0.00370789
0 0.974609 0.832176 0.0507813 0.247685 0.00356483
0 0.617025 0.306424 0.765951 0.612847 0.00348282
0 0.928385 0.708333 0.115885 0.376157 0.00345612
0 0.961263 0.320023 0.077474 0.148148 0.00331116
0 0.963542 0.242983 0.0729167 0.208478 0.00318527
0 0.955078 0.709635 0.0898438 0.499711 0.00260162
0 0.946615 0.543403 0.106771 0.239583 0.00258064
0 0.941406 0.228877 0.117188 0.457755 0.00251198
0 0.920573 0.813657 0.158854 0.369213 0.00247192
0 0.871745 0.793403 0.25651 0.40162 0.00216484
0 0.975911 0.917245 0.0481771 0.118056 0.00213242
0 0.0303548 0.51331 0.0607096 0.190972 0.00208282
0 0.938477 0.350694 0.123047 0.679398 0.00198746
0 0.482096 0.572917 0.319661 0.0949074 0.00191879
0 0.962891 0.16059 0.0742188 0.321181 0.00184631
0 0.258464 0.518519 0.0540365 0.0844907 0.309082
0 0.925781 0.5 0.0598958 0.0914352 0.259766
0 0.137695 0.759259 0.0533854 0.0763889 0.154541
0 0.349609 0.577546 0.0520833 0.0833333 0.154053
0 0.059082 0.365451 0.0569661 0.078125 0.152588
0 0.919271 0.509259 0.0546875 0.107639 0.116333
0 0.398763 0.839699 0.0494792 0.0601852 0.113159
0 0.658854 0.712963 0.0572917 0.0949074 0.109314
0 0.026001 0.543981 0.052002 0.112269 0.107422
0 0.635417 0.246528 0.0507813 0.0752315 0.105591
0 0.0279948 0.516204 0.0559896 0.12963 0.105591
0 0.0464681 0.762731 0.0675456 0.109954 0.0987549
0 0.849609 0.399595 0.0520833 0.0740741 0.081543
0 0.262044 0.507089 0.0683594 0.117766 0.0789185
0 0.404948 0.956019 0.0670573 0.087963 0.0747681
0 0.609375 0.247106 0.0494792 0.0804398 0.0731812
0 0.394531 0.407407 0.0703125 0.126736 0.0692749
0 0.507812 0.387731 0.0442708 0.0601852 0.0630493
0 0.509115 0.336806 0.0507813 0.0763889 0.0611877
0 0.107096 0.699653 0.0449219 0.0706019 0.0531921
0 0.973307 0.337963 0.0494792 0.0856481 0.0526123
0 0.431641 0.581019 0.0494792 0.0821759 0.0518494
0 0.277913 0.821759 0.066569 0.108796 0.0446777
0 0.512044 0.673032 0.0488281 0.0775463 0.0420837
0 0.395833 0.435475 0.0572917 0.0920139 0.0411377
0 0.0541178 0.354745 0.0708008 0.0908565 0.0383301
0 0.976563 0.358218 0.0338542 0.0891204 0.037384
0 0.257487 0.0300926 0.0677083 0.0601852 0.0341797
0 0.146322 0.162905 0.038737 0.0625 0.0341797
0 0.599121 0.53588 0.0595703 0.0868056 0.0341797
0 0.29362 0.832176 0.078776 0.113426 0.0325317
0 0.976563 0.775463 0.046875 0.0949074 0.0306244
0 0.047526 0.747685 0.0898438 0.143519 0.0290833
0 0.85026 0.132234 0.0677083 0.126157 0.0279541
0 0.590495 0.391204 0.0507813 0.0740741 0.0273743
0 0.935547 0.681713 0.0403646 0.0509259 0.0270081
0 0.17985 0.516782 0.0498047 0.0891204 0.0242767
0 0.816406 0.681713 0.0520833 0.0717593 0.0234222
0 0.88151 0.390046 0.0520833 0.0497685 0.0226288
0 0.971354 0.224248 0.0494792 0.0868056 0.022583
0 0.0385742 0.334491 0.0537109 0.068287 0.0212097
0 0.135742 0.735532 0.0611979 0.123843 0.0205994
0 0.247396 0.498843 0.077474 0.121528 0.0199127
0 0.770182 0.766204 0.0416667 0.0856481 0.0189362
0 0.27832 0.796875 0.0690104 0.114583 0.0175171
0 0.970052 0.177373 0.0546875 0.0902778 0.0174408
0 0.678385 0.470775 0.046875 0.0758102 0.0174408
0 0.494141 0.336227 0.047526 0.0740741 0.0173035
0 0.953125 0.331597 0.0494792 0.0844907 0.0166626
0 0.736979 0.4375 0.0494792 0.102431 0.0161591
0 0.891927 0.207682 0.216146 0.384404 0.759766
0 0.408854 0.842593 0.0403646 0.0613426 0.478516
0 0.653646 0.736111 0.046875 0.0625 0.32251
0 0.906901 0.241247 0.18099 0.364728 0.307373
0 0.658854 0.712384 0.0494792 0.0717593 0.237183
0 0.695313 0.197338 0.161458 0.21412 0.195557
0 0.938151 0.238137 0.123698 0.314236 0.167236
0 0.135905 0.75 0.0406901 0.0590278 0.156616
0 0.867188 0.14464 0.265625 0.254702 0.15564
0 0.860677 0.313657 0.0872396 0.228009 0.134277
0 0.520182 0.810185 0.0416667 0.0694444 0.117554
0 0.77474 0.158854 0.0885417 0.159144 0.101929
0 0.346354 0.590278 0.0325521 0.0486111 0.0809326
0 0.669271 0.196036 0.135417 0.201678 0.0786133
0 0.304688 0.835648 0.0325521 0.0601852 0.0769653
0 0.260417 0.53588 0.0345052 0.0439815 0.0682983
0 0.717448 0.180122 0.207031 0.199942 0.0639648
0 0.0245768 0.537616 0.0491536 0.111111 0.058136
0 0.527344 0.789931 0.046875 0.0775463 0.0548096
0 0.541016 0.138563 0.221354 0.25123 0.0544128
0 0.0269368 0.501157 0.0538737 0.115741 0.0486755
0 0.861979 0.90625 0.0403646 0.0717593 0.0470886
0 0.404948 0.964699 0.0579427 0.0706019 0.0458679
0 0.942708 0.279514 0.109375 0.237847 0.0428162
0 0.716146 0.252894 0.227865 0.397569 0.0361633
0 0.53418 0.088831 0.194661 0.149884 0.032959
0 0.609375 0.226924 0.0546875 0.106337 0.0317993
0 0.391276 0.0670935 0.0625 0.0897714 0.0310211
0 0.920573 0.760995 0.0729167 0.0694444 0.0308533
0 0.776042 0.762153 0.0286458 0.0474537 0.0306244
0 0.858073 0.867477 0.0507813 0.106481 0.0305634
0 0.721354 0.212963 0.203125 0.28588 0.0297089
0 0.980469 0.782986 0.0390625 0.0671296 0.0289764
0 0.144206 0.606481 0.0195313 0.0358796 0.0285492
0 0.39681 0.441551 0.047526 0.0706019 0.0272217
0 0.348633 0.142216 0.0729167 0.124711 0.0269623
0 0.272461 0.145978 0.0657552 0.099537 0.0266113
0 0.938151 0.686343 0.0377604 0.0555556 0.0262604
0 0.477214 0.472222 0.0253906 0.0474537 0.023819
0 0.813802 0.54456 0.03125 0.0497685 0.0237732
0 0.307292 0.458912 0.0234375 0.0381944 0.0209198
0 0.348307 0.847222 0.0332031 0.0474537 0.0204926
0 0.143229 0.195023 0.254557 0.272569 0.0202942
0 0.89974 0.784722 0.177083 0.298611 0.0202179
0 0.906901 0.530093 0.0403646 0.0486111 0.019455
0 0.923177 0.514468 0.0442708 0.0613426 0.0180511
0 0.349609 0.565394 0.0423177 0.0671296 0.0179138
0 0.930339 0.492477 0.0638021 0.0775463 0.0173035
0 0.946615 0.768519 0.0429688 0.0532407 0.0173035
0 0.751302 0.265914 0.128906 0.251736 0.0164032
0 0.260417 0.550926 0.0351562 0.0671296 0.33374
0 0.402995 0.835648 0.0397135 0.0555556 0.332764
0 0.652344 0.744213 0.0390625 0.0648148 0.304932
0 0.346354 0.590278 0.0338542 0.0601852 0.211426
0 0.349284 0.563079 0.0358073 0.0671296 0.182373
0 0.0161133 0.561343 0.0322266 0.0787037 0.128052
0 0.507161 0.39265 0.0351562 0.0601852 0.103394
0 0.133464 0.752894 0.0361328 0.0578704 0.0960083
0 0.300456 0.831019 0.0345052 0.0601852 0.088501
0 0.772135 0.768519 0.0364583 0.0578704 0.072876
0 0.512695 0.8125 0.0416667 0.0694444 0.0700684
0 0.400065 0.96875 0.0533854 0.0625 0.0405273
0 0.0194092 0.479745 0.0388184 0.0636574 0.0333862
0 0.656901 0.715278 0.0455729 0.0787037 0.0321655
0 0.927083 0.510995 0.0442708 0.0810185 0.0281067
0 0.0151774 0.588542 0.0303548 0.0659722 0.0278473
0 0.950521 0.333623 0.0833333 0.123264 0.0234222
0 0.479492 0.468461 0.0351562 0.0497685 0.0178528
0 0.953776 0.260127 0.078125 0.27662 0.0149536
0 0.279948 0.821759 0.0533854 0.0763889 0.0130234
0 0.929688 0.495949 0.046875 0.0821759 0.0129242
0 0.979167 0.690972 0.0416667 0.206019 0.0116882
0 0.0350749 0.762153 0.0522461 0.09375 0.0112457
0 0.0541178 0.384838 0.0351562 0.0543981 0.0107346
0 0.977865 0.625 0.0390625 0.0763889 0.0106125
0 0.425781 0.596065 0.0338542 0.0532407 0.0102463
0 0.394531 0.446181 0.0364583 0.0717593 0.00898743
0 0.94401 0.697917 0.0520833 0.0752315 0.00844574
0 0.0973307 0.682292 0.0253906 0.0451389 0.00734711
0 0.977214 0.770255 0.0455729 0.385417 0.00695801
0 0.0651042 0.543981 0.0253906 0.0509259 0.00674438
0 0.602214 0.535301 0.03125 0.0509259 0.00674438
0 0.987956 0.687789 0.0240885 0.624421 0.00658798
0 0.517578 0.789352 0.0481771 0.0810185 0.00636292
0 0.0459798 0.761574 0.0442708 0.0671296 0.00619125
0 0.140625 0.608796 0.0270182 0.037037 0.00614548
0 0.854167 0.393229 0.0442708 0.0700231 0.00579834
0 0.981445 0.733941 0.0371094 0.532118 0.00570679
0 0.950521 0.322917 0.0833333 0.204861 0.00534439
0 0.177734 0.528935 0.0325521 0.0486111 0.00527954
0 0.677083 0.471354 0.0338542 0.0538194 0.00526047
0 0.251953 0.542824 0.0514323 0.056713 0.00486755
0 0.949219 0.78125 0.0820313 0.217593 0.00482941
0 0.355469 0.840856 0.0345052 0.0428241 0.00479126
0 0.431966 0.75 0.0279948 0.0590278 0.00450516
0 0.730469 0.46412 0.0286458 0.0451389 0.00443268
0 0.947917 0.350116 0.0729167 0.118056 0.00432968
0 0.399089 0.546296 0.0247396 0.0462963 0.00413513
0 0.323893 0.545139 0.031901 0.0462963 0.00385475
0 0.137858 0.701389 0.0341797 0.0520833 0.00372124
0 0.404948 0.835069 0.0351562 0.0578704 0.268066
0 0.260417 0.538194 0.03125 0.0520833 0.240112
0 0.349284 0.591435 0.0332031 0.0578704 0.199951
0 0.136556 0.746528 0.0315755 0.0532407 0.193115
0 0.654948 0.703704 0.0429688 0.0775463 0.117188
0 0.0574544 0.376157 0.0325521 0.0578704 0.107788
0 0.98112 0.612847 0.0338542 0.0659722 0.0946655
0 0.401367 0.456597 0.0325521 0.056713 0.0881958
0 0.0173747 0.555556 0.0347494 0.0844907 0.0703125
0 0.515625 0.823495 0.0351562 0.0613426 0.0675659
0 0.9375 0.6875 0.0338542 0.0532407 0.0607605
0 0.776693 0.761574 0.0364583 0.0532407 0.058136
0 0.653646 0.737269 0.0390625 0.0763889 0.0544128
0 0.349284 0.559028 0.0345052 0.0671296 0.053009
0 0.605469 0.540509 0.0234375 0.0509259 0.0505066
0 0.928385 0.515625 0.0338542 0.0636574 0.049408
0 0.0189616 0.475694 0.0364583 0.0625 0.042572
0 0.0201823 0.585069 0.031901 0.068287 0.0368347
0 0.983073 0.675926 0.0260417 0.0763889 0.0319824
0 0.315104 0.828704 0.0273438 0.0555556 0.0317993
0 0.246908 0.539352 0.039388 0.0532407 0.0305023
0 0.565755 0.539352 0.0240885 0.0474537 0.0292511
0 0.928385 0.490451 0.0390625 0.0746528 0.0278015
0 0.188151 0.260127 0.031901 0.0625 0.0266571
0 0.760417 0.391782 0.03125 0.0474537 0.0240936
0 0.863281 0.90162 0.0494792 0.0844907 0.0193787
0 0.860677 0.853009 0.0455729 0.0891204 0.016983
0 0.811849 0.684028 0.0286458 0.0555556 0.0165253
0 0.951823 0.332755 0.0481771 0.0648148 0.0162811
0 0.945313 0.747685 0.0442708 0.0601852 0.0153046
0 0.428385 0.834491 0.0351562 0.0486111 0.0153046
0 0.979167 0.770833 0.0338542 0.101852 0.0149536
0 0.0693359 0.554977 0.0367839 0.0856481 0.0139542
0 0.427734 0.586806 0.0325521 0.0636574 0.0136337
0 0.855469 0.395255 0.0260417 0.0509259 0.0126266
0 0.979167 0.563657 0.0338542 0.118056 0.0125732
0 0.820313 0.827546 0.0390625 0.0601852 0.0124817
0 0.895182 0.380787 0.0182292 0.0451389 0.0123367
0 0.808594 0.772569 0.046875 0.0891204 0.0112457
0 0.779948 0.701968 0.0442708 0.0671296 0.0110703
0 0.904948 0.686921 0.0325521 0.0474537 0.0109863
0 0.679036 0.464988 0.0286458 0.0491898 0.0108185
0 0.0620931 0.460648 0.0255534 0.0503472 0.0105667
0 0.066569 0.601273 0.0348307 0.0601852 0.0104065
0 0.279297 0.39294 0.0299479 0.0520833 0.0103302
0 0.309245 0.453414 0.0169271 0.0422454 0.0102463
0 0.326172 0.539352 0.03125 0.0462963 0.0091629
0 0.400391 0.962963 0.0455729 0.0706019 0.00809479
0 0.777344 0.820602 0.0286458 0.0555556 0.00806427
0 0.510417 0.318287 0.0325521 0.0405093 0.0078125
0 0.351237 0.585648 0.0384115 0.0671296 0.205566
0 0.258464 0.54456 0.0351562 0.0543981 0.185303
0 0.138021 0.75 0.03125 0.0497685 0.146118
0 0.40625 0.841435 0.0351562 0.0532407 0.0878906
0 0.0581055 0.373843 0.0345052 0.0555556 0.0481262
0 0.657552 0.741898 0.0364583 0.0740741 0.0413208
0 0.351563 0.564815 0.0390625 0.0717593 0.0344849
0 0.0176595 0.553819 0.035319 0.0844907 0.0225067
0 0.931641 0.519097 0.0364583 0.0636574 0.0220337
0 0.0204264 0.585648 0.0374349 0.0706019 0.0160217
0 0.658854 0.71412 0.0416667 0.0798611 0.0150146
0 0.399089 0.451389 0.0286458 0.0509259 0.0148392
0 0.0187581 0.470486 0.0375163 0.056713 0.013588
0 0.641927 0.251157 0.0260417 0.0451389 0.0125275
0 0.513672 0.321759 0.0299479 0.0393519 0.0115051
0 0.435547 0.591435 0.03125 0.0625 0.00971222
0 0.399089 0.397569 0.0351562 0.0625 0.00926971
0 0.898438 0.171296 0.0260417 0.0457176 0.00912476
0 0.487305 0.320602 0.0292969 0.037037 0.00912476
0 0.604167 0.315104 0.0234375 0.0324074 0.0078125
0 0.855469 0.166956 0.0364583 0.0503472 0.00717545
0 0.521159 0.829861 0.0325521 0.0555556 0.00706482
0 0.606771 0.244213 0.0247396 0.0405093 0.00701141
0 0.596354 0.385995 0.0299479 0.0416667 0.00701141
0 0.569987 0.543981 0.0292969 0.0416667 0.00674438
0 0.856771 0.40191 0.0260417 0.0543981 0.00656509
0 0.945313 0.326389 0.0351562 0.052662 0.00609589
0 0.24821 0.537037 0.0426432 0.0532407 0.00591278
0 0.44043 0.318576 0.0247396 0.0306713 0.00582123
0 0.679036 0.467882 0.0351562 0.0555556 0.00527954
0 0.603516 0.543981 0.0299479 0.0486111 0.00511932
0 0.301758 0.450231 0.030599 0.0439815 0.00468063
0 0.563151 0.315683 0.0247396 0.03125 0.00457382
0 0.820964 0.378762 0.03125 0.046875 0.00452042
0 0.191081 0.252315 0.0273438 0.0445602 0.00419998
0 0.39974 0.32581 0.0286458 0.0405093 0.00391388
0 0.311849 0.83044 0.0351562 0.0543981 0.00387001
0 0.979167 0.233218 0.0338542 0.0572917 0.00372124
0 0.884115 0.389178 0.0338542 0.0428241 0.00367928
0 0.817708 0.328414 0.0273438 0.0497685 0.00356483
0 0.145182 0.311343 0.0260417 0.0405093 0.00351143
0 0.75651 0.39294 0.0377604 0.046875 0.00351143
0 0.776042 0.171296 0.0286458 0.0532407 0.00333786
0 0.522786 0.530671 0.0260417 0.0405093 0.00317192
0 0.93099 0.484954 0.0390625 0.0671296 0.00312424
0 0.985677 0.547454 0.0286458 0.0601852 0.00307465
0 0.516276 0.385995 0.0286458 0.0428241 0.00286674
0 0.97526 0.333044 0.0338542 0.0729167 0.00282288
0 0.56901 0.387731 0.0286458 0.0416667 0.00281143
0 0.270182 0.240741 0.0221354 0.0318287 0.00264168
0 0.264974 0.540509 0.0299479 0.0532407 0.700195
0 0.139648 0.74537 0.0322266 0.0578704 0.585938
0 0.352865 0.583333 0.0377604 0.0648148 0.541992
0 0.40625 0.835648 0.0351562 0.0509259 0.385742
0 0.659505 0.734954 0.0377604 0.0671296 0.191895
0 0.0661621 0.370949 0.0356445 0.0561343 0.122925
0 0.404297 0.458623 0.0273438 0.0445602 0.110107
0 0.352865 0.560185 0.0338542 0.0613426 0.0927124
0 0.314779 0.827546 0.030599 0.0555556 0.0917358
0 0.763021 0.394676 0.0234375 0.0393519 0.0907593
0 0.660156 0.712963 0.0416667 0.0763889 0.0548096
0 0.860026 0.398727 0.0260417 0.0462963 0.0507202
0 0.0192871 0.550347 0.0309245 0.068287 0.0483093
0 0.933594 0.511719 0.0338542 0.0668403 0.0391235
0 0.485352 0.320602 0.0201823 0.0335648 0.0340271
0 0.434896 0.587963 0.0279948 0.0601852 0.0292511
0 0.646484 0.392361 0.0169271 0.0335648 0.0288696
0 0.520833 0.815972 0.03125 0.0578704 0.0271149
0 0.0232747 0.464699 0.0296224 0.0439815 0.0264587
0 0.869792 0.900463 0.0429688 0.0706019 0.0249939
0 0.596354 0.394676 0.0260417 0.0439815 0.0249329
0 0.192383 0.25434 0.0260417 0.0434028 0.0243835
0 0.574219 0.388889 0.0299479 0.0422454 0.0241852
0 0.858073 0.836806 0.0429688 0.0717593 0.0233307
0 0.817708 0.323495 0.0208333 0.0347222 0.0221558
0 0.780599 0.760417 0.0351562 0.0648148 0.0216217
0 0.312174 0.462963 0.015625 0.0381944 0.0207672
0 0.0208333 0.583333 0.0279948 0.0694444 0.0192413
0 0.931641 0.487269 0.0338542 0.0659722 0.0182648
0 0.521484 0.317708 0.016276 0.0295139 0.0174408
0 0.128581 0.741898 0.0527344 0.0601852 0.0160217
0 0.893229 0.389468 0.0208333 0.0393519 0.0154266
0 0.439453 0.554398 0.0273438 0.0590278 0.0154266
0 0.56901 0.53588 0.0208333 0.0347222 0.014061
0 0.404297 0.395255 0.0299479 0.0486111 0.0136871
0 0.939453 0.689815 0.0234375 0.0416667 0.0136337
0 0.249186 0.540509 0.0426432 0.0486111 0.0133286
0 0.898438 0.752894 0.0221354 0.0462963 0.0126266
0 0.281901 0.387153 0.0273438 0.0381944 0.0120544
0 0.355469 0.83912 0.0273438 0.0393519 0.0100937
0 0.561849 0.462963 0.0169271 0.0324074 0.00959778
0 0.606771 0.310475 0.0143229 0.0260417 0.00941467
0 0.526693 0.532407 0.0208333 0.037037 0.00919342
0 0.903646 0.689815 0.0260417 0.0416667 0.00908661
0 0.113932 0.6875 0.0276693 0.037037 0.00837708
0 0.441406 0.318866 0.015625 0.0289352 0.00831604
0 0.984375 0.620949 0.0286458 0.0625 0.0078125
0 0.482747 0.469039 0.0221354 0.041088 0.00775528
0 0.519531 0.392361 0.0195313 0.0358796 0.00720596
0 0.683594 0.462384 0.0208333 0.0416667 0.00712204
0 0.348958 0.586806 0.0338542 0.0578704 0.338135
0 0.261393 0.541667 0.0292969 0.0428241 0.313232
0 0.138021 0.747685 0.0315755 0.0532407 0.189575
0 0.654948 0.740741 0.0351562 0.0578704 0.104492
0 0.0174154 0.55787 0.0341797 0.0671296 0.0772095
0 0.349284 0.5625 0.03125 0.0578704 0.076416
0 0.403646 0.840278 0.03125 0.037037 0.0653687
0 0.0556641 0.368345 0.0364583 0.0578704 0.0524292
0 0.397135 0.46412 0.0260417 0.0324074 0.0403748
0 0.655599 0.709491 0.0390625 0.0601852 0.0351562
0 0.0193685 0.584491 0.03125 0.0659722 0.0335999
0 0.0206706 0.468171 0.0354818 0.0486111 0.0282135
0 0.522786 0.825231 0.031901 0.0486111 0.0200653
0 0.432943 0.590278 0.0266927 0.0555556 0.0170441
0 0.89974 0.689815 0.0234375 0.0300926 0.0123367
0 0.563151 0.541088 0.0182292 0.0266204 0.0120087
0 0.309245 0.46412 0.0221354 0.03125 0.0112457
0 0.895833 0.758102 0.0234375 0.0381944 0.00985718
0 0.311849 0.829861 0.03125 0.0462963 0.00978088
0 0.245768 0.541667 0.0384115 0.037037 0.00963593
0 0.776042 0.769676 0.03125 0.0486111 0.00841522
0 0.776693 0.824074 0.0260417 0.0416667 0.00653839
0 0.435547 0.558449 0.0260417 0.0532407 0.00641251
0 0.0323893 0.769676 0.043457 0.0763889 0.00634003
0 0.940104 0.69213 0.0273438 0.0347222 0.00624084
0 0.761719 0.394097 0.0260417 0.0289352 0.00575256
0 0.127441 0.744213 0.0563151 0.056713 0.00530243
0 0.523438 0.537037 0.0169271 0.0231481 0.00475693
0 0.140462 0.71412 0.031901 0.068287 0.00450516
0 0.941406 0.758102 0.0494792 0.0486111 0.00446701
0 0.605469 0.541088 0.0195313 0.0300926 0.00432968
0 0.477865 0.475405 0.0221354 0.0376157 0.00413513
0 0.8125 0.829861 0.0286458 0.0439815 0.00413513
0 0.934896 0.519097 0.03125 0.0532407 0.00370789
0 0.0641276 0.542245 0.0374349 0.056713 0.00359344
0 0.516927 0.390046 0.0195313 0.0289352 0.00356483
0 0.60026 0.391204 0.0208333 0.0289352 0.00356483
0 0.730469 0.688657 0.0195313 0.0277778 0.00356483
0 0.982422 0.684028 0.0208333 0.037037 0.00349617
0 0.566406 0.391782 0.0169271 0.0243056 0.00344276
0 0.966146 0.212891 0.0546875 0.120515 0.00341606
0 0.0320638 0.806713 0.0405273 0.0729167 0.00337601
0 0.394531 0.536458 0.0201823 0.0289352 0.00335121
0 0.114583 0.689815 0.039388 0.0416667 0.00332451
0 0.355469 0.837963 0.0234375 0.0300926 0.00331116
0 0.396484 0.395833 0.0273438 0.0393519 0.00324821
0 0.726563 0.827546 0.0273438 0.0393519 0.00322342
0 0.860677 0.917824 0.0351562 0.0578704 0.00319672
0 0.976563 0.771412 0.0260417 0.0509259 0.00314713
0 0.00561523 0.518374 0.0112305 0.324363 0.00313568
