0 0.517578 0.918981 0.0559896 0.0717593 0.0891113
0 0.353516 0.774884 0.0585938 0.0891204 0.0406799
0 0.783854 0.609954 0.046875 0.0671296 0.0217438
0 0.173828 0.458623 0.0455729 0.068287 0.0198669
0 0.164714 0.452257 0.0579427 0.0827546 0.0164032
0 0.524089 0.865741 0.0638021 0.0821759 0.0162811
0 0.348307 0.824074 0.0533854 0.0752315 0.0131226
0 0.973958 0.935185 0.0520833 0.0972222 0.0115967
0 0.102254 0.460648 0.0480957 0.0671296 0.0105667
0 0.5 0.5 1 1 0.00978088
0 0.5 0.5 1 1 0.00871277
0 0.0275065 0.780671 0.0491536 0.109954 0.0085144
0 0.692708 0.644676 0.614583 0.710648 0.00821686
0 0.973958 0.953125 0.0520833 0.0891204 0.00790405
0 0.974284 0.769676 0.0514323 0.0902778 0.0078125
0 0.632813 0.5 0.734375 1 0.00746155
0 0.548177 0.592593 0.903646 0.814815 0.00737381
0 0.974609 0.704861 0.0507813 0.0821759 0.00723267
0 0.557292 0.5 0.885417 1 0.00701141
0 0.5 0.5 1 1 0.00698471
0 0.44987 0.5 0.89974 1 0.00679779
0 0.5 0.5 1 1 0.00658798
0 0.5 0.5 1 1 0.00638962
0 0.60612 0.524884 0.78776 0.950231 0.00638962
0 0.486979 0.5 0.973958 1 0.00602722
0 0.160645 0.414931 0.0826823 0.0902778 0.00595856
0 0.952474 0.845486 0.0950521 0.309028 0.00593567
0 0.0252279 0.828704 0.0493164 0.145833 0.00524139
0 0.882813 0.79919 0.234375 0.40162 0.00471878
0 0.898438 0.853009 0.203125 0.293981 0.00466537
0 0.972005 0.867477 0.0559896 0.265046 0.00455475
0 0.397786 0.92419 0.046875 0.0798611 0.00416565
0 0.901367 0.920718 0.197266 0.128472 0.00327301
0 0.946615 0.907407 0.106771 0.150463 0.00293541
0 0.513997 0.921296 0.0911458 0.09375 0.00269318
0 0.511068 0.95515 0.0716146 0.0896991 0.00237846
0 0.354167 0.758102 0.0690104 0.168981 0.00233269
0 0.615234 0.960648 0.0494792 0.0787037 0.00225258
0 0.375 0.79919 0.0963542 0.359954 0.00213242
0 0.958333 0.762731 0.0833333 0.238426 0.00198746
0 0.526693 0.787616 0.0585938 0.0983796 0.0019722
0 0.61849 0.929977 0.0494792 0.0844907 0.00185299
0 0.567057 0.729745 0.141927 0.540509 0.00179577
0 0.615885 0.701823 0.236979 0.596354 0.00176144
0 0.777344 0.846065 0.0481771 0.148148 0.00169373
0 0.0350342 0.962963 0.0700684 0.0740741 0.00161076
0 0.679688 0.780671 0.125 0.0891204 0.0015974
0 0.882161 0.225405 0.235677 0.45081 0.00152493
0 0.874349 0.132089 0.251302 0.252025 0.00148392
0 0.623372 0.249566 0.753255 0.499132 0.00142097
0 0.170573 0.449074 0.0592448 0.099537 0.450439
0 0.0226237 0.370081 0.0445964 0.087963 0.158691
0 0.791667 0.581019 0.0520833 0.101852 0.150513
0 0.515625 0.913773 0.0696615 0.0925926 0.140869
0 0.0433757 0.942708 0.0795899 0.109954 0.135742
0 0.619792 0.161169 0.101563 0.181134 0.133423
0 0.353516 0.78125 0.0611979 0.115741 0.119995
0 0.35026 0.813657 0.0481771 0.0798611 0.117188
0 0.169596 0.436053 0.0696615 0.117477 0.111267
0 0.971354 0.717014 0.0572917 0.0960648 0.0847778
0 0.972656 0.75 0.0546875 0.101852 0.0775146
0 0.132487 0.896991 0.0559896 0.0810185 0.076416
0 0.681641 0.453704 0.0507813 0.0659722 0.0750122
0 0.545898 0.767361 0.0566406 0.0891204 0.0726318
0 0.786458 0.16059 0.046875 0.0758102 0.0680542
0 0.894531 0.411458 0.0546875 0.0752315 0.0639648
0 0.796875 0.167535 0.0703125 0.083912 0.0628052
0 0.713542 0.139323 0.0572917 0.0975116 0.062561
0 0.390951 0.689236 0.0514323 0.09375 0.062561
0 0.975911 0.93287 0.0481771 0.108796 0.0552063
0 0.533203 0.426505 0.0605469 0.119213 0.0541992
0 0.395182 0.908565 0.0585938 0.0925926 0.0539856
0 0.536133 0.770833 0.0572917 0.099537 0.0514526
0 0.519531 0.417245 0.0950521 0.142361 0.0495911
0 0.21224 0.154659 0.0638021 0.088831 0.0438538
0 0.891927 0.442708 0.0442708 0.0798611 0.0433655
0 0.620443 0.147425 0.122396 0.261863 0.0427246
0 0.842448 0.156539 0.0494792 0.0775463 0.0420837
0 0.0307617 0.783565 0.0537109 0.127315 0.041687
0 0.854818 0.913194 0.0520833 0.0949074 0.0409241
0 0.628906 0.400463 0.0520833 0.0659722 0.0400085
0 0.516927 0.369213 0.0833333 0.137731 0.0391846
0 0.0304362 0.823495 0.0568034 0.0960648 0.0344849
0 0.699219 0.139612 0.0859375 0.159433 0.0325928
0 0.523763 0.873843 0.0807292 0.175926 0.0324707
0 0.511719 0.921296 0.0872396 0.103009 0.028656
0 0.351563 0.0341435 0.0625 0.0581597 0.0279541
0 0.326497 0.614583 0.046224 0.0810185 0.0263519
0 0.390299 0.855324 0.0735677 0.157407 0.0263519
0 0.402344 0.469907 0.046875 0.0821759 0.026001
0 0.345378 0.549769 0.0566406 0.0925926 0.0248413
0 0.345378 0.62037 0.0644531 0.0717593 0.0240021
0 0.359375 0.737269 0.0820313 0.150463 0.0235138
0 0.23112 0.770833 0.0566406 0.0694444 0.023468
0 0.030599 0.719907 0.0530599 0.118056 0.0212097
0 0.132487 0.152199 0.0566406 0.0983796 0.0206909
0 0.0803223 0.116934 0.107585 0.1909 0.0205231
0 0.470052 0.618634 0.0494792 0.0775463 0.0202942
0 0.145508 0.712384 0.0742188 0.0891204 0.0202484
0 0.610677 0.927083 0.0611979 0.112269 0.019989
0 0.168945 0.460359 0.0449219 0.0752315 0.237183
0 0.860677 0.915509 0.0442708 0.0671296 0.151489
0 0.39974 0.475116 0.0325521 0.0509259 0.129883
0 0.977865 0.707176 0.0442708 0.0729167 0.119995
0 0.513672 0.895255 0.0436198 0.0625 0.117981
0 0.404297 0.905093 0.0364583 0.0601852 0.113159
0 0.0922852 0.476273 0.0429688 0.0590278 0.107788
0 0.885417 0.117622 0.226563 0.235243 0.101257
0 0.352539 0.813657 0.0410156 0.0601852 0.0903931
0 0.895833 0.413194 0.0390625 0.0590278 0.0863037
0 0.52181 0.862269 0.0514323 0.0752315 0.0809326
0 0.358073 0.783565 0.0559896 0.0925926 0.0734253
0 0.676432 0.462384 0.0338542 0.0451389 0.0637207
0 0.736328 0.701389 0.0377604 0.0555556 0.0558167
0 0.854167 0.619213 0.0286458 0.0462963 0.0526123
0 0.977214 0.760995 0.0455729 0.0787037 0.0520325
0 0.781901 0.163339 0.424479 0.326678 0.0490417
0 0.97526 0.934606 0.0494792 0.0891204 0.0477905
0 0.151855 0.702546 0.0286458 0.0532407 0.0462036
0 0.154785 0.414931 0.0481771 0.0798611 0.0448608
0 0.891927 0.463831 0.0338542 0.0457176 0.0435181
0 0.528646 0.622685 0.0299479 0.0497685 0.0374756
0 0.914714 0.763889 0.167969 0.351852 0.0320435
0 0.630208 0.403935 0.0390625 0.0543981 0.0288696
0 0.807292 0.458333 0.0338542 0.0416667 0.0279083
0 0.973307 0.945602 0.0533854 0.087963 0.0276337
0 0.916667 0.796296 0.166667 0.196759 0.0261536
0 0.0286458 0.778935 0.0572917 0.0960648 0.0247498
0 0.890625 0.871528 0.106771 0.175926 0.0243835
0 0.786458 0.594907 0.0390625 0.0648148 0.0231476
0 0.350911 0.537616 0.0182292 0.0347222 0.0228882
0 0.794271 0.586806 0.0429688 0.0648148 0.022583
0 0.853516 0.678241 0.03125 0.0405093 0.0202484
0 0.313151 0.608796 0.015625 0.0347222 0.0201416
0 0.662109 0.138925 0.197917 0.238932 0.0193481
0 0.602865 0.52662 0.0208333 0.0393519 0.0180969
0 0.796875 0.564815 0.0455729 0.0763889 0.0171814
0 0.626302 0.156539 0.119792 0.186921 0.0158997
0 0.39388 0.690972 0.0208333 0.0439815 0.0155411
0 0.974935 0.833333 0.0501302 0.099537 0.0153046
0 0.141764 0.609375 0.0240885 0.0381944 0.014061
0 0.167969 0.429977 0.0527344 0.0960648 0.0139008
0 0.516276 0.130208 0.0611979 0.0989583 0.0136337
0 0.0284017 0.806713 0.0568034 0.0949074 0.0133286
0 0.606771 0.858796 0.0390625 0.0648148 0.012825
0 0.600911 0.476273 0.0325521 0.0578704 0.012146
0 0.974609 0.398727 0.0377604 0.0578704 0.0119629
0 0.186198 0.701389 0.0266927 0.0532407 0.0119171
0 0.848958 0.396412 0.0182292 0.0335648 0.0118713
0 0.471354 0.621528 0.0345052 0.0509259 0.0118713
0 0.168945 0.459491 0.0403646 0.0763889 0.632324
0 0.789063 0.591435 0.0494792 0.0868056 0.237915
0 0.352214 0.815972 0.0403646 0.0648148 0.196167
0 0.397461 0.899306 0.0397135 0.0625 0.140869
0 0.517578 0.899306 0.046875 0.0763889 0.134766
0 0.0172526 0.388889 0.0345052 0.0613426 0.113159
0 0.0963542 0.474537 0.0380859 0.0578704 0.111267
0 0.794271 0.560185 0.046875 0.0902778 0.107056
0 0.130208 0.898148 0.0380859 0.0590278 0.100891
0 0.359701 0.78588 0.0501302 0.0856481 0.0997925
0 0.673177 0.463252 0.0338542 0.0515046 0.0953369
0 0.96224 0.856481 0.0755208 0.287037 0.0653687
0 0.910482 0.846644 0.179036 0.306713 0.0589905
0 0.52474 0.62037 0.031901 0.0509259 0.058136
0 0.973307 0.821181 0.0533854 0.241898 0.0579224
0 0.0322266 0.956597 0.0644531 0.0868056 0.0552063
0 0.0410156 0.964699 0.0524089 0.0706019 0.0428162
0 0.525391 0.859954 0.0507813 0.0740741 0.0397034
0 0.775391 0.81713 0.0325521 0.0717593 0.0389099
0 0.161784 0.414062 0.0533854 0.0925926 0.0362244
0 0.169922 0.428241 0.0494792 0.108218 0.0360718
0 0.860677 0.914352 0.046875 0.087963 0.026062
0 0.973307 0.737847 0.0533854 0.185185 0.0222931
0 0.971354 0.899306 0.0572917 0.201389 0.0190582
0 0.604167 0.525463 0.0260417 0.0486111 0.0182953
0 0.0284831 0.78125 0.0445964 0.0763889 0.0178528
0 0.445964 0.61169 0.0286458 0.0462963 0.016922
0 0.0729167 0.471065 0.0338542 0.0428241 0.0160217
0 0.46875 0.619792 0.03125 0.0520833 0.0160217
0 0.53125 0.763889 0.0429688 0.0555556 0.0153046
0 0.777344 0.786458 0.0390625 0.0740741 0.0153046
0 0.0247396 0.695602 0.0397135 0.0625 0.0150757
0 0.630208 0.391493 0.0364583 0.0596065 0.0146713
0 0.961914 0.603877 0.0761719 0.792245 0.0144501
0 0.35026 0.537037 0.0266927 0.0393519 0.0139542
0 0.919922 0.615885 0.160156 0.768229 0.0136871
0 0.914063 0.853009 0.166667 0.236111 0.0130234
0 0.0297852 0.94213 0.0595703 0.0949074 0.0113297
0 0.717448 0.394097 0.0338542 0.0520833 0.0105667
0 0.314453 0.621528 0.0273438 0.0462963 0.0105667
0 0.0216471 0.815972 0.038737 0.0694444 0.00971222
0 0.943359 0.803241 0.113281 0.375 0.00948334
0 0.608724 0.853009 0.0429688 0.0578704 0.0085144
0 0.39974 0.468171 0.0299479 0.0497685 0.00847626
0 0.647135 0.601852 0.0234375 0.0439815 0.00837708
0 0.910156 0.773727 0.170573 0.452546 0.00800323
0 0.103516 0.759259 0.0270182 0.0439815 0.00763702
0 0.977214 0.383102 0.0364583 0.0960648 0.00757599
0 0.0413411 0.93287 0.0511068 0.087963 0.00751877
0 0.964844 0.75 0.0703125 0.5 0.00740433
0 0.168783 0.451389 0.0432943 0.0763889 0.624512
0 0.0967204 0.469329 0.0422363 0.056713 0.263672
0 0.677083 0.460648 0.0299479 0.0509259 0.184814
0 0.401042 0.463542 0.03125 0.0584491 0.153564
0 0.970052 0.776042 0.0364583 0.0740741 0.151001
0 0.519857 0.902778 0.0416667 0.0694444 0.131592
0 0.796875 0.561921 0.0442708 0.0868056 0.128906
0 0.161458 0.422454 0.0520833 0.107639 0.108215
0 0.78776 0.58912 0.0429688 0.0729167 0.0923462
0 0.794271 0.582176 0.0416667 0.0740741 0.0917358
0 0.397786 0.903935 0.0429688 0.0740741 0.0897827
0 0.859375 0.916667 0.046875 0.0717593 0.0739746
0 0.789714 0.565972 0.0481771 0.087963 0.069519
0 0.354167 0.771991 0.0416667 0.0752315 0.0566406
0 0.894531 0.406829 0.0338542 0.0601852 0.0526123
0 0.894531 0.453125 0.0299479 0.0590278 0.0495911
0 0.972005 0.704282 0.0416667 0.0729167 0.0483093
0 0.352214 0.818287 0.03125 0.056713 0.0476074
0 0.779948 0.775463 0.0416667 0.0717593 0.0446777
0 0.973307 0.949653 0.0494792 0.09375 0.0438538
0 0.531576 0.612269 0.0325521 0.0601852 0.0362854
0 0.811198 0.461806 0.0286458 0.0416667 0.0279083
0 0.0226237 0.384259 0.0361328 0.0711806 0.0267029
0 0.529297 0.462095 0.0299479 0.0515046 0.0261078
0 0.730469 0.6875 0.0351562 0.0601852 0.0252686
0 0.0824382 0.468171 0.0480143 0.0543981 0.0243835
0 0.970703 0.800926 0.0390625 0.0856481 0.0219116
0 0.638021 0.393519 0.0247396 0.0578704 0.0214081
0 0.604167 0.469329 0.0286458 0.0486111 0.0197144
0 0.352865 0.538194 0.0260417 0.0416667 0.0196838
0 0.654948 0.596644 0.0286458 0.0532407 0.0182648
0 0.395508 0.684028 0.0253906 0.0532407 0.018158
0 0.0493978 0.96412 0.0418294 0.0671296 0.0166626
0 0.150391 0.696759 0.0273438 0.0486111 0.0156021
0 0.124674 0.423032 0.0957031 0.116898 0.0155411
0 0.522135 0.866898 0.0481771 0.0902778 0.0142288
0 0.51888 0.956597 0.0429688 0.0717593 0.0124283
0 0.89388 0.826389 0.0351562 0.0729167 0.0120544
0 0.147461 0.753472 0.0188802 0.0393519 0.0117798
0 0.320313 0.614583 0.0260417 0.0474537 0.0110703
0 0.94401 0.8125 0.0338542 0.0694444 0.0110703
0 0.864583 0.853009 0.0520833 0.099537 0.0108185
0 0.138021 0.902778 0.0296224 0.0462963 0.0103302
0 0.959635 0.770833 0.0494792 0.0671296 0.00912476
0 0.683594 0.597801 0.0195313 0.0486111 0.00812531
0 0.530599 0.402778 0.0351562 0.0601852 0.00793457
0 0.976563 0.388889 0.0338542 0.072338 0.00793457
0 0.686198 0.528935 0.0182292 0.0428241 0.00793457
0 0.0287272 0.811921 0.0402018 0.0763889 0.0077858
0 0.561523 0.450231 0.015625 0.0451389 0.00748825
0 0.675781 0.462963 0.03125 0.0491898 0.186523
0 0.16862 0.447917 0.0436198 0.0752315 0.172729
0 0.0966797 0.475116 0.0419922 0.056713 0.124634
0 0.789063 0.58912 0.0416667 0.0717593 0.0960083
0 0.516276 0.907407 0.0384115 0.0671296 0.085083
0 0.405924 0.46412 0.031901 0.0497685 0.0357361
0 0.789063 0.568287 0.0481771 0.087963 0.0275269
0 0.863281 0.912037 0.0364583 0.0543981 0.0246124
0 0.795573 0.55787 0.0494792 0.0856481 0.0239105
0 0.134928 0.909722 0.0341797 0.0486111 0.0157776
0 0.358724 0.767361 0.0384115 0.0694444 0.0135345
0 0.657552 0.592593 0.0338542 0.0578704 0.0106506
0 0.0809733 0.468461 0.0437826 0.0503472 0.00978088
0 0.613281 0.519531 0.03125 0.0581597 0.0086441
0 0.574219 0.243056 0.0299479 0.0428241 0.0078125
0 0.403646 0.895833 0.0345052 0.0694444 0.00748825
0 0.638672 0.553819 0.0325521 0.0648148 0.00720596
0 0.161947 0.41956 0.0498047 0.0925926 0.00664139
0 0.632813 0.398438 0.0338542 0.0538194 0.00643921
0 0.530273 0.612269 0.031901 0.0555556 0.00605011
0 0.655599 0.445023 0.0338542 0.0578704 0.00593567
0 0.55599 0.396701 0.0299479 0.0462963 0.00544739
0 0.527669 0.390625 0.03125 0.0439815 0.00536346
0 0.894531 0.40625 0.0338542 0.0555556 0.0051384
0 0.973307 0.780093 0.0390625 0.0810185 0.00510025
0 0.355143 0.824074 0.0338542 0.0648148 0.00503922
0 0.894531 0.461227 0.0338542 0.056713 0.00500107
0 0.608073 0.913194 0.0416667 0.0798611 0.00486755
0 0.522786 0.466435 0.0299479 0.0509259 0.00421524
0 0.605469 0.321759 0.0286458 0.0416667 0.00413513
0 0.175293 0.403935 0.0439453 0.0868056 0.00413513
0 0.78125 0.173177 0.03125 0.0451389 0.0039444
0 0.782552 0.78125 0.0390625 0.0717593 0.00385475
0 0.974609 0.695602 0.0377604 0.0671296 0.00383949
0 0.594889 0.239005 0.0315755 0.0405093 0.00378036
0 0.9375 0.822338 0.0338542 0.0625 0.0037365
0 0.603516 0.473669 0.03125 0.0584491 0.00367928
0 0.154948 0.6875 0.0276693 0.0381944 0.0036068
0 0.860677 0.611111 0.0325521 0.0555556 0.00331116
0 0.973958 0.806713 0.0364583 0.0787037 0.00319672
0 0.615885 0.969329 0.0390625 0.0613426 0.00313568
0 0.619792 0.383681 0.0377604 0.0491898 0.00300407
0 0.653646 0.237847 0.0286458 0.0381944 0.00299263
0 0.527344 0.861111 0.0429688 0.0949074 0.00271416
0 0.563151 0.311921 0.0240885 0.0295139 0.00270462
0 0.521484 0.320023 0.0273438 0.0405093 0.0026722
0 0.358073 0.53588 0.0292969 0.0439815 0.00247192
0 0.6875 0.525463 0.03125 0.0462963 0.00228691
0 0.527344 0.157697 0.0247396 0.0416667 0.00225258
0 0.197266 0.321759 0.0371094 0.0439815 0.00209045
0 0.171224 0.453414 0.0429688 0.072338 0.5
0 0.679688 0.462095 0.0260417 0.0543981 0.488281
0 0.405273 0.465856 0.030599 0.0543981 0.367432
0 0.790365 0.585648 0.0442708 0.0694444 0.353027
0 0.521159 0.894676 0.0436198 0.0648148 0.252441
0 0.79362 0.5625 0.0494792 0.0810185 0.23584
0 0.166504 0.44647 0.0445964 0.0752315 0.21936
0 0.103841 0.469329 0.0380859 0.0509259 0.197388
0 0.866536 0.903935 0.0442708 0.0694444 0.153076
0 0.139323 0.897569 0.0315755 0.0497685 0.1427
0 0.361979 0.747685 0.0390625 0.0671296 0.124634
0 0.530599 0.610532 0.0299479 0.0543981 0.100525
0 0.638021 0.39728 0.0247396 0.0445602 0.0541992
0 0.154297 0.685764 0.0253906 0.0393519 0.0538025
0 0.898438 0.399306 0.0325521 0.0462963 0.0535889
0 0.162109 0.41985 0.0416667 0.0746528 0.0499573
0 0.646484 0.548032 0.0286458 0.0601852 0.0401001
0 0.527995 0.463252 0.0260417 0.046875 0.0390625
0 0.818359 0.451968 0.0260417 0.0445602 0.0305634
0 0.657552 0.58912 0.03125 0.0601852 0.0278473
0 0.451823 0.609954 0.0325521 0.0462963 0.0274353
0 0.739583 0.679977 0.0364583 0.068287 0.0236053
0 0.402344 0.888889 0.0325521 0.0625 0.0226288
0 0.565104 0.441551 0.0169271 0.056713 0.0220795
0 0.531901 0.390046 0.0292969 0.0376157 0.0211639
0 0.55957 0.403935 0.0208333 0.0462963 0.0190582
0 0.972656 0.689815 0.0403646 0.0590278 0.0185852
0 0.400065 0.682292 0.0208333 0.0439815 0.0161591
0 0.778646 0.776042 0.0364583 0.0671296 0.014389
0 0.899089 0.814815 0.0273438 0.0648148 0.0136337
0 0.970052 0.780093 0.0429688 0.0821759 0.0124283
0 0.605469 0.47309 0.0260417 0.0503472 0.0120544
0 0.894531 0.777199 0.0390625 0.0671296 0.0118713
0 0.935547 0.814236 0.0299479 0.0625 0.0116882
0 0.621094 0.385706 0.0364583 0.0451389 0.0114212
0 0.891927 0.449074 0.03125 0.0584491 0.0110703
0 0.483724 0.908565 0.0364583 0.0474537 0.0107803
0 0.361979 0.390046 0.0221354 0.03125 0.0105667
0 0.969401 0.802083 0.0442708 0.0752315 0.00993347
0 0.527995 0.868056 0.0390625 0.0902778 0.00959778
0 0.357422 0.701389 0.031901 0.0578704 0.00919342
0 0.401042 0.398438 0.0234375 0.0387731 0.00898743
0 0.240885 0.848958 0.0377604 0.0636574 0.0086441
0 0.469727 0.62037 0.030599 0.0486111 0.00837708
0 0.354818 0.82581 0.0273438 0.0520833 0.00818634
0 0.557292 0.609954 0.0247396 0.0462963 0.00800323
0 0.167643 0.424769 0.0553385 0.099537 0.0077858
0 0.0324707 0.777778 0.0392253 0.0902778 0.00748825
0 0.0763346 0.465567 0.0348307 0.0474537 0.00746155
0 0.321289 0.60706 0.0227865 0.0381944 0.00723267
0 0.676432 0.463542 0.0273438 0.0439815 0.414795
0 0.169596 0.445891 0.0423177 0.0706019 0.166626
0 0.789063 0.585069 0.0429688 0.0671296 0.153076
0 0.520833 0.888889 0.0494792 0.0810185 0.113159
0 0.527995 0.605324 0.0286458 0.0439815 0.0872803
0 0.525065 0.862847 0.0449219 0.0752315 0.0643921
0 0.402344 0.46412 0.0273438 0.0347222 0.0552063
0 0.796224 0.561343 0.0429688 0.0648148 0.0499573
0 0.787109 0.56713 0.046875 0.0694444 0.0379028
0 0.161296 0.423611 0.0472005 0.0868056 0.0297089
0 0.973307 0.775463 0.0390625 0.0763889 0.0209198
0 0.106445 0.467014 0.0358073 0.0416667 0.0204468
0 0.77474 0.777778 0.0325521 0.0578704 0.0197906
0 0.359375 0.747685 0.0442708 0.0694444 0.0193481
0 0.977865 0.704861 0.0364583 0.0671296 0.0151901
0 0.522135 0.467303 0.0221354 0.0283565 0.0132751
0 0.641927 0.545139 0.0234375 0.0416667 0.0120087
0 0.138021 0.907407 0.0279948 0.0405093 0.00971222
0 0.474609 0.619213 0.0240885 0.0347222 0.00933838
0 0.957031 0.777778 0.0651042 0.105324 0.00919342
0 0.658854 0.454282 0.0338542 0.0381944 0.00908661
0 0.560547 0.453414 0.0169271 0.0347222 0.00871277
0 0.738281 0.689815 0.0351562 0.0555556 0.00871277
0 0.61263 0.853009 0.0403646 0.0578704 0.0086441
0 0.436849 0.542245 0.0208333 0.0300926 0.0085144
0 0.0279948 0.761574 0.0354818 0.0694444 0.00844574
0 0.639323 0.396412 0.0208333 0.03125 0.00812531
0 0.602865 0.470486 0.0208333 0.0300926 0.00790405
0 0.444987 0.608796 0.0227865 0.0289352 0.00734711
0 0.352539 0.537037 0.0221354 0.03125 0.00717545
0 0.431641 0.467593 0.0195313 0.0277778 0.00714874
0 0.0270182 0.698495 0.031901 0.056713 0.0068512
0 0.151855 0.69213 0.0276693 0.0393519 0.0068512
0 0.863281 0.921296 0.0416667 0.0648148 0.0068512
0 0.524089 0.393808 0.0227865 0.0295139 0.00641251
0 0.653646 0.600694 0.0260417 0.0416667 0.005867
0 0.489583 0.899306 0.046875 0.0648148 0.00540543
0 0.400391 0.896991 0.031901 0.0601852 0.00524139
0 0.0262044 0.8125 0.0325521 0.0706019 0.00511932
0 0.953776 0.710648 0.0598958 0.0729167 0.00498199
0 0.608073 0.527778 0.0208333 0.037037 0.00494385
0 0.776693 0.811921 0.0338542 0.0763889 0.00481033
0 0.934896 0.800926 0.0989583 0.185185 0.00481033
0 0.557292 0.401042 0.0201823 0.0353009 0.00469971
0 0.391276 0.618634 0.0234375 0.03125 0.0045929
0 0.436849 0.392361 0.015625 0.025463 0.00429916
0 0.970052 0.800347 0.0416667 0.0891204 0.00419998
0 0.354818 0.700231 0.0416667 0.0601852 0.00402451
0 0.023112 0.382523 0.0266927 0.0578704 0.00400543
0 0.613932 0.386863 0.0273438 0.0283565 0.0039444
