0 0.882813 0.77662 0.230469 0.266204 0.117981
0 0.895182 0.813947 0.209635 0.372106 0.0375366
0 0.716309 0.5 0.567383 1 0.0149002
0 0.736003 0.523148 0.527995 0.953704 0.014061
0 0.0534668 0.903646 0.0792643 0.192708 0.0136337
0 0.527018 0.5 0.945964 1 0.0125275
0 0.723307 0.552083 0.0559896 0.0925926 0.0124817
0 0.505859 0.5 0.988281 1 0.0120544
0 0.695964 0.595486 0.608073 0.809028 0.0106506
0 0.775228 0.646991 0.449544 0.706019 0.0105667
0 0.751302 0.773148 0.497396 0.453704 0.0103683
0 0.871419 0.831019 0.257161 0.303241 0.0100098
0 0.167643 0.765625 0.307292 0.46875 0.00974274
0 0.738932 0.582755 0.522135 0.834491 0.00963593
0 0.708659 0.828704 0.582682 0.342593 0.00930023
0 0.096639 0.954861 0.0677897 0.0902778 0.00898743
0 0.5 0.5 1 1 0.0085144
0 0.625651 0.5 0.748698 1 0.00841522
0 0.685547 0.5 0.628906 1 0.00748825
0 0.671875 0.5 0.65625 1 0.00746155
0 0.873698 0.853009 0.252604 0.293981 0.00737381
0 0.122762 0.894097 0.203695 0.211806 0.00664139
0 0.5 0.5 1 1 0.0064621
0 0.865885 0.547309 0.268229 0.905382 0.00593567
0 0.5 0.5 1 1 0.00577545
0 0.492839 0.5 0.985677 1 0.00564194
0 0.154663 0.872106 0.266195 0.255787 0.00508118
0 0.179525 0.831019 0.0908203 0.271991 0.0049057
0 0.919271 0.0998264 0.15625 0.188079 0.00475693
0 0.556803 0.590278 0.886393 0.819444 0.0046463
0 0.855469 0.802083 0.255208 0.326389 0.00351143
0 0.15804 0.926505 0.160482 0.146991 0.00329781
0 0.550781 0.5 0.898438 1 0.00327301
0 0.285482 0.961227 0.077474 0.0775463 0.00325966
0 0.873698 0.923611 0.252604 0.152778 0.00294685
0 0.792318 0.76331 0.119792 0.255787 0.00291252
0 0.176758 0.837674 0.350911 0.324653 0.00291252
0 0.507812 0.929398 0.0481771 0.0833333 0.00286674
0 0.791667 0.908565 0.0911458 0.168981 0.00282288
0 0.308919 0.589699 0.537109 0.820602 0.00263214
0 0.0496419 0.936921 0.0872396 0.126157 0.00257111
0 0.969727 0.899884 0.0605469 0.186343 0.00247192
0 0.968425 0.943866 0.063151 0.107639 0.00231361
0 0.874349 0.726273 0.251302 0.547454 0.00219154
0 0.182129 0.960069 0.137695 0.0798611 0.00209045
0 0.609375 0.332755 0.78125 0.665509 0.00201035
0 0.214518 0.717882 0.388672 0.564236 0.00200272
0 0.870443 0.584346 0.253906 0.791956 0.0019722
0 0.72526 0.611111 0.0546875 0.087963 0.00189686
0 0.305013 0.922454 0.120443 0.155093 0.00187492
0 0.0525716 0.851273 0.0667318 0.0983796 0.547852
0 0.717448 0.522135 0.0546875 0.0853588 0.299072
0 0.270833 0.308449 0.0377604 0.0497685 0.294189
0 0.50651 0.916667 0.0664062 0.099537 0.165039
0 0.970378 0.923611 0.0592448 0.118056 0.14856
0 0.0486654 0.861111 0.0664062 0.141204 0.125977
0 0.71875 0.505787 0.0625 0.101852 0.121704
0 0.105103 0.943287 0.0651855 0.111111 0.112793
0 0.283203 0.961806 0.0664062 0.0763889 0.0953369
0 0.608073 0.309028 0.0546875 0.0763889 0.0907593
0 0.0330404 0.96412 0.0551758 0.0717593 0.0878906
0 0.18099 0.73669 0.0683594 0.114583 0.0786133
0 0.0513509 0.887731 0.0750326 0.162037 0.0775146
0 0.845052 0.827546 0.0572917 0.118056 0.0678101
0 0.394531 0.480324 0.0579427 0.0833333 0.0668335
0 0.767578 0.677662 0.0611979 0.116898 0.0623169
0 0.0465495 0.910301 0.0791016 0.179398 0.0614319
0 0.109701 0.914931 0.070638 0.170139 0.0520325
0 0.125977 0.863426 0.0761719 0.146991 0.0481262
0 0.115885 0.912037 0.108398 0.175926 0.0474243
0 0.0515951 0.832176 0.078776 0.168981 0.0448608
0 0.710938 0.497106 0.0572917 0.0914352 0.0433655
0 0.185384 0.307292 0.0406901 0.0520833 0.0367126
0 0.314453 0.342014 0.063151 0.0954861 0.0318604
0 0.347331 0.329861 0.0423177 0.0671296 0.0301056
0 0.450521 0.332176 0.0572917 0.09375 0.029541
0 0.849609 0.802083 0.0859375 0.173611 0.0262604
0 0.141276 0.76794 0.0846354 0.126157 0.0249329
0 0.551107 0.752315 0.0579427 0.0717593 0.0239105
0 0.16748 0.942998 0.0901693 0.114005 0.0239105
0 0.775391 0.736111 0.0546875 0.12037 0.0236969
0 0.845703 0.635995 0.0533854 0.0763889 0.0236053
0 0.292969 0.962963 0.0820313 0.0740741 0.0235138
0 0.817708 0.792245 0.104167 0.162037 0.0204926
0 0.848958 0.678241 0.0638021 0.104167 0.0196838
0 0.766927 0.645833 0.0572917 0.0949074 0.0178528
0 0.898438 0.371528 0.0598958 0.0763889 0.0174408
0 0.114421 0.80787 0.0498047 0.127315 0.0174408
0 0.321615 0.393519 0.0377604 0.056713 0.0173035
0 0.260335 0.555556 0.066569 0.0833333 0.0170441
0 0.772135 0.91088 0.0494792 0.0925926 0.016983
0 0.271484 0.59838 0.0416667 0.0925926 0.016922
0 0.6875 0.372975 0.0377604 0.0549769 0.0145035
0 0.940104 0.824653 0.0494792 0.0925926 0.0138474
0 0.960938 0.896991 0.0729167 0.171296 0.0136337
0 0.771484 0.548611 0.0442708 0.112269 0.0132751
0 0.834635 0.81713 0.0833333 0.166667 0.0126724
0 0.863281 0.775463 0.117188 0.189815 0.0123825
0 0.772786 0.950231 0.0455729 0.0925926 0.012146
0 0.173177 0.691551 0.0963542 0.206019 0.0120087
0 0.893229 0.790509 0.177083 0.212963 0.482422
0 0.917969 0.796296 0.135417 0.199074 0.217285
0 0.277669 0.325231 0.0358073 0.0590278 0.177246
0 0.152018 0.479745 0.0338542 0.056713 0.115967
0 0.189779 0.740741 0.0449219 0.0601852 0.0930176
0 0.313802 0.5625 0.0377604 0.0648148 0.0859985
0 0.919271 0.102575 0.153646 0.182292 0.0823975
0 0.614583 0.550926 0.0416667 0.0601852 0.0783691
0 0.388672 0.484954 0.0390625 0.0671296 0.0665894
0 0.841146 0.787037 0.0833333 0.185185 0.0603027
0 0.858724 0.777778 0.138021 0.175926 0.053009
0 0.555339 0.743634 0.046875 0.0636574 0.0469055
0 0.0542806 0.849537 0.0553385 0.0833333 0.0465393
0 0.71875 0.532407 0.0390625 0.0509259 0.0405273
0 0.0302734 0.969329 0.0416667 0.0613426 0.0391235
0 0.314453 0.329572 0.0260417 0.056713 0.0375977
0 0.188151 0.746528 0.375 0.506944 0.0335388
0 0.145996 0.839699 0.178385 0.28125 0.0321045
0 0.721354 0.48206 0.046875 0.0729167 0.0293121
0 0.859375 0.628472 0.0598958 0.0601852 0.0281067
0 0.701823 0.476273 0.0364583 0.0555556 0.0280609
0 0.394531 0.519097 0.0273438 0.0497685 0.0272675
0 0.526042 0.760995 0.0227865 0.0416667 0.0256195
0 0.89388 0.0931713 0.119792 0.160301 0.0245209
0 0.972656 0.917824 0.0546875 0.112269 0.022583
0 0.274089 0.612269 0.0227865 0.0486111 0.0205231
0 0.517253 0.37037 0.0273438 0.0538194 0.0198364
0 0.122437 0.784722 0.193278 0.326389 0.0196075
0 0.1875 0.309028 0.0276693 0.0497685 0.0190125
0 0.605469 0.311053 0.0286458 0.0445602 0.018692
0 0.686849 0.375579 0.0234375 0.0439815 0.0180206
0 0.561198 0.71875 0.0611979 0.101852 0.0173035
0 0.189128 0.712384 0.0488281 0.0914352 0.0157166
0 0.214518 0.800926 0.105469 0.233796 0.0151291
0 0.77474 0.956597 0.046875 0.0752315 0.0150757
0 0.147502 0.907407 0.181559 0.185185 0.0146179
0 0.897135 0.62037 0.114583 0.0740741 0.014061
0 0.955729 0.813079 0.0859375 0.201389 0.0133743
0 0.50293 0.909144 0.046875 0.0729167 0.0133743
0 0.780599 0.752315 0.0442708 0.0972222 0.0133286
0 0.898438 0.372685 0.0364583 0.0590278 0.012825
0 0.772135 0.664931 0.0507813 0.0740741 0.012825
0 0.123047 0.864583 0.179036 0.256944 0.0119629
0 0.43457 0.375868 0.0221354 0.0457176 0.0118713
0 0.770182 0.33015 0.0494792 0.0596065 0.0117798
0 0.935547 0.804398 0.115885 0.180556 0.0116882
0 0.516276 0.342014 0.0384115 0.0671296 0.0115509
0 0.347005 0.332755 0.0299479 0.0543981 0.0113297
0 0.705729 0.53125 0.0442708 0.0601852 0.0108185
0 0.438151 0.33941 0.0325521 0.0613426 0.0106125
0 0.847656 0.744213 0.195313 0.326389 0.169922
0 0.848307 0.811343 0.173177 0.19213 0.166626
0 0.103149 0.871817 0.192139 0.256366 0.165039
0 0.0779622 0.865741 0.133464 0.268519 0.0680542
0 0.113241 0.898148 0.153727 0.203704 0.0592041
0 0.717448 0.537616 0.0481771 0.101852 0.0526123
0 0.829427 0.671875 0.192708 0.509259 0.0385437
0 0.122559 0.75463 0.23763 0.490741 0.031311
0 0.0855713 0.752894 0.160889 0.494213 0.0279541
0 0.904948 0.820602 0.148438 0.210648 0.0276947
0 0.0498047 0.923032 0.0794271 0.153935 0.0257111
0 0.877604 0.853009 0.244792 0.259259 0.0256653
0 0.119303 0.84375 0.236654 0.273148 0.0246582
0 0.552083 0.746528 0.0507813 0.0925926 0.0224152
0 0.888021 0.792824 0.166667 0.226852 0.0223236
0 0.824219 0.789352 0.143229 0.287037 0.0208893
0 0.717448 0.521991 0.0651042 0.108796 0.0180206
0 0.315755 0.846065 0.122396 0.30787 0.0171814
0 0.861979 0.799769 0.233073 0.298611 0.0167847
0 0.808594 0.679543 0.140625 0.471933 0.0156708
0 0.198242 0.857639 0.385417 0.266204 0.0146179
0 0.851563 0.842593 0.205729 0.296296 0.0131226
0 0.132975 0.834491 0.232747 0.331019 0.0115509
0 0.729167 0.581019 0.0572917 0.217593 0.00891876
0 0.551432 0.768519 0.0924479 0.179398 0.00874329
0 0.262451 0.878472 0.292806 0.229167 0.00837708
0 0.194987 0.785012 0.334635 0.429977 0.00834656
0 0.141764 0.882234 0.195638 0.235532 0.00793457
0 0.564453 0.701389 0.0846354 0.171296 0.00698471
0 0.877604 0.707176 0.244792 0.561343 0.00679779
0 0.308594 0.895255 0.102865 0.209491 0.00656509
0 0.875 0.608941 0.179688 0.636285 0.00568771
0 0.973958 0.803241 0.0520833 0.393519 0.00561905
0 0.256836 0.739149 0.238932 0.521701 0.00559998
0 0.909505 0.858796 0.18099 0.282407 0.00559998
0 0.98112 0.769097 0.0377604 0.461806 0.00538635
0 0.72526 0.515625 0.0677083 0.137731 0.00395966
0 0.315755 0.726562 0.141927 0.546875 0.0039444
0 0.972331 0.811921 0.0553385 0.376157 0.00388527
0 0.222005 0.880787 0.0904948 0.238426 0.00378036
0 0.904297 0.767361 0.191406 0.465278 0.0037365
0 0.971354 0.890625 0.0572917 0.21875 0.00365067
0 0.389323 0.479745 0.0390625 0.0706019 0.00332451
0 0.753906 0.590856 0.114583 0.597222 0.00329781
0 0.0532227 0.734954 0.106445 0.530093 0.003088
0 0.941081 0.859954 0.117839 0.280093 0.003088
0 0.113525 0.668981 0.227051 0.662037 0.003088
0 0.759115 0.662182 0.289063 0.529803 0.00298119
0 0.716797 0.495949 0.0690104 0.126157 0.00291252
0 0.321289 0.821759 0.195964 0.342593 0.00286674
0 0.550781 0.739583 0.0520833 0.0925926 0.217285
0 0.850911 0.825231 0.0690104 0.127315 0.111267
0 0.882813 0.798611 0.114583 0.155093 0.0853882
0 0.71875 0.526765 0.0390625 0.0645255 0.0836182
0 0.863281 0.805556 0.101563 0.157407 0.0830078
0 0.822266 0.772569 0.0533854 0.09375 0.0800781
0 0.971354 0.948495 0.0572917 0.103009 0.069519
0 0.776042 0.533565 0.0325521 0.0555556 0.0539856
0 0.18457 0.740741 0.0410156 0.0763889 0.0490417
0 0.782552 0.671875 0.0625 0.0949074 0.0421753
0 0.055013 0.850116 0.0608724 0.0868056 0.0370483
0 0.317057 0.556713 0.0364583 0.0671296 0.0347595
0 0.792318 0.754051 0.0885417 0.194444 0.0347595
0 0.716797 0.484954 0.0416667 0.0740741 0.0341797
0 0.914714 0.80787 0.0924479 0.145833 0.033844
0 0.704427 0.468171 0.0390625 0.0555556 0.0335999
0 0.0349935 0.967593 0.0530599 0.0648148 0.0325317
0 0.958333 0.956019 0.0546875 0.0833333 0.0323486
0 0.830078 0.816551 0.0677083 0.148148 0.0308533
0 0.90625 0.789931 0.147135 0.163194 0.0280609
0 0.851563 0.715278 0.0729167 0.189815 0.0280151
0 0.776693 0.647569 0.0481771 0.106481 0.026413
0 0.391276 0.477431 0.0377604 0.0636574 0.0261993
0 0.269531 0.554398 0.0410156 0.0613426 0.0241394
0 0.274414 0.305266 0.0266927 0.0503472 0.022583
0 0.321615 0.385706 0.0338542 0.0538194 0.0210419
0 0.851563 0.631944 0.046875 0.0694444 0.0207977
0 0.444987 0.370949 0.0338542 0.0636574 0.0206909
0 0.818359 0.741898 0.127604 0.236111 0.0192413
0 0.0489095 0.854167 0.0678711 0.104167 0.0185089
0 0.15332 0.469039 0.0358073 0.0688657 0.0165253
0 0.190918 0.298611 0.0273438 0.0584491 0.0161591
0 0.555013 0.726852 0.0644531 0.113426 0.016098
0 0.78776 0.793981 0.0807292 0.206019 0.0151901
0 0.857422 0.840278 0.0872396 0.153935 0.014389
0 0.708333 0.520833 0.0494792 0.0787037 0.0132751
0 0.880208 0.769676 0.184896 0.28125 0.0132217
0 0.957031 0.898148 0.0755208 0.171296 0.0123367
0 0.521484 0.375 0.0292969 0.0515046 0.0118713
0 0.279297 0.970486 0.0442708 0.0590278 0.0107346
0 0.496745 0.902778 0.0611979 0.0902778 0.0104065
0 0.0449219 0.95544 0.0553385 0.0891204 0.0103302
0 0.544596 0.721644 0.0800781 0.125 0.00971222
0 0.77474 0.965856 0.0364583 0.0671296 0.00905609
0 0.688802 0.376157 0.0234375 0.0543981 0.00894928
0 0.448242 0.341725 0.0442708 0.0752315 0.0085144
0 0.882813 0.832176 0.139323 0.201389 0.00831604
0 0.825521 0.523003 0.0364583 0.0581597 0.00818634
0 0.920573 0.761574 0.11849 0.224537 0.00815582
0 0.269857 0.599537 0.0416667 0.0787037 0.00790405
0 0.691406 0.378762 0.03125 0.0538194 0.0404663
0 0.714844 0.541088 0.0416667 0.0787037 0.0322876
0 0.275391 0.309606 0.0266927 0.0405093 0.0307312
0 0.705078 0.538194 0.0416667 0.0752315 0.0253754
0 0.548828 0.748843 0.0436198 0.0694444 0.0212402
0 0.850911 0.666667 0.0364583 0.0625 0.0151901
0 0.387695 0.483796 0.0371094 0.0659722 0.0150146
0 0.930339 0.836806 0.0403646 0.0752315 0.0110703
0 0.777995 0.670139 0.0390625 0.0740741 0.0110321
0 0.893229 0.768519 0.0572917 0.0763889 0.00978088
0 0.919922 0.828704 0.0703125 0.113426 0.00837708
0 0.0265299 0.976852 0.0403646 0.0462963 0.00821686
0 0.848307 0.83912 0.0455729 0.099537 0.00803375
0 0.0517578 0.851852 0.0483398 0.0763889 0.00746155
0 0.540365 0.763889 0.0520833 0.0694444 0.0064888
0 0.403646 0.515046 0.0338542 0.0671296 0.00643921
0 0.851563 0.775463 0.046875 0.0833333 0.00631332
0 0.719401 0.469907 0.0390625 0.0543981 0.00584412
0 0.197591 0.540509 0.031901 0.0416667 0.00559998
0 0.317383 0.38831 0.0292969 0.0520833 0.00494385
0 0.191406 0.75 0.0325521 0.0509259 0.0049057
0 0.703776 0.474537 0.0442708 0.056713 0.00441742
0 0.852214 0.637153 0.0390625 0.0706019 0.00411606
0 0.447266 0.375289 0.031901 0.0549769 0.00359344
0 0.604167 0.311632 0.0247396 0.0491898 0.00338936
0 0.0719401 0.538194 0.0335286 0.0474537 0.00318527
0 0.808594 0.675926 0.0859375 0.0949074 0.00298119
0 0.938802 0.789931 0.078125 0.141204 0.00257111
0 0.733073 0.603588 0.0390625 0.0717593 0.00256157
0 0.0421549 0.851852 0.0537109 0.0856481 0.0024147
0 0.768229 0.634838 0.0416667 0.0752315 0.00240517
0 0.444336 0.333912 0.0332031 0.0613426 0.00239754
0 0.190104 0.308449 0.0227865 0.037037 0.00233269
0 0.271484 0.546875 0.03125 0.0428241 0.00230598
0 0.304688 0.981192 0.0540365 0.0376157 0.00217438
0 0.829427 0.780093 0.0716146 0.104167 0.00214005
0 0.282552 0.979167 0.0442708 0.0416667 0.00209045
0 0.466146 0.378472 0.0377604 0.0532407 0.00204277
0 0.313477 0.243924 0.0208333 0.0324074 0.00202751
0 0.270833 0.401042 0.0286458 0.0497685 0.00195694
0 0.360352 0.241898 0.0227865 0.0347222 0.00191212
0 0.768229 0.322338 0.0286458 0.0416667 0.00176144
0 0.64974 0.384549 0.0299479 0.0422454 0.00174141
0 0.220703 0.539352 0.0426432 0.0393519 0.00172043
0 0.352865 0.322917 0.0247396 0.0439815 0.00161076
0 0.501953 0.918403 0.0533854 0.0868056 0.0015974
0 0.826823 0.815972 0.0872396 0.157407 0.00156689
0 0.230957 0.401042 0.0377604 0.0497685 0.00154305
0 0.322266 0.556134 0.0351562 0.0590278 0.00148964
0 0.193522 0.399016 0.030599 0.0428241 0.00146675
0 0.717448 0.527199 0.0494792 0.0821759 0.29248
0 0.395833 0.479167 0.0364583 0.0659722 0.13208
0 0.277995 0.301215 0.0260417 0.0457176 0.104492
0 0.0541178 0.84375 0.0563151 0.0902778 0.0579224
0 0.69401 0.377894 0.0286458 0.0509259 0.0484924
0 0.841146 0.815394 0.0755208 0.140046 0.0386963
0 0.778646 0.659722 0.0494792 0.0740741 0.0288086
0 0.822917 0.800926 0.127604 0.185185 0.0278473
0 0.844401 0.580006 0.311198 0.735822 0.0271759
0 0.403646 0.507957 0.0351562 0.0697338 0.0267029
0 0.716146 0.504051 0.0507813 0.12037 0.0266113
0 0.710938 0.491319 0.0520833 0.0868056 0.0258026
0 0.883464 0.804398 0.165365 0.164352 0.0225067
0 0.0304362 0.971644 0.0419922 0.056713 0.0198669
0 0.93099 0.825231 0.0703125 0.112269 0.0175781
0 0.845052 0.781829 0.309896 0.386574 0.0161591
0 0.190104 0.2989 0.0208333 0.0480324 0.0139542
0 0.811198 0.74537 0.148438 0.243056 0.0139542
0 0.1875 0.741898 0.0364583 0.0636574 0.0135345
0 0.324219 0.378472 0.03125 0.0578704 0.0122375
0 0.448893 0.370949 0.0299479 0.0543981 0.0112
0 0.272135 0.549769 0.0247396 0.0532407 0.011116
0 0.925781 0.802083 0.114583 0.18287 0.0104904
0 0.549805 0.74537 0.046875 0.0625 0.00978088
0 0.784342 0.478009 0.431315 0.956019 0.00908661
0 0.647135 0.454282 0.0273438 0.0497685 0.0085144
0 0.966146 0.923032 0.0598958 0.122685 0.00844574
0 0.839844 0.473958 0.320313 0.947917 0.00743103
0 0.314453 0.246528 0.0136719 0.0318287 0.00706482
0 0.352214 0.327546 0.0195313 0.0445602 0.0068512
0 0.830729 0.672454 0.0989583 0.106481 0.0068512
0 0.856771 0.633681 0.0520833 0.0856481 0.00669098
0 0.858073 0.818287 0.234375 0.217593 0.0064888
0 0.610677 0.308449 0.0234375 0.0462963 0.00624084
0 0.96224 0.956308 0.0703125 0.0873843 0.00572968
0 0.821615 0.775463 0.182292 0.287037 0.00570679
0 0.773438 0.630208 0.046875 0.0960648 0.00530243
0 0.34668 0.372106 0.0266927 0.0509259 0.00527954
0 0.151855 0.241898 0.0185547 0.0347222 0.00496292
0 0.31901 0.550926 0.03125 0.0578704 0.00479126
0 0.936849 0.877315 0.126302 0.236111 0.00479126
0 0.951823 0.856481 0.0807292 0.211806 0.00453949
0 0.652344 0.389468 0.0247396 0.0393519 0.00439835
0 0.770182 0.526476 0.0338542 0.067419 0.00400543
0 0.859375 0.759259 0.231771 0.243056 0.00388527
0 0.76888 0.322917 0.0325521 0.0462963 0.00387001
0 0.542969 0.758102 0.0572917 0.0659722 0.00380898
0 0.86849 0.844907 0.263021 0.291667 0.00359344
0 0.967448 0.946759 0.0651042 0.104167 0.00356483
0 0.775716 0.648003 0.448568 0.692419 0.00355148
0 0.548177 0.746528 0.046224 0.0648148 0.0720825
0 0.540039 0.756944 0.0553385 0.0625 0.0700684
0 0.71875 0.538773 0.0377604 0.0578704 0.0692749
0 0.390951 0.479745 0.030599 0.056713 0.0594177
0 0.694661 0.465856 0.0273438 0.037037 0.0463867
0 0.702474 0.540509 0.0390625 0.0578704 0.043457
0 0.0537109 0.846065 0.0569661 0.087963 0.0337219
0 0.772786 0.661458 0.0429688 0.0706019 0.0315552
0 0.851563 0.636574 0.0390625 0.0706019 0.0255127
0 0.721354 0.478588 0.0390625 0.0613426 0.0216522
0 0.848958 0.66088 0.0416667 0.0694444 0.0187225
0 0.184245 0.741898 0.0432943 0.0671296 0.0182953
0 0.774089 0.534722 0.0273438 0.0347222 0.0178528
0 0.442708 0.382523 0.0234375 0.0358796 0.0171051
0 0.398763 0.512876 0.0286458 0.0622106 0.0164642
0 0.773438 0.637731 0.0364583 0.0717593 0.0164032
0 0.906901 0.800926 0.144531 0.1875 0.0145035
0 0.863281 0.793981 0.135417 0.201389 0.0142288
0 0.859375 0.806713 0.0898438 0.164352 0.0137939
0 0.0195313 0.702546 0.0309245 0.0810185 0.0130234
0 0.936198 0.817708 0.078125 0.133102 0.0113297
0 0.0213216 0.737269 0.0315755 0.0625 0.0112457
0 0.803385 0.722222 0.109375 0.180556 0.0108185
0 0.828776 0.775463 0.130208 0.219907 0.0106964
0 0.769531 0.752315 0.0390625 0.0972222 0.0102081
0 0.888021 0.788194 0.203125 0.212963 0.0100555
0 0.0299479 0.96875 0.0491536 0.0625 0.00871277
0 0.940755 0.802083 0.0950521 0.166667 0.0086441
0 0.970052 0.931713 0.0598958 0.12963 0.00828552
0 0.0664062 0.527778 0.0345052 0.0439815 0.00800323
0 0.344076 0.377894 0.0279948 0.0428241 0.00775528
0 0.82487 0.800926 0.0742188 0.158565 0.00740433
0 0.825521 0.528935 0.0338542 0.0486111 0.00698471
0 0.730469 0.596065 0.0390625 0.0648148 0.0069046
0 0.647135 0.458333 0.0234375 0.0335648 0.0068512
0 0.320313 0.548611 0.0345052 0.0462963 0.00584412
0 0.0963135 0.832755 0.0606283 0.0821759 0.0055542
0 0.19043 0.538773 0.0273438 0.037037 0.00547028
0 0.863281 0.773148 0.242188 0.303241 0.00486755
0 0.320964 0.387731 0.0338542 0.0445602 0.00450516
0 0.814453 0.614005 0.128906 0.123843 0.0041008
0 0.140951 0.835648 0.0638021 0.0763889 0.00403976
0 0.772135 0.466435 0.03125 0.0416667 0.00390053
0 0.164551 0.75 0.0641276 0.0601852 0.00383949
0 0.18571 0.71412 0.0569661 0.128472 0.00382423
0 0.15332 0.470775 0.0273438 0.0422454 0.00372124
0 0.688802 0.38397 0.0260417 0.0387731 0.00370789
0 0.954427 0.862269 0.0807292 0.25463 0.00369263
0 0.271484 0.543403 0.0234375 0.0381944 0.00367928
0 0.0546875 0.824074 0.0791016 0.159722 0.00342941
