0 0.742002 0.565918 0.493366 0.676758 0.170532
0 0.726218 0.65332 0.390853 0.507812 0.0463867
0 0.410054 0.93457 0.222601 0.125 0.0244293
0 0.854078 0.643555 0.291844 0.548828 0.0155411
0 0.42242 0.923828 0.268162 0.148438 0.0138474
0 0.557928 0.491699 0.884144 0.983398 0.0127716
0 0.680169 0.857422 0.0794072 0.0996094 0.0127258
0 0.836504 0.557739 0.326991 0.710693 0.0110321
0 0.795374 0.660156 0.36319 0.345703 0.0108566
0 0.605968 0.498047 0.704251 0.996094 0.0107346
0 0.598971 0.604492 0.702624 0.763672 0.0103302
0 0.37751 0.935547 0.174436 0.117188 0.00912476
0 0.850048 0.766113 0.0637861 0.0917969 0.00854492
0 0.597632 0.499512 0.804736 0.999023 0.00847626
0 0.539704 0.5 0.920593 1 0.00818634
0 0.740049 0.692871 0.331948 0.399414 0.00793457
0 0.709458 0.566406 0.453012 0.539062 0.0077858
0 0.661255 0.5 0.67749 1 0.00760651
0 0.761528 0.614258 0.313724 0.359375 0.00717545
0 0.494668 0.570312 0.778451 0.826172 0.00706482
0 0.489786 0.5 0.969159 1 0.00661469
0 0.5 0.5 1 1 0.00658798
0 0.5 0.5 1 1 0.00634003
0 0.5 0.5 1 1 0.005867
0 0.453012 0.878662 0.335854 0.242676 0.00568771
0 0.522943 0.604492 0.954113 0.791016 0.00566483
0 0.651004 0.545898 0.697992 0.908203 0.00551224
0 0.862415 0.722656 0.130176 0.195312 0.00538635
0 0.474165 0.5 0.948331 1 0.00536346
0 0.45529 0.5 0.91058 1 0.00519943
0 0.776499 0.632812 0.428278 0.583984 0.00462723
0 0.830522 0.733398 0.126271 0.204102 0.00460815
0 0.552233 0.5 0.895534 1 0.00443268
0 0.5 0.561523 1 0.876953 0.00370789
0 0.508336 0.664917 0.455615 0.652588 0.0036068
0 0.5 0.5 1 1 0.00340271
0 0.664998 0.520508 0.670004 0.912109 0.00328636
0 0.68326 0.468262 0.310144 0.375977 0.00324821
0 0.705553 0.660645 0.253843 0.516602 0.00279999
0 0.439343 0.838867 0.294197 0.322266 0.00271416
0 0.823487 0.601074 0.353026 0.448242 0.00253105
0 0.794848 0.538086 0.410304 0.568359 0.00236893
0 0.699695 0.480591 0.356682 0.544678 0.00233269
0 0.346268 0.931641 0.217394 0.130859 0.00210762
0 0.061264 0.770508 0.115694 0.445312 0.0020752
0 0.6665 0.859375 0.104141 0.115234 0.00199509
0 0.730937 0.479492 0.313724 0.34082 0.00196457
0 0.0478396 0.839355 0.0911231 0.260742 0.00194168
0 0.430556 0.716309 0.401592 0.538086 0.00178909
0 0.971887 0.228027 0.0562256 0.078125 0.0017004
0 0.697091 0.575684 0.365794 0.555664 0.709961
0 0.568868 0.563965 0.676914 0.631836 0.216675
0 0.242127 0.793457 0.371652 0.413086 0.0963745
0 0.705715 0.605957 0.437065 0.674805 0.0957031
0 0.516798 0.581543 0.787564 0.836914 0.0462952
0 0.964603 0.739258 0.0676914 0.078125 0.0438538
0 0.671707 0.842773 0.0911231 0.117188 0.0290375
0 0.894308 0.65332 0.0520703 0.0703125 0.0274353
0 0.343013 0.919922 0.136034 0.150391 0.0220795
0 0.693837 0.666992 0.325439 0.53125 0.0208435
0 0.231062 0.694824 0.367096 0.610352 0.0198669
0 0.366445 0.938477 0.0989336 0.123047 0.0197144
0 0.647136 0.701172 0.155886 0.400391 0.0175171
0 0.926852 0.662598 0.0728984 0.0625 0.0165253
0 0.419491 0.629883 0.642417 0.740234 0.0158997
0 0.547064 0.963867 0.0546738 0.0722656 0.0148392
0 0.744731 0.49707 0.510539 0.994141 0.0144501
0 0.477094 0.5 0.745907 1 0.0137939
0 0.855906 0.744141 0.0689932 0.128906 0.0127258
0 0.308842 0.813965 0.218044 0.364258 0.0127258
0 0.716743 0.487305 0.566515 0.974609 0.0126266
0 0.621101 0.464722 0.496946 0.773682 0.0122375
0 0.690708 0.5 0.618585 1 0.0122375
0 0.73289 0.443848 0.446503 0.887695 0.011116
0 0.568342 0.5 0.863315 1 0.0109482
0 0.752541 0.570801 0.494918 0.608398 0.0108566
0 0.719872 0.686523 0.252541 0.382812 0.0104065
0 0.601412 0.951172 0.0702949 0.09375 0.0102081
0 0.773895 0.687988 0.165323 0.303711 0.00955963
0 0.275891 0.782715 0.269627 0.43457 0.00898743
0 0.649577 0.84082 0.141892 0.193359 0.00844574
0 0.243754 0.769043 0.394433 0.461914 0.00821686
0 0.563661 0.935547 0.0924248 0.125 0.0078125
0 0.575377 0.405762 0.585791 0.579102 0.00769424
0 0.503905 0.5 0.99219 1 0.00757599
0 0.593076 0.5 0.813849 1 0.00720596
0 0.5 0.5 1 1 0.0069313
0 0.695139 0.35791 0.0989336 0.15625 0.0068512
0 0.615081 0.874023 0.18485 0.251953 0.00674438
0 0.585791 0.892334 0.115856 0.20752 0.00653839
0 0.503905 0.5 0.99219 1 0.00653839
0 0.210885 0.722168 0.42177 0.555664 0.00643921
0 0.655435 0.509277 0.299404 0.536133 0.006073
0 0.37035 0.5 0.7407 1 0.00593567
0 0.5 0.5 1 1 0.00582123
0 0.270684 0.63916 0.481813 0.72168 0.00568771
0 0.805788 0.756836 0.0989336 0.144531 0.00557709
0 0.208607 0.770752 0.417213 0.458496 0.00536346
0 0.747209 0.649414 0.262955 0.407227 0.00534439
0 0.895609 0.614258 0.0624844 0.103516 0.00527954
0 0.686677 0.625488 0.402243 0.469727 0.800293
0 0.679355 0.593262 0.435113 0.62793 0.353027
0 0.605968 0.942871 0.0689932 0.114258 0.291016
0 0.62025 0.18042 0.7595 0.36084 0.275146
0 0.57733 0.9375 0.115856 0.125 0.182373
0 0.688104 0.212646 0.623792 0.418457 0.174438
0 0.667927 0.157959 0.664147 0.315918 0.165039
0 0.135871 0.773438 0.271742 0.433594 0.14563
0 0.582211 0.918945 0.121714 0.150391 0.11084
0 0.963751 0.72998 0.0724976 0.107422 0.0960083
0 0.697091 0.170654 0.584489 0.341309 0.0946655
0 0.636397 0.509277 0.521029 0.758789 0.0803833
0 0.948456 0.716309 0.103089 0.135742 0.0783691
0 0.239035 0.787109 0.465704 0.40625 0.0740967
0 0.400291 0.839844 0.292896 0.314453 0.0594177
0 0.204213 0.709961 0.40387 0.560547 0.0584412
0 0.665849 0.55127 0.351475 0.442383 0.0549927
0 0.446178 0.958008 0.0631353 0.0839844 0.0507202
0 0.682772 0.860352 0.0702949 0.078125 0.0483093
0 0.567241 0.220703 0.711411 0.40918 0.0387573
0 0.641116 0.892822 0.165323 0.13623 0.0378113
0 0.462449 0.257812 0.230411 0.288086 0.0360107
0 0.381415 0.9375 0.113253 0.125 0.0346985
0 0.398989 0.782227 0.329996 0.417969 0.0342407
0 0.556176 0.500854 0.693186 0.894775 0.0322266
0 0.453337 0.236328 0.477094 0.400391 0.0314941
0 0.254168 0.772949 0.223251 0.426758 0.0281677
0 0.615081 0.559082 0.249938 0.363281 0.0264587
0 0.702912 0.447266 0.594177 0.894531 0.0243835
0 0.615731 0.935059 0.085916 0.129883 0.0225372
0 0.488485 0.27124 0.169879 0.273926 0.02034
0 0.537626 0.945312 0.0598809 0.109375 0.0141754
0 0.279959 0.763672 0.163859 0.328125 0.014061
0 0.572448 0.169067 0.753067 0.338135 0.0131683
0 0.6665 0.859863 0.105442 0.0986328 0.0116425
0 0.617196 0.895508 0.200145 0.199219 0.0104065
0 0.355299 0.262939 0.572936 0.444824 0.0103683
0 0.536975 0.374756 0.121063 0.148926 0.00997162
0 0.390609 0.902344 0.288828 0.183594 0.00978088
0 0.973514 0.257324 0.0529712 0.102539 0.00888062
0 0.130501 0.241455 0.0611826 0.0620117 0.00878143
0 0.201772 0.773438 0.34822 0.445312 0.00871277
0 0.470911 0.784668 0.496621 0.397461 0.00841522
0 0.457568 0.284668 0.563661 0.476562 0.00831604
0 0.324138 0.766602 0.555851 0.410156 0.00760651
0 0.547959 0.575195 0.656249 0.849609 0.00737381
0 0.731425 0.607422 0.364818 0.390625 0.00734711
0 0.591649 0.484375 0.238222 0.360352 0.00712204
0 0.157513 0.731934 0.315025 0.536133 0.00706482
0 0.298672 0.807129 0.174598 0.354492 0.00661469
0 0.733541 0.632812 0.378812 0.462891 0.666504
0 0.614267 0.682617 0.573099 0.5625 0.281494
0 0.273451 0.788086 0.221136 0.421875 0.0853882
0 0.742778 0.611328 0.514444 0.460938 0.0822754
0 0.272881 0.804199 0.545762 0.391602 0.0768433
0 0.965904 0.737305 0.0676914 0.0898438 0.0646362
0 0.073468 0.803711 0.146936 0.392578 0.0562439
0 0.693837 0.581055 0.368397 0.353516 0.0490417
0 0.72618 0.48584 0.547639 0.741211 0.0418396
0 0.360587 0.854492 0.468633 0.291016 0.0413208
0 0.0804649 0.646484 0.16093 0.707031 0.0407715
0 0.958094 0.729492 0.0833125 0.101562 0.0371094
0 0.69644 0.599487 0.413959 0.625244 0.0357361
0 0.316653 0.791992 0.249287 0.416016 0.0324097
0 0.0656574 0.884521 0.121552 0.227051 0.0305634
0 0.221624 0.729004 0.443249 0.541992 0.0289307
0 0.167113 0.805176 0.334226 0.389648 0.02211
0 0.480267 0.910645 0.549505 0.178711 0.021698
0 0.339189 0.801758 0.353915 0.396484 0.0204926
0 0.950408 0.597656 0.0991836 0.382812 0.0196381
0 0.512974 0.810059 0.66113 0.379883 0.0178528
0 0.0854279 0.800293 0.170856 0.399414 0.0174408
0 0.0756647 0.505371 0.151329 0.989258 0.0164642
0 0.940645 0.642578 0.11871 0.300781 0.0164032
0 0.928153 0.632812 0.119762 0.152344 0.0156708
0 0.555525 0.677856 0.716618 0.644287 0.0156021
0 0.347895 0.845215 0.275322 0.30957 0.0154266
0 0.0645997 0.758789 0.129199 0.482422 0.0153656
0 0.205352 0.591797 0.410705 0.816406 0.0135345
0 0.766209 0.533203 0.467581 0.532227 0.0132217
0 0.929906 0.565552 0.140189 0.445068 0.0124817
0 0.260352 0.757812 0.168578 0.324219 0.0117798
0 0.763606 0.382324 0.472788 0.751953 0.0113297
0 0.680982 0.569336 0.50736 0.755859 0.0112915
0 0.932059 0.672852 0.122365 0.232422 0.0110321
0 0.252216 0.661987 0.504431 0.676025 0.0103683
0 0.598971 0.892578 0.148075 0.210938 0.0102463
0 0.387192 0.899414 0.347732 0.201172 0.00963593
0 0.787564 0.625977 0.343664 0.398438 0.00881195
0 0.383368 0.930908 0.561058 0.138184 0.00841522
0 0.31828 0.921387 0.63656 0.157227 0.00837708
0 0.61443 0.576172 0.227808 0.376953 0.00806427
0 0.681595 0.462402 0.63681 0.924805 0.00748825
0 0.89606 0.455078 0.20788 0.663086 0.00720596
0 0.0546738 0.906738 0.104792 0.186523 0.00701141
0 0.618986 0.857422 0.227808 0.283203 0.00677109
0 0.820107 0.680664 0.187453 0.333984 0.00664139
0 0.550318 0.937256 0.721825 0.125488 0.00631332
0 0.939343 0.532349 0.121313 0.392334 0.006073
0 0.0633793 0.352295 0.126759 0.70459 0.00598145
0 0.727683 0.639771 0.398338 0.564209 0.548828
0 0.73533 0.691406 0.359611 0.425781 0.222046
0 0.699695 0.594238 0.365794 0.381836 0.133911
0 0.676263 0.154785 0.376208 0.30957 0.124207
0 0.719221 0.467773 0.479047 0.892578 0.105408
0 0.61443 0.571777 0.235618 0.352539 0.0745239
0 0.741839 0.693359 0.333575 0.318359 0.0705566
0 0.962775 0.696289 0.0744502 0.171875 0.0646362
0 0.126921 0.238281 0.0579282 0.0693359 0.0607605
0 0.948456 0.678711 0.103089 0.212891 0.0499573
0 0.682772 0.187012 0.631353 0.374023 0.0440979
0 0.63721 0.468262 0.722476 0.928711 0.0353394
0 0.380764 0.929688 0.205678 0.140625 0.0342407
0 0.597507 0.169556 0.756321 0.339111 0.0323486
0 0.361238 0.926758 0.136685 0.146484 0.0283356
0 0.690583 0.179749 0.31112 0.275269 0.0275879
0 0.624681 0.662109 0.560081 0.625 0.0266571
0 0.672483 0.228516 0.655034 0.457031 0.026413
0 0.339759 0.913818 0.19266 0.172363 0.0245667
0 0.339189 0.787109 0.620776 0.425781 0.0234222
0 0.604016 0.522339 0.195264 0.299072 0.0226288
0 0.759576 0.640137 0.329345 0.362305 0.0219421
0 0.752416 0.710938 0.28899 0.232422 0.0219421
0 0.565939 0.185669 0.669754 0.371338 0.0211639
0 0.42242 0.723633 0.464728 0.541016 0.0199432
0 0.907325 0.648926 0.117158 0.141602 0.0188751
0 0.479128 0.657104 0.549179 0.664307 0.0184326
0 0.397036 0.925781 0.285085 0.148438 0.0180969
0 0.289316 0.782227 0.171181 0.417969 0.0178528
0 0.916438 0.631836 0.137986 0.141602 0.0177155
0 0.838332 0.729492 0.0963301 0.164062 0.0173035
0 0.923071 0.556152 0.153857 0.493164 0.016922
0 0.243103 0.751465 0.486207 0.49707 0.0167236
0 0.654133 0.822266 0.113253 0.164062 0.0164032
0 0.535022 0.511597 0.730286 0.951416 0.0155411
0 0.667802 0.71582 0.221299 0.373047 0.0151291
0 0.658689 0.851562 0.0976318 0.107422 0.0147324
0 0.40745 0.897217 0.273369 0.205566 0.0142822
0 0.357902 0.82666 0.298265 0.34668 0.0141754
0 0.393782 0.858398 0.337806 0.283203 0.0125275
0 0.79993 0.704102 0.193962 0.222656 0.0123825
0 0.590998 0.460815 0.217394 0.330322 0.0122375
0 0.212187 0.777832 0.270115 0.424805 0.0119171
0 0.617684 0.493164 0.169229 0.214844 0.0116882
0 0.123342 0.245605 0.0735493 0.0839844 0.0109024
0 0.656086 0.870605 0.0702949 0.0947266 0.0107346
0 0.596856 0.922852 0.075502 0.152344 0.0107346
0 0.0792445 0.797852 0.153607 0.400391 0.0105667
0 0.906024 0.68457 0.182246 0.230469 0.0103302
0 0.413634 0.834473 0.465378 0.331055 0.0102921
0 0.748673 0.695312 0.447479 0.552734 0.188354
0 0.742653 0.472656 0.49597 0.945312 0.165039
0 0.682121 0.160645 0.433485 0.321289 0.122131
0 0.631353 0.496094 0.69644 0.976562 0.0913696
0 0.634607 0.578125 0.26686 0.359375 0.0758667
0 0.736795 0.696289 0.369699 0.386719 0.072876
0 0.730411 0.162231 0.539178 0.324463 0.0633545
0 0.380764 0.9375 0.111951 0.125 0.0552063
0 0.703112 0.612305 0.369374 0.402344 0.0545959
0 0.279227 0.822754 0.193962 0.354492 0.0522461
0 0.710234 0.355957 0.579532 0.711914 0.0520325
0 0.357333 0.926514 0.233666 0.146973 0.0467224
0 0.26564 0.782715 0.13522 0.333008 0.0455322
0 0.602877 0.391846 0.74428 0.783691 0.0386963
0 0.330972 0.866211 0.263606 0.263672 0.037323
0 0.0724103 0.834961 0.144821 0.326172 0.0362244
0 0.0845329 0.874023 0.169066 0.242188 0.0345459
0 0.598158 0.186646 0.777149 0.373291 0.0336609
0 0.343339 0.897217 0.223251 0.205566 0.0321655
0 0.734842 0.184326 0.402243 0.339355 0.0303345
0 0.669754 0.152466 0.454313 0.304932 0.0291443
0 0.314375 0.789551 0.273369 0.40918 0.0271759
0 0.21837 0.583984 0.43674 0.806641 0.0270081
0 0.388575 0.871094 0.394433 0.25 0.0258026
0 0.0502804 0.80957 0.100561 0.380859 0.0243835
0 0.105524 0.808105 0.211048 0.383789 0.0236511
0 0.509964 0.525879 0.652832 0.948242 0.0232849
0 0.400372 0.271973 0.42421 0.513672 0.0229797
0 0.323812 0.494629 0.647625 0.989258 0.0224609
0 0.0636234 0.794434 0.127247 0.411133 0.0216522
0 0.502479 0.287598 0.242127 0.330078 0.0209656
0 0.638024 0.526367 0.205352 0.353516 0.0203705
0 0.386622 0.523926 0.602714 0.952148 0.0199127
0 0.898213 0.650391 0.0820107 0.0917969 0.0197144
0 0.784597 0.156982 0.430806 0.313965 0.0191956
0 0.409077 0.401855 0.409403 0.754883 0.0190125
0 0.645021 0.652832 0.542833 0.649414 0.0188293
0 0.670405 0.717773 0.42958 0.544922 0.0179138
0 0.498573 0.260742 0.208281 0.25 0.0177155
0 0.704902 0.277344 0.352776 0.527344 0.0174408
0 0.34464 0.846191 0.328043 0.307617 0.0174408
0 0.237896 0.751953 0.44455 0.486328 0.0171814
0 0.794848 0.216797 0.410304 0.261719 0.0167847
0 0.0584164 0.895508 0.116833 0.197266 0.0167847
0 0.699044 0.583008 0.17053 0.21875 0.0164032
0 0.905373 0.625977 0.105442 0.107422 0.0164032
0 0.32609 0.348145 0.546738 0.654297 0.0162811
0 0.578631 0.912109 0.126271 0.175781 0.0161591
0 0.576028 0.930664 0.110649 0.136719 0.0157776
0 0.172646 0.629028 0.345291 0.741943 0.0156708
0 0.702787 0.642578 0.40387 0.515625 0.506836
0 0.613779 0.574219 0.225204 0.357422 0.0957031
0 0.637861 0.599121 0.256446 0.427734 0.0272217
0 0.577981 0.929443 0.117158 0.133301 0.0241394
0 0.736795 0.565308 0.471236 0.611572 0.0240936
0 0.658039 0.695312 0.555851 0.589844 0.0197144
0 0.692535 0.582031 0.321534 0.365234 0.0194244
0 0.965378 0.731934 0.0692432 0.0908203 0.0189362
0 0.579282 0.921631 0.143193 0.156738 0.018692
0 0.471887 0.931152 0.489461 0.137695 0.0179901
0 0.73533 0.691406 0.357007 0.355469 0.0165863
0 0.385971 0.93457 0.169229 0.130859 0.0151901
0 0.58693 0.898682 0.58872 0.202637 0.0130692
0 0.603853 0.682617 0.206003 0.507812 0.0125275
0 0.557803 0.935547 0.102839 0.119141 0.0125275
0 0.662595 0.575195 0.460822 0.525391 0.0106964
0 0.514845 0.729004 0.498573 0.541992 0.00930023
0 0.249775 0.793945 0.458544 0.410156 0.00905609
0 0.613128 0.866699 0.226506 0.266602 0.0088501
0 0.36254 0.915771 0.218695 0.168457 0.00837708
0 0.619474 0.518555 0.242452 0.277344 0.00812531
0 0.601249 0.910156 0.192986 0.177734 0.00790405
0 0.386297 0.802246 0.432835 0.395508 0.0077858
0 0.614592 0.747559 0.233991 0.504883 0.00766754
0 0.720523 0.631836 0.326741 0.429688 0.00763702
0 0.387924 0.933105 0.255145 0.133789 0.00763702
0 0.222601 0.724121 0.432835 0.530273 0.00740433
0 0.320883 0.838867 0.577981 0.316406 0.00701141
0 0.746358 0.687988 0.507285 0.575195 0.0068512
0 0.753029 0.465332 0.493942 0.788086 0.0064888
0 0.907325 0.65332 0.0885195 0.0917969 0.00634003
0 0.482301 0.92749 0.28118 0.141113 0.00631332
0 0.615081 0.847656 0.205678 0.130859 0.00612259
0 0.625495 0.50293 0.205678 0.205078 0.00534439
0 0.926651 0.695312 0.146698 0.173828 0.00516129
0 0.649577 0.669922 0.261653 0.486328 0.0051384
0 0.361319 0.672363 0.489298 0.643555 0.00492477
0 0.951059 0.722168 0.0978818 0.133789 0.00479126
0 0.557152 0.594238 0.541531 0.635742 0.00479126
0 0.652181 0.498047 0.175737 0.177734 0.00469971
0 0.257829 0.775391 0.171669 0.357422 0.00446701
0 0.692372 0.56543 0.242452 0.299805 0.00413513
0 0.637861 0.84082 0.14059 0.123047 0.00407028
0 0.609874 0.471191 0.238222 0.276367 0.00367928
0 0.693837 0.49707 0.1484 0.163086 0.00340271
0 0.025547 0.780273 0.051094 0.131836 0.00340271
0 0.177853 0.78418 0.355705 0.412109 0.00340271
0 0.292245 0.798828 0.240174 0.400391 0.00325966
0 0.852651 0.757812 0.0650879 0.0976562 0.00321007
0 0.52591 0.390625 0.0676914 0.0986328 0.00313568
0 0.68863 0.593628 0.45171 0.593994 0.5
0 0.663897 0.851074 0.101537 0.114258 0.117981
0 0.963301 0.734375 0.0728984 0.0917969 0.0853882
0 0.601575 0.527832 0.244405 0.491211 0.0607605
0 0.571797 0.921631 0.126921 0.156738 0.041687
0 0.165974 0.794922 0.331948 0.398438 0.0288696
0 0.719872 0.492676 0.516798 0.774414 0.0285492
0 0.25067 0.78125 0.169066 0.417969 0.0223694
0 0.5923 0.620117 0.648275 0.734375 0.0222931
0 0.123016 0.243164 0.0660642 0.0712891 0.0219116
0 0.034822 0.861816 0.069644 0.200195 0.0198364
0 0.604178 0.438965 0.228784 0.310547 0.0174408
0 0.0755833 0.834961 0.149214 0.3125 0.0165253
0 0.590998 0.899414 0.14059 0.201172 0.0150146
0 0.907325 0.654297 0.0911231 0.0839844 0.0149002
0 0.939869 0.70459 0.114555 0.158203 0.0145035
0 0.857208 0.758301 0.0546738 0.0771484 0.014389
0 0.723777 0.657227 0.434787 0.498047 0.0139542
0 0.0273369 0.834961 0.0546738 0.212891 0.0139542
0 0.909929 0.625977 0.104141 0.105469 0.0132217
0 0.252541 0.731445 0.15556 0.306641 0.0129242
0 0.36677 0.927734 0.113253 0.138672 0.011734
0 0.956792 0.701172 0.085916 0.169922 0.0116882
0 0.593764 0.52002 0.179317 0.460938 0.0110703
0 0.305344 0.797852 0.132617 0.396484 0.0106125
0 0.0619962 0.799805 0.120413 0.369141 0.0103302
0 0.0268488 0.675293 0.0530466 0.0917969 0.00898743
0 0.250263 0.780762 0.500526 0.418945 0.00874329
0 0.691884 0.435547 0.477745 0.591797 0.00867462
0 0.853953 0.739258 0.0728984 0.130859 0.00746155
0 0.529165 0.392578 0.085916 0.174805 0.00740433
0 0.559105 0.9375 0.101537 0.109375 0.00712204
0 0.0298998 0.766113 0.0597995 0.270508 0.00679779
0 0.331216 0.787109 0.493529 0.419922 0.00658798
0 0.615569 0.549316 0.224228 0.374023 0.00629044
0 0.628098 0.490234 0.200471 0.30957 0.006073
0 0.347569 0.886719 0.184199 0.226562 0.00602722
0 0.0534534 0.875977 0.102351 0.220703 0.00591278
0 0.357658 0.895508 0.141892 0.203125 0.00584412
0 0.561383 0.896729 0.136034 0.19873 0.00559998
0 0.201122 0.970703 0.056301 0.046875 0.0055542
0 0.54446 0.441406 0.527863 0.681641 0.00530243
0 0.65153 0.42334 0.16272 0.268555 0.00521851
0 0.503455 0.759766 0.712712 0.455078 0.00521851
0 0.490112 0.239502 0.166625 0.233887 0.00518036
0 0.662595 0.825195 0.134081 0.179688 0.00510025
0 0.450408 0.654785 0.575377 0.682617 0.00494385
0 0.561709 0.445435 0.160116 0.275146 0.00486755
0 0.616382 0.817871 0.230411 0.364258 0.00479126
0 0.924248 0.662109 0.143193 0.220703 0.00453949
