0 0.441354 0.458818 0.531435 0.64438 0.86084
0 0.743662 0.519864 0.512676 0.685078 0.506836
0 0.802727 0.39438 0.390376 0.449612 0.453369
0 0.891919 0.631541 0.208114 0.484981 0.251709
0 0.319927 0.577519 0.234613 0.455426 0.106323
0 0.864846 0.525678 0.270307 0.661822 0.0923462
0 0.535151 0.454942 0.774289 0.721899 0.0888062
0 0.304416 0.555233 0.204883 0.364341 0.0698242
0 0.253357 0.41812 0.41946 0.803295 0.0681763
0 0.864523 0.68314 0.270954 0.374031 0.058136
0 0.463087 0.567345 0.53709 0.450581 0.0340271
0 0.458239 0.293605 0.182908 0.306202 0.0313721
0 0.894504 0.722626 0.201651 0.295058 0.0227661
0 0.813714 0.339147 0.310233 0.335271 0.0214844
0 0.865816 0.743217 0.268368 0.267442 0.0167847
0 0.716032 0.457849 0.567937 0.797481 0.0149002
0 0.497665 0.29312 0.345134 0.489341 0.0148392
0 0.349335 0.572674 0.310879 0.498062 0.0147324
0 0.319927 0.368702 0.250771 0.688954 0.0138474
0 0.367109 0.452641 0.356121 0.722626 0.0133286
0 0.627575 0.626454 0.18614 0.471899 0.0129242
0 0.465349 0.289244 0.271453 0.337209 0.0123825
0 0.5 0.432655 1 0.86531 0.0112
0 0.639605 0.456395 0.720791 0.734496 0.0107346
0 0.455654 0.229651 0.168043 0.209302 0.0106506
0 0.5 0.5 1 1 0.0102081
0 0.910016 0.694041 0.174506 0.371609 0.00989532
0 0.495403 0.426841 0.990805 0.853682 0.00955963
0 0.5 0.5 1 1 0.00809479
0 0.5 0.5 1 1 0.00734711
0 0.863231 0.648256 0.273539 0.455426 0.00731659
0 0.5 0.5 1 1 0.00701141
0 0.235906 0.152132 0.290197 0.304264 0.00698471
0 0.500646 0.435078 0.998707 0.870155 0.0069313
0 0.5 0.534884 1 0.930233 0.00682449
0 0.312091 0.635659 0.204398 0.372093 0.00651169
0 0.5 0.5 1 1 0.00629044
0 0.613356 0.572674 0.183554 0.315891 0.00619125
0 0.5 0.443798 1 0.887597 0.00609589
0 0.890626 0.460271 0.196481 0.381783 0.00557709
0 0.552352 0.419089 0.895297 0.838178 0.00538635
0 0.5 0.440407 1 0.880814 0.00534439
0 0.93199 0.734738 0.125386 0.274709 0.00496292
0 0.654074 0.717054 0.14736 0.271318 0.00484848
0 0.427862 0.364341 0.444667 0.658915 0.00475693
0 0.578778 0.619671 0.279856 0.481589 0.0046463
0 0.657952 0.606589 0.245601 0.507752 0.00443268
0 0.232351 0.585756 0.071095 0.278101 0.00432968
0 0.655205 0.550388 0.20973 0.403101 0.00403976
0 0.465026 0.218508 0.162226 0.153101 0.00380898
0 0.745205 0.424903 0.440789 0.499031 0.269043
0 0.819531 0.426357 0.338671 0.511628 0.204346
0 0.471489 0.469961 0.577162 0.604651 0.143188
0 0.353617 0.467054 0.317827 0.600775 0.10968
0 0.305062 0.582364 0.217163 0.393411 0.0720825
0 0.621111 0.602713 0.138312 0.21124 0.0596619
0 0.81436 0.453004 0.276624 0.39438 0.0552063
0 0.826641 0.503392 0.271453 0.299419 0.0534058
0 0.876407 0.555233 0.105996 0.195736 0.0495911
0 0.846676 0.518411 0.199066 0.265504 0.0477905
0 0.303689 0.650194 0.196642 0.30814 0.0433655
0 0.625636 0.556202 0.169335 0.325581 0.0381775
0 0.63016 0.421996 0.0736802 0.0687985 0.0361633
0 0.616587 0.652132 0.155116 0.263566 0.0354004
0 0.234452 0.554264 0.0778813 0.189923 0.033905
0 0.233967 0.608527 0.0659244 0.170543 0.0327148
0 0.635977 0.571705 0.130556 0.275194 0.0289764
0 0.629514 0.453488 0.214578 0.536822 0.0261536
0 0.599945 0.616279 0.149623 0.19186 0.0258636
0 0.599621 0.65407 0.191633 0.312016 0.0243378
0 0.74068 0.498062 0.105996 0.261628 0.0240021
0 0.729047 0.411337 0.144775 0.464147 0.0209656
0 0.674756 0.187016 0.0736802 0.0736434 0.0205994
0 0.677341 0.508721 0.0982403 0.218992 0.0193024
0 0.739226 0.544574 0.465672 0.775194 0.0186157
0 0.709495 0.53876 0.424308 0.51938 0.0181274
0 0.284057 0.57219 0.180969 0.295543 0.0172424
0 0.888041 0.522771 0.137019 0.256783 0.0167847
0 0.888041 0.550872 0.168043 0.231589 0.0157776
0 0.28341 0.728682 0.115045 0.170543 0.0154266
0 0.610124 0.440891 0.779459 0.577519 0.0146713
0 0.69156 0.518895 0.149946 0.264535 0.0140076
0 0.590573 0.578973 0.176122 0.278101 0.0132217
0 0.306031 0.488857 0.230735 0.61531 0.0132217
0 0.965599 0.724806 0.0555833 0.0930233 0.012146
0 0.0276301 0.684109 0.0552602 0.0910853 0.0110321
0 0.889333 0.738614 0.188725 0.270833 0.0110321
0 0.199389 0.521318 0.0866066 0.135659 0.0107803
0 0.451776 0.254845 0.202944 0.222868 0.0106964
0 0.727754 0.512112 0.095655 0.235465 0.0104904
0 0.385852 0.456395 0.0749729 0.0852713 0.01017
0 0.936515 0.471899 0.0878992 0.151163 0.0100937
0 0.43885 0.311531 0.224919 0.375969 0.00978088
0 0.236229 0.678295 0.0594612 0.156977 0.00948334
0 0.665707 0.483043 0.138312 0.190891 0.00933838
0 0.331642 0.559109 0.196319 0.323643 0.00891876
0 0.952673 0.463178 0.0698023 0.122093 0.00706482
0 0.615941 0.423934 0.0723876 0.0823644 0.00636292
0 0.138635 0.72093 0.121508 0.186047 0.00626373
0 0.5 0.178295 1 0.356589 0.00612259
0 0.774935 0.392926 0.40718 0.531977 0.991699
0 0.465349 0.44719 0.506713 0.60562 0.975586
0 0.781398 0.495155 0.40201 0.637597 0.875977
0 0.221323 0.14874 0.29157 0.264535 0.313232
0 0.105835 0.597868 0.200035 0.344961 0.308105
0 0.640501 0.540698 0.18614 0.290698 0.125977
0 0.365493 0.406492 0.357414 0.570736 0.106689
0 0.423338 0.407098 0.471812 0.745882 0.102478
0 0.30894 0.482558 0.242369 0.45155 0.0910645
0 0.818238 0.396802 0.338671 0.466085 0.0778198
0 0.393931 0.330426 0.328976 0.403101 0.0775146
0 0.64244 0.614341 0.200359 0.374031 0.0766602
0 0.29052 0.543605 0.194542 0.304264 0.0703125
0 0.443374 0.285368 0.218455 0.274225 0.0673218
0 0.65472 0.707122 0.146068 0.252422 0.064209
0 0.186463 0.263687 0.319927 0.426114 0.0637207
0 0.584021 0.499031 0.831957 0.72093 0.0617676
0 0.888041 0.722626 0.208114 0.298934 0.0598755
0 0.20359 0.167515 0.236552 0.228924 0.0516663
0 0.822116 0.657219 0.343841 0.414244 0.0509033
0 0.460178 0.257752 0.190017 0.217054 0.0490417
0 0.85831 0.687016 0.268868 0.352713 0.0476074
0 0.676049 0.187016 0.071095 0.0697675 0.0451965
0 0.327037 0.156492 0.522225 0.296512 0.041626
0 0.783984 0.603198 0.422692 0.526163 0.0407715
0 0.493464 0.232558 0.119569 0.16376 0.0406799
0 0.376803 0.240189 0.638562 0.455669 0.0391846
0 0.840213 0.728924 0.305062 0.294089 0.0387573
0 0.630806 0.587209 0.174506 0.226744 0.0374756
0 0.24043 0.540698 0.0943624 0.180233 0.0347595
0 0.911955 0.75 0.168043 0.238372 0.0346985
0 0.669585 0.678295 0.183554 0.315891 0.0343018
0 0.136373 0.507267 0.263698 0.531977 0.0340271
0 0.31096 0.580911 0.229928 0.427326 0.0321045
0 0.824702 0.434109 0.290843 0.377907 0.0316162
0 0.924235 0.679264 0.144775 0.368217 0.0302734
0 0.372602 0.520349 0.347073 0.360465 0.0297089
0 0.775581 0.359496 0.373572 0.381783 0.0281067
0 0.930051 0.771318 0.125386 0.224806 0.0259094
0 0.485708 0.320615 0.285026 0.395591 0.0245667
0 0.76524 0.678295 0.341256 0.329457 0.0197906
0 0.420753 0.315407 0.731632 0.618217 0.0192719
0 0.679926 0.659884 0.241723 0.360465 0.0192413
0 0.275655 0.389535 0.508652 0.742248 0.018692
0 0.235421 0.281008 0.373249 0.550388 0.0183411
0 0.157217 0.325581 0.294398 0.44186 0.0177765
0 0.39288 0.484496 0.438365 0.602713 0.0171051
0 0.229928 0.223716 0.355798 0.403343 0.0164642
0 0.309586 0.685078 0.190017 0.286822 0.0156708
0 0.352243 0.771318 0.0840213 0.112403 0.0149002
0 0.478841 0.443798 0.562458 0.594961 0.974609
0 0.836335 0.430717 0.312818 0.504845 0.656738
0 0.78463 0.399225 0.392961 0.47093 0.347656
0 0.537413 0.396318 0.791739 0.581395 0.346924
0 0.672171 0.182655 0.0723876 0.0794574 0.141724
0 0.291813 0.337209 0.583625 0.674419 0.0847778
0 0.287611 0.257025 0.53192 0.51405 0.0735474
0 0.417845 0.358527 0.500896 0.717054 0.0479431
0 0.686786 1 0.626428 0 0.0381165
0 0.682262 0.39438 0.635477 0.52907 0.0358276
0 0.396516 0.432171 0.387144 0.631783 0.0340271
0 0.626928 0.419089 0.067217 0.0794574 0.0297089
0 0.872529 0.507752 0.23526 0.296512 0.0266113
0 0.540968 0.44719 0.327037 0.541667 0.0253296
0 0.0213285 0.708333 0.042657 0.0794573 0.0214081
0 0.960428 0.480136 0.0542907 0.100775 0.0190582
0 0.325098 1 0.650196 0 0.0184784
0 0.911308 0.532946 0.160287 0.244186 0.0181274
0 0.88998 0.587694 0.099533 0.138566 0.0174408
0 0.944917 0.493702 0.0930698 0.164729 0.0173798
0 0.434002 0.372093 0.816299 0.744186 0.0171814
0 0.652135 0.524709 0.206822 0.287791 0.0162811
0 0.584021 1 0.831957 0 0.0144501
0 0.484092 0.416667 0.372279 0.600775 0.0142822
0 0.741973 0.280039 0.0698023 0.118217 0.0137405
0 0.961075 0.511628 0.0542907 0.133721 0.0137405
0 0.472458 0.285853 0.135727 0.281008 0.0132217
0 0.241077 0.235465 0.329622 0.47093 0.0129242
0 0.669585 0.193798 0.085314 0.104651 0.0125275
0 0.797556 0.32655 0.193895 0.265504 0.0120087
0 0.802727 0.439438 0.230089 0.371124 0.0119629
0 0.436265 1 0.78463 0 0.0114212
0 0.783734 1 0.432533 0 0.0110703
0 0.457593 0.5 0.796264 1 0.0104904
0 0.395466 0.370155 0.320735 0.447674 0.00997162
0 0.640016 0.551841 0.167719 0.249031 0.00963593
0 0.621111 0.534884 0.223626 0.321705 0.00955963
0 0.212962 1 0.425923 0 0.00912476
0 0.0361938 0.724322 0.0723876 0.551357 0.0088501
0 0.2414 0.171996 0.339317 0.343992 0.00878143
0 0.468904 0.465116 0.473751 0.486434 0.00772476
0 0.257073 0.247578 0.514146 0.495155 0.00763702
0 0.0187836 0.675872 0.0375672 0.648256 0.00760651
0 0.495079 0.343023 0.57393 0.686047 0.00757599
0 0.283734 0.256783 0.567467 0.513566 0.00728989
0 0.900967 0.478682 0.173213 0.368217 0.00658798
0 0.754899 0.25 0.095655 0.151163 0.00588989
0 0.477952 0.595204 0.690914 0.809593 0.005867
0 0.232513 0.292515 0.360969 0.391715 0.00577545
0 0.434002 0.310078 0.218455 0.319767 0.00521851
0 0.433033 0.417151 0.498957 0.621124 0.927734
0 0.791739 0.421996 0.370986 0.462209 0.807617
0 0.427216 0.600775 0.464056 0.385659 0.172119
0 0.906138 0.726502 0.175798 0.295058 0.162964
0 0.422692 0.505814 0.473105 0.534884 0.132324
0 0.904199 0.607558 0.178384 0.527132 0.127197
0 0.813068 0.494186 0.336085 0.315891 0.0723877
0 0.56165 0.419574 0.782045 0.587209 0.0670776
0 0.766371 0.409399 0.44499 0.562985 0.0646362
0 0.898382 0.503028 0.19131 0.749758 0.064209
0 0.929405 0.758721 0.129264 0.255814 0.0490417
0 0.641147 0.720688 0.157702 0.260174 0.0446777
0 0.930051 0.538275 0.1228 0.681202 0.0424805
0 0.78059 0.500969 0.421722 0.777132 0.0392761
0 0.654074 0.758721 0.14736 0.187985 0.0389709
0 0.533212 0.41376 0.390376 0.616279 0.0379639
0 0.636623 0.631783 0.175798 0.327519 0.0375366
0 0.888687 0.75969 0.182262 0.217054 0.0374756
0 0.74068 0.356589 0.310233 0.364341 0.0335388
0 0.6384 0.547481 0.165781 0.29845 0.0309601
0 0.310798 0.719961 0.170789 0.217054 0.0306702
0 0.824702 0.483043 0.330915 0.677326 0.0289764
0 0.871237 0.612403 0.245601 0.55814 0.0261993
0 0.783337 0.333333 0.403302 0.666667 0.0241394
0 0.633391 0.611434 0.161579 0.180233 0.0209656
0 0.652781 0.790698 0.139605 0.135659 0.0195312
0 0.336408 0.75969 0.113752 0.135659 0.0194244
0 0.638724 0.775194 0.136696 0.149225 0.0187225
0 0.645672 0.415213 0.109874 0.0949612 0.0183411
0 0.885455 0.694767 0.201651 0.341085 0.0167847
0 0.308859 0.746124 0.153985 0.153101 0.0156708
0 0.3642 0.609012 0.408473 0.421512 0.0152512
0 0.937807 0.432171 0.0943624 0.160853 0.0151901
0 0.678634 0.627423 0.223626 0.485465 0.0146713
0 0.656821 0.343992 0.64858 0.687985 0.0143356
0 0.673463 0.182171 0.0646318 0.0697674 0.0141754
0 0.935868 0.395349 0.108581 0.296512 0.0132217
0 0.882224 0.38469 0.202944 0.403101 0.0130234
0 0.641147 0.483527 0.193895 0.75 0.0127716
0 0.90718 0.582364 0.18564 0.637597 0.0127258
0 0.925527 0.57655 0.131849 0.496124 0.0125732
0 0.447575 0.534399 0.456947 0.351744 0.0125275
0 0.654074 0.437985 0.137019 0.193798 0.0115967
0 0.912601 0.60562 0.137019 0.0910853 0.0115051
0 0.614648 0.409884 0.0633391 0.0794574 0.0112
0 0.168043 0.506783 0.124093 0.129845 0.0104065
0 0.228958 0.517926 0.0584918 0.135659 0.0101318
0 0.933283 0.482558 0.108581 0.213178 0.00963593
0 0.301184 0.687985 0.185493 0.271318 0.00959778
0 0.74779 0.281008 0.178384 0.228682 0.00948334
0 0.815007 0.426841 0.320574 0.483527 0.917969
0 0.439819 0.470082 0.526749 0.67999 0.73877
0 0.805958 0.537306 0.386498 0.754845 0.230957
0 0.793032 0.665698 0.40718 0.525194 0.126831
0 0.133949 0.626938 0.267899 0.391473 0.121277
0 0.435295 0.407461 0.416875 0.541667 0.0910645
0 0.798203 0.319767 0.399424 0.639535 0.0582275
0 0.758777 0.368217 0.227504 0.374031 0.0512695
0 0.309263 0.609496 0.230089 0.405039 0.0484924
0 0.385771 0.375969 0.575384 0.751938 0.0473328
0 0.343195 0.479651 0.656659 0.753876 0.0473328
0 0.813068 0.72093 0.354182 0.379845 0.0387573
0 0.76007 0.331395 0.160287 0.284884 0.0385437
0 0.391345 0.623062 0.677987 0.74031 0.0360107
0 0.839567 0.645349 0.299892 0.445736 0.0359497
0 0.151723 0.693798 0.303446 0.54845 0.035614
0 0.221364 0.205426 0.332854 0.292636 0.0340881
0 0.787288 0.73813 0.425423 0.438469 0.0273285
0 0.734379 0.429142 0.50639 0.601017 0.0269165
0 0.44402 0.705184 0.567467 0.574128 0.0269165
0 0.639693 0.565407 0.186463 0.297481 0.0259094
0 0.494999 0.60126 0.63226 0.735465 0.0233307
0 0.228797 0.672238 0.457593 0.531492 0.0230713
0 0.223949 0.527132 0.0542907 0.156977 0.0208893
0 0.288904 0.568798 0.193895 0.313954 0.0205688
0 0.774289 0.296512 0.177091 0.226744 0.0195618
0 0.662476 0.685804 0.660537 0.578004 0.0195618
0 0.625636 0.416667 0.0517054 0.0755814 0.0190887
0 0.632099 0.625 0.184847 0.265504 0.0188751
0 0.717413 0.360465 0.266283 0.405039 0.0183411
0 0.328329 0.704457 0.656659 0.579457 0.0175781
0 0.673463 0.185078 0.0555834 0.0678294 0.0170441
0 0.161579 0.658915 0.323159 0.343023 0.0164032
0 0.217648 0.209181 0.297629 0.201793 0.0163422
0 0.840213 0.201793 0.297306 0.403585 0.0161591
0 0.186463 0.511143 0.372925 0.830426 0.0153656
0 0.818238 0.354651 0.312818 0.344961 0.0147324
0 0.219748 0.343508 0.338671 0.466085 0.0141144
0 0.748436 0.415698 0.173213 0.405039 0.0136871
0 0.311525 0.689923 0.268222 0.296512 0.0132217
0 0.42657 0.304264 0.25982 0.319767 0.012825
0 0.223949 0.506783 0.0607539 0.164729 0.0126266
0 0.663122 0.347868 0.648903 0.695736 0.0124283
0 0.226858 0.657219 0.0607539 0.13905 0.0122375
0 0.669585 0.370155 0.168043 0.290698 0.0115967
0 0.227989 0.571221 0.0636623 0.227713 0.0115051
0 0.682512 0.205911 0.0930698 0.0862403 0.0104065
0 0.816946 0.289244 0.294721 0.238372 0.0103302
0 0.20359 0.12936 0.179676 0.15407 0.0100098
0 0.553571 0.664486 0.335439 0.349322 0.00959778
0 0.452422 0.44719 0.509299 0.609496 0.916992
0 0.822116 0.432171 0.316696 0.48062 0.84082
0 0.550017 0.419089 0.783337 0.640504 0.0254669
0 0.792386 0.368217 0.230089 0.380814 0.0236053
0 0.640501 0.499031 0.160287 0.228682 0.0195618
0 0.633391 0.424903 0.0775581 0.0930233 0.0192719
0 0.718059 0.424903 0.0607538 0.124031 0.0162811
0 0.451211 0.584787 0.551794 0.830426 0.0151291
0 0.831165 0.503392 0.28438 0.311047 0.0145035
0 0.749729 0.337209 0.190017 0.313954 0.0141144
0 0.657952 0.452519 0.121508 0.135659 0.0140076
0 0.396516 0.419574 0.3949 0.492248 0.0126266
0 0.406857 0.537306 0.437557 0.499031 0.0124283
0 0.692206 0.570252 0.581686 0.762597 0.0122375
0 0.819281 0.339268 0.361438 0.654797 0.0113754
0 0.452746 0.697674 0.631453 0.587209 0.00714874
0 0.350304 0.417636 0.0478275 0.0465116 0.00616837
0 0.459209 0.347868 0.29666 0.383721 0.00595856
0 0.621758 0.416182 0.0698023 0.0804264 0.00568771
0 0.390053 0.755814 0.656013 0.48062 0.0055542
0 0.717413 0.389535 0.263698 0.420543 0.00551224
0 0.631453 0.550388 0.188725 0.327519 0.00538635
0 0.403949 0.663033 0.448545 0.503392 0.00526047
0 0.22912 0.533915 0.0633391 0.137597 0.00519943
0 0.579747 0.699855 0.801434 0.573159 0.00519943
0 0.937161 0.478682 0.0982403 0.158915 0.00428009
0 0.885455 0.500485 0.196481 0.247093 0.00408554
0 0.644379 0.399225 0.129264 0.195736 0.00405502
0 0.36517 0.364826 0.641147 0.719961 0.00400543
0 0.830518 0.588178 0.303769 0.327519 0.00383949
0 0.751183 0.527132 0.45727 0.680233 0.00374985
0 0.920357 0.452035 0.121508 0.143411 0.0037365
0 0.232674 0.555717 0.0698023 0.192829 0.00362206
0 0.90226 0.545543 0.160287 0.246124 0.00356483
0 0.875114 0.408915 0.217163 0.424419 0.00342941
0 0.782045 0.262597 0.14736 0.162791 0.00331116
0 0.232674 0.619186 0.0672171 0.153101 0.00321007
0 0.935868 0.45155 0.104703 0.244186 0.00283432
0 0.931344 0.533915 0.125386 0.281008 0.00282288
0 0.774935 0.286822 0.158994 0.217054 0.00279999
0 0.298276 0.71657 0.532566 0.56686 0.00265312
0 0.640016 0.555233 0.154793 0.263566 0.00263214
0 0.673463 0.181686 0.056876 0.0649225 0.00259018
0 0.682673 0.386749 0.633068 0.619913 0.00257111
0 0.440142 0.309109 0.250771 0.323643 0.00239754
0 0.840213 0.563954 0.276624 0.228682 0.00233269
0 0.923588 0.39438 0.130556 0.313954 0.00226974
0 0.175798 0.56686 0.188725 0.26938 0.00216484
0 0.893211 0.597384 0.138312 0.140504 0.00209045
0 0.269838 0.666667 0.137019 0.236434 0.0020752
