0 0.724879 0.504761 0.550243 0.900635 0.345947
0 0.865669 0.193848 0.268162 0.387695 0.0970459
0 0.898663 0.226318 0.202673 0.319824 0.0758667
0 0.85538 0.535156 0.28924 0.925781 0.0366211
0 0.743955 0.706055 0.50378 0.556641 0.0324707
0 0.438692 0.165405 0.413959 0.330811 0.026062
0 0.467006 0.298096 0.413308 0.541504 0.0246124
0 0.871001 0.433594 0.257998 0.729492 0.0228424
0 0.624643 0.342529 0.750713 0.64502 0.0218658
0 0.777149 0.760742 0.432184 0.431641 0.0192413
0 0.651655 0.523315 0.69669 0.949463 0.0147324
0 0.696077 0.493164 0.607845 0.986328 0.014389
0 0.860587 0.69043 0.278826 0.568359 0.0132217
0 0.645835 0.456055 0.689606 0.865234 0.0123367
0 0.426651 0.23999 0.41461 0.435059 0.0121002
0 0.522005 0.322266 0.484254 0.611328 0.0105667
0 0.549467 0.5 0.901066 1 0.00861359
0 0.610649 0.538086 0.778701 0.923828 0.00844574
0 0.706003 0.499512 0.587994 0.999023 0.00725937
0 0.5 0.5 1 1 0.00671768
0 0.5 0.5 1 1 0.00643921
0 0.623016 0.5 0.753968 1 0.00636292
0 0.5 0.5 1 1 0.00584412
0 0.866445 0.501465 0.26711 0.90918 0.00577545
0 0.5 0.5 1 1 0.00557709
0 0.498899 0.201904 0.431533 0.403809 0.00542831
0 0.5 0.5 1 1 0.0053215
0 0.874581 0.408203 0.250838 0.641602 0.00524139
0 0.516272 0.503906 0.967456 0.992188 0.00524139
0 0.5 0.5 1 1 0.00508118
0 0.512204 0.5 0.975592 1 0.00492477
0 0.81112 0.189453 0.37776 0.378906 0.00466537
0 0.816853 0.708984 0.360587 0.509766 0.00460815
0 0.843539 0.658203 0.304611 0.431641 0.00453949
0 0.657187 0.204163 0.685625 0.408081 0.00382423
0 0.5 0.5 1 1 0.003088
0 0.5 0.5 1 1 0.00273705
0 0.763481 0.833008 0.463426 0.324219 0.00271416
0 0.856682 0.776367 0.286637 0.410156 0.00266266
0 0.869048 0.242432 0.261903 0.36084 0.00256157
0 0.347244 0.316895 0.68147 0.618164 0.00234985
0 0.483278 0.145264 0.31828 0.290527 0.00226974
0 0.78496 0.790039 0.341061 0.414062 0.00221634
0 0.0365306 0.475586 0.0642743 0.179688 0.00219154
0 0.683423 0.916016 0.147099 0.144531 0.00208282
0 0.71076 0.90918 0.177039 0.166016 0.00201035
0 0.67053 0.185791 0.658939 0.371582 0.00201035
0 0.62761 0.72168 0.275647 0.326172 0.00198746
0 0.537626 0.253906 0.195264 0.300781 0.00194931
0 0.880113 0.631348 0.239773 0.321289 0.00194931
0 0.717106 0.604492 0.526236 0.783203 0.323486
0 0.708281 0.518433 0.583438 0.963135 0.131348
0 0.469935 0.222168 0.39964 0.418945 0.0932007
0 0.85135 0.205566 0.0781055 0.125488 0.0891113
0 0.789028 0.5 0.418841 1 0.0713501
0 0.820107 0.227295 0.317629 0.38623 0.0584412
0 0.266209 0.228516 0.0605317 0.0800781 0.053009
0 0.536324 0.224609 0.402243 0.449219 0.0467224
0 0.0314049 0.456543 0.0598809 0.100586 0.0383911
0 0.510615 0.19458 0.240174 0.38916 0.0378113
0 0.687328 0.780273 0.403545 0.439453 0.0360107
0 0.637498 0.5 0.725004 1 0.0358276
0 0.0731425 0.614258 0.0659015 0.0742188 0.0302124
0 0.496295 0.5 0.566916 1 0.0297089
0 0.546413 0.283936 0.108697 0.182129 0.0291443
0 0.539579 0.719727 0.104141 0.150391 0.0280151
0 0.865018 0.245361 0.110649 0.290527 0.0269165
0 0.322836 0.967773 0.0559756 0.0644531 0.0257568
0 0.885195 0.209717 0.197867 0.348145 0.0252228
0 0.495319 0.191833 0.122365 0.375122 0.0239563
0 0.513869 0.329102 0.0794072 0.115234 0.0226746
0 0.352451 0.737305 0.075502 0.115234 0.0222015
0 0.336586 0.213318 0.66113 0.401489 0.0219879
0 0.562685 0.313477 0.0683423 0.126953 0.0187225
0 0.358553 0.5 0.625006 1 0.0181274
0 0.670405 0.857422 0.124969 0.285156 0.0175171
0 0.855255 0.209045 0.114555 0.270386 0.0165863
0 0.487834 0.335938 0.0618335 0.100586 0.0156708
0 0.65153 0.835449 0.109348 0.329102 0.0155411
0 0.0332762 0.442871 0.0662269 0.135742 0.012825
0 0.426977 0.105957 0.0833125 0.200195 0.0127258
0 0.704251 0.761719 0.197867 0.476562 0.0120544
0 0.384669 0.142822 0.0768037 0.112793 0.011734
0 0.654133 0.230469 0.652181 0.460938 0.0112915
0 0.594903 0.324463 0.0768037 0.128418 0.0110703
0 0.900816 0.225342 0.141892 0.193848 0.0108185
0 0.544786 0.719727 0.123667 0.198242 0.00993347
0 0.361563 0.151611 0.0657388 0.12207 0.00967407
0 0.572773 0.291016 0.128874 0.188477 0.00844574
0 0.979698 0.158142 0.0406045 0.0782471 0.00803375
0 0.919692 0.0942383 0.0572773 0.0654297 0.00712204
0 0.299404 0.16626 0.114555 0.279785 0.00712204
0 0.835729 0.189453 0.161418 0.378906 0.00706482
0 0.744443 0.708008 0.476769 0.583984 0.00706482
0 0.686802 0.5 0.626396 1 0.00669098
0 0.663897 0.898193 0.0950283 0.180176 0.00666809
0 0.515621 0.5 0.968758 1 0.00651169
0 0.245381 0.204834 0.0650879 0.120605 0.00624084
0 0.633793 0.823242 0.328368 0.353516 0.006073
0 0.531893 0.5 0.936214 1 0.006073
0 0.760877 0.615723 0.460822 0.676758 0.993164
0 0.774183 0.70752 0.451635 0.518555 0.728027
0 0.749612 0.526855 0.500776 0.936523 0.533203
0 0.895609 0.213135 0.208281 0.318359 0.500977
0 0.246683 0.324219 0.387924 0.548828 0.254639
0 0.344315 0.334717 0.5923 0.640137 0.237183
0 0.47384 0.191406 0.344966 0.369141 0.195557
0 0.551294 0.362793 0.337155 0.370117 0.180054
0 0.327067 0.972656 0.0527212 0.0546875 0.168823
0 0.367665 0.156311 0.267023 0.309448 0.125488
0 0.523307 0.194336 0.283783 0.388672 0.116333
0 0.350092 0.190186 0.326904 0.374512 0.106323
0 0.41583 0.192383 0.343827 0.378906 0.105957
0 0.389551 0.243652 0.648926 0.487305 0.102844
0 0.127247 0.153564 0.254494 0.307129 0.0875854
0 0.30453 0.124023 0.254005 0.248047 0.0800781
0 0.419166 0.374512 0.812297 0.749023 0.0783691
0 0.527863 0.197815 0.206979 0.342651 0.0747681
0 0.499224 0.204102 0.459521 0.40625 0.0689087
0 0.583188 0.298584 0.239523 0.181152 0.0675659
0 0.615894 0.351807 0.291268 0.337402 0.0656128
0 0.564312 0.264648 0.208281 0.210938 0.0614319
0 0.523307 0.425781 0.35538 0.519531 0.0611877
0 0.18485 0.334229 0.265559 0.531738 0.0587769
0 0.643719 0.483521 0.551945 0.952881 0.0534973
0 0.548691 0.4104 0.700346 0.820801 0.0514526
0 0.326172 0.292969 0.378649 0.47168 0.0469055
0 0.344315 0.132874 0.224553 0.261597 0.0438538
0 0.164347 0.435547 0.237571 0.364258 0.0409851
0 0.547064 0.706055 0.115206 0.160156 0.0349426
0 0.900816 0.167542 0.161418 0.196167 0.0313721
0 0.601412 0.634766 0.219997 0.379883 0.0313721
0 0.33325 0.977539 0.0598809 0.0449219 0.031311
0 0.224879 0.112305 0.138637 0.20459 0.0290375
0 0.578957 0.689453 0.171181 0.238281 0.0273743
0 0.863065 0.217224 0.262955 0.350708 0.0254669
0 0.855255 0.254822 0.157513 0.269653 0.023819
0 0.42177 0.127014 0.307215 0.251831 0.0235596
0 0.604178 0.281006 0.520378 0.54834 0.0235138
0 0.299079 0.268799 0.521354 0.537598 0.0233307
0 0.571797 0.188232 0.263606 0.368652 0.021286
0 0.402894 0.177612 0.559756 0.355225 0.0196381
0 0.617196 0.521973 0.265233 0.536133 0.0196075
0 0.497922 0.256592 0.110649 0.246582 0.0182648
0 0.194287 0.113525 0.123667 0.203613 0.0181274
0 0.980349 0.0358887 0.0393027 0.0571289 0.016922
0 0.262304 0.109375 0.232364 0.215332 0.0165253
0 0.672483 0.408203 0.655034 0.788086 0.0158997
0 0.643844 0.554199 0.712312 0.891602 0.0153046
0 0.288339 0.229004 0.413959 0.458008 0.0149536
0 0.638637 0.523804 0.722726 0.952393 0.521484
0 0.7872 0.594727 0.425599 0.787109 0.330322
0 0.323161 0.969238 0.0572773 0.0615234 0.187134
0 0.788865 0.756836 0.38532 0.482422 0.093689
0 0.679518 0.760742 0.0546738 0.078125 0.0369873
0 0.695264 0.390625 0.609473 0.770508 0.0312042
0 0.609223 0.893555 0.0364492 0.0742188 0.0295868
0 0.551294 0.479492 0.676914 0.958984 0.02948
0 0.682121 0.748535 0.0598809 0.078125 0.0239105
0 0.572773 0.578613 0.590998 0.842773 0.0239105
0 0.738059 0.467773 0.523882 0.935547 0.0217438
0 0.0781055 0.600586 0.0781055 0.0996094 0.0208435
0 0.0904722 0.531738 0.072573 0.224609 0.0170441
0 0.675612 0.818359 0.0937266 0.21875 0.0167236
0 0.138312 0.509766 0.137986 0.251953 0.0164032
0 0.552884 0.481445 0.894232 0.962891 0.0156708
0 0.137824 0.521973 0.271091 0.324219 0.0154877
0 0.183589 0.497192 0.270684 0.2771 0.0153046
0 0.887799 0.240723 0.177039 0.250488 0.0149536
0 0.0472701 0.50293 0.0945402 0.220703 0.0145035
0 0.886497 0.218018 0.197867 0.339355 0.0139542
0 0.0667151 0.533691 0.113904 0.233398 0.0131226
0 0.536975 0.723633 0.100235 0.150391 0.0120087
0 0.370676 0.156189 0.0781055 0.103638 0.0119629
0 0.861764 0.695312 0.270766 0.544922 0.0118713
0 0.663897 0.864258 0.153607 0.208984 0.0114212
0 0.224228 0.150452 0.0722476 0.100464 0.011116
0 0.342037 0.888672 0.0976318 0.21875 0.0110703
0 0.606619 0.78125 0.24473 0.339844 0.00993347
0 0.674311 0.850098 0.158814 0.299805 0.00955963
0 0.604667 0.391113 0.304611 0.329102 0.00948334
0 0.340084 0.924561 0.0956792 0.150879 0.00933838
0 0.376208 0.490234 0.701648 0.980469 0.00923157
0 0.482627 0.73584 0.384669 0.491211 0.00919342
0 0.305181 0.151855 0.178504 0.256836 0.00891876
0 0.579933 0.739746 0.186151 0.185547 0.00891876
0 0.88129 0.160095 0.156211 0.234497 0.00878143
0 0.664547 0.901611 0.108046 0.196777 0.00867462
0 0.106175 0.641602 0.212349 0.716797 0.008255
0 0.330321 0.141602 0.19982 0.283203 0.00793457
0 0.0691559 0.580078 0.138312 0.839844 0.00772476
0 0.145309 0.474121 0.153607 0.275391 0.00757599
0 0.865669 0.314453 0.111951 0.173828 0.00743103
0 0.15198 0.693359 0.30396 0.568359 0.00743103
0 0.502479 0.646484 0.42177 0.685547 0.00734711
0 0.585791 0.724609 0.203074 0.310547 0.00717545
0 0.26263 0.222168 0.0566265 0.09375 0.0069313
0 0.0364085 0.434082 0.0728171 0.138672 0.00664139
0 0.353427 0.828125 0.124318 0.34375 0.00653839
0 0.0140753 0.685425 0.0281505 0.62915 0.00621796
0 0.735781 0.536133 0.528438 0.857422 0.879883
0 0.893006 0.21167 0.190057 0.325684 0.282959
0 0.811646 0.540527 0.374906 0.842773 0.136353
0 0.322836 0.967773 0.0546738 0.0644531 0.135254
0 0.898213 0.253357 0.174436 0.272583 0.131226
0 0.601537 0.47168 0.796926 0.943359 0.120667
0 0.335528 0.249023 0.617684 0.498047 0.0687866
0 0.495319 0.201904 0.222601 0.359863 0.0560303
0 0.371326 0.226074 0.31828 0.357422 0.0465393
0 0.447479 0.23291 0.557803 0.46582 0.0437012
0 0.872829 0.174072 0.179643 0.302246 0.0409241
0 0.423071 0.20697 0.359285 0.382935 0.0380249
0 0.514845 0.210022 0.16272 0.345581 0.0377502
0 0.87348 0.255127 0.23692 0.500488 0.0324707
0 0.790129 0.742188 0.419741 0.439453 0.0310211
0 0.543484 0.293945 0.712062 0.587891 0.0295868
0 0.221624 0.141602 0.0728984 0.104004 0.0276947
0 0.617684 0.379028 0.253843 0.304443 0.0270081
0 0.354729 0.220642 0.255145 0.303833 0.0237274
0 0.866971 0.235107 0.210885 0.309082 0.0203705
0 0.329345 0.960449 0.0702949 0.0791016 0.0193787
0 0.077536 0.602051 0.0616708 0.078125 0.0188751
0 0.534697 0.297607 0.136034 0.159668 0.0175781
0 0.0846549 0.59668 0.0637048 0.0917969 0.0161591
0 0.290943 0.402466 0.497272 0.468506 0.0155411
0 0.513869 0.28418 0.163371 0.200195 0.0142822
0 0.474491 0.236267 0.243429 0.338013 0.0135345
0 0.0585791 0.951172 0.0820107 0.09375 0.0134277
0 0.722638 0.476074 0.424048 0.510742 0.0133286
0 0.359936 0.156189 0.230411 0.279419 0.0132751
0 0.432102 0.417969 0.640628 0.835938 0.0131226
0 0.535999 0.39209 0.310469 0.37207 0.0123367
0 0.964603 0.584961 0.0702949 0.335938 0.0118713
0 0.573424 0.263184 0.217394 0.259766 0.011467
0 0.907325 0.322205 0.182246 0.494263 0.0111618
0 0.346918 0.139221 0.141241 0.174683 0.0109024
0 0.909929 0.221191 0.179643 0.40332 0.0109024
0 0.273695 0.17749 0.31112 0.327637 0.0102463
0 0.532419 0.187927 0.256446 0.368286 0.0100555
0 0.62562 0.5 0.748761 1 0.00993347
0 0.241964 0.510254 0.390853 0.322266 0.00985718
0 0.560732 0.458496 0.313073 0.510742 0.00912476
0 0.917739 0.352539 0.160116 0.648438 0.0088501
0 0.954189 0.614258 0.085916 0.134766 0.0085144
0 0.20584 0.13501 0.108371 0.155762 0.00837708
0 0.679518 0.412109 0.367096 0.369141 0.008255
0 0.329996 0.935547 0.0742002 0.121094 0.00821686
0 0.154421 0.493652 0.236594 0.323242 0.00806427
0 0.332599 0.375854 0.567566 0.748291 0.00803375
0 0.315676 0.191895 0.631353 0.383789 0.00796509
0 0.79615 0.672974 0.4077 0.650146 0.494141
0 0.761328 0.510864 0.477344 0.935303 0.467773
0 0.551294 0.216797 0.227808 0.328125 0.313965
0 0.895609 0.20697 0.200471 0.263794 0.123352
0 0.727645 0.61145 0.54471 0.7771 0.105957
0 0.785611 0.359863 0.426977 0.614258 0.0951538
0 0.233177 0.151306 0.0400291 0.0596924 0.0875854
0 0.557803 0.197266 0.279878 0.394531 0.0847778
0 0.323161 0.975586 0.0455615 0.0488281 0.0769653
0 0.818155 0.741211 0.36319 0.513672 0.0690308
0 0.541531 0.703613 0.123667 0.217773 0.0534058
0 0.515822 0.234863 0.14775 0.277344 0.0507202
0 0.870876 0.23877 0.252541 0.324219 0.0505066
0 0.528188 0.716309 0.0930757 0.149414 0.0501404
0 0.753718 0.47168 0.380113 0.473633 0.0486755
0 0.528514 0.265137 0.160116 0.240234 0.0477905
0 0.558454 0.717773 0.165323 0.264648 0.0456848
0 0.645021 0.344971 0.205678 0.224121 0.041626
0 0.5923 0.740234 0.242127 0.492188 0.0403137
0 0.55878 0.281494 0.197216 0.20166 0.0391846
0 0.582211 0.797852 0.223251 0.365234 0.0374756
0 0.852651 0.270752 0.294197 0.397949 0.0362244
0 0.877385 0.192627 0.164021 0.205566 0.0353394
0 0.704251 0.438354 0.28899 0.383057 0.0288086
0 0.595554 0.308594 0.216092 0.19043 0.0283813
0 0.362214 0.15625 0.0390527 0.0517578 0.0282745
0 0.633956 0.30542 0.153607 0.187012 0.0279541
0 0.58693 0.273926 0.258074 0.242188 0.0273285
0 0.37035 0.238037 0.271417 0.362793 0.0269165
0 0.671707 0.414062 0.257748 0.34375 0.0265045
0 0.659991 0.38269 0.188755 0.277588 0.0252228
0 0.609223 0.644043 0.246032 0.477539 0.0231476
0 0.713363 0.516113 0.357983 0.581055 0.0225372
0 0.590347 0.676758 0.206979 0.324219 0.0223694
0 0.396385 0.167725 0.085916 0.097168 0.0209198
0 0.576028 0.642578 0.295499 0.683594 0.0208435
0 0.211861 0.717773 0.37751 0.509766 0.0207214
0 0.604016 0.591309 0.459521 0.74707 0.0200958
0 0.615894 0.572754 0.267837 0.651367 0.0192719
0 0.630051 0.791992 0.167927 0.416016 0.0179901
0 0.209908 0.148682 0.0820107 0.137207 0.0175171
0 0.877385 0.158936 0.137986 0.198242 0.0160217
0 0.17769 0.493042 0.185501 0.289307 0.0158997
0 0.21418 0.449341 0.270033 0.392334 0.0150146
0 0.783007 0.796387 0.425675 0.407227 0.0147858
0 0.737934 0.739258 0.515822 0.521484 0.0142288
0 0.611989 0.408203 0.267837 0.353516 0.0138474
0 0.435438 0.180176 0.0501177 0.137207 0.0132217
0 0.330321 0.972656 0.0618335 0.0546875 0.012825
0 0.502804 0.311035 0.106093 0.163086 0.0126266
0 0.74587 0.547852 0.508261 0.884766 0.85791
0 0.733177 0.407715 0.533645 0.786133 0.0305634
0 0.323487 0.970703 0.0520703 0.0507812 0.0274353
0 0.60727 0.517578 0.540229 0.783203 0.0204468
0 0.551294 0.416504 0.652181 0.832031 0.0149536
0 0.460497 0.332764 0.617684 0.665527 0.0105667
0 0.379462 0.149414 0.0585791 0.0595703 0.00898743
0 0.619799 0.544067 0.312096 0.616943 0.0085144
0 0.678867 0.545776 0.36319 0.595947 0.0085144
0 0.539579 0.208984 0.0572773 0.0830078 0.00746155
0 0.645835 0.645508 0.421444 0.685547 0.00720596
0 0.655923 0.422729 0.219021 0.328369 0.00701141
0 0.639 0.394409 0.276298 0.312744 0.00679779
0 0.497272 0.230225 0.17053 0.273438 0.00653839
0 0.794848 0.713867 0.410304 0.564453 0.00634003
0 0.566265 0.535278 0.331948 0.607178 0.00600433
0 0.367096 0.146973 0.0507686 0.0615234 0.00593567
0 0.231062 0.143555 0.054023 0.0668945 0.00591278
0 0.427302 0.160889 0.0423071 0.0698242 0.00547028
0 0.588557 0.407715 0.312096 0.337891 0.00547028
0 0.890402 0.234131 0.203074 0.30127 0.00457382
0 0.531443 0.25708 0.242778 0.280762 0.00450516
0 0.719221 0.746582 0.553247 0.50293 0.00446701
0 0.850824 0.670898 0.298353 0.59375 0.00445175
0 0.355054 0.316895 0.6294 0.625 0.00441742
0 0.535999 0.657227 0.500526 0.654297 0.00415039
0 0.258724 0.81543 0.339759 0.363281 0.00411606
0 0.53307 0.295166 0.180944 0.175293 0.00408554
0 0.469935 0.332275 0.0637861 0.0952148 0.00407028
0 0.407776 0.449341 0.67366 0.880615 0.00400543
0 0.5002 0.19458 0.19982 0.286621 0.00387001
0 0.507035 0.179138 0.134081 0.151489 0.00376511
0 0.487834 0.293457 0.113253 0.166992 0.00367928
0 0.827067 0.522583 0.345867 0.950928 0.00363541
0 0.566265 0.314941 0.124969 0.138672 0.00344276
0 0.67187 0.501465 0.283458 0.495117 0.00341606
0 0.635421 0.777832 0.384995 0.444336 0.00340271
0 0.890402 0.2229 0.195264 0.202637 0.00335121
0 0.919692 0.326416 0.135383 0.11377 0.00324821
0 0.42958 0.224121 0.361889 0.320312 0.00323486
0 0.208281 0.371094 0.358634 0.53125 0.00323486
0 0.478396 0.210693 0.265559 0.30127 0.00319672
0 0.968508 0.467285 0.0624844 0.112305 0.00318527
0 0.523307 0.505737 0.283783 0.549072 0.00311089
0 0.415179 0.613403 0.596368 0.736084 0.00302696
0 0.0312422 0.45166 0.0585791 0.0908203 0.00292397
0 0.766735 0.52063 0.23692 0.523193 0.00286674
0 0.242127 0.862305 0.380113 0.255859 0.00283432
0 0.58693 0.324707 0.232038 0.226562 0.00282288
0 0.300055 0.612305 0.447805 0.712891 0.00275803
