0 0.626308 0.585815 0.707831 0.7854 0.368408
0 0.529815 0.651367 0.617033 0.679688 0.286865
0 0.567892 0.61377 0.379462 0.602539 0.123352
0 0.719221 0.6875 0.519401 0.578125 0.0469971
0 0.50435 0.529297 0.518262 0.941406 0.0467224
0 0.966355 0.520508 0.0672905 0.0976562 0.0386047
0 0.841711 0.722656 0.316577 0.515625 0.0379639
0 0.588395 0.527832 0.335854 0.348633 0.0354004
0 0.62383 0.499512 0.752341 0.999023 0.03125
0 0.967982 0.492676 0.0640361 0.107422 0.0306244
0 0.952361 0.518555 0.0952783 0.128906 0.0236969
0 0.62741 0.551636 0.745181 0.896729 0.0142288
0 0.834427 0.605957 0.179643 0.250977 0.0136337
0 0.857858 0.62793 0.127572 0.208984 0.0119629
0 0.654096 0.571777 0.691809 0.856445 0.0110703
0 0.394107 0.524414 0.526561 0.951172 0.00971222
0 0.169229 0.163452 0.269464 0.326904 0.00812531
0 0.5 0.5 1 1 0.00793457
0 0.786262 0.536621 0.283783 0.390625 0.00787354
0 0.658689 0.473145 0.679518 0.850586 0.00760651
0 0.423397 0.671387 0.689281 0.657227 0.00712204
0 0.533846 0.5 0.932309 1 0.0069046
0 0.182734 0.714844 0.309493 0.552734 0.00677109
0 0.5 0.5 1 1 0.00674438
0 0.169513 0.86084 0.272149 0.27832 0.00653839
0 0.860587 0.522339 0.278826 0.797119 0.00598145
0 0.904847 0.549805 0.190307 0.316406 0.00595856
0 0.502479 0.499023 0.38532 0.957031 0.00577545
0 0.5 0.5 1 1 0.00575256
0 0.271986 0.535156 0.0704576 0.0917969 0.00542831
0 0.593727 0.5 0.812547 1 0.0053215
0 0.118948 0.155762 0.229435 0.311523 0.00530243
0 0.531568 0.5 0.936865 1 0.00502014
0 0.579282 0.5 0.650879 1 0.00500107
0 0.5 0.5 1 1 0.00494385
0 0.896911 0.592773 0.197867 0.285156 0.00486755
0 0.587256 0.488281 0.283458 0.279297 0.00484848
0 0.934662 0.537109 0.124969 0.155273 0.00468063
0 0.192009 0.780762 0.0670405 0.0996094 0.00460815
0 0.5 0.504028 1 0.991943 0.00443268
0 0.458219 0.925537 0.119762 0.125488 0.00441742
0 0.834427 0.648438 0.260352 0.375 0.00415039
0 0.194938 0.170349 0.193311 0.331177 0.00399017
0 0.559105 0.159912 0.222601 0.319824 0.00387001
0 0.870025 0.84375 0.259951 0.306641 0.00374985
0 0.5 0.5 1 1 0.00370789
0 0.148726 0.822266 0.261002 0.347656 0.00367928
0 0.474816 0.913086 0.1484 0.166016 0.00346947
0 0.5 0.5 1 1 0.00342941
0 0.195264 0.855469 0.196565 0.283203 0.00325966
0 0.524608 0.696777 0.397036 0.543945 0.792969
0 0.85916 0.619629 0.109348 0.198242 0.26123
0 0.840936 0.629395 0.143193 0.22168 0.142212
0 0.618335 0.694824 0.583188 0.610352 0.11676
0 0.959521 0.487305 0.080959 0.148438 0.0778198
0 0.825965 0.613281 0.165323 0.267578 0.0558167
0 0.948456 0.494629 0.103089 0.174805 0.0528259
0 0.934662 0.52832 0.0624844 0.0917969 0.0460205
0 0.800581 0.777832 0.0598809 0.0917969 0.044342
0 0.889101 0.603516 0.106744 0.207031 0.0354919
0 0.343013 0.726562 0.0663897 0.0957031 0.0333862
0 0.499875 0.51416 0.490763 0.907227 0.0300446
0 0.140875 0.220642 0.266291 0.419067 0.0297089
0 0.491739 0.256775 0.332599 0.441528 0.0279083
0 0.112683 0.15918 0.225367 0.318359 0.0276337
0 0.145797 0.164551 0.203074 0.329102 0.0271149
0 0.65153 0.84375 0.0689932 0.103516 0.0261536
0 0.580584 0.647949 0.321534 0.571289 0.0219879
0 0.820107 0.611328 0.205678 0.330078 0.0212402
0 0.531117 0.760742 0.30331 0.474609 0.0208893
0 0.726544 0.643555 0.379788 0.662109 0.0201416
0 0.335528 0.900146 0.069644 0.133301 0.0174408
0 0.635258 0.5 0.693837 1 0.0173798
0 0.275973 0.516602 0.0735493 0.111328 0.0157776
0 0.446503 0.798828 0.128874 0.394531 0.0157166
0 0.461799 0.539062 0.108697 0.197266 0.0156708
0 0.45171 0.875977 0.100235 0.222656 0.0151901
0 0.512893 0.414062 0.42958 0.776367 0.01297
0 0.510615 0.53125 0.085916 0.1875 0.012825
0 0.786262 0.555664 0.294197 0.693359 0.0126266
0 0.443574 0.923828 0.0813599 0.140625 0.0125732
0 0.669104 0.830566 0.0963301 0.131836 0.0117798
0 0.341061 0.821777 0.0885195 0.303711 0.0115051
0 0.900816 0.550781 0.158814 0.203125 0.0112915
0 0.150028 0.5 0.300055 1 0.0111618
0 0.518876 0.51123 0.962249 0.977539 0.0111618
0 0.568342 0.498535 0.863315 0.99707 0.0109482
0 0.335528 0.780273 0.0676914 0.1875 0.0106964
0 0.513218 0.533203 0.0722476 0.155273 0.01017
0 0.783658 0.63623 0.106744 0.274414 0.0100098
0 0.480349 0.740234 0.205027 0.519531 0.0100098
0 0.325439 0.867188 0.0689932 0.123047 0.00993347
0 0.437716 0.539429 0.702298 0.921143 0.00985718
0 0.559756 0.5 0.705553 1 0.00971222
0 0.163208 0.197998 0.176714 0.268555 0.00941467
0 0.786262 0.78125 0.0598809 0.0976562 0.00941467
0 0.484335 0.710938 0.588232 0.578125 0.00937653
0 0.0491414 0.240723 0.0768037 0.139648 0.00818634
0 0.615081 0.490234 0.123667 0.199219 0.00809479
0 0.554549 0.699219 0.346268 0.443359 0.00800323
0 0.537951 0.614258 0.482301 0.611328 0.870605
0 0.812297 0.581055 0.199169 0.296875 0.780762
0 0.557478 0.618164 0.397687 0.515625 0.748535
0 0.948456 0.47998 0.103089 0.154297 0.57373
0 0.828569 0.616699 0.165323 0.22168 0.237183
0 0.861764 0.878906 0.197867 0.234375 0.223389
0 0.876083 0.922119 0.114555 0.155762 0.172119
0 0.384344 0.318787 0.278576 0.393677 0.171631
0 0.760877 0.0422363 0.0689932 0.0844727 0.144653
0 0.848746 0.77002 0.286387 0.43457 0.128052
0 0.886497 0.946289 0.0846143 0.107422 0.124634
0 0.143356 0.860352 0.223577 0.273438 0.118774
0 0.895609 0.880615 0.190057 0.230957 0.117188
0 0.139654 0.891357 0.164591 0.217285 0.110107
0 0.820107 0.688477 0.158814 0.21875 0.0963745
0 0.14238 0.82959 0.274996 0.31543 0.0838623
0 0.402569 0.283691 0.223902 0.282227 0.083313
0 0.818155 0.605957 0.147099 0.297852 0.0736694
0 0.193636 0.785156 0.0605317 0.0761719 0.0554199
0 0.93674 0.500977 0.126521 0.208984 0.0522461
0 0.90387 0.537109 0.192259 0.273438 0.0490417
0 0.834427 0.849609 0.222601 0.285156 0.0488586
0 0.635095 0.660645 0.682447 0.616211 0.0481262
0 0.44455 0.959961 0.0781055 0.0703125 0.0409851
0 0.516147 0.483398 0.520703 0.777344 0.0352783
0 0.353753 0.258057 0.58514 0.487793 0.0346985
0 0.350254 0.325928 0.532256 0.459473 0.0341797
0 0.200471 0.890625 0.154909 0.183594 0.0339661
0 0.388249 0.206055 0.684074 0.412109 0.033783
0 0.756972 0.555786 0.338457 0.462646 0.0317993
0 0.272393 0.513184 0.0709458 0.0986328 0.0297546
0 0.430556 0.516113 0.656737 0.817383 0.0290375
0 0.405172 0.248535 0.212837 0.205078 0.0255127
0 0.18306 0.881836 0.213814 0.207031 0.024704
0 0.424373 0.309326 0.200471 0.243652 0.0204163
0 0.275647 0.492188 0.0787564 0.104492 0.0195007
0 0.847444 0.621094 0.203074 0.265625 0.0188751
0 0.279227 0.297913 0.475142 0.480347 0.0175171
0 0.589534 0.46582 0.596531 0.880859 0.0171814
0 0.680782 0.519531 0.638437 0.923828 0.0164642
0 0.542182 0.555664 0.80709 0.888672 0.0164032
0 0.769339 0.953125 0.0624844 0.0742188 0.0160217
0 0.339108 0.890625 0.0820107 0.154297 0.0158997
0 0.3518 0.289551 0.351475 0.286133 0.0157776
0 0.200959 0.133667 0.269138 0.267334 0.0156708
0 0.813599 0.547852 0.14059 0.242188 0.0142288
0 0.285654 0.235352 0.358146 0.212891 0.0141754
0 0.400616 0.770996 0.218044 0.422852 0.014061
0 0.36913 0.375977 0.300543 0.37793 0.0139542
0 0.463426 0.237366 0.31112 0.32605 0.0138474
0 0.652181 0.649902 0.613128 0.618164 0.754883
0 0.577004 0.647949 0.372954 0.522461 0.398926
0 0.942923 0.486328 0.114154 0.19043 0.24585
0 0.161459 0.164673 0.184768 0.329346 0.158691
0 0.781055 0.543945 0.275973 0.463867 0.137085
0 0.822711 0.569336 0.205678 0.376953 0.135742
0 0.852651 0.638672 0.127572 0.222656 0.115967
0 0.839634 0.618164 0.164021 0.291016 0.103394
0 0.934011 0.568848 0.114555 0.24707 0.0806274
0 0.565939 0.686035 0.503129 0.606445 0.076416
0 0.415261 0.831055 0.238873 0.337891 0.0541992
0 0.72573 0.564941 0.512893 0.408203 0.0520325
0 0.359285 0.842285 0.135383 0.313477 0.0453491
0 0.342037 0.816895 0.0800581 0.250977 0.0451965
0 0.341711 0.751465 0.0742002 0.139648 0.0409241
0 0.130501 0.140991 0.261002 0.281982 0.0388184
0 0.94032 0.57666 0.119361 0.364258 0.0375977
0 0.292814 0.665039 0.168089 0.404297 0.0365601
0 0.348871 0.665039 0.109348 0.396484 0.0350037
0 0.904847 0.578125 0.190307 0.353516 0.0326538
0 0.320232 0.659668 0.123667 0.374023 0.0293732
0 0.304693 0.643555 0.123504 0.328125 0.0277405
0 0.676876 0.482422 0.646247 0.685547 0.0268555
0 0.15198 0.22998 0.21479 0.459961 0.0244293
0 0.180293 0.210938 0.169879 0.26416 0.024231
0 0.30453 0.818359 0.278739 0.363281 0.0239105
0 0.453663 0.876953 0.123667 0.246094 0.0222473
0 0.813599 0.506714 0.179643 0.545166 0.0221558
0 0.945201 0.398926 0.109598 0.413086 0.0220795
0 0.275322 0.533691 0.069644 0.105469 0.0218658
0 0.339108 0.725098 0.0833125 0.237305 0.0217438
0 0.54088 0.57605 0.575377 0.758057 0.0215302
0 0.387598 0.640625 0.276624 0.435547 0.0211639
0 0.290292 0.73877 0.248636 0.514648 0.019989
0 0.307784 0.816895 0.502641 0.366211 0.0198669
0 0.818806 0.717773 0.135383 0.345703 0.0182648
0 0.415993 0.751953 0.654621 0.496094 0.0177155
0 0.632654 0.625854 0.265559 0.529541 0.0167847
0 0.604016 0.48291 0.438692 0.889648 0.0156708
0 0.403545 0.709473 0.208281 0.495117 0.0154266
0 0.308435 0.594849 0.129037 0.505615 0.0153046
0 0.205352 0.792969 0.0768037 0.177734 0.0148392
0 0.75502 0.0387573 0.0676914 0.0775146 0.0146179
0 0.443249 0.902344 0.0924248 0.191406 0.014389
0 0.938042 0.454102 0.123917 0.387695 0.0141144
0 0.492715 0.708496 0.512893 0.583008 0.014061
0 0.656737 0.834961 0.0715967 0.0898438 0.0138474
0 0.929906 0.37207 0.140189 0.429688 0.0137405
0 0.162394 0.812988 0.21479 0.374023 0.0127258
0 0.7405 0.401367 0.519001 0.802734 0.0122375
0 0.534697 0.643555 0.412006 0.597656 0.650391
0 0.554223 0.680664 0.339108 0.482422 0.494141
0 0.955615 0.48877 0.0887695 0.144531 0.342529
0 0.756321 0.0388184 0.075502 0.0776367 0.284668
0 0.83703 0.612305 0.1484 0.237305 0.267334
0 0.822711 0.591797 0.177039 0.308594 0.178345
0 0.850048 0.637207 0.123667 0.202148 0.166138
0 0.177853 0.17041 0.179968 0.299805 0.134277
0 0.140264 0.154053 0.124969 0.308105 0.108215
0 0.556176 0.756836 0.337806 0.404297 0.0984497
0 0.898213 0.96875 0.0390527 0.0546875 0.0943604
0 0.27459 0.516602 0.0717594 0.101562 0.081543
0 0.913834 0.522461 0.080709 0.134766 0.0789185
0 0.943899 0.479492 0.112201 0.195312 0.0673218
0 0.94768 0.53418 0.104141 0.220703 0.0643921
0 0.827918 0.555664 0.137986 0.267578 0.0639648
0 0.821409 0.623535 0.1484 0.310547 0.0637207
0 0.773244 0.580078 0.28899 0.479492 0.0634766
0 0.437391 0.957031 0.0598809 0.0742188 0.0572815
0 0.231062 0.839844 0.334552 0.318359 0.0529175
0 0.626308 0.63623 0.55162 0.577148 0.0514526
0 0.522005 0.484253 0.442598 0.920166 0.0513611
0 0.201772 0.9104 0.0611826 0.0932617 0.0512695
0 0.14775 0.969727 0.048165 0.0585938 0.0451965
0 0.85916 0.958984 0.0364492 0.0527344 0.0435181
0 0.76283 0.958984 0.0390527 0.0605469 0.0367737
0 0.250588 0.778809 0.326741 0.424805 0.0360718
0 0.20161 0.942383 0.0634607 0.0976562 0.035614
0 0.932835 0.500977 0.134331 0.169922 0.0347595
0 0.210722 0.901367 0.0836379 0.144531 0.0343628
0 0.135383 0.111084 0.115856 0.222168 0.0340271
0 0.816853 0.522339 0.169229 0.422119 0.0336609
0 0.197867 0.773438 0.0689932 0.0878906 0.0327148
0 0.654133 0.561035 0.175737 0.426758 0.0292511
0 0.205678 0.160889 0.256446 0.321777 0.0261536
0 0.283132 0.709961 0.380113 0.539062 0.0257568
0 0.676914 0.548828 0.111951 0.407227 0.0252686
0 0.219183 0.858398 0.110975 0.230469 0.0247955
0 0.182897 0.231445 0.189406 0.178711 0.0239105
0 0.477176 0.623047 0.516635 0.71875 0.0236969
0 0.207305 0.271484 0.250588 0.542969 0.0236511
0 0.227157 0.837402 0.149051 0.288086 0.0220337
0 0.104466 0.953125 0.0650879 0.0761719 0.0212097
0 0.223902 0.915039 0.123667 0.152344 0.0207977
0 0.170042 0.850586 0.206003 0.273438 0.0205994
0 0.200308 0.851074 0.0979573 0.235352 0.02034
0 0.274671 0.835449 0.222601 0.323242 0.0190582
0 0.715967 0.477539 0.553247 0.751953 0.0183411
0 0.28899 0.520996 0.0976318 0.132812 0.0182953
0 0.618335 0.448242 0.627447 0.890625 0.0180511
0 0.577655 0.664551 0.341711 0.504883 0.563965
0 0.945201 0.496094 0.109598 0.183594 0.332031
0 0.822711 0.616211 0.187453 0.280273 0.281494
0 0.961473 0.48877 0.0770537 0.154297 0.206299
0 0.79993 0.67627 0.23692 0.401367 0.196777
0 0.268081 0.526855 0.0613453 0.112305 0.17334
0 0.965904 0.491211 0.0650879 0.12793 0.157104
0 0.195752 0.844727 0.0748511 0.191406 0.140381
0 0.163533 0.872559 0.174761 0.245117 0.124634
0 0.20344 0.867676 0.280447 0.258789 0.11438
0 0.848746 0.633789 0.117158 0.199219 0.105957
0 0.751765 0.0384521 0.0728984 0.0769043 0.0939941
0 0.415586 0.26123 0.191358 0.246094 0.0923462
0 0.149051 0.187744 0.234316 0.375488 0.088501
0 0.589696 0.503418 0.201772 0.228516 0.0863037
0 0.339759 0.736816 0.0598809 0.104492 0.0800781
0 0.920343 0.546875 0.080709 0.148438 0.0718384
0 0.197867 0.867188 0.120413 0.257812 0.0665894
0 0.160076 0.156982 0.186233 0.313965 0.0653687
0 0.1783 0.846191 0.204457 0.299805 0.0592041
0 0.819457 0.574707 0.160116 0.290039 0.0570679
0 0.944876 0.436035 0.110249 0.358398 0.0558167
0 0.486532 0.5 0.119762 0.208984 0.0552063
0 0.58156 0.619995 0.438042 0.5979 0.0539856
0 0.33325 0.836914 0.0833125 0.294922 0.0510864
0 0.33683 0.742676 0.0728984 0.146484 0.0499573
0 0.609874 0.505859 0.151004 0.205078 0.0440063
0 0.467657 0.499512 0.124318 0.194336 0.0432739
0 0.223414 0.833984 0.309493 0.310547 0.0406799
0 0.408752 0.291504 0.253843 0.316406 0.0386963
0 0.144332 0.135254 0.143519 0.270508 0.0368347
0 0.571797 0.479614 0.247985 0.269287 0.0348206
0 0.419166 0.258301 0.131478 0.235352 0.0330811
0 0.457242 0.328857 0.115206 0.14502 0.0295868
0 0.396385 0.834961 0.200471 0.320312 0.0292053
0 0.641767 0.465332 0.0963301 0.166992 0.028595
0 0.490763 0.478027 0.169229 0.258789 0.0278015
0 0.791469 0.608398 0.251239 0.34082 0.0270081
0 0.400291 0.229004 0.0820107 0.174805 0.0267639
0 0.581886 0.771484 0.357983 0.435547 0.026413
0 0.335203 0.896484 0.0794072 0.171875 0.0261536
0 0.279878 0.518555 0.0963301 0.126953 0.0256195
0 0.699207 0.682617 0.452686 0.501953 0.0252686
0 0.574075 0.723633 0.428278 0.511719 0.0250854
0 0.686026 0.39563 0.0520703 0.0720215 0.023468
0 0.613128 0.458008 0.535022 0.916016 0.0218658
0 0.266128 0.543945 0.0587418 0.115234 0.0215302
0 0.584489 0.55957 0.242127 0.280273 0.0199127
0 0.161581 0.90625 0.159791 0.183594 0.0190582
0 0.611826 0.51709 0.121063 0.178711 0.0188751
0 0.566916 0.665039 0.35538 0.511719 0.744629
0 0.953337 0.498047 0.0933257 0.158203 0.32251
0 0.963426 0.490234 0.0731484 0.119141 0.243652
0 0.838332 0.628906 0.143193 0.189453 0.193726
0 0.831172 0.620117 0.169229 0.241211 0.180054
0 0.625983 0.633667 0.471562 0.556885 0.106506
0 0.750463 0.0360718 0.0820107 0.0721436 0.0881958
0 0.909278 0.542969 0.0507686 0.0898438 0.072876
0 0.956266 0.472656 0.0874678 0.162109 0.0723877
0 0.824013 0.580078 0.164021 0.300781 0.0653687
0 0.337155 0.730957 0.0702949 0.117188 0.0534058
0 0.27402 0.517578 0.0715967 0.0908203 0.0463867
0 0.815551 0.630859 0.203074 0.292969 0.0403748
0 0.935964 0.509277 0.117158 0.166016 0.0178528
0 0.95887 0.48877 0.0822607 0.182617 0.0166626
0 0.330647 0.710938 0.0872178 0.201172 0.0163422
0 0.336504 0.790039 0.0794072 0.220703 0.0154877
0 0.560407 0.512207 0.31112 0.240234 0.0151291
0 0.21121 0.850586 0.305262 0.289062 0.0145569
0 0.783658 0.72168 0.0650879 0.103516 0.0136337
0 0.796676 0.76416 0.0650879 0.0986328 0.0127258
0 0.196565 0.793457 0.0813599 0.106445 0.0126266
0 0.241151 0.793945 0.312422 0.394531 0.011467
0 0.488159 0.679688 0.536324 0.585938 0.0112
0 0.282156 0.517578 0.0937266 0.109375 0.0108185
0 0.643231 0.529297 0.153282 0.295898 0.00981903
0 0.760227 0.595703 0.278576 0.417969 0.00978088
0 0.196077 0.841797 0.114229 0.222656 0.00963593
0 0.621589 0.507324 0.177039 0.232422 0.00955963
0 0.309249 0.681641 0.136522 0.355469 0.00901794
0 0.179968 0.890869 0.128223 0.16748 0.00901794
0 0.490763 0.504395 0.157513 0.211914 0.0088501
0 0.442598 0.946289 0.0872178 0.0898438 0.00871277
0 0.622891 0.633789 0.206979 0.421875 0.0085144
0 0.178015 0.860352 0.17769 0.230469 0.00844574
0 0.542182 0.599487 0.447805 0.648682 0.00815582
0 0.693837 0.69873 0.145797 0.337891 0.00812531
0 0.324789 0.835449 0.0768037 0.166992 0.00793457
0 0.709458 0.558472 0.167927 0.386963 0.00717545
0 0.267837 0.823242 0.192009 0.285156 0.00701141
0 0.652343 0.570312 0.142868 0.264648 0.00698471
0 0.403545 0.792969 0.0650879 0.193359 0.0069313
0 0.196728 0.882812 0.104792 0.140625 0.00679779
0 0.774546 0.770508 0.0911231 0.135742 0.00605011
0 0.379788 0.767578 0.115856 0.234375 0.00598145
0 0.290617 0.710938 0.167927 0.527344 0.00579834
0 0.69644 0.741211 0.14059 0.238281 0.00564194
0 0.663246 0.444336 0.123667 0.172852 0.00544739
0 0.632654 0.471802 0.161418 0.195068 0.00527954
0 0.0213163 0.509277 0.0423071 0.0654297 0.00518036
