0 0.359954 0.40625 0.351175 0.556035 0.936523
0 0.384016 0.286638 0.291995 0.327586 0.31665
0 0.809653 0.723599 0.332966 0.509698 0.137329
0 0.392795 0.458109 0.298498 0.482489 0.0698242
0 0.794695 0.539871 0.366782 0.890086 0.0520325
0 0.84542 0.584052 0.283541 0.377155 0.0430298
0 0.675425 0.5 0.649151 1 0.0391846
0 0.801198 0.579741 0.379789 0.43319 0.0340271
0 0.849973 0.684806 0.293946 0.574353 0.0255585
0 0.574561 0.373922 0.721209 0.709052 0.0224609
0 0.792094 0.664871 0.400599 0.627155 0.0205231
0 0.490669 0.410022 0.537817 0.548491 0.0167847
0 0.618196 0.616918 0.763608 0.766164 0.0152512
0 0.653476 0.543508 0.693047 0.912985 0.0134277
0 0.727613 0.49569 0.544774 0.991379 0.0128708
0 0.594947 0.556035 0.810106 0.887931 0.0124817
0 0.44222 0.511853 0.196398 0.362069 0.0123367
0 0.5 0.5 1 1 0.00955963
0 0.713306 0.546336 0.573388 0.907328 0.00926971
0 0.64047 0.5 0.71906 1 0.00837708
0 0.816156 0.81681 0.295247 0.349138 0.00815582
0 0.384991 0.529095 0.358978 0.668103 0.00766754
0 0.264031 0.48222 0.107954 0.373922 0.00757599
0 0.853776 0.504849 0.292448 0.947198 0.00754929
0 0.5 0.496228 1 0.992457 0.00709534
0 0.5 0.5 1 1 0.00682449
0 0.280615 0.396417 0.14177 0.50889 0.00661469
0 0.591632 0.5 0.67406 1 0.00638962
0 0.84412 0.935075 0.153476 0.125539 0.00598145
0 0.5 0.5 1 1 0.00593567
0 0.602426 0.5625 0.795148 0.875 0.00572968
0 0.5 0.5 1 1 0.00536346
0 0.5 0.5 1 1 0.00527954
0 0.609841 0.49771 0.731289 0.961476 0.00510025
0 0.353451 0.274246 0.18144 0.242457 0.00492477
0 0.863629 0.926455 0.16128 0.13416 0.0046463
0 0.86558 0.813578 0.22111 0.357759 0.00455475
0 0.5 0.5 1 1 0.00408554
0 0.937766 0.678879 0.0754375 0.118534 0.00345612
0 0.264682 0.552802 0.102751 0.286638 0.00332451
0 0.672597 0.637931 0.623985 0.68319 0.00327301
0 0.5 0.548491 1 0.903017 0.00327301
0 0.731614 0.923491 0.145672 0.153017 0.00312424
0 0.507252 0.647629 0.0494246 0.0991379 0.0030632
0 0.802499 0.874461 0.228914 0.251078 0.00286674
0 0.894194 0.923491 0.156078 0.142241 0.00286674
0 0.758277 0.755388 0.319959 0.489224 0.0028553
0 0.746571 0.815194 0.28224 0.354526 0.00282288
0 0.319634 0.318427 0.217208 0.34806 0.00268364
0 0.5 0.5 1 1 0.00257111
0 0.372066 0.44181 0.330202 0.534483 0.898926
0 0.593095 0.590517 0.0546271 0.0775862 0.260498
0 0.715356 0.965517 0.0559278 0.0689655 0.230225
0 0.639918 0.731681 0.0546272 0.0786638 0.125122
0 0.941668 0.663793 0.0728362 0.128233 0.0467224
0 0.425962 0.402478 0.196398 0.52694 0.039856
0 0.818107 0.934267 0.0767382 0.114224 0.0361633
0 0.506927 0.606681 0.0760878 0.153017 0.0354919
0 0.833715 0.938578 0.0845421 0.103448 0.03302
0 0.632114 0.179418 0.0468233 0.0775862 0.0265503
0 0.401249 0.262392 0.107954 0.199353 0.0228424
0 0.48189 0.36153 0.600899 0.685345 0.0220795
0 0.593095 0.582435 0.0728362 0.112069 0.0220337
0 0.341745 0.310884 0.219159 0.395474 0.0184784
0 0.494571 0.572198 0.104702 0.219828 0.0182953
0 0.809653 0.586207 0.355077 0.814655 0.0177155
0 0.380439 0.258082 0.139169 0.215517 0.016922
0 0.803149 0.881465 0.104052 0.209052 0.0160217
0 0.801198 0.708513 0.351175 0.570043 0.0159607
0 0.462055 0.542026 0.158679 0.275862 0.0151901
0 0.387593 0.493669 0.299149 0.381196 0.0146179
0 0.347842 0.256196 0.229076 0.244073 0.0142822
0 0.942318 0.633621 0.0806401 0.174569 0.0135345
0 0.755676 0.5 0.468233 1 0.0133286
0 0.812904 0.755927 0.0780388 0.09375 0.012825
0 0.769332 0.856681 0.148274 0.262931 0.0120544
0 0.370684 0.232489 0.152176 0.177263 0.0112
0 0.578788 0.570582 0.0793395 0.130388 0.0109863
0 0.719258 0.926993 0.0754375 0.146013 0.01017
0 0.712754 0.0490302 0.0780388 0.0716595 0.0100555
0 0.668532 0.731681 0.0949472 0.0991379 0.00948334
0 0.819407 0.838362 0.14047 0.301724 0.00844574
0 0.467582 0.49084 0.115758 0.220905 0.00841522
0 0.766731 0.938578 0.0936466 0.105603 0.00837708
0 0.940367 0.669181 0.0858427 0.176724 0.00818634
0 0.0769007 0.791487 0.153801 0.417026 0.00790405
0 0.645771 0.713362 0.0650323 0.105603 0.00763702
0 0.330283 0.270474 0.165345 0.252155 0.00720596
0 0.306627 0.397764 0.210054 0.605334 0.00695801
0 0.406452 0.534483 0.258829 0.327586 0.00671768
0 0.463681 0.40194 0.0988491 0.126078 0.00669098
0 0.291264 0.601293 0.113319 0.215517 0.00629044
0 0.5 0.5 1 1 0.00624084
0 0.286142 0.220366 0.0728362 0.215517 0.00621796
0 0.320935 0.563982 0.367433 0.872037 0.00614548
0 0.680888 0.329472 0.048124 0.0716595 0.00612259
0 0.395397 0.202047 0.111856 0.105603 0.006073
0 0.396697 0.810075 0.793394 0.379849 0.00595856
0 0.0981988 0.814386 0.196398 0.371228 0.00591278
0 0.892244 0.905172 0.122261 0.163793 0.00568771
0 0.367351 0.386853 0.359141 0.599138 0.994141
0 0.381171 0.443427 0.313293 0.449353 0.494141
0 0.816156 0.70528 0.352475 0.557112 0.256836
0 0.698447 0.0498384 0.0572285 0.0662716 0.150024
0 0.363531 0.945043 0.0533265 0.0797413 0.139893
0 0.872734 0.594828 0.226313 0.329741 0.130249
0 0.826561 0.59375 0.325162 0.351293 0.130249
0 0.716494 0.681035 0.304676 0.564655 0.125977
0 0.395722 0.389009 0.255577 0.508621 0.119202
0 0.38239 0.25458 0.166483 0.245151 0.100525
0 0.941018 0.647629 0.0871433 0.176724 0.0987549
0 0.715356 0.963362 0.0598297 0.0732759 0.0888062
0 0.685441 0.690733 0.219809 0.525862 0.0809326
0 0.879237 0.702586 0.208103 0.461207 0.0656128
0 0.851273 0.483297 0.0611304 0.0711207 0.0458679
0 0.850623 0.737069 0.267933 0.489224 0.0399475
0 0.415557 0.481681 0.238018 0.385776 0.039856
0 0.509528 0.62069 0.0500749 0.12069 0.0332642
0 0.815505 0.779095 0.327763 0.413793 0.0331421
0 0.279639 0.147091 0.0611304 0.0818966 0.0284882
0 0.935165 0.665948 0.104052 0.1875 0.0268097
0 0.769983 0.854526 0.124862 0.271552 0.0256195
0 0.656827 0.338362 0.0520258 0.0528017 0.0252228
0 0.279964 0.163254 0.0578788 0.0862069 0.0251312
0 0.790793 0.63847 0.397998 0.453664 0.0218658
0 0.822659 0.857759 0.136568 0.267241 0.0190125
0 0.507903 0.599138 0.0676336 0.150862 0.0135345
0 0.354426 0.255657 0.210705 0.268858 0.0134277
0 0.850623 0.911638 0.0910452 0.150862 0.0134277
0 0.977337 0.0245824 0.0453254 0.0491649 0.0130234
0 0.74397 0.831358 0.287443 0.313578 0.01297
0 0.939717 0.604526 0.0871433 0.237069 0.0128708
0 0.38239 0.249461 0.123561 0.226293 0.012825
0 0.357027 0.903017 0.0591794 0.137931 0.0123367
0 0.32256 0.682651 0.0533265 0.0603448 0.0122375
0 0.70365 0.0572468 0.0702349 0.063847 0.0119171
0 0.875335 0.784483 0.215907 0.392241 0.0110703
0 0.637967 0.193427 0.0377188 0.0603448 0.0109482
0 0.696496 0.356412 0.0702349 0.0899785 0.0104065
0 0.673898 0.713362 0.207778 0.334052 0.0102463
0 0.616507 0.193966 0.0481239 0.0711207 0.00978088
0 0.694545 0.787177 0.215907 0.395474 0.00978088
0 0.887041 0.898707 0.170385 0.18319 0.00978088
0 0.320609 0.37069 0.204202 0.359914 0.00955963
0 0.370684 0.950431 0.0585291 0.0754311 0.00948334
0 0.974736 0.0277478 0.050528 0.0554957 0.00941467
0 0.672434 0.393858 0.158679 0.247845 0.00937653
0 0.715356 0.405038 0.115758 0.142511 0.00871277
0 0.773885 0.571121 0.0832414 0.196121 0.00812531
0 0.629676 0.630927 0.319634 0.503233 0.00806427
0 0.373367 0.426724 0.370522 0.559267 0.667969
0 0.395397 0.467134 0.286793 0.475216 0.634277
0 0.658029 0.5 0.683943 1 0.361084
0 0.420434 0.487608 0.230214 0.408405 0.318359
0 0.76982 0.694504 0.419133 0.595905 0.253906
0 0.714705 0.965517 0.0533265 0.0689655 0.125977
0 0.513755 0.645474 0.0533265 0.0851293 0.124634
0 0.563505 0.360991 0.680888 0.715517 0.0975342
0 0.513755 0.628233 0.0637317 0.0948276 0.0943604
0 0.594233 0.592672 0.0419459 0.0689655 0.0445251
0 0.441244 0.505927 0.184692 0.292026 0.0404663
0 0.604801 0.8125 0.0429213 0.0700431 0.0320435
0 0.464981 0.53125 0.149574 0.284483 0.0304413
0 0.606653 0.5 0.786694 1 0.0302734
0 0.941018 0.654095 0.0923459 0.148707 0.0297546
0 0.269153 0.563578 0.13543 0.282328 0.0296478
0 0.638617 0.737069 0.0468233 0.0721983 0.0292511
0 0.353857 0.363685 0.429051 0.697198 0.0289307
0 0.365482 0.280981 0.149574 0.226832 0.0269623
0 0.707552 0.598195 0.530664 0.769127 0.0263062
0 0.308253 0.659483 0.0715356 0.122845 0.0248413
0 0.486442 0.572198 0.114457 0.200431 0.0239563
0 0.474736 0.456897 0.0858427 0.247845 0.0220337
0 0.513186 0.5 0.612442 1 0.0207977
0 0.389544 0.313308 0.149574 0.152478 0.0206451
0 0.683978 0.384698 0.530989 0.732759 0.0191193
0 0.118928 0.97306 0.237856 0.0538793 0.0191193
0 0.363531 0.373922 0.229564 0.512931 0.0179138
0 0.0968982 0.891164 0.193796 0.217672 0.0159607
0 0.501074 0.559267 0.0929962 0.226293 0.0154266
0 0.191195 1 0.38239 0 0.0150146
0 0.928662 0.632543 0.111856 0.230603 0.0148392
0 0.0770633 0.755927 0.154127 0.488147 0.013588
0 0.54097 0.471444 0.918059 0.942888 0.0130234
0 0.309635 0.568966 0.152013 0.301724 0.0129242
0 0.287443 0.188847 0.0773885 0.167565 0.0127258
0 0.295247 0.603448 0.107954 0.237069 0.012146
0 0.651624 0.542026 0.0455226 0.0560345 0.0118713
0 0.914355 0.582974 0.150875 0.323276 0.0118713
0 0.862979 0.734375 0.254927 0.53125 0.0116882
0 0.0387755 0.671336 0.0775511 0.657328 0.0115967
0 0.371335 0.5 0.706251 1 0.0110321
0 0.343371 0.255119 0.191195 0.282866 0.0109863
0 0.869482 0.594828 0.24062 0.364224 0.0105667
0 0.0247936 0.581492 0.0495872 0.837015 0.00941467
0 0.944269 0.623922 0.088444 0.198276 0.00933838
0 0.746473 0.480065 0.507055 0.960129 0.00905609
0 0.657477 0.949353 0.0546271 0.0948276 0.00898743
0 0.280289 0.149246 0.0741369 0.103448 0.00894928
0 0.72446 0.78556 0.257528 0.422414 0.00837708
0 0.360848 0.439116 0.347435 0.514009 0.841309
0 0.763381 0.5 0.473238 1 0.38501
0 0.777787 0.605603 0.42271 0.786638 0.348633
0 0.942318 0.657328 0.0897446 0.163793 0.183594
0 0.765431 0.714978 0.420109 0.542026 0.180054
0 0.323292 0.38847 0.404338 0.591595 0.1427
0 0.634065 0.188578 0.0351174 0.0592672 0.130249
0 0.375887 0.474677 0.299799 0.395474 0.085083
0 0.196398 0.520339 0.392795 0.955011 0.0831299
0 0.922158 0.65625 0.12096 0.206897 0.0817871
0 0.276956 0.136853 0.0651949 0.0926724 0.0718384
0 0.240132 0.54472 0.460104 0.897629 0.0701904
0 0.595696 0.5 0.779087 1 0.0607605
0 0.199324 0.667969 0.398648 0.644666 0.0584412
0 0.852574 0.467672 0.0455226 0.0689655 0.0509033
0 0.893544 0.692888 0.184692 0.227371 0.0484924
0 0.287443 0.164871 0.0858427 0.112069 0.0458679
0 0.892244 0.635776 0.182091 0.288793 0.0450134
0 0.871433 0.784483 0.239319 0.413793 0.0437012
0 0.697797 0.048222 0.0572285 0.0792026 0.0397034
0 0.940367 0.607759 0.104052 0.323276 0.0348206
0 0.32126 0.220366 0.118359 0.1875 0.0326538
0 0.512455 0.647629 0.0377187 0.0732759 0.0291443
0 0.627562 0.740302 0.0520259 0.0700431 0.0280609
0 0.716656 0.959052 0.044222 0.0689656 0.0280609
0 0.863629 0.597522 0.24192 0.369612 0.0268555
0 0.450674 0.447333 0.123561 0.185075 0.0246124
0 0.312155 0.661099 0.0559278 0.0862069 0.0243835
0 0.344102 0.373384 0.250862 0.487069 0.0225372
0 0.595859 0.597522 0.0308904 0.0560345 0.0215759
0 0.680238 0.390086 0.0338168 0.0528017 0.0179138
0 0.324593 0.269127 0.178026 0.320582 0.0175781
0 0.777949 0.789871 0.41328 0.411638 0.0175781
0 0.468964 0.370151 0.620246 0.740302 0.0175781
0 0.606101 0.806035 0.044222 0.0625 0.0158997
0 0.0703162 0.496767 0.140632 0.993535 0.0140076
0 0.879237 0.896552 0.195097 0.176724 0.0131683
0 0.356702 0.247845 0.176238 0.234914 0.0129242
0 0.732427 0.860453 0.314431 0.261853 0.0126266
0 0.740068 0.265625 0.0390194 0.0517241 0.0124283
0 0.417508 0.498922 0.206803 0.268319 0.0117798
0 0.161768 0.489224 0.323536 0.978448 0.0116882
0 0.709503 0.956897 0.0611304 0.0797413 0.0110703
0 0.376537 0.226832 0.139169 0.178879 0.0109482
0 0.621709 0.758621 0.0546272 0.0775862 0.0107803
0 0.688042 0.345905 0.0390193 0.0603448 0.0104904
0 0.621709 0.190194 0.044222 0.0614224 0.0100098
0 0.725761 0.399515 0.431815 0.79903 0.00963593
0 0.64447 0.380927 0.464331 0.761853 0.00941467
0 0.655526 0.533405 0.0390194 0.049569 0.00926971
0 0.373286 0.431169 0.329064 0.562231 0.767578
0 0.773885 0.700431 0.439619 0.577586 0.378418
0 0.72446 0.631466 0.530664 0.715517 0.230957
0 0.838267 0.710668 0.316057 0.578664 0.190674
0 0.611304 0.285628 0.357678 0.491245 0.180664
0 0.704527 0.496228 0.590947 0.992457 0.166138
0 0.636016 0.353448 0.348573 0.534483 0.106323
0 0.691294 0.458513 0.481239 0.890086 0.0830078
0 0.823309 0.609914 0.327763 0.368534 0.0766602
0 0.667069 0.300377 0.476362 0.581358 0.0745239
0 0.517982 0.822198 0.331015 0.355603 0.0690308
0 0.329064 0.505927 0.453926 0.738147 0.0618896
0 0.803701 0.237069 0.392598 0.474138 0.0613098
0 0.855825 0.629849 0.249724 0.425647 0.0609741
0 0.647722 0.192349 0.0728362 0.114224 0.0594177
0 0.345322 0.279095 0.208754 0.279095 0.0566406
0 0.732914 0.332435 0.528063 0.664871 0.0564575
0 0.710153 0.704203 0.269234 0.587285 0.0499573
0 0.828512 0.201509 0.330364 0.398707 0.049408
0 0.867531 0.822737 0.252325 0.354526 0.0472412
0 0.64317 0.219289 0.313456 0.413793 0.0438538
0 0.698447 0.603448 0.308253 0.59375 0.0438538
0 0.712104 0.571121 0.352475 0.424569 0.042572
0 0.680238 0.522495 0.370684 0.551994 0.0422363
0 0.185342 0.587285 0.370684 0.790948 0.0411377
0 0.757627 0.640086 0.340769 0.450431 0.0400085
0 0.645283 0.386853 0.317033 0.369612 0.0350037
0 0.795247 0.172885 0.409506 0.321255 0.033783
0 0.700398 0.207974 0.371985 0.392241 0.0323486
0 0.747709 0.578664 0.333291 0.338362 0.0316772
0 0.287118 0.536638 0.571634 0.909483 0.0315552
0 0.277688 0.175108 0.0572284 0.100216 0.0307922
0 0.343696 0.334052 0.234767 0.40625 0.0301056
0 0.196723 0.724138 0.34142 0.551724 0.0282745
0 0.58903 0.741379 0.385317 0.517241 0.0274353
0 0.633415 0.770474 0.0520259 0.127155 0.0250854
0 0.811603 0.14278 0.369384 0.28556 0.0247955
0 0.281671 0.256735 0.089582 0.253772 0.0246582
0 0.656827 0.1283 0.104052 0.172279 0.0222473
0 0.818107 0.836207 0.296547 0.327586 0.0220795
0 0.556026 0.35722 0.552775 0.699353 0.021698
0 0.721209 0.860991 0.274436 0.278017 0.0216522
0 0.808352 0.49569 0.378488 0.991379 0.0212097
0 0.56383 0.859914 0.334266 0.280172 0.0210114
0 0.659428 0.176455 0.254927 0.317888 0.0196838
0 0.744196 0.192888 0.511607 0.385776 0.0189819
0 0.737467 0.889547 0.184692 0.220905 0.0187988
0 0.366782 0.265625 0.185992 0.239224 0.0183411
0 0.597647 0.59806 0.044222 0.0840517 0.0182343
0 0.550824 0.227101 0.32126 0.429418 0.018158
0 0.364506 0.417565 0.349874 0.547414 0.809082
0 0.788192 0.666487 0.396697 0.664871 0.296631
0 0.635366 0.189116 0.0299149 0.0538793 0.212036
0 0.394421 0.498788 0.277688 0.398976 0.184814
0 0.634716 0.738147 0.0390194 0.0581897 0.0552063
0 0.783053 0.504849 0.433894 0.96875 0.0548096
0 0.6035 0.590517 0.0364181 0.0603449 0.0483093
0 0.681539 0.391164 0.0286142 0.0517241 0.0441895
0 0.849973 0.470905 0.0429213 0.0646551 0.0316772
0 0.814205 0.862608 0.306953 0.268319 0.0292511
0 0.658127 0.53556 0.0338168 0.0452587 0.0269623
0 0.940367 0.649785 0.0754375 0.105603 0.0253296
0 0.340119 0.374057 0.226313 0.504041 0.0224152
0 0.619758 0.193427 0.0377188 0.0484914 0.0160217
0 0.150225 0.261315 0.0237368 0.0387931 0.0157166
0 0.837616 0.809267 0.303051 0.362069 0.0146713
0 0.34272 0.271013 0.194447 0.289871 0.013588
0 0.565781 0.119881 0.0208103 0.0301724 0.0134277
0 0.475061 0.433728 0.0851924 0.150862 0.0132751
0 0.814757 0.633621 0.370487 0.732759 0.0130234
0 0.345322 0.417969 0.470184 0.62958 0.0125275
0 0.769983 0.75 0.450024 0.5 0.0124283
0 0.942969 0.636853 0.0910453 0.140086 0.0113754
0 0.106328 0.316272 0.0279639 0.0517242 0.0110321
0 0.712754 0.951509 0.0598298 0.0969828 0.0109863
0 0.928662 0.643319 0.0988491 0.135776 0.0104904
0 0.810303 0.80819 0.0910453 0.1875 0.00989532
0 0.52351 0.189655 0.0195097 0.0355604 0.00985718
0 0.738767 0.893858 0.252325 0.212284 0.00967407
0 0.851924 0.505388 0.048124 0.0862069 0.00952148
0 0.708202 0.940194 0.0897446 0.119612 0.00874329
0 0.453926 0.53125 0.157378 0.30819 0.00854492
0 0.687879 0.864224 0.216232 0.271552 0.00837708
0 0.820609 0.5 0.358781 1 0.00834656
0 0.638617 0.126347 0.0273135 0.0366379 0.00787354
0 0.74397 0.262931 0.0390193 0.0463362 0.00784302
0 0.693245 0.336476 0.0299149 0.0506466 0.00775528
0 0.355727 0.246228 0.172986 0.217672 0.00763702
0 0.827211 0.712823 0.332966 0.574353 0.00763702
0 0.645771 0.321929 0.018209 0.0393319 0.00743103
0 0.282565 0.577586 0.565131 0.827586 0.00740433
0 0.238669 0.5 0.0669833 0.12931 0.00737381
0 0.662679 0.882543 0.217208 0.234914 0.00737381
0 0.698447 0.0510507 0.0416207 0.0492996 0.00723267
0 0.641219 0.463362 0.0260129 0.0387931 0.00717545
0 0.413606 0.206358 0.0650323 0.114224 0.00712204
0 0.313456 0.418238 0.219809 0.49111 0.00706482
0 0.741369 0.840517 0.356377 0.310345 0.00695801
0 0.569683 0.19208 0.022111 0.0355604 0.00666809
0 0.254845 0.53556 0.0990117 0.200431 0.00638962
0 0.360848 0.413793 0.326625 0.53125 0.779785
0 0.77925 0.720905 0.41328 0.55819 0.225464
0 0.632765 0.188039 0.0325162 0.0506466 0.0755615
0 0.940367 0.644397 0.0780388 0.134698 0.0280609
0 0.691944 0.844289 0.208103 0.309267 0.0272675
0 0.716656 0.959052 0.0572285 0.0818965 0.0250854
0 0.792744 0.84806 0.379789 0.290948 0.0184784
0 0.710153 0.890625 0.10015 0.21875 0.0182953
0 0.278989 0.164062 0.0591794 0.0932112 0.0153656
0 0.628212 0.737069 0.0598297 0.075431 0.0134277
0 0.709503 0.755927 0.28224 0.488147 0.0106125
0 0.850623 0.46444 0.044222 0.0689655 0.00926971
0 0.690643 0.801185 0.590494 0.397629 0.0088501
0 0.812904 0.835129 0.0949472 0.275862 0.0086441
0 0.340444 0.28556 0.18144 0.320043 0.008255
0 0.742669 0.266164 0.0416207 0.044181 0.00775528
0 0.619108 0.191272 0.0429213 0.0484914 0.00766754
0 0.616507 0.797953 0.0546272 0.0926724 0.00763702
0 0.814205 0.883621 0.335567 0.224138 0.00751877
0 0.781851 0.581762 0.418483 0.819235 0.00734711
0 0.62301 0.747845 0.0520259 0.0646551 0.0069313
0 0.695846 0.0509159 0.0468233 0.0528017 0.0069046
0 0.64447 0.323815 0.0312155 0.0463362 0.00669098
0 0.722509 0.831897 0.202901 0.301724 0.00669098
0 0.838917 0.798491 0.293946 0.392241 0.0064888
0 0.679588 0.394397 0.0338168 0.0517242 0.00643921
0 0.755676 0.891164 0.231515 0.206896 0.00626373
0 0.913054 0.628233 0.132666 0.247845 0.00621796
0 0.841518 0.700431 0.286142 0.599138 0.0046463
0 0.515056 0.817888 0.0390194 0.0581897 0.00431442
0 0.689343 0.339978 0.0390194 0.0657328 0.00426483
0 0.282565 0.259968 0.0741368 0.271013 0.00397491
0 0.633415 0.852371 0.165182 0.265086 0.00388527
0 0.680238 0.259698 0.0312155 0.0431035 0.00370789
0 0.36288 0.260237 0.158679 0.246767 0.00362206
0 0.859727 0.649246 0.24192 0.479526 0.00359344
0 0.688042 0.19208 0.0299149 0.0501078 0.00344276
0 0.230214 0.685884 0.460429 0.628233 0.00333786
0 0.868832 0.599138 0.215907 0.368534 0.00329781
0 0.936466 0.58944 0.0962478 0.284483 0.00324821
0 0.328413 0.428341 0.429213 0.645474 0.00322342
0 0.708103 0.565733 0.583793 0.868535 0.00319672
0 0.235092 0.488147 0.0689343 0.115302 0.00312424
0 0.632114 0.149515 0.044222 0.0840517 0.003088
0 0.200462 0.769397 0.400924 0.456897 0.0029583
0 0.386292 0.354526 0.364181 0.536638 0.00293541
0 0.334917 0.362069 0.26078 0.431034 0.00284576
0 0.275087 0.522091 0.550173 0.780172 0.00271416
0 0.484491 0.960129 0.0455226 0.0646552 0.00265312
0 0.591794 0.612069 0.455226 0.775862 0.00259018
