0 0.576679 0.673828 0.325439 0.433594 0.555664
0 0.553247 0.734375 0.325439 0.503906 0.0808105
0 0.468633 0.655762 0.506384 0.678711 0.0667114
0 0.581235 0.608398 0.25905 0.302734 0.0146179
0 0.555325 0.5 0.889351 1 0.0104904
0 0.488485 0.751953 0.441947 0.496094 0.00955963
0 0.5 0.5 1 1 0.00919342
0 0.5 0.5 1 1 0.00754929
0 0.5 0.5 1 1 0.00740433
0 0.5 0.5 1 1 0.00706482
0 0.542958 0.5 0.914084 1 0.0068512
0 0.520828 0.5 0.958344 1 0.00679779
0 0.869574 0.865234 0.137986 0.121094 0.005867
0 0.0398663 0.172363 0.0738748 0.186523 0.00557709
0 0.593727 0.5 0.812547 1 0.00557709
0 0.5 0.5 1 1 0.00551224
0 0.5 0.5 1 1 0.00548935
0 0.5 0.5 1 1 0.00521851
0 0.5 0.5 1 1 0.00516129
0 0.877385 0.875977 0.1484 0.169922 0.00481033
0 0.419166 0.331543 0.35538 0.319336 0.00446701
0 0.298021 0.919678 0.119924 0.121582 0.00421524
0 0.5 0.5 1 1 0.00416565
0 0.0431207 0.196533 0.075502 0.133301 0.00397491
0 0.475792 0.5 0.951585 1 0.00385475
0 0.5 0.5 1 1 0.00358009
0 0.461148 0.343506 0.246683 0.339355 0.00353813
0 0.0569519 0.173584 0.104792 0.195801 0.00338936
0 0.5 0.5 1 1 0.00327301
0 0.578306 0.797852 0.276624 0.396484 0.00284576
0 0.613291 0.782227 0.405823 0.435547 0.00268364
0 0.443167 0.374023 0.449269 0.394531 0.002388
0 0.439669 0.78418 0.0761528 0.183594 0.00231361
0 0.613128 0.656738 0.239523 0.34668 0.00215721
0 0.571472 0.575195 0.182246 0.222656 0.00214005
0 0.564312 0.883789 0.282481 0.222656 0.0019722
0 0.897036 0.775879 0.205928 0.448242 0.0011158
0 0.895609 0.849609 0.190057 0.238281 0.00105286
0 0.312747 0.895508 0.171832 0.191406 0.00102806
0 0.413308 0.314209 0.455615 0.410645 0.00100803
0 0.560081 0.728027 0.307866 0.481445 0.874023
0 0.598158 0.723145 0.412657 0.532227 0.140137
0 0.289072 0.910156 0.102676 0.162109 0.116333
0 0.555851 0.635254 0.320232 0.397461 0.102295
0 0.042958 0.193115 0.0787564 0.121582 0.0427246
0 0.615731 0.616699 0.400941 0.750977 0.0360107
0 0.513869 0.703125 0.228459 0.46875 0.0348206
0 0.444876 0.75293 0.0709458 0.111328 0.03302
0 0.444469 0.714355 0.592463 0.532227 0.0272675
0 0.609874 0.64209 0.219997 0.333008 0.0262604
0 0.446503 0.744141 0.0768037 0.167969 0.0227966
0 0.827918 0.898193 0.0546738 0.0825195 0.0189362
0 0.661944 0.692383 0.130176 0.240234 0.0170441
0 0.243266 0.908203 0.209908 0.183594 0.0167847
0 0.661906 0.5 0.676188 1 0.0135345
0 0.500526 0.773926 0.167927 0.452148 0.0119629
0 0.84419 0.876953 0.0911231 0.128906 0.0110703
0 0.257423 0.669922 0.270115 0.660156 0.0108566
0 0.507035 0.5 0.709458 1 0.0106964
0 0.588557 0.633301 0.530792 0.518555 0.00974274
0 0.621226 0.5 0.757548 1 0.00878143
0 0.537626 0.72998 0.364492 0.540039 0.00854492
0 0.508662 0.825684 0.189406 0.342773 0.00806427
0 0.379462 0.5 0.758925 1 0.00796509
0 0.267186 0.916992 0.14059 0.166016 0.00787354
0 0.5 0.5 1 1 0.00766754
0 0.666625 0.5 0.66675 1 0.00763702
0 0.854604 0.862305 0.117158 0.136719 0.00709534
0 0.295824 0.416138 0.0995845 0.161865 0.0069046
0 0.498655 0.625488 0.502316 0.545898 0.00631332
0 0.356356 0.661621 0.642417 0.676758 0.00626373
0 0.53352 0.5 0.932959 1 0.00624084
0 0.0707017 0.794922 0.141403 0.410156 0.00602722
0 0.519401 0.864258 0.167927 0.271484 0.00598145
0 0.350173 0.610474 0.700346 0.779053 0.00593567
0 0.656862 0.830566 0.686276 0.338867 0.0055542
0 0.600273 0.771973 0.249612 0.454102 0.00542831
0 0.338457 0.660156 0.421119 0.679688 0.0051384
0 0.351475 0.406128 0.0787564 0.136963 0.00503922
0 0.5 0.5 1 1 0.00503922
0 0.194328 0.79541 0.310388 0.40918 0.00496292
0 0.669104 0.906006 0.104141 0.17627 0.00469971
0 0.5 0.5 1 1 0.00460815
0 0.58156 0.623047 0.227157 0.304688 0.0045929
0 0.506384 0.87793 0.128874 0.244141 0.00450516
0 0.646974 0.819336 0.134081 0.347656 0.00434875
0 0.635258 0.550293 0.571472 0.817383 0.00428009
0 0.5 0.5 1 1 0.00408554
0 0.641729 0.493164 0.716542 0.986328 0.00403976
0 0.831623 0.869141 0.336754 0.261719 0.00403976
0 0.561383 0.683594 0.335203 0.439453 0.98584
0 0.290862 0.898193 0.117321 0.164551 0.344238
0 0.543484 0.691406 0.28118 0.362305 0.0847778
0 0.482952 0.972656 0.0715967 0.0546875 0.0792236
0 0.975467 0.919922 0.0490659 0.0820312 0.078064
0 0.33325 0.515137 0.283783 0.448242 0.0745239
0 0.638512 0.904785 0.165323 0.19043 0.0486755
0 0.580909 0.708984 0.400291 0.564453 0.0479431
0 0.820107 0.898682 0.0338457 0.0620117 0.0433655
0 0.641604 0.859375 0.187779 0.271484 0.0394897
0 0.335284 0.458008 0.273206 0.314453 0.0384521
0 0.0247334 0.956055 0.0494668 0.0722656 0.0348816
0 0.38532 0.480591 0.182897 0.259521 0.03302
0 0.671707 0.953613 0.117158 0.0927734 0.0292511
0 0.595554 0.650391 0.26686 0.353516 0.0285492
0 0.384019 0.55957 0.165323 0.335938 0.0261993
0 0.896911 0.904297 0.0312422 0.0410156 0.0233307
0 0.507035 0.930908 0.119762 0.138184 0.0223694
0 0.840936 0.908203 0.0468633 0.0507812 0.0204163
0 0.452361 0.671875 0.108046 0.15625 0.019989
0 0.550644 0.630859 0.371001 0.730469 0.0197144
0 0.973189 0.9375 0.0536221 0.0898438 0.0175781
0 0.283214 0.502441 0.184687 0.411133 0.0161591
0 0.275403 0.890625 0.118297 0.140625 0.0160217
0 0.604016 0.772461 0.283783 0.443359 0.0158997
0 0.276298 0.75 0.176388 0.414062 0.0136337
0 0.866971 0.856934 0.0989336 0.0986328 0.012825
0 0.293465 0.451172 0.169391 0.287109 0.0127258
0 0.781055 0.198975 0.075502 0.12207 0.0112457
0 0.887799 0.861328 0.0702949 0.0761719 0.0106506
0 0.0983234 0.96875 0.0500363 0.0585938 0.0106506
0 0.323568 0.406738 0.225041 0.216797 0.0104904
0 0.398989 0.49707 0.152306 0.177734 0.0102463
0 0.947029 0.916016 0.0689932 0.078125 0.0102463
0 0.394107 0.59375 0.205678 0.3125 0.00978088
0 0.365469 0.67627 0.0885195 0.117188 0.00971222
0 0.908101 0.146484 0.183798 0.292969 0.00941467
0 0.562685 0.888184 0.160767 0.223633 0.00926971
0 0.287688 0.836914 0.144495 0.242188 0.00919342
0 0.709458 0.973145 0.0572773 0.0537109 0.0085144
0 0.422502 0.77002 0.395572 0.459961 0.00834656
0 0.0578469 0.921875 0.115694 0.140625 0.00818634
0 0.634607 0.793457 0.203074 0.40918 0.00806427
0 0.445852 0.707031 0.0898213 0.15918 0.0078125
0 0.330565 0.894531 0.211048 0.179688 0.00769424
0 0.951059 0.149902 0.0978818 0.299805 0.00653839
0 0.0581723 0.964844 0.103002 0.0683594 0.00653839
0 0.788214 0.759277 0.28899 0.325195 0.005867
0 0.582862 0.84375 0.300055 0.298828 0.00584412
0 0.432835 0.385742 0.277274 0.418945 0.00557709
0 0.565939 0.706543 0.323487 0.512695 0.562988
0 0.649577 0.794434 0.167927 0.411133 0.167725
0 0.588395 0.645508 0.287688 0.380859 0.0700684
0 0.0452361 0.128174 0.0862415 0.253906 0.0587769
0 0.535022 0.659668 0.278576 0.422852 0.0469055
0 0.525585 0.688965 0.464077 0.62207 0.0447693
0 0.293221 0.904053 0.0872178 0.152832 0.0419312
0 0.298428 0.822754 0.111951 0.327148 0.0383911
0 0.613291 0.700195 0.489136 0.599609 0.0380249
0 0.625495 0.679688 0.204376 0.455078 0.028595
0 0.0456429 0.186462 0.0828243 0.161255 0.0275879
0 0.3195 0.705566 0.286549 0.551758 0.0224609
0 0.0434462 0.159912 0.0868923 0.319824 0.0202942
0 0.258318 0.70752 0.20584 0.545898 0.0201416
0 0.433567 0.628906 0.455453 0.527344 0.0190582
0 0.606619 0.806152 0.255145 0.387695 0.0189819
0 0.92177 0.736328 0.156461 0.527344 0.0174408
0 0.240174 0.77002 0.205027 0.426758 0.0166626
0 0.907325 0.787598 0.18485 0.424805 0.0162811
0 0.375476 0.789551 0.273532 0.420898 0.0150757
0 0.4631 0.772949 0.104792 0.229492 0.0147324
0 0.659991 0.708984 0.127572 0.261719 0.0141754
0 0.704376 0.695801 0.591248 0.608398 0.013588
0 0.534697 0.76416 0.315676 0.47168 0.0127716
0 0.271742 0.876709 0.158164 0.230957 0.0126266
0 0.943249 0.745117 0.113503 0.509766 0.0118713
0 0.693674 0.732422 0.234642 0.519531 0.0117798
0 0.051094 0.3125 0.102188 0.625 0.0112915
0 0.0645184 0.662109 0.129037 0.675781 0.0112915
0 0.0426326 0.20752 0.0852651 0.415039 0.0107803
0 0.426977 0.8125 0.328043 0.375 0.0106506
0 0.766535 0.740234 0.46693 0.519531 0.0104523
0 0.0493041 0.137695 0.0986082 0.275391 0.0104065
0 0.639 0.588867 0.2034 0.474609 0.0104065
0 0.911681 0.845703 0.176638 0.308594 0.01017
0 0.484905 0.820312 0.290292 0.359375 0.00971222
0 0.491414 0.662109 0.17053 0.345703 0.00941467
0 0.21121 0.779297 0.283783 0.408203 0.00941467
0 0.933485 0.796875 0.133029 0.40625 0.00933838
0 0.0773732 0.770996 0.154746 0.458008 0.00926971
0 0.0549993 0.525879 0.109999 0.948242 0.00815582
0 0.348871 0.817383 0.204376 0.365234 0.00806427
0 0.508336 0.606445 0.328043 0.451172 0.00800323
0 0.79973 0.791504 0.400541 0.416992 0.00796509
0 0.0967369 0.880615 0.193474 0.23877 0.00787354
0 0.410054 0.745605 0.305913 0.506836 0.00775528
0 0.654784 0.880859 0.161418 0.230469 0.00757599
0 0.875557 0.755371 0.248886 0.489258 0.00728989
0 0.834552 0.787109 0.330896 0.425781 0.00720596
0 0.552922 0.529175 0.310469 0.676025 0.00698471
0 0.558129 0.697266 0.319582 0.457031 0.67041
0 0.042063 0.181152 0.0763156 0.12207 0.179565
0 0.619474 0.721191 0.419491 0.557617 0.150513
0 0.293546 0.9021 0.0937266 0.14502 0.14563
0 0.58156 0.649414 0.279227 0.337891 0.108582
0 0.528514 0.676758 0.247334 0.388672 0.102295
0 0.576679 0.794922 0.30331 0.410156 0.0830078
0 0.974491 0.953125 0.0510186 0.09375 0.0661011
0 0.0218858 0.955078 0.0437716 0.0703125 0.0545959
0 0.594741 0.910156 0.263281 0.179688 0.0401611
0 0.656086 0.546753 0.536324 0.906494 0.0394897
0 0.544135 0.647461 0.372303 0.705078 0.0369873
0 0.60011 0.592773 0.403545 0.806641 0.0330811
0 0.604178 0.877686 0.239198 0.244629 0.0325317
0 0.520703 0.94043 0.11846 0.119141 0.0321045
0 0.0616708 0.130859 0.121389 0.261719 0.0250854
0 0.827267 0.893555 0.0572773 0.0820312 0.0211639
0 0.85135 0.866211 0.11846 0.117188 0.0210419
0 0.0441784 0.128174 0.0883568 0.256348 0.0207672
0 0.610687 0.670898 0.21837 0.279297 0.0205994
0 0.68326 0.647461 0.63298 0.705078 0.0200195
0 0.632003 0.901855 0.190057 0.196289 0.0192413
0 0.493041 0.959473 0.096981 0.0810547 0.0188293
0 0.97384 0.930664 0.0523203 0.113281 0.0182343
0 0.894308 0.892578 0.0442598 0.0703125 0.0170441
0 0.496946 0.666016 0.185501 0.345703 0.016922
0 0.265559 0.901367 0.121714 0.140625 0.0154266
0 0.898213 0.963867 0.0494668 0.0722656 0.0148392
0 0.520052 0.873047 0.177039 0.253906 0.012291
0 0.820107 0.957031 0.0546738 0.0664062 0.0119629
0 0.669104 0.929443 0.11846 0.141113 0.0117798
0 0.503129 0.584961 0.428278 0.810547 0.0115051
0 0.45293 0.69043 0.474003 0.619141 0.0112
0 0.852651 0.880859 0.0963301 0.109375 0.0106964
0 0.890402 0.854004 0.0702949 0.104492 0.0105667
0 0.0925875 0.957031 0.0504431 0.0742188 0.0102921
0 0.51094 0.733398 0.201772 0.449219 0.00963593
0 0.853953 0.962891 0.0442598 0.046875 0.00955963
0 0.543809 0.574219 0.198518 0.212891 0.00891876
0 0.196565 0.859375 0.0611826 0.0742188 0.00891876
0 0.486532 0.648438 0.271417 0.40332 0.00881195
0 0.954189 0.945312 0.075502 0.105469 0.00844574
0 0.0409647 0.188232 0.0819294 0.16748 0.00812531
0 0.034822 0.9375 0.069644 0.105469 0.00800323
0 0.456266 0.700195 0.0976318 0.228516 0.00751877
0 0.264257 0.915527 0.153607 0.168945 0.00748825
0 0.298021 0.894043 0.135546 0.211914 0.00743103
0 0.618498 0.588867 0.239198 0.457031 0.00740433
0 0.496295 0.576294 0.687979 0.847412 0.00725937
0 0.585791 0.580078 0.246032 0.269531 0.00674438
0 0.555851 0.736328 0.321534 0.517578 0.778809
0 0.557803 0.669434 0.309818 0.370117 0.184204
0 0.290373 0.901367 0.102676 0.138672 0.0594177
0 0.902894 0.856934 0.194212 0.28418 0.0273743
0 0.504431 0.712402 0.49597 0.532227 0.0255127
0 0.882592 0.881836 0.18485 0.212891 0.0233307
0 0.0417376 0.194336 0.076641 0.12207 0.0204926
0 0.863065 0.883789 0.137986 0.1875 0.0153656
0 0.36319 0.389526 0.0546738 0.0842285 0.0145035
0 0.306239 0.404175 0.0904722 0.131104 0.0138474
0 0.589534 0.694336 0.411681 0.568359 0.01297
0 0.291919 0.414551 0.132128 0.173828 0.0114212
0 0.305588 0.439941 0.0748511 0.125977 0.0110321
0 0.840285 0.897461 0.0846143 0.140625 0.0109863
0 0.913959 0.887695 0.172082 0.224609 0.0104904
0 0.0459683 0.13208 0.0919366 0.257324 0.0102463
0 0.565939 0.609253 0.388575 0.738525 0.00993347
0 0.256365 0.90332 0.0834752 0.126953 0.00919342
0 0.513869 0.949219 0.0833125 0.101562 0.00905609
0 0.557152 0.56543 0.183548 0.169922 0.00837708
0 0.576028 0.588867 0.221299 0.21875 0.00803375
0 0.593602 0.514648 0.0937266 0.128906 0.00748825
0 0.436089 0.677734 0.0728984 0.181641 0.0069046
0 0.379788 0.41394 0.0930757 0.115479 0.00638962
0 0.281831 0.847656 0.139939 0.275391 0.00638962
0 0.593602 0.838379 0.298103 0.323242 0.00638962
0 0.500526 0.953613 0.102839 0.0927734 0.00609589
0 0.346268 0.456177 0.154909 0.2146 0.00595856
0 0.359936 0.370117 0.0598809 0.113281 0.00593567
0 0.233666 0.874023 0.096981 0.193359 0.00579834
0 0.602063 0.394531 0.0611826 0.0947266 0.00564194
0 0.281912 0.904053 0.107883 0.17627 0.0053215
0 0.930757 0.850098 0.136685 0.299805 0.00516129
0 0.51875 0.589844 0.193962 0.228516 0.00511932
0 0.635909 0.890137 0.191358 0.219727 0.00510025
0 0.613128 0.518555 0.190057 0.258789 0.00469971
0 0.0310795 0.954102 0.0621589 0.0917969 0.00468063
0 0.948331 0.146423 0.0872178 0.108521 0.00460815
0 0.483929 0.641602 0.206329 0.339844 0.00452042
0 0.316653 0.395996 0.152306 0.231445 0.00443268
0 0.565614 0.483398 0.11846 0.0957031 0.00436401
0 0.0648438 0.851562 0.129688 0.291016 0.00395966
0 0.963301 0.17041 0.0650879 0.122559 0.00391388
0 0.252866 0.416138 0.0930757 0.148193 0.00391388
0 0.655435 0.667969 0.136685 0.255859 0.00391388
0 0.671707 0.652344 0.117158 0.292969 0.00388527
0 0.475467 0.61084 0.522656 0.758789 0.00387001
0 0.57733 0.408203 0.0885195 0.108398 0.00382423
0 0.542833 0.517578 0.145797 0.171875 0.00378036
0 0.604667 0.365723 0.0585791 0.0791016 0.00374985
0 0.565614 0.733398 0.316327 0.515625 0.736328
0 0.5552 0.666992 0.287688 0.365234 0.0710449
0 0.626146 0.691895 0.447805 0.616211 0.0350037
0 0.598158 0.658203 0.248636 0.3125 0.0149002
0 0.579282 0.837402 0.305913 0.325195 0.0133286
0 0.543809 0.869141 0.208932 0.261719 0.0117798
0 0.634607 0.902832 0.197867 0.194336 0.00772476
0 0.640302 0.72168 0.164347 0.203125 0.0068512
0 0.292814 0.886719 0.0964928 0.0917969 0.00658798
0 0.519401 0.897217 0.161418 0.205566 0.00616837
0 0.624844 0.796387 0.203074 0.356445 0.00584412
0 0.525259 0.788574 0.231713 0.418945 0.00566483
0 0.605155 0.57373 0.380439 0.766602 0.00530243
0 0.557803 0.607422 0.36319 0.677734 0.00475693
0 0.485474 0.688477 0.53909 0.605469 0.00450516
0 0.658039 0.923828 0.149702 0.152344 0.00443268
0 0.436414 0.684082 0.0670405 0.158203 0.00307465
0 0.28777 0.883789 0.110487 0.136719 0.00294685
0 0.573424 0.566406 0.178341 0.167969 0.00284576
0 0.638512 0.489258 0.494668 0.953125 0.00246239
0 0.494993 0.581177 0.465378 0.712646 0.00235939
0 0.52233 0.755371 0.473189 0.489258 0.00233269
0 0.682121 0.603516 0.546738 0.792969 0.00231361
0 0.596856 0.584961 0.191358 0.210938 0.00221634
0 0.658039 0.796387 0.191358 0.379883 0.00214958
0 0.648926 0.658203 0.164021 0.324219 0.00201035
0 0.679518 0.938477 0.101537 0.123047 0.00194931
0 0.356682 0.386719 0.0794072 0.0957031 0.00193405
0 0.0467006 0.182617 0.0676914 0.0996094 0.00191212
0 0.446503 0.739258 0.075502 0.160156 0.00167465
0 0.6665 0.722168 0.164021 0.212891 0.00159168
0 0.494017 0.812988 0.183548 0.374023 0.00158501
0 0.79212 0.21051 0.36319 0.391479 0.00155449
0 0.528188 0.599609 0.279227 0.259766 0.00154877
0 0.265884 0.902344 0.162069 0.134766 0.00142097
0 0.583188 0.527832 0.195264 0.162109 0.00135612
0 0.775848 0.158691 0.114555 0.214844 0.00132465
0 0.703725 0.71582 0.59255 0.541016 0.00131989
0 0.371001 0.421997 0.106744 0.165771 0.00131512
0 0.676263 0.91748 0.197867 0.165039 0.00122547
0 0.747372 0.314941 0.452686 0.601562 0.00119686
0 0.301357 0.383789 0.174436 0.160156 0.00116539
0 0.558129 0.544434 0.203725 0.211914 0.00114727
0 0.32186 0.637573 0.460171 0.689697 0.00112915
0 0.294523 0.726562 0.282481 0.521484 0.00110722
0 0.943774 0.128662 0.106744 0.228516 0.00106907
0 0.327718 0.448242 0.220648 0.262695 0.00100803
0 0.284109 0.913818 0.129525 0.172363 0.00100803
