0 0.480023 0.502808 0.76999 0.908447 0.533203
0 0.583838 0.575195 0.69644 0.847656 0.0562439
0 0.323812 0.500488 0.647625 0.948242 0.0484924
0 0.603002 0.499512 0.793997 0.999023 0.03125
0 0.611989 0.77002 0.512567 0.426758 0.0301056
0 0.802534 0.418457 0.0663897 0.0966797 0.0240479
0 0.557603 0.588867 0.884794 0.822266 0.0178528
0 0.383693 0.606934 0.677565 0.745117 0.0163422
0 0.274345 0.487793 0.402894 0.928711 0.0151291
0 0.0228621 0.785156 0.0385646 0.0898438 0.0106506
0 0.685864 0.798828 0.359611 0.375 0.0106125
0 0.5 0.5 1 1 0.0104065
0 0.560044 0.576172 0.879913 0.847656 0.00993347
0 0.450083 0.678711 0.74786 0.609375 0.00933838
0 0.537951 0.220215 0.319582 0.44043 0.00881195
0 0.576153 0.503906 0.847694 0.992188 0.00712204
0 0.45171 0.5 0.656086 1 0.00698471
0 0.5 0.5 1 1 0.0069046
0 0.5 0.5 1 1 0.00679779
0 0.496295 0.5 0.99259 1 0.00653839
0 0.5 0.5 1 1 0.00530243
0 0.333169 0.723633 0.533883 0.513672 0.00511932
0 0.5 0.5 1 1 0.00498199
0 0.0984454 0.582031 0.178015 0.188477 0.00479126
0 0.484254 0.5 0.968508 1 0.00403976
0 0.0814412 0.573242 0.151818 0.249023 0.00367928
0 0.778451 0.757812 0.158814 0.416016 0.003088
0 0.487508 0.5 0.975017 1 0.00305176
0 0.464402 0.392212 0.430231 0.752686 0.00290108
0 0.825114 0.725586 0.349772 0.548828 0.00283432
0 0.54804 0.719727 0.631353 0.550781 0.00283432
0 0.520378 0.162598 0.272718 0.325195 0.00276756
0 0.819907 0.825684 0.360186 0.334961 0.00270462
0 0.434462 0.775391 0.195915 0.449219 0.0026722
0 0.90342 0.0770264 0.182246 0.133057 0.00253105
0 0.720523 0.754395 0.294197 0.450195 0.0024929
0 0.810995 0.379028 0.109348 0.193115 0.00242424
0 0.539904 0.276855 0.281831 0.545898 0.0024147
0 0.724065 0.537598 0.55187 0.852539 0.00234985
0 0.0431207 0.680664 0.0758274 0.322266 0.00222588
0 0.797327 0.416504 0.0950283 0.104492 0.00214958
0 0.402569 0.262939 0.460171 0.525879 0.00214005
0 0.559756 0.162354 0.196565 0.324707 0.00212479
0 0.788865 0.809082 0.121063 0.280273 0.0020504
0 0.0831498 0.702637 0.161093 0.594727 0.00204277
0 0.111626 0.545898 0.209583 0.276367 0.00184631
0 0.385646 0.751953 0.264908 0.486328 0.00175476
0 0.445201 0.864258 0.187453 0.259766 0.00168705
0 0.870876 0.0977783 0.257748 0.179932 0.00162888
0 0.775848 0.342041 0.182246 0.26709 0.00161648
0 0.528839 0.512695 0.939218 0.974609 0.363037
0 0.678379 0.658203 0.374581 0.638672 0.246582
0 0.501828 0.517578 0.669104 0.947266 0.164551
0 0.800581 0.410156 0.0728984 0.09375 0.131592
0 0.584489 0.560425 0.572773 0.845947 0.116333
0 0.36319 0.779785 0.485556 0.428711 0.0997925
0 0.48881 0.256592 0.535022 0.460449 0.0957031
0 0.302659 0.812012 0.369048 0.375977 0.0823975
0 0.671056 0.799805 0.393131 0.400391 0.067688
0 0.694488 0.543457 0.369699 0.885742 0.0656128
0 0.390527 0.655273 0.0559756 0.0742188 0.0592041
0 0.45171 0.80957 0.712062 0.380859 0.0559387
0 0.52949 0.251953 0.380764 0.494141 0.0466309
0 0.316653 0.76123 0.301357 0.477539 0.044342
0 0.299404 0.59082 0.381415 0.806641 0.0432129
0 0.7407 0.77002 0.242127 0.432617 0.0409241
0 0.0199332 0.787598 0.0398663 0.0712891 0.0401611
0 0.188429 0.652832 0.0631353 0.0800781 0.0322266
0 0.270115 0.500854 0.447805 0.951416 0.0280151
0 0.613779 0.263428 0.434787 0.474121 0.0275269
0 0.44455 0.527344 0.0663897 0.09375 0.0252686
0 0.432184 0.862305 0.0663897 0.126953 0.0249939
0 0.788865 0.40332 0.0911231 0.114258 0.0243835
0 0.422095 0.281982 0.0995845 0.16748 0.0222931
0 0.773244 0.788574 0.157513 0.327148 0.0207214
0 0.349197 0.595215 0.0748511 0.107422 0.0204926
0 0.831823 0.700195 0.0885195 0.125 0.0173798
0 0.153119 0.757812 0.0953538 0.152344 0.0171814
0 0.163371 0.740234 0.117809 0.196289 0.0171051
0 0.721174 0.80957 0.187453 0.355469 0.016098
0 0.372303 0.818848 0.188755 0.362305 0.0160217
0 0.29973 0.254883 0.372954 0.441406 0.0160217
0 0.790167 0.694336 0.153607 0.226562 0.0148392
0 0.5 0.5 1 1 0.0146179
0 0.319256 0.647461 0.064437 0.078125 0.0145569
0 0.0226994 0.744141 0.0453988 0.0908203 0.0130234
0 0.79212 0.383301 0.0976318 0.148438 0.0127258
0 0.369048 0.644531 0.0917739 0.0976562 0.0126266
0 0.415912 0.299316 0.119111 0.228516 0.0115051
0 0.544786 0.21582 0.273369 0.431641 0.0111618
0 0.704251 0.780762 0.225204 0.438477 0.0110703
0 0.383693 0.629395 0.0852651 0.123047 0.0103302
0 0.427627 0.897461 0.0820107 0.177734 0.00985718
0 0.438692 0.192322 0.1484 0.380981 0.00948334
0 0.419817 0.244629 0.0963301 0.12793 0.00937653
0 0.445201 0.241455 0.111951 0.278809 0.00926971
0 0.626796 0.451294 0.464728 0.853271 0.00923157
0 0.435113 0.295898 0.0917739 0.188477 0.00878143
0 0.751765 0.348633 0.16272 0.217773 0.00878143
0 0.417213 0.465332 0.132779 0.216797 0.0085144
0 0.516147 0.51416 0.796676 0.928711 0.992188
0 0.609223 0.55481 0.558454 0.792725 0.992188
0 0.648438 0.668823 0.476118 0.646729 0.695312
0 0.606782 0.722656 0.554223 0.5 0.650391
0 0.418515 0.577026 0.673009 0.761963 0.435791
0 0.326416 0.245361 0.271417 0.435059 0.343262
0 0.482627 0.404785 0.490112 0.779297 0.255371
0 0.280203 0.601562 0.379462 0.546875 0.201172
0 0.332274 0.616211 0.512242 0.697266 0.193726
0 0.516798 0.211426 0.384019 0.422852 0.188965
0 0.532419 0.172607 0.302008 0.312988 0.141724
0 0.285085 0.685547 0.408752 0.589844 0.102478
0 0.63656 0.774414 0.515496 0.386719 0.0888062
0 0.574075 0.160156 0.183548 0.279785 0.0875854
0 0.303635 0.512817 0.476443 0.939209 0.0830078
0 0.50378 0.284668 0.432184 0.520508 0.0742188
0 0.79993 0.413086 0.0624844 0.0908203 0.0661011
0 0.188918 0.166016 0.371326 0.332031 0.0606384
0 0.445852 0.540039 0.0650879 0.0722656 0.0600891
0 0.368723 0.277283 0.209583 0.378052 0.0483093
0 0.428197 0.310547 0.62761 0.621094 0.0403137
0 0.357983 0.224854 0.233015 0.38623 0.0374756
0 0.791469 0.399902 0.080709 0.114258 0.0342407
0 0.478721 0.756836 0.677565 0.478516 0.0336609
0 0.552596 0.147949 0.24473 0.29248 0.0332642
0 0.353509 0.40625 0.641604 0.771484 0.0316162
0 0.0906349 0.574219 0.161418 0.162109 0.0272675
0 0.40086 0.705078 0.62761 0.578125 0.0193481
0 0.294523 0.259033 0.231062 0.364746 0.0150757
0 0.318931 0.101318 0.0833125 0.145508 0.0150146
0 0.149702 0.57666 0.12985 0.157227 0.0145035
0 0.329345 0.228027 0.635258 0.456055 0.0141144
0 0.552596 0.567383 0.834427 0.865234 0.0124817
0 0.424373 0.241211 0.0891704 0.151855 0.0117798
0 0.469284 0.797363 0.774546 0.405273 0.0111618
0 0.291268 0.452148 0.408101 0.526367 0.0104523
0 0.289641 0.304626 0.357983 0.482544 0.0102921
0 0.803185 0.390625 0.101537 0.124023 0.00930023
0 0.505408 0.722656 0.6294 0.554688 0.00905609
0 0.084899 0.600586 0.159547 0.193359 0.00894928
0 0.253192 0.607422 0.406799 0.732422 0.0086441
0 0.18485 0.583008 0.199169 0.248047 0.00837708
0 0.359285 0.807617 0.71857 0.384766 0.00837708
0 0.289967 0.163086 0.201772 0.26416 0.00809479
0 0.562685 0.132385 0.182897 0.216675 0.00803375
0 0.193962 0.150635 0.277274 0.248535 0.00787354
0 0.430556 0.559082 0.767386 0.881836 0.00787354
0 0.680819 0.931641 0.110649 0.136719 0.00740433
0 0.269138 0.966797 0.064437 0.0664062 0.00703812
0 0.32967 0.124756 0.128223 0.190918 0.00701141
0 0.486207 0.602539 0.831823 0.794922 0.733398
0 0.569519 0.644409 0.635258 0.62915 0.491211
0 0.357983 0.635742 0.510289 0.714844 0.19873
0 0.0156211 0.798828 0.0312422 0.0625 0.150513
0 0.441947 0.53418 0.0624844 0.078125 0.143677
0 0.646811 0.671387 0.494993 0.547852 0.113403
0 0.771942 0.77002 0.200471 0.416992 0.0718384
0 0.527863 0.5177 0.699044 0.806396 0.0626831
0 0.420793 0.40918 0.257097 0.313477 0.0572815
0 0.296475 0.630859 0.365143 0.695312 0.0561218
0 0.800581 0.42627 0.0637861 0.0898438 0.049408
0 0.431533 0.441895 0.113253 0.265625 0.0472412
0 0.482627 0.405762 0.363841 0.329102 0.0387573
0 0.382391 0.391479 0.237571 0.363525 0.0344238
0 0.319582 0.547974 0.436089 0.67749 0.0337219
0 0.36677 0.32428 0.283132 0.497925 0.0332031
0 0.784309 0.800781 0.141892 0.3125 0.0302124
0 0.722313 0.599121 0.383042 0.688477 0.0298767
0 0.394433 0.443848 0.255145 0.348633 0.0294189
0 0.719221 0.760254 0.300706 0.456055 0.0277405
0 0.413959 0.508301 0.130176 0.150391 0.0241394
0 0.412006 0.398926 0.157513 0.334961 0.0239563
0 0.479047 0.407715 0.252541 0.342773 0.022583
0 0.376859 0.470215 0.709458 0.94043 0.0213623
0 0.788214 0.838867 0.131478 0.234375 0.0212402
0 0.596042 0.290283 0.518425 0.560059 0.0197906
0 0.75502 0.42041 0.239523 0.404297 0.0195007
0 0.359285 0.265137 0.232364 0.490234 0.0192413
0 0.788865 0.418945 0.0885195 0.101562 0.0183411
0 0.707994 0.281982 0.297126 0.478027 0.0167847
0 0.531036 0.326904 0.648438 0.64502 0.0163422
0 0.0173703 0.732422 0.0347407 0.0644531 0.016098
0 0.344234 0.779297 0.359448 0.439453 0.0149536
0 0.132779 0.598145 0.0566265 0.0888672 0.0137405
0 0.771942 0.838867 0.169229 0.28125 0.0131226
0 0.777149 0.662598 0.328043 0.541992 0.0129242
0 0.372872 0.490234 0.2501 0.416016 0.0124283
0 0.44455 0.507812 0.889101 0.984375 0.0119629
0 0.774546 0.356445 0.119762 0.248047 0.0116882
0 0.18127 0.652344 0.0618335 0.0869141 0.0113297
0 0.796676 0.362549 0.0833125 0.224121 0.0112915
0 0.120738 0.580078 0.0605317 0.0996094 0.0107346
0 0.404196 0.244873 0.145797 0.327637 0.0105667
0 0.410705 0.305664 0.137986 0.296875 0.00933838
0 0.179968 0.62207 0.112602 0.189453 0.00919342
0 0.782357 0.706543 0.152306 0.55957 0.00901794
0 0.405498 0.79248 0.234316 0.415039 0.00894928
0 0.34822 0.473511 0.346268 0.420166 0.00871277
0 0.78496 0.435547 0.101537 0.121094 0.00844574
0 0.745256 0.35376 0.173134 0.276855 0.00828552
0 0.432184 0.492676 0.756321 0.985352 0.904297
0 0.360587 0.366455 0.71857 0.73291 0.135498
0 0.36913 0.525391 0.566102 0.949219 0.116943
0 0.273288 0.720703 0.377672 0.46875 0.0587769
0 0.303635 0.488281 0.383368 0.53125 0.0495911
0 0.108534 0.5625 0.178341 0.205078 0.0438538
0 0.282807 0.411621 0.45887 0.823242 0.0402527
0 0.797327 0.432617 0.0533721 0.0859375 0.035553
0 0.374906 0.690918 0.557152 0.618164 0.0352783
0 0.51452 0.364258 0.387273 0.52832 0.0310822
0 0.782357 0.563477 0.145797 0.356445 0.0310822
0 0.0910824 0.583984 0.149784 0.166016 0.0299835
0 0.563661 0.5 0.687328 1 0.0271759
0 0.760227 0.564575 0.19266 0.448975 0.0265503
0 0.478071 0.359131 0.660642 0.716309 0.026062
0 0.482627 0.635742 0.678867 0.724609 0.0245209
0 0.246683 0.527344 0.313724 0.492188 0.0238647
0 0.521354 0.443848 0.415261 0.505859 0.0233307
0 0.445527 0.52832 0.0611826 0.0820312 0.0230713
0 0.134244 0.513672 0.243754 0.322266 0.0218658
0 0.105402 0.632812 0.184931 0.273438 0.019165
0 0.126759 0.550781 0.214465 0.261719 0.0180511
0 0.175371 0.494629 0.268243 0.326172 0.0161591
0 0.25189 0.629883 0.337155 0.539062 0.0142822
0 0.533395 0.191833 0.247985 0.331177 0.0142288
0 0.095191 0.608398 0.165323 0.181641 0.0141754
0 0.786262 0.637695 0.1484 0.158203 0.0124283
0 0.55943 0.160889 0.181595 0.256836 0.0112457
0 0.234642 0.445312 0.304611 0.537109 0.0109482
0 0.779753 0.500488 0.110649 0.275391 0.0106964
0 0.187494 0.566406 0.230981 0.363281 0.0105667
0 0.236594 0.538574 0.372954 0.719727 0.0103302
0 0.337155 0.764648 0.489461 0.470703 0.00971222
0 0.0269301 0.783203 0.0514194 0.103516 0.00963593
0 0.103652 0.687012 0.192986 0.401367 0.00891876
0 0.551294 0.562012 0.45171 0.478516 0.00871277
0 0.786262 0.408325 0.075502 0.101318 0.00867462
0 0.513543 0.277832 0.329345 0.514648 0.00841522
0 0.3147 0.756836 0.369699 0.443359 0.008255
0 0.791469 0.827148 0.14059 0.257812 0.00812531
0 0.398989 0.647461 0.0611826 0.0800781 0.00763702
0 0.569519 0.55481 0.597507 0.812256 0.00760651
0 0.332274 0.271484 0.259701 0.487305 0.00754929
0 0.792771 0.870117 0.122365 0.175781 0.00734711
0 0.435113 0.505859 0.0917739 0.134766 0.00723267
0 0.790818 0.757812 0.160116 0.369141 0.00723267
0 0.579933 0.646973 0.458219 0.575195 0.00720596
0 0.41819 0.300293 0.746558 0.600586 0.00698471
0 0.212675 0.390625 0.414935 0.756836 0.00695801
0 0.214953 0.418945 0.221624 0.310547 0.00674438
0 0.514194 0.49707 0.770641 0.994141 0.326904
0 0.471562 0.35498 0.500526 0.709961 0.165039
0 0.585791 0.630005 0.555851 0.730225 0.148315
0 0.28899 0.713867 0.374906 0.548828 0.0849609
0 0.254575 0.525879 0.30575 0.551758 0.081543
0 0.282563 0.608398 0.396873 0.728516 0.0680542
0 0.413959 0.469727 0.6665 0.933594 0.0630493
0 0.503129 0.322266 0.344966 0.574219 0.0560303
0 0.269138 0.514648 0.447154 0.927734 0.050415
0 0.254819 0.601562 0.290292 0.37793 0.0481262
0 0.256446 0.622925 0.308517 0.56665 0.041687
0 0.285736 0.441895 0.360587 0.62207 0.0386047
0 0.235618 0.542847 0.270766 0.386963 0.035675
0 0.464728 0.601074 0.758925 0.797852 0.0323486
0 0.590835 0.782715 0.54446 0.420898 0.0312042
0 0.519727 0.442383 0.39248 0.478516 0.0299225
0 0.198844 0.625488 0.164672 0.389648 0.0287628
0 0.21121 0.558594 0.210885 0.304688 0.0249329
0 0.134732 0.642578 0.206003 0.375 0.0232849
0 0.406148 0.277344 0.0624844 0.0888672 0.0231934
0 0.413308 0.233887 0.0742002 0.134766 0.0224152
0 0.327392 0.380615 0.532419 0.76123 0.02211
0 0.146122 0.580566 0.264908 0.314453 0.0200653
0 0.802534 0.446289 0.0442598 0.0644531 0.0197601
0 0.236269 0.40332 0.252541 0.623047 0.0194244
0 0.338782 0.741211 0.298753 0.517578 0.0185852
0 0.469935 0.398438 0.251239 0.398438 0.0184326
0 0.521029 0.249756 0.284434 0.459473 0.0181274
0 0.105117 0.763672 0.210234 0.458984 0.016983
0 0.343745 0.308594 0.271905 0.558594 0.016922
0 0.112602 0.637695 0.225204 0.292969 0.0158997
0 0.120575 0.588867 0.200796 0.212891 0.0156708
0 0.227482 0.487305 0.192009 0.426758 0.0154266
0 0.181595 0.675781 0.136034 0.404297 0.0151901
0 0.671707 0.757812 0.400941 0.433594 0.0151901
0 0.553898 0.14447 0.175737 0.24231 0.0149536
0 0.138637 0.679199 0.150678 0.399414 0.0148392
0 0.441947 0.539062 0.0520703 0.0800781 0.0145569
0 0.799279 0.428223 0.0520703 0.0791016 0.0131226
0 0.412657 0.367188 0.128874 0.249023 0.012825
0 0.543809 0.157227 0.22195 0.313477 0.0125275
0 0.402894 0.651855 0.0715967 0.0908203 0.0124283
0 0.252866 0.385254 0.171181 0.533203 0.0118256
0 0.786913 0.411621 0.0689932 0.108398 0.0117798
0 0.149377 0.728516 0.0943774 0.310547 0.0115509
0 0.305262 0.137451 0.0611826 0.11084 0.0113297
0 0.323487 0.283142 0.171832 0.457153 0.0110321
0 0.465053 0.341553 0.198518 0.287598 0.0109863
0 0.148726 0.791016 0.0924248 0.273438 0.0105667
0 0.423397 0.268066 0.0826616 0.160156 0.0102081
0 0.491088 0.506958 0.850699 0.986084 0.876465
0 0.573424 0.601074 0.601412 0.790039 0.614258
0 0.591161 0.757812 0.55162 0.484375 0.282227
0 0.501502 0.332764 0.45887 0.644043 0.17334
0 0.503455 0.338867 0.354729 0.509766 0.0462036
0 0.159465 0.673828 0.14059 0.335938 0.0408325
0 0.16272 0.689941 0.113253 0.254883 0.0365601
0 0.448781 0.522461 0.0605317 0.0898438 0.0328369
0 0.477745 0.680298 0.757623 0.639404 0.0263519
0 0.445527 0.484497 0.621589 0.913818 0.0188293
0 0.268081 0.760254 0.34643 0.479492 0.0175171
0 0.45887 0.398926 0.235618 0.305664 0.0167236
0 0.193799 0.67334 0.196891 0.348633 0.0160217
0 0.334552 0.553223 0.489461 0.875977 0.0153046
0 0.129199 0.671875 0.209908 0.349609 0.0131226
0 0.391829 0.645996 0.0449106 0.0615234 0.0121918
0 0.783658 0.755859 0.174436 0.371094 0.0119171
0 0.42242 0.511719 0.122365 0.128906 0.0108185
0 0.23692 0.69873 0.265559 0.331055 0.0104065
0 0.258074 0.666992 0.339108 0.476562 0.00978088
0 0.551945 0.244568 0.248636 0.402466 0.00971222
0 0.390527 0.493652 0.18485 0.205078 0.00963593
0 0.148726 0.749512 0.104141 0.147461 0.00963593
0 0.390853 0.446289 0.184199 0.274414 0.00861359
0 0.499224 0.407227 0.347569 0.357422 0.00857544
0 0.48165 0.340088 0.270766 0.303223 0.00831604
0 0.332925 0.761719 0.266209 0.425781 0.0078125
0 0.566265 0.188538 0.190057 0.285034 0.00746155
0 0.170693 0.623047 0.220323 0.341797 0.00734711
0 0.427627 0.501465 0.153607 0.149414 0.00728989
0 0.529815 0.441528 0.315025 0.3396 0.00723267
0 0.302984 0.707031 0.369048 0.433594 0.00695801
0 0.145309 0.650391 0.185826 0.277344 0.00679779
0 0.496295 0.472168 0.31828 0.25293 0.00658798
0 0.413308 0.243164 0.085916 0.131836 0.00612259
0 0.374255 0.476562 0.209583 0.345703 0.00575256
0 0.568217 0.175781 0.152306 0.227539 0.00568771
0 0.786262 0.702148 0.153607 0.224609 0.00566483
0 0.02034 0.788086 0.0351475 0.0742188 0.00510025
0 0.417213 0.274902 0.0937266 0.106934 0.0050621
0 0.413959 0.348145 0.14059 0.174805 0.00496292
0 0.379462 0.370605 0.21479 0.350586 0.00488663
0 0.361238 0.703613 0.190057 0.314453 0.00486755
0 0.782357 0.810547 0.145797 0.277344 0.00457382
0 0.387924 0.231689 0.147099 0.196777 0.00450516
0 0.781055 0.663574 0.161418 0.157227 0.00428009
0 0.23692 0.75293 0.22195 0.419922 0.00415039
0 0.578631 0.337402 0.615731 0.674805 0.00399017
0 0.554874 0.156738 0.227157 0.285156 0.00390053
0 0.405172 0.667969 0.127572 0.112305 0.00385475
