0 0.352695 0.600098 0.609385 0.764648 0.419678
0 0.306483 0.493652 0.595066 0.987305 0.0222931
0 0.463426 0.519043 0.890402 0.961914 0.016098
0 0.565902 0.495605 0.868197 0.991211 0.0106125
0 0.552721 0.534668 0.894558 0.920898 0.00888062
0 0.67053 0.594727 0.658939 0.810547 0.00841522
0 0.768162 0.537598 0.463676 0.924805 0.00787354
0 0.517411 0.596191 0.965178 0.807617 0.00740433
0 0.511716 0.5 0.976568 1 0.00717545
0 0.5 0.5 1 1 0.00621796
0 0.5 0.5 1 1 0.00595856
0 0.44813 0.5 0.89626 1 0.00595856
0 0.5 0.594604 1 0.810791 0.00577545
0 0.409403 0.5 0.818806 1 0.00570679
0 0.49239 0.586426 0.853302 0.827148 0.00561905
0 0.513831 0.5 0.972338 1 0.0055542
0 0.381741 0.5 0.638512 1 0.00538635
0 0.485556 0.5 0.971111 1 0.00450516
0 0.474491 0.5 0.948981 1 0.00436401
0 0.432835 0.5 0.865669 1 0.00346947
0 0.247659 0.429565 0.352776 0.834229 0.00341606
0 0.367747 0.71582 0.5923 0.560547 0.00254059
0 0.106907 0.472656 0.213814 0.945312 0.00131989
0 0.332599 0.348877 0.398338 0.368652 0.00128937
0 0.694 0.79834 0.325114 0.40332 0.0012064
0 0.787564 0.890869 0.154909 0.194824 0.0011425
0 0.213814 0.393066 0.427627 0.786133 0.00112438
0 0.562034 0.604492 0.531768 0.769531 0.00109482
0 0.302008 0.400269 0.0507686 0.076416 0.122131
0 0.37751 0.403809 0.0507686 0.0820312 0.0308533
0 0.43674 0.412109 0.048165 0.0771484 0.0149002
0 0.468633 0.653442 0.441296 0.693115 0.0109863
0 0.320558 0.654297 0.574726 0.691406 0.0103302
0 0.386622 0.653442 0.439994 0.693115 0.0102921
0 0.533721 0.939453 0.110649 0.113281 0.00871277
0 0.676914 0.679321 0.527212 0.641357 0.0086441
0 0.671669 0.5 0.656661 1 0.0086441
0 0.583963 0.5 0.832073 1 0.00815582
0 0.650353 0.5 0.699294 1 0.00806427
0 0.459846 0.820312 0.34041 0.359375 0.00796509
0 0.57017 0.658203 0.624844 0.683594 0.00754929
0 0.306564 0.390747 0.0637861 0.116943 0.00734711
0 0.5 0.5 1 1 0.00712204
0 0.5 0.5 1 1 0.00709534
0 0.67053 0.410645 0.658939 0.821289 0.00664139
0 0.565576 0.46582 0.868848 0.931641 0.00661469
0 0.609999 0.5 0.780003 1 0.00636292
0 0.45171 0.406738 0.90342 0.813477 0.00568771
0 0.498899 0.90332 0.205027 0.179688 0.00566483
0 0.5 0.451172 1 0.902344 0.00564194
0 0.702749 0.755859 0.594502 0.488281 0.00547028
0 0.326741 0.375977 0.653482 0.751953 0.00538635
0 0.350824 0.523438 0.542833 0.953125 0.00526047
0 0.485881 0.405762 0.971762 0.811523 0.00477219
0 0.87035 0.529297 0.2593 0.941406 0.00477219
0 0.584327 0.546021 0.557478 0.907959 0.00468063
0 0.782481 0.845703 0.435037 0.308594 0.00468063
0 0.254819 0.641113 0.467982 0.676758 0.00453949
0 0.231387 0.381958 0.0462124 0.0915527 0.00446701
0 0.452686 0.5 0.88845 1 0.00446701
0 0.493366 0.875 0.233015 0.236328 0.00443268
0 0.756484 0.67981 0.431858 0.640381 0.00441742
0 0.680982 0.791992 0.515171 0.416016 0.00424957
0 0.809168 0.5 0.381665 1 0.00403976
0 0.505082 0.509277 0.501177 0.981445 0.00366402
0 0.60548 0.726074 0.621915 0.545898 0.00353813
0 0.482952 0.758789 0.965904 0.482422 0.00353813
0 0.376859 0.393555 0.0624844 0.121094 0.00318527
0 0.443574 0.259277 0.451059 0.452148 0.00288963
0 0.5 0.5 1 1 0.00286674
0 0.178341 0.764648 0.0742002 0.0800781 0.00284576
0 0.717919 0.546387 0.522005 0.907227 0.00279045
0 0.528839 0.259338 0.440645 0.464722 0.00269318
0 0.477094 0.927734 0.201772 0.119141 0.00252151
0 0.231387 0.644409 0.462775 0.711182 0.00251198
0 0.5 0.5 1 1 0.0024929
0 0.374581 0.333984 0.561709 0.595703 0.00246239
0 0.296475 0.388672 0.0956792 0.124023 0.00245285
0 0.483278 0.242676 0.413308 0.485352 0.821777
0 0.728334 0.780273 0.425675 0.421875 0.567871
0 0.691071 0.713867 0.419491 0.560547 0.512695
0 0.38532 0.665894 0.708156 0.631104 0.291748
0 0.233666 0.380859 0.048165 0.0654297 0.282227
0 0.30396 0.414062 0.0507686 0.0625 0.265137
0 0.157513 0.141968 0.315025 0.283936 0.218628
0 0.23692 0.368164 0.0507686 0.0654297 0.184204
0 0.447805 0.405273 0.0742002 0.0878906 0.129883
0 0.554549 0.969727 0.0566265 0.0605469 0.119202
0 0.346593 0.742188 0.60727 0.505859 0.11145
0 0.367747 0.502441 0.678216 0.959961 0.11084
0 0.433485 0.61731 0.864367 0.74585 0.107056
0 0.368397 0.410156 0.048165 0.0625 0.101562
0 0.38532 0.798828 0.719872 0.398438 0.0997925
0 0.445771 0.288574 0.432346 0.577148 0.0827026
0 0.197054 0.143799 0.363516 0.263184 0.076416
0 0.520052 0.347656 0.497272 0.652344 0.0725098
0 0.680819 0.657715 0.502479 0.612305 0.0674438
0 0.468307 0.957031 0.0670405 0.0742188 0.0562439
0 0.166137 0.125854 0.332274 0.251709 0.0538025
0 0.188429 0.97168 0.0618335 0.0566406 0.0465393
0 0.752416 0.689453 0.453012 0.591797 0.0433655
0 0.514194 0.146118 0.458219 0.292236 0.0414734
0 0.166625 0.364746 0.0585791 0.0732422 0.0380249
0 0.430231 0.831543 0.853953 0.319336 0.0350647
0 0.574075 0.544434 0.76283 0.864258 0.0287018
0 0.534372 0.96582 0.0872178 0.0683594 0.0240021
0 0.447479 0.951172 0.104792 0.0820312 0.0219116
0 0.494668 0.324951 0.175737 0.26416 0.0190887
0 0.46668 0.546875 0.0520703 0.0585938 0.0185089
0 0.489461 0.273376 0.342362 0.389771 0.016922
0 0.482301 0.915039 0.160116 0.160156 0.0167847
0 0.335528 0.178101 0.671056 0.356201 0.0151291
0 0.374581 0.400269 0.054023 0.0822754 0.014389
0 0.743304 0.674805 0.0572773 0.0605469 0.0136337
0 0.455615 0.545898 0.0598809 0.0644531 0.013588
0 0.613253 0.195312 0.773494 0.390625 0.0129242
0 0.309086 0.833496 0.540392 0.333008 0.0113297
0 0.764132 0.178711 0.0572773 0.0771484 0.0106506
0 0.155723 0.378784 0.0576028 0.0803223 0.00941467
0 0.471236 0.888672 0.212187 0.214844 0.00905609
0 0.728334 0.876709 0.292896 0.246582 0.0088501
0 0.285085 0.396973 0.0663897 0.0722656 0.00834656
0 0.315595 0.613281 0.556013 0.757812 0.00834656
0 0.342362 0.154175 0.684725 0.30835 0.008255
0 0.717269 0.850586 0.369699 0.298828 0.00800323
0 0.383693 0.8479 0.706204 0.304199 0.00800323
0 0.173785 0.37085 0.0742002 0.0844727 0.00787354
0 0.306889 0.380371 0.0598809 0.0927734 0.00695801
0 0.333901 0.633789 0.635258 0.732422 0.281494
0 0.227482 0.389526 0.0410054 0.0627441 0.225464
0 0.619799 0.696289 0.684399 0.603516 0.193115
0 0.439343 0.608887 0.878687 0.782227 0.191284
0 0.555851 0.610352 0.770641 0.755859 0.168823
0 0.302008 0.40918 0.0442598 0.0644531 0.078064
0 0.160442 0.385742 0.0533721 0.0869141 0.0673218
0 0.711048 0.614746 0.577905 0.770508 0.0598755
0 0.432184 0.46875 0.768037 0.9375 0.0486755
0 0.80709 0.66687 0.371001 0.607666 0.0375977
0 0.508011 0.303711 0.548691 0.607422 0.035553
0 0.405823 0.310547 0.682772 0.621094 0.0317993
0 0.494017 0.515625 0.975017 0.96875 0.0314941
0 0.326741 0.833984 0.653482 0.332031 0.03125
0 0.507035 0.874023 0.240825 0.251953 0.0306702
0 0.542264 0.5 0.597344 0.904297 0.0287018
0 0.612965 0.838379 0.703275 0.323242 0.0277405
0 0.163533 0.364502 0.0576028 0.0854492 0.026062
0 0.732239 0.787109 0.348871 0.417969 0.0257111
0 0.372628 0.410156 0.0475142 0.0664062 0.0253754
0 0.176063 0.52832 0.0494668 0.0722656 0.0236511
0 0.229435 0.373779 0.0494668 0.0786133 0.0224609
0 0.783783 0.563965 0.432434 0.852539 0.0205231
0 0.350173 0.824219 0.700346 0.351562 0.0162811
0 0.526236 0.123779 0.517449 0.247559 0.0138474
0 0.0270115 0.418945 0.054023 0.837891 0.0133743
0 0.253111 0.663574 0.420631 0.672852 0.0131226
0 0.484254 0.865234 0.768037 0.269531 0.012825
0 0.0147261 0.501465 0.0294523 0.99707 0.012146
0 0.624969 0.817383 0.750063 0.365234 0.0115967
0 0.48523 0.849609 0.320883 0.300781 0.0114212
0 0.339433 0.453125 0.678867 0.90625 0.00997162
0 0.734354 0.722656 0.306889 0.550781 0.00985718
0 0.0421444 0.276367 0.0842888 0.552734 0.00948334
0 0.762792 0.706055 0.474415 0.587891 0.00844574
0 0.389876 0.133057 0.779753 0.266113 0.00841522
0 0.764908 0.881104 0.470185 0.237793 0.00793457
0 0.341386 0.248535 0.682772 0.49707 0.0078125
0 0.507035 0.942383 0.210885 0.111328 0.00717545
0 0.609385 0.382324 0.541206 0.764648 0.00695801
0 0.380439 0.554321 0.760877 0.891357 0.0068779
0 0.841061 0.603516 0.317879 0.738281 0.00677109
0 0.884669 0.951172 0.230661 0.0976562 0.00669098
0 0.841061 0.919922 0.317879 0.160156 0.00664139
0 0.64417 0.54541 0.711661 0.90918 0.00658798
0 0.0124481 0.646484 0.0248961 0.707031 0.00634003
0 0.492715 0.854004 0.857858 0.291992 0.00595856
0 0.299079 0.39856 0.0624844 0.064209 0.00582123
0 0.0625657 0.805664 0.125131 0.388672 0.00568771
0 0.478071 0.949219 0.143844 0.0898438 0.00547028
0 0.3147 0.578003 0.587744 0.843994 0.610352
0 0.508336 0.249023 0.337155 0.466797 0.458008
0 0.300706 0.691895 0.533721 0.616211 0.323486
0 0.342362 0.5 0.684725 1 0.295898
0 0.546738 0.499023 0.818806 0.998047 0.247314
0 0.496051 0.243408 0.51273 0.486816 0.153564
0 0.610362 0.587402 0.68505 0.819336 0.125122
0 0.585954 0.258301 0.715641 0.516602 0.119629
0 0.683423 0.80957 0.430882 0.375 0.0960083
0 0.676914 0.731445 0.430882 0.509766 0.0863037
0 0.181921 0.788086 0.29615 0.414062 0.0820923
0 0.354729 0.244141 0.686026 0.488281 0.0733032
0 0.304937 0.833496 0.535673 0.333008 0.0685425
0 0.654133 0.794922 0.593602 0.40625 0.0634766
0 0.665849 0.490112 0.646974 0.976807 0.059967
0 0.487508 0.901367 0.223902 0.197266 0.0587769
0 0.155886 0.84668 0.238222 0.298828 0.0583496
0 0.42958 0.588501 0.848746 0.822998 0.0566406
0 0.19685 0.724609 0.311201 0.535156 0.0417786
0 0.436089 0.410156 0.0520703 0.0859375 0.0400085
0 0.347895 0.863281 0.440645 0.273438 0.035614
0 0.206817 0.362061 0.18127 0.120605 0.0336609
0 0.203888 0.351562 0.147424 0.115234 0.0324707
0 0.302984 0.399902 0.0410054 0.0625 0.0299225
0 0.464077 0.869141 0.283783 0.261719 0.0293121
0 0.341386 0.766602 0.461473 0.464844 0.0261993
0 0.369699 0.399414 0.0468633 0.0810547 0.0248871
0 0.287607 0.233154 0.502641 0.465332 0.0226288
0 0.688793 0.653809 0.588069 0.68457 0.0215302
0 0.200105 0.85791 0.313154 0.28418 0.0208893
0 0.526236 0.943848 0.139939 0.112305 0.0197601
0 0.185501 0.945312 0.109673 0.109375 0.018158
0 0.210559 0.227783 0.348871 0.403809 0.0162811
0 0.372872 0.915039 0.408915 0.164062 0.0160217
0 0.487183 0.331055 0.314375 0.327148 0.0142822
0 0.157187 0.365723 0.0735493 0.112305 0.014061
0 0.55878 0.223389 0.336504 0.424316 0.0139008
0 0.142705 0.688965 0.211861 0.62207 0.0139008
0 0.402894 0.815918 0.406148 0.368164 0.0123367
0 0.462124 0.329834 0.24473 0.258301 0.0120544
0 0.160442 0.353027 0.064437 0.0957031 0.00978088
0 0.743304 0.661621 0.0702949 0.0683594 0.00926971
0 0.227197 0.279297 0.298672 0.317383 0.0088501
0 0.231387 0.367676 0.247985 0.123047 0.00861359
0 0.37751 0.395996 0.0455615 0.0742188 0.00861359
0 0.23334 0.3125 0.46668 0.607422 0.00854492
0 0.507686 0.876465 0.217394 0.24707 0.00828552
0 0.685663 0.5 0.628674 1 0.008255
0 0.456917 0.544922 0.0650879 0.0722656 0.00818634
0 0.27044 0.862305 0.428278 0.275391 0.00793457
0 0.326741 0.5 0.641767 1 0.29834
0 0.49597 0.251038 0.337155 0.47644 0.259766
0 0.773895 0.650879 0.45171 0.686523 0.187744
0 0.319907 0.693359 0.59946 0.613281 0.184204
0 0.757911 0.492188 0.484178 0.984375 0.180664
0 0.587218 0.491211 0.825565 0.982422 0.130005
0 0.532419 0.289551 0.626146 0.579102 0.0663452
0 0.4212 0.759277 0.415098 0.481445 0.0605164
0 0.606456 0.376709 0.744931 0.753418 0.0549927
0 0.45887 0.258057 0.566265 0.516113 0.0523376
0 0.197867 0.229736 0.395734 0.459473 0.0503235
0 0.30754 0.406372 0.0397036 0.0661621 0.0476074
0 0.356031 0.253418 0.712062 0.506836 0.0460205
0 0.661456 0.648926 0.637536 0.692383 0.0457764
0 0.71857 0.800781 0.338457 0.386719 0.044342
0 0.726218 0.711914 0.320558 0.570312 0.0419312
0 0.455615 0.484375 0.708156 0.960938 0.0406189
0 0.800706 0.373779 0.398588 0.747559 0.0375977
0 0.536324 0.206604 0.347569 0.38562 0.0363464
0 0.224065 0.746582 0.400616 0.49707 0.0350037
0 0.734842 0.819336 0.475142 0.361328 0.0344849
0 0.480349 0.318359 0.343664 0.341797 0.0344238
0 0.192335 0.164124 0.384669 0.32605 0.0317383
0 0.236269 0.270996 0.356031 0.349609 0.0301514
0 0.475142 0.356934 0.239523 0.239258 0.0275269
0 0.489136 0.363525 0.31828 0.463379 0.0237274
0 0.217719 0.478516 0.434787 0.957031 0.0236969
0 0.551945 0.174805 0.235618 0.28125 0.0226746
0 0.435438 0.336426 0.28899 0.270508 0.0198364
0 0.409403 0.312012 0.36319 0.326172 0.0188751
0 0.424454 0.870117 0.398175 0.259766 0.0185394
0 0.232689 0.355957 0.338457 0.172852 0.0184784
0 0.581235 0.179443 0.391829 0.348145 0.0171814
0 0.249287 0.331543 0.277274 0.230469 0.0171814
0 0.224879 0.850098 0.400291 0.293945 0.0170441
0 0.620288 0.263672 0.742002 0.527344 0.0158386
0 0.864167 0.633911 0.271667 0.720459 0.0152512
0 0.294523 0.780273 0.57017 0.439453 0.0148392
0 0.227482 0.669434 0.448456 0.649414 0.0146179
0 0.196077 0.246094 0.392155 0.492188 0.0132217
0 0.738748 0.849121 0.376208 0.301758 0.0126266
0 0.195915 0.138916 0.322836 0.277832 0.0121002
0 0.802333 0.534668 0.395334 0.55957 0.0116882
0 0.388493 0.236328 0.420631 0.472656 0.0114212
0 0.246358 0.21875 0.287038 0.404297 0.0113754
0 0.72573 0.708496 0.178341 0.399414 0.0111618
0 0.722926 0.290039 0.554148 0.580078 0.0109024
0 0.793546 0.481445 0.412907 0.962891 0.0108185
0 0.502153 0.179443 0.335203 0.318359 0.0104065
0 0.423071 0.367188 0.165323 0.181641 0.0102463
0 0.33382 0.617676 0.621101 0.764648 0.406494
0 0.339108 0.49707 0.678216 0.994141 0.315674
0 0.337725 0.859863 0.595066 0.280273 0.309814
0 0.341711 0.810547 0.635258 0.376953 0.187744
0 0.639163 0.825195 0.640465 0.349609 0.0917358
0 0.578106 0.496094 0.843789 0.992188 0.0878906
0 0.631353 0.635254 0.697742 0.727539 0.0782471
0 0.306889 0.397339 0.0403545 0.0568848 0.0524292
0 0.469935 0.240784 0.378812 0.472534 0.0339661
0 0.508011 0.388916 0.539579 0.777832 0.033905
0 0.753192 0.651245 0.493616 0.69751 0.0315552
0 0.706855 0.825684 0.389226 0.34082 0.031311
0 0.823487 0.493164 0.353026 0.986328 0.0301514
0 0.454313 0.87207 0.393131 0.255859 0.0299835
0 0.77044 0.516113 0.45912 0.94043 0.0290833
0 0.469284 0.894775 0.330647 0.206543 0.0220337
0 0.736958 0.868164 0.312096 0.263672 0.0189056
0 0.380439 0.883789 0.536975 0.232422 0.0185394
0 0.486857 0.811523 0.812297 0.376953 0.0164642
0 0.33382 0.86377 0.630214 0.272461 0.0147324
0 0.795499 0.60144 0.409002 0.797119 0.0125732
0 0.371652 0.39563 0.0442598 0.064209 0.0109863
0 0.399314 0.908447 0.467982 0.183105 0.0107346
0 0.374906 0.296875 0.620938 0.59375 0.00985718
0 0.648113 0.80835 0.682447 0.383301 0.00952148
0 0.434462 0.40332 0.0527212 0.0712891 0.00948334
0 0.445771 0.204529 0.485718 0.393677 0.00908661
0 0.517774 0.238342 0.268813 0.44812 0.00888062
0 0.797978 0.835938 0.367096 0.320312 0.00857544
0 0.639939 0.5 0.720122 1 0.00857544
0 0.522981 0.232422 0.5552 0.464844 0.00837708
0 0.475792 0.151123 0.360587 0.29834 0.00757599
0 0.763481 0.80957 0.272067 0.361328 0.00712204
0 0.676263 0.872559 0.417864 0.254883 0.00695801
0 0.617033 0.302734 0.722476 0.605469 0.00671768
0 0.503129 0.311035 0.287688 0.311523 0.00588989
0 0.520703 0.159729 0.243429 0.278198 0.00582123
0 0.699695 0.72998 0.384019 0.540039 0.00540543
0 0.50378 0.372803 0.25905 0.190918 0.00494385
0 0.24831 0.858398 0.430231 0.261719 0.0046463
0 0.734479 0.790039 0.531042 0.419922 0.00446701
0 0.228459 0.365479 0.0455615 0.0708008 0.00416565
0 0.201447 0.912109 0.143844 0.169922 0.00416565
0 0.763481 0.772949 0.180944 0.448242 0.00413513
0 0.538928 0.510742 0.894308 0.978516 0.00399017
0 0.429906 0.858154 0.624193 0.283691 0.00376511
0 0.696891 0.395996 0.606218 0.791992 0.00370789
0 0.809043 0.813965 0.229109 0.303711 0.00365067
0 0.230086 0.378784 0.0507686 0.0744629 0.00340271
0 0.484254 0.346191 0.329345 0.216797 0.00335121
