0 0.461473 0.4823 0.691233 0.717041 0.638672
0 0.285085 0.575317 0.450408 0.638428 0.526367
0 0.653482 0.549805 0.317629 0.509766 0.489258
0 0.594252 0.469727 0.398338 0.669922 0.389648
0 0.968307 0.259277 0.0633853 0.121094 0.325195
0 0.610524 0.609375 0.367096 0.416016 0.265869
0 0.325765 0.520996 0.559105 0.750977 0.24939
0 0.325439 0.523438 0.374906 0.474609 0.182373
0 0.678867 0.600586 0.249938 0.439453 0.145142
0 0.240174 0.719238 0.361889 0.325195 0.0982666
0 0.634607 0.40918 0.346268 0.597656 0.0907593
0 0.240337 0.625977 0.364167 0.572266 0.0772095
0 0.75746 0.678711 0.471562 0.46875 0.0466309
0 0.5181 0.585083 0.94768 0.7771 0.0341797
0 0.720973 0.48584 0.558053 0.775391 0.0306244
0 0.33203 0.439453 0.339596 0.299805 0.0263062
0 0.834877 0.79541 0.330246 0.40918 0.0261536
0 0.678867 0.48584 0.265559 0.514648 0.0236511
0 0.593602 0.485474 0.779753 0.93335 0.0222473
0 0.389958 0.484497 0.334389 0.550537 0.0209198
0 0.965704 0.226074 0.0685923 0.19043 0.0205688
0 0.850824 0.842773 0.298353 0.310547 0.0171051
0 0.255063 0.521362 0.307378 0.390869 0.016983
0 0.787851 0.683594 0.424298 0.607422 0.0156708
0 0.408101 0.215332 0.085916 0.0986328 0.0137939
0 0.78496 0.124756 0.246032 0.190918 0.011734
0 0.781831 0.55481 0.436339 0.890381 0.0109024
0 0.59633 0.574707 0.80734 0.850586 0.0105667
0 0.423722 0.562988 0.235618 0.398438 0.01017
0 0.211373 0.486206 0.16695 0.326416 0.0100937
0 0.692009 0.474609 0.615981 0.949219 0.00894928
0 0.44455 0.511719 0.225204 0.539062 0.00878143
0 0.450408 0.495117 0.768037 0.990234 0.00847626
0 0.591774 0.566406 0.816452 0.867188 0.00844574
0 0.727032 0.618164 0.1484 0.398438 0.00837708
0 0.722476 0.761719 0.0833125 0.128906 0.00818634
0 0.576028 0.259277 0.313724 0.311523 0.00787354
0 0.5 0.495117 1 0.990234 0.00748825
0 0.628098 0.280518 0.350173 0.473145 0.00746155
0 0.197704 0.693359 0.269789 0.457031 0.00734711
0 0.486857 0.5 0.973715 1 0.00698471
0 0.402894 0.413574 0.274671 0.517578 0.0069046
0 0.603853 0.676758 0.367421 0.40625 0.00677109
0 0.524733 0.5 0.950533 1 0.00674438
0 0.448456 0.621216 0.225204 0.493896 0.00638962
0 0.227157 0.468262 0.164672 0.255859 0.00634003
0 0.437391 0.219971 0.134081 0.134277 0.00582123
0 0.5 0.5 1 1 0.00559998
0 0.667965 0.322815 0.267837 0.472534 0.0055542
0 0.471236 0.237305 0.200471 0.173828 0.00538635
0 0.635258 0.44043 0.322836 0.776367 0.816895
0 0.250263 0.639648 0.366445 0.5625 0.65332
0 0.554223 0.454224 0.500526 0.738037 0.538086
0 0.42958 0.500122 0.770641 0.845459 0.325928
0 0.630702 0.606445 0.322836 0.513672 0.29834
0 0.315676 0.625977 0.460171 0.611328 0.294189
0 0.302333 0.545898 0.306564 0.455078 0.195557
0 0.96668 0.249023 0.0666397 0.125977 0.16394
0 0.508336 0.222168 0.0624844 0.0927734 0.147583
0 0.965378 0.226074 0.0692432 0.177734 0.143677
0 0.624193 0.374512 0.386622 0.550781 0.124451
0 0.722476 0.765625 0.085916 0.105469 0.0994873
0 0.266291 0.543457 0.283621 0.360352 0.0753174
0 0.657388 0.608398 0.252541 0.423828 0.0734253
0 0.585791 0.630371 0.230411 0.391602 0.0734253
0 0.717919 0.743164 0.106744 0.162109 0.0734253
0 0.22618 0.599121 0.34041 0.37793 0.0708008
0 0.683423 0.464355 0.464728 0.782227 0.0594177
0 0.556827 0.237305 0.064437 0.206055 0.0483093
0 0.407125 0.203125 0.0833125 0.113281 0.0481262
0 0.71857 0.677246 0.109348 0.276367 0.0462036
0 0.554223 0.27002 0.0748511 0.165039 0.041687
0 0.219346 0.558594 0.238222 0.365234 0.0394897
0 0.501177 0.213867 0.0781055 0.125 0.0370483
0 0.514194 0.23291 0.0794072 0.132812 0.0318604
0 0.704902 0.635254 0.166625 0.375977 0.0298157
0 0.22976 0.532349 0.164021 0.33374 0.0280151
0 0.517449 0.547852 0.0781055 0.146484 0.0272217
0 0.395084 0.65918 0.0702949 0.111328 0.0261078
0 0.335528 0.544922 0.218695 0.364258 0.0248413
0 0.253843 0.543091 0.208281 0.390381 0.0214844
0 0.43674 0.333008 0.218695 0.427734 0.0200958
0 0.222234 0.702148 0.320314 0.460938 0.0200195
0 0.499875 0.523438 0.0670405 0.128906 0.0197144
0 0.559105 0.621094 0.17053 0.455078 0.0196075
0 0.730286 0.712891 0.122365 0.208984 0.0195312
0 0.7407 0.641602 0.136685 0.283203 0.0175781
0 0.434136 0.219238 0.136685 0.147461 0.0173798
0 0.191033 0.628906 0.18485 0.484375 0.0170441
0 0.52591 0.731445 0.0911231 0.230469 0.016922
0 0.483603 0.226562 0.132128 0.162109 0.0165863
0 0.521354 0.570801 0.0781055 0.131836 0.0164032
0 0.410705 0.607422 0.100886 0.199219 0.0161591
0 0.390527 0.678711 0.0585791 0.09375 0.0158997
0 0.203562 0.547363 0.130501 0.357422 0.0153046
0 0.380764 0.574219 0.136685 0.28418 0.0150757
0 0.530917 0.452637 0.938167 0.790039 0.0147324
0 0.671707 0.17749 0.075502 0.09375 0.0146179
0 0.605968 0.681641 0.268162 0.357422 0.0146179
0 0.458544 0.380981 0.242778 0.534912 0.014061
0 0.613291 0.583862 0.395409 0.463135 0.893555
0 0.257748 0.619629 0.417213 0.510742 0.84668
0 0.967657 0.238281 0.064687 0.147461 0.645996
0 0.608572 0.491699 0.415261 0.688477 0.611328
0 0.259375 0.524902 0.432835 0.62207 0.296631
0 0.433485 0.306641 0.269464 0.353516 0.196167
0 0.791469 0.147522 0.0833125 0.105347 0.157715
0 0.805788 0.143799 0.0911231 0.121094 0.154053
0 0.485556 0.212891 0.110649 0.117188 0.105225
0 0.966029 0.216797 0.0679414 0.173828 0.0970459
0 0.488159 0.587402 0.233015 0.34668 0.0963745
0 0.425024 0.193848 0.123667 0.0927734 0.0943604
0 0.507686 0.218262 0.0676914 0.111328 0.0878906
0 0.39964 0.502075 0.702949 0.718506 0.0843506
0 0.623379 0.222229 0.177365 0.22644 0.0800781
0 0.3566 0.552246 0.27223 0.398438 0.0794678
0 0.297452 0.577026 0.352125 0.426025 0.0731812
0 0.73289 0.155273 0.048165 0.0825195 0.0708008
0 0.45529 0.566406 0.239523 0.306641 0.0621033
0 0.63119 0.617188 0.302333 0.400391 0.0621033
0 0.889101 0.161865 0.0624844 0.0878906 0.0618896
0 0.83703 0.13623 0.164021 0.137207 0.0600891
0 0.558454 0.490723 0.562359 0.742188 0.0533142
0 0.674961 0.168457 0.0768037 0.105957 0.0477905
0 0.662595 0.17334 0.104141 0.109375 0.0476074
0 0.5181 0.611328 0.235618 0.382812 0.0462036
0 0.602063 0.238281 0.17053 0.21582 0.0450134
0 0.451385 0.209961 0.171832 0.123047 0.0360107
0 0.40745 0.377441 0.190057 0.316406 0.0352173
0 0.501828 0.331299 0.329345 0.421387 0.0336609
0 0.496946 0.241211 0.178992 0.175781 0.0334778
0 0.812297 0.135681 0.143193 0.11438 0.0300446
0 0.399314 0.502441 0.178341 0.297852 0.0237732
0 0.416563 0.485229 0.167927 0.248291 0.023468
0 0.522005 0.450195 0.0995845 0.123047 0.0204468
0 0.544135 0.235413 0.329345 0.246948 0.019455
0 0.171669 0.60498 0.254168 0.462891 0.0170441
0 0.589696 0.333008 0.48165 0.425781 0.0163422
0 0.623542 0.54541 0.386622 0.299805 0.0154266
0 0.656086 0.416016 0.0559756 0.0527344 0.014061
0 0.439343 0.588379 0.154909 0.260742 0.0127258
0 0.635258 0.263733 0.137986 0.279175 0.0117798
0 0.152631 0.264404 0.117809 0.155762 0.0105286
0 0.619799 0.677734 0.27044 0.335938 0.0104065
0 0.400291 0.432739 0.1484 0.157959 0.00985718
0 0.728334 0.769531 0.0715967 0.0898438 0.00985718
0 0.951385 0.621094 0.097231 0.40332 0.00945282
0 0.156374 0.242188 0.0898213 0.0927734 0.00867462
0 0.957893 0.666016 0.0842134 0.373047 0.008255
0 0.481 0.516602 0.199169 0.248047 0.00800323
0 0.486532 0.428711 0.7036 0.857422 0.633301
0 0.968958 0.267822 0.0620835 0.100098 0.568848
0 0.412983 0.486816 0.825965 0.817383 0.457031
0 0.579933 0.526367 0.475142 0.625 0.446533
0 0.967982 0.250488 0.0640361 0.12207 0.40918
0 0.639326 0.613281 0.348546 0.427734 0.276611
0 0.395734 0.203613 0.0650879 0.090332 0.263672
0 0.395084 0.589355 0.743304 0.666992 0.178955
0 0.316327 0.615234 0.31112 0.503906 0.176147
0 0.235944 0.655273 0.380764 0.513672 0.146118
0 0.968307 0.2146 0.0633853 0.180176 0.124207
0 0.502804 0.227783 0.0598809 0.0913086 0.122925
0 0.321616 0.62207 0.581723 0.572266 0.0927124
0 0.49597 0.22168 0.0781055 0.0996094 0.0881958
0 0.680169 0.628418 0.257748 0.40625 0.0592041
0 0.73289 0.164062 0.0507686 0.0737305 0.0438538
0 0.549667 0.416382 0.525259 0.721924 0.043457
0 0.887799 0.167236 0.0533721 0.074707 0.0428772
0 0.684074 0.570312 0.231713 0.345703 0.0401611
0 0.792771 0.152405 0.0598809 0.0916748 0.0377502
0 0.587744 0.643066 0.294197 0.40332 0.028595
0 0.428929 0.226562 0.143193 0.126953 0.0283356
0 0.517774 0.657227 0.316978 0.417969 0.0261993
0 0.179643 0.907959 0.0689932 0.0942383 0.026001
0 0.650716 0.526489 0.320558 0.5271 0.0257568
0 0.581886 0.25293 0.255145 0.301758 0.0255585
0 0.397036 0.207031 0.0917739 0.109375 0.0233765
0 0.166625 0.267578 0.0735493 0.148926 0.0226288
0 0.16093 0.248535 0.0868923 0.125 0.0215759
0 0.719872 0.758789 0.0963301 0.144531 0.0205688
0 0.687491 0.534668 0.288665 0.619141 0.0196381
0 0.693837 0.651367 0.193962 0.359375 0.0189056
0 0.39964 0.677734 0.085916 0.130859 0.0179901
0 0.182246 0.898438 0.0943774 0.119141 0.0179138
0 0.508011 0.20752 0.102188 0.148438 0.0167847
0 0.617033 0.260498 0.183548 0.296387 0.0166626
0 0.669754 0.485229 0.16272 0.361572 0.0166626
0 0.415912 0.188049 0.109348 0.128784 0.0159607
0 0.723777 0.771484 0.0833125 0.113281 0.0158997
0 0.665036 0.449097 0.325765 0.738525 0.0157166
0 0.966029 0.233398 0.0679414 0.206055 0.0153046
0 0.605968 0.248535 0.166625 0.229492 0.0150757
0 0.138271 0.871582 0.122447 0.174805 0.0145035
0 0.71857 0.561523 0.171832 0.265625 0.0141144
0 0.72752 0.437378 0.505408 0.773682 0.0139008
0 0.438042 0.738281 0.176388 0.265625 0.0137405
0 0.268243 0.558105 0.472375 0.74707 0.0137405
0 0.478071 0.725586 0.270115 0.306641 0.0134811
0 0.69644 0.612427 0.252541 0.661865 0.0130234
0 0.727032 0.732422 0.0963301 0.168945 0.0127716
0 0.382066 0.60144 0.742002 0.621338 0.671387
0 0.413308 0.480469 0.790167 0.832031 0.656738
0 0.295499 0.613281 0.477745 0.601562 0.646973
0 0.972864 0.260986 0.054273 0.102539 0.459961
0 0.519971 0.442871 0.584652 0.733398 0.386719
0 0.30396 0.594727 0.386622 0.507812 0.341553
0 0.45529 0.402344 0.69579 0.598633 0.304932
0 0.971236 0.244629 0.0575273 0.125488 0.222046
0 0.613291 0.440308 0.390202 0.742432 0.134277
0 0.616382 0.618652 0.352776 0.420898 0.117981
0 0.972538 0.186768 0.0549238 0.107422 0.107056
0 0.667151 0.429688 0.121063 0.141602 0.0957031
0 0.966029 0.252686 0.0679414 0.101074 0.0907593
0 0.260026 0.667969 0.402894 0.503906 0.0522461
0 0.56659 0.414062 0.48881 0.607422 0.0404663
0 0.412657 0.196533 0.100235 0.110352 0.0381165
0 0.734191 0.153809 0.0598809 0.0986328 0.0369873
0 0.354729 0.522461 0.550644 0.783203 0.0363464
0 0.646974 0.394043 0.275973 0.543945 0.0326538
0 0.466355 0.200684 0.164021 0.154297 0.0319824
0 0.292245 0.545776 0.341061 0.398682 0.0278473
0 0.274101 0.518066 0.405986 0.725586 0.0278015
0 0.769339 0.14502 0.080709 0.117676 0.0272217
0 0.625495 0.526489 0.328043 0.460693 0.026413
0 0.483603 0.40332 0.406148 0.537109 0.0255127
0 0.592463 0.628906 0.184524 0.263672 0.0222015
0 0.605317 0.361572 0.270766 0.521973 0.0219879
0 0.549342 0.378052 0.365794 0.488037 0.0209198
0 0.611826 0.645996 0.287688 0.352539 0.0200958
0 0.44455 0.202637 0.158814 0.133789 0.0195312
0 0.73289 0.165527 0.080709 0.126465 0.0192413
0 0.434462 0.608398 0.0507686 0.0800781 0.0188293
0 0.492064 0.178162 0.206979 0.170044 0.0187988
0 0.544786 0.234619 0.308517 0.275879 0.0182648
0 0.648926 0.522461 0.285085 0.328125 0.0170441
0 0.163696 0.249268 0.0930757 0.114746 0.016922
0 0.6665 0.164062 0.0637861 0.10791 0.016098
0 0.429906 0.386841 0.356031 0.493896 0.0158386
0 0.583838 0.16748 0.165323 0.152832 0.0147324
0 0.430231 0.188049 0.130176 0.147339 0.0142288
0 0.592951 0.238281 0.218695 0.28125 0.014061
0 0.738097 0.539062 0.127572 0.250977 0.0138474
0 0.736795 0.141113 0.0781055 0.122559 0.0136871
0 0.229109 0.592285 0.324138 0.438477 0.0132217
0 0.743304 0.520508 0.100235 0.234375 0.012825
0 0.242941 0.536133 0.244405 0.338867 0.0127716
0 0.781055 0.13092 0.0976318 0.129761 0.0125275
0 0.412006 0.286621 0.197867 0.293945 0.0124283
0 0.725079 0.756836 0.0885195 0.130859 0.0123367
0 0.654784 0.164307 0.0872178 0.118652 0.0118713
0 0.585791 0.464355 0.430882 0.701172 0.560059
0 0.274671 0.63916 0.491414 0.555664 0.323486
0 0.972864 0.265625 0.054273 0.0986328 0.294922
0 0.467657 0.505371 0.697091 0.760742 0.240112
0 0.295824 0.54834 0.534372 0.74707 0.213989
0 0.641929 0.530396 0.340735 0.673584 0.213989
0 0.282807 0.609863 0.359936 0.50293 0.154541
0 0.968307 0.251709 0.0633853 0.119629 0.112
0 0.605968 0.251465 0.260352 0.256836 0.0794678
0 0.398338 0.408203 0.28118 0.481445 0.0646362
0 0.450734 0.406372 0.285736 0.497803 0.0596619
0 0.378161 0.601685 0.725079 0.640381 0.0567627
0 0.648926 0.416992 0.042958 0.0634766 0.0522461
0 0.209908 0.647949 0.315025 0.493164 0.0488586
0 0.640302 0.64209 0.317954 0.433594 0.0481262
0 0.669754 0.178223 0.0650879 0.0908203 0.0474243
0 0.667802 0.188965 0.0911231 0.114258 0.0460205
0 0.238873 0.575195 0.279227 0.411133 0.0446777
0 0.511265 0.222412 0.0468633 0.0952148 0.0437012
0 0.317629 0.529297 0.266209 0.324219 0.0411377
0 0.453663 0.305664 0.199169 0.271484 0.0381165
0 0.566265 0.397461 0.356682 0.544922 0.0381165
0 0.356682 0.585449 0.0442598 0.09375 0.0365601
0 0.197054 0.715332 0.295824 0.381836 0.0365601
0 0.398012 0.214844 0.0683423 0.09375 0.0332031
0 0.525259 0.42041 0.568868 0.588867 0.0305023
0 0.357007 0.500977 0.0833125 0.242188 0.0293732
0 0.385971 0.512207 0.174436 0.317383 0.0281067
0 0.263281 0.477539 0.190708 0.224609 0.0278015
0 0.356031 0.435547 0.0533721 0.117188 0.0275269
0 0.246032 0.53418 0.216092 0.316406 0.0254211
0 0.436089 0.59668 0.0468633 0.0712891 0.0252686
0 0.162069 0.71875 0.213488 0.347656 0.0250397
0 0.186314 0.584473 0.171507 0.381836 0.0243835
0 0.730286 0.1604 0.0598809 0.0952148 0.023468
0 0.805137 0.155701 0.19266 0.112427 0.0229797
0 0.148767 0.654785 0.165893 0.420898 0.0227661
0 0.483603 0.51123 0.048165 0.0791016 0.0218658
0 0.518425 0.304932 0.30396 0.293457 0.0214081
0 0.461799 0.220703 0.131478 0.109375 0.0213318
0 0.22553 0.722168 0.450408 0.475586 0.0205231
0 0.97384 0.196777 0.0523203 0.130859 0.0200958
0 0.43674 0.231445 0.161418 0.12793 0.0200958
0 0.134691 0.724121 0.194694 0.385742 0.0192413
0 0.185175 0.507324 0.105768 0.21875 0.0183411
0 0.605968 0.344482 0.31112 0.447754 0.0180969
0 0.398338 0.542969 0.115856 0.292969 0.0174408
0 0.669104 0.486206 0.493366 0.734619 0.0164032
0 0.169554 0.628418 0.218044 0.463867 0.0162811
0 0.634119 0.276367 0.252216 0.318359 0.0158997
0 0.533151 0.476562 0.571309 0.741211 0.724121
0 0.45171 0.507935 0.775848 0.753662 0.663574
0 0.609223 0.480347 0.384019 0.685791 0.404541
0 0.967331 0.263916 0.0653379 0.0947266 0.220703
0 0.24831 0.633911 0.402894 0.550537 0.216675
0 0.376533 0.604492 0.650228 0.617188 0.128784
0 0.964728 0.247559 0.0705449 0.136719 0.125122
0 0.235944 0.639648 0.358634 0.3125 0.0592041
0 0.96668 0.212891 0.0666397 0.164062 0.0545959
0 0.615081 0.563477 0.365794 0.5 0.0420227
0 0.298021 0.574219 0.462287 0.625 0.0380249
0 0.680819 0.461426 0.493366 0.739258 0.0290833
0 0.964402 0.22876 0.0711958 0.190918 0.0241852
0 0.496295 0.422729 0.346918 0.570557 0.0240021
0 0.300137 0.574219 0.381252 0.44043 0.0210876
0 0.627447 0.624512 0.299404 0.420898 0.0197906
0 0.7407 0.581055 0.132779 0.294922 0.0166626
0 0.656737 0.666016 0.239523 0.330078 0.012825
0 0.474165 0.429688 0.219346 0.558594 0.0124817
0 0.742002 0.539062 0.117158 0.222656 0.01017
0 0.223862 0.603027 0.331379 0.446289 0.0100098
0 0.566916 0.428711 0.410054 0.573242 0.00923157
0 0.708156 0.619141 0.190057 0.390625 0.00891876
0 0.619799 0.683594 0.319907 0.333984 0.00874329
0 0.436414 0.623047 0.064437 0.132812 0.00809479
0 0.257423 0.710938 0.426326 0.394531 0.00725937
0 0.378486 0.568848 0.197867 0.337891 0.00717545
0 0.666337 0.500977 0.224228 0.439453 0.00653839
0 0.426326 0.409302 0.296801 0.529053 0.00614548
0 0.386948 0.670898 0.05923 0.0839844 0.00538635
0 0.250263 0.563965 0.286387 0.367188 0.00530243
0 0.412983 0.573242 0.145797 0.267578 0.0049057
0 0.424373 0.634766 0.0683423 0.112305 0.00471878
0 0.493366 0.270996 0.248636 0.250977 0.0046463
0 0.456917 0.260254 0.182246 0.229004 0.00453949
0 0.186314 0.609375 0.248961 0.412109 0.00438309
0 0.394107 0.629395 0.14059 0.21875 0.00426483
0 0.424699 0.529297 0.163371 0.362305 0.00415039
0 0.363516 0.5 0.553898 0.705078 0.00405502
0 0.472538 0.567871 0.0885195 0.235352 0.00402451
0 0.457893 0.227051 0.186802 0.140625 0.00284576
0 0.542508 0.283936 0.350824 0.273926 0.00281143
0 0.550644 0.247559 0.367096 0.196289 0.00271416
0 0.441296 0.219238 0.152306 0.118164 0.00270462
0 0.704251 0.725098 0.130176 0.189453 0.00253105
0 0.476443 0.623047 0.0852651 0.189453 0.00246239
0 0.803185 0.151123 0.200471 0.111816 0.00242424
0 0.211861 0.553711 0.223251 0.320312 0.00235939
0 0.768037 0.595215 0.130176 0.336914 0.00234222
0 0.709458 0.508301 0.177039 0.430664 0.00226974
