0 0.75502 0.612183 0.443899 0.492432 0.770996
0 0.22553 0.58252 0.406799 0.516602 0.591797
0 0.233666 0.410156 0.247334 0.222656 0.0933228
0 0.827918 0.618164 0.33325 0.478516 0.0692749
0 0.198844 0.472656 0.367747 0.470703 0.0678101
0 0.761528 0.550781 0.400941 0.371094 0.0665894
0 0.276298 0.614258 0.380764 0.462891 0.064209
0 0.661944 0.604492 0.25905 0.482422 0.0432129
0 0.866445 0.693359 0.26711 0.322266 0.0251312
0 0.788865 0.522461 0.416563 0.661133 0.019989
0 0.772593 0.729004 0.430882 0.293945 0.0199432
0 0.164388 0.577148 0.302577 0.568359 0.0164032
0 0.23692 0.733398 0.418515 0.283203 0.0131683
0 0.191033 0.425781 0.342362 0.265625 0.0127258
0 0.844841 0.734375 0.283783 0.27832 0.0125275
0 0.630702 0.652344 0.186151 0.390625 0.00974274
0 0.313073 0.481445 0.626146 0.875 0.00871277
0 0.364492 0.679199 0.219346 0.348633 0.00837708
0 0.343339 0.62207 0.259701 0.462891 0.00775528
0 0.693799 0.509766 0.612402 0.980469 0.00772476
0 0.5 0.5 1 1 0.00728989
0 0.278902 0.5 0.557803 1 0.00723267
0 0.636685 0.476562 0.726631 0.873047 0.00717545
0 0.84822 0.518555 0.30356 0.682617 0.00706482
0 0.573424 0.78125 0.0781055 0.119141 0.00695801
0 0.5 0.5 1 1 0.0069046
0 0.620288 0.706543 0.167927 0.27832 0.00658798
0 0.634081 0.546875 0.731838 0.90625 0.00629044
0 0.185012 0.644531 0.338132 0.429688 0.00619125
0 0.369374 0.655273 0.345617 0.34375 0.00619125
0 0.28118 0.5 0.562359 1 0.00612259
0 0.382066 0.710449 0.200471 0.287109 0.00591278
0 0.367747 0.558594 0.535022 0.555664 0.00591278
0 0.5 0.5 1 1 0.00577545
0 0.5 0.5 1 1 0.00572968
0 0.775197 0.610352 0.30331 0.482422 0.00564194
0 0.695264 0.5 0.609473 1 0.00548935
0 0.417539 0.770996 0.10349 0.144531 0.00542831
0 0.462449 0.5 0.924899 1 0.00536346
0 0.650716 0.703613 0.198193 0.286133 0.00534439
0 0.419166 0.463379 0.37751 0.926758 0.00534439
0 0.579608 0.748047 0.0904722 0.194336 0.00498199
0 0.272393 0.5 0.544786 1 0.00496292
0 0.695139 0.78125 0.101537 0.134766 0.00494385
0 0.500651 0.507812 0.998698 0.984375 0.00462723
0 0.12566 0.655273 0.23033 0.40625 0.00431442
0 0.5 0.496094 1 0.992188 0.00429916
0 0.728334 0.478516 0.14059 0.1875 0.0042305
0 0.585954 0.461792 0.780729 0.750244 0.00413513
0 0.424699 0.742676 0.108697 0.207031 0.00400543
0 0.583188 0.790039 0.0846143 0.0957031 0.486328
0 0.65934 0.746582 0.193962 0.196289 0.301514
0 0.20584 0.414062 0.165649 0.186523 0.294922
0 0.695139 0.779785 0.135383 0.166992 0.29248
0 0.643068 0.679688 0.227808 0.328125 0.286865
0 0.194613 0.79834 0.0683423 0.0888672 0.275146
0 0.407125 0.729492 0.0930757 0.205078 0.269775
0 0.68863 0.734375 0.137986 0.22168 0.262939
0 0.402894 0.737305 0.128874 0.191406 0.260498
0 0.0505245 0.792969 0.0870551 0.103516 0.255371
0 0.237734 0.708008 0.175412 0.275391 0.229492
0 0.297126 0.703125 0.253192 0.289062 0.195557
0 0.58514 0.691406 0.115856 0.294922 0.180054
0 0.750952 0.621094 0.406474 0.478516 0.158691
0 0.345535 0.708984 0.217556 0.255859 0.14856
0 0.578631 0.751953 0.0846143 0.154297 0.133911
0 0.801883 0.742188 0.117158 0.205078 0.127686
0 0.291675 0.609863 0.310957 0.508789 0.118591
0 0.389226 0.71582 0.123667 0.242188 0.0991211
0 0.683423 0.64502 0.273369 0.438477 0.0903931
0 0.705553 0.707031 0.197867 0.304688 0.0875854
0 0.822711 0.735352 0.156211 0.224609 0.0836182
0 0.662595 0.773438 0.238222 0.21875 0.0789185
0 0.0497922 0.754883 0.0960046 0.1875 0.0766602
0 0.782357 0.736328 0.137986 0.212891 0.0713501
0 0.870225 0.724609 0.186151 0.269531 0.0698242
0 0.183385 0.413208 0.276298 0.187256 0.0671997
0 0.885195 0.737305 0.104141 0.238281 0.0653687
0 0.434462 0.716797 0.117809 0.185547 0.0616455
0 0.189894 0.541016 0.314049 0.489258 0.0535889
0 0.911231 0.736816 0.143193 0.238281 0.0483093
0 0.598971 0.635742 0.07778 0.173828 0.0472412
0 0.22195 0.69873 0.128874 0.288086 0.0472412
0 0.283132 0.745117 0.105442 0.234375 0.0437012
0 0.842888 0.715332 0.201772 0.311523 0.0400085
0 0.900816 0.703125 0.105442 0.296875 0.0400085
0 0.738097 0.457031 0.137986 0.152344 0.0324097
0 0.243429 0.510254 0.404847 0.37793 0.0321045
0 0.757623 0.455078 0.0885195 0.128906 0.03125
0 0.581235 0.708008 0.0872178 0.253906 0.0293732
0 0.913183 0.663086 0.111951 0.169922 0.0282135
0 0.704414 0.592285 0.327718 0.449219 0.0233307
0 0.893006 0.635742 0.0833125 0.177734 0.0227966
0 0.982301 0.522461 0.0353975 0.0859375 0.0221558
0 0.22553 0.595215 0.401592 0.540039 0.0218201
0 0.244568 0.756836 0.170856 0.199219 0.0195312
0 0.139614 0.618652 0.099259 0.138672 0.0193481
0 0.719872 0.47168 0.156211 0.177734 0.0185852
0 0.0735493 0.692383 0.147099 0.302734 0.0170441
0 0.6294 0.643066 0.165323 0.418945 0.0164032
0 0.237408 0.557617 0.452035 0.558594 0.971191
0 0.745907 0.576172 0.437391 0.574219 0.938477
0 0.176388 0.510254 0.34041 0.571289 0.313965
0 0.781055 0.60791 0.359285 0.475586 0.0994873
0 0.417213 0.754395 0.0924248 0.165039 0.0747681
0 0.641767 0.699219 0.221299 0.310547 0.0731812
0 0.977094 0.533203 0.0458115 0.0742188 0.0663452
0 0.590347 0.72998 0.122365 0.228516 0.0639648
0 0.134895 0.521973 0.249612 0.46582 0.0510864
0 0.575702 0.762695 0.0943774 0.148438 0.0484924
0 0.302984 0.827148 0.0631353 0.0712891 0.041626
0 0.97742 0.831055 0.0451606 0.0898438 0.033905
0 0.689769 0.565918 0.330972 0.532227 0.0317993
0 0.666337 0.632812 0.297126 0.4375 0.0253754
0 0.669266 0.328613 0.293872 0.380859 0.0244751
0 0.978721 0.480957 0.0425571 0.0898438 0.0243835
0 0.689932 0.765625 0.124969 0.1875 0.0223236
0 0.450408 0.729492 0.0937266 0.111328 0.0210876
0 0.827267 0.647949 0.264257 0.389648 0.0167847
0 0.950083 0.123535 0.0998345 0.181152 0.0164642
0 0.285736 0.823242 0.0689932 0.0722656 0.0164032
0 0.661944 0.753418 0.158814 0.214844 0.0162811
0 0.701648 0.425293 0.223902 0.212891 0.0150757
0 0.204701 0.758789 0.104792 0.177734 0.0145035
0 0.351475 0.725098 0.196565 0.258789 0.0130234
0 0.708156 0.36084 0.216092 0.30957 0.0109024
0 0.285736 0.58606 0.352776 0.482178 0.0107346
0 0.825315 0.708984 0.190057 0.265625 0.0104904
0 0.691233 0.748535 0.156211 0.220703 0.0104065
0 0.266535 0.475098 0.300706 0.321289 0.00919342
0 0.195426 0.796875 0.0738748 0.105469 0.00919342
0 0.929906 0.658691 0.140189 0.416992 0.00871277
0 0.792771 0.707031 0.208281 0.283203 0.00809479
0 0.728334 0.4375 0.178341 0.183594 0.00703812
0 0.916438 0.709961 0.166625 0.277344 0.00698471
0 0.574726 0.785156 0.0885195 0.125 0.00695801
0 0.930106 0.667969 0.139288 0.236328 0.0069313
0 0.271905 0.652832 0.543809 0.395508 0.0068512
0 0.728334 0.739258 0.201772 0.232422 0.00614548
0 0.142868 0.393066 0.206654 0.206055 0.00598145
0 0.783658 0.739746 0.18485 0.229492 0.00595856
0 0.872178 0.724609 0.166625 0.242188 0.00582123
0 0.816202 0.743652 0.161418 0.217773 0.00566483
0 0.705678 0.442261 0.588645 0.869385 0.00544739
0 0.154258 0.691895 0.276624 0.321289 0.00540543
0 0.928153 0.52832 0.14059 0.248047 0.00526047
0 0.900816 0.758789 0.108046 0.201172 0.00524139
0 0.697867 0.5 0.604266 1 0.00516129
0 0.948981 0.624512 0.101537 0.306641 0.00498199
0 0.143844 0.555176 0.287688 0.633789 0.00488663
0 0.238873 0.58252 0.449106 0.543945 0.94043
0 0.750463 0.601562 0.436089 0.522461 0.852539
0 0.825315 0.632812 0.278576 0.507812 0.39502
0 0.579933 0.793945 0.075502 0.105469 0.371094
0 0.522981 0.4375 0.805137 0.875 0.119385
0 0.415586 0.784668 0.080709 0.112305 0.108215
0 0.742002 0.51416 0.460822 0.714844 0.086792
0 0.415912 0.746094 0.119762 0.173828 0.0853882
0 0.323161 0.62793 0.288339 0.462891 0.0705566
0 0.499224 0.302246 0.7407 0.604492 0.0692749
0 0.858509 0.713867 0.26686 0.310547 0.0663452
0 0.357007 0.659668 0.242778 0.375977 0.0621033
0 0.597507 0.713867 0.130176 0.267578 0.0589905
0 0.980023 0.513672 0.0399536 0.0976562 0.0501404
0 0.677077 0.716797 0.267837 0.291016 0.0470886
0 0.405498 0.730469 0.131478 0.214844 0.0388184
0 0.200145 0.799805 0.0774546 0.117188 0.0374756
0 0.853302 0.737305 0.173134 0.235352 0.0372009
0 0.825315 0.734375 0.223902 0.261719 0.0314941
0 0.707505 0.689453 0.341061 0.333984 0.028595
0 0.191033 0.812988 0.05923 0.0908203 0.0275879
0 0.979698 0.494141 0.0406045 0.0957031 0.0263062
0 0.748511 0.734375 0.325439 0.277344 0.0259094
0 0.886497 0.739746 0.164021 0.25293 0.0256195
0 0.455941 0.733398 0.0722476 0.128906 0.0253754
0 0.885195 0.694336 0.19266 0.322266 0.0250854
0 0.0528839 0.77832 0.0907976 0.146484 0.0250397
0 0.300381 0.824707 0.05923 0.0810547 0.0248413
0 0.658689 0.78418 0.14059 0.154297 0.0246124
0 0.386948 0.685547 0.175086 0.289062 0.0234222
0 0.587256 0.424805 0.658364 0.705078 0.0224609
0 0.921645 0.73877 0.149702 0.254883 0.0208893
0 0.869574 0.762695 0.143193 0.188477 0.0207672
0 0.375883 0.735352 0.167276 0.224609 0.0190125
0 0.78496 0.652832 0.341061 0.424805 0.0189362
0 0.743304 0.769043 0.218695 0.180664 0.018692
0 0.890402 0.758301 0.0937266 0.196289 0.0182648
0 0.350173 0.734375 0.178341 0.253906 0.0171814
0 0.299079 0.818359 0.0761528 0.0839844 0.0164032
0 0.93336 0.668945 0.131478 0.332031 0.0156708
0 0.891053 0.794922 0.0715967 0.133789 0.0133286
0 0.913183 0.645508 0.130176 0.275391 0.0126266
0 0.415912 0.696777 0.131478 0.236328 0.0125732
0 0.687979 0.344238 0.294197 0.438477 0.0121918
0 0.790167 0.759277 0.239523 0.216797 0.0115051
0 0.437391 0.75 0.108046 0.160156 0.0110703
0 0.381415 0.428711 0.758925 0.852539 0.0109863
0 0.980224 0.844727 0.0364492 0.0546875 0.0106506
0 0.64974 0.688965 0.233991 0.319336 0.0106125
0 0.327067 0.601074 0.173785 0.461914 0.0104065
0 0.227157 0.554688 0.416563 0.581055 0.916016
0 0.771942 0.584961 0.453012 0.544922 0.825684
0 0.415261 0.790039 0.085916 0.104492 0.215332
0 0.791469 0.655273 0.380113 0.423828 0.197388
0 0.228296 0.564453 0.363516 0.43457 0.168823
0 0.765434 0.431152 0.449106 0.862305 0.125977
0 0.580584 0.807617 0.0637861 0.0839844 0.117554
0 0.581235 0.792969 0.0742002 0.101562 0.11676
0 0.219834 0.730469 0.41819 0.318359 0.0853882
0 0.714014 0.609375 0.365794 0.464844 0.0731812
0 0.190057 0.814453 0.0533721 0.0771484 0.0670776
0 0.305262 0.82373 0.0520703 0.0791016 0.0585632
0 0.194287 0.804199 0.0576028 0.0917969 0.0577087
0 0.938042 0.591309 0.123917 0.330078 0.0570679
0 0.955941 0.0839844 0.0881187 0.157227 0.0552063
0 0.978396 0.475098 0.043208 0.0888672 0.0474243
0 0.41461 0.755371 0.0950283 0.146484 0.0431213
0 0.971236 0.570312 0.0575273 0.296875 0.0397949
0 0.102676 0.77832 0.183222 0.193359 0.0387573
0 0.164672 0.519043 0.264257 0.439453 0.0362854
0 0.942473 0.626953 0.111951 0.234375 0.0339661
0 0.577655 0.749023 0.0917739 0.185547 0.0311432
0 0.897362 0.575684 0.205277 0.424805 0.0307312
0 0.257016 0.577148 0.306076 0.359375 0.0299835
0 0.589045 0.713867 0.114555 0.259766 0.0299835
0 0.0504431 0.791992 0.0761528 0.132812 0.0273285
0 0.3195 0.558594 0.178504 0.326172 0.0252686
0 0.957242 0.113159 0.0855151 0.201416 0.0251312
0 0.053128 0.766113 0.0886823 0.179688 0.0242767
0 0.28541 0.819336 0.0553247 0.078125 0.0225372
0 0.17948 0.397949 0.154584 0.202148 0.0222015
0 0.813599 0.763184 0.253843 0.18457 0.0207977
0 0.649577 0.78418 0.110649 0.146484 0.0203705
0 0.325358 0.610352 0.164184 0.212891 0.0202942
0 0.938567 0.689453 0.119762 0.355469 0.019455
0 0.238873 0.636719 0.352125 0.458984 0.0192719
0 0.301357 0.790039 0.0689932 0.129883 0.0191956
0 0.175737 0.379395 0.130176 0.169922 0.0190582
0 0.482301 0.728516 0.0533721 0.0761719 0.0179138
0 0.654621 0.624512 0.250263 0.452148 0.0177155
0 0.204376 0.803223 0.0761528 0.102539 0.0173798
0 0.806439 0.723145 0.330647 0.28418 0.0166626
0 0.635421 0.728516 0.17411 0.236328 0.0164032
0 0.630702 0.675781 0.199169 0.34375 0.0156021
0 0.682121 0.808594 0.0572773 0.0898438 0.0151291
0 0.675612 0.569824 0.264257 0.40332 0.0141754
0 0.82922 0.605469 0.294197 0.398438 0.0139542
0 0.139451 0.413086 0.228784 0.238281 0.0137405
0 0.0698068 0.752441 0.126921 0.229492 0.0135345
0 0.854604 0.804688 0.0598809 0.0957031 0.0133286
0 0.216905 0.559692 0.433811 0.540771 0.717773
0 0.758274 0.62793 0.425675 0.492188 0.368408
0 0.644533 0.671875 0.228784 0.378906 0.231567
0 0.82206 0.626953 0.326741 0.484375 0.171021
0 0.749813 0.564453 0.489461 0.576172 0.15979
0 0.831823 0.70166 0.325439 0.333008 0.151489
0 0.689932 0.620605 0.326741 0.477539 0.122498
0 0.63656 0.711914 0.216092 0.279297 0.107788
0 0.833776 0.724121 0.256446 0.289062 0.0587769
0 0.244405 0.609497 0.344315 0.488037 0.0472412
0 0.576679 0.733398 0.0885195 0.226562 0.036499
0 0.922946 0.691406 0.153607 0.345703 0.0346985
0 0.569194 0.772461 0.069644 0.146484 0.0337219
0 0.151167 0.720703 0.302333 0.304688 0.0322876
0 0.156862 0.540894 0.300055 0.480713 0.0314941
0 0.227482 0.652832 0.454964 0.489258 0.0305634
0 0.759576 0.453125 0.477745 0.825195 0.0298157
0 0.615731 0.747559 0.169229 0.220703 0.0276947
0 0.750463 0.59668 0.313724 0.4375 0.0274811
0 0.924248 0.588379 0.151004 0.452148 0.0241394
0 0.917739 0.657715 0.143193 0.224609 0.0220795
0 0.411681 0.775391 0.101537 0.152344 0.0209656
0 0.981 0.481445 0.038001 0.0839844 0.0187225
0 0.19624 0.823242 0.0462124 0.0800781 0.0186462
0 0.980224 0.541992 0.0390527 0.176758 0.0184021
0 0.168903 0.446289 0.246683 0.294922 0.0172424
0 0.188267 0.408325 0.155886 0.204834 0.016922
0 0.413308 0.748047 0.122365 0.207031 0.0164032
0 0.951585 0.11792 0.0885195 0.198242 0.0161591
0 0.316002 0.474609 0.136685 0.207031 0.0147858
0 0.926852 0.508301 0.144495 0.548828 0.0130692
0 0.323161 0.777344 0.22195 0.186523 0.0126266
0 0.573099 0.799316 0.0787564 0.106445 0.0119171
0 0.633305 0.594727 0.166625 0.295898 0.0118713
0 0.157513 0.369385 0.0904722 0.128418 0.0110321
0 0.315107 0.804199 0.162557 0.129883 0.0108185
0 0.855255 0.539551 0.075502 0.146484 0.0104065
0 0.670405 0.782227 0.122365 0.166016 0.0100098
0 0.317629 0.519043 0.152957 0.293945 0.00997162
0 0.727032 0.389771 0.210885 0.36499 0.00967407
0 0.908627 0.492065 0.174436 0.633057 0.00963593
0 0.108534 0.708008 0.217068 0.332031 0.00948334
0 0.298103 0.733398 0.326741 0.277344 0.00933838
0 0.714665 0.474609 0.14059 0.166016 0.00926971
0 0.45171 0.730469 0.145797 0.201172 0.00912476
0 0.739398 0.462891 0.177039 0.189453 0.0088501
0 0.228784 0.483887 0.457568 0.726562 0.00861359
0 0.833125 0.768066 0.210885 0.199219 0.00812531
0 0.0995845 0.740234 0.199169 0.248047 0.00793457
0 0.410705 0.797852 0.0956792 0.116211 0.00775528
0 0.228784 0.575195 0.457568 0.529297 0.834473
0 0.745907 0.609863 0.432184 0.485352 0.764648
0 0.168415 0.55127 0.315351 0.487305 0.309082
0 0.413634 0.782227 0.0963301 0.109375 0.234375
0 0.805788 0.645508 0.299404 0.423828 0.0761108
0 0.578631 0.785156 0.0702949 0.115234 0.0687866
0 0.416563 0.759277 0.117158 0.158203 0.055603
0 0.299404 0.828125 0.0572773 0.0644531 0.0486755
0 0.764132 0.465698 0.42958 0.775635 0.044281
0 0.579933 0.766602 0.0820107 0.152344 0.0389099
0 0.194938 0.804688 0.0582537 0.0839844 0.0369873
0 0.824013 0.697266 0.248636 0.322266 0.032959
0 0.330321 0.59375 0.165323 0.339844 0.0306702
0 0.702949 0.585938 0.328043 0.435547 0.0278473
0 0.28899 0.826172 0.0520703 0.0605469 0.0265503
0 0.230248 0.584106 0.395409 0.423584 0.0250397
0 0.827918 0.736816 0.221299 0.234375 0.024704
0 0.337155 0.589355 0.152957 0.234375 0.023468
0 0.311852 0.629883 0.227645 0.351562 0.0214539
0 0.464077 0.725586 0.075502 0.0986328 0.021286
0 0.37035 0.654785 0.106744 0.139648 0.0167847
0 0.865669 0.703125 0.182246 0.292969 0.0163422
0 0.361238 0.630859 0.124969 0.222656 0.014389
0 0.345617 0.632324 0.141241 0.141602 0.0135345
0 0.598971 0.697266 0.127247 0.298828 0.0127716
0 0.908627 0.674316 0.158814 0.216797 0.0125275
0 0.42958 0.754883 0.126271 0.111328 0.0122375
0 0.17232 0.507324 0.263281 0.426758 0.0119629
0 0.351475 0.710938 0.209583 0.265625 0.0110321
0 0.290943 0.794922 0.0781055 0.123047 0.0108185
0 0.886497 0.643555 0.127572 0.199219 0.0105667
0 0.97762 0.842773 0.0442598 0.0488281 0.0105667
0 0.259701 0.680664 0.365143 0.380859 0.0104065
0 0.658689 0.762207 0.180944 0.180664 0.0104065
0 0.194938 0.412598 0.181595 0.217773 0.00948334
0 0.201772 0.800781 0.0722476 0.105469 0.00933838
0 0.202098 0.797852 0.104141 0.113281 0.0086441
0 0.19803 0.647949 0.36677 0.443359 0.00837708
0 0.276298 0.792969 0.141241 0.15332 0.00769424
0 0.408427 0.696289 0.147099 0.181641 0.00712204
0 0.734191 0.476562 0.197867 0.191406 0.0069046
0 0.766735 0.586914 0.208281 0.371094 0.00669098
0 0.319256 0.517578 0.139939 0.244141 0.00619125
0 0.239198 0.476562 0.471887 0.725586 0.00600433
0 0.358634 0.601074 0.142542 0.260742 0.00584412
0 0.574075 0.640625 0.0663897 0.128906 0.00530243
0 0.85135 0.562988 0.111951 0.172852 0.00503922
0 0.642417 0.695801 0.205678 0.303711 0.00500107
0 0.878036 0.602539 0.178341 0.22168 0.00453949
0 0.689281 0.544922 0.282481 0.353516 0.00432968
