0 0.260514 0.470703 0.521029 0.578125 0.539062
0 0.294197 0.382935 0.430882 0.478271 0.138916
0 0.804486 0.306091 0.37751 0.39563 0.11676
0 0.176429 0.429199 0.331867 0.59668 0.0484924
0 0.124481 0.42041 0.241151 0.600586 0.0328369
0 0.216092 0.416504 0.432184 0.530273 0.0224152
0 0.137335 0.359863 0.24473 0.401367 0.0171814
0 0.113741 0.550659 0.220648 0.44751 0.0110321
0 0.405416 0.407104 0.313886 0.4104 0.0109863
0 0.0780241 0.511841 0.155397 0.544678 0.00919342
0 0.346186 0.410156 0.371164 0.456055 0.00888062
0 0.857858 0.291077 0.273369 0.346558 0.00800323
0 0.5 0.5 1 1 0.00728989
0 0.5 0.5 1 1 0.0068512
0 0.5 0.5 1 1 0.00682449
0 0.836179 0.476074 0.327642 0.655273 0.00671768
0 0.324789 0.426636 0.240174 0.424072 0.00653839
0 0.801883 0.526367 0.367096 0.814453 0.0064888
0 0.647912 0.5 0.704176 1 0.00631332
0 0.601537 0.520508 0.796926 0.958984 0.00612259
0 0.5 0.5 1 1 0.00521851
0 0.0602063 0.642578 0.115206 0.280273 0.00484848
0 0.5 0.5 1 1 0.00479126
0 0.839108 0.334229 0.321784 0.394043 0.00466537
0 0.5 0.5 1 1 0.00466537
0 0.5 0.5 1 1 0.00450516
0 0.047026 0.543945 0.0842888 0.431641 0.00445175
0 0.337481 0.273682 0.320883 0.243652 0.00426483
0 0.121063 0.321777 0.22195 0.313477 0.00416565
0 0.112927 0.62207 0.212187 0.321289 0.0041008
0 0.310551 0.453613 0.602551 0.470703 0.00402451
0 0.169554 0.547363 0.339108 0.441406 0.00400543
0 0.200796 0.490723 0.395084 0.53125 0.00385475
0 0.0476769 0.67627 0.0846143 0.217773 0.00372124
0 0.5 0.5 1 1 0.0036068
0 0.276949 0.584961 0.553898 0.763672 0.00333786
0 0.82922 0.40625 0.179643 0.255859 0.00316048
0 0.455615 0.41394 0.25905 0.377197 0.00312424
0 0.305344 0.471802 0.228947 0.421631 0.00290108
0 0.349603 0.464355 0.234154 0.350586 0.00269318
0 0.812297 0.191162 0.139288 0.140625 0.00265312
0 0.197542 0.342285 0.295499 0.37793 0.00232315
0 0.817504 0.44873 0.221299 0.181641 0.00231361
0 0.450083 0.446411 0.457568 0.460693 0.00221634
0 0.219672 0.430176 0.439343 0.860352 0.00215721
0 0.148726 0.377441 0.297452 0.754883 0.00209999
0 0.442598 0.383301 0.206329 0.366211 0.00209045
0 0.247659 0.5 0.495319 1 0.00208282
0 0.0453988 0.475586 0.0797327 0.419922 0.00194931
0 0.773244 0.203674 0.234316 0.164917 0.00183868
0 0.783658 0.36084 0.351475 0.438477 0.131348
0 0.786913 0.544434 0.394433 0.885742 0.0544128
0 0.0441784 0.713867 0.0834752 0.134766 0.0399475
0 0.0556501 0.65918 0.1113 0.234375 0.0314331
0 0.352125 0.536621 0.163371 0.198242 0.0185852
0 0.0691559 0.647461 0.115206 0.162109 0.0163422
0 0.325765 0.547363 0.168578 0.18457 0.0161591
0 0.611826 0.560547 0.640465 0.878906 0.0145035
0 0.273695 0.582031 0.10349 0.150391 0.0125275
0 0.229598 0.592773 0.408427 0.791016 0.0115509
0 0.83703 0.313416 0.203074 0.379028 0.0104904
0 0.264582 0.556641 0.117809 0.181641 0.00997162
0 0.248148 0.583984 0.140915 0.191406 0.0088501
0 0.229598 0.447754 0.404521 0.53418 0.00800323
0 0.809693 0.441895 0.102839 0.141602 0.00769424
0 0.216092 0.522461 0.197216 0.320312 0.00763702
0 0.714014 0.352295 0.460822 0.466309 0.00695801
0 0.11846 0.628906 0.0930757 0.148438 0.00631332
0 0.673459 0.537109 0.653082 0.925781 0.00600433
0 0.164062 0.503784 0.176958 0.308838 0.00564194
0 0.588682 0.537109 0.822636 0.925781 0.00561905
0 0.0683423 0.615234 0.136685 0.246094 0.00551224
0 0.821209 0.358948 0.357583 0.485229 0.00536346
0 0.805788 0.312012 0.286387 0.40332 0.00526047
0 0.169554 0.464844 0.0917739 0.158203 0.00511932
0 0.505207 0.5 0.989586 1 0.00469971
0 0.5 0.5 1 1 0.00452042
0 0.659465 0.5 0.681069 1 0.00411606
0 0.5 0.5 1 1 0.00388527
0 0.247009 0.778809 0.494017 0.442383 0.00380898
0 0.0618335 0.691406 0.123667 0.21875 0.00374985
0 0.857983 0.858643 0.284033 0.282715 0.00374985
0 0.844841 0.379883 0.195264 0.265625 0.00372124
0 0.549467 0.5 0.901066 1 0.00365067
0 0.235781 0.693848 0.391504 0.612305 0.00359344
0 0.231225 0.589355 0.462449 0.821289 0.00345612
0 0.382717 0.855713 0.765434 0.288574 0.00329781
0 0.168252 0.535645 0.301357 0.350586 0.00324821
0 0.331948 0.525879 0.19266 0.245117 0.00323486
0 0.0436902 0.61377 0.0873805 0.235352 0.00321007
0 0.375883 0.517578 0.114555 0.210938 0.00319672
0 0.239849 0.584961 0.193962 0.21875 0.00316048
0 0.271417 0.580078 0.161418 0.205078 0.00296974
0 0.506058 0.708496 0.773895 0.583008 0.00296974
0 0.238547 0.4375 0.477094 0.59375 0.00288963
0 0.117158 0.533081 0.223251 0.369385 0.00279999
0 0.792896 0.839844 0.414209 0.320312 0.00271416
0 0.824463 0.530762 0.351074 0.844727 0.00270462
0 0.832599 0.508301 0.334802 0.983398 0.00263214
0 0.734967 0.782715 0.530065 0.43457 0.00259018
0 0.788865 0.323669 0.408752 0.416138 0.698242
0 0.274996 0.47168 0.545437 0.587891 0.630859
0 0.133105 0.530762 0.266209 0.43457 0.326904
0 0.268488 0.380859 0.391178 0.450195 0.301514
0 0.156699 0.474609 0.313398 0.544922 0.216675
0 0.727845 0.311523 0.528188 0.522461 0.204346
0 0.640465 0.340088 0.71076 0.530762 0.154053
0 0.37035 0.438477 0.701648 0.548828 0.137939
0 0.513218 0.376953 0.835078 0.519531 0.115173
0 0.176388 0.387817 0.333901 0.406006 0.11084
0 0.834427 0.293518 0.320232 0.362183 0.0913696
0 0.138312 0.386841 0.234967 0.39624 0.0891113
0 0.578431 0.299316 0.843138 0.598633 0.0858765
0 0.700346 0.336365 0.274671 0.434692 0.0545959
0 0.335528 0.405273 0.307866 0.420898 0.0544128
0 0.434787 0.344482 0.866971 0.688965 0.0482178
0 0.659991 0.25293 0.640465 0.505859 0.0457764
0 0.434136 0.439575 0.299404 0.417725 0.0438538
0 0.79212 0.247559 0.412657 0.495117 0.0430298
0 0.382066 0.428223 0.196565 0.345703 0.0423889
0 0.423722 0.430786 0.222601 0.376709 0.0300446
0 0.199169 0.432617 0.380764 0.512695 0.0243378
0 0.35896 0.532715 0.711411 0.93457 0.0191956
0 0.567566 0.546753 0.601412 0.906494 0.0187225
0 0.540229 0.538574 0.890402 0.922852 0.0152512
0 0.490112 0.416504 0.35538 0.374023 0.0151901
0 0.654784 0.478516 0.661293 0.710938 0.0142288
0 0.124481 0.592773 0.238547 0.330078 0.0139542
0 0.387924 0.498535 0.30396 0.336914 0.012825
0 0.144332 0.327637 0.235944 0.291992 0.0119171
0 0.352776 0.476562 0.171832 0.25 0.0118256
0 0.42242 0.57019 0.844841 0.717041 0.0112457
0 0.80709 0.464844 0.0533721 0.078125 0.00898743
0 0.419817 0.389771 0.151004 0.300537 0.00861359
0 0.670568 0.379395 0.306889 0.350586 0.00861359
0 0.740049 0.330322 0.295499 0.394043 0.00841522
0 0.337155 0.525269 0.674311 0.750244 0.00769424
0 0.5181 0.294434 0.394433 0.551758 0.00679779
0 0.718044 0.52002 0.563911 0.93457 0.00631332
0 0.803836 0.267334 0.337155 0.288574 0.00629044
0 0.687979 0.409668 0.219997 0.317383 0.00600433
0 0.682772 0.17627 0.0989336 0.0693359 0.00570679
0 0.0416563 0.685547 0.0763156 0.140625 0.00516129
0 0.597795 0.578613 0.804411 0.750977 0.00516129
0 0.697091 0.329102 0.222601 0.339844 0.00492477
0 0.0698068 0.646484 0.133105 0.232422 0.00469971
0 0.860462 0.305176 0.204376 0.334961 0.0046463
0 0.375557 0.330811 0.751114 0.661621 0.00460815
0 0.628912 0.335449 0.390202 0.423828 0.00436401
0 0.844841 0.412109 0.122365 0.167969 0.00432968
0 0.330647 0.670898 0.628749 0.591797 0.288574
0 0.852001 0.312256 0.219997 0.367676 0.253174
0 0.176673 0.555542 0.319663 0.412354 0.118774
0 0.818806 0.455078 0.268162 0.223633 0.0582275
0 0.846143 0.411987 0.234316 0.218994 0.0531921
0 0.261572 0.589355 0.44276 0.413086 0.0491333
0 0.431207 0.432495 0.306564 0.404541 0.0420837
0 0.421119 0.493652 0.313724 0.275391 0.0362854
0 0.804486 0.431519 0.124969 0.240479 0.0360107
0 0.452035 0.496216 0.680169 0.39624 0.0310822
0 0.658852 0.773926 0.541206 0.405273 0.0308533
0 0.480674 0.668823 0.861113 0.599854 0.0301056
0 0.818806 0.328125 0.270766 0.424805 0.0271149
0 0.378486 0.402344 0.285736 0.447266 0.026413
0 0.682772 0.675293 0.558454 0.579102 0.0240021
0 0.372954 0.503906 0.242127 0.251953 0.0234222
0 0.326416 0.453003 0.573424 0.551025 0.0223694
0 0.292896 0.559692 0.54088 0.62085 0.0214539
0 0.867622 0.30957 0.157513 0.355469 0.0208435
0 0.792771 0.463379 0.105442 0.19043 0.0204468
0 0.12383 0.529297 0.240174 0.430664 0.0201416
0 0.720523 0.481445 0.433485 0.285156 0.0198669
0 0.846143 0.405396 0.208281 0.447021 0.019455
0 0.0427953 0.708984 0.0797327 0.152344 0.0179901
0 0.408671 0.408325 0.467494 0.388428 0.0175171
0 0.0686677 0.625977 0.115856 0.289062 0.016922
0 0.220811 0.570312 0.291268 0.388672 0.0167847
0 0.0846549 0.595215 0.158082 0.34082 0.0157776
0 0.846793 0.665894 0.253843 0.5979 0.0157776
0 0.580584 0.525879 0.682121 0.385742 0.0153656
0 0.137661 0.609375 0.242778 0.366211 0.0140076
0 0.824013 0.502075 0.179643 0.279053 0.0136337
0 0.250507 0.542969 0.378974 0.351562 0.01297
0 0.360587 0.536133 0.282481 0.308594 0.0115051
0 0.893006 0.255615 0.182246 0.479004 0.0106125
0 0.407125 0.525513 0.223251 0.312256 0.0105667
0 0.386541 0.665039 0.300869 0.556641 0.0105667
0 0.758274 0.712891 0.430882 0.511719 0.0104904
0 0.781055 0.404419 0.151004 0.341553 0.0103302
0 0.100601 0.478027 0.195833 0.620117 0.00905609
0 0.765434 0.341553 0.290292 0.450684 0.00901794
0 0.159628 0.643555 0.232689 0.457031 0.00818634
0 0.751765 0.337158 0.415261 0.45459 0.00748825
0 0.393131 0.40332 0.204376 0.408203 0.00740433
0 0.861889 0.328552 0.276223 0.478638 0.00709534
0 0.324219 0.571289 0.356519 0.347656 0.00706482
0 0.848746 0.501099 0.218695 0.382568 0.00695801
0 0.664547 0.833496 0.567566 0.333008 0.00651169
0 0.7778 0.463379 0.128874 0.21875 0.0064888
0 0.0349034 0.732422 0.0642743 0.158203 0.00629044
0 0.238547 0.431641 0.474491 0.605469 0.902832
0 0.849397 0.297852 0.279878 0.362305 0.34082
0 0.878687 0.306152 0.208281 0.333984 0.197388
0 0.270115 0.396973 0.403545 0.462891 0.192505
0 0.803185 0.32959 0.38532 0.421875 0.179565
0 0.183385 0.550903 0.362865 0.421631 0.092041
0 0.327718 0.414551 0.31828 0.40332 0.0731812
0 0.134244 0.479492 0.256772 0.578125 0.0526123
0 0.195101 0.416138 0.390202 0.734131 0.0489502
0 0.380764 0.398926 0.210234 0.355469 0.0470886
0 0.117199 0.535645 0.220567 0.455078 0.0386963
0 0.39964 0.373535 0.175737 0.297852 0.0328979
0 0.404847 0.341064 0.166625 0.217285 0.0287628
0 0.81425 0.445312 0.0768037 0.126953 0.0235138
0 0.866971 0.355957 0.208281 0.307617 0.0224152
0 0.195426 0.408203 0.379788 0.496094 0.0220795
0 0.123667 0.367676 0.220648 0.396484 0.021286
0 0.24408 0.343994 0.488159 0.687988 0.0173035
0 0.421444 0.323242 0.138637 0.180664 0.0170441
0 0.259375 0.481323 0.384019 0.332275 0.0170441
0 0.0536162 0.703125 0.0779428 0.125 0.0162811
0 0.106093 0.427734 0.212187 0.645508 0.0160217
0 0.0927503 0.563965 0.172483 0.411133 0.0153656
0 0.0442598 0.696289 0.0781055 0.160156 0.0146179
0 0.357983 0.441406 0.180944 0.336914 0.0132751
0 0.0745256 0.462402 0.149051 0.639648 0.012825
0 0.799279 0.358643 0.117158 0.297363 0.0120544
0 0.329019 0.462891 0.236269 0.328125 0.0120087
0 0.061264 0.650879 0.103652 0.205078 0.0119171
0 0.174395 0.361084 0.312503 0.399902 0.0117798
0 0.331216 0.439575 0.433648 0.554443 0.0114212
0 0.130827 0.388184 0.261653 0.776367 0.0106506
0 0.0517449 0.629883 0.0963301 0.287109 0.0105667
0 0.362865 0.556641 0.0702949 0.138672 0.01017
0 0.0614267 0.503906 0.122528 0.569336 0.00978088
0 0.797978 0.447266 0.0963301 0.144531 0.00937653
0 0.792771 0.206299 0.197867 0.194336 0.00933838
0 0.398338 0.4375 0.169229 0.402344 0.00923157
0 0.109348 0.615234 0.195915 0.299805 0.0085144
0 0.895609 0.351318 0.200471 0.466309 0.00844574
0 0.303635 0.514648 0.233666 0.236328 0.00831604
0 0.714014 0.356934 0.566265 0.477539 0.00831604
0 0.116345 0.276611 0.197542 0.222168 0.00769424
0 0.24229 0.512695 0.345291 0.253906 0.00638962
0 0.885195 0.436035 0.216092 0.542969 0.00624084
0 0.172971 0.385498 0.345942 0.770996 0.00602722
0 0.807215 0.250977 0.38557 0.501953 0.00591278
0 0.805788 0.53418 0.387924 0.880859 0.005867
0 0.440645 0.457031 0.265559 0.5 0.00584412
0 0.300055 0.356445 0.331297 0.382812 0.00582123
0 0.265884 0.568848 0.531768 0.821289 0.492188
0 0.842237 0.311523 0.294197 0.398438 0.427246
0 0.761528 0.332947 0.420468 0.42688 0.228149
0 0.766573 0.541504 0.466355 0.838867 0.183594
0 0.676551 0.522461 0.646898 0.929688 0.148315
0 0.208119 0.494019 0.416237 0.711182 0.11261
0 0.136725 0.39856 0.251809 0.493896 0.101929
0 0.707505 0.353516 0.295499 0.400391 0.0820923
0 0.134244 0.323486 0.242452 0.353027 0.0687866
0 0.1388 0.231689 0.253517 0.438965 0.0675659
0 0.713363 0.688477 0.57017 0.613281 0.0653687
0 0.144495 0.442871 0.28899 0.618164 0.0564575
0 0.410054 0.582031 0.820107 0.835938 0.0474243
0 0.29615 0.401245 0.398989 0.463135 0.0438538
0 0.104141 0.458496 0.208281 0.680664 0.0294189
0 0.883894 0.329834 0.231713 0.33252 0.026001
0 0.758925 0.401367 0.445201 0.584961 0.0248871
0 0.856557 0.39856 0.197867 0.204834 0.023468
0 0.410705 0.438477 0.270766 0.391602 0.0225372
0 0.816202 0.453125 0.0833125 0.102539 0.0221558
0 0.803185 0.25415 0.179643 0.266113 0.0209198
0 0.675612 0.807617 0.619637 0.384766 0.0202179
0 0.250914 0.405273 0.501828 0.790039 0.019989
0 0.363841 0.398926 0.258399 0.339844 0.0199127
0 0.111626 0.536621 0.223251 0.504883 0.0195618
0 0.514845 0.628052 0.787564 0.743896 0.0192719
0 0.0849804 0.287598 0.152224 0.272461 0.019165
0 0.357333 0.486328 0.0579282 0.118164 0.0175781
0 0.179154 0.48877 0.358309 0.578125 0.0157166
0 0.189121 0.380737 0.32666 0.461182 0.0153046
0 0.245381 0.424805 0.395734 0.570312 0.0145035
0 0.402894 0.362061 0.164021 0.219238 0.0132751
0 0.635095 0.348694 0.674636 0.458862 0.0107346
0 0.22374 0.729492 0.447479 0.501953 0.0106125
0 0.693837 0.206543 0.130176 0.148926 0.0105667
0 0.206817 0.464844 0.325765 0.399414 0.0104904
0 0.843539 0.534668 0.312422 0.84668 0.0100937
0 0.758925 0.791504 0.467331 0.405273 0.00985718
0 0.209908 0.522339 0.382066 0.465088 0.00963593
0 0.80709 0.410156 0.119762 0.195312 0.00941467
0 0.0636234 0.629395 0.127247 0.300781 0.00912476
0 0.68147 0.783203 0.45171 0.425781 0.00908661
0 0.0903095 0.632812 0.180619 0.330078 0.00905609
0 0.752867 0.281494 0.494267 0.562988 0.00891876
0 0.719709 0.849121 0.461148 0.290039 0.00871277
0 0.425675 0.412964 0.152306 0.320557 0.00857544
0 0.706855 0.304932 0.238222 0.353027 0.00818634
0 0.603853 0.378418 0.0680168 0.202148 0.00800323
0 0.21117 0.594727 0.291675 0.177734 0.00787354
0 0.254168 0.348145 0.359936 0.373047 0.0078125
0 0.349847 0.591797 0.674961 0.816406 0.549805
0 0.296475 0.506836 0.568868 0.673828 0.19873
0 0.654133 0.515747 0.684725 0.93335 0.100525
0 0.494668 0.58252 0.895609 0.831055 0.0582275
0 0.209258 0.473633 0.398989 0.59375 0.0501404
0 0.633793 0.760254 0.690257 0.479492 0.0449219
0 0.859811 0.296875 0.247334 0.375 0.0239563
0 0.121023 0.464355 0.231143 0.59082 0.0222473
0 0.114229 0.565308 0.219346 0.424072 0.0214844
0 0.17232 0.55957 0.323161 0.391602 0.0213318
0 0.713526 0.636841 0.55162 0.726318 0.0209656
0 0.361563 0.458496 0.0650879 0.0878906 0.0164032
0 0.409403 0.516113 0.0872178 0.114258 0.0149536
0 0.388575 0.432129 0.190057 0.268555 0.0141754
0 0.159791 0.478516 0.096981 0.15625 0.0138474
0 0.409728 0.492065 0.195915 0.234619 0.0138474
0 0.223414 0.582031 0.397362 0.326172 0.0137405
0 0.322104 0.412109 0.342525 0.445312 0.0120544
0 0.386622 0.478516 0.117158 0.169922 0.0119629
0 0.827267 0.448242 0.335854 0.705078 0.0111618
0 0.395084 0.502441 0.104141 0.154297 0.01017
0 0.786387 0.504883 0.427227 0.941406 0.0100555
0 0.155886 0.447144 0.121063 0.170166 0.0100098
0 0.809043 0.430176 0.0768037 0.105469 0.00993347
0 0.439669 0.679199 0.827267 0.637695 0.00974274
0 0.860462 0.393677 0.195264 0.17749 0.00923157
0 0.401918 0.413086 0.190057 0.354492 0.00905609
0 0.33382 0.484253 0.290455 0.398682 0.00901794
0 0.124155 0.609863 0.231387 0.314453 0.00857544
0 0.435438 0.533203 0.223902 0.267578 0.00831604
0 0.230248 0.546875 0.374581 0.204102 0.008255
0 0.358716 0.397949 0.295336 0.387695 0.00775528
0 0.349197 0.531128 0.253843 0.340088 0.00754929
0 0.261328 0.48645 0.435438 0.413818 0.00740433
0 0.886497 0.370605 0.169229 0.177734 0.00717545
0 0.0803022 0.617188 0.153119 0.294922 0.00695801
0 0.184565 0.441406 0.2082 0.234375 0.0069313
0 0.653933 0.809082 0.692134 0.381836 0.0069046
0 0.400291 0.538086 0.221299 0.287109 0.00643921
0 0.83325 0.296631 0.3335 0.390137 0.00600433
0 0.51094 0.592773 0.0507686 0.0703125 0.00553513
0 0.445201 0.574707 0.204376 0.151367 0.00542831
0 0.277274 0.57959 0.39964 0.249023 0.00468063
0 0.432835 0.472534 0.235618 0.400635 0.00448608
0 0.577129 0.5 0.845742 1 0.00441742
0 0.445201 0.582031 0.225204 0.313477 0.00413513
0 0.0558129 0.629883 0.10707 0.25 0.00380898
0 0.414935 0.328857 0.157513 0.178223 0.0037365
0 0.886497 0.308838 0.203074 0.315918 0.00372124
0 0.143356 0.402344 0.243103 0.413086 0.00366402
