0 0.801883 0.440918 0.382717 0.46875 0.90625
0 0.320232 0.466797 0.640465 0.916016 0.589844
0 0.800581 0.390137 0.326741 0.387695 0.31665
0 0.568868 0.726562 0.304611 0.46875 0.125488
0 0.213326 0.286133 0.426651 0.558594 0.0775146
0 0.273044 0.368164 0.546087 0.717773 0.0731812
0 0.730086 0.59375 0.539829 0.761719 0.0720825
0 0.810469 0.629761 0.379062 0.732666 0.069519
0 0.35538 0.571289 0.691233 0.84375 0.0477905
0 0.434787 0.503052 0.834427 0.935303 0.0342407
0 0.49955 0.588745 0.409403 0.701416 0.0319824
0 0.552596 0.640747 0.308517 0.585693 0.03125
0 0.276542 0.114502 0.254005 0.229004 0.0287018
0 0.857333 0.634888 0.285335 0.595459 0.0256195
0 0.30274 0.101685 0.188592 0.203369 0.0212097
0 0.609385 0.58606 0.504757 0.726318 0.0153656
0 0.558129 0.791992 0.258399 0.353516 0.0137939
0 0.112927 0.657227 0.211536 0.541016 0.0131226
0 0.152631 0.29248 0.305262 0.577148 0.0130692
0 0.783658 0.31958 0.153607 0.200684 0.012146
0 0.846793 0.50769 0.285085 0.3479 0.0115967
0 0.112277 0.756836 0.197867 0.367188 0.0114212
0 0.31771 0.668945 0.602551 0.480469 0.0110703
0 0.311771 0.499023 0.623542 0.998047 0.00997162
0 0.286387 0.192383 0.305262 0.384766 0.00955963
0 0.421444 0.484375 0.842888 0.96875 0.00901794
0 0.153282 0.67041 0.306564 0.514648 0.00871277
0 0.482301 0.589844 0.964603 0.820312 0.00834656
0 0.153933 0.844727 0.120413 0.148438 0.00815582
0 0.241802 0.162842 0.34822 0.325684 0.00757599
0 0.545437 0.841797 0.213488 0.259766 0.00746155
0 0.525384 0.5 0.949232 1 0.00734711
0 0.824664 0.33252 0.246032 0.186523 0.00712204
0 0.5 0.5 1 1 0.00664139
0 0.613253 0.5 0.773494 1 0.00641251
0 0.172157 0.719727 0.156862 0.423828 0.00634003
0 0.857333 0.499023 0.285335 0.474609 0.00624084
0 0.441296 0.5 0.882592 1 0.00619125
0 0.513668 0.584473 0.972663 0.831055 0.00614548
0 0.386622 0.498047 0.693837 0.996094 0.005867
0 0.675737 0.5 0.648525 1 0.00544739
0 0.511716 0.5354 0.976568 0.929199 0.0051384
0 0.491414 0.907227 0.109348 0.126953 0.00479126
0 0.390202 0.5 0.780404 1 0.00452042
0 0.374255 0.577637 0.748511 0.844727 0.00426483
0 0.0890077 0.283691 0.175412 0.567383 0.00418091
0 0.482952 0.5 0.965904 1 0.00408554
0 0.18664 0.618652 0.297126 0.612305 0.00400543
0 0.899515 0.555664 0.197867 0.269531 0.00374985
0 0.0778614 0.728027 0.134569 0.188477 0.00362206
0 0.791469 0.462402 0.341061 0.457031 0.897461
0 0.542182 0.6875 0.334552 0.537109 0.384033
0 0.492064 0.560425 0.441296 0.795166 0.369385
0 0.0797327 0.430176 0.159465 0.259766 0.212769
0 0.431858 0.481445 0.863716 0.941406 0.176636
0 0.550969 0.600098 0.331297 0.749023 0.173828
0 0.350173 0.548828 0.700346 0.816406 0.17334
0 0.0659015 0.450684 0.128549 0.208984 0.167725
0 0.14775 0.816406 0.109348 0.173828 0.14856
0 0.240337 0.237793 0.466355 0.475586 0.123779
0 0.347244 0.245117 0.694488 0.490234 0.0734253
0 0.271335 0.356445 0.0652506 0.0849609 0.0705566
0 0.213814 0.309814 0.425675 0.619629 0.0703125
0 0.133064 0.78125 0.130257 0.265625 0.0668335
0 0.491414 0.84668 0.122365 0.234375 0.0609741
0 0.0904722 0.30542 0.180944 0.549316 0.0607605
0 0.0805463 0.396484 0.161093 0.373047 0.0596619
0 0.054023 0.730469 0.0894959 0.162109 0.0492249
0 0.279878 0.39563 0.0624844 0.0856934 0.0474243
0 0.748511 0.371582 0.203074 0.34668 0.0470886
0 0.0355543 0.419922 0.0711085 0.308594 0.0421753
0 0.317629 0.0930176 0.166625 0.172852 0.0405273
0 0.568868 0.735352 0.25905 0.484375 0.035675
0 0.0785936 0.743164 0.135708 0.203125 0.0353394
0 0.758925 0.421875 0.290292 0.472656 0.0341797
0 0.432184 0.517578 0.0735493 0.101562 0.0333252
0 0.562359 0.775879 0.235618 0.360352 0.0314331
0 0.542182 0.319336 0.0820107 0.150391 0.031311
0 0.805913 0.379883 0.388174 0.621094 0.0288696
0 0.786913 0.296875 0.115856 0.18457 0.0274353
0 0.269138 0.320801 0.0878687 0.136719 0.0272675
0 0.337155 0.0927734 0.109348 0.172852 0.0268555
0 0.35896 0.266602 0.05923 0.0844727 0.0249329
0 0.372303 0.671997 0.620938 0.62085 0.0219879
0 0.174761 0.12207 0.0663897 0.124023 0.0209198
0 0.686026 0.492676 0.110649 0.273438 0.019455
0 0.0223333 0.286865 0.0446666 0.078125 0.0194244
0 0.83703 0.355957 0.24473 0.333008 0.016922
0 0.180619 0.583984 0.0546738 0.0830078 0.0161591
0 0.0931164 0.436523 0.176307 0.334961 0.0161591
0 0.698393 0.603149 0.60011 0.793701 0.0151901
0 0.980349 0.924805 0.0393027 0.0839844 0.0132217
0 0.045887 0.758301 0.064437 0.120117 0.01297
0 0.284109 0.0986328 0.132128 0.178223 0.0126266
0 0.431207 0.516602 0.0852651 0.126953 0.0121918
0 0.23513 0.0960693 0.0934011 0.178467 0.012146
0 0.290617 0.215332 0.253192 0.430664 0.0120087
0 0.459521 0.84375 0.17053 0.279297 0.0119629
0 0.982952 0.941406 0.0340957 0.0859375 0.0119629
0 0.481976 0.305176 0.129525 0.194336 0.0115967
0 0.430231 0.549683 0.589696 0.85376 0.999023
0 0.799279 0.418457 0.380113 0.512695 0.994141
0 0.49597 0.59668 0.453012 0.716797 0.980957
0 0.0966962 0.440308 0.180863 0.22876 0.866699
0 0.355054 0.5 0.630702 1 0.844238
0 0.327718 0.383789 0.620288 0.765625 0.419678
0 0.36197 0.602051 0.603853 0.706055 0.356689
0 0.10707 0.355957 0.214139 0.415039 0.300781
0 0.805788 0.521362 0.374906 0.627197 0.294922
0 0.105442 0.427734 0.210885 0.292969 0.162964
0 0.975467 0.927734 0.0490659 0.0820312 0.12854
0 0.220973 0.319092 0.416563 0.638184 0.124878
0 0.678867 0.563477 0.633956 0.753906 0.119202
0 0.319907 0.0946045 0.189406 0.185303 0.0994873
0 0.139614 0.272705 0.279227 0.54541 0.0859985
0 0.105931 0.687012 0.185826 0.229492 0.069519
0 0.0639489 0.437988 0.107395 0.25 0.0481262
0 0.503455 0.591309 0.471887 0.511719 0.0435181
0 0.972538 0.938477 0.0549238 0.0703125 0.0386963
0 0.506058 0.753906 0.443249 0.398438 0.0368958
0 0.306239 0.495117 0.545437 0.880859 0.0367737
0 0.294767 0.143677 0.233177 0.287354 0.0340881
0 0.0964928 0.735352 0.154258 0.142578 0.0340271
0 0.24473 0.105957 0.238222 0.196777 0.0288086
0 0.111138 0.604004 0.198844 0.387695 0.0264587
0 0.237571 0.203857 0.367096 0.407715 0.0261536
0 0.706204 0.416504 0.54804 0.576172 0.0250854
0 0.106581 0.771484 0.186802 0.234375 0.0231476
0 0.818806 0.405151 0.262955 0.38501 0.0225067
0 0.0742002 0.412598 0.145797 0.287109 0.0210419
0 0.346186 0.277832 0.429743 0.541992 0.0205688
0 0.281749 0.654785 0.462287 0.522461 0.0203705
0 0.500526 0.558594 0.878687 0.882812 0.0201721
0 0.187779 0.105469 0.203725 0.199707 0.0196381
0 0.335528 0.140869 0.154258 0.257812 0.0191193
0 0.620776 0.532837 0.489786 0.934326 0.018692
0 0.975467 0.759766 0.0490659 0.078125 0.0175781
0 0.221462 0.143188 0.412332 0.286377 0.0165253
0 0.955615 0.90332 0.0887695 0.111328 0.0137405
0 0.101863 0.543457 0.203725 0.488281 0.0115051
0 0.379137 0.203369 0.357333 0.35791 0.0104065
0 0.344315 0.111084 0.136685 0.204102 0.0100098
0 0.152021 0.445312 0.242046 0.245117 0.00971222
0 0.134447 0.583496 0.263525 0.495117 0.00874329
0 0.969284 0.821777 0.0614326 0.290039 0.00844574
0 0.141851 0.127563 0.254575 0.255127 0.008255
0 0.127735 0.650879 0.238547 0.483398 0.008255
0 0.779715 0.506836 0.44057 0.880859 0.00818634
0 0.25547 0.273682 0.280529 0.470215 0.00800323
0 0.968958 0.836914 0.0620835 0.205078 0.00717545
0 0.42958 0.512817 0.637861 0.849365 0.989746
0 0.800581 0.444824 0.361889 0.477539 0.866211
0 0.345291 0.488281 0.690583 0.976562 0.399902
0 0.290617 0.289062 0.581235 0.578125 0.208862
0 0.213814 0.271973 0.42242 0.543945 0.206909
0 0.330077 0.374023 0.649414 0.748047 0.144165
0 0.458788 0.571289 0.544298 0.677734 0.110474
0 0.0855906 0.427734 0.171181 0.279297 0.0836182
0 0.594252 0.621948 0.25905 0.543213 0.0745239
0 0.834877 0.389648 0.330246 0.498047 0.0498657
0 0.14238 0.282227 0.28476 0.561523 0.0482178
0 0.743754 0.445312 0.512492 0.509766 0.0467224
0 0.595554 0.550781 0.796676 0.728516 0.0433655
0 0.808392 0.349609 0.382717 0.644531 0.0297546
0 0.132779 0.733398 0.0943774 0.123047 0.0242767
0 0.313642 0.547852 0.38288 0.703125 0.0241394
0 0.938567 0.588867 0.105442 0.145508 0.0235138
0 0.14661 0.791016 0.101863 0.195312 0.0161591
0 0.10353 0.770508 0.197786 0.263672 0.0153046
0 0.928153 0.574219 0.114555 0.197266 0.0149002
0 0.694938 0.516113 0.610124 0.697266 0.0149002
0 0.612477 0.650879 0.238222 0.396484 0.0147324
0 0.288258 0.263672 0.251402 0.525391 0.0146179
0 0.12981 0.776367 0.145227 0.226562 0.0136337
0 0.0532094 0.487305 0.0986082 0.175781 0.0131683
0 0.779102 0.269531 0.110649 0.166992 0.0123367
0 0.403545 0.650513 0.643068 0.657959 0.0119629
0 0.764132 0.39209 0.262955 0.407227 0.0118713
0 0.593602 0.734375 0.282481 0.466797 0.0109024
0 0.543484 0.615112 0.312422 0.523682 0.0106506
0 0.435438 0.5 0.870876 1 0.0105286
0 0.907325 0.512573 0.166625 0.314697 0.0104065
0 0.111951 0.693848 0.183548 0.333008 0.0100937
0 0.898213 0.420898 0.0702949 0.0869141 0.0088501
0 0.0842888 0.343018 0.168578 0.501465 0.0086441
0 0.0572773 0.344482 0.109348 0.300293 0.00812531
0 0.437065 0.808594 0.396385 0.328125 0.00784302
0 0.331623 0.232422 0.14059 0.393555 0.00757599
0 0.748511 0.331787 0.200471 0.289551 0.00743103
0 0.742002 0.452637 0.212187 0.270508 0.00723267
0 0.980023 0.950195 0.0399536 0.0742188 0.00701141
0 0.464158 0.392944 0.592137 0.764893 0.00677109
0 0.119477 0.452148 0.108615 0.267578 0.00669098
0 0.698393 0.342285 0.564963 0.68457 0.0064621
0 0.468633 0.419067 0.249938 0.443115 0.00624084
0 0.792245 0.525879 0.415511 0.745117 0.00616837
0 0.435113 0.71875 0.447154 0.519531 0.00614548
0 0.761528 0.317383 0.169229 0.228516 0.00609589
0 0.412332 0.450684 0.824664 0.901367 0.00561905
0 0.617033 0.601074 0.197867 0.430664 0.00551224
0 0.778451 0.435059 0.341061 0.44043 0.885254
0 0.350824 0.466797 0.669104 0.933594 0.868164
0 0.233666 0.283691 0.467331 0.567383 0.431152
0 0.0943774 0.4552 0.167927 0.238037 0.190674
0 0.087828 0.410278 0.168008 0.30835 0.139404
0 0.302008 0.64209 0.536975 0.594727 0.100159
0 0.287038 0.32373 0.574075 0.647461 0.0960083
0 0.0923841 0.302734 0.17647 0.526367 0.0888062
0 0.417864 0.536255 0.618335 0.796631 0.0661011
0 0.975793 0.928711 0.048415 0.0839844 0.062561
0 0.166788 0.288818 0.32967 0.577637 0.0548096
0 0.491414 0.409058 0.233015 0.398682 0.0544128
0 0.493366 0.524902 0.226506 0.34082 0.0528259
0 0.0645997 0.453003 0.129199 0.232666 0.0467224
0 0.783007 0.422974 0.417864 0.556396 0.0455933
0 0.474491 0.492188 0.182246 0.277344 0.0367126
0 0.302659 0.112305 0.194613 0.211914 0.0350037
0 0.570821 0.548828 0.296801 0.683594 0.0270081
0 0.549016 0.598145 0.328694 0.506836 0.0267639
0 0.706855 0.513794 0.515496 0.659912 0.0237274
0 0.264989 0.236389 0.32007 0.472534 0.0236511
0 0.463426 0.279297 0.115206 0.14209 0.0226288
0 0.781055 0.519043 0.346268 0.366211 0.0222473
0 0.296475 0.187988 0.232364 0.375977 0.02211
0 0.3099 0.500977 0.419003 0.503906 0.0219421
0 0.302984 0.145508 0.204376 0.291016 0.0214844
0 0.785611 0.340576 0.417864 0.681152 0.0212097
0 0.0624844 0.369385 0.124969 0.387207 0.0201721
0 0.751114 0.382324 0.242127 0.376953 0.0200958
0 0.951585 0.943359 0.0650879 0.0742188 0.0183716
0 0.294848 0.743652 0.520052 0.368164 0.0183411
0 0.777149 0.253418 0.105442 0.142578 0.0182343
0 0.497272 0.371094 0.200471 0.3125 0.0148392
0 0.451059 0.499512 0.129525 0.151367 0.0148392
0 0.960822 0.923828 0.0783555 0.0898438 0.0140076
0 0.251565 0.0991211 0.106744 0.183105 0.0131683
0 0.344315 0.258789 0.0924248 0.115234 0.0130234
0 0.25189 0.130615 0.268162 0.244141 0.0120544
0 0.949632 0.568359 0.0911231 0.185547 0.0118713
0 0.402569 0.416992 0.359285 0.396484 0.0116425
0 0.756321 0.296387 0.1484 0.219727 0.0111618
0 0.445852 0.390625 0.272067 0.359375 0.0110703
0 0.451059 0.449097 0.196565 0.306885 0.0110703
0 0.179643 0.456909 0.106093 0.2229 0.0106506
0 0.583188 0.698242 0.283783 0.525391 0.0105667
0 0.500526 0.293945 0.164021 0.170898 0.0102463
0 0.344884 0.439575 0.41282 0.42749 0.00997162
0 0.570495 0.402466 0.281831 0.476318 0.00993347
0 0.419817 0.279785 0.154909 0.146973 0.00978088
0 0.628749 0.608887 0.177039 0.37207 0.00978088
0 0.787564 0.454224 0.33325 0.470459 0.837402
0 0.406799 0.494141 0.670405 0.988281 0.424316
0 0.212675 0.288818 0.425349 0.577637 0.338867
0 0.389144 0.572754 0.645835 0.77832 0.334473
0 0.0958419 0.440918 0.191684 0.287109 0.208862
0 0.26507 0.355957 0.530141 0.711914 0.193726
0 0.123992 0.348083 0.247985 0.459106 0.0923462
0 0.0977946 0.369385 0.195589 0.411621 0.0786133
0 0.0740375 0.45459 0.148075 0.239258 0.0507202
0 0.10288 0.746582 0.195182 0.397461 0.0455322
0 0.49955 0.422363 0.255795 0.397461 0.0423279
0 0.145797 0.291016 0.291594 0.582031 0.0409851
0 0.0501177 0.418457 0.100235 0.279297 0.0406799
0 0.109022 0.650391 0.20763 0.558594 0.0396423
0 0.293872 0.5 0.587744 1 0.0394897
0 0.749975 0.496582 0.4631 0.578125 0.0357361
0 0.0285573 0.377441 0.0571146 0.245117 0.0316772
0 0.770641 0.408203 0.268162 0.352539 0.0299225
0 0.384019 0.434082 0.395084 0.381836 0.0284882
0 0.164672 0.450195 0.329345 0.900391 0.0281067
0 0.5923 0.564941 0.791469 0.768555 0.0257111
0 0.343745 0.486328 0.426814 0.470703 0.024704
0 0.165649 0.313477 0.331297 0.513672 0.0240936
0 0.471887 0.597778 0.489461 0.726318 0.0220795
0 0.252541 0.130371 0.31112 0.260742 0.0208435
0 0.788865 0.581543 0.390527 0.739258 0.0204163
0 0.180456 0.147522 0.0462124 0.0750732 0.0199432
0 0.228947 0.0875244 0.0816853 0.159912 0.0197144
0 0.0899027 0.28833 0.179805 0.57666 0.0195312
0 0.491088 0.367432 0.178341 0.272949 0.0189362
0 0.554223 0.578613 0.314375 0.614258 0.0183411
0 0.298103 0.625488 0.550644 0.674805 0.0178528
0 0.342362 0.712891 0.436089 0.486328 0.0175171
0 0.524608 0.464844 0.257748 0.49707 0.0174408
0 0.281505 0.272949 0.325439 0.545898 0.0167236
0 0.792771 0.533691 0.348871 0.458984 0.0166626
0 0.564637 0.695312 0.300055 0.541016 0.0154266
0 0.477745 0.474609 0.171181 0.289062 0.0143356
0 0.480023 0.291504 0.0982827 0.137207 0.0131226
0 0.0261165 0.315674 0.052233 0.181152 0.0128708
0 0.148726 0.434082 0.297452 0.280273 0.0127258
0 0.472538 0.483887 0.177039 0.183594 0.0127258
0 0.18908 0.100464 0.167276 0.184814 0.0124283
0 0.418515 0.396973 0.290292 0.271484 0.0120544
0 0.174436 0.629395 0.348871 0.647461 0.0120544
0 0.49597 0.32373 0.137986 0.202148 0.0119171
0 0.099259 0.808594 0.198518 0.347656 0.0117798
0 0.169554 0.727539 0.339108 0.470703 0.0112
0 0.769339 0.35498 0.42958 0.709961 0.0109863
0 0.158977 0.471191 0.204701 0.260742 0.0105667
0 0.408101 0.540894 0.657388 0.886963 0.884277
0 0.783658 0.446777 0.380113 0.475586 0.679199
0 0.0940927 0.452148 0.166544 0.242188 0.297363
0 0.325114 0.39502 0.650228 0.790039 0.240112
0 0.0639489 0.450684 0.116182 0.248047 0.146118
0 0.226831 0.310059 0.453012 0.620117 0.130005
0 0.0367747 0.420898 0.0582537 0.259766 0.0572815
0 0.245544 0.451172 0.453988 0.902344 0.0449219
0 0.737934 0.522949 0.479372 0.551758 0.0381165
0 0.0791631 0.714844 0.141078 0.177734 0.03302
0 0.0805463 0.674805 0.148726 0.253906 0.0296478
0 0.799279 0.52832 0.380113 0.325195 0.0281067
0 0.115368 0.433105 0.21837 0.256836 0.0276337
0 0.518425 0.609497 0.41461 0.700928 0.0271149
0 0.658527 0.598633 0.648601 0.761719 0.0235138
0 0.0860787 0.581543 0.157838 0.485352 0.0227661
0 0.771942 0.435669 0.309818 0.376709 0.0225067
0 0.186477 0.374268 0.372954 0.397949 0.0166626
0 0.253843 0.288574 0.347569 0.549805 0.014389
0 0.0650065 0.725098 0.103652 0.163086 0.0142288
0 0.552596 0.598633 0.326741 0.40918 0.0136337
0 0.0362865 0.375 0.0572773 0.228516 0.0120544
0 0.165323 0.300293 0.330647 0.594727 0.00861359
0 0.251158 0.637573 0.345129 0.633057 0.00800323
0 0.899515 0.534668 0.173134 0.305664 0.00757599
0 0.353427 0.276367 0.0494668 0.0585938 0.00746155
0 0.266291 0.373535 0.217231 0.324219 0.0069046
0 0.232852 0.489136 0.178015 0.306885 0.00572968
0 0.261979 0.410034 0.104792 0.201416 0.00534439
0 0.530466 0.465332 0.210885 0.4375 0.00519943
0 0.529815 0.532715 0.277274 0.362305 0.00519943
0 0.250263 0.425293 0.253192 0.379883 0.00510025
0 0.179317 0.4375 0.153607 0.240234 0.0050621
0 0.827267 0.5625 0.318931 0.244141 0.00469971
0 0.193636 0.487305 0.0768037 0.136719 0.0046463
0 0.175575 0.131592 0.0637861 0.10498 0.00457382
0 0.482952 0.299316 0.139939 0.175781 0.00443268
0 0.805137 0.587891 0.36319 0.306641 0.00443268
0 0.220973 0.521484 0.162069 0.257812 0.00436401
0 0.239686 0.103271 0.364167 0.206543 0.0041008
0 0.690382 0.458008 0.619236 0.671875 0.00407028
0 0.304937 0.105347 0.202423 0.210693 0.00391388
0 0.528514 0.407715 0.156211 0.353516 0.00376511
0 0.553898 0.691895 0.320232 0.547852 0.0037365
0 0.50378 0.32666 0.166625 0.214844 0.00372124
0 0.251565 0.763672 0.334552 0.390625 0.00372124
0 0.0290455 0.319824 0.0509313 0.148438 0.00370789
0 0.0652506 0.36377 0.121389 0.34082 0.00370789
0 0.314293 0.439453 0.372465 0.455078 0.00370789
0 0.770641 0.326172 0.132779 0.131836 0.00363541
