0 0.559756 0.748047 0.272067 0.503906 0.190674
0 0.586442 0.758789 0.196565 0.472656 0.0611877
0 0.552271 0.833008 0.311771 0.332031 0.0175781
0 0.419898 0.5 0.655923 1 0.01297
0 0.240662 0.699219 0.359611 0.568359 0.0114212
0 0.534697 0.522461 0.810344 0.955078 0.0106125
0 0.511065 0.642822 0.97787 0.714355 0.00867462
0 0.697867 0.515137 0.604266 0.969727 0.00803375
0 0.912532 0.13916 0.171832 0.242188 0.0078125
0 0.5 0.5 1 1 0.00740433
0 0.203888 0.616699 0.345942 0.735352 0.00682449
0 0.85916 0.716309 0.085916 0.145508 0.00669098
0 0.658814 0.564453 0.682371 0.871094 0.00643921
0 0.443574 0.574707 0.784309 0.81543 0.00616837
0 0.45171 0.5 0.90342 1 0.00614548
0 0.713488 0.5 0.573023 1 0.00612259
0 0.472864 0.5 0.945727 1 0.006073
0 0.1113 0.547852 0.106093 0.125 0.00588989
0 0.454313 0.699219 0.744605 0.601562 0.00579834
0 0.627447 0.800781 0.436089 0.398438 0.00559998
0 0.5 0.5 1 1 0.00538635
0 0.887799 0.675781 0.127572 0.462891 0.00534439
0 0.5 0.5 1 1 0.00521851
0 0.534046 0.726074 0.357333 0.52832 0.00519943
0 0.909929 0.186462 0.169229 0.363403 0.00516129
0 0.541206 0.701172 0.322185 0.400391 0.00511932
0 0.375557 0.5 0.751114 1 0.00482941
0 0.460497 0.5 0.920994 1 0.00475693
0 0.429255 0.5 0.858509 1 0.00436401
0 0.164021 0.529297 0.151655 0.166016 0.00421524
0 0.151167 0.530273 0.190382 0.191406 0.00416565
0 0.505408 0.578125 0.42242 0.824219 0.00395966
0 0.5 0.5 1 1 0.00392914
0 0.906024 0.63623 0.169229 0.581055 0.00374985
0 0.471887 0.541016 0.943774 0.917969 0.00358009
0 0.304286 0.735352 0.482301 0.505859 0.00341606
0 0.5923 0.844238 0.252541 0.301758 0.00313568
0 0.5 0.5 1 1 0.003088
0 0.902769 0.720703 0.191358 0.464844 0.00293541
0 0.553898 0.401489 0.822711 0.667725 0.0028553
0 0.133267 0.570312 0.157187 0.166992 0.00259018
0 0.549342 0.643677 0.273369 0.544678 0.0024929
0 0.543158 0.352112 0.710109 0.468628 0.00246239
0 0.121348 0.512695 0.157594 0.208984 0.00243378
0 0.661944 0.574707 0.542833 0.850586 0.00222588
0 0.150394 0.480469 0.204295 0.277344 0.00202751
0 0.49955 0.432617 0.391178 0.664062 0.00201988
0 0.863065 0.722168 0.101537 0.214844 0.00194931
0 0.85916 0.753418 0.106744 0.327148 0.00191212
0 0.564312 0.793945 0.337155 0.412109 0.00188255
0 0.551945 0.782227 0.307215 0.416016 0.519531
0 0.527863 0.762207 0.354078 0.475586 0.0274811
0 0.474491 0.762695 0.428278 0.447266 0.0259094
0 0.645021 0.756348 0.50378 0.46582 0.0228882
0 0.541857 0.581177 0.359936 0.83374 0.0195007
0 0.666663 0.603516 0.520378 0.792969 0.0158997
0 0.499875 0.710449 0.397036 0.579102 0.0114212
0 0.647261 0.593262 0.705477 0.813477 0.0113297
0 0.5 0.5 1 1 0.0106506
0 0.0932384 0.577148 0.0680168 0.105469 0.0105286
0 0.544786 0.5 0.769339 1 0.00945282
0 0.610161 0.5 0.779678 1 0.00919342
0 0.578594 0.5 0.842813 1 0.00894928
0 0.5 0.5 1 1 0.00881195
0 0.70519 0.578613 0.589621 0.842773 0.00867462
0 0.518225 0.5 0.963551 1 0.00809479
0 0.669229 0.5 0.661543 1 0.00793457
0 0.573424 0.757812 0.238222 0.396484 0.00763702
0 0.425675 0.63623 0.080709 0.118164 0.00751877
0 0.5 0.5 1 1 0.00717545
0 0.5 0.5 1 1 0.00714874
0 0.330321 0.217041 0.660642 0.434082 0.00709534
0 0.693637 0.815918 0.612727 0.368164 0.00703812
0 0.411355 0.678101 0.822711 0.643799 0.00701141
0 0.413308 0.219238 0.826616 0.438477 0.00674438
0 0.674436 0.272461 0.651129 0.544922 0.00674438
0 0.544585 0.225586 0.91083 0.451172 0.00661469
0 0.0910824 0.550781 0.0794886 0.136719 0.00658798
0 0.375557 0.228516 0.751114 0.457031 0.00653839
0 0.871652 0.63623 0.256696 0.727539 0.00624084
0 0.195915 0.175293 0.391829 0.350586 0.00616837
0 0.720648 0.26001 0.558704 0.52002 0.00614548
0 0.465053 0.957031 0.0800581 0.0859375 0.00605011
0 0.861889 0.835693 0.276223 0.328613 0.00584412
0 0.776786 0.830322 0.446428 0.339355 0.00542831
0 0.469284 0.760742 0.436089 0.478516 0.00519943
0 0.415586 0.569336 0.581235 0.861328 0.00511932
0 0.439669 0.854492 0.879337 0.291016 0.0045929
0 0.803961 0.550781 0.392079 0.898438 0.00431442
0 0.641767 0.77832 0.477745 0.443359 0.00397491
0 0.0720848 0.688477 0.14417 0.623047 0.00395966
0 0.374581 0.751953 0.625495 0.496094 0.00387001
0 0.361238 0.664551 0.669104 0.670898 0.00355148
0 0.0759901 0.530762 0.0820107 0.145508 0.00316048
0 0.0666337 0.554688 0.133267 0.890625 0.00312424
0 0.45171 0.966309 0.0579282 0.0673828 0.00288963
0 0.577981 0.819336 0.239523 0.316406 0.0026722
0 0.618335 0.509644 0.627447 0.968994 0.00237846
0 0.124562 0.770996 0.249124 0.458008 0.00227928
0 0.5 0.5 1 1 0.00216484
0 0.537626 0.743164 0.330647 0.513672 0.630859
0 0.905823 0.657227 0.188354 0.568359 0.398926
0 0.585628 0.766113 0.393456 0.448242 0.366699
0 0.283458 0.338867 0.447154 0.354492 0.354004
0 0.381741 0.537598 0.690583 0.924805 0.320801
0 0.316327 0.393555 0.562359 0.787109 0.256836
0 0.88845 0.745117 0.219997 0.402344 0.235107
0 0.327311 0.365479 0.345129 0.374512 0.184204
0 0.915912 0.239502 0.168177 0.421387 0.164551
0 0.904847 0.518066 0.190307 0.90918 0.149048
0 0.549993 0.812988 0.308517 0.364258 0.144653
0 0.385646 0.345215 0.353427 0.395508 0.141724
0 0.526236 0.618286 0.404196 0.697021 0.140869
0 0.351149 0.29834 0.63721 0.59668 0.136108
0 0.265884 0.394531 0.460171 0.481445 0.128052
0 0.90342 0.189514 0.191358 0.335815 0.109314
0 0.502153 0.70752 0.43674 0.567383 0.101257
0 0.939994 0.197205 0.120012 0.384888 0.0750122
0 0.353509 0.599487 0.620776 0.730713 0.0739746
0 0.279878 0.175171 0.26686 0.350342 0.0703125
0 0.816978 0.516113 0.366044 0.961914 0.0529175
0 0.309818 0.276611 0.169229 0.174316 0.0524292
0 0.352125 0.412109 0.704251 0.650391 0.0480347
0 0.276949 0.345947 0.240825 0.328613 0.0472412
0 0.122853 0.484375 0.180619 0.238281 0.0465393
0 0.91461 0.761719 0.17078 0.34375 0.0463867
0 0.901592 0.149414 0.196815 0.238281 0.0448608
0 0.439425 0.643677 0.576516 0.700928 0.0407715
0 0.854604 0.239014 0.282481 0.42627 0.0392761
0 0.890402 0.678223 0.210885 0.432617 0.0383301
0 0.724428 0.385742 0.535022 0.736328 0.0378113
0 0.139776 0.500488 0.206654 0.323242 0.0358887
0 0.127084 0.455566 0.217719 0.285156 0.0352173
0 0.900291 0.523438 0.199419 0.925781 0.0349426
0 0.887924 0.430664 0.224152 0.78418 0.0348206
0 0.0785936 0.441895 0.123342 0.236328 0.0343628
0 0.905498 0.622559 0.189005 0.65918 0.0333252
0 0.637661 0.364258 0.724678 0.728516 0.0326538
0 0.249938 0.669434 0.40745 0.59668 0.0325928
0 0.878687 0.704102 0.164021 0.145508 0.0263519
0 0.301357 0.191162 0.190708 0.307129 0.0258636
0 0.145634 0.424683 0.252866 0.431885 0.0253296
0 0.620413 0.558594 0.759175 0.882812 0.0248413
0 0.683873 0.5 0.632253 1 0.0225372
0 0.0815226 0.482422 0.109673 0.18457 0.0211182
0 0.598934 0.226074 0.802133 0.452148 0.0189056
0 0.277925 0.894531 0.0520703 0.0742188 0.018158
0 0.822836 0.543945 0.354328 0.912109 0.0179901
0 0.164184 0.545898 0.169879 0.214844 0.0171814
0 0.971562 0.253662 0.0568765 0.265137 0.0171051
0 0.5552 0.718262 0.305913 0.532227 0.338135
0 0.565614 0.738281 0.252541 0.412109 0.123779
0 0.579608 0.783203 0.214139 0.416016 0.0875854
0 0.705715 0.679199 0.582862 0.567383 0.0765381
0 0.544786 0.663086 0.247334 0.492188 0.0570679
0 0.155235 0.683105 0.310469 0.633789 0.0561218
0 0.918515 0.634277 0.16297 0.606445 0.0394897
0 0.896711 0.675781 0.206579 0.480469 0.033905
0 0.146488 0.545898 0.206898 0.285156 0.0322876
0 0.91058 0.726562 0.141892 0.277344 0.0322266
0 0.717719 0.571289 0.564562 0.736328 0.03125
0 0.563987 0.614136 0.307866 0.689697 0.0298157
0 0.147099 0.509277 0.294197 0.963867 0.0228882
0 0.943899 0.413208 0.112201 0.30835 0.0220795
0 0.917739 0.776367 0.158814 0.330078 0.0214844
0 0.386948 0.646973 0.737446 0.706055 0.0204468
0 0.486532 0.584961 0.449757 0.791016 0.0200195
0 0.491332 0.696289 0.503943 0.601562 0.0184021
0 0.943249 0.495117 0.113503 0.517578 0.0182953
0 0.174924 0.599121 0.349847 0.801758 0.0179138
0 0.933485 0.535645 0.133029 0.654297 0.0167847
0 0.958219 0.380371 0.0835625 0.255859 0.0166626
0 0.899515 0.701172 0.135383 0.21875 0.0166626
0 0.158814 0.59375 0.317629 0.548828 0.0162811
0 0.568217 0.817383 0.273369 0.365234 0.0154266
0 0.0745256 0.704102 0.0507686 0.0800781 0.014389
0 0.129199 0.428223 0.258399 0.856445 0.0139542
0 0.936414 0.344238 0.127171 0.423828 0.0131226
0 0.14059 0.603516 0.212187 0.382812 0.0127258
0 0.938367 0.6875 0.123266 0.535156 0.0122375
0 0.1388 0.477417 0.2776 0.578369 0.0112457
0 0.258724 0.693359 0.517449 0.582031 0.0110321
0 0.967331 0.327637 0.0653379 0.165039 0.00948334
0 0.544786 0.600586 0.316327 0.417969 0.00901794
0 0.910054 0.587036 0.179893 0.691162 0.00871277
0 0.0602063 0.373535 0.120413 0.74707 0.00793457
0 0.0816039 0.65918 0.0724103 0.179688 0.00787354
0 0.0384019 0.692383 0.0768037 0.615234 0.0077858
0 0.129362 0.509766 0.2405 0.251953 0.00775528
0 0.637861 0.751465 0.454313 0.49707 0.00723267
0 0.370025 0.436523 0.581235 0.476562 0.00709534
0 0.690708 0.782715 0.618585 0.43457 0.00709534
0 0.095191 0.525391 0.159791 0.291016 0.00698471
0 0.575052 0.502441 0.245381 0.87793 0.0069046
0 0.73334 0.987305 0.53332 0.0253906 0.00643921
0 0.183873 0.474487 0.367747 0.494385 0.005867
0 0.568868 0.794434 0.395734 0.411133 0.00584412
0 0.902118 0.596191 0.180944 0.463867 0.00582123
0 0.921444 0.929199 0.157112 0.141602 0.00577545
0 0.0444225 0.866943 0.088845 0.266113 0.00572968
0 0.600761 0.798828 0.195264 0.394531 0.445557
0 0.689281 0.606567 0.568868 0.761475 0.184204
0 0.566265 0.701172 0.312422 0.5625 0.181274
0 0.699983 0.478516 0.600035 0.957031 0.172729
0 0.648926 0.731445 0.480349 0.537109 0.166138
0 0.608084 0.854004 0.205352 0.291992 0.133423
0 0.550644 0.60791 0.298103 0.78418 0.121887
0 0.562359 0.771484 0.235618 0.363281 0.119202
0 0.586442 0.760742 0.201772 0.306641 0.111267
0 0.533721 0.690918 0.274671 0.47168 0.0923462
0 0.926977 0.217773 0.146047 0.402344 0.0812378
0 0.60727 0.801758 0.402243 0.396484 0.0758667
0 0.549993 0.77832 0.290292 0.431641 0.069519
0 0.935438 0.151611 0.129124 0.241699 0.0639648
0 0.621589 0.912354 0.17053 0.175293 0.0594177
0 0.588557 0.55127 0.361563 0.897461 0.0465393
0 0.844315 0.447266 0.31137 0.894531 0.0430298
0 0.0606131 0.427734 0.121226 0.259766 0.0413208
0 0.469284 0.59082 0.162069 0.265625 0.0399475
0 0.0711899 0.487183 0.116995 0.275635 0.036499
0 0.861889 0.248535 0.276223 0.487305 0.036499
0 0.908627 0.425293 0.179643 0.832031 0.033905
0 0.0654947 0.471191 0.109836 0.208008 0.0299835
0 0.904196 0.137268 0.191608 0.234253 0.029541
0 0.900816 0.232483 0.195264 0.450073 0.0273743
0 0.491414 0.59375 0.221299 0.283203 0.026413
0 0.693637 0.299805 0.612727 0.599609 0.0240021
0 0.315351 0.545898 0.602063 0.908203 0.0228424
0 0.909403 0.644531 0.181194 0.679688 0.0217743
0 0.0803835 0.527344 0.100561 0.275391 0.0201721
0 0.296801 0.361328 0.572773 0.722656 0.0200195
0 0.302984 0.253418 0.175086 0.200195 0.019165
0 0.384669 0.668945 0.594903 0.650391 0.0177765
0 0.301926 0.313232 0.181107 0.268066 0.0173035
0 0.70539 0.79834 0.383042 0.362305 0.0170441
0 0.148238 0.527832 0.296475 0.555664 0.016983
0 0.427709 0.526855 0.554386 0.946289 0.016983
0 0.141892 0.635742 0.283783 0.726562 0.0168457
0 0.273695 0.519531 0.53307 0.703125 0.0167847
0 0.854729 0.201111 0.290542 0.353638 0.0166626
0 0.589045 0.487427 0.540229 0.966553 0.0158997
0 0.899515 0.554565 0.197867 0.687744 0.0156708
0 0.519401 0.535645 0.256446 0.428711 0.0155411
0 0.907776 0.494995 0.184449 0.927979 0.0153046
0 0.458219 0.601562 0.143193 0.185547 0.0148392
0 0.143234 0.5625 0.21601 0.238281 0.0144501
0 0.626146 0.763672 0.253843 0.310547 0.0141754
0 0.274996 0.688965 0.493366 0.598633 0.0138474
0 0.296069 0.174316 0.244893 0.348633 0.0123825
0 0.132779 0.519409 0.224553 0.318604 0.012146
0 0.546087 0.776855 0.299404 0.446289 0.467773
0 0.874255 0.749023 0.251489 0.484375 0.0834351
0 0.125945 0.498535 0.25189 0.394531 0.0797729
0 0.133105 0.645386 0.266209 0.662354 0.0734253
0 0.677202 0.491699 0.645596 0.983398 0.0720825
0 0.0841261 0.48584 0.168252 0.360352 0.0611877
0 0.528839 0.73584 0.37035 0.52832 0.0604248
0 0.577981 0.833496 0.251239 0.325195 0.058136
0 0.902118 0.176758 0.187453 0.339844 0.0486755
0 0.906674 0.712891 0.178341 0.535156 0.0472412
0 0.827267 0.740234 0.344966 0.507812 0.0456848
0 0.57733 0.785645 0.222601 0.358398 0.0450134
0 0.911231 0.12793 0.177039 0.228516 0.043457
0 0.86677 0.486816 0.266459 0.973633 0.0412292
0 0.874906 0.612305 0.250188 0.744141 0.0325317
0 0.926201 0.167542 0.143193 0.28894 0.0322876
0 0.135546 0.580078 0.239198 0.333984 0.0321655
0 0.454313 0.381348 0.291594 0.37793 0.031311
0 0.0586605 0.45752 0.117321 0.295898 0.0309601
0 0.14661 0.554688 0.204051 0.21875 0.0306702
0 0.130013 0.569824 0.252866 0.483398 0.0304413
0 0.517449 0.654297 0.28899 0.410156 0.0304413
0 0.680657 0.63623 0.625169 0.72168 0.0303802
0 0.501177 0.658691 0.39964 0.661133 0.02948
0 0.871001 0.272217 0.257998 0.544434 0.0290375
0 0.543158 0.754883 0.272718 0.302734 0.0279541
0 0.83703 0.828613 0.325439 0.342773 0.0272675
0 0.680169 0.763672 0.602714 0.472656 0.0271149
0 0.483603 0.562988 0.206979 0.21582 0.0214539
0 0.509638 0.607422 0.260352 0.316406 0.0209198
0 0.867622 0.777344 0.11846 0.257812 0.0190887
0 0.517449 0.576172 0.317629 0.847656 0.0180511
0 0.552596 0.213867 0.0520703 0.0791016 0.0178528
0 0.062403 0.556763 0.124806 0.447021 0.0177765
0 0.0971437 0.57605 0.194287 0.513916 0.0165253
0 0.706654 0.277832 0.586692 0.555664 0.0162201
0 0.915136 0.604614 0.166625 0.716553 0.0161591
0 0.347569 0.587402 0.695139 0.825195 0.0158997
0 0.475142 0.594727 0.188755 0.222656 0.0145035
0 0.149214 0.737793 0.298428 0.504883 0.0141144
0 0.865669 0.196045 0.264257 0.348145 0.014061
0 0.497272 0.375854 0.28118 0.418213 0.0137939
0 0.883894 0.750977 0.153607 0.388672 0.0136337
0 0.534372 0.217773 0.0709458 0.0947266 0.0130234
0 0.527863 0.363281 0.147099 0.381836 0.012825
0 0.481 0.361328 0.188755 0.316406 0.012146
0 0.44032 0.623535 0.109999 0.161133 0.0115967
0 0.748348 0.833984 0.336179 0.326172 0.0114212
0 0.503129 0.490234 0.157513 0.152344 0.0112457
0 0.524934 0.357422 0.313073 0.671875 0.0112
0 0.54804 0.790527 0.330647 0.418945 0.458984
0 0.678867 0.784668 0.567566 0.430664 0.0820923
0 0.556176 0.849121 0.281831 0.301758 0.0614319
0 0.578306 0.776367 0.214139 0.367188 0.0436096
0 0.914284 0.700195 0.171431 0.523438 0.0405273
0 0.54446 0.692383 0.353427 0.605469 0.0380249
0 0.706654 0.665894 0.586692 0.658447 0.0357361
0 0.600273 0.644531 0.450083 0.701172 0.0227203
0 0.917864 0.777344 0.164271 0.347656 0.0212402
0 0.923071 0.673828 0.153857 0.652344 0.0204468
0 0.698518 0.485352 0.602964 0.970703 0.0193481
0 0.841711 0.794922 0.316577 0.396484 0.0175171
0 0.500851 0.677734 0.481 0.638672 0.0156708
0 0.502479 0.764648 0.47384 0.470703 0.0128708
0 0.528514 0.748047 0.299404 0.349609 0.0116882
0 0.894433 0.619019 0.211135 0.69751 0.00725937
0 0.5923 0.741211 0.197867 0.265625 0.00664139
0 0.375883 0.602661 0.742653 0.790771 0.00641251
0 0.0723289 0.524414 0.11309 0.193359 0.00598145
0 0.82922 0.771484 0.158814 0.238281 0.00564194
0 0.494017 0.777832 0.520703 0.444336 0.00564194
0 0.0686677 0.504883 0.123016 0.261719 0.00551224
0 0.601412 0.779785 0.527212 0.44043 0.00524139
0 0.522656 0.6875 0.287688 0.238281 0.00516129
0 0.941947 0.632324 0.116106 0.735352 0.00460815
0 0.419166 0.624512 0.528514 0.719727 0.00448608
0 0.896385 0.666504 0.207229 0.666992 0.00439835
0 0.872628 0.484375 0.254744 0.96875 0.0041008
0 0.840285 0.745117 0.0937266 0.166016 0.00407028
0 0.876859 0.813477 0.246282 0.337891 0.00391388
0 0.069644 0.583984 0.119436 0.342773 0.00363541
0 0.939994 0.141541 0.120012 0.20813 0.00342941
0 0.424048 0.648438 0.0833125 0.109375 0.00335121
0 0.62224 0.788574 0.212187 0.362305 0.00329781
0 0.135017 0.548828 0.196647 0.188477 0.00314713
0 0.347569 0.675781 0.635258 0.626953 0.00314713
0 0.516147 0.870361 0.191358 0.259277 0.0029583
0 0.973189 0.288086 0.0536221 0.109375 0.00292397
0 0.0647625 0.618164 0.129525 0.441406 0.00279999
0 0.183385 0.564941 0.115856 0.149414 0.00275803
0 0.313398 0.476562 0.609874 0.632812 0.00274658
0 0.900941 0.529297 0.198117 0.921875 0.00269318
0 0.908627 0.616211 0.171832 0.662109 0.00266266
0 0.529815 0.691406 0.262955 0.357422 0.00253105
0 0.851475 0.729492 0.297051 0.539062 0.00253105
0 0.626146 0.763184 0.178341 0.295898 0.00244331
0 0.247334 0.586914 0.477094 0.644531 0.00222588
0 0.200471 0.574219 0.111951 0.154297 0.00210762
0 0.699332 0.774902 0.601337 0.450195 0.00205803
0 0.861764 0.730469 0.161418 0.269531 0.00204277
