0 0.0930294 0.61531 0.059542 0.0949612 0.0437012
0 0.946209 0.593992 0.0904845 0.0930233 0.0115509
0 0.5 0.5 1 1 0.011467
0 0.5 0.5 1 1 0.0109482
0 0.961075 0.59593 0.0607538 0.0833333 0.0106506
0 0.5 0.5 1 1 0.00963593
0 0.5 0.5 1 1 0.00941467
0 0.690502 0.5 0.618996 1 0.00787354
0 0.57368 0.5 0.85264 1 0.0077858
0 0.5 0.5 1 1 0.00728989
0 0.579497 0.5 0.841006 1 0.00709534
0 0.5 0.5 1 1 0.00671768
0 0.878992 0.618702 0.230089 0.32655 0.00661469
0 0.0916156 0.641231 0.0678634 0.124516 0.00651169
0 0.8777 0.661822 0.222333 0.189922 0.00600433
0 0.567217 0.5 0.865566 1 0.00579834
0 0.754003 0.5 0.491994 1 0.00551224
0 0.5 0.5 1 1 0.00500107
0 0.5 0.5 1 1 0.00448608
0 0.623697 0.486434 0.744558 0.924419 0.00379562
0 0.921649 0.659884 0.149946 0.253876 0.00329781
0 0.912601 0.724806 0.112459 0.0930233 0.00323486
0 0.876407 0.699612 0.219748 0.147287 0.0024929
0 0.086445 0.619186 0.0849908 0.114341 0.00222588
0 0.939746 0.57655 0.100826 0.124031 0.00203514
0 0.932637 0.721899 0.0930698 0.100775 0.00202751
0 0.232028 0.54845 0.0529981 0.0755814 0.00197983
0 0.158833 0.585756 0.203267 0.223837 0.00182438
0 0.85831 0.639535 0.271453 0.174419 0.00182438
0 0.145381 0.610465 0.171355 0.186047 0.00158501
0 0.768868 0.0300388 0.462264 0.0600775 0.0015192
0 0.0770734 0.635659 0.113752 0.143411 0.00149536
0 0.770411 0.724806 0.108581 0.112403 0.00143242
0 0.748348 0.199612 0.503305 0.399225 0.00126934
0 0.289227 0.218023 0.578454 0.436047 0.00121593
0 0.85903 0.577519 0.281941 0.46124 0.0012064
0 0.721129 0.690165 0.512207 0.21657 0.00105286
0 0.819531 0.659884 0.0878992 0.164729 0.338135
0 0.0937161 0.61531 0.0727108 0.112403 0.309082
0 0.825994 0.627907 0.0775581 0.0988372 0.306641
0 0.953965 0.582849 0.0801434 0.0978682 0.128052
0 0.888041 0.722868 0.0698024 0.0891473 0.0966797
0 0.938454 0.584302 0.0969477 0.104651 0.0943604
0 0.779459 0.682413 0.108581 0.170058 0.0847778
0 0.788508 0.672481 0.139605 0.189922 0.0827026
0 0.771704 0.718992 0.085314 0.108527 0.0812378
0 0.224272 0.549419 0.0523517 0.0629845 0.0514526
0 0.841506 0.672481 0.173213 0.187984 0.0476074
0 0.356767 0.339147 0.0439496 0.0736434 0.0467224
0 0.139605 0.633963 0.063016 0.104167 0.0369873
0 0.878992 0.688227 0.0982403 0.150678 0.0352173
0 0.562943 0.238857 0.297306 0.457364 0.0296478
0 0.904199 0.612403 0.071095 0.0872093 0.0288696
0 0.0897978 0.601744 0.0918579 0.147287 0.0254211
0 0.509622 0.292151 0.0846676 0.0910853 0.0252228
0 0.910016 0.649225 0.14736 0.226744 0.0232391
0 0.492494 0.296996 0.0801434 0.112403 0.0229797
0 0.163034 0.643169 0.0875761 0.0973837 0.0185089
0 0.602368 0.911822 0.0581686 0.0581396 0.0179901
0 0.113429 0.620155 0.11763 0.135659 0.0170441
0 0.0715797 0.603682 0.10438 0.160853 0.0147324
0 0.835043 0.571705 0.095655 0.195736 0.0147324
0 0.89515 0.692829 0.103411 0.149225 0.0118256
0 0.238653 0.917636 0.0714181 0.0658914 0.0114212
0 0.720644 0.659884 0.0775582 0.0794573 0.0113297
0 0.818238 0.689923 0.237845 0.164729 0.00912476
0 0.889333 0.556202 0.144775 0.20155 0.00861359
0 0.849262 0.483043 0.0620465 0.0678295 0.00809479
0 0.806605 0.589147 0.103411 0.172481 0.00787354
0 0.383267 0.244186 0.099533 0.226744 0.00775528
0 0.223626 0.583333 0.0529981 0.129845 0.00751877
0 0.466642 0.597868 0.19131 0.176357 0.00723267
0 0.491848 0.321221 0.0672171 0.100775 0.00701141
0 0.668293 0.638566 0.0943624 0.106589 0.0069313
0 0.0260951 0.738372 0.0479891 0.0775194 0.00677109
0 0.396193 0.63469 0.071095 0.0968993 0.00674438
0 0.146714 0.612888 0.169335 0.16376 0.00653839
0 0.396193 0.276163 0.100826 0.127907 0.00634003
0 0.608185 0.241279 0.168043 0.226744 0.00634003
0 0.412997 0.608527 0.0982403 0.155039 0.00614548
0 0.638562 0.275194 0.100826 0.118217 0.00600433
0 0.754253 0.537791 0.0762655 0.106589 0.00591278
0 0.935868 0.621124 0.116337 0.207364 0.00538635
0 0.5 0.152616 1 0.305233 0.0053215
0 0.722583 0.531492 0.0904845 0.125 0.00518036
0 0.950087 0.666424 0.085314 0.178779 0.00475693
0 0.625636 0.912791 0.067217 0.0581395 0.00441742
0 0.572638 0.3664 0.504128 0.697432 0.767578
0 0.829872 0.661095 0.199066 0.224322 0.745605
0 0.84603 0.616279 0.249479 0.310078 0.673828
0 0.515438 0.180475 0.357414 0.36095 0.59375
0 0.542584 0.257752 0.43885 0.46124 0.397949
0 0.893858 0.70155 0.0788508 0.145349 0.240723
0 0.0867682 0.62064 0.0685097 0.113372 0.154541
0 0.807251 0.682171 0.157702 0.178295 0.14563
0 0.22912 0.550872 0.0368401 0.0513566 0.11676
0 0.604954 0.437016 0.639855 0.577519 0.110474
0 0.502835 0.226865 0.320574 0.329215 0.108215
0 0.929405 0.637839 0.124093 0.212694 0.0710449
0 0.909369 0.649467 0.16675 0.228198 0.0634766
0 0.940392 0.611434 0.107289 0.160853 0.0618896
0 0.392315 0.920543 0.0568759 0.0600775 0.0531921
0 0.499604 0.911822 0.0504128 0.0542636 0.0522461
0 0.906138 0.718992 0.0904845 0.104651 0.0403748
0 0.632099 0.920543 0.0517054 0.0581395 0.0400085
0 0.48797 0.914729 0.0491202 0.0503876 0.0362244
0 0.553248 0.907946 0.0323159 0.0387597 0.0298157
0 0.860249 0.572674 0.263698 0.348837 0.0289764
0 0.946209 0.635659 0.0930698 0.257752 0.0252228
0 0.608185 0.914729 0.0400717 0.0503876 0.0250397
0 0.415259 0.922481 0.0588149 0.0542636 0.0248413
0 0.638724 0.446705 0.384882 0.492248 0.0239563
0 0.935222 0.588178 0.112459 0.156977 0.0203705
0 0.150592 0.653343 0.0762655 0.0809109 0.02034
0 0.261759 0.922481 0.0400717 0.0542636 0.0193481
0 0.643733 0.624031 0.0736802 0.147287 0.0184326
0 0.680573 0.500969 0.486031 0.447674 0.0167236
0 0.465349 0.382752 0.442081 0.624031 0.0163422
0 0.656659 0.317829 0.328329 0.339147 0.0157776
0 0.42043 0.419089 0.41429 0.514535 0.0143356
0 0.798849 0.917636 0.0439496 0.0503876 0.0137405
0 0.349658 0.922481 0.0349012 0.0542636 0.0131226
0 0.723714 0.552326 0.512207 0.381783 0.0130234
0 0.308294 0.924419 0.0452422 0.0503876 0.0124283
0 0.528688 0.462209 0.067217 0.0833333 0.0121002
0 0.625636 0.520349 0.365816 0.337209 0.0113297
0 0.230735 0.578488 0.0290843 0.0542636 0.0112457
0 0.029569 0.726744 0.0439496 0.0658915 0.00997162
0 0.527395 0.428295 0.0620465 0.0717054 0.00963593
0 0.437557 0.226744 0.196481 0.261628 0.00955963
0 0.963014 0.306686 0.0491202 0.0687985 0.00894928
0 0.68639 0.611919 0.116337 0.171512 0.00871277
0 0.476336 0.614341 0.180969 0.164729 0.00775528
0 0.597844 0.33188 0.704486 0.66376 0.00775528
0 0.501866 0.621609 0.157055 0.150194 0.00769424
0 0.180969 0.925388 0.0397485 0.0523256 0.00734711
0 0.400717 0.234617 0.113752 0.22844 0.00616837
0 0.0930698 0.622093 0.0762655 0.108527 0.437744
0 0.847969 0.672238 0.227504 0.209787 0.33374
0 0.528688 0.231589 0.416229 0.463178 0.2854
0 0.824702 0.686289 0.193895 0.170058 0.136597
0 0.0215709 0.737403 0.0431417 0.0697674 0.100525
0 0.799495 0.700581 0.144775 0.153101 0.0980835
0 0.844091 0.607558 0.279209 0.294574 0.0823975
0 0.872529 0.722868 0.116337 0.108527 0.0720825
0 0.664488 0.937984 0.671024 0.124031 0.0719604
0 0.685655 1 0.62869 0 0.0607605
0 0.520932 0.253391 0.555833 0.506783 0.0555115
0 0.572961 0.29845 0.725815 0.596899 0.0549927
0 0.3028 0.921512 0.6056 0.156977 0.0484924
0 0.324452 1 0.648903 0 0.0362244
0 0.077235 0.375 0.15447 0.75 0.0352783
0 0.099533 0.603682 0.111167 0.182171 0.028656
0 0.745205 0.602229 0.471812 0.328488 0.028656
0 0.22815 0.553295 0.056876 0.0658914 0.0278473
0 0.230089 0.584302 0.0484738 0.0872093 0.0261536
0 0.357414 0.343023 0.042657 0.0755814 0.0259094
0 0.120579 0.645107 0.0826479 0.10126 0.0259094
0 0.619173 0.419453 0.732924 0.699855 0.0240936
0 0.108905 0.622093 0.109228 0.129845 0.0240021
0 0.619819 0.243702 0.40718 0.487403 0.0239563
0 0.174344 0.900194 0.348688 0.199612 0.0209198
0 0.0704487 0.61531 0.138958 0.182171 0.0205231
0 0.0872529 0.59157 0.127971 0.219961 0.0202484
0 0.0834558 0.5 0.166912 1 0.0188293
0 0.189856 0.71657 0.379712 0.56686 0.0182648
0 0.204236 0.982074 0.408473 0.0358527 0.0182648
0 0.596301 1 0.807397 0 0.0179901
0 0.917125 0.649225 0.156409 0.246124 0.016922
0 0.418491 1 0.786569 0 0.0167847
0 0.77727 0.998062 0.445459 0.00387596 0.0160217
0 0.0711758 0.653101 0.142028 0.209302 0.0158997
0 0.955258 0.593992 0.0749728 0.110465 0.0149536
0 0.429155 0.934109 0.85831 0.131783 0.0149536
0 0.772835 0.466085 0.424308 0.581395 0.0142822
0 0.381651 0.235465 0.759423 0.47093 0.0141754
0 0.380035 0.301841 0.0827287 0.152132 0.0139542
0 0.483769 0.266473 0.307001 0.412791 0.0133286
0 0.391992 0.225896 0.115691 0.27689 0.0132217
0 0.046858 0.316376 0.0937161 0.632752 0.0127258
0 0.816946 0.528101 0.354182 0.46124 0.0119629
0 0.392638 0.147771 0.0988866 0.131783 0.011467
0 0.708276 0.792636 0.583448 0.414729 0.0109024
0 0.72508 0.348353 0.54984 0.696705 0.0107346
0 0.960428 0.305233 0.0491202 0.0755814 0.0104065
0 0.0717413 0.577519 0.137666 0.282946 0.00974274
0 0.580143 0.890504 0.839713 0.218992 0.00963593
0 0.853786 0.626938 0.263698 0.304264 0.498047
0 0.576192 0.469477 0.475044 0.500969 0.347656
0 0.572961 0.371124 0.494433 0.726744 0.194336
0 0.83375 0.668362 0.21587 0.217539 0.167725
0 0.0911308 0.61531 0.0714181 0.102713 0.16394
0 0.635977 0.447674 0.643733 0.589147 0.0817871
0 0.895797 0.608527 0.193895 0.160853 0.0726318
0 0.942331 0.595446 0.102118 0.136628 0.0579224
0 0.464056 0.606589 0.206822 0.176357 0.0545959
0 0.386498 0.218023 0.103411 0.241279 0.0448608
0 0.847969 0.687015 0.268868 0.248062 0.0423889
0 0.0830922 0.617733 0.0923427 0.11531 0.0414734
0 0.462117 0.576066 0.223626 0.223837 0.0409241
0 0.860895 0.542636 0.271453 0.511628 0.0403137
0 0.468257 0.47093 0.24754 0.476744 0.037262
0 0.637269 0.371609 0.690268 0.743217 0.0344238
0 0.922942 0.656735 0.137019 0.248547 0.0325317
0 0.1207 0.625969 0.112136 0.114341 0.0279083
0 0.51253 0.462209 0.368401 0.447674 0.0276337
0 0.492494 0.39438 0.355475 0.637597 0.0273743
0 0.390376 0.253876 0.1228 0.341085 0.0226746
0 0.772996 0.672238 0.0930698 0.171027 0.0210876
0 0.699316 0.603682 0.188725 0.207364 0.019989
0 0.086647 0.597868 0.109147 0.174419 0.0187683
0 0.462117 0.309593 0.263698 0.454457 0.0164032
0 0.422369 0.249152 0.170628 0.313711 0.0162811
0 0.452422 0.443798 0.323159 0.465116 0.0147858
0 0.390053 0.170422 0.0943624 0.164971 0.0143356
0 0.535151 0.568798 0.365816 0.242248 0.0142288
0 0.550017 0.41812 0.373572 0.367248 0.0128708
0 0.766533 0.695494 0.0801434 0.143895 0.012291
0 0.957197 0.307171 0.0478275 0.0678295 0.0119629
0 0.690268 0.574128 0.23526 0.264535 0.0119171
0 0.106602 0.609496 0.139039 0.149225 0.0116882
0 0.76524 0.603198 0.143483 0.301357 0.0111618
0 0.690268 0.914729 0.0336085 0.0523256 0.0102921
0 0.969477 0.74031 0.042657 0.124031 0.0101318
0 0.629352 0.568798 0.375188 0.323643 0.00912476
0 0.588796 0.593508 0.386498 0.219961 0.00871277
0 0.844091 0.517926 0.139605 0.165698 0.0086441
0 0.753607 0.575097 0.121508 0.268411 0.0085144
0 0.233159 0.550388 0.41332 0.300388 0.00834656
0 0.341821 0.250969 0.208276 0.33624 0.00784302
0 0.688975 0.522287 0.183554 0.195736 0.00751877
0 0.537413 0.611919 0.385852 0.181202 0.00728989
0 0.409119 0.619186 0.099533 0.124031 0.00717545
0 0.231059 0.598837 0.0491202 0.0813953 0.00712204
0 0.460825 0.352229 0.26499 0.243217 0.00695801
0 0.109389 0.95155 0.0436265 0.0542636 0.00658798
0 0.849012 0.52907 0.301977 0.581395 0.0064621
0 0.501866 0.25 0.406534 0.5 0.314941
0 0.842799 0.659884 0.253357 0.275194 0.201782
0 0.446929 0.248183 0.232028 0.329215 0.0907593
0 0.483446 0.210271 0.325744 0.420543 0.0859985
0 0.411704 0.250485 0.158994 0.280039 0.0783691
0 0.47569 0.334302 0.421399 0.531977 0.0564575
0 0.587503 0.350775 0.276624 0.302326 0.0441895
0 0.560358 0.26405 0.296014 0.528101 0.0380249
0 0.387791 0.238372 0.115045 0.255814 0.0379028
0 0.45113 0.302326 0.286965 0.415698 0.0346985
0 0.55648 0.304142 0.337378 0.403343 0.0332031
0 0.418733 0.392926 0.358222 0.549419 0.0267029
0 0.0782853 0.623547 0.107774 0.119186 0.0255127
0 0.815653 0.678295 0.188725 0.213178 0.0224609
0 0.580393 0.253391 0.576516 0.506783 0.0202179
0 0.135565 0.610465 0.27113 0.193798 0.0175781
0 0.851847 0.603682 0.26499 0.358527 0.0165253
0 0.53192 0.36095 0.316696 0.282946 0.0156708
0 0.959136 0.309109 0.0517054 0.0717054 0.0106506
0 0.140615 0.638566 0.249398 0.131783 0.0105667
0 0.0739226 0.630814 0.127163 0.156977 0.0103683
0 0.141705 0.589632 0.28341 0.268411 0.00974274
0 0.929405 0.62064 0.118922 0.150194 0.00967407
0 0.835043 0.501454 0.298599 0.549419 0.00963593
0 0.508652 0.40407 0.526103 0.664729 0.00812531
0 0.965599 0.592054 0.0491202 0.0930233 0.00806427
0 0.589442 0.231105 0.237845 0.462209 0.00754929
0 0.594612 0.160126 0.195188 0.320252 0.00740433
0 0.417441 0.267926 0.60253 0.535853 0.00706482
0 0.367432 0.317829 0.0878992 0.312016 0.00669098
0 0.425923 0.457364 0.323159 0.428295 0.00658798
0 0.575223 0.414729 0.64244 0.806202 0.00634003
0 0.0916156 0.575581 0.175798 0.331395 0.00624084
0 0.437234 0.42345 0.478922 0.536822 0.00612259
0 0.110359 0.643169 0.199389 0.147771 0.00591278
0 0.22815 0.545543 0.0433033 0.0562015 0.00568771
0 0.654235 0.296512 0.563266 0.587209 0.00542831
0 0.144614 0.521802 0.279532 0.425388 0.00534439
0 0.681219 0.414729 0.572638 0.763566 0.00503922
0 0.542261 0.255329 0.527395 0.510659 0.00481033
0 0.363877 0.352834 0.589442 0.666424 0.00445175
0 0.23122 0.603198 0.061077 0.132752 0.00370789
0 0.787215 0.593992 0.152531 0.281008 0.00367928
0 0.939746 0.574612 0.0904845 0.155039 0.00362206
0 0.59849 0.38469 0.228796 0.265504 0.00335121
0 0.526749 0.47093 0.0542907 0.0755814 0.00331116
0 0.746497 0.531977 0.113752 0.139535 0.0029583
0 0.344487 0.267442 0.197773 0.362403 0.00293541
0 0.676695 0.463178 0.0555833 0.0775194 0.00282288
0 0.964306 0.577519 0.0542907 0.116279 0.00279045
0 0.827933 0.681202 0.213285 0.193798 0.0750122
0 0.895797 0.72093 0.0620465 0.0891473 0.0324707
0 0.515762 0.259205 0.349012 0.464147 0.0173798
0 0.487647 0.301841 0.447898 0.485465 0.0102081
0 0.833104 0.671512 0.283087 0.199612 0.00908661
0 0.0922619 0.604651 0.0462117 0.0620155 0.00841522
0 0.590735 0.284399 0.567467 0.549419 0.00766754
0 0.950734 0.588178 0.085314 0.0910853 0.00479126
0 0.939746 0.596899 0.103411 0.0968993 0.00400543
0 0.797556 0.912791 0.0491201 0.0542636 0.00329781
0 0.908077 0.722868 0.0659244 0.0775194 0.00309944
0 0.485385 0.282825 0.293428 0.351017 0.00279045
0 0.810483 0.598353 0.336085 0.349806 0.00273705
0 0.828579 0.716085 0.224919 0.292636 0.00265312
0 0.479891 0.372578 0.330268 0.343992 0.00258064
0 0.534505 0.342175 0.738095 0.598595 0.0020504
0 0.492494 0.343023 0.307647 0.246124 0.00190449
0 0.668454 0.621609 0.661506 0.274225 0.00182438
0 0.648903 0.423329 0.650196 0.645591 0.00173378
0 0.771704 0.920543 0.067217 0.0581395 0.00146675
0 0.806605 0.647287 0.271453 0.255814 0.00137806
0 0.431175 0.354167 0.537575 0.588178 0.00131989
0 0.446606 0.460756 0.367109 0.466085 0.00130463
0 0.100018 0.635901 0.0565528 0.0809108 0.00122547
0 0.645672 0.275194 0.683804 0.550388 0.00113392
0 0.389083 0.238857 0.099533 0.253876 0.00103188
