0 0.39463 0.676921 0.592922 0.430013 0.499023
0 0.821369 0.809896 0.357261 0.359375 0.0708008
0 0.308427 0.657552 0.441028 0.390625 0.0505066
0 0.508062 0.708496 0.964841 0.494466 0.026062
0 0.752016 0.804688 0.495968 0.380208 0.0206451
0 0.568865 0.772787 0.86227 0.393229 0.0170441
0 0.395729 0.804688 0.599515 0.296875 0.016983
0 0.492433 0.739583 0.439319 0.294271 0.0167236
0 0.440051 0.722005 0.533336 0.339844 0.0149536
0 0.402566 0.585286 0.529185 0.246094 0.014061
0 0.844938 0.71875 0.294996 0.208333 0.0123367
0 0.204092 0.729167 0.216973 0.247396 0.0119629
0 0.826742 0.817708 0.346516 0.364583 0.00974274
0 0.529429 0.585286 0.699394 0.829427 0.00967407
0 0.270148 0.722656 0.36032 0.270833 0.00937653
0 0.419538 0.549479 0.39756 0.230469 0.00751877
0 0.538098 0.764974 0.351895 0.328125 0.00737381
0 0.519661 0.674479 0.301833 0.111979 0.00731659
0 0.5 0.5 1 1 0.0064888
0 0.5 0.522135 1 0.955729 0.0064888
0 0.5 0.645182 1 0.709635 0.0064621
0 0.567888 0.582682 0.864224 0.834635 0.00641251
0 0.5 0.604167 1 0.791667 0.00634003
0 0.841031 0.770671 0.298903 0.385742 0.00591278
0 0.5 0.5 1 1 0.00577545
0 0.5 0.5 1 1 0.00502014
0 0.5 0.593913 1 0.812174 0.00492477
0 0.5 0.535807 1 0.928385 0.0046463
0 0.5 0.602865 1 0.794271 0.00448608
0 0.55971 0.929037 0.28132 0.0794271 0.00446701
0 0.570455 0.910156 0.343836 0.105469 0.00438309
0 0.57827 0.820313 0.363372 0.291667 0.0042305
0 0.5 0.5 1 1 0.00407028
0 0.81038 0.789063 0.379239 0.395833 0.00399017
0 0.5 0.5 1 1 0.00399017
0 0.5 0.552734 1 0.894531 0.00392914
0 0.5 0.5 1 1 0.00388527
0 0.494753 0.557943 0.989505 0.796875 0.00321007
0 0.478635 0.585286 0.386815 0.290365 0.00307465
0 0.184189 0.744792 0.190355 0.208333 0.00305176
0 0.310625 0.75651 0.433702 0.216146 0.00282288
0 0.81502 0.739583 0.36996 0.507813 0.00281143
0 0.284251 0.36263 0.148475 0.0976563 0.00255013
0 0.173933 0.783854 0.177657 0.148438 0.0024147
0 0.441639 0.522135 0.337731 0.167969 0.00228691
0 0.277169 0.382813 0.144567 0.0911459 0.00224304
0 0.302383 0.552083 0.463861 0.601562 0.00221634
0 0.5 0.5 1 1 0.00212479
0 0.384496 0.505778 0.528208 0.626465 0.0020752
0 0.262273 0.763021 0.339929 0.1875 0.0020504
0 0.404398 0.696777 0.642739 0.489258 0.702637
0 0.46496 0.679037 0.085959 0.0559896 0.126831
0 0.434191 0.524414 0.23541 0.126953 0.0844727
0 0.453116 0.526042 0.160441 0.106771 0.0800781
0 0.33944 0.514323 0.124054 0.128906 0.0670776
0 0.439441 0.76709 0.68987 0.408529 0.0555115
0 0.489869 0.8125 0.403421 0.320313 0.0552063
0 0.392554 0.575521 0.398781 0.252604 0.0520325
0 0.394141 0.650879 0.538221 0.393555 0.0505066
0 0.238097 0.71875 0.309159 0.279948 0.0428772
0 0.393653 0.772787 0.148475 0.220052 0.0391846
0 0.434801 0.58724 0.236143 0.244792 0.0370483
0 0.290356 0.377279 0.163615 0.113932 0.0319214
0 0.604643 0.511068 0.117217 0.0924479 0.0304413
0 0.200734 0.75651 0.219782 0.192708 0.0226746
0 0.445424 0.804688 0.263738 0.255208 0.0205688
0 0.354581 0.534505 0.202199 0.145833 0.0197601
0 0.620272 0.509766 0.11331 0.0794271 0.0192719
0 0.592922 0.500651 0.134799 0.0716146 0.0191956
0 0.384862 0.595215 0.570455 0.55957 0.0190887
0 0.490357 0.516927 0.185593 0.11849 0.0183716
0 0.327719 0.434896 0.123078 0.127604 0.0139008
0 0.368256 0.740234 0.476682 0.316406 0.0136871
0 0.286204 0.569336 0.142614 0.11263 0.0132751
0 0.390845 0.548828 0.511603 0.436198 0.0131226
0 0.294263 0.543294 0.161662 0.134766 0.0130692
0 0.457146 0.777995 0.369233 0.334635 0.012825
0 0.271552 0.583171 0.164104 0.180013 0.0111618
0 0.284495 0.395833 0.168499 0.123698 0.0110321
0 0.200001 0.142578 0.110868 0.0888672 0.0109024
0 0.270575 0.747396 0.30281 0.231771 0.00867462
0 0.222224 0.650391 0.121124 0.0885417 0.0086441
0 0.469356 0.563151 0.761909 0.675781 0.0069046
0 0.549942 0.523112 0.23541 0.124349 0.0068512
0 0.5 0.640625 1 0.71875 0.00570679
0 0.284251 0.508789 0.222712 0.190755 0.00516129
0 0.457146 0.219889 0.914291 0.439779 0.00496292
0 0.231992 0.760417 0.306717 0.182292 0.0049057
0 0.470821 0.662598 0.814657 0.482096 0.00479126
0 0.69451 0.269857 0.173872 0.093099 0.00469971
0 0.159647 0.785156 0.136875 0.130208 0.00452042
0 0.47485 0.759766 0.267401 0.309896 0.00446701
0 0.4475 0.835287 0.300612 0.25 0.00426483
0 0.5 0.33138 1 0.66276 0.00426483
0 0.5 0.555339 1 0.889323 0.00421524
0 0.5 0.5 1 1 0.00400543
0 0.324056 0.842122 0.648111 0.315755 0.00391388
0 0.358488 0.81901 0.571432 0.335938 0.00390053
0 0.279367 0.432943 0.199269 0.204427 0.00388527
0 0.5 0.897787 1 0.204427 0.00385475
0 0.439075 0.649089 0.737489 0.664063 0.998535
0 0.446279 0.740723 0.756293 0.450846 0.995605
0 0.219782 0.410156 0.422957 0.229167 0.695312
0 0.651042 0.339518 0.534313 0.288411 0.279053
0 0.49634 0.823568 0.869114 0.308594 0.128052
0 0.866791 0.723958 0.266418 0.153646 0.108948
0 0.202687 0.425781 0.362395 0.186198 0.101929
0 0.919783 0.727865 0.160435 0.161458 0.0455322
0 0.486938 0.274414 0.956294 0.44401 0.044281
0 0.801958 0.106283 0.382908 0.212565 0.0435181
0 0.326742 0.450521 0.637855 0.28125 0.0391235
0 0.206595 0.370524 0.399514 0.318848 0.0376892
0 0.688649 0.251628 0.586084 0.455078 0.0362244
0 0.621737 0.341227 0.702324 0.340983 0.0332031
0 0.859465 0.654297 0.28107 0.296875 0.0318604
0 0.513187 0.547852 0.973626 0.662109 0.0306702
0 0.863372 0.114746 0.273256 0.229492 0.0298157
0 0.315509 0.436198 0.265691 0.209635 0.0256195
0 0.488892 0.423096 0.942619 0.351725 0.0218658
0 0.439075 0.652344 0.735536 0.391927 0.0200653
0 0.678392 0.349284 0.422957 0.239583 0.0179901
0 0.769724 0.157389 0.44347 0.314779 0.0178528
0 0.5 0.616048 1 0.767904 0.0173035
0 0.911361 0.973958 0.130892 0.0520833 0.0128708
0 0.586936 0.646484 0.826128 0.574219 0.0118713
0 0.419538 0.59375 0.660321 0.335938 0.00978088
0 0.5 0.643066 1 0.601888 0.00930023
0 0.214653 0.702474 0.365814 0.261719 0.00854492
0 0.891825 0.736979 0.21099 0.1875 0.00844574
0 0.676927 0.757975 0.642739 0.463216 0.00837708
0 0.390723 0.478516 0.342859 0.170573 0.008255
0 0.20806 0.135091 0.128938 0.0963542 0.00790405
0 0.831137 0.135417 0.337725 0.270833 0.00787354
0 0.384373 0.441732 0.415143 0.236328 0.00757599
0 0.5 0.492188 1 0.8125 0.00751877
0 0.251528 0.673177 0.376071 0.345052 0.00740433
0 0.326742 0.523438 0.347743 0.289062 0.00737381
0 0.295484 0.38151 0.193408 0.114583 0.00717545
0 0.591945 0.324219 0.343836 0.309896 0.00701141
0 0.524545 0.220703 0.18364 0.0917969 0.00674438
0 0.392676 0.548177 0.539197 0.3125 0.00674438
0 0.366303 0.521484 0.418073 0.233073 0.0064888
0 0.470821 0.503255 0.211967 0.119792 0.00638962
0 0.873384 0.0797526 0.253231 0.152995 0.00600433
0 0.325521 0.638021 0.50159 0.380208 0.00577545
0 0.643227 0.824219 0.680834 0.317708 0.00557709
0 0.956169 0.559896 0.0876625 0.138021 0.00547028
0 0.204153 0.660156 0.371187 0.165365 0.00540543
0 0.875219 0.93099 0.246155 0.130208 0.00518036
0 0.315509 0.3125 0.631017 0.455078 0.00511932
0 0.471798 0.686198 0.826378 0.532552 0.916016
0 0.238341 0.363607 0.476682 0.55013 0.104858
0 0.320881 0.430664 0.641762 0.703776 0.102844
0 0.401468 0.63151 0.703301 0.541667 0.0665894
0 0.207816 0.280111 0.415631 0.560221 0.0542908
0 0.35165 0.514404 0.617342 0.546712 0.0343018
0 0.401956 0.501302 0.720883 0.77474 0.0331421
0 0.302322 0.421224 0.211967 0.233073 0.0327759
0 0.488403 0.707031 0.586084 0.417969 0.0285492
0 0.469844 0.613119 0.904523 0.456055 0.02211
0 0.448476 0.59375 0.484252 0.308594 0.0211182
0 0.35336 0.365885 0.633459 0.505208 0.0195618
0 0.528575 0.785156 0.492066 0.377604 0.0178528
0 0.41209 0.66683 0.662519 0.398112 0.0162811
0 0.572897 0.719401 0.395607 0.40625 0.0151291
0 0.442982 0.496745 0.551896 0.488281 0.0148392
0 0.21154 0.690755 0.346644 0.338542 0.0132217
0 0.236876 0.727214 0.366303 0.244792 0.0127716
0 0.253542 0.416016 0.421858 0.253906 0.0123367
0 0.207571 0.370768 0.415143 0.332682 0.0119171
0 0.492799 0.645833 0.426865 0.415365 0.0109024
0 0.634311 0.657715 0.731378 0.46582 0.0108185
0 0.276497 0.277344 0.489258 0.440755 0.0102081
0 0.445424 0.761068 0.753118 0.450521 0.00978088
0 0.346766 0.426758 0.331138 0.240885 0.0091629
0 0.709037 0.457031 0.581927 0.407552 0.00878143
0 0.29353 0.365885 0.1895 0.195313 0.00844574
0 0.768747 0.68099 0.154336 0.121094 0.00844574
0 0.48645 0.336914 0.715023 0.358724 0.00769424
0 0.694021 0.712077 0.585107 0.513346 0.00769424
0 0.428818 0.803385 0.646646 0.351563 0.00723267
0 0.187058 0.760417 0.257877 0.1875 0.00712204
0 0.17143 0.715983 0.257877 0.281576 0.00703812
0 0.199818 0.41276 0.304642 0.203125 0.00698471
0 0.744202 0.386393 0.511597 0.297526 0.00621796
0 0.598169 0.532878 0.803662 0.594401 0.00619125
0 0.831263 0.652344 0.312578 0.351563 0.00614548
0 0.257633 0.703776 0.258365 0.257812 0.00605011
0 0.787306 0.638021 0.21099 0.210938 0.00588989
0 0.198292 0.13444 0.13773 0.110026 0.00575256
0 0.440418 0.513672 0.383152 0.148438 0.00575256
0 0.0916977 0.632162 0.119415 0.141927 0.00575256
0 0.714898 0.337809 0.570205 0.2111 0.00564194
0 0.0935292 0.606771 0.111356 0.078125 0.00553513
0 0.4475 0.55599 0.365081 0.233073 0.00536346
0 0.207083 0.107096 0.153359 0.162109 0.00530243
0 0.443592 0.531901 0.464716 0.191406 0.0050621
0 0.747257 0.686198 0.153359 0.119792 0.00498199
0 0.818564 0.71875 0.269599 0.182292 0.00498199
0 0.391822 0.447917 0.392432 0.246745 0.00468063
0 0.414166 0.672038 0.685718 0.541341 0.852051
0 0.863497 0.729167 0.259831 0.173177 0.0897827
0 0.508181 0.681641 0.983638 0.563802 0.0849609
0 0.374972 0.589844 0.605864 0.549479 0.0623169
0 0.400491 0.813802 0.650553 0.283854 0.0596619
0 0.313799 0.440104 0.237852 0.231771 0.0539856
0 0.290112 0.388346 0.219782 0.141927 0.0467224
0 0.301589 0.410156 0.217339 0.174479 0.0446777
0 0.235899 0.431641 0.346766 0.22526 0.0437012
0 0.167034 0.149089 0.188524 0.107747 0.0321655
0 0.38535 0.435221 0.400491 0.266276 0.0305634
0 0.421492 0.142741 0.678881 0.178385 0.0273743
0 0.524054 0.199544 0.951892 0.399089 0.0272217
0 0.578999 0.146769 0.842002 0.291097 0.0268097
0 0.839077 0.779948 0.318439 0.291667 0.0263519
0 0.733457 0.124674 0.533086 0.249349 0.0245209
0 0.515632 0.5118 0.877417 0.557129 0.0244293
0 0.139439 0.154297 0.231015 0.128255 0.0239563
0 0.496218 0.504557 0.992436 0.740885 0.0238647
0 0.539072 0.329997 0.921856 0.644694 0.0234222
0 0.410259 0.629557 0.619295 0.38151 0.0229797
0 0.212028 0.486654 0.390601 0.32487 0.0200958
0 0.882664 0.785156 0.234672 0.307292 0.0190125
0 0.392188 0.739583 0.709162 0.296875 0.0180969
0 0.911361 0.973307 0.0918199 0.0416666 0.0167847
0 0.398049 0.494141 0.336998 0.144531 0.0164032
0 0.82723 0.10791 0.345539 0.21582 0.0150146
0 0.191454 0.127441 0.239318 0.170247 0.0147324
0 0.794632 0.0647786 0.399514 0.129557 0.013588
0 0.330405 0.472005 0.270087 0.230469 0.0130234
0 0.664717 0.600098 0.473751 0.320638 0.0130234
0 0.389624 0.611816 0.463251 0.336263 0.012825
0 0.7232 0.0688477 0.553599 0.137695 0.0113297
0 0.843348 0.0591634 0.313305 0.118327 0.0109863
0 0.384862 0.572266 0.390723 0.238281 0.0106506
0 0.429673 0.279053 0.680102 0.413249 0.0105667
0 0.614286 0.107178 0.771427 0.214355 0.0102463
0 0.429795 0.501302 0.298903 0.122396 0.01017
0 0.424423 0.386719 0.686695 0.559896 0.0100555
0 0.315753 0.349284 0.249574 0.195964 0.00978088
0 0.67595 0.688802 0.644692 0.56901 0.00978088
0 0.296949 0.363932 0.214897 0.152344 0.00952148
0 0.294019 0.521484 0.588038 0.470052 0.00919342
0 0.441639 0.415365 0.486206 0.328125 0.00787354
0 0.821494 0.697266 0.275459 0.28776 0.00757599
0 0.511847 0.219727 0.184616 0.0696615 0.00754929
0 0.436633 0.542969 0.349697 0.186198 0.00751877
0 0.392676 0.354736 0.425888 0.342611 0.00748825
0 0.702199 0.159505 0.595602 0.308594 0.00746155
0 0.475216 0.785807 0.55971 0.27474 0.00743103
0 0.502567 0.717611 0.921129 0.538737 0.434082
0 0.35629 0.691569 0.645181 0.523112 0.123779
0 0.816122 0.107992 0.366303 0.215983 0.0520325
0 0.426987 0.609375 0.501834 0.325521 0.0503235
0 0.787306 0.800781 0.423934 0.361979 0.0474243
0 0.798414 0.152669 0.403171 0.305339 0.0428772
0 0.420027 0.80599 0.756048 0.359375 0.0396423
0 0.438098 0.513672 0.356534 0.136719 0.0387573
0 0.308183 0.448893 0.491334 0.218099 0.0344849
0 0.387548 0.333984 0.775096 0.515625 0.0333252
0 0.47656 0.510417 0.236631 0.122396 0.0289307
0 0.284983 0.325602 0.569967 0.489421 0.0269623
0 0.844813 0.067627 0.310374 0.135254 0.0269165
0 0.313067 0.407878 0.626133 0.681641 0.0264587
0 0.805741 0.666016 0.388519 0.36849 0.0257111
0 0.301345 0.424479 0.210013 0.158854 0.0249939
0 0.37717 0.459961 0.419783 0.227865 0.0245209
0 0.425888 0.560872 0.409282 0.240234 0.0239563
0 0.731992 0.140137 0.536017 0.280273 0.0235596
0 0.426865 0.860677 0.398537 0.209635 0.0235138
0 0.842984 0.528646 0.0683765 0.0423177 0.0228424
0 0.507451 0.224935 0.174848 0.0800781 0.0224152
0 0.326742 0.560547 0.643716 0.596354 0.02211
0 0.281809 0.405925 0.169964 0.109375 0.0219421
0 0.401956 0.679037 0.641762 0.394531 0.0219421
0 0.83517 0.72526 0.310625 0.216146 0.0212402
0 0.323323 0.444662 0.166057 0.1875 0.0204926
0 0.475705 0.697917 0.0957271 0.0638021 0.0201416
0 0.577415 0.275065 0.830042 0.55013 0.0186157
0 0.422103 0.492188 0.357267 0.169922 0.018158
0 0.481566 0.61263 0.963131 0.673177 0.0180511
0 0.832239 0.782552 0.316485 0.307292 0.0179901
0 0.575339 0.496745 0.111356 0.0859375 0.0178528
0 0.802935 0.841797 0.371187 0.299479 0.0174408
0 0.580223 0.51237 0.0996343 0.0683594 0.0166626
0 0.738341 0.272786 0.523318 0.545573 0.0154266
0 0.759467 0.877604 0.469844 0.240885 0.0147324
0 0.181198 0.150228 0.138218 0.107747 0.0145035
0 0.243713 0.736979 0.307694 0.273438 0.0137939
0 0.842859 0.676432 0.314282 0.315104 0.0136337
0 0.274971 0.561198 0.118194 0.09375 0.0133286
0 0.321369 0.518555 0.209037 0.117839 0.0131683
0 0.440051 0.450521 0.878149 0.753906 0.0119171
0 0.780957 0.682943 0.305741 0.311198 0.0113297
0 0.460931 0.877604 0.664473 0.231771 0.0111618
0 0.471798 0.339193 0.943595 0.678385 0.0111618
0 0.251284 0.502604 0.502567 0.3125 0.00955963
0 0.244446 0.651042 0.157266 0.0846354 0.00941467
0 0.495241 0.182292 0.990482 0.364583 0.00923157
0 0.303726 0.686035 0.467036 0.362305 0.00898743
0 0.441395 0.712891 0.766061 0.523438 0.880371
0 0.39756 0.621094 0.722837 0.526042 0.134766
0 0.396706 0.80599 0.679613 0.356771 0.0605164
0 0.366303 0.54362 0.662275 0.436198 0.046814
0 0.399514 0.578125 0.404398 0.266927 0.02948
0 0.364898 0.459635 0.493165 0.231771 0.0212097
0 0.411236 0.513672 0.367279 0.140625 0.0185089
0 0.295972 0.44987 0.326253 0.224609 0.0179901
0 0.401345 0.818359 0.0588526 0.0390625 0.0164032
0 0.229794 0.722005 0.36093 0.248698 0.0156708
0 0.292554 0.392578 0.206106 0.0833334 0.0151901
0 0.457146 0.536458 0.685718 0.528646 0.014389
0 0.340906 0.466797 0.611481 0.307292 0.0142822
0 0.245423 0.445964 0.45568 0.21224 0.0133286
0 0.221979 0.721354 0.289623 0.205729 0.012825
0 0.383885 0.485026 0.420027 0.197917 0.0120544
0 0.298903 0.406576 0.217828 0.124349 0.0111618
0 0.520638 0.72526 0.173872 0.166667 0.0104065
0 0.418562 0.611979 0.480589 0.328125 0.00959778
0 0.535168 0.81901 0.412457 0.210938 0.0085144
0 0.487549 0.414063 0.732361 0.427083 0.00821686
0 0.837123 0.525716 0.0625157 0.0410157 0.00812531
0 0.390723 0.682455 0.650553 0.3903 0.00701141
0 0.614411 0.375732 0.638832 0.394369 0.00671768
0 0.297865 0.719401 0.485595 0.298177 0.00666809
0 0.313311 0.658854 0.202687 0.125 0.00664139
0 0.265203 0.690104 0.21099 0.174479 0.006073
0 0.281565 0.651042 0.136265 0.0755209 0.00536346
0 0.335777 0.608724 0.303299 0.183594 0.00530243
0 0.464105 0.520833 0.327963 0.13151 0.00526047
0 0.512824 0.790365 0.53529 0.367188 0.0051384
0 0.430283 0.751953 0.658368 0.342448 0.00429916
0 0.290539 0.468099 0.45336 0.219401 0.00405502
0 0.577293 0.519531 0.138707 0.09375 0.00379562
0 0.258121 0.611979 0.17436 0.11849 0.00355148
0 0.492311 0.643066 0.387792 0.341471 0.00349617
0 0.60171 0.223307 0.79658 0.446615 0.00338936
0 0.557757 0.508464 0.179732 0.113932 0.00336266
0 0.702324 0.286133 0.195361 0.109375 0.00296974
0 0.687547 0.294271 0.624906 0.588542 0.00291252
0 0.423812 0.35612 0.723081 0.452474 0.00270462
0 0.558733 0.54069 0.199269 0.134766 0.0026722
0 0.197315 0.144531 0.125031 0.0885417 0.00265312
0 0.510382 0.230632 0.175825 0.0758463 0.00263214
0 0.448843 0.830078 0.618319 0.290365 0.00259018
0 0.276192 0.592448 0.215386 0.166667 0.00251198
0 0.552748 0.555013 0.894505 0.741536 0.00243378
0 0.209037 0.408854 0.35165 0.102865 0.00236893
0 0.555803 0.709798 0.355558 0.346029 0.00236893
0 0.591456 0.76237 0.325277 0.30599 0.00236893
