0 0.796801 0.676636 0.406398 0.62915 0.388672
0 0.783946 0.763672 0.432108 0.443359 0.296631
0 0.754006 0.584961 0.491989 0.830078 0.152588
0 0.800706 0.81543 0.398588 0.359375 0.131592
0 0.778451 0.863281 0.419166 0.273438 0.059967
0 0.348546 0.556763 0.598158 0.851318 0.0483093
0 0.345942 0.768066 0.582537 0.456055 0.0480347
0 0.848546 0.825684 0.302909 0.344727 0.044342
0 0.189894 0.726562 0.24831 0.322266 0.0199432
0 0.209908 0.728516 0.182897 0.208984 0.0197601
0 0.865143 0.865234 0.269714 0.269531 0.0175781
0 0.477094 0.207764 0.141892 0.16748 0.0147324
0 0.632454 0.499512 0.735092 0.999023 0.012825
0 0.544911 0.5 0.910179 1 0.0122375
0 0.222926 0.69043 0.156862 0.265625 0.0118713
0 0.870025 0.773926 0.259951 0.444336 0.0110321
0 0.468633 0.256104 0.157513 0.274902 0.0104065
0 0.698518 0.515137 0.602964 0.969727 0.00989532
0 0.585916 0.537109 0.828168 0.925781 0.0091629
0 0.208607 0.683594 0.225204 0.263672 0.00912476
0 0.668578 0.5 0.662845 1 0.00821686
0 0.686314 0.67627 0.627372 0.624023 0.00809479
0 0.488159 0.5 0.976318 1 0.00740433
0 0.5 0.5 1 1 0.00737381
0 0.64059 0.628784 0.71882 0.742432 0.00725937
0 0.277519 0.48584 0.42779 0.797852 0.00682449
0 0.5 0.5 1 1 0.00636292
0 0.73289 0.192322 0.137986 0.181763 0.00624084
0 0.617033 0.888672 0.124969 0.183594 0.00561905
0 0.230411 0.641602 0.278576 0.345703 0.00557709
0 0.823487 0.871094 0.353026 0.257812 0.0055542
0 0.462124 0.250549 0.218695 0.26355 0.00526047
0 0.707017 0.711426 0.338132 0.553711 0.00521851
0 0.524283 0.575806 0.930106 0.848389 0.00510025
0 0.5 0.513428 1 0.973145 0.00510025
0 0.567892 0.86377 0.189406 0.258789 0.00508118
0 0.768976 0.862061 0.462049 0.275879 0.0049057
0 0.5 0.5 1 1 0.00469971
0 0.5 0.5 1 1 0.00452042
0 0.602714 0.833984 0.197867 0.328125 0.00439835
0 0.511591 0.834961 0.261653 0.310547 0.0041008
0 0.500651 0.5 0.998698 1 0.00402451
0 0.570946 0.540039 0.858108 0.919922 0.00399017
0 0.643719 0.80957 0.201772 0.378906 0.00378036
0 0.5 0.5 1 1 0.00359344
0 0.632003 0.822266 0.139288 0.332031 0.00351143
0 0.637861 0.851562 0.169229 0.269531 0.00332451
0 0.405172 0.84082 0.453663 0.3125 0.00321007
0 0.872303 0.833984 0.255395 0.332031 0.00319672
0 0.683423 0.845703 0.187453 0.292969 0.00299263
0 0.803961 0.559082 0.392079 0.858398 0.10614
0 0.665849 0.551758 0.662595 0.871094 0.0864868
0 0.809168 0.744629 0.381665 0.510742 0.0520325
0 0.714014 0.251526 0.294197 0.401245 0.0481262
0 0.694776 0.749023 0.610449 0.501953 0.0455933
0 0.749162 0.264893 0.197867 0.321777 0.0314941
0 0.715804 0.528809 0.432509 0.915039 0.0307922
0 0.434136 0.348145 0.294197 0.399414 0.0282745
0 0.905373 0.84082 0.158814 0.210938 0.0243835
0 0.464728 0.297424 0.209583 0.367065 0.022934
0 0.504106 0.306152 0.380764 0.393555 0.0201721
0 0.362865 0.54187 0.452361 0.88501 0.0197601
0 0.462775 0.281494 0.161418 0.29248 0.0178528
0 0.860462 0.788086 0.165323 0.181641 0.0156021
0 0.818806 0.791016 0.338457 0.40625 0.0155411
0 0.838983 0.952148 0.0611826 0.0820312 0.0154877
0 0.169554 0.761719 0.271417 0.398438 0.0153656
0 0.826616 0.86084 0.286387 0.262695 0.0145035
0 0.576028 0.875977 0.106744 0.197266 0.0136337
0 0.564312 0.256348 0.581886 0.428711 0.0132217
0 0.544786 0.516113 0.623542 0.889648 0.0124283
0 0.790167 0.257874 0.393131 0.439331 0.0121002
0 0.459521 0.251221 0.136685 0.229004 0.0119629
0 0.97384 0.821289 0.0523203 0.142578 0.0110703
0 0.551945 0.873047 0.143193 0.214844 0.0109024
0 0.898864 0.790039 0.115856 0.107422 0.01017
0 0.596856 0.833008 0.464728 0.333984 0.00844574
0 0.891829 0.835449 0.216342 0.299805 0.00837708
0 0.709458 0.861328 0.102839 0.244141 0.00818634
0 0.668578 0.5 0.662845 1 0.00818634
0 0.54426 0.531738 0.91148 0.936523 0.00809479
0 0.54804 0.720215 0.8149 0.540039 0.00787354
0 0.778451 0.828125 0.24473 0.332031 0.0078125
0 0.501953 0.523926 0.996095 0.952148 0.0077858
0 0.714139 0.5 0.571722 1 0.00766754
0 0.378812 0.5 0.757623 1 0.00746155
0 0.326741 0.750488 0.596205 0.459961 0.00743103
0 0.57062 0.55188 0.858759 0.888428 0.00723267
0 0.493366 0.845215 0.305913 0.30957 0.00671768
0 0.520703 0.5 0.775848 1 0.00651169
0 0.96668 0.849609 0.0666397 0.263672 0.0064621
0 0.5 0.5 1 1 0.00636292
0 0.934662 0.771484 0.104141 0.12793 0.00626373
0 0.5 0.5 1 1 0.00600433
0 0.365794 0.663208 0.731588 0.673584 0.00544739
0 0.825315 0.930664 0.0963301 0.125 0.00530243
0 0.356112 0.394043 0.434624 0.586914 0.00527954
0 0.685376 0.852539 0.0924248 0.263672 0.00526047
0 0.492064 0.860352 0.200471 0.222656 0.00498199
0 0.578106 0.5 0.843789 1 0.00494385
0 0.772556 0.672852 0.454889 0.585938 0.84375
0 0.380113 0.556641 0.670405 0.886719 0.84082
0 0.776499 0.529785 0.442598 0.901367 0.753418
0 0.455697 0.51123 0.523144 0.749023 0.433105
0 0.346593 0.261963 0.638512 0.47998 0.289307
0 0.782319 0.748047 0.435363 0.503906 0.282959
0 0.161255 0.977539 0.0543484 0.0449219 0.262207
0 0.384019 0.411133 0.709458 0.771484 0.230225
0 0.288339 0.192932 0.508336 0.347534 0.213989
0 0.381415 0.695312 0.695139 0.494141 0.209473
0 0.450083 0.387207 0.354729 0.549805 0.199951
0 0.354729 0.196777 0.665198 0.393555 0.168823
0 0.802984 0.814941 0.394032 0.370117 0.161377
0 0.79615 0.858398 0.4077 0.257812 0.0946655
0 0.350092 0.606445 0.617196 0.650391 0.0894775
0 0.619111 0.488281 0.761778 0.794922 0.0714722
0 0.742002 0.222656 0.14059 0.249512 0.0568542
0 0.779102 0.255615 0.225204 0.352051 0.0549927
0 0.753718 0.236755 0.177039 0.295044 0.0524292
0 0.470585 0.331787 0.941171 0.663574 0.0478821
0 0.766573 0.402466 0.419491 0.544678 0.0472412
0 0.230248 0.695312 0.160442 0.160156 0.0445251
0 0.974491 0.956055 0.0510186 0.0820312 0.0420837
0 0.237571 0.226013 0.447805 0.388794 0.0343018
0 0.460822 0.309326 0.222601 0.35498 0.0330811
0 0.514194 0.446289 0.866971 0.669922 0.0303345
0 0.222601 0.677734 0.218695 0.192383 0.0270691
0 0.308842 0.710938 0.532419 0.435547 0.026062
0 0.805137 0.665039 0.389226 0.375 0.0245209
0 0.293872 0.341064 0.516147 0.583496 0.0240479
0 0.563987 0.579102 0.845492 0.841797 0.0233307
0 0.7407 0.190186 0.130176 0.188477 0.0232391
0 0.554549 0.878906 0.161418 0.195312 0.0230255
0 0.465378 0.740234 0.791469 0.503906 0.0217743
0 0.39964 0.202637 0.775848 0.405273 0.0184326
0 0.587744 0.879883 0.109348 0.189453 0.0178528
0 0.430882 0.568359 0.782357 0.863281 0.0175781
0 0.371001 0.791992 0.721174 0.392578 0.0170441
0 0.48165 0.259277 0.173134 0.232422 0.016922
0 0.272067 0.960938 0.0442598 0.0507812 0.0134277
0 0.746558 0.417969 0.493366 0.732422 0.0131683
0 0.824664 0.872559 0.272067 0.254883 0.0131226
0 0.97384 0.873047 0.0523203 0.212891 0.0116882
0 0.970586 0.90918 0.0588291 0.15625 0.0116882
0 0.582987 0.308838 0.834026 0.617676 0.0109482
0 0.728784 0.570312 0.542432 0.859375 0.0107803
0 0.839634 0.484375 0.28899 0.345703 0.0105667
0 0.7872 0.600464 0.425599 0.552979 0.00978088
0 0.731751 0.612183 0.528188 0.709229 0.00963593
0 0.455615 0.791504 0.357983 0.213867 0.00888062
0 0.81828 0.759766 0.36344 0.480469 0.331055
0 0.383368 0.772949 0.682121 0.454102 0.135498
0 0.790455 0.833984 0.419091 0.322266 0.0966797
0 0.398419 0.848145 0.63119 0.303711 0.083313
0 0.780529 0.666992 0.438942 0.666016 0.0700684
0 0.646773 0.779297 0.706454 0.441406 0.0698242
0 0.478396 0.755859 0.515496 0.464844 0.0449219
0 0.749612 0.740234 0.500776 0.5 0.0445251
0 0.161906 0.746582 0.323812 0.487305 0.0421753
0 0.909403 0.855469 0.181194 0.28125 0.0382385
0 0.165323 0.655273 0.330647 0.689453 0.0325317
0 0.54804 0.871582 0.242127 0.256836 0.0321655
0 0.533721 0.769531 0.28118 0.460938 0.0321045
0 0.704051 0.852539 0.591899 0.294922 0.0319214
0 0.205678 0.810547 0.30331 0.369141 0.0305023
0 0.915912 0.801758 0.168177 0.396484 0.024704
0 0.331297 0.825195 0.662595 0.349609 0.0222473
0 0.708769 0.638672 0.582461 0.722656 0.0211182
0 0.947479 0.863281 0.105042 0.255859 0.0203705
0 0.176388 0.529419 0.352776 0.941162 0.0200653
0 0.571472 0.821289 0.229109 0.345703 0.0182953
0 0.378812 0.604492 0.734191 0.791016 0.0181885
0 0.584327 0.874023 0.122691 0.228516 0.018158
0 0.190219 0.639648 0.206003 0.269531 0.0174408
0 0.498248 0.688965 0.609874 0.62207 0.0156708
0 0.563661 0.875977 0.154909 0.244141 0.0155411
0 0.650879 0.844727 0.235618 0.302734 0.0127258
0 0.926852 0.750488 0.145797 0.499023 0.0126724
0 0.653645 0.829102 0.17411 0.314453 0.011467
0 0.178056 0.498901 0.286956 0.586182 0.0111618
0 0.608572 0.833008 0.219997 0.310547 0.0109024
0 0.943899 0.800293 0.112201 0.348633 0.0108566
0 0.860587 0.716797 0.278826 0.552734 0.0108185
0 0.177527 0.790527 0.355054 0.418945 0.00967407
0 0.0403952 0.460938 0.0807903 0.921875 0.00881195
0 0.832599 0.85498 0.334802 0.290039 0.00841522
0 0.239849 0.443481 0.382066 0.599365 0.00831604
0 0.725204 0.83252 0.549592 0.334961 0.00831604
0 0.902894 0.665527 0.194212 0.65918 0.00806427
0 0.735493 0.862793 0.291594 0.268555 0.00787354
0 0.878161 0.606445 0.243679 0.759766 0.0068779
0 0.366119 0.504883 0.645021 0.806641 0.00682449
0 0.183548 0.963867 0.367096 0.0722656 0.00682449
0 0.1113 0.883057 0.222601 0.233887 0.00674438
0 0.690583 0.788086 0.217394 0.400391 0.00658798
0 0.969935 0.878906 0.0601309 0.236328 0.00638962
0 0.214465 0.708496 0.154258 0.125977 0.00619125
0 0.85135 0.741211 0.283783 0.474609 0.00593567
0 0.397687 0.8396 0.761528 0.320801 0.00593567
0 0.779753 0.80957 0.315025 0.359375 0.005867
0 0.779102 0.77832 0.394433 0.431641 0.583984
0 0.37393 0.537109 0.590347 0.925781 0.475586
0 0.793421 0.627808 0.410054 0.734619 0.405518
0 0.357983 0.70752 0.580584 0.584961 0.349609
0 0.810995 0.832031 0.359285 0.333984 0.339844
0 0.73334 0.505005 0.53332 0.98999 0.110657
0 0.217068 0.671875 0.167927 0.205078 0.0946655
0 0.385971 0.543457 0.771942 0.913086 0.0881958
0 0.803185 0.886963 0.364492 0.226074 0.0611877
0 0.494017 0.523071 0.861764 0.953857 0.0595398
0 0.199657 0.646484 0.192986 0.246094 0.0544128
0 0.475142 0.302734 0.182246 0.350586 0.0539856
0 0.944425 0.733398 0.109348 0.380859 0.053009
0 0.745907 0.255615 0.174436 0.330566 0.0516663
0 0.205678 0.631836 0.226506 0.30957 0.0479431
0 0.913834 0.733398 0.161418 0.328125 0.0430298
0 0.480349 0.809082 0.30331 0.374023 0.0394287
0 0.858509 0.848633 0.279878 0.302734 0.0378113
0 0.920343 0.79248 0.158814 0.395508 0.037262
0 0.878687 0.791992 0.239523 0.414062 0.0369873
0 0.942473 0.62793 0.111951 0.582031 0.0361633
0 0.232364 0.601562 0.265559 0.375 0.0354919
0 0.467982 0.230408 0.171181 0.222778 0.033905
0 0.916438 0.670898 0.156211 0.464844 0.033844
0 0.94455 0.833984 0.110899 0.332031 0.0316162
0 0.273613 0.223389 0.461636 0.436035 0.0314331
0 0.41461 0.892578 0.35538 0.214844 0.0308533
0 0.3518 0.731445 0.447154 0.517578 0.0306244
0 0.606782 0.415039 0.754694 0.787109 0.0304413
0 0.29973 0.477539 0.590347 0.943359 0.0297546
0 0.50972 0.40332 0.58693 0.623047 0.0282745
0 0.739398 0.21344 0.154909 0.234253 0.0242767
0 0.397362 0.834473 0.331297 0.327148 0.0218658
0 0.829871 0.701172 0.330647 0.496094 0.0214844
0 0.308842 0.322754 0.51875 0.645508 0.0213623
0 0.156699 0.96875 0.0602063 0.0625 0.0202484
0 0.640465 0.259338 0.656086 0.493042 0.0174408
0 0.502804 0.853516 0.266209 0.289062 0.0164032
0 0.874781 0.886475 0.247334 0.223145 0.0158997
0 0.385971 0.800781 0.462124 0.386719 0.0157776
0 0.813599 0.498535 0.369699 0.99707 0.0151901
0 0.771942 0.25415 0.23692 0.376465 0.0149536
0 0.262955 0.705078 0.283783 0.392578 0.0148392
0 0.660154 0.794922 0.1663 0.384766 0.0146179
0 0.963301 0.906738 0.0728984 0.186523 0.0142822
0 0.38589 0.907959 0.313886 0.17627 0.0139542
0 0.87348 0.621216 0.234316 0.58374 0.0137939
0 0.449106 0.283203 0.219346 0.303711 0.0127716
0 0.949757 0.870117 0.100485 0.255859 0.0126266
0 0.638024 0.810059 0.132454 0.334961 0.0120087
0 0.799404 0.695312 0.401191 0.580078 0.551758
0 0.811446 0.77832 0.377109 0.439453 0.376709
0 0.32967 0.537109 0.65934 0.914062 0.330322
0 0.199657 0.635742 0.264582 0.355469 0.223389
0 0.460822 0.316406 0.26686 0.360352 0.186523
0 0.376859 0.523438 0.464728 0.806641 0.145874
0 0.329263 0.706055 0.619799 0.585938 0.101074
0 0.444225 0.359863 0.305262 0.463867 0.0827026
0 0.791469 0.552856 0.402243 0.827881 0.0548096
0 0.206817 0.642578 0.22553 0.277344 0.0518494
0 0.644821 0.503052 0.710359 0.92749 0.0516663
0 0.479698 0.744141 0.337155 0.492188 0.0499573
0 0.770641 0.273926 0.257748 0.329102 0.0469055
0 0.196565 0.55481 0.314375 0.531006 0.0462036
0 0.168252 0.754883 0.336504 0.480469 0.0424805
0 0.211861 0.562378 0.423722 0.840088 0.0372009
0 0.748511 0.255371 0.187453 0.286133 0.0358887
0 0.191847 0.696777 0.248961 0.348633 0.0323486
0 0.818806 0.839355 0.347569 0.317383 0.0323486
0 0.329426 0.799316 0.622078 0.401367 0.0321655
0 0.18485 0.662109 0.369699 0.666016 0.0320435
0 0.445771 0.802246 0.410216 0.389648 0.0290833
0 0.434055 0.674805 0.433648 0.650391 0.0283356
0 0.467331 0.272461 0.171832 0.253906 0.0273285
0 0.360668 0.363525 0.511428 0.478027 0.0270081
0 0.185175 0.828125 0.345617 0.335938 0.0195007
0 0.739398 0.22998 0.165323 0.223633 0.0186462
0 0.405498 0.897705 0.285085 0.20459 0.018158
0 0.310144 0.341064 0.620288 0.563965 0.0180969
0 0.263931 0.290283 0.378161 0.400879 0.0138474
0 0.261002 0.220947 0.382717 0.287598 0.012825
0 0.627447 0.802734 0.193962 0.378906 0.0126266
0 0.643719 0.772461 0.149702 0.423828 0.0118713
0 0.446828 0.879883 0.379462 0.240234 0.0117798
0 0.583838 0.849121 0.21479 0.286133 0.0103683
0 0.453012 0.360901 0.455615 0.475464 0.00945282
0 0.498899 0.299316 0.202423 0.318359 0.0088501
0 0.395084 0.842285 0.33325 0.31543 0.00874329
0 0.21121 0.359863 0.366445 0.432617 0.00803375
0 0.834427 0.681152 0.262955 0.307617 0.00734711
0 0.900816 0.606445 0.164021 0.478516 0.00703812
0 0.937266 0.564941 0.0911231 0.348633 0.0068512
0 0.822711 0.630737 0.343664 0.543213 0.00656509
0 0.239849 0.173401 0.345617 0.213745 0.00634003
0 0.5923 0.884521 0.201772 0.215332 0.00634003
0 0.937266 0.593262 0.0833125 0.199219 0.00629044
0 0.167276 0.894775 0.334552 0.210449 0.00626373
0 0.772593 0.339844 0.415261 0.507812 0.00577545
0 0.687979 0.716797 0.553247 0.550781 0.00577545
0 0.245056 0.677734 0.243429 0.322266 0.00566483
0 0.776786 0.849121 0.446428 0.295898 0.363037
0 0.784797 0.74707 0.427302 0.490234 0.144409
0 0.824138 0.867676 0.351725 0.264648 0.10968
0 0.397118 0.865234 0.576516 0.261719 0.102478
0 0.384019 0.724121 0.619637 0.538086 0.0925293
0 0.39126 0.807129 0.555688 0.381836 0.0714722
0 0.203074 0.689453 0.200471 0.175781 0.0574951
0 0.211861 0.708984 0.182246 0.130859 0.0451965
0 0.369048 0.516113 0.69644 0.954102 0.0335388
0 0.879462 0.864746 0.241075 0.268555 0.0290833
0 0.180619 0.799805 0.324789 0.382812 0.0287018
0 0.25905 0.79541 0.459521 0.40918 0.028656
0 0.196891 0.664062 0.223902 0.253906 0.0278015
0 0.626921 0.851074 0.746157 0.291992 0.021698
0 0.753718 0.61084 0.48165 0.74707 0.0159607
0 0.205352 0.801758 0.229109 0.320312 0.0131226
0 0.824013 0.78418 0.348871 0.417969 0.0110703
0 0.733015 0.846191 0.533971 0.307617 0.0106964
0 0.267593 0.75 0.249775 0.207031 0.0104065
0 0.451385 0.895508 0.453663 0.201172 0.01017
0 0.320883 0.904297 0.403545 0.166016 0.00952148
0 0.724916 0.867188 0.461148 0.265625 0.00919342
0 0.390527 0.897461 0.311771 0.15625 0.00891876
0 0.610524 0.861328 0.251239 0.253906 0.00888062
0 0.566916 0.880859 0.161418 0.197266 0.0085144
0 0.313724 0.818359 0.369699 0.322266 0.00831604
0 0.603327 0.697266 0.793346 0.585938 0.00793457
0 0.920994 0.842773 0.156211 0.240234 0.00775528
0 0.17232 0.707031 0.271091 0.289062 0.00763702
0 0.661418 0.534668 0.677164 0.90332 0.00757599
0 0.53307 0.880859 0.352776 0.220703 0.00723267
0 0.590998 0.887695 0.216092 0.208984 0.00712204
0 0.646974 0.881836 0.31112 0.234375 0.00653839
0 0.407369 0.878418 0.625006 0.243164 0.00591278
0 0.269789 0.673706 0.494017 0.631104 0.00551224
0 0.361238 0.87207 0.472538 0.195312 0.0051384
0 0.286061 0.876953 0.374255 0.246094 0.0050621
0 0.160116 0.973145 0.0676914 0.0537109 0.00481033
0 0.723777 0.84375 0.315025 0.294922 0.00473785
0 0.176714 0.954102 0.105117 0.0917969 0.00431442
0 0.894758 0.783203 0.210484 0.3125 0.00379562
0 0.609223 0.862305 0.723777 0.275391 0.00366402
0 0.288177 0.873291 0.576353 0.253418 0.00348282
0 0.476769 0.849609 0.333901 0.267578 0.00335121
0 0.539579 0.858398 0.218695 0.248047 0.00332451
0 0.343339 0.429565 0.587744 0.640869 0.00322342
0 0.660642 0.782715 0.154909 0.293945 0.00305176
0 0.217719 0.889648 0.397687 0.220703 0.00279999
0 0.816853 0.610352 0.075502 0.0742188 0.00279045
0 0.758274 0.788086 0.394433 0.34375 0.00277901
