0 0.657675 0.5177 0.684649 0.86499 0.192505
0 0.559756 0.707031 0.382717 0.519531 0.108948
0 0.525585 0.580566 0.435438 0.741211 0.0394287
0 0.229435 0.727539 0.05923 0.0878906 0.0308533
0 0.770766 0.568481 0.458469 0.810303 0.0271149
0 0.887273 0.23053 0.225454 0.298706 0.0200958
0 0.835854 0.54541 0.328293 0.90918 0.0143356
0 0.647099 0.546021 0.705803 0.907959 0.0131226
0 0.569519 0.628418 0.347569 0.555664 0.0129242
0 0.864167 0.193848 0.271667 0.387695 0.0115051
0 0.579082 0.497559 0.841836 0.995117 0.0104904
0 0.665323 0.5 0.669354 1 0.00844574
0 0.586567 0.549805 0.826866 0.900391 0.00844574
0 0.537751 0.5 0.924498 1 0.00800323
0 0.412983 0.651489 0.661944 0.681396 0.0068512
0 0.26686 0.870117 0.283783 0.257812 0.00661469
0 0.638512 0.741211 0.252541 0.517578 0.00658798
0 0.5 0.5 1 1 0.00636292
0 0.473514 0.402832 0.30396 0.556641 0.00621796
0 0.553898 0.551758 0.339759 0.469727 0.00619125
0 0.322185 0.78125 0.417864 0.419922 0.006073
0 0.797978 0.699219 0.395734 0.541016 0.00593567
0 0.5 0.5 1 1 0.00593567
0 0.376859 0.522949 0.152306 0.199219 0.00542831
0 0.335854 0.5 0.671707 1 0.00527954
0 0.524608 0.818359 0.274671 0.314453 0.00518036
0 0.380113 0.5 0.760227 1 0.00511932
0 0.490112 0.913818 0.158814 0.125488 0.00443268
0 0.5 0.5 1 1 0.00416565
0 0.5 0.5 1 1 0.00411606
0 0.5 0.5 1 1 0.00403976
0 0.245992 0.835938 0.325521 0.324219 0.00400543
0 0.5 0.5 1 1 0.00313568
0 0.579608 0.813477 0.323487 0.363281 0.00312424
0 0.673009 0.838867 0.200471 0.294922 0.003088
0 0.523632 0.469727 0.382066 0.576172 0.00298119
0 0.680169 0.748047 0.204376 0.503906 0.00298119
0 0.420793 0.41394 0.24473 0.439697 0.00277901
0 0.469935 0.525391 0.324138 0.677734 0.00269318
0 0.641116 0.779785 0.21479 0.415039 0.00263214
0 0.26922 0.710449 0.393619 0.543945 0.00253105
0 0.492715 0.6875 0.264257 0.5625 0.00240517
0 0.480349 0.837891 0.216092 0.296875 0.00223351
0 0.438367 0.509644 0.401592 0.961182 0.00214958
0 0.398989 0.0556641 0.128874 0.109375 0.00209999
0 0.805788 0.593872 0.380113 0.67749 0.00208282
0 0.429906 0.793457 0.486207 0.401367 0.0020504
0 0.929255 0.175049 0.141491 0.33252 0.00201035
0 0.36197 0.862305 0.473677 0.275391 0.00198746
0 0.667639 0.710938 0.54446 0.574219 0.00192642
0 0.562034 0.739258 0.319582 0.449219 0.483398
0 0.67366 0.726074 0.554549 0.489258 0.169434
0 0.597344 0.706055 0.250263 0.429688 0.131226
0 0.68326 0.520996 0.591323 0.922852 0.0720825
0 0.846919 0.230957 0.306163 0.37207 0.0633545
0 0.475792 0.839844 0.139288 0.287109 0.0526123
0 0.884544 0.236328 0.221299 0.302734 0.049408
0 0.790292 0.499512 0.419416 0.969727 0.0490417
0 0.502479 0.725098 0.290292 0.512695 0.0430298
0 0.512242 0.743164 0.222601 0.464844 0.0428772
0 0.601412 0.739746 0.403545 0.516602 0.041626
0 0.545437 0.760742 0.270766 0.367188 0.0409851
0 0.456917 0.713379 0.546738 0.510742 0.0388184
0 0.63656 0.616211 0.166625 0.232422 0.0354919
0 0.803185 0.334717 0.0598809 0.0825195 0.0302734
0 0.660642 0.605469 0.11846 0.183594 0.0294189
0 0.979047 0.960938 0.0419063 0.0761719 0.0287628
0 0.619637 0.755859 0.218695 0.373047 0.0283356
0 0.639814 0.692383 0.167927 0.31543 0.0267029
0 0.490763 0.805664 0.178341 0.304688 0.0244293
0 0.520378 0.665527 0.434136 0.612305 0.0197906
0 0.461473 0.84082 0.102839 0.255859 0.0173035
0 0.843013 0.439941 0.313974 0.813477 0.0166626
0 0.238059 0.705078 0.0719221 0.105469 0.0161591
0 0.812297 0.291504 0.0833125 0.170898 0.016098
0 0.428848 0.628418 0.625006 0.709961 0.0151901
0 0.665198 0.564453 0.0963301 0.167969 0.0138474
0 0.703074 0.362305 0.593852 0.681641 0.0129242
0 0.477094 0.736816 0.415261 0.500977 0.011734
0 0.558129 0.804199 0.309168 0.338867 0.0116425
0 0.935438 0.240173 0.129124 0.277466 0.0108185
0 0.682734 0.5 0.634531 1 0.0104523
0 0.553047 0.52002 0.893907 0.959961 0.0103683
0 0.645835 0.799805 0.158489 0.316406 0.0103302
0 0.816853 0.241943 0.122365 0.309082 0.0102463
0 0.366526 0.5625 0.514032 0.777344 0.0100098
0 0.575377 0.741211 0.381415 0.517578 0.00919342
0 0.894308 0.796875 0.0650879 0.0761719 0.00857544
0 0.263931 0.899414 0.0709458 0.138672 0.00806427
0 0.501953 0.5 0.996095 1 0.0077858
0 0.652181 0.574219 0.114555 0.21875 0.00746155
0 0.357333 0.541016 0.120413 0.167969 0.00746155
0 0.361889 0.462036 0.160116 0.320068 0.00740433
0 0.87413 0.299072 0.240825 0.328613 0.00728989
0 0.379462 0.537109 0.105442 0.164062 0.00728989
0 0.435438 0.709961 0.227808 0.513672 0.00728989
0 0.786262 0.344238 0.0676914 0.0761719 0.00723267
0 0.5 0.5 1 1 0.0068779
0 0.5 0.5 1 1 0.00671768
0 0.982301 0.0732422 0.0353975 0.0961914 0.00666809
0 0.571797 0.674805 0.320883 0.408203 0.369385
0 0.893131 0.196228 0.213738 0.307739 0.343262
0 0.513543 0.713867 0.252541 0.417969 0.329346
0 0.19087 0.811523 0.280854 0.363281 0.297363
0 0.44032 0.453247 0.259701 0.3396 0.2854
0 0.633305 0.680664 0.196565 0.408203 0.223999
0 0.977094 0.953125 0.0458115 0.078125 0.167236
0 0.411355 0.480469 0.201772 0.277344 0.151978
0 0.231062 0.699219 0.05923 0.0722656 0.151001
0 0.532744 0.619995 0.396385 0.674072 0.0951538
0 0.662595 0.566406 0.114555 0.197266 0.0715942
0 0.922946 0.215576 0.153607 0.299805 0.0700684
0 0.2034 0.789551 0.216743 0.370117 0.0700684
0 0.790818 0.633789 0.368397 0.646484 0.057373
0 0.659829 0.635254 0.591323 0.649414 0.0570679
0 0.610524 0.682617 0.443899 0.5625 0.0469971
0 0.958219 0.236572 0.0835625 0.310059 0.0450134
0 0.500851 0.645508 0.275322 0.464844 0.0402527
0 0.773895 0.679199 0.373605 0.489258 0.039856
0 0.453012 0.509766 0.278576 0.40332 0.0387573
0 0.982301 0.0847168 0.0353975 0.0644531 0.0370483
0 0.441947 0.584961 0.364492 0.529297 0.0360107
0 0.602714 0.726562 0.242127 0.322266 0.0322266
0 0.469609 0.449707 0.272718 0.411133 0.0304413
0 0.376208 0.493286 0.159465 0.249756 0.0303345
0 0.492064 0.556152 0.402243 0.68457 0.0297546
0 0.431858 0.547363 0.602063 0.836914 0.0290375
0 0.489136 0.749023 0.228459 0.412109 0.0270081
0 0.507035 0.798828 0.239523 0.339844 0.0255585
0 0.233015 0.685547 0.069644 0.0800781 0.0237274
0 0.656086 0.5 0.0781055 0.0839844 0.0231018
0 0.627447 0.586426 0.18485 0.250977 0.0227966
0 0.65153 0.759766 0.152306 0.261719 0.0226746
0 0.852126 0.305603 0.295749 0.369263 0.0223236
0 0.870876 0.260986 0.182246 0.209473 0.018692
0 0.647625 0.548828 0.124969 0.195312 0.018692
0 0.940645 0.216858 0.11871 0.251831 0.0184784
0 0.180334 0.733398 0.211454 0.15625 0.0179901
0 0.312503 0.268555 0.294035 0.269531 0.0170441
0 0.361238 0.96875 0.0572773 0.0507812 0.0170441
0 0.668453 0.518555 0.0937266 0.126953 0.016922
0 0.702949 0.514648 0.179643 0.207031 0.0149002
0 0.137986 0.0859375 0.275973 0.171875 0.0147324
0 0.697742 0.547852 0.174436 0.210938 0.0146179
0 0.930757 0.0981445 0.0702949 0.0820312 0.0141754
0 0.146814 0.185791 0.290211 0.349609 0.0131226
0 0.376208 0.532227 0.130176 0.1875 0.0131226
0 0.675612 0.807129 0.105442 0.170898 0.0124283
0 0.763481 0.440918 0.339759 0.361328 0.012146
0 0.818806 0.33667 0.0702949 0.0776367 0.0121002
0 0.680294 0.618164 0.639413 0.65625 0.309082
0 0.52591 0.681641 0.378812 0.572266 0.256104
0 0.798103 0.618652 0.403795 0.674805 0.141479
0 0.820107 0.446777 0.239523 0.407227 0.081543
0 0.537301 0.617188 0.505733 0.660156 0.0797729
0 0.559105 0.722168 0.308517 0.481445 0.0766602
0 0.372303 0.467773 0.160116 0.308594 0.0592041
0 0.449757 0.643677 0.581886 0.669678 0.0490417
0 0.846143 0.703125 0.239523 0.523438 0.0403137
0 0.202912 0.813477 0.202749 0.320312 0.035675
0 0.607758 0.703125 0.216417 0.4375 0.03302
0 0.413959 0.463013 0.229109 0.320068 0.0243835
0 0.825315 0.57666 0.239523 0.620117 0.0230713
0 0.268081 0.848633 0.0769664 0.240234 0.0203705
0 0.234967 0.722656 0.0833125 0.128906 0.0198669
0 0.480349 0.470215 0.356682 0.394531 0.0189819
0 0.430231 0.515625 0.510289 0.804688 0.0153656
0 0.284353 0.369385 0.552108 0.69873 0.0150757
0 0.547064 0.567383 0.415912 0.518555 0.0149536
0 0.632817 0.721191 0.163696 0.522461 0.0149536
0 0.860462 0.41748 0.256446 0.441406 0.0141144
0 0.861764 0.244629 0.235618 0.474609 0.0133286
0 0.579282 0.63623 0.292896 0.575195 0.0124283
0 0.0375476 0.588379 0.0750952 0.823242 0.012146
0 0.615731 0.793457 0.195264 0.40332 0.0107803
0 0.264338 0.898438 0.0662269 0.146484 0.0106506
0 0.889751 0.200928 0.219997 0.401855 0.0104904
0 0.240012 0.732422 0.116182 0.501953 0.0104523
0 0.648926 0.69043 0.139288 0.419922 0.01017
0 0.2776 0.752441 0.338457 0.444336 0.0100098
0 0.263931 0.293945 0.527863 0.532227 0.00959778
0 0.811646 0.361328 0.216092 0.363281 0.00912476
0 0.506058 0.459961 0.671056 0.919922 0.00908661
0 0.84419 0.325439 0.204376 0.279785 0.00894928
0 0.729635 0.435059 0.158814 0.311523 0.00891876
0 0.742653 0.430664 0.113253 0.294922 0.00891876
0 0.890402 0.604492 0.197867 0.558594 0.0088501
0 0.841711 0.519409 0.316577 0.668213 0.0088501
0 0.359936 0.388184 0.153607 0.452148 0.00878143
0 0.90342 0.754395 0.0989336 0.34668 0.00871277
0 0.76999 0.694336 0.387924 0.519531 0.00837708
0 0.906674 0.662598 0.131478 0.40918 0.00812531
0 0.365794 0.258789 0.190057 0.517578 0.00800323
0 0.0172483 0.678345 0.0344966 0.643311 0.00800323
0 0.631515 0.456543 0.588069 0.913086 0.00787354
0 0.24473 0.841309 0.13343 0.268555 0.00723267
0 0.824013 0.261719 0.247334 0.523438 0.00706482
0 0.879337 0.552246 0.127572 0.579102 0.00698471
0 0.653482 0.787598 0.122365 0.317383 0.00695801
0 0.375883 0.349121 0.460171 0.637695 0.0068512
0 0.671544 0.571289 0.64079 0.810547 0.64502
0 0.5923 0.5 0.749813 1 0.218628
0 0.892355 0.204834 0.213488 0.346191 0.170532
0 0.913634 0.238281 0.172733 0.311523 0.156616
0 0.504757 0.418823 0.425024 0.578369 0.156128
0 0.469935 0.429565 0.346268 0.494385 0.12085
0 0.377835 0.418091 0.171832 0.421631 0.110474
0 0.404196 0.405151 0.234316 0.431885 0.0997925
0 0.566916 0.697754 0.28899 0.422852 0.0980835
0 0.527863 0.781738 0.279878 0.426758 0.0891113
0 0.408752 0.472778 0.246032 0.357178 0.0875854
0 0.76283 0.629395 0.391829 0.56543 0.0803833
0 0.810995 0.417847 0.249938 0.422119 0.0800781
0 0.509638 0.33667 0.498573 0.67334 0.0733032
0 0.258399 0.810547 0.378161 0.375 0.0708008
0 0.452686 0.491699 0.322185 0.432617 0.0705566
0 0.374255 0.474609 0.156211 0.313477 0.0692749
0 0.575702 0.35083 0.655435 0.70166 0.0680542
0 0.195223 0.821289 0.224635 0.349609 0.0653687
0 0.450408 0.36377 0.393131 0.612305 0.0605164
0 0.468633 0.550659 0.492064 0.832275 0.0548096
0 0.318931 0.74707 0.499875 0.498047 0.0538025
0 0.919491 0.191406 0.161017 0.319336 0.053009
0 0.878687 0.290527 0.23692 0.326172 0.0501404
0 0.372954 0.205322 0.226506 0.398926 0.0486755
0 0.378812 0.290039 0.197867 0.285156 0.0441895
0 0.507035 0.502441 0.378812 0.473633 0.0406799
0 0.79212 0.54187 0.395734 0.787354 0.0403748
0 0.870876 0.408691 0.253843 0.775391 0.0397034
0 0.865669 0.233948 0.268162 0.463745 0.0394897
0 0.369374 0.53125 0.149051 0.189453 0.0361633
0 0.380113 0.330566 0.22195 0.358398 0.0347595
0 0.768688 0.48877 0.347569 0.461914 0.0344238
0 0.245381 0.863281 0.354078 0.273438 0.0343628
0 0.87348 0.368896 0.249938 0.473145 0.033905
0 0.374255 0.62207 0.648275 0.734375 0.0284424
0 0.496295 0.830078 0.212837 0.337891 0.0237732
0 0.805788 0.510742 0.252541 0.234375 0.0228882
0 0.192009 0.876465 0.227157 0.24707 0.0228882
0 0.232201 0.699219 0.0699695 0.0839844 0.0204926
0 0.842237 0.263184 0.145797 0.223633 0.0201416
0 0.594252 0.73584 0.247334 0.436523 0.0199432
0 0.618335 0.680664 0.21479 0.423828 0.0187988
0 0.493366 0.741211 0.252541 0.445312 0.0185394
0 0.529815 0.692871 0.285085 0.375977 0.0181274
0 0.561058 0.729492 0.464728 0.517578 0.0180969
0 0.356682 0.495972 0.132779 0.244385 0.0180511
0 0.346918 0.276123 0.164021 0.229004 0.0172424
0 0.357333 0.314209 0.178341 0.257324 0.0164032
0 0.493041 0.578003 0.266209 0.406494 0.0164032
0 0.521354 0.772461 0.28118 0.441406 0.284668
0 0.878687 0.201416 0.239523 0.39209 0.265137
0 0.791469 0.716797 0.351475 0.53125 0.23938
0 0.777149 0.598755 0.369699 0.74585 0.200562
0 0.551294 0.727051 0.352776 0.506836 0.183594
0 0.421119 0.425903 0.275973 0.431396 0.139893
0 0.250263 0.827148 0.349522 0.337891 0.128906
0 0.245707 0.741699 0.350173 0.493164 0.128296
0 0.636397 0.693848 0.16695 0.361328 0.126343
0 0.879988 0.272461 0.23692 0.306641 0.123352
0 0.646323 0.601562 0.0924248 0.15918 0.114746
0 0.426977 0.490234 0.270766 0.28418 0.110107
0 0.804486 0.44519 0.239523 0.35376 0.105591
0 0.522656 0.726562 0.243429 0.363281 0.0963745
0 0.519727 0.675293 0.423722 0.594727 0.0912476
0 0.797978 0.411133 0.278576 0.451172 0.0878906
0 0.676263 0.610352 0.611826 0.708984 0.0810547
0 0.657388 0.630371 0.137986 0.275391 0.0739746
0 0.138312 0.180664 0.276624 0.361328 0.0736694
0 0.608572 0.695801 0.490763 0.555664 0.0736694
0 0.847895 0.397949 0.30421 0.793945 0.0690308
0 0.22976 0.713867 0.0637861 0.0800781 0.0665894
0 0.568217 0.782227 0.286387 0.400391 0.0663452
0 0.421037 0.651489 0.639326 0.657959 0.0653687
0 0.445852 0.533081 0.275973 0.35376 0.0524292
0 0.808392 0.449219 0.372303 0.898438 0.0479431
0 0.390527 0.447754 0.218695 0.375977 0.0474243
0 0.634119 0.637695 0.12985 0.238281 0.0469055
0 0.537626 0.833008 0.304611 0.333984 0.0453491
0 0.267511 0.673828 0.372303 0.617188 0.0439453
0 0.346593 0.533691 0.605968 0.897461 0.041626
0 0.861238 0.387817 0.277524 0.517334 0.0415344
0 0.649577 0.574219 0.111951 0.185547 0.0389099
0 0.641116 0.776855 0.161418 0.348633 0.0382385
0 0.698393 0.727051 0.551945 0.49707 0.037262
0 0.474165 0.600098 0.486207 0.786133 0.0362854
0 0.859811 0.231445 0.279878 0.462891 0.0325317
0 0.824789 0.286865 0.350423 0.57373 0.031311
0 0.786262 0.503906 0.268162 0.416016 0.0312042
0 0.483929 0.606934 0.258399 0.483398 0.0310211
0 0.850048 0.284668 0.190057 0.231445 0.0305023
0 0.663897 0.592773 0.132779 0.238281 0.0292511
0 0.376859 0.514648 0.136034 0.240234 0.0267029
0 0.204864 0.80957 0.171507 0.314453 0.0266571
0 0.306564 0.242432 0.0585791 0.119141 0.0259552
0 0.367747 0.233154 0.226506 0.466309 0.0259552
0 0.835729 0.364502 0.210885 0.371582 0.0257568
0 0.49597 0.644531 0.213488 0.323242 0.0257568
0 0.625495 0.569336 0.0794072 0.142578 0.0239563
0 0.250914 0.48877 0.467982 0.977539 0.0233765
0 0.678867 0.699219 0.553247 0.535156 0.344238
0 0.558454 0.74707 0.356682 0.464844 0.222046
0 0.527212 0.656128 0.439994 0.633057 0.174927
0 0.669104 0.555664 0.590998 0.791016 0.162964
0 0.464402 0.638672 0.581235 0.6875 0.0803833
0 0.581886 0.708984 0.286387 0.371094 0.0656128
0 0.843539 0.303467 0.299404 0.394043 0.0472412
0 0.756972 0.46875 0.456917 0.688477 0.0445251
0 0.428278 0.480591 0.256446 0.296631 0.0397034
0 0.884544 0.268311 0.226506 0.259277 0.0280151
0 0.827267 0.351562 0.331948 0.529297 0.0275879
0 0.872178 0.312988 0.255145 0.336914 0.0250397
0 0.252866 0.898682 0.350824 0.19873 0.0232849
0 0.300787 0.750977 0.422909 0.486328 0.0206909
0 0.841061 0.237793 0.317879 0.407227 0.0191193
0 0.387273 0.474609 0.193962 0.286133 0.0182343
0 0.818155 0.483276 0.225204 0.293213 0.0178528
0 0.818155 0.564453 0.216092 0.294922 0.0173035
0 0.622403 0.742188 0.202749 0.275391 0.0142822
0 0.623542 0.695312 0.226506 0.396484 0.0139008
0 0.774546 0.669434 0.33325 0.514648 0.013588
0 0.846143 0.519531 0.169229 0.195312 0.0127258
0 0.467657 0.435547 0.378161 0.576172 0.0125275
0 0.239198 0.837891 0.335203 0.318359 0.0119629
0 0.456592 0.59668 0.292245 0.476562 0.011467
0 0.809693 0.419922 0.270766 0.427734 0.0114212
0 0.879137 0.213379 0.241726 0.366211 0.0106506
0 0.899314 0.235596 0.201372 0.307129 0.0102921
0 0.879337 0.517578 0.101537 0.191406 0.0100937
0 0.919041 0.254395 0.161418 0.244141 0.00908661
0 0.669554 0.441895 0.660892 0.836914 0.00905609
0 0.861563 0.390747 0.276874 0.499756 0.00891876
0 0.378812 0.563354 0.576679 0.826416 0.00891876
0 0.519401 0.449097 0.47384 0.797119 0.00784302
0 0.365794 0.429199 0.174436 0.34082 0.00757599
0 0.454964 0.534668 0.257748 0.285156 0.00757599
0 0.856557 0.282715 0.229109 0.222656 0.00751877
0 0.810995 0.527344 0.217394 0.199219 0.00751877
0 0.82609 0.458984 0.347819 0.755859 0.00677109
0 0.497272 0.646484 0.295499 0.455078 0.00669098
0 0.523307 0.735352 0.222601 0.464844 0.00658798
0 0.417213 0.436523 0.273369 0.396484 0.0064888
0 0.521354 0.655762 0.308517 0.329102 0.0064888
0 0.235781 0.706055 0.07778 0.0849609 0.0064621
0 0.792771 0.607422 0.262955 0.341797 0.00634003
0 0.239198 0.868164 0.305262 0.220703 0.00530243
0 0.353102 0.376831 0.154909 0.273682 0.00527954
0 0.637861 0.789062 0.175737 0.207031 0.00527954
0 0.419817 0.662231 0.252541 0.577881 0.00510025
0 0.361889 0.360352 0.206979 0.347656 0.00503922
0 0.523958 0.679688 0.406148 0.503906 0.364746
0 0.493366 0.637573 0.486857 0.642822 0.300781
0 0.88129 0.195068 0.234316 0.387207 0.205566
0 0.506384 0.490234 0.442598 0.579102 0.140991
0 0.82544 0.201416 0.349121 0.402832 0.136841
0 0.454313 0.606567 0.575377 0.779053 0.115356
0 0.562359 0.679199 0.315025 0.444336 0.107788
0 0.886497 0.237244 0.218695 0.290161 0.0739746
0 0.187779 0.818359 0.216092 0.328125 0.0589905
0 0.359285 0.294434 0.166625 0.25 0.0524292
0 0.446503 0.413086 0.325439 0.496094 0.0518494
0 0.921645 0.218506 0.156211 0.32373 0.0446777
0 0.60906 0.660156 0.554874 0.554688 0.035553
0 0.233991 0.704102 0.0833125 0.0898438 0.033905
0 0.428278 0.474121 0.282481 0.373047 0.0296478
0 0.210071 0.869141 0.169554 0.21875 0.0293732
0 0.366445 0.38916 0.167927 0.478516 0.0290833
0 0.358634 0.350098 0.173134 0.361328 0.0289764
0 0.393782 0.430786 0.216092 0.406006 0.0276947
0 0.519076 0.740234 0.227157 0.378906 0.0262604
0 0.218207 0.790039 0.288014 0.40625 0.0186157
0 0.621589 0.55957 0.623542 0.767578 0.0184021
0 0.478071 0.410034 0.426326 0.558838 0.0159607
0 0.263281 0.743164 0.37751 0.501953 0.0158997
0 0.373605 0.453125 0.141241 0.333984 0.0151901
0 0.507035 0.33374 0.455615 0.66748 0.0151291
0 0.808392 0.289307 0.0885195 0.171387 0.0149536
0 0.214627 0.802734 0.138963 0.314453 0.0138474
0 0.482301 0.497559 0.384019 0.368164 0.0135345
0 0.657388 0.589844 0.108046 0.205078 0.0128708
0 0.716618 0.351074 0.555851 0.702148 0.0123825
0 0.351475 0.645996 0.555851 0.696289 0.0122375
0 0.88845 0.791016 0.0403545 0.046875 0.0103683
0 0.800581 0.327881 0.0624844 0.0927734 0.0100098
0 0.678829 0.478027 0.642342 0.956055 0.00963593
0 0.522981 0.561646 0.430231 0.407959 0.00945282
0 0.774546 0.231445 0.434787 0.462891 0.00898743
0 0.502153 0.776855 0.176388 0.325195 0.0088501
0 0.661944 0.597656 0.114555 0.285156 0.00861359
0 0.234479 0.80957 0.121389 0.34375 0.00861359
0 0.480023 0.572266 0.225855 0.376953 0.00837708
0 0.255714 0.887695 0.0678541 0.181641 0.00837708
0 0.98165 0.960938 0.0366992 0.0625 0.00787354
0 0.957893 0.201172 0.0842134 0.347168 0.00769424
0 0.777149 0.322754 0.0624844 0.111328 0.00766754
0 0.661293 0.550293 0.109348 0.185547 0.00737381
0 0.636397 0.672852 0.169554 0.402344 0.00723267
0 0.781055 0.306396 0.075502 0.14502 0.00695801
0 0.587093 0.26123 0.609223 0.522461 0.00674438
0 0.676263 0.521484 0.115856 0.177734 0.0064888
