0 0.182734 0.422729 0.263931 0.390869 0.939453
0 0.187168 0.377441 0.281749 0.286133 0.0844727
0 0.18306 0.626831 0.261328 0.736572 0.0652466
0 0.126921 0.396973 0.172483 0.359375 0.0316162
0 0.191358 0.322998 0.236269 0.149902 0.0223694
0 0.229272 0.427734 0.155886 0.388672 0.0218201
0 0.554549 0.494629 0.671707 0.989258 0.0153656
0 0.44813 0.607422 0.832474 0.771484 0.0151291
0 0.085916 0.373779 0.0849397 0.260254 0.0147324
0 0.656086 0.688477 0.658689 0.621094 0.0137405
0 0.633956 0.546997 0.692535 0.906006 0.0112915
0 0.693148 0.710449 0.613703 0.579102 0.0109863
0 0.595028 0.729004 0.809943 0.541992 0.0106506
0 0.416237 0.5 0.779102 1 0.00871277
0 0.716743 0.681152 0.566515 0.637695 0.00854492
0 0.264989 0.335693 0.0779428 0.156738 0.00812531
0 0.672483 0.506348 0.655034 0.987305 0.00793457
0 0.664547 0.746582 0.648275 0.506836 0.00751877
0 0.5 0.5 1 1 0.00737381
0 0.185867 0.489136 0.26027 0.304932 0.00709534
0 0.595028 0.5 0.809943 1 0.00664139
0 0.5 0.5 1 1 0.00641251
0 0.642054 0.5 0.715891 1 0.00638962
0 0.5 0.5 1 1 0.00609589
0 0.417213 0.437988 0.712062 0.374023 0.00602722
0 0.438692 0.5 0.877385 1 0.00584412
0 0.0763156 0.343262 0.0914485 0.209961 0.00530243
0 0.853953 0.72168 0.291594 0.517578 0.00492477
0 0.39606 0.5 0.79212 1 0.0049057
0 0.0748511 0.375488 0.100235 0.383789 0.00486755
0 0.5 0.5 1 1 0.00482941
0 0.460822 0.5 0.921645 1 0.0046463
0 0.288339 0.5 0.576679 1 0.00460815
0 0.757623 0.663086 0.476443 0.654297 0.00432968
0 0.548691 0.62207 0.768037 0.755859 0.00403976
0 0.587744 0.577148 0.45171 0.453125 0.00397491
0 0.528639 0.390625 0.942723 0.78125 0.00314713
0 0.5 0.5 1 1 0.00265312
0 0.11488 0.310059 0.145146 0.161133 0.00257111
0 0.574075 0.633911 0.695139 0.710693 0.00201988
0 0.596856 0.314941 0.151004 0.0820312 0.00194931
0 0.17232 0.548828 0.282156 0.219727 0.00186062
0 0.452686 0.33252 0.781706 0.665039 0.00183868
0 0.861889 0.631348 0.276223 0.495117 0.00160408
0 0.590835 0.242676 0.219021 0.23877 0.00153637
0 0.22195 0.477051 0.254494 0.570312 0.00146675
0 0.260677 0.341064 0.138637 0.195801 0.00136662
0 0.615894 0.411987 0.504757 0.765869 0.00127888
0 0.0907976 0.439941 0.157838 0.387695 0.00112057
0 0.60906 0.206482 0.172157 0.255005 0.00109482
0 0.161133 0.457153 0.256365 0.382568 0.228882
0 0.626146 0.313721 0.0624844 0.0917969 0.157715
0 0.260677 0.335449 0.0878687 0.125977 0.106323
0 0.204376 0.374268 0.188755 0.222168 0.0708008
0 0.180253 0.515625 0.201203 0.226562 0.0522461
0 0.188755 0.314453 0.123667 0.113281 0.0448608
0 0.0825803 0.345703 0.0834752 0.158203 0.0430298
0 0.177975 0.469727 0.201203 0.300781 0.0397949
0 0.240825 0.325684 0.117158 0.135742 0.0386047
0 0.106744 0.427612 0.123342 0.375244 0.0322876
0 0.137376 0.349609 0.151573 0.185547 0.0276337
0 0.964603 0.0418701 0.0689932 0.0681152 0.0272217
0 0.380764 0.150452 0.0611826 0.0946045 0.0246124
0 0.649577 0.145935 0.0546738 0.0723877 0.0211639
0 0.159303 0.319336 0.110649 0.123047 0.0162201
0 0.222275 0.417969 0.169879 0.34375 0.0157776
0 0.2405 0.473511 0.126271 0.25415 0.0148392
0 0.954189 0.0405273 0.0624844 0.0742188 0.011734
0 0.0831498 0.375 0.0878687 0.21875 0.0113297
0 0.252216 0.292725 0.100886 0.195801 0.0103302
0 0.162557 0.382812 0.278902 0.272461 0.00985718
0 0.267837 0.310059 0.115856 0.171875 0.0088501
0 0.110934 0.484375 0.105524 0.275391 0.00837708
0 0.119924 0.562012 0.0712712 0.136719 0.00734711
0 0.0802208 0.430176 0.0742002 0.185547 0.00712204
0 0.230574 0.510742 0.146773 0.224609 0.00712204
0 0.367747 0.158691 0.0631353 0.115234 0.00706482
0 0.604016 0.150146 0.0624844 0.0732422 0.0069313
0 0.300706 0.22998 0.05923 0.0957031 0.00614548
0 0.561709 0.155029 0.0442598 0.0605469 0.00566483
0 0.715967 0.0957031 0.0520703 0.0800781 0.00519943
0 0.21121 0.295166 0.166625 0.200684 0.00450516
0 0.291594 0.416138 0.523307 0.425537 0.00445175
0 0.160808 0.557617 0.288909 0.699219 0.00441742
0 0.423397 0.133057 0.0533721 0.0839844 0.00434875
0 0.37035 0.385498 0.7407 0.770996 0.00416565
0 0.193148 0.888672 0.386297 0.222656 0.00379562
0 0.564437 0.5 0.871126 1 0.00372124
0 0.454313 0.5 0.908627 1 0.0036068
0 0.486207 0.5 0.972413 1 0.00359344
0 0.349522 0.158691 0.0950283 0.169922 0.00353813
0 0.513543 0.879395 0.792771 0.241211 0.00344276
0 0.658652 0.5 0.682697 1 0.00340271
0 0.5 0.5 1 1 0.00333786
0 0.696565 0.871826 0.606869 0.256348 0.00325966
0 0.383368 0.894043 0.766735 0.211914 0.00318527
0 0.854078 0.86377 0.291844 0.272461 0.00317192
0 0.5 0.5 1 1 0.00299263
0 0.615856 0.5 0.768287 1 0.00291252
0 0.548165 0.53125 0.90367 0.9375 0.00277901
0 0.166462 0.441406 0.280203 0.376953 0.961426
0 0.450083 0.608887 0.405498 0.458008 0.526367
0 0.783007 0.707031 0.420468 0.585938 0.201172
0 0.353346 0.133911 0.535185 0.267822 0.189575
0 0.863065 0.0239258 0.0364492 0.0478516 0.112427
0 0.708156 0.617188 0.290292 0.398438 0.0987549
0 0.409077 0.140381 0.405498 0.280762 0.0891113
0 0.178992 0.468262 0.218695 0.316406 0.0715942
0 0.709458 0.694824 0.564963 0.583008 0.0603027
0 0.347569 0.155151 0.597507 0.310303 0.0574951
0 0.504106 0.59082 0.34041 0.40625 0.0562439
0 0.432835 0.537109 0.467331 0.615234 0.0552979
0 0.765434 0.641113 0.329345 0.411133 0.0544128
0 0.141403 0.38916 0.236594 0.289062 0.0528259
0 0.153282 0.356934 0.305262 0.477539 0.050415
0 0.219834 0.350342 0.169554 0.163574 0.0420837
0 0.323812 0.152222 0.622891 0.304443 0.0366211
0 0.613128 0.315918 0.0676914 0.0703125 0.0358276
0 0.248148 0.442871 0.126596 0.345703 0.0353394
0 0.626921 0.637695 0.746157 0.484375 0.0347595
0 0.818806 0.645996 0.35538 0.451172 0.032959
0 0.328694 0.205322 0.657388 0.410645 0.0326538
0 0.260352 0.347168 0.0846143 0.145508 0.0300446
0 0.213163 0.429565 0.188104 0.342041 0.0292053
0 0.339433 0.613281 0.638512 0.703125 0.0246124
0 0.419817 0.424805 0.472538 0.849609 0.0242767
0 0.431533 0.103271 0.352776 0.206543 0.0228424
0 0.216092 0.307861 0.42177 0.597168 0.0218658
0 0.33683 0.414795 0.67366 0.82959 0.0215302
0 0.945076 0.0429688 0.0533721 0.0615234 0.0175171
0 0.203725 0.470825 0.385971 0.45874 0.0174408
0 0.433485 0.159424 0.445201 0.308594 0.0171051
0 0.0953538 0.329834 0.151655 0.240723 0.0133743
0 0.167561 0.213867 0.319012 0.427734 0.0131226
0 0.580584 0.645996 0.234316 0.295898 0.0123367
0 0.54088 0.605469 0.277274 0.359375 0.0115967
0 0.97384 0.0473633 0.0523203 0.0664062 0.0109482
0 0.387598 0.119507 0.0865669 0.166748 0.0108566
0 0.157187 0.335449 0.261002 0.235352 0.0107346
0 0.52591 0.291748 0.0715967 0.0942383 0.00978088
0 0.541857 0.313477 0.113904 0.0839844 0.00812531
0 0.604016 0.156494 0.0455615 0.050293 0.00790405
0 0.138149 0.871094 0.243103 0.234375 0.0077858
0 0.466355 0.103271 0.232364 0.206543 0.00763702
0 0.681958 0.588379 0.219021 0.336914 0.00698471
0 0.164021 0.326904 0.280529 0.150879 0.0069313
0 0.794723 0.62207 0.268162 0.345703 0.0064888
0 0.170205 0.81543 0.311771 0.330078 0.00638962
0 0.604667 0.587402 0.218695 0.326172 0.00624084
0 0.469609 0.147949 0.328694 0.295898 0.00619125
0 0.163411 0.435059 0.27459 0.354492 0.729492
0 0.604667 0.626831 0.615731 0.656494 0.325928
0 0.550318 0.631714 0.435438 0.652588 0.147827
0 0.496295 0.562622 0.635909 0.73999 0.144653
0 0.615731 0.321289 0.075502 0.0830078 0.124207
0 0.380113 0.159668 0.048165 0.0683594 0.0692749
0 0.374906 0.151611 0.0579282 0.0742188 0.0609741
0 0.41461 0.443359 0.751114 0.886719 0.0552979
0 0.222601 0.397949 0.154909 0.293945 0.0438538
0 0.15556 0.400879 0.31112 0.453125 0.0437012
0 0.158814 0.592773 0.317629 0.716797 0.042572
0 0.155235 0.291992 0.310469 0.583984 0.0394897
0 0.110161 0.40625 0.206654 0.306641 0.0344849
0 0.241802 0.418457 0.114555 0.294922 0.0341797
0 0.527863 0.478027 0.667802 0.956055 0.0310211
0 0.254168 0.34668 0.0865669 0.15332 0.0270691
0 0.165811 0.470581 0.331623 0.492432 0.0213623
0 0.453663 0.40332 0.581886 0.806641 0.021286
0 0.684725 0.646484 0.0507686 0.0761719 0.0194244
0 0.190219 0.39856 0.380439 0.355225 0.0185852
0 0.530466 0.324463 0.0507686 0.0693359 0.0164642
0 0.169066 0.366211 0.338132 0.703125 0.0158997
0 0.524083 0.50293 0.951835 0.994141 0.014389
0 0.161093 0.614258 0.322185 0.771484 0.0142822
0 0.604667 0.455078 0.492064 0.878906 0.012146
0 0.790167 0.672974 0.408752 0.613037 0.0120544
0 0.575377 0.60791 0.346268 0.479492 0.0115509
0 0.0410867 0.854492 0.0821735 0.291016 0.0106506
0 0.699044 0.59082 0.506384 0.759766 0.01017
0 0.0171669 0.773438 0.0343339 0.453125 0.00993347
0 0.0161906 0.61438 0.0323812 0.77124 0.00948334
0 0.804486 0.542969 0.0468633 0.0664062 0.00933838
0 0.621552 0.884521 0.756897 0.230957 0.00908661
0 0.224879 0.452271 0.130827 0.279053 0.00901794
0 0.242778 0.32251 0.111951 0.174316 0.0086441
0 0.12985 0.882324 0.259701 0.235352 0.00857544
0 0.650879 0.166504 0.0416563 0.0551758 0.00821686
0 0.261084 0.283203 0.0896586 0.188477 0.00818634
0 0.486857 0.659546 0.744605 0.680908 0.00796509
0 0.191684 0.954102 0.383368 0.0917969 0.0078125
0 0.576679 0.953613 0.824013 0.0927734 0.0077858
0 0.243103 0.590698 0.486207 0.736572 0.00766754
0 0.245544 0.451294 0.0979573 0.265381 0.00757599
0 0.0787564 0.395386 0.142868 0.31665 0.00746155
0 0.547064 0.40332 0.456266 0.791016 0.00746155
0 0.408752 0.567993 0.812297 0.864014 0.00740433
0 0.190708 0.361328 0.206329 0.253906 0.00734711
0 0.0703763 0.960938 0.0467006 0.0546875 0.00734711
0 0.0710272 0.286621 0.130989 0.573242 0.00731659
0 0.581886 0.32959 0.17053 0.111328 0.00728989
0 0.157228 0.427612 0.26743 0.357666 0.677246
0 0.358634 0.580078 0.717269 0.800781 0.405518
0 0.250914 0.616699 0.478396 0.74707 0.403564
0 0.694776 0.638184 0.610449 0.686523 0.211426
0 0.119721 0.395508 0.196647 0.311523 0.184204
0 0.17769 0.610352 0.341711 0.738281 0.176636
0 0.575052 0.606567 0.824664 0.786865 0.125122
0 0.384669 0.498047 0.769339 0.996094 0.092041
0 0.0824989 0.342529 0.120738 0.19873 0.0817871
0 0.612477 0.317139 0.0650879 0.0766602 0.0562439
0 0.566265 0.59668 0.378812 0.400391 0.0544128
0 0.16272 0.49231 0.236269 0.265381 0.0486755
0 0.220811 0.342773 0.152631 0.202148 0.041626
0 0.155235 0.359863 0.268162 0.288086 0.0358276
0 0.0842888 0.429199 0.132779 0.318359 0.0305634
0 0.245219 0.313965 0.109022 0.167969 0.0279541
0 0.559756 0.733398 0.380113 0.427734 0.0258026
0 0.291919 0.373535 0.582537 0.546875 0.0239105
0 0.81425 0.0825195 0.0299404 0.0439453 0.02211
0 0.12383 0.554688 0.0839634 0.125 0.0215302
0 0.195915 0.313232 0.212837 0.17334 0.02034
0 0.52233 0.559448 0.382066 0.453369 0.0193787
0 0.198193 0.427734 0.20763 0.345703 0.0182648
0 0.164021 0.303223 0.321534 0.606445 0.0182343
0 0.492715 0.478027 0.717269 0.956055 0.0149002
0 0.071434 0.765137 0.10349 0.293945 0.0136337
0 0.376859 0.138672 0.0631353 0.0908203 0.012825
0 0.139776 0.251709 0.260026 0.376465 0.0126266
0 0.613128 0.158691 0.0468633 0.0585938 0.0124283
0 0.493692 0.791504 0.323487 0.374023 0.0120087
0 0.63721 0.161377 0.0468633 0.0639648 0.0118713
0 0.642417 0.641602 0.151004 0.182617 0.0112915
0 0.378486 0.592773 0.460171 0.462891 0.0107346
0 0.259375 0.28125 0.121714 0.209961 0.01017
0 0.621101 0.614258 0.379788 0.392578 0.0100937
0 0.0952724 0.599609 0.190545 0.75 0.00963593
0 0.104303 0.476562 0.176063 0.394531 0.00941467
0 0.0730612 0.67627 0.0637861 0.0839844 0.00933838
0 0.635708 0.5 0.728584 1 0.00923157
0 0.862415 0.0244141 0.0299404 0.0488281 0.00901794
0 0.467982 0.748047 0.208281 0.291016 0.00844574
0 0.0693186 0.391113 0.130176 0.27832 0.00837708
0 0.529165 0.5 0.938567 1 0.00834656
0 0.0665524 0.315186 0.120738 0.237793 0.00806427
0 0.614267 0.765137 0.372628 0.438477 0.00806427
0 0.87348 0.949219 0.109348 0.0859375 0.00803375
0 0.069644 0.708008 0.0732239 0.131836 0.00793457
0 0.0886823 0.576172 0.122691 0.228516 0.00766754
0 0.625006 0.698242 0.267837 0.433594 0.00757599
0 0.0343745 0.621094 0.0687491 0.722656 0.00743103
0 0.157025 0.436035 0.271091 0.371094 0.643555
0 0.157838 0.597656 0.315676 0.710938 0.414795
0 0.632654 0.683105 0.709458 0.633789 0.27832
0 0.718044 0.723145 0.563911 0.549805 0.147339
0 0.384995 0.654785 0.75567 0.676758 0.107788
0 0.174802 0.375488 0.236188 0.243164 0.0974121
0 0.111463 0.41748 0.184524 0.318359 0.0775146
0 0.617033 0.32373 0.0494668 0.0732422 0.0605164
0 0.232038 0.654297 0.464077 0.662109 0.0534058
0 0.535673 0.63916 0.515496 0.69043 0.0510864
0 0.542833 0.738281 0.38532 0.480469 0.0495911
0 0.164021 0.693848 0.328043 0.594727 0.0328369
0 0.223251 0.430664 0.150353 0.331055 0.0298157
0 0.537626 0.662109 0.350173 0.46875 0.0283356
0 0.255145 0.345215 0.0728984 0.137695 0.0270081
0 0.805788 0.549316 0.042958 0.0585938 0.0258636
0 0.18127 0.329102 0.218044 0.171875 0.0252686
0 0.0628098 0.350098 0.0930757 0.176758 0.0252228
0 0.511916 0.607422 0.37035 0.500977 0.0239563
0 0.718408 0.75293 0.429906 0.484375 0.0210114
0 0.147058 0.297852 0.291024 0.417969 0.0207214
0 0.194287 0.436523 0.218044 0.330078 0.0204468
0 0.552922 0.616211 0.288339 0.384766 0.0204468
0 0.0813599 0.361328 0.122691 0.234375 0.0192719
0 0.165486 0.815918 0.330972 0.348633 0.0175781
0 0.464077 0.70166 0.188755 0.31543 0.0172424
0 0.615731 0.312744 0.0598809 0.0869141 0.0154266
0 0.630051 0.743164 0.432184 0.498047 0.0154266
0 0.470911 0.587891 0.0878687 0.1875 0.0150146
0 0.8149 0.791016 0.364492 0.417969 0.0149002
0 0.626146 0.636719 0.0950283 0.220703 0.0144501
0 0.479698 0.796875 0.368397 0.396484 0.014061
0 0.62224 0.32959 0.0624844 0.0742188 0.0140076
0 0.0771292 0.411621 0.130827 0.321289 0.0139542
0 0.650879 0.769043 0.235618 0.426758 0.0138474
0 0.68863 0.654297 0.0494668 0.0800781 0.0136337
0 0.476443 0.750488 0.304611 0.483398 0.0127258
0 0.181921 0.290527 0.221299 0.264648 0.0126266
0 0.494668 0.666504 0.299404 0.356445 0.0126266
0 0.607921 0.665039 0.210885 0.308594 0.0121002
0 0.640465 0.164062 0.042958 0.0556641 0.0118713
0 0.805788 0.577637 0.0494668 0.0810547 0.0109482
0 0.471887 0.666016 0.277274 0.513672 0.00978088
0 0.313398 0.747559 0.626796 0.491211 0.00971222
0 0.613779 0.163818 0.0390527 0.0498047 0.00952148
0 0.84041 0.730957 0.319181 0.538086 0.00941467
0 0.818806 0.892578 0.354078 0.214844 0.00905609
0 0.675612 0.650391 0.0989336 0.185547 0.00857544
0 0.235944 0.814453 0.471887 0.355469 0.008255
0 0.780404 0.594727 0.0559756 0.0839844 0.00806427
0 0.667276 0.701172 0.665448 0.597656 0.639648
0 0.168578 0.435059 0.276624 0.369141 0.47168
0 0.619637 0.317871 0.0598809 0.0683594 0.149048
0 0.161093 0.602539 0.310469 0.703125 0.142212
0 0.533721 0.632812 0.817504 0.724609 0.0817871
0 0.339759 0.629883 0.674311 0.724609 0.0618896
0 0.776461 0.707031 0.447078 0.585938 0.0412292
0 0.221462 0.435059 0.179317 0.316406 0.0354004
0 0.617196 0.31543 0.072573 0.0810547 0.0270691
0 0.230248 0.625488 0.453988 0.729492 0.0246582
0 0.646448 0.591309 0.707105 0.80957 0.0220337
0 0.233828 0.390503 0.137661 0.211182 0.0193787
0 0.451059 0.691895 0.76283 0.604492 0.0184021
0 0.749612 0.551758 0.500776 0.896484 0.0153656
0 0.529815 0.325684 0.048165 0.0566406 0.0149002
0 0.476769 0.782715 0.384669 0.411133 0.0124817
0 0.169391 0.49231 0.264582 0.273193 0.0121918
0 0.693799 0.728516 0.612402 0.542969 0.0121002
0 0.101578 0.414551 0.175656 0.289062 0.0117798
0 0.157675 0.771973 0.303635 0.428711 0.0114212
0 0.165323 0.49231 0.330647 0.501709 0.0113297
0 0.650228 0.838867 0.482952 0.322266 0.00898743
0 0.249612 0.47937 0.48881 0.521729 0.00894928
0 0.549993 0.651855 0.360587 0.386719 0.00844574
0 0.260677 0.409302 0.152306 0.263428 0.00837708
0 0.833901 0.887939 0.332198 0.224121 0.00806427
0 0.546087 0.753906 0.402243 0.466797 0.00796509
0 0.879337 0.932129 0.240825 0.135742 0.00757599
0 0.479698 0.868652 0.423071 0.260742 0.00731659
0 0.83703 0.924805 0.320232 0.150391 0.00723267
0 0.622403 0.773926 0.35896 0.428711 0.00695801
0 0.828569 0.802734 0.339759 0.394531 0.00669098
0 0.686677 0.790039 0.449106 0.400391 0.00629044
0 0.154096 0.608887 0.293872 0.499023 0.00624084
0 0.684074 0.652344 0.0598809 0.0878906 0.00614548
0 0.0840041 0.382935 0.137905 0.210693 0.005867
0 0.23692 0.341309 0.16272 0.155273 0.00548935
0 0.614267 0.663086 0.232038 0.308594 0.00538635
0 0.801682 0.659302 0.396635 0.681396 0.00530243
0 0.180782 0.527832 0.258074 0.373047 0.00526047
0 0.579282 0.732422 0.299404 0.382812 0.00521851
0 0.660154 0.716797 0.296475 0.40625 0.00503922
0 0.479698 0.543457 0.0637861 0.104492 0.00475693
0 0.611663 0.702148 0.281505 0.34375 0.00469971
0 0.48523 0.726562 0.276624 0.375 0.00453949
0 0.173134 0.353271 0.262955 0.196777 0.00432968
0 0.713526 0.724609 0.387598 0.53125 0.00431442
0 0.202912 0.340088 0.206003 0.158691 0.00413513
0 0.143356 0.478516 0.257423 0.330078 0.00413513
0 0.463426 0.635742 0.242127 0.392578 0.00408554
0 0.152265 0.445435 0.273451 0.398193 0.628906
0 0.634244 0.699219 0.731512 0.601562 0.183594
0 0.5181 0.677612 0.779753 0.644775 0.0960083
0 0.599585 0.598633 0.800831 0.802734 0.0840454
0 0.61443 0.316895 0.0546738 0.0761719 0.0618896
0 0.251158 0.325439 0.0886823 0.193848 0.0394287
0 0.687328 0.637695 0.0494668 0.0644531 0.0290375
0 0.147261 0.265137 0.287363 0.352539 0.0280151
0 0.170693 0.28125 0.244405 0.290039 0.0248413
0 0.19803 0.331543 0.187779 0.201172 0.0238647
0 0.0984454 0.381836 0.156211 0.265625 0.0237274
0 0.23155 0.333008 0.119436 0.196289 0.0227661
0 0.524608 0.32666 0.0488159 0.0585938 0.0215759
0 0.233177 0.293945 0.124643 0.223633 0.0210876
0 0.520052 0.543457 0.717269 0.893555 0.0202179
0 0.364492 0.629028 0.728984 0.741943 0.0197601
0 0.165323 0.340088 0.243429 0.212402 0.0183411
0 0.711861 0.735352 0.576278 0.529297 0.0164642
0 0.63656 0.162598 0.0715967 0.0751953 0.0160217
0 0.184524 0.664551 0.369048 0.670898 0.0139542
0 0.620938 0.583008 0.0572773 0.0800781 0.0131226
0 0.6294 0.585938 0.0520703 0.0761719 0.0123367
0 0.635909 0.78125 0.0663897 0.0742188 0.0121002
0 0.687328 0.624023 0.0520703 0.0791016 0.0116882
0 0.0672033 0.331543 0.100886 0.166992 0.0115967
0 0.312747 0.720703 0.625495 0.558594 0.0115967
0 0.0884789 0.333008 0.133512 0.177734 0.0113297
0 0.155397 0.419922 0.310795 0.553711 0.011116
0 0.478071 0.65918 0.0462124 0.0800781 0.0104065
0 0.165974 0.228516 0.315025 0.457031 0.01017
0 0.16093 0.598145 0.32186 0.803711 0.00854492
0 0.486207 0.536621 0.037751 0.0449219 0.0085144
0 0.482301 0.725586 0.0520703 0.078125 0.00847626
0 0.0759088 0.955078 0.0821735 0.0625 0.00844574
0 0.638963 0.491211 0.722075 0.982422 0.00844574
0 0.254575 0.42041 0.0870551 0.339844 0.00806427
0 0.567566 0.735352 0.0572773 0.0996094 0.00790405
0 0.237896 0.826172 0.475792 0.34375 0.00784302
0 0.620288 0.679688 0.135383 0.236328 0.00772476
0 0.267837 0.349854 0.123667 0.249512 0.00723267
0 0.52949 0.299316 0.0735493 0.111328 0.00706482
0 0.157675 0.516479 0.315351 0.588135 0.0069313
0 0.55878 0.293945 0.119111 0.114258 0.0068512
0 0.678216 0.720215 0.0520703 0.0908203 0.00656509
0 0.617033 0.154785 0.0598809 0.0654297 0.00638962
0 0.620288 0.313965 0.0768037 0.0927734 0.00621796
0 0.275403 0.314453 0.136522 0.232422 0.00609589
0 0.512242 0.721191 0.0715967 0.113281 0.00582123
0 0.0615081 0.373291 0.0862415 0.208496 0.00579834
0 0.426977 0.744141 0.107395 0.119141 0.00568771
