0 0.475792 0.680664 0.411355 0.544922 0.630859
0 0.489461 0.597168 0.371001 0.34082 0.231567
0 0.531768 0.625 0.35538 0.404297 0.0603027
0 0.856557 0.724121 0.283783 0.536133 0.0190582
0 0.497922 0.587891 0.246032 0.328125 0.016922
0 0.578756 0.5 0.842487 1 0.0164032
0 0.101578 0.41748 0.182816 0.213867 0.0131226
0 0.642868 0.682617 0.714264 0.595703 0.012146
0 0.605317 0.5 0.684725 1 0.0118713
0 0.479372 0.615234 0.467982 0.708984 0.0110703
0 0.704414 0.614746 0.585466 0.723633 0.0107346
0 0.673134 0.5 0.653732 1 0.0107346
0 0.5 0.5 1 1 0.0088501
0 0.482301 0.714844 0.315025 0.46875 0.00803375
0 0.616507 0.511719 0.766985 0.976562 0.00790405
0 0.38109 0.738281 0.157513 0.416016 0.0069046
0 0.5 0.5 1 1 0.00634003
0 0.561834 0.5 0.876333 1 0.00619125
0 0.5 0.5 1 1 0.00612259
0 0.397687 0.904053 0.102839 0.117676 0.00609589
0 0.498573 0.568359 0.167927 0.285156 0.00595856
0 0.5 0.5 1 1 0.00577545
0 0.590798 0.5 0.818405 1 0.00547028
0 0.505858 0.5 0.988284 1 0.0053215
0 0.601575 0.531738 0.535999 0.870117 0.00503922
0 0.5 0.5 1 1 0.00486755
0 0.5 0.5 1 1 0.00486755
0 0.501177 0.782227 0.404847 0.416016 0.00453949
0 0.392155 0.842773 0.128223 0.214844 0.00429916
0 0.5 0.5 1 1 0.00419998
0 0.623542 0.73584 0.261653 0.493164 0.00390053
0 0.54804 0.709473 0.374906 0.581055 0.00345612
0 0.863065 0.924805 0.223902 0.121094 0.00344276
0 0.108371 0.434692 0.193311 0.292725 0.00292397
0 0.370025 0.555786 0.716618 0.80249 0.00271416
0 0.369048 0.854492 0.183548 0.222656 0.00259018
0 0.420468 0.82373 0.151004 0.290039 0.00250244
0 0.920343 0.549805 0.153607 0.269531 0.00221634
0 0.833901 0.691406 0.332198 0.617188 0.00204277
0 0.135383 0.279541 0.251239 0.484863 0.00191212
0 0.385971 0.890625 0.147099 0.158203 0.00186062
0 0.236269 0.587402 0.416563 0.750977 0.00186062
0 0.359285 0.345947 0.639163 0.491699 0.0018177
0 0.864367 0.0991211 0.242127 0.182129 0.00181007
0 0.24587 0.358643 0.431207 0.473145 0.0018034
0 0.378242 0.52063 0.44634 0.806396 0.00174141
0 0.627447 0.898682 0.16272 0.175293 0.0016613
0 0.376859 0.677246 0.693837 0.563477 0.0016613
0 0.182409 0.501953 0.345942 0.847656 0.00150108
0 0.371977 0.801758 0.19982 0.3125 0.00141048
0 0.485556 0.70752 0.372303 0.489258 0.439697
0 0.529815 0.673828 0.408752 0.568359 0.0321045
0 0.437391 0.595703 0.329345 0.707031 0.0256195
0 0.386297 0.861328 0.1113 0.177734 0.0247955
0 0.974491 0.530273 0.0510186 0.0751953 0.0165253
0 0.606093 0.5 0.787813 1 0.0156021
0 0.6484 0.463379 0.703199 0.926758 0.0137405
0 0.683548 0.539917 0.632904 0.789307 0.0129242
0 0.536324 0.782227 0.549342 0.435547 0.0118256
0 0.733666 0.523438 0.532669 0.953125 0.0113754
0 0.395084 0.791504 0.14059 0.30957 0.0107346
0 0.0310795 0.356201 0.0605317 0.0717773 0.00948334
0 0.455615 0.5 0.665198 1 0.00945282
0 0.575177 0.5 0.849647 1 0.00923157
0 0.43674 0.5 0.87348 1 0.00898743
0 0.966029 0.484375 0.0679414 0.125 0.00894928
0 0.5 0.5 1 1 0.0088501
0 0.652181 0.708008 0.0585791 0.0976562 0.00867462
0 0.654909 0.5 0.690182 1 0.00831604
0 0.775647 0.592773 0.448706 0.814453 0.00828552
0 0.373605 0.752441 0.747209 0.495117 0.00828552
0 0.45529 0.599609 0.297452 0.322266 0.008255
0 0.878161 0.62439 0.243679 0.751221 0.00809479
0 0.665486 0.835205 0.669028 0.32959 0.00803375
0 0.41819 0.145264 0.836379 0.290527 0.00790405
0 0.357658 0.532227 0.547389 0.880859 0.00787354
0 0.402243 0.13916 0.804486 0.27832 0.0078125
0 0.433811 0.750977 0.255795 0.388672 0.00769424
0 0.707956 0.184082 0.584088 0.368164 0.00754929
0 0.637861 0.147949 0.684725 0.295898 0.00748825
0 0.712837 0.226074 0.574325 0.452148 0.00740433
0 0.775159 0.822021 0.449682 0.355957 0.00737381
0 0.580584 0.572754 0.516798 0.823242 0.00734711
0 0.856031 0.823486 0.287938 0.353027 0.00706482
0 0.5 0.5 1 1 0.00634003
0 0.35538 0.834961 0.71076 0.330078 0.00621796
0 0.501502 0.722656 0.48881 0.554688 0.00619125
0 0.5 0.5 1 1 0.00616837
0 0.122203 0.500854 0.244405 0.965088 0.00559998
0 0.159465 0.104492 0.318931 0.208984 0.00557709
0 0.68863 0.76709 0.0728984 0.140625 0.00542831
0 0.930757 0.542969 0.104141 0.154297 0.00521851
0 0.404847 0.729492 0.57017 0.541016 0.00484848
0 0.481 0.5 0.961999 1 0.00484848
0 0.315025 0.272949 0.516798 0.492188 0.00471878
0 0.0733866 0.5 0.146773 1 0.00468063
0 0.895609 0.628906 0.0728984 0.105469 0.00453949
0 0.409728 0.726074 0.227157 0.479492 0.00443268
0 0.367177 0.36377 0.443737 0.666016 0.00438309
0 0.080709 0.602539 0.161418 0.794922 0.00428009
0 0.452686 0.672852 0.402894 0.513672 0.949707
0 0.930757 0.522461 0.137986 0.251953 0.151489
0 0.236269 0.121826 0.0637861 0.074707 0.109314
0 0.475142 0.651245 0.510289 0.601807 0.0709229
0 0.926852 0.559082 0.143193 0.371094 0.0446777
0 0.507686 0.595703 0.291594 0.269531 0.0438538
0 0.93674 0.496094 0.126521 0.18457 0.0408325
0 0.872178 0.802246 0.223902 0.334961 0.0316162
0 0.111788 0.477539 0.209908 0.333008 0.0287628
0 0.896385 0.438965 0.207229 0.445312 0.0236969
0 0.826616 0.73877 0.338457 0.477539 0.0223236
0 0.915787 0.602539 0.104141 0.132812 0.0212402
0 0.661293 0.946289 0.0963301 0.107422 0.0199432
0 0.54446 0.675781 0.337806 0.464844 0.0163422
0 0.182246 0.159912 0.088845 0.121094 0.0150757
0 0.869574 0.867676 0.208281 0.196289 0.0149002
0 0.481 0.746094 0.309818 0.367188 0.0130234
0 0.342932 0.727539 0.194125 0.339844 0.012146
0 0.863065 0.758789 0.260352 0.427734 0.0112457
0 0.372303 0.783691 0.153607 0.303711 0.0108185
0 0.691233 0.827637 0.0794072 0.0986328 0.0107803
0 0.693837 0.800293 0.075502 0.100586 0.0106506
0 0.645509 0.851074 0.192986 0.286133 0.00948334
0 0.916563 0.614746 0.166875 0.500977 0.00923157
0 0.547389 0.63916 0.278576 0.339844 0.0091629
0 0.398012 0.868164 0.105442 0.169922 0.00912476
0 0.173297 0.177734 0.0816853 0.0917969 0.00905609
0 0.142054 0.509644 0.27044 0.420166 0.00787354
0 0.233503 0.972656 0.051094 0.0507812 0.00769424
0 0.684725 0.73584 0.080709 0.151367 0.00734711
0 0.385971 0.853027 0.112602 0.188477 0.00728989
0 0.950734 0.481445 0.0985327 0.166016 0.00712204
0 0.52591 0.146057 0.0722476 0.0926514 0.00674438
0 0.632817 0.742188 0.205352 0.28125 0.00671768
0 0.354404 0.726562 0.202423 0.441406 0.00624084
0 0.682121 0.666992 0.080709 0.117188 0.00602722
0 0.1041 0.439941 0.18428 0.217773 0.00579834
0 0.891704 0.600098 0.11846 0.155273 0.00564194
0 0.704251 0.770508 0.101537 0.173828 0.00551224
0 0.639 0.87915 0.172157 0.187012 0.00534439
0 0.926852 0.469727 0.137986 0.199219 0.00518036
0 0.438692 0.583984 0.268162 0.235352 0.00518036
0 0.478396 0.558594 0.206979 0.197266 0.00516129
0 0.902769 0.574707 0.136685 0.166016 0.00516129
0 0.401592 0.626953 0.678216 0.693359 0.0051384
0 0.611175 0.963379 0.0846143 0.0732422 0.00511932
0 0.168578 0.188477 0.0943774 0.0703125 0.00486755
0 0.861113 0.679199 0.264257 0.493164 0.00479126
0 0.639 0.739746 0.466355 0.475586 0.00471878
0 0.679518 0.810547 0.131478 0.222656 0.00468063
0 0.504106 0.695312 0.452361 0.5 0.820312
0 0.719221 0.652344 0.558454 0.472656 0.0564575
0 0.62761 0.672852 0.74428 0.517578 0.0457764
0 0.589696 0.717285 0.304611 0.489258 0.0438538
0 0.232689 0.135254 0.0462124 0.0742188 0.0389709
0 0.0873805 0.465942 0.174761 0.296631 0.0269623
0 0.62224 0.771484 0.252541 0.4375 0.0266571
0 0.393782 0.881836 0.114555 0.162109 0.0170441
0 0.776135 0.67334 0.447729 0.380859 0.0157776
0 0.099259 0.525513 0.198518 0.470459 0.0150146
0 0.761653 0.584106 0.476693 0.605225 0.0149536
0 0.383693 0.808105 0.167276 0.305664 0.0146179
0 0.0608572 0.583984 0.0676914 0.105469 0.0145035
0 0.0584164 0.404785 0.113578 0.175781 0.0137405
0 0.372303 0.779297 0.219997 0.375 0.0118713
0 0.165974 0.207031 0.069644 0.0898438 0.0112457
0 0.635909 0.731445 0.209583 0.298828 0.0107346
0 0.493366 0.751953 0.357983 0.427734 0.0107346
0 0.0894959 0.626953 0.178992 0.746094 0.0104904
0 0.857983 0.495605 0.284033 0.504883 0.0102463
0 0.450408 0.583984 0.564963 0.753906 0.0102081
0 0.693837 0.758789 0.101537 0.214844 0.00974274
0 0.107395 0.35498 0.21479 0.557617 0.00948334
0 0.639814 0.84668 0.190057 0.306641 0.00937653
0 0.686026 0.820312 0.109348 0.234375 0.0086441
0 0.0584164 0.628906 0.116833 0.742188 0.0086441
0 0.0781868 0.504761 0.147587 0.388916 0.00854492
0 0.094052 0.5 0.188104 1 0.00847626
0 0.0964928 0.413574 0.192986 0.770508 0.00812531
0 0.920994 0.637695 0.134081 0.322266 0.00796509
0 0.450978 0.664551 0.472701 0.625977 0.00772476
0 0.0836379 0.862305 0.167276 0.275391 0.00763702
0 0.92177 0.543945 0.156461 0.362305 0.00725937
0 0.938042 0.519531 0.123917 0.318359 0.00701141
0 0.357983 0.728516 0.19266 0.427734 0.0069046
0 0.160116 0.979492 0.320232 0.0410156 0.00679779
0 0.213488 0.993164 0.426977 0.0136719 0.00669098
0 0.904196 0.34668 0.191608 0.544922 0.00664139
0 0.0506058 0.725586 0.101212 0.548828 0.00656509
0 0.476118 0.64209 0.219346 0.383789 0.00653839
0 0.468633 0.540039 0.31112 0.751953 0.00641251
0 0.92555 0.558594 0.135383 0.25 0.00629044
0 0.0588232 0.606934 0.111463 0.393555 0.00582123
0 0.547389 0.556152 0.348871 0.737305 0.00582123
0 0.237245 0.125427 0.0527212 0.0821533 0.00564194
0 0.84041 0.487305 0.319181 0.670898 0.00561905
0 0.874781 0.668945 0.23692 0.394531 0.00551224
0 0.904847 0.623047 0.190307 0.480469 0.00548935
0 0.521029 0.702148 0.535673 0.595703 0.00544739
0 0.0987709 0.317627 0.197542 0.635254 0.00534439
0 0.47742 0.698242 0.383368 0.492188 0.686035
0 0.930757 0.521484 0.137986 0.28125 0.218628
0 0.934662 0.407227 0.130176 0.488281 0.107422
0 0.23513 0.115479 0.0556501 0.0727539 0.0747681
0 0.579282 0.538086 0.602714 0.904297 0.0742188
0 0.195101 0.161682 0.129199 0.131714 0.0541992
0 0.946378 0.34668 0.101537 0.662109 0.0473328
0 0.948981 0.481567 0.100235 0.404053 0.0445862
0 0.921645 0.566895 0.153607 0.326172 0.0435181
0 0.232201 0.133789 0.067366 0.0976562 0.0428772
0 0.904722 0.569336 0.151004 0.210938 0.0424805
0 0.475223 0.64209 0.465867 0.686523 0.0408325
0 0.781706 0.67334 0.432184 0.614258 0.0394287
0 0.900816 0.510254 0.195264 0.532227 0.0294189
0 0.933485 0.370117 0.133029 0.642578 0.0284424
0 0.667802 0.686523 0.124969 0.304688 0.0272217
0 0.643068 0.708984 0.536324 0.554688 0.026001
0 0.643719 0.762207 0.18485 0.463867 0.025177
0 0.742002 0.49707 0.512893 0.994141 0.0250854
0 0.926651 0.347656 0.146698 0.695312 0.0243835
0 0.781706 0.707031 0.390527 0.398438 0.0233765
0 0.687328 0.696777 0.19266 0.358398 0.0222015
0 0.902118 0.605469 0.161418 0.207031 0.0212402
0 0.483603 0.760742 0.352776 0.384766 0.0200958
0 0.174436 0.162842 0.104792 0.126465 0.0193481
0 0.702949 0.232971 0.567566 0.465698 0.0191193
0 0.658527 0.289307 0.651204 0.567871 0.0165863
0 0.691233 0.64502 0.171832 0.246094 0.0159607
0 0.598971 0.452148 0.486532 0.884766 0.0156708
0 0.606619 0.5 0.766735 1 0.0155411
0 0.883243 0.474609 0.223902 0.414062 0.0150757
0 0.0982827 0.492188 0.180619 0.323242 0.012825
0 0.835729 0.584961 0.145797 0.177734 0.011116
0 0.632003 0.677246 0.187453 0.348633 0.00959778
0 0.86319 0.36084 0.273619 0.72168 0.00948334
0 0.492715 0.65332 0.270766 0.37207 0.00926971
0 0.396304 0.524414 0.621101 0.951172 0.00898743
0 0.176714 0.578247 0.350824 0.599365 0.00861359
0 0.930757 0.669434 0.131478 0.579102 0.0085144
0 0.195264 0.179443 0.154909 0.19043 0.00837708
0 0.706855 0.600098 0.182246 0.168945 0.00837708
0 0.413959 0.631348 0.243429 0.321289 0.00809479
0 0.52949 0.729492 0.412006 0.480469 0.00806427
0 0.0971437 0.449097 0.175086 0.213135 0.00790405
0 0.460822 0.616211 0.253843 0.300781 0.00787354
0 0.900816 0.665527 0.182246 0.34082 0.0077858
0 0.0568705 0.573242 0.0779428 0.117188 0.00757599
0 0.111788 0.529785 0.220973 0.392578 0.00723267
0 0.0611826 0.13324 0.0937266 0.215942 0.00666809
0 0.23871 0.529297 0.442272 0.695312 0.00661469
0 0.475792 0.718262 0.372303 0.479492 0.542969
0 0.141892 0.586426 0.283783 0.481445 0.0875854
0 0.0982827 0.479492 0.196565 0.316406 0.0856934
0 0.557803 0.73877 0.318931 0.487305 0.0690308
0 0.120087 0.523438 0.240174 0.353516 0.0680542
0 0.911881 0.526367 0.167927 0.320312 0.0440063
0 0.665849 0.703613 0.109348 0.295898 0.0440063
0 0.646811 0.708984 0.130501 0.263672 0.0427246
0 0.637699 0.76416 0.164347 0.354492 0.0427246
0 0.795374 0.665039 0.395734 0.527344 0.041687
0 0.634607 0.808105 0.199169 0.383789 0.0397949
0 0.908627 0.568359 0.0937266 0.189453 0.0365601
0 0.468958 0.614746 0.224553 0.260742 0.0360107
0 0.670405 0.732422 0.0911231 0.269531 0.0349426
0 0.103815 0.394043 0.20763 0.479492 0.0347595
0 0.802534 0.6875 0.374906 0.351562 0.0300446
0 0.479047 0.533325 0.193962 0.353271 0.0298767
0 0.4631 0.628052 0.42242 0.695068 0.0297546
0 0.51094 0.6875 0.493366 0.550781 0.0296478
0 0.619637 0.714844 0.16272 0.304688 0.0275269
0 0.749162 0.698242 0.279878 0.355469 0.0268097
0 0.546087 0.617188 0.0715967 0.18457 0.0229797
0 0.650228 0.672852 0.149702 0.325195 0.0228882
0 0.699044 0.681641 0.203074 0.337891 0.0222473
0 0.420468 0.612793 0.164021 0.224609 0.02211
0 0.906674 0.465332 0.177039 0.491211 0.0214844
0 0.896911 0.555664 0.195264 0.256836 0.0212097
0 0.554223 0.710449 0.241476 0.40918 0.0208893
0 0.0590673 0.453613 0.118135 0.254883 0.0202179
0 0.906024 0.580078 0.161418 0.199219 0.0187988
0 0.494668 0.516602 0.166625 0.253906 0.0187683
0 0.423722 0.711914 0.315025 0.439453 0.0186157
0 0.476769 0.563477 0.19266 0.195312 0.0177155
0 0.723777 0.716797 0.206979 0.351562 0.0170441
0 0.49597 0.424316 0.132779 0.18457 0.016922
0 0.613779 0.667969 0.143193 0.279297 0.0168457
0 0.159791 0.20459 0.0598809 0.0703125 0.0165863
0 0.472213 0.786133 0.333901 0.378906 0.0160217
0 0.858509 0.59668 0.246032 0.230469 0.0156708
0 0.899515 0.594727 0.085916 0.162109 0.0153046
0 0.847244 0.522461 0.305512 0.736328 0.0146179
0 0.520703 0.561523 0.114555 0.165039 0.0145569
0 0.17053 0.203613 0.0761528 0.0644531 0.0131226
0 0.128874 0.651245 0.257748 0.621338 0.0126266
0 0.684074 0.637207 0.615731 0.631836 0.0123825
0 0.423153 0.705078 0.485393 0.576172 0.0123367
0 0.946378 0.478027 0.104141 0.366211 0.0122375
0 0.917213 0.413574 0.165573 0.675781 0.0115967
0 0.516798 0.397949 0.0800581 0.113281 0.0114212
0 0.81425 0.631836 0.350173 0.244141 0.011116
0 0.496621 0.716797 0.410054 0.505859 0.776855
0 0.615731 0.71875 0.593602 0.527344 0.053009
0 0.704414 0.743164 0.549016 0.498047 0.0484924
0 0.76999 0.755859 0.412657 0.460938 0.0325317
0 0.624844 0.804688 0.210885 0.382812 0.0269165
0 0.657388 0.769531 0.130176 0.302734 0.0155411
0 0.48881 0.76123 0.322836 0.407227 0.0145035
0 0.613779 0.753906 0.206979 0.373047 0.0107803
0 0.563661 0.767578 0.337155 0.410156 0.0107346
0 0.650879 0.73584 0.169229 0.333008 0.00971222
0 0.754369 0.686523 0.476443 0.578125 0.00800323
0 0.530466 0.606445 0.411355 0.720703 0.00790405
0 0.954314 0.492676 0.091373 0.137695 0.00674438
0 0.453012 0.604004 0.272067 0.293945 0.00643921
0 0.923722 0.529297 0.152556 0.21875 0.00614548
0 0.434787 0.682617 0.298103 0.412109 0.00595856
0 0.687979 0.745117 0.183548 0.427734 0.00568771
0 0.89626 0.612305 0.0728984 0.117188 0.00561905
0 0.44813 0.678711 0.46668 0.595703 0.00534439
0 0.627447 0.533325 0.583188 0.898193 0.00488663
0 0.524608 0.579102 0.109999 0.181641 0.00453949
0 0.935763 0.492188 0.128473 0.142578 0.00431442
0 0.497272 0.561035 0.164672 0.18457 0.00395966
0 0.641604 0.840332 0.190382 0.319336 0.00395966
0 0.736144 0.720703 0.308517 0.412109 0.00392914
0 0.138963 0.584961 0.277925 0.516602 0.00385475
0 0.0974691 0.499023 0.194938 0.318359 0.00382423
0 0.469935 0.573242 0.209583 0.21875 0.0036068
0 0.486857 0.538086 0.19266 0.195312 0.00359344
0 0.589696 0.694336 0.233015 0.363281 0.00355148
0 0.366119 0.574707 0.635909 0.823242 0.00332451
0 0.0937266 0.457153 0.184524 0.238037 0.00327301
0 0.843539 0.616211 0.234316 0.189453 0.00324821
0 0.906474 0.589844 0.187052 0.341797 0.00323486
0 0.106419 0.576172 0.212837 0.475586 0.00321007
0 0.624681 0.699219 0.208607 0.333984 0.00318527
0 0.908627 0.57373 0.173134 0.213867 0.00316048
0 0.628749 0.898438 0.154909 0.199219 0.00305176
0 0.8149 0.675781 0.361889 0.324219 0.00286674
0 0.868272 0.85791 0.210885 0.249023 0.00282288
0 0.581886 0.806152 0.279878 0.379883 0.00281143
0 0.523958 0.824219 0.252541 0.242188 0.00268364
0 0.698844 0.32373 0.602313 0.637695 0.00261116
0 0.688793 0.694336 0.247009 0.337891 0.00259018
0 0.822711 0.819336 0.315025 0.333984 0.00232315
0 0.871527 0.896484 0.213488 0.164062 0.00232315
0 0.484986 0.746582 0.566102 0.506836 0.00226021
0 0.505082 0.524902 0.205678 0.268555 0.00209045
0 0.486857 0.402832 0.14059 0.143555 0.00205803
0 0.942923 0.470703 0.114154 0.175781 0.0020504
0 0.495319 0.708008 0.425675 0.490234 0.79834
0 0.93271 0.499512 0.132779 0.199219 0.183594
0 0.928153 0.529785 0.143193 0.277344 0.0820923
0 0.94768 0.478516 0.104141 0.181641 0.0720825
0 0.462124 0.594727 0.31112 0.302734 0.0386047
0 0.23692 0.131104 0.048165 0.0703125 0.0272217
0 0.7682 0.708984 0.447479 0.580078 0.0244751
0 0.470585 0.710449 0.315025 0.389648 0.0163422
0 0.630702 0.788086 0.188755 0.423828 0.0157776
0 0.68326 0.741211 0.372628 0.513672 0.0155411
0 0.625983 0.694336 0.177365 0.31543 0.0127716
0 0.650879 0.673828 0.127572 0.246094 0.0120087
0 0.494668 0.542969 0.174436 0.1875 0.0118256
0 0.90342 0.569824 0.177039 0.24707 0.0112915
0 0.184524 0.172302 0.123016 0.116333 0.0103683
0 0.668453 0.738281 0.607921 0.507812 0.00901794
0 0.541206 0.568359 0.0735493 0.144531 0.00854492
0 0.667802 0.694336 0.0963301 0.234375 0.00837708
0 0.604667 0.907959 0.0963301 0.184082 0.00793457
0 0.473189 0.528442 0.23692 0.384521 0.00763702
0 0.661293 0.546875 0.085916 0.0869141 0.00679779
0 0.616871 0.880859 0.120087 0.226562 0.00679779
0 0.683423 0.553223 0.121063 0.103516 0.00669098
0 0.801883 0.585449 0.395734 0.475586 0.00624084
0 0.941171 0.397461 0.114555 0.401367 0.00621796
0 0.321534 0.743652 0.122365 0.397461 0.00609589
0 0.576353 0.68457 0.289641 0.349609 0.00605011
0 0.712062 0.456055 0.135383 0.21875 0.00600433
0 0.717269 0.485352 0.205678 0.226562 0.00600433
0 0.366445 0.79834 0.139939 0.291992 0.00577545
0 0.932184 0.490234 0.135633 0.238281 0.00548935
0 0.0772105 0.459961 0.140427 0.283203 0.00471878
0 0.734191 0.540527 0.143193 0.108398 0.00471878
0 0.909077 0.519409 0.181845 0.467041 0.00462723
0 0.424048 0.605469 0.181595 0.255859 0.00457382
0 0.560081 0.541992 0.503129 0.800781 0.00439835
0 0.38109 0.717285 0.643719 0.522461 0.00418091
0 0.0367747 0.348877 0.0514194 0.0756836 0.00411606
0 0.490763 0.621582 0.47384 0.637695 0.00407028
0 0.0860787 0.4375 0.132454 0.207031 0.0039444
0 0.300055 0.65625 0.0781055 0.205078 0.00370789
0 0.480674 0.481445 0.188104 0.336914 0.0036068
0 0.285085 0.638672 0.0689932 0.15625 0.00359344
0 0.419166 0.690918 0.24473 0.424805 0.00353813
0 0.514194 0.380737 0.0885195 0.152588 0.00349617
0 0.282481 0.745117 0.0637861 0.242188 0.00349617
0 0.0672033 0.424927 0.116182 0.212646 0.00342941
0 0.321209 0.779297 0.0976318 0.283203 0.00340271
0 0.760227 0.542969 0.0989336 0.0976562 0.00335121
0 0.916438 0.59375 0.130176 0.175781 0.00335121
