0 0.738748 0.664062 0.300706 0.408203 0.625
0 0.768688 0.716797 0.393131 0.519531 0.172119
0 0.766573 0.54834 0.44813 0.862305 0.0276337
0 0.781706 0.841797 0.382717 0.316406 0.0153656
0 0.751765 0.621094 0.225204 0.311523 0.0130234
0 0.740049 0.183167 0.307215 0.313354 0.00993347
0 0.710071 0.5 0.579858 1 0.00881195
0 0.828569 0.748047 0.334552 0.503906 0.00844574
0 0.612602 0.5 0.774796 1 0.00809479
0 0.5 0.5 1 1 0.00769424
0 0.5 0.5 1 1 0.00751877
0 0.52213 0.5 0.95574 1 0.00706482
0 0.564925 0.5 0.87015 1 0.0068512
0 0.5 0.5 1 1 0.00616837
0 0.440645 0.5 0.88129 1 0.0055542
0 0.446503 0.5 0.893006 1 0.00534439
0 0.604792 0.5 0.790417 1 0.0053215
0 0.44455 0.5 0.889101 1 0.00469971
0 0.804486 0.677246 0.290292 0.436523 0.00457382
0 0.530917 0.510498 0.938167 0.979004 0.00445175
0 0.870225 0.835449 0.230411 0.317383 0.00428009
0 0.804486 0.170654 0.28899 0.341309 0.00379562
0 0.43316 0.593262 0.586442 0.78418 0.00363541
0 0.736795 0.758301 0.304611 0.483398 0.00317192
0 0.762179 0.236755 0.386622 0.27063 0.00304031
0 0.774546 0.788086 0.322836 0.416016 0.00298119
0 0.719221 0.704102 0.540229 0.564453 0.00282288
0 0.855255 0.221619 0.274671 0.285278 0.00256157
0 0.827392 0.541504 0.345216 0.916992 0.00222588
0 0.853953 0.173584 0.28118 0.347168 0.00198746
0 0.67366 0.526855 0.649577 0.858398 0.00194931
0 0.341142 0.90918 0.189894 0.138672 0.00193405
0 0.742002 0.894775 0.278576 0.202637 0.00192642
0 0.587218 0.567871 0.825565 0.821289 0.00177479
0 0.693186 0.958008 0.102839 0.0839844 0.00153637
0 0.83325 0.76123 0.3335 0.477539 0.00145531
0 0.2034 0.913086 0.136685 0.146484 0.00130939
0 0.182083 0.950195 0.0894959 0.0722656 0.00122547
0 0.517449 0.786133 0.0781055 0.0859375 0.00115108
0 0.338132 0.867188 0.192009 0.244141 0.00110722
0 0.722476 0.697754 0.275973 0.424805 0.748535
0 0.259131 0.605957 0.336993 0.694336 0.319092
0 0.7407 0.682617 0.230411 0.294922 0.0446777
0 0.513543 0.779297 0.0676914 0.0742188 0.033905
0 0.771292 0.678711 0.165323 0.259766 0.0299225
0 0.231225 0.555176 0.0907976 0.248047 0.0237732
0 0.687979 0.675781 0.212187 0.402344 0.0236053
0 0.758925 0.599609 0.190057 0.242188 0.0209656
0 0.232038 0.518555 0.119111 0.311523 0.0209198
0 0.368723 0.61377 0.42242 0.688477 0.0184326
0 0.287119 0.636597 0.257585 0.580322 0.0138474
0 0.281831 0.536011 0.251239 0.482666 0.0124817
0 0.700346 0.576172 0.122365 0.214844 0.0124283
0 0.699044 0.716797 0.180944 0.302734 0.0118713
0 0.291594 0.852539 0.0865669 0.138672 0.0115051
0 0.469284 0.5 0.69644 1 0.00974274
0 0.810995 0.708496 0.111951 0.210938 0.00963593
0 0.606782 0.76709 0.0569519 0.102539 0.00933838
0 0.767386 0.200195 0.0846143 0.118164 0.00831604
0 0.639163 0.206543 0.0989336 0.251953 0.008255
0 0.295499 0.804688 0.115856 0.234375 0.00818634
0 0.69579 0.961426 0.0624844 0.0771484 0.00772476
0 0.540192 0.498535 0.919617 0.99707 0.00760651
0 0.788665 0.648438 0.42267 0.455078 0.00754929
0 0.5 0.5 1 1 0.00734711
0 0.719872 0.554688 0.132779 0.168945 0.00706482
0 0.193636 0.822266 0.0468633 0.0664062 0.00706482
0 0.788865 0.594727 0.124969 0.176758 0.00614548
0 0.728984 0.211914 0.0585791 0.160156 0.00609589
0 0.796676 0.199219 0.0650879 0.103516 0.00602722
0 0.5 0.5 1 1 0.005867
0 0.69579 0.573242 0.308517 0.646484 0.00582123
0 0.659991 0.685547 0.122365 0.357422 0.00577545
0 0.32967 0.38269 0.14059 0.244385 0.00575256
0 0.452361 0.739258 0.706855 0.521484 0.00564194
0 0.333575 0.540527 0.543484 0.576172 0.00557709
0 0.223902 0.624512 0.447805 0.733398 0.00530243
0 0.770803 0.580078 0.387598 0.609375 0.00510025
0 0.518876 0.51416 0.962249 0.97168 0.00484848
0 0.611989 0.614258 0.486532 0.757812 0.00481033
0 0.299079 0.726562 0.181595 0.435547 0.00475693
0 0.244405 0.537109 0.467982 0.612305 0.0046463
0 0.214139 0.583984 0.0852651 0.144531 0.00462723
0 0.663897 0.199768 0.161418 0.275269 0.00438309
0 0.740049 0.552246 0.141892 0.144531 0.00429916
0 0.353102 0.364502 0.102188 0.210449 0.0042305
0 0.671056 0.687012 0.153607 0.407227 0.0042305
0 0.5 0.5 1 1 0.00418091
0 0.735618 0.849854 0.528764 0.300293 0.00407028
0 0.28476 0.890869 0.0813599 0.108887 0.00399017
0 0.72394 0.681641 0.304286 0.40625 0.996094
0 0.32967 0.475586 0.333901 0.462891 0.652344
0 0.693186 0.17041 0.217394 0.290039 0.40918
0 0.304286 0.619019 0.354078 0.670166 0.405518
0 0.700346 0.967773 0.0546738 0.0644531 0.395996
0 0.663897 0.175049 0.1484 0.269531 0.30249
0 0.854604 0.161133 0.200471 0.322266 0.256836
0 0.242778 0.602417 0.274671 0.521729 0.208862
0 0.613779 0.976562 0.042958 0.046875 0.203735
0 0.287038 0.543945 0.287688 0.501953 0.194946
0 0.252216 0.505859 0.209583 0.351562 0.168823
0 0.527212 0.975586 0.0546738 0.0488281 0.152588
0 0.556502 0.407227 0.223902 0.375 0.145142
0 0.706855 0.975098 0.0572773 0.0498047 0.115967
0 0.266209 0.463379 0.203074 0.30957 0.0888062
0 0.560081 0.516602 0.178992 0.15625 0.0875854
0 0.73289 0.637695 0.24473 0.322266 0.0778198
0 0.248636 0.492676 0.160767 0.251953 0.0663452
0 0.514194 0.764648 0.0702949 0.0976562 0.0614319
0 0.181921 0.969727 0.0553247 0.0566406 0.0579224
0 0.888575 0.162842 0.222851 0.325684 0.0568542
0 0.504431 0.407715 0.335854 0.394531 0.0566406
0 0.393212 0.590332 0.559593 0.663086 0.0554199
0 0.827918 0.211182 0.145797 0.168457 0.0474243
0 0.973189 0.597168 0.0536221 0.116211 0.0421753
0 0.832474 0.171875 0.222601 0.265625 0.0399475
0 0.7036 0.720703 0.352776 0.519531 0.0332031
0 0.947029 0.585938 0.0937266 0.111328 0.0311432
0 0.952887 0.546875 0.0781055 0.0742188 0.0283813
0 0.745907 0.220947 0.18485 0.188965 0.0271149
0 0.507686 0.765625 0.064437 0.078125 0.0259552
0 0.388249 0.456909 0.216092 0.394775 0.0248871
0 0.55943 0.59082 0.194613 0.273438 0.0197144
0 0.879988 0.229492 0.114555 0.206055 0.0195618
0 0.593602 0.536621 0.101537 0.115234 0.0189056
0 0.975793 0.622559 0.048415 0.168945 0.0183716
0 0.794072 0.164612 0.393131 0.327026 0.0177765
0 0.723126 0.193604 0.256446 0.261719 0.0175171
0 0.423722 0.921875 0.0715967 0.0820312 0.016922
0 0.894308 0.0532227 0.0963301 0.106445 0.0162811
0 0.633956 0.246094 0.0885195 0.142578 0.0154877
0 0.719872 0.818848 0.290292 0.352539 0.0154877
0 0.858509 0.218689 0.152306 0.216919 0.0126724
0 0.626146 0.974609 0.0585791 0.046875 0.0125732
0 0.435113 0.59375 0.0761528 0.105469 0.0125275
0 0.553573 0.72168 0.160767 0.171875 0.0122375
0 0.124481 0.34375 0.182897 0.144531 0.0121918
0 0.974366 0.648926 0.0468633 0.166992 0.0113297
0 0.7778 0.719727 0.436089 0.533203 0.0111618
0 0.949632 0.618164 0.0872178 0.160156 0.0102463
0 0.734191 0.677734 0.265559 0.398438 0.884766
0 0.284109 0.607544 0.309168 0.6521 0.0727539
0 0.753718 0.172485 0.372303 0.344971 0.0526123
0 0.715967 0.196045 0.269464 0.305176 0.0522461
0 0.216092 0.418701 0.432184 0.837402 0.051178
0 0.268894 0.491211 0.369537 0.982422 0.0419312
0 0.700346 0.691895 0.315025 0.481445 0.0400085
0 0.285166 0.483398 0.379951 0.648438 0.0368958
0 0.67545 0.188049 0.242452 0.332886 0.0360107
0 0.760227 0.6875 0.190057 0.322266 0.0333252
0 0.252866 0.539062 0.169229 0.28125 0.0271759
0 0.794072 0.727539 0.122365 0.216797 0.0247498
0 0.721825 0.242188 0.316327 0.374023 0.0231018
0 0.228784 0.631836 0.0728984 0.0898438 0.0222015
0 0.332274 0.665039 0.0702949 0.111328 0.0214844
0 0.661293 0.180908 0.174436 0.338379 0.0186462
0 0.326741 0.700195 0.0683423 0.113281 0.0178528
0 0.254168 0.477539 0.196565 0.363281 0.0177155
0 0.722476 0.514648 0.33325 0.78125 0.0173798
0 0.787564 0.235596 0.0989336 0.190918 0.0154266
0 0.699044 0.960938 0.0611826 0.0742188 0.0145569
0 0.168415 0.964355 0.0797327 0.0712891 0.014389
0 0.287363 0.645508 0.25189 0.529297 0.0143356
0 0.770641 0.260193 0.38532 0.432739 0.0142822
0 0.757623 0.233887 0.160116 0.210938 0.0142288
0 0.252216 0.358887 0.481 0.717773 0.0142288
0 0.704251 0.188538 0.367096 0.343628 0.0139542
0 0.85135 0.17041 0.213488 0.34082 0.0124283
0 0.783658 0.652832 0.42958 0.49707 0.012146
0 0.795374 0.216553 0.182246 0.242676 0.0117798
0 0.7407 0.792969 0.275973 0.400391 0.0103302
0 0.362458 0.60437 0.403708 0.726807 0.01017
0 0.653482 0.228516 0.137986 0.241699 0.00941467
0 0.32186 0.482422 0.228459 0.460938 0.00912476
0 0.24229 0.570312 0.148075 0.181641 0.00874329
0 0.876083 0.20874 0.151004 0.258301 0.00837708
0 0.0209908 0.967773 0.0419817 0.0644531 0.00812531
0 0.462694 0.50769 0.609385 0.539307 0.00775528
0 0.195589 0.823242 0.0611826 0.0800781 0.00763702
0 0.613779 0.959961 0.0416563 0.0664062 0.00706482
0 0.683423 0.714355 0.19266 0.362305 0.00664139
0 0.620288 0.588867 0.584489 0.759766 0.00664139
0 0.895609 0.233887 0.105442 0.195312 0.00658798
0 0.581235 0.462036 0.6665 0.626709 0.00616837
0 0.311852 0.497559 0.301845 0.5 0.00595856
0 0.00508499 0.630005 0.01017 0.73999 0.00570679
0 0.663246 0.666992 0.449106 0.568359 0.00568771
0 0.343664 0.657227 0.0872178 0.148438 0.00547028
0 0.648275 0.794434 0.136685 0.186523 0.00530243
0 0.00496295 0.447266 0.0099259 0.894531 0.00516129
0 0.728984 0.671875 0.265559 0.386719 0.862793
0 0.391178 0.584961 0.477745 0.716797 0.436768
0 0.320558 0.578613 0.324789 0.709961 0.35498
0 0.699044 0.963867 0.0572773 0.0722656 0.228149
0 0.253924 0.471191 0.196403 0.407227 0.104858
0 0.285085 0.449341 0.246683 0.386475 0.0841675
0 0.255063 0.498047 0.178504 0.28418 0.0809326
0 0.768037 0.674805 0.37751 0.361328 0.0713501
0 0.178015 0.960938 0.0637861 0.0761719 0.0570679
0 0.250588 0.538086 0.171181 0.237305 0.0469055
0 0.752579 0.188477 0.390202 0.32373 0.044281
0 0.163859 0.961914 0.0598809 0.0683594 0.0408325
0 0.715316 0.200256 0.25905 0.292847 0.0401001
0 0.467006 0.554688 0.746558 0.759766 0.0381165
0 0.747209 0.69043 0.226506 0.286133 0.0376892
0 0.357251 0.483887 0.36075 0.47168 0.0265503
0 0.786262 0.230469 0.137986 0.196289 0.026062
0 0.24587 0.557617 0.138963 0.240234 0.0253754
0 0.42242 0.466309 0.675612 0.693359 0.023819
0 0.251239 0.640137 0.219997 0.532227 0.0232849
0 0.722476 0.21344 0.203074 0.241089 0.0223694
0 0.615731 0.958984 0.0520703 0.0742188 0.0199432
0 0.673009 0.692871 0.357983 0.405273 0.0191193
0 0.229598 0.53418 0.140264 0.205078 0.0177765
0 0.91058 0.588379 0.175737 0.208008 0.0161591
0 0.688793 0.650391 0.288665 0.357422 0.0157776
0 0.728984 0.784668 0.265559 0.405273 0.0155411
0 0.522981 0.768555 0.0839634 0.09375 0.0149002
0 0.824013 0.171387 0.23692 0.323242 0.0148392
0 0.825965 0.220215 0.235618 0.237793 0.0146713
0 0.648926 0.227783 0.131478 0.22998 0.0145035
0 0.953663 0.591797 0.0926748 0.189453 0.0145035
0 0.69644 0.942383 0.0846143 0.115234 0.0136337
0 0.756321 0.733398 0.200471 0.208984 0.0132751
0 0.311446 0.362793 0.182897 0.24707 0.0131226
0 0.948456 0.5625 0.103089 0.142578 0.0131226
0 0.201447 0.575684 0.07778 0.113281 0.012825
0 0.894308 0.65625 0.208281 0.34375 0.0122375
0 0.665849 0.186279 0.173134 0.307129 0.012146
0 0.140427 0.672852 0.0387273 0.0546875 0.0112457
0 0.73533 0.496094 0.419491 0.750977 0.0110703
0 0.657388 0.959961 0.114555 0.0761719 0.0110321
0 0.710109 0.843262 0.196565 0.313477 0.0101318
0 0.106419 0.591797 0.0397036 0.0527344 0.0100098
0 0.786224 0.703125 0.427552 0.484375 0.00997162
0 0.485881 0.26001 0.790818 0.52002 0.00993347
0 0.234805 0.593262 0.357658 0.731445 0.00912476
0 0.42299 0.374756 0.546901 0.749512 0.00898743
0 0.312422 0.382812 0.267511 0.282227 0.00867462
0 0.757911 0.435059 0.484178 0.870117 0.00857544
0 0.724428 0.692383 0.261653 0.421875 0.890137
0 0.687491 0.708984 0.340735 0.472656 0.317383
0 0.251239 0.510254 0.193311 0.310547 0.246582
0 0.276624 0.472168 0.219346 0.359375 0.185303
0 0.294197 0.565308 0.270115 0.648682 0.12146
0 0.293465 0.717285 0.304774 0.514648 0.115356
0 0.251239 0.639648 0.373605 0.654297 0.112976
0 0.235618 0.545898 0.151004 0.222656 0.0592041
0 0.320883 0.402832 0.145797 0.251953 0.0409241
0 0.229109 0.618164 0.0989336 0.119141 0.0409241
0 0.299079 0.438477 0.215441 0.34082 0.0368347
0 0.185501 0.578613 0.0449106 0.125 0.0367737
0 0.697091 0.970703 0.0468633 0.0585938 0.035675
0 0.261653 0.662598 0.228459 0.518555 0.0346069
0 0.706855 0.599609 0.23692 0.21875 0.0342407
0 0.285166 0.454224 0.290129 0.448975 0.0323486
0 0.33325 0.384888 0.117158 0.218506 0.0301514
0 0.788214 0.650391 0.113253 0.244141 0.0217438
0 0.332274 0.855469 0.224553 0.265625 0.0189056
0 0.256121 0.700195 0.302659 0.599609 0.0167847
0 0.773244 0.181396 0.325439 0.362793 0.0155411
0 0.723126 0.771484 0.285085 0.445312 0.0125275
0 0.558454 0.489258 0.19266 0.216797 0.0119629
0 0.140264 0.673828 0.0410054 0.0625 0.0118713
0 0.738097 0.668457 0.216092 0.308594 0.0113297
0 0.678867 0.205811 0.196565 0.313965 0.0104904
0 0.706855 0.584961 0.182246 0.195312 0.0100098
0 0.774546 0.226074 0.117158 0.150391 0.00985718
0 0.56301 0.521973 0.183548 0.160156 0.00985718
0 0.344966 0.338135 0.0787564 0.140137 0.00978088
0 0.275973 0.702637 0.177039 0.487305 0.00948334
0 0.803185 0.235352 0.205678 0.175781 0.00926971
0 0.520703 0.775391 0.0963301 0.101562 0.00926971
0 0.743304 0.214844 0.0650879 0.131836 0.00878143
0 0.605317 0.544922 0.0637861 0.105469 0.00878143
0 0.23692 0.729004 0.382066 0.516602 0.00878143
0 0.946378 0.537109 0.0546738 0.0507812 0.00844574
0 0.341711 0.399414 0.240174 0.251953 0.00775528
0 0.64437 0.279297 0.0963301 0.138672 0.00769424
0 0.186802 0.875244 0.120413 0.19873 0.00746155
0 0.714665 0.865234 0.221299 0.269531 0.00734711
0 0.878687 0.120361 0.0963301 0.240723 0.00706482
0 0.178178 0.957031 0.0689932 0.078125 0.00682449
0 0.162882 0.962891 0.0719221 0.0683594 0.00674438
0 0.605317 0.562988 0.0624844 0.0957031 0.00669098
0 0.214139 0.583984 0.123667 0.212891 0.00653839
0 0.714665 0.638184 0.412657 0.62793 0.00634003
0 0.735493 0.234131 0.109348 0.209473 0.00624084
0 0.760227 0.241211 0.24473 0.227539 0.00591278
0 0.18306 0.853516 0.320558 0.269531 0.00591278
0 0.728984 0.675781 0.260352 0.384766 0.847168
0 0.721825 0.203064 0.344966 0.296997 0.142456
0 0.71857 0.204346 0.262955 0.264648 0.0552063
0 0.709458 0.704102 0.325439 0.478516 0.0512695
0 0.284434 0.632935 0.331297 0.644287 0.044281
0 0.247497 0.543945 0.176063 0.244141 0.0409241
0 0.294197 0.523315 0.326741 0.44751 0.0341797
0 0.234642 0.59375 0.115206 0.15625 0.024704
0 0.338538 0.550903 0.359122 0.532959 0.0245667
0 0.26027 0.608398 0.195426 0.314453 0.0196838
0 0.773081 0.173828 0.419491 0.347656 0.0167847
0 0.239361 0.578125 0.147424 0.160156 0.0167236
0 0.71857 0.228027 0.255145 0.167969 0.0153046
0 0.260352 0.515137 0.206329 0.300781 0.0151901
0 0.784309 0.632812 0.136685 0.214844 0.0124283
0 0.761528 0.222168 0.166625 0.142578 0.0105667
0 0.461148 0.621582 0.621589 0.709961 0.01017
0 0.721825 0.48584 0.356682 0.761719 0.00971222
0 0.697742 0.967285 0.0676914 0.0654297 0.00891876
0 0.774546 0.728516 0.403545 0.542969 0.00806427
0 0.768037 0.235107 0.235618 0.186035 0.00787354
0 0.232038 0.71875 0.252541 0.53125 0.00698471
0 0.779753 0.677246 0.145797 0.260742 0.0069046
0 0.731588 0.831055 0.305913 0.337891 0.0069046
0 0.560976 0.696289 0.635421 0.568359 0.0068512
0 0.240988 0.664185 0.457242 0.624756 0.00609589
0 0.721825 0.92334 0.166625 0.15332 0.00568771
0 0.139614 0.671387 0.0403545 0.0585938 0.00547028
0 0.648275 0.734375 0.415261 0.53125 0.00527954
0 0.100886 0.59082 0.0572773 0.0488281 0.00477219
0 0.722476 0.281982 0.299404 0.350098 0.00468063
0 0.750463 0.207581 0.218695 0.16687 0.00448608
0 0.535673 0.458496 0.7407 0.916992 0.00445175
0 0.824013 0.231201 0.23692 0.191895 0.00441742
0 0.348546 0.439331 0.373605 0.515869 0.00432968
0 0.868272 0.886719 0.218695 0.226562 0.00429916
0 0.310469 0.699219 0.0624844 0.101562 0.00407028
0 0.514845 0.765625 0.0833125 0.0839844 0.00407028
0 0.721825 0.776367 0.260352 0.423828 0.00395966
0 0.56301 0.280029 0.702949 0.558105 0.00376511
0 0.294197 0.414917 0.216743 0.26001 0.00353813
0 0.17053 0.958008 0.106744 0.0683594 0.00351143
0 0.658039 0.196533 0.188755 0.290527 0.00337601
0 0.7407 0.583984 0.197867 0.189453 0.00332451
0 0.717269 0.575684 0.151004 0.178711 0.00319672
0 0.782357 0.586426 0.135383 0.168945 0.00302696
0 0.880639 0.188965 0.141892 0.256836 0.00298119
0 0.188104 0.823242 0.0686677 0.0722656 0.00298119
0 0.462449 0.373047 0.612477 0.738281 0.00282288
0 0.880639 0.220459 0.124969 0.17334 0.00279999
0 0.71857 0.676758 0.273369 0.400391 0.87207
0 0.258724 0.491211 0.195915 0.380859 0.223389
0 0.293221 0.491211 0.302008 0.480469 0.179565
0 0.877385 0.158691 0.128874 0.317383 0.160278
0 0.291675 0.598145 0.317466 0.69043 0.145386
0 0.249938 0.536133 0.165974 0.28125 0.0963745
0 0.894308 0.0981445 0.085916 0.196289 0.0769653
0 0.6665 0.203857 0.153607 0.302246 0.0436096
0 0.758274 0.170898 0.361889 0.341797 0.0403748
0 0.332518 0.596802 0.462287 0.70874 0.0348206
0 0.901467 0.154175 0.158814 0.30835 0.0292511
0 0.69644 0.198486 0.226506 0.338379 0.0279541
0 0.889101 0.153381 0.0963301 0.304565 0.0270081
0 0.787564 0.19043 0.130176 0.158691 0.0261078
0 0.273044 0.441528 0.214139 0.37085 0.0248413
0 0.787564 0.194824 0.0950283 0.118164 0.0243378
0 0.768688 0.191406 0.109348 0.112305 0.0223236
0 0.899515 0.138184 0.101537 0.276367 0.021286
0 0.158326 0.966797 0.0624844 0.0585938 0.0187683
0 0.26263 0.628906 0.205678 0.498047 0.0156708
0 0.760227 0.175293 0.132779 0.172363 0.0143356
0 0.804486 0.156982 0.283783 0.313965 0.0128708
0 0.242452 0.573242 0.141892 0.213867 0.0123367
0 0.333901 0.452637 0.374906 0.435547 0.0123367
0 0.328775 0.533691 0.353915 0.545898 0.0105667
0 0.68147 0.708984 0.338457 0.472656 0.00908661
0 0.217068 0.588867 0.10349 0.128906 0.0088501
0 0.604667 0.546875 0.0781055 0.126953 0.00874329
0 0.896911 0.041687 0.0833125 0.083374 0.00790405
0 0.579282 0.541016 0.134081 0.142578 0.00712204
0 0.656086 0.168457 0.109348 0.27832 0.00695801
0 0.173785 0.955078 0.0891704 0.0742188 0.0068779
0 0.315676 0.665039 0.0781055 0.308594 0.006073
0 0.67968 0.18042 0.494343 0.36084 0.00605011
0 0.327392 0.391724 0.105442 0.241943 0.00568771
0 0.48881 0.663574 0.588395 0.526367 0.00557709
0 0.560407 0.522461 0.167927 0.183594 0.00534439
0 0.382066 0.498169 0.433485 0.4646 0.00527954
0 0.557152 0.612305 0.18485 0.314453 0.00519943
0 0.950934 0.524414 0.0585791 0.0507812 0.00500107
0 0.140915 0.673828 0.0371001 0.0566406 0.00500107
0 0.187779 0.822754 0.0631353 0.0683594 0.00488663
0 0.705553 0.584961 0.153607 0.228516 0.00452042
0 0.753718 0.156006 0.304611 0.274902 0.00450516
0 0.519401 0.761719 0.104792 0.105469 0.00450516
0 0.31112 0.774902 0.080709 0.15332 0.00446701
0 0.645672 0.239258 0.122365 0.216797 0.00441742
0 0.276949 0.700195 0.249938 0.476562 0.00438309
0 0.528514 0.977539 0.0442598 0.0390625 0.00408554
0 0.213814 0.609863 0.10349 0.144531 0.00388527
