0 0.25547 0.406128 0.0683423 0.076416 0.514648
0 0.528514 0.482422 0.0781055 0.0976562 0.327637
0 0.302008 0.265137 0.0468633 0.0576172 0.0742188
0 0.25905 0.385742 0.0781055 0.105469 0.0541992
0 0.528514 0.467773 0.0898213 0.146484 0.0472412
0 0.525585 0.29834 0.0566265 0.0703125 0.0360107
0 0.307215 0.245117 0.0624844 0.0703125 0.0268097
0 0.52591 0.341064 0.0598809 0.0571289 0.0261078
0 0.359936 0.413086 0.0494668 0.0546875 0.0127258
0 0.532419 0.509766 0.0839634 0.250977 0.00874329
0 0.557277 0.5 0.885445 1 0.00712204
0 0.5 0.5 1 1 0.00674438
0 0.5 0.5 1 1 0.00674438
0 0.470585 0.5 0.941171 1 0.00634003
0 0.557277 0.5 0.885445 1 0.00600433
0 0.295499 0.268555 0.0598809 0.081543 0.00591278
0 0.663371 0.581787 0.673259 0.836426 0.005867
0 0.0740375 0.609375 0.0829871 0.0839844 0.0055542
0 0.519727 0.499512 0.107395 0.179688 0.0053215
0 0.0824175 0.614258 0.0623217 0.0800781 0.0053215
0 0.5 0.5 1 1 0.00527954
0 0.37751 0.591797 0.217394 0.228516 0.00496292
0 0.382066 0.530273 0.0781055 0.164062 0.00494385
0 0.5 0.5 1 1 0.00477219
0 0.844841 0.545898 0.0728984 0.0800781 0.00475693
0 0.535636 0.5 0.928729 1 0.00475693
0 0.638637 0.612305 0.722726 0.775391 0.00471878
0 0.667601 0.554688 0.664797 0.890625 0.00466537
0 0.5 0.5 1 1 0.00438309
0 0.32609 0.369873 0.1113 0.129395 0.00356483
0 0.431533 0.599609 0.0885195 0.162109 0.00351143
0 0.305913 0.32666 0.195264 0.148438 0.00327301
0 0.517774 0.484375 0.139939 0.203125 0.00312424
0 0.388249 0.494141 0.112602 0.123047 0.00305176
0 0.226343 0.364014 0.154584 0.0952148 0.00282288
0 0.432753 0.502075 0.365957 0.443115 0.00265312
0 0.393131 0.223633 0.0436089 0.0551758 0.00243378
0 0.344966 0.371338 0.135383 0.14209 0.00232315
0 0.37035 0.21582 0.0911231 0.0625 0.00206757
0 0.401592 0.609375 0.166625 0.21875 0.00201988
0 0.532094 0.410278 0.198518 0.368896 0.00200272
0 0.547715 0.325195 0.116507 0.650391 0.00192642
0 0.356682 0.618652 0.196565 0.140625 0.00183868
0 0.366119 0.647949 0.149051 0.114258 0.00183868
0 0.838332 0.535645 0.0872178 0.0976562 0.00168705
0 0.300381 0.966797 0.069644 0.0664062 0.00166798
0 0.365794 0.323486 0.193962 0.646973 0.0016489
0 0.0627285 0.601562 0.114717 0.109375 0.00154305
0 0.546738 0.365967 0.200471 0.280762 0.0014782
0 0.386297 0.469727 0.105442 0.171875 0.00142097
0 0.253843 0.389648 0.0689932 0.0966797 0.774414
0 0.838332 0.520508 0.085916 0.126953 0.436768
0 0.352451 0.394531 0.0650879 0.0625 0.395996
0 0.534697 0.453125 0.080709 0.121094 0.384033
0 0.300706 0.246826 0.0572773 0.0712891 0.321777
0 0.535022 0.34082 0.0676914 0.0917969 0.235107
0 0.0851024 0.609375 0.064437 0.0761719 0.141724
0 0.467331 0.223877 0.0520703 0.0551758 0.124634
0 0.531117 0.361328 0.080709 0.125977 0.11676
0 0.453012 0.574707 0.048165 0.0791016 0.112427
0 0.531768 0.310059 0.0585791 0.0830078 0.109314
0 0.596856 0.218506 0.075502 0.0996094 0.0994873
0 0.382066 0.220459 0.0533721 0.0634766 0.0927124
0 0.31112 0.959961 0.0728984 0.078125 0.0817871
0 0.291919 0.27417 0.0501177 0.106934 0.0628052
0 0.922946 0.506836 0.048165 0.0839844 0.0456848
0 0.456266 0.23291 0.0546738 0.0703125 0.0440063
0 0.356682 0.379761 0.0702949 0.0861816 0.0437012
0 0.638512 0.162598 0.0728984 0.129883 0.0414734
0 0.717269 0.247803 0.0624844 0.081543 0.0407715
0 0.378812 0.664062 0.0663897 0.09375 0.0345459
0 0.366119 0.406128 0.0794072 0.0666504 0.0325928
0 0.701648 0.230469 0.0598809 0.0732422 0.0306702
0 0.535673 0.317627 0.075502 0.130371 0.0303802
0 0.345291 0.634766 0.109999 0.130859 0.0283356
0 0.639814 0.420898 0.0546738 0.0644531 0.0281067
0 0.669754 0.155762 0.0572773 0.0605469 0.0275269
0 0.610524 0.173828 0.0989336 0.163086 0.0266113
0 0.372303 0.219971 0.0689932 0.0917969 0.0241394
0 0.29257 0.32373 0.152306 0.212891 0.0230255
0 0.216417 0.222656 0.0468633 0.0595703 0.0228882
0 0.521354 0.428711 0.104792 0.157227 0.0226746
0 0.33325 0.586914 0.119762 0.205078 0.0223236
0 0.189731 0.345947 0.069644 0.0737305 0.0210419
0 0.723777 0.459473 0.0494668 0.0810547 0.0202484
0 0.818806 0.46582 0.080709 0.167969 0.0195618
0 0.593602 0.17572 0.110649 0.180786 0.019455
0 0.92555 0.49707 0.0572773 0.0898438 0.0191193
0 0.5923 0.21875 0.0689932 0.134766 0.016922
0 0.325439 0.395508 0.0898213 0.0703125 0.0167847
0 0.186802 0.280273 0.0585791 0.0742188 0.0164642
0 0.293221 0.24707 0.0579282 0.0810547 0.0156708
0 0.781055 0.411011 0.0768037 0.0744629 0.0151291
0 0.452361 0.267578 0.042958 0.0546875 0.0148392
0 0.320883 0.628906 0.0611826 0.0957031 0.0145569
0 0.356356 0.578125 0.132779 0.255859 0.012825
0 0.0343339 0.590332 0.0618335 0.0761719 0.0118713
0 0.584489 0.419067 0.0768037 0.103271 0.0114212
0 0.398989 0.479492 0.797978 0.958984 0.0111618
0 0.484905 0.5 0.96981 1 0.0110321
0 0.255063 0.382935 0.0691559 0.0935059 0.621582
0 0.37393 0.503418 0.242778 0.34082 0.42334
0 0.526236 0.459961 0.0800581 0.128906 0.399902
0 0.312422 0.967285 0.0598809 0.0654297 0.193726
0 0.0784309 0.600098 0.0702949 0.0986328 0.182983
0 0.0833532 0.611328 0.0597995 0.0742188 0.169922
0 0.217719 0.219238 0.0371001 0.0410156 0.160767
0 0.309818 0.236816 0.0553247 0.0620117 0.150513
0 0.833125 0.505859 0.119762 0.174805 0.130249
0 0.43674 0.59668 0.0846143 0.115234 0.129883
0 0.601412 0.185791 0.104141 0.17041 0.124207
0 0.843539 0.519531 0.0885195 0.146484 0.104858
0 0.384669 0.22998 0.0403545 0.0498047 0.103027
0 0.525259 0.489258 0.080709 0.0927734 0.0881958
0 0.607921 0.167908 0.152306 0.172974 0.0812378
0 0.62224 0.165955 0.113253 0.141724 0.078064
0 0.474165 0.22168 0.0331948 0.0410156 0.0715942
0 0.290292 0.961914 0.0956792 0.0761719 0.0678101
0 0.373605 0.539062 0.208281 0.314453 0.0648804
0 0.535022 0.330811 0.0546738 0.059082 0.0605164
0 0.540555 0.329102 0.048165 0.0507812 0.0596619
0 0.641116 0.425781 0.037751 0.0644531 0.0587769
0 0.600761 0.196289 0.104141 0.117188 0.055603
0 0.80709 0.473755 0.171832 0.253662 0.0433655
0 0.116182 0.923828 0.199494 0.138672 0.0389099
0 0.533721 0.296875 0.0501177 0.0576172 0.0344849
0 0.0650879 0.558594 0.106093 0.15625 0.03125
0 0.340084 0.58252 0.143844 0.171875 0.0301514
0 0.149214 0.331787 0.0250588 0.0493164 0.02948
0 0.790818 0.563965 0.105442 0.138672 0.0288086
0 0.72573 0.469727 0.0338457 0.0585938 0.0283813
0 0.435438 0.273438 0.021479 0.0336914 0.0247955
0 0.809693 0.399536 0.132779 0.0817871 0.0247498
0 0.948331 0.581543 0.0768037 0.0976562 0.0231934
0 0.735493 0.526367 0.0390527 0.0537109 0.0231018
0 0.522005 0.444336 0.0937266 0.151367 0.0208893
0 0.941171 0.519043 0.0885195 0.143555 0.019989
0 0.320883 0.158203 0.0416563 0.0478516 0.0196075
0 0.177039 0.286377 0.0390527 0.0512695 0.0184021
0 0.126759 0.891602 0.233991 0.195312 0.0180511
0 0.348871 0.404785 0.0728984 0.0625 0.0179901
0 0.522656 0.227051 0.0201772 0.0307617 0.0178528
0 0.357983 0.227051 0.0208281 0.0488281 0.0160217
0 0.594903 0.252441 0.0546738 0.0644531 0.0156708
0 0.158001 0.302734 0.0367747 0.0566406 0.0154266
0 0.153119 0.141174 0.0468633 0.0604248 0.0151901
0 0.607921 0.654297 0.0286387 0.0410156 0.0150757
0 0.323487 0.399902 0.106744 0.0742188 0.0139008
0 0.10951 0.483276 0.199494 0.32251 0.0138474
0 0.564963 0.669922 0.0312422 0.046875 0.0138474
0 0.251158 0.392578 0.0496295 0.0927734 0.930664
0 0.251565 0.376465 0.0598809 0.102539 0.838867
0 0.52949 0.463867 0.0878687 0.113281 0.641602
0 0.453012 0.58252 0.0546738 0.0732422 0.273682
0 0.844841 0.535645 0.0781055 0.106445 0.233032
0 0.301357 0.243652 0.0449106 0.0654297 0.209473
0 0.313724 0.956543 0.0800581 0.0869141 0.187134
0 0.528188 0.302734 0.0501177 0.0800781 0.154053
0 0.533721 0.33252 0.0566265 0.0742188 0.150513
0 0.527212 0.442383 0.0820107 0.117188 0.148071
0 0.0849804 0.606445 0.051989 0.0820312 0.144653
0 0.29615 0.25708 0.0449106 0.0708008 0.108948
0 0.220485 0.229004 0.0361238 0.0527344 0.107422
0 0.382391 0.223145 0.0371001 0.0532227 0.103394
0 0.838332 0.522461 0.0963301 0.134766 0.0991211
0 0.721174 0.467285 0.0390527 0.0654297 0.0524292
0 0.475142 0.22168 0.0338457 0.0439453 0.0472412
0 0.594903 0.232178 0.048165 0.0625 0.0453491
0 0.634607 0.417969 0.0442598 0.0605469 0.0401001
0 0.699044 0.22998 0.0468633 0.0507812 0.0377502
0 0.349522 0.408691 0.0501177 0.0693359 0.0375977
0 0.643068 0.16748 0.0442598 0.0605469 0.0371094
0 0.329019 0.611816 0.0683423 0.104492 0.0310822
0 0.719872 0.236816 0.0494668 0.0620117 0.0272675
0 0.529165 0.433105 0.117158 0.141602 0.0271149
0 0.313724 0.946777 0.0911231 0.106445 0.0269623
0 0.574726 0.221191 0.0403545 0.0551758 0.0196381
0 0.321534 0.151367 0.0351475 0.0410156 0.0189056
0 0.790167 0.405762 0.0833125 0.0810547 0.0183716
0 0.719872 0.269043 0.0494668 0.0761719 0.018158
0 0.447805 0.22998 0.0364492 0.0449219 0.0175171
0 0.052233 0.59082 0.0956792 0.107422 0.0175171
0 0.603365 0.529297 0.0442598 0.0439453 0.0167236
0 0.154909 0.34082 0.0410054 0.0517578 0.0162811
0 0.365143 0.223633 0.0390527 0.0527344 0.0160217
0 0.454313 0.560547 0.054023 0.0966797 0.0158997
0 0.760227 0.601074 0.0520703 0.0810547 0.0158997
0 0.202749 0.23291 0.0475142 0.0532227 0.0131226
0 0.0589045 0.953125 0.042958 0.0683594 0.0129242
0 0.52591 0.238281 0.0488159 0.0693359 0.0109863
0 0.968508 0.453613 0.0442598 0.0732422 0.0109863
0 0.725079 0.40625 0.0416563 0.0527344 0.0103302
0 0.0208281 0.401489 0.034822 0.0603027 0.00857544
0 0.287688 0.264648 0.0501177 0.065918 0.0085144
0 0.972413 0.433594 0.0546738 0.0810547 0.0085144
0 0.330972 0.635742 0.0715967 0.111328 0.00837708
0 0.0825803 0.620605 0.0610199 0.09375 0.00812531
0 0.935964 0.477539 0.0650879 0.0800781 0.00793457
0 0.0533721 0.551758 0.088845 0.146484 0.00784302
0 0.21121 0.345703 0.0963301 0.0830078 0.0078125
0 0.254575 0.390747 0.0545111 0.0895996 0.787109
0 0.528188 0.456543 0.069644 0.104492 0.449463
0 0.315025 0.956055 0.0618335 0.0859375 0.338135
0 0.854604 0.539062 0.0663897 0.0878906 0.321777
0 0.384669 0.21875 0.0357983 0.0517578 0.188965
0 0.219021 0.220459 0.0312422 0.0454102 0.187134
0 0.0862415 0.608398 0.0523958 0.0800781 0.174927
0 0.299079 0.259277 0.0371001 0.0585938 0.166138
0 0.535673 0.333984 0.048165 0.0654297 0.144653
0 0.251321 0.376465 0.0623217 0.0966797 0.130737
0 0.597507 0.230225 0.0403545 0.0532227 0.0913696
0 0.477745 0.21582 0.0305913 0.0488281 0.0903931
0 0.354729 0.40625 0.0403545 0.0546875 0.0866089
0 0.30331 0.239258 0.0364492 0.0595703 0.0863037
0 0.533721 0.443359 0.0702949 0.119141 0.0705566
0 0.842237 0.53125 0.0833125 0.0957031 0.0634766
0 0.530466 0.305176 0.0488159 0.0874023 0.0574951
0 0.847444 0.515625 0.0768037 0.125 0.0568542
0 0.382717 0.511719 0.0351475 0.0527344 0.0544128
0 0.155886 0.339111 0.0312422 0.0410156 0.0453491
0 0.719872 0.463867 0.0338457 0.0488281 0.0418396
0 0.449757 0.579102 0.0449106 0.0664062 0.0377502
0 0.299079 0.949219 0.0924248 0.0820312 0.0332642
0 0.180782 0.330811 0.0322185 0.0512695 0.03302
0 0.643068 0.161133 0.0364492 0.0605469 0.0308533
0 0.803185 0.415039 0.0390527 0.0507812 0.0297089
0 0.317629 0.953613 0.0885195 0.0927734 0.0280609
0 0.0613453 0.554688 0.0823362 0.108398 0.0247498
0 0.579282 0.226074 0.0403545 0.046875 0.024231
0 0.382717 0.490723 0.037751 0.0615234 0.0217743
0 0.202749 0.22876 0.0403545 0.0493164 0.0204926
0 0.450083 0.224121 0.0371001 0.046875 0.0204163
0 0.0501177 0.537109 0.0813599 0.136719 0.0181885
0 0.00854279 0.344971 0.0170856 0.689941 0.0178528
0 0.324138 0.151123 0.0325439 0.0444336 0.0167236
0 0.0526398 0.583008 0.0883568 0.09375 0.0165253
0 0.370676 0.21582 0.0384019 0.0488281 0.0136337
0 0.519401 0.224121 0.0286387 0.0410156 0.0136337
0 0.69644 0.226807 0.0364492 0.0444336 0.0132751
0 0.605155 0.167053 0.0471887 0.0848389 0.0124283
0 0.118948 0.371094 0.237896 0.710938 0.0119629
0 0.950283 0.408691 0.0520703 0.0478516 0.0116425
0 0.63656 0.20874 0.0286387 0.0415039 0.0115051
0 0.590835 0.260742 0.0341711 0.046875 0.0112915
0 0.683423 0.423828 0.0676914 0.078125 0.0111618
0 0.650879 0.412109 0.0520703 0.0615234 0.0104904
0 0.833776 0.492188 0.0924248 0.125 0.0103683
0 0.495319 0.404785 0.0598809 0.0761719 0.0103302
0 0.324138 0.606934 0.0494668 0.0791016 0.0103302
0 0.85135 0.344238 0.0390527 0.0517578 0.01017
0 0.250263 0.394043 0.0507686 0.0839844 0.709961
0 0.526236 0.473633 0.0553247 0.101562 0.439697
0 0.536324 0.332031 0.0410054 0.0556641 0.129883
0 0.21837 0.223389 0.0331948 0.0415039 0.11676
0 0.387924 0.221191 0.0312422 0.0419922 0.10376
0 0.525259 0.4375 0.0624844 0.105469 0.0907593
0 0.247822 0.379761 0.0569519 0.0979004 0.081543
0 0.595554 0.232666 0.0364492 0.0571289 0.0643921
0 0.298753 0.258789 0.0384019 0.0566406 0.0607605
0 0.527863 0.465332 0.0794072 0.117188 0.0432739
0 0.477745 0.220215 0.0260352 0.0390625 0.0285492
0 0.313073 0.966309 0.0455615 0.0673828 0.0279083
0 0.689932 0.22168 0.0286387 0.0380859 0.0275879
0 0.35896 0.415039 0.042958 0.0507812 0.0269165
0 0.305913 0.237793 0.0357983 0.0556641 0.0258636
0 0.573099 0.219482 0.0331948 0.0454102 0.0240936
0 0.450734 0.59082 0.0384019 0.0644531 0.0233307
0 0.648275 0.159912 0.0312422 0.0410156 0.0175781
0 0.351149 0.214355 0.0260352 0.0361328 0.016922
0 0.847444 0.542969 0.0598809 0.0820312 0.0158386
0 0.799279 0.416016 0.0403545 0.046875 0.0108185
0 0.188755 0.335938 0.0338457 0.0581055 0.0103683
0 0.954189 0.410645 0.0494668 0.0556641 0.01017
0 0.48523 0.407227 0.0449106 0.0664062 0.0101318
0 0.924248 0.487305 0.0520703 0.078125 0.0100098
0 0.384019 0.525391 0.0624844 0.0859375 0.0100098
0 0.203237 0.225586 0.0390527 0.0380859 0.00985718
0 0.0643557 0.593262 0.106907 0.12207 0.00945282
0 0.271091 0.154785 0.0260352 0.0332031 0.00831604
0 0.553247 0.152832 0.0299404 0.0380859 0.00831604
0 0.448456 0.223633 0.0325439 0.0336914 0.00787354
0 0.0794886 0.604004 0.0753392 0.101562 0.00728989
0 0.838332 0.52832 0.0702949 0.0898438 0.00698471
0 0.965904 0.429688 0.0572773 0.0976562 0.0069046
0 0.924248 0.508789 0.0494668 0.0693359 0.0068512
0 0.0494668 0.581543 0.0963301 0.117188 0.005867
0 0.51452 0.453613 0.085916 0.117188 0.00577545
0 0.529165 0.302979 0.0449106 0.0717773 0.00568771
0 0.640465 0.212402 0.0312422 0.0371094 0.00564194
0 0.0602063 0.559082 0.116507 0.175781 0.00538635
0 0.31828 0.153564 0.0247334 0.034668 0.00536346
0 0.152143 0.33667 0.0305913 0.0454102 0.00534439
0 0.533721 0.435425 0.0846143 0.121338 0.00466537
0 0.605317 0.150391 0.0338457 0.0410156 0.00460815
0 0.295174 0.955078 0.0963301 0.0898438 0.00457382
0 0.971111 0.452637 0.0494668 0.0878906 0.00446701
0 0.180619 0.286377 0.0351475 0.0493164 0.0042305
0 0.39248 0.152832 0.0273369 0.03125 0.00405502
0 0.151329 0.291504 0.0357983 0.0556641 0.00400543
0 0.589696 0.256592 0.0390527 0.0546875 0.00328636
0 0.529815 0.464844 0.0611826 0.0957031 0.809082
0 0.252866 0.388794 0.0579282 0.0817871 0.791992
0 0.538277 0.32959 0.0442598 0.0605469 0.44165
0 0.228459 0.220703 0.0240825 0.0395508 0.40918
0 0.388575 0.220703 0.0286387 0.0454102 0.334473
0 0.477745 0.220215 0.0234316 0.0419922 0.325195
0 0.300055 0.257568 0.0416563 0.0566406 0.259033
0 0.60011 0.231689 0.0364492 0.050293 0.193726
0 0.364492 0.40625 0.0436089 0.0507812 0.187744
0 0.721174 0.46582 0.0364492 0.0546875 0.135254
0 0.692535 0.217041 0.0260352 0.0385742 0.110474
0 0.200145 0.223389 0.0318931 0.0332031 0.0648804
0 0.450083 0.222168 0.0318931 0.0380859 0.0621033
0 0.53307 0.437988 0.0820107 0.114258 0.0558167
0 0.360912 0.215332 0.0247334 0.0458984 0.0514526
0 0.275973 0.161377 0.0221299 0.0288086 0.0345459
0 0.57733 0.223145 0.0351475 0.0405273 0.0343018
0 0.156536 0.331787 0.0286387 0.043457 0.0337219
0 0.648275 0.156982 0.0234316 0.0336914 0.0314941
0 0.3147 0.958984 0.0520703 0.0664062 0.0305634
0 0.306564 0.23999 0.0299404 0.0527344 0.0290375
0 0.921645 0.506836 0.0442598 0.0566406 0.0278015
0 0.532094 0.304932 0.0455615 0.0849609 0.0232391
0 0.915136 0.484375 0.042958 0.0546875 0.0230255
0 0.19087 0.331299 0.0338457 0.0537109 0.0215302
0 0.513543 0.431641 0.085916 0.109375 0.0206909
0 0.697091 0.448242 0.0585791 0.0625 0.0177155
0 0.919692 0.492188 0.0455615 0.0634766 0.0171814
0 0.557478 0.154785 0.0221299 0.0297852 0.0156021
0 0.322185 0.152588 0.0247334 0.0322266 0.0130234
0 0.516147 0.450195 0.0833125 0.0908203 0.0124283
0 0.700997 0.00109863 0.522005 0.00219727 0.0114212
0 0.593439 0.255859 0.0367747 0.0546875 0.0104904
0 0.290292 0.260254 0.042958 0.0546875 0.0077858
0 0.525259 0.223633 0.0260352 0.034668 0.00772476
0 0.821409 0.525391 0.0364492 0.0537109 0.00746155
0 0.976318 0.449219 0.0364492 0.0527344 0.00695801
0 0.639163 0.214844 0.0247334 0.0322266 0.0069046
0 0.562685 0 0.578631 0 0.0064621
0 0.787688 0.00164795 0.424623 0.0032959 0.00568771
0 0.0659015 0.605469 0.0872178 0.0859375 0.00538635
0 0.469284 0 0.527212 0 0.00484848
0 0.64437 0.412109 0.0312422 0.0527344 0.00481033
0 0.38532 0.514648 0.0357983 0.0488281 0.0046463
0 0.747372 0 0.468307 0 0.00402451
0 0.805788 0.411133 0.0286387 0.0390625 0.00391388
0 0.157025 0.296875 0.0325439 0.050293 0.00379562
0 0.607921 0.151611 0.0260352 0.0317383 0.00358009
0 0.147261 0.223877 0.0152957 0.0239258 0.00356483
0 0.967982 0.433594 0.0640361 0.0800781 0.00319672
0 0.247171 0.383789 0.0589045 0.0810547 0.816895
0 0.52591 0.46582 0.0637861 0.0976562 0.572754
0 0.535022 0.328613 0.048165 0.0615234 0.235107
0 0.475792 0.216797 0.0273369 0.0380859 0.193726
0 0.387924 0.219727 0.0273369 0.0341797 0.161865
0 0.527863 0.449219 0.0670405 0.107422 0.15564
0 0.594252 0.233887 0.042958 0.0488281 0.135254
0 0.22016 0.22168 0.0270115 0.0292969 0.130249
0 0.362214 0.401855 0.0507686 0.0507812 0.0772095
0 0.306239 0.23877 0.0305913 0.046875 0.0326538
0 0.313073 0.962891 0.0585791 0.0703125 0.0319824
0 0.57733 0.225342 0.042958 0.0444336 0.0316772
0 0.20161 0.225098 0.0380764 0.0302734 0.0288086
0 0.301357 0.256836 0.037751 0.0571289 0.0266571
0 0.446828 0.223633 0.0286387 0.0283203 0.023819
0 0.0618335 0.594238 0.100886 0.106445 0.0206451
0 0.0544298 0.578125 0.100398 0.0976562 0.0175781
0 0.532419 0.30957 0.0507686 0.0761719 0.0174408
0 0.722476 0.463379 0.0312422 0.0546875 0.0137405
0 0.686026 0.44043 0.0676914 0.078125 0.0113297
0 0.352125 0.21582 0.0221299 0.0288086 0.0112
0 0.5181 0.452148 0.0911231 0.113281 0.0110703
0 0.68863 0.221924 0.0234316 0.0297852 0.00963593
0 0.271417 0.161621 0.0247334 0.0244141 0.00871277
0 0.513543 0.436523 0.0898213 0.109375 0.0078125
0 0.0595554 0.574219 0.103164 0.144531 0.00737381
0 0.192823 0.335449 0.0403545 0.0429688 0.00731659
0 0.318931 0.15625 0.0234316 0.0224609 0.00664139
0 0.912532 0.488281 0.0494668 0.0585938 0.00638962
0 0.602714 0.167725 0.048165 0.0688477 0.00624084
0 0.64437 0.16333 0.0286387 0.0415039 0.00582123
0 0.919041 0.508789 0.0455615 0.0615234 0.0049057
0 0.0274996 0.292236 0.0283132 0.0390625 0.00426483
0 0.441296 0.272217 0.0312422 0.0488281 0.00403976
0 0.634607 0.213135 0.0312422 0.034668 0.00399017
0 0.295174 0.950195 0.102188 0.0898438 0.00372124
0 0.803185 0.410645 0.0338457 0.0351562 0.00365067
0 0.917739 0.494141 0.0546738 0.0703125 0.00356483
0 0.311771 0.958984 0.116507 0.0820312 0.00352478
0 0.564312 0.173828 0.0442598 0.0727539 0.00332451
0 0.980224 0.456055 0.0312422 0.046875 0.00298119
0 0.976318 0.426758 0.0390527 0.0625 0.00290108
0 0.518425 0.225098 0.026686 0.03125 0.00270462
0 0.728984 0.407227 0.0312422 0.0478516 0.00260162
0 0.665198 0.416992 0.0676914 0.078125 0.00259018
0 0.0271742 0.334229 0.0292896 0.0390625 0.00228691
0 0.96981 0.279541 0.0416563 0.0625 0.00219917
0 0.590347 0.254395 0.0416563 0.0581055 0.00218201
0 0.774546 0.398438 0.0416563 0.0390625 0.00218201
0 0.843539 0.533203 0.080709 0.115234 0.0020752
