0 0.354404 0.417969 0.075502 0.0869141 0.545898
0 0.258074 0.403809 0.0618335 0.0703125 0.460938
0 0.439343 0.34082 0.0559756 0.0595703 0.403564
0 0.524283 0.299072 0.0533721 0.0683594 0.102661
0 0.299404 0.265625 0.048165 0.0615234 0.0863037
0 0.351475 0.436523 0.0794072 0.128906 0.0501404
0 0.400291 0.286621 0.0455615 0.0625 0.049408
0 0.313073 0.248047 0.0833125 0.0820312 0.0392761
0 0.437065 0.316895 0.0748511 0.0898438 0.0328369
0 0.261572 0.389771 0.0808717 0.109131 0.0269165
0 0.352451 0.410156 0.0878687 0.148438 0.0219879
0 0.431858 0.340576 0.0826616 0.0532227 0.00926971
0 0.0846143 0.61377 0.0595554 0.0800781 0.0085144
0 0.452361 0.249023 0.0768037 0.316406 0.00717545
0 0.555976 0.5 0.888049 1 0.00712204
0 0.5 0.5 1 1 0.00698471
0 0.5 0.5 1 1 0.00671768
0 0.357983 0.466797 0.085916 0.179688 0.00664139
0 0.452035 0.5 0.904071 1 0.00638962
0 0.0746884 0.609375 0.0849397 0.0859375 0.00634003
0 0.622203 0.5 0.755595 1 0.00624084
0 0.386622 0.303467 0.17053 0.547363 0.00621796
0 0.52994 0.5 0.940119 1 0.00619125
0 0.29615 0.264893 0.0637861 0.0834961 0.00614548
0 0.684361 0.591797 0.631277 0.816406 0.00598145
0 0.5 0.5 1 1 0.00582123
0 0.619924 0.646484 0.760151 0.707031 0.00575256
0 0.62562 0.5 0.748761 1 0.00534439
0 0.326009 0.387207 0.225367 0.15332 0.0051384
0 0.555813 0.5 0.888374 1 0.0050621
0 0.5 0.5 1 1 0.00500107
0 0.675737 0.551758 0.648525 0.896484 0.00500107
0 0.5 0.5 1 1 0.0045929
0 0.595028 0.509766 0.809943 0.980469 0.00450516
0 0.515822 0.28125 0.105442 0.0771484 0.00436401
0 0.52591 0.334961 0.0494668 0.0449219 0.00370789
0 0.338457 0.219238 0.11846 0.0712891 0.00362206
0 0.843539 0.546875 0.075502 0.0839844 0.00356483
0 0.41103 0.24707 0.0833125 0.0859375 0.00351143
0 0.337155 0.506958 0.11846 0.269287 0.00281143
0 0.465378 0.377441 0.131478 0.131836 0.00226974
0 0.322511 0.532227 0.208281 0.328125 0.00221634
0 0.448456 0.597656 0.0559756 0.105469 0.00206757
0 0.39248 0.522949 0.204376 0.387695 0.00205803
0 0.300381 0.966797 0.069644 0.0664062 0.00183105
0 0.62562 0.439941 0.748761 0.879883 0.00182438
0 0.515171 0.420898 0.048165 0.0625 0.0018034
0 0.387273 0.579102 0.21479 0.28125 0.00176144
0 0.836379 0.53418 0.0924248 0.105469 0.00167465
0 0.0634607 0.601074 0.115206 0.114258 0.00162315
0 0.356031 0.403809 0.080709 0.078125 0.632324
0 0.260026 0.383667 0.0761528 0.0900879 0.616699
0 0.838332 0.519043 0.0885195 0.131836 0.381104
0 0.44813 0.34082 0.054023 0.0722656 0.367432
0 0.395409 0.271973 0.0410054 0.050293 0.310791
0 0.300706 0.249268 0.05923 0.0742188 0.309082
0 0.0865262 0.609375 0.0625657 0.0742188 0.20752
0 0.443899 0.316406 0.0689932 0.090332 0.173828
0 0.517123 0.419922 0.064437 0.0703125 0.161377
0 0.389551 0.238525 0.054023 0.0742188 0.158691
0 0.313073 0.960938 0.0742002 0.078125 0.150024
0 0.292896 0.270752 0.0572773 0.11084 0.129395
0 0.452361 0.572754 0.0494668 0.0771484 0.112
0 0.521029 0.298096 0.0533721 0.0698242 0.0789185
0 0.349847 0.399414 0.106744 0.0761719 0.0758667
0 0.359611 0.432129 0.0950283 0.123047 0.0742188
0 0.17769 0.291504 0.0589045 0.0722656 0.0507202
0 0.645021 0.420898 0.0533721 0.0664062 0.0481262
0 0.180944 0.332031 0.0618335 0.0820312 0.0450134
0 0.296475 0.347412 0.143193 0.174316 0.0445251
0 0.359285 0.384888 0.0702949 0.0935059 0.044342
0 0.922946 0.504883 0.0468633 0.0859375 0.0426331
0 0.385971 0.671875 0.0689932 0.0859375 0.0408325
0 0.671707 0.156006 0.0546738 0.0571289 0.0367126
0 0.646974 0.149841 0.0650879 0.0997314 0.0350647
0 0.338457 0.52832 0.126271 0.317383 0.03302
0 0.357007 0.638672 0.0924248 0.125 0.0302734
0 0.701648 0.233643 0.0624844 0.0795898 0.0301056
0 0.354078 0.209961 0.0702949 0.0976562 0.02948
0 0.437391 0.265625 0.0702949 0.13623 0.0271759
0 0.443899 0.324463 0.0917739 0.101074 0.0270081
0 0.715967 0.248047 0.0611826 0.0859375 0.0247498
0 0.323487 0.190918 0.0768037 0.181641 0.0245209
0 0.722476 0.459961 0.0520703 0.0810547 0.0243835
0 0.598158 0.15387 0.0872178 0.125854 0.0240479
0 0.68147 0.442383 0.0650879 0.0859375 0.023819
0 0.581886 0.171814 0.075502 0.143677 0.0217743
0 0.520703 0.347168 0.0598809 0.105469 0.0207672
0 0.157513 0.283691 0.0650879 0.0957031 0.0196838
0 0.926201 0.496094 0.0572773 0.0898438 0.019455
0 0.372303 0.391724 0.0768037 0.116943 0.0189819
0 0.818806 0.470703 0.0833125 0.177734 0.0185394
0 0.945076 0.218506 0.0494668 0.0708008 0.0178528
0 0.778451 0.409058 0.0676914 0.0686035 0.0163422
0 0.471236 0.217529 0.0520703 0.0795898 0.0162811
0 0.630051 0.185486 0.0702949 0.127075 0.0156021
0 0.973715 0.463379 0.0390527 0.0712891 0.0153656
0 0.508336 0.260254 0.0637861 0.134766 0.0153046
0 0.293872 0.249512 0.0618335 0.0859375 0.0147324
0 0.496621 0.5 0.993241 1 0.0138474
0 0.364492 0.505859 0.212187 0.339844 0.719238
0 0.257748 0.381836 0.0676914 0.0888672 0.458984
0 0.45171 0.342773 0.0507686 0.0546875 0.398926
0 0.401592 0.272949 0.0331948 0.0449219 0.34082
0 0.352776 0.396362 0.085916 0.101807 0.258301
0 0.313073 0.968262 0.0598809 0.0634766 0.201172
0 0.0787564 0.598633 0.0728984 0.101562 0.172119
0 0.812948 0.505859 0.161418 0.193359 0.171631
0 0.0838007 0.609863 0.0608572 0.0751953 0.170532
0 0.347244 0.543457 0.16272 0.237305 0.160767
0 0.840285 0.517578 0.0963301 0.160156 0.112793
0 0.438042 0.595703 0.0781055 0.113281 0.102295
0 0.804486 0.474121 0.182246 0.276367 0.0859985
0 0.525259 0.296875 0.048165 0.0527344 0.0847778
0 0.289722 0.961914 0.0961674 0.0761719 0.0723877
0 0.786913 0.455078 0.227808 0.323242 0.0618896
0 0.768037 0.408691 0.218695 0.236328 0.0531921
0 0.645672 0.160156 0.075502 0.107422 0.0503235
0 0.645672 0.424805 0.0494668 0.0722656 0.0499573
0 0.60727 0.154053 0.154909 0.153809 0.0438538
0 0.506384 0.410156 0.042958 0.0644531 0.0422363
0 0.150028 0.328613 0.0292896 0.050293 0.0408325
0 0.600273 0.189453 0.0907976 0.108398 0.0407715
0 0.37393 0.555664 0.212837 0.300781 0.0405273
0 0.115694 0.923584 0.200796 0.141113 0.0382385
0 0.948331 0.558105 0.0924248 0.183594 0.0357361
0 0.305913 0.241211 0.048165 0.0625 0.0342407
0 0.572123 0.206543 0.048165 0.0537109 0.0335999
0 0.435113 0.305664 0.0325439 0.0673828 0.03302
0 0.0668778 0.557617 0.110324 0.15918 0.0321045
0 0.299404 0.258789 0.0416563 0.0566406 0.0285492
0 0.942473 0.513672 0.0989336 0.173828 0.0244751
0 0.177853 0.29541 0.0393782 0.0517578 0.0225067
0 0.685376 0.436035 0.0715967 0.0800781 0.0225067
0 0.891704 0.583984 0.208281 0.357422 0.0223694
0 0.475142 0.218262 0.0260352 0.03125 0.0215759
0 0.114229 0.478516 0.209583 0.333008 0.0209198
0 0.401267 0.239502 0.0357983 0.0498047 0.0204926
0 0.320883 0.166504 0.048165 0.0712891 0.0200958
0 0.127084 0.885742 0.238547 0.208984 0.0199432
0 0.456266 0.344971 0.0507686 0.0708008 0.0171814
0 0.684725 0.424805 0.0833125 0.0839844 0.0170441
0 0.285736 0.271973 0.0559756 0.0688477 0.016983
0 0.609223 0.656738 0.0286387 0.0400391 0.0165253
0 0.746558 0.328125 0.246032 0.28418 0.0162811
0 0.338457 0.388184 0.0963301 0.0976562 0.0157776
0 0.639163 0.212891 0.0520703 0.0566406 0.0153046
0 0.178015 0.330566 0.0397036 0.0527344 0.0146179
0 0.925675 0.587891 0.14865 0.408203 0.014389
0 0.107395 0.897461 0.173785 0.193359 0.0139008
0 0.252541 0.394043 0.0527212 0.0947266 0.858887
0 0.349197 0.407227 0.0813599 0.105469 0.819824
0 0.252866 0.378906 0.05923 0.101562 0.720215
0 0.445852 0.339844 0.0403545 0.0595703 0.715332
0 0.398338 0.275391 0.0325439 0.0488281 0.505859
0 0.452035 0.583984 0.0501177 0.0683594 0.26123
0 0.512893 0.286377 0.037751 0.0551758 0.214722
0 0.843539 0.531738 0.080709 0.121094 0.127197
0 0.315025 0.957031 0.0794072 0.0859375 0.11438
0 0.0849804 0.605469 0.051989 0.0830078 0.105225
0 0.294197 0.257812 0.0455615 0.0664062 0.0943604
0 0.505733 0.407227 0.0410054 0.0576172 0.0692749
0 0.300055 0.245117 0.0455615 0.0693359 0.0678101
0 0.835729 0.516602 0.101537 0.15625 0.0623169
0 0.44032 0.307617 0.0364492 0.0771484 0.0598755
0 0.719872 0.466797 0.0364492 0.0634766 0.0406189
0 0.639163 0.419922 0.0442598 0.0625 0.0337219
0 0.458219 0.336426 0.0442598 0.0556641 0.0328979
0 0.328043 0.609375 0.0676914 0.0996094 0.0298157
0 0.64437 0.167725 0.0442598 0.0571289 0.0270691
0 0.697091 0.227539 0.0403545 0.0429688 0.0205231
0 0.154746 0.338135 0.0419817 0.0527344 0.0204926
0 0.347895 0.387817 0.0774546 0.12085 0.02034
0 0.288014 0.261719 0.0520703 0.065918 0.0201416
0 0.800581 0.428711 0.101537 0.12207 0.018692
0 0.523632 0.241699 0.0442598 0.0668945 0.0183716
0 0.400941 0.239746 0.042958 0.0595703 0.0154266
0 0.3147 0.946289 0.0911231 0.107422 0.0151901
0 0.0579282 0.587891 0.103164 0.119141 0.0142822
0 0.320232 0.156738 0.0403545 0.0458984 0.0115051
0 0.206491 0.342285 0.0920994 0.0839844 0.0110703
0 0.804486 0.491089 0.166625 0.250244 0.0110703
0 0.71857 0.233887 0.0416563 0.0546875 0.0106506
0 0.452361 0.560059 0.0527212 0.0839844 0.0100937
0 0.333901 0.486816 0.12562 0.18457 0.00978088
0 0.560407 0.217285 0.0234316 0.0351562 0.00974274
0 0.0580096 0.955078 0.0419817 0.0664062 0.0088501
0 0.762304 0.994141 0.475392 0.0117188 0.00871277
0 0.773895 0.582031 0.0742002 0.115234 0.0085144
0 0.0224553 0.400269 0.0351475 0.0646973 0.00831604
0 0.0616708 0.544922 0.103164 0.178711 0.00809479
0 0.782357 0.424805 0.209583 0.388672 0.00763702
0 0.723777 0.410645 0.0403545 0.0527344 0.00740433
0 0.436414 0.220215 0.0188755 0.0351562 0.00734711
0 0.969159 0.458008 0.0533721 0.103516 0.00714874
0 0.82206 0.475586 0.126271 0.224609 0.00712204
0 0.0822548 0.620117 0.0623217 0.0957031 0.00682449
0 0.719221 0.272949 0.042958 0.0644531 0.00658798
0 0.302008 0.944336 0.584489 0.111328 0.00658798
0 0.677077 0.984375 0.575052 0.03125 0.00651169
0 0.259131 0.391113 0.0571146 0.0908203 0.596191
0 0.402243 0.27832 0.0338457 0.0615234 0.413086
0 0.315676 0.957031 0.0611826 0.0839844 0.363037
0 0.449106 0.333496 0.0403545 0.0556641 0.344238
0 0.354078 0.407227 0.0742002 0.0917969 0.338135
0 0.853953 0.538086 0.0676914 0.09375 0.315674
0 0.298428 0.259766 0.037751 0.0546875 0.260498
0 0.359936 0.440552 0.0781055 0.14624 0.15979
0 0.085916 0.606934 0.0536975 0.0820312 0.158691
0 0.252541 0.373535 0.0611826 0.0917969 0.10968
0 0.510289 0.413086 0.0416563 0.0566406 0.0963745
0 0.461473 0.333496 0.0410054 0.0512695 0.0742188
0 0.842237 0.530762 0.085916 0.101562 0.0736694
0 0.719872 0.463867 0.0338457 0.0488281 0.0726318
0 0.435438 0.307617 0.0351475 0.0820312 0.0718384
0 0.30331 0.243164 0.037751 0.0654297 0.0488586
0 0.393131 0.230469 0.0325439 0.0615234 0.0467224
0 0.154258 0.338867 0.0292896 0.0390625 0.0458679
0 0.801883 0.415039 0.0390527 0.0507812 0.0384521
0 0.317954 0.954102 0.0878687 0.0917969 0.0375366
0 0.3147 0.945312 0.0722476 0.0976562 0.0370483
0 0.512893 0.286865 0.0325439 0.0522461 0.0352783
0 0.179968 0.33252 0.0318931 0.0488281 0.0342407
0 0.298103 0.951172 0.0924248 0.0820312 0.0341797
0 0.363841 0.469727 0.075502 0.125 0.033783
0 0.378486 0.508789 0.0423071 0.0585938 0.0306244
0 0.0629725 0.553711 0.0836379 0.109375 0.0297089
0 0.365794 0.507812 0.048165 0.0683594 0.0291443
0 0.323487 0.604004 0.0494668 0.0742188 0.0274353
0 0.647625 0.161133 0.0325439 0.0546875 0.0271759
0 0.449106 0.580078 0.042958 0.0644531 0.0262604
0 0.178015 0.284912 0.0318931 0.050293 0.0246582
0 0.692535 0.447266 0.0624844 0.0683594 0.0199432
0 0.0530466 0.53418 0.085916 0.148438 0.019165
0 0.564312 0.216309 0.0195264 0.0322266 0.0189819
0 0.69579 0.225098 0.0325439 0.0419922 0.0188293
0 0.482301 0.214844 0.0195264 0.0371094 0.0186462
0 0.679518 0.424805 0.0781055 0.0820312 0.0182953
0 0.00654947 0.343018 0.0130989 0.686035 0.0173035
0 0.325439 0.15625 0.0364492 0.0478516 0.0171814
0 0.349522 0.439941 0.106744 0.157227 0.0163422
0 0.0558129 0.581055 0.0937266 0.103516 0.0163422
0 0.28899 0.259766 0.0436089 0.0595703 0.0156708
0 0.833776 0.491699 0.0924248 0.125977 0.0148392
0 0.607921 0.154785 0.0299404 0.0498047 0.0139542
0 0.440645 0.218262 0.0175737 0.0351562 0.0133286
0 0.852001 0.344727 0.0351475 0.0488281 0.0133286
0 0.650879 0.413086 0.0494668 0.0634766 0.012825
0 0.080709 0.575195 0.0699695 0.125 0.012825
0 0.950283 0.422363 0.0598809 0.0859375 0.0126724
0 0.34822 0.416992 0.0715967 0.0957031 0.625
0 0.254168 0.393555 0.0572773 0.0859375 0.550781
0 0.449106 0.341797 0.0403545 0.0556641 0.520508
0 0.407776 0.284668 0.0371001 0.0556641 0.391357
0 0.29615 0.259033 0.0403545 0.0551758 0.105225
0 0.350173 0.433105 0.0794072 0.106445 0.100891
0 0.247659 0.379028 0.0585791 0.0974121 0.0552063
0 0.314375 0.966797 0.0442598 0.0664062 0.0377502
0 0.689932 0.220459 0.0286387 0.0356445 0.0279541
0 0.847444 0.541504 0.0598809 0.0839844 0.0190887
0 0.419817 0.309082 0.0494668 0.0820312 0.0188751
0 0.302008 0.239258 0.037751 0.0571289 0.0180206
0 0.650879 0.15918 0.0286387 0.0366211 0.0157166
0 0.471887 0.21582 0.0273369 0.0341797 0.0156708
0 0.564637 0.213867 0.0240825 0.0322266 0.0150146
0 0.387273 0.224609 0.0351475 0.0419922 0.0147858
0 0.457568 0.336914 0.0468633 0.0537109 0.0132217
0 0.338782 0.503906 0.143844 0.246094 0.0129242
0 0.453012 0.589844 0.0416563 0.0683594 0.0126266
0 0.510289 0.418457 0.0390527 0.0546875 0.0115967
0 0.353427 0.206543 0.0260352 0.0361328 0.0105286
0 0.798628 0.414551 0.0416563 0.046875 0.0101318
0 0.341711 0.533203 0.168578 0.181641 0.0100098
0 0.954189 0.410156 0.0468633 0.0546875 0.00955963
0 0.605317 0.219971 0.0260352 0.034668 0.00919342
0 0.0659015 0.59375 0.10707 0.121094 0.00891876
0 0.924248 0.486328 0.0507686 0.0761719 0.00878143
0 0.178341 0.289551 0.0331948 0.0458984 0.00831604
0 0.838332 0.527344 0.0702949 0.09375 0.00831604
0 0.190219 0.33667 0.0328694 0.0600586 0.00812531
0 0.0816853 0.603516 0.0715967 0.101562 0.00723267
0 0.270766 0.154541 0.0240825 0.0332031 0.00677109
0 0.966555 0.428711 0.0546738 0.0878906 0.00653839
0 0.604016 0.15332 0.0260352 0.03125 0.00629044
0 0.556176 0.155762 0.0273369 0.034668 0.00605011
0 0.923597 0.508789 0.0468633 0.0664062 0.00595856
0 0.15198 0.29126 0.0351475 0.0507812 0.00568771
0 0.294279 0.955078 0.0974691 0.0898438 0.00551224
0 0.0501177 0.583008 0.0950283 0.115234 0.00516129
0 0.645021 0.216309 0.0286387 0.03125 0.00510025
0 0.446828 0.215088 0.026686 0.0307617 0.00502014
0 0.345942 0.370117 0.0839634 0.115234 0.00453949
0 0.0618335 0.55957 0.117809 0.174805 0.00436401
0 0.320232 0.151367 0.0253843 0.0302734 0.00421524
0 0.972413 0.451172 0.0468633 0.078125 0.00411606
0 0.28899 0.263184 0.0416563 0.0522461 0.00379562
0 0.151655 0.336914 0.0322185 0.0454102 0.00379562
0 0.769339 0.157715 0.0286387 0.0341797 0.00376511
0 0.344966 0.463867 0.126271 0.126953 0.00351143
0 0.526236 0.151855 0.0234316 0.03125 0.00335121
0 0.34822 0.40918 0.0676914 0.0839844 0.841797
0 0.256772 0.389648 0.0611826 0.0820312 0.773438
0 0.454313 0.332031 0.042958 0.059082 0.608398
0 0.408752 0.279297 0.0364492 0.0585938 0.519531
0 0.297452 0.255859 0.0442598 0.0585938 0.439697
0 0.480023 0.218262 0.0195264 0.0351562 0.135254
0 0.691884 0.217529 0.0247334 0.0366211 0.119629
0 0.721174 0.464844 0.0364492 0.0546875 0.109314
0 0.250914 0.379883 0.0533721 0.0849609 0.0900879
0 0.520052 0.286865 0.0364492 0.0537109 0.0838623
0 0.391178 0.222656 0.0286387 0.0390625 0.0720825
0 0.35538 0.429688 0.0813599 0.0986328 0.0607605
0 0.357658 0.206055 0.0240825 0.0449219 0.0549927
0 0.315676 0.958984 0.0494668 0.0644531 0.0484924
0 0.430882 0.3125 0.0533721 0.0800781 0.0469055
0 0.30396 0.242188 0.0325439 0.0566406 0.0467224
0 0.359611 0.403809 0.085916 0.0859375 0.0381165
0 0.921645 0.506836 0.0442598 0.0566406 0.0344238
0 0.567566 0.217773 0.0195264 0.0322266 0.033844
0 0.445201 0.218018 0.0227808 0.0327148 0.0324707
0 0.157513 0.330566 0.0309168 0.0439453 0.031311
0 0.650879 0.156738 0.0234316 0.03125 0.0236053
0 0.237245 0.214844 0.0234316 0.0292969 0.0233765
0 0.290617 0.259033 0.042958 0.0566406 0.0224609
0 0.690583 0.449219 0.0624844 0.0625 0.0216522
0 0.610524 0.220215 0.0234316 0.0361328 0.0201416
0 0.919692 0.492188 0.0455615 0.0644531 0.0176392
0 0.189406 0.330566 0.0322185 0.0546875 0.0171051
0 0.915136 0.486816 0.0442598 0.0576172 0.0167847
0 0.273369 0.15918 0.0195264 0.0283203 0.0161591
0 0.188104 0.220947 0.016272 0.0253906 0.0150757
0 0.558454 0.156006 0.0208281 0.0288086 0.0120087
0 0.184199 0.28833 0.0221299 0.0405273 0.0115967
0 0.323161 0.152344 0.026686 0.0302734 0.0115509
0 0.760677 0.0020752 0.478646 0.00415039 0.0109024
0 0.646323 0 0.588395 0 0.00706482
0 0.158652 0.29541 0.0341711 0.0449219 0.00701141
0 0.380113 0.508789 0.042958 0.0566406 0.00695801
0 0.975017 0.448242 0.0364492 0.0527344 0.0069046
0 0.346918 0.379028 0.080709 0.128662 0.00634003
0 0.364167 0.45459 0.0774546 0.115234 0.00624084
0 0.522005 0.222656 0.0234316 0.0341797 0.00605011
0 0.821409 0.522461 0.0390527 0.0585938 0.00579834
0 0.606619 0.155029 0.0208281 0.0263672 0.00575256
0 0.641767 0.219238 0.0208281 0.0283203 0.00544739
0 0.483603 0.157227 0.0188755 0.0253906 0.00542831
0 0.149214 0.222656 0.0172483 0.0263672 0.0049057
0 0.0659015 0.604492 0.0881941 0.0878906 0.00450516
0 0.359611 0.463867 0.0872178 0.15625 0.0042305
0 0.642417 0.412109 0.0312422 0.0527344 0.00416565
0 0.254819 0.390625 0.05923 0.0869141 0.748535
0 0.352776 0.410156 0.075502 0.0947266 0.737793
0 0.407125 0.282715 0.0397036 0.0517578 0.574707
0 0.450408 0.327881 0.0455615 0.0581055 0.384033
0 0.298103 0.254883 0.0442598 0.0605469 0.153564
0 0.249612 0.380371 0.0618335 0.0859375 0.151001
0 0.346918 0.395386 0.0885195 0.0822754 0.143677
0 0.432835 0.30957 0.0527212 0.0742188 0.137573
0 0.301032 0.245605 0.0403545 0.0605469 0.083313
0 0.313724 0.964844 0.0546738 0.0664062 0.0539856
0 0.477094 0.217529 0.0260352 0.0317383 0.0400085
0 0.0628098 0.594727 0.100886 0.107422 0.0202942
0 0.393131 0.22583 0.0312422 0.0375977 0.0181274
0 0.352776 0.212402 0.0325439 0.0371094 0.0176392
0 0.563336 0.219727 0.0234316 0.0273438 0.0173035
0 0.0545111 0.579102 0.0999099 0.0957031 0.0156708
0 0.682121 0.439453 0.075502 0.0839844 0.0154266
0 0.519401 0.293457 0.037751 0.0507812 0.013588
0 0.351149 0.391113 0.0774546 0.108398 0.0125275
0 0.689281 0.223145 0.0234316 0.0273438 0.0110703
0 0.290617 0.256592 0.048165 0.0620117 0.0109482
0 0.441296 0.219727 0.0286387 0.0292969 0.0105667
0 0.722476 0.460938 0.0338457 0.0595703 0.0102921
0 0.320883 0.155273 0.0286387 0.0273438 0.0085144
0 0.271742 0.159912 0.0240825 0.0244141 0.00841522
0 0.605317 0.221191 0.0208281 0.0263672 0.00818634
0 0.354078 0.403442 0.0950283 0.103271 0.00787354
0 0.0268488 0.29248 0.0283132 0.0390625 0.00534439
0 0.912532 0.489258 0.0494668 0.0595703 0.00521851
0 0.294197 0.951172 0.0989336 0.0898438 0.0051384
0 0.91839 0.508789 0.0455615 0.0605469 0.00466537
0 0.391829 0.337891 0.0559756 0.107422 0.00446701
0 0.604016 0.157471 0.0234316 0.0288086 0.00421524
0 0.51094 0.405273 0.042958 0.0566406 0.00408554
0 0.453663 0.575195 0.0566265 0.078125 0.00387001
0 0.314375 0.960938 0.109348 0.078125 0.00379562
0 0.646323 0.164062 0.0234316 0.0332031 0.00370789
0 0.19266 0.334473 0.042958 0.046875 0.00370789
0 0.464077 0.295898 0.0494668 0.0585938 0.00362206
0 0.292896 0.241455 0.0507686 0.0576172 0.0036068
0 0.980224 0.456055 0.0312422 0.046875 0.00336266
0 0.305913 0.946289 0.0924248 0.103516 0.00321007
0 0.727683 0.412109 0.037751 0.0625 0.00312424
0 0.975668 0.427734 0.0403545 0.0625 0.00298119
0 0.639163 0.21582 0.0208281 0.0239258 0.00291252
0 0.771942 0.396484 0.0390527 0.0410156 0.0026722
0 0.343013 0.164062 0.0455615 0.0493164 0.00235939
0 0.693837 0.279053 0.0286387 0.0375977 0.00228691
0 0.318931 0.609375 0.0742002 0.111328 0.00224304
0 0.481325 0.165771 0.0273369 0.0366211 0.00214958
