0 0.307866 0.548828 0.0637861 0.0800781 0.291016
0 0.0248148 0.34375 0.0496295 0.0908203 0.0592041
0 0.413959 0.554199 0.0650879 0.0732422 0.041626
0 0.657388 0.736328 0.0572773 0.0722656 0.0407715
0 0.045887 0.947266 0.0820107 0.0898438 0.0309601
0 0.523307 0.553711 0.0533721 0.0683594 0.0258636
0 0.31112 0.519531 0.0728984 0.137695 0.0220337
0 0.766735 0.600586 0.0520703 0.0644531 0.0200958
0 0.0342525 0.290039 0.0675287 0.185547 0.0184326
0 0.445852 0.854492 0.05923 0.0644531 0.012146
0 0.516147 0.574219 0.0507686 0.0605469 0.00993347
0 0.354404 0.914062 0.168578 0.119141 0.00919342
0 0.142827 0.179199 0.281912 0.358398 0.00871277
0 0.124806 0.148926 0.238873 0.277344 0.00803375
0 0.300381 0.55957 0.0624844 0.0839844 0.00748825
0 0.690219 0.618896 0.619561 0.762207 0.00701141
0 0.642542 0.5 0.714915 1 0.0068512
0 0.740988 0.526367 0.518024 0.947266 0.00664139
0 0.371001 0.890625 0.222601 0.205078 0.00653839
0 0.343664 0.707031 0.0520703 0.0527344 0.0064621
0 0.136359 0.142578 0.193962 0.216797 0.00614548
0 0.5 0.5 1 1 0.00614548
0 0.5 0.5 1 1 0.006073
0 0.401918 0.5 0.803836 1 0.00582123
0 0.543609 0.552734 0.912782 0.894531 0.00579834
0 0.5 0.5 1 1 0.00564194
0 0.611788 0.563477 0.776423 0.873047 0.00559998
0 0.656086 0.691406 0.0663897 0.0986328 0.00547028
0 0.69266 0.5 0.61468 1 0.00542831
0 0.512893 0.545898 0.0839634 0.0712891 0.00521851
0 0.430556 0.524414 0.154258 0.150391 0.00519943
0 0.367747 0.439453 0.167927 0.447266 0.00519943
0 0.500651 0.5 0.998698 1 0.00503922
0 0.941822 0.253418 0.0742002 0.0898438 0.00453949
0 0.441947 0.912354 0.0598809 0.101074 0.00453949
0 0.0346593 0.256104 0.0611826 0.239746 0.00436401
0 0.5 0.5 1 1 0.00419998
0 0.946378 0.237305 0.075502 0.0839844 0.00407028
0 0.5 0.522461 1 0.955078 0.00403976
0 0.608534 0.5 0.782932 1 0.00388527
0 0.657388 0.757812 0.0520703 0.0800781 0.00383949
0 0.131803 0.244629 0.263606 0.489258 0.00333786
0 0.39248 0.870605 0.233015 0.239258 0.00333786
0 0.382391 0.530762 0.218044 0.513672 0.00314713
0 0.304286 0.536133 0.0761528 0.101562 0.00312424
0 0.505733 0.571289 0.0611826 0.0859375 0.00298119
0 0.0424699 0.270996 0.0849397 0.541992 0.00293541
0 0.169717 0.157227 0.127898 0.213379 0.00255013
0 0.508011 0.537231 0.272718 0.329834 0.00247192
0 0.312422 0.459473 0.0833125 0.15625 0.00234222
0 0.417864 0.554199 0.0572773 0.0683594 0.501953
0 0.669104 0.723633 0.0689932 0.0898438 0.461914
0 0.766735 0.597656 0.0624844 0.0673828 0.435791
0 0.534372 0.538086 0.0637861 0.0800781 0.36377
0 0.052233 0.936523 0.0846143 0.0878906 0.309082
0 0.428278 0.966797 0.0624844 0.0664062 0.203735
0 0.0238384 0.342773 0.0476769 0.0703125 0.189575
0 0.76999 0.572266 0.0715967 0.109375 0.175537
0 0.845492 0.780762 0.0833125 0.0996094 0.174927
0 0.945076 0.239746 0.0663897 0.0761719 0.167725
0 0.297452 0.555176 0.0533721 0.0673828 0.167236
0 0.024408 0.657227 0.0488159 0.0683594 0.119629
0 0.658039 0.695801 0.0768037 0.105469 0.118774
0 0.310795 0.418945 0.0611826 0.0742188 0.0984497
0 0.526561 0.509766 0.0742002 0.111328 0.0966797
0 0.136359 0.599609 0.0865669 0.111328 0.0897827
0 0.417539 0.506836 0.0761528 0.132812 0.085083
0 0.397687 0.490234 0.0527212 0.0849609 0.0731812
0 0.442598 0.861816 0.0579282 0.0771484 0.0731812
0 0.604667 0.477539 0.042958 0.0605469 0.0720825
0 0.349847 0.679688 0.0605317 0.0703125 0.0651245
0 0.840285 0.768555 0.0872178 0.126953 0.0648804
0 0.663897 0.707031 0.0963301 0.124023 0.053009
0 0.475792 0.541016 0.0533721 0.0664062 0.0509033
0 0.493366 0.488281 0.0637861 0.121094 0.0467224
0 0.15019 0.611816 0.0709458 0.118164 0.0467224
0 0.0302659 0.297607 0.0598809 0.156738 0.0460205
0 0.169066 0.62207 0.0797327 0.115234 0.0417786
0 0.118419 0.594727 0.0951097 0.126953 0.039856
0 0.315676 0.473633 0.0676914 0.142578 0.0381165
0 0.948331 0.244141 0.0872178 0.0869141 0.036438
0 0.439343 0.913818 0.0768037 0.156738 0.0354004
0 0.598158 0.65625 0.0520703 0.0673828 0.0351562
0 0.514194 0.417969 0.0520703 0.0644531 0.0335999
0 0.637861 0.407227 0.037751 0.0449219 0.0308533
0 0.958745 0.24707 0.0637861 0.101562 0.0307922
0 0.331948 0.427734 0.0820107 0.103516 0.0289307
0 0.669104 0.739258 0.0715967 0.09375 0.0287018
0 0.319582 0.922852 0.0728984 0.0898438 0.0267029
0 0.687979 0.489258 0.0494668 0.0742188 0.0243835
0 0.533721 0.541504 0.080709 0.121094 0.0239563
0 0.604667 0.441406 0.0572773 0.109375 0.0228882
0 0.561709 0.40332 0.048165 0.0712891 0.0214844
0 0.324463 0.910156 0.0963301 0.117188 0.0204926
0 0.833125 0.739258 0.0937266 0.164062 0.02034
0 0.281505 0.417969 0.0546738 0.0839844 0.0202942
0 0.345617 0.477539 0.0618335 0.107422 0.0199432
0 0.331948 0.677734 0.0728984 0.0703125 0.0190582
0 0.794072 0.560547 0.0728984 0.105469 0.0181885
0 0.697091 0.340332 0.0468633 0.0517578 0.0174408
0 0.412657 0.550781 0.0533721 0.0722656 0.433105
0 0.945076 0.238281 0.080709 0.0859375 0.424316
0 0.744605 0.678711 0.278576 0.421875 0.352295
0 0.770641 0.600586 0.0572773 0.0742188 0.2854
0 0.430882 0.435547 0.253843 0.276367 0.283691
0 0.720035 0.722656 0.335528 0.490234 0.180054
0 0.155072 0.618164 0.05923 0.0761719 0.146606
0 0.383693 0.465332 0.222601 0.183594 0.122131
0 0.695139 0.330566 0.0390527 0.0488281 0.112
0 0.7407 0.664551 0.249938 0.225586 0.10968
0 0.145471 0.634766 0.0390527 0.0585938 0.107422
0 0.488159 0.530762 0.085916 0.0996094 0.0991211
0 0.607921 0.473633 0.0338457 0.0410156 0.0853882
0 0.654133 0.71875 0.0781055 0.105469 0.081543
0 0.531117 0.549805 0.05923 0.0761719 0.0812378
0 0.410705 0.561523 0.0546738 0.0703125 0.0797729
0 0.301357 0.551758 0.0546738 0.0673828 0.0775146
0 0.437716 0.870117 0.054023 0.0800781 0.0753174
0 0.358634 0.527344 0.042958 0.0507812 0.0665894
0 0.543484 0.537109 0.048165 0.0644531 0.0621033
0 0.348871 0.900635 0.1484 0.13623 0.0492249
0 0.32186 0.924805 0.080709 0.0878906 0.0465393
0 0.398012 0.45459 0.259701 0.234375 0.0456848
0 0.719872 0.636719 0.213488 0.253906 0.0433655
0 0.168415 0.61377 0.0530466 0.0722656 0.0426331
0 0.0558129 0.945312 0.0624844 0.0742188 0.0384521
0 0.29615 0.541504 0.0579282 0.0703125 0.035675
0 0.313398 0.477051 0.0800581 0.125 0.0333862
0 0.658039 0.692871 0.0898213 0.126953 0.0314331
0 0.735493 0.617188 0.265559 0.341797 0.0294189
0 0.296801 0.564453 0.0455615 0.0625 0.0287018
0 0.786262 0.720215 0.195264 0.233398 0.0285492
0 0.685376 0.96875 0.0403545 0.0429688 0.0280151
0 0.487508 0.499023 0.115856 0.152344 0.0273285
0 0.0236757 0.325684 0.0473514 0.0771484 0.0256653
0 0.12741 0.11377 0.254819 0.227539 0.0254211
0 0.943774 0.229492 0.0924248 0.119141 0.0248413
0 0.375232 0.897461 0.178341 0.162109 0.0245667
0 0.564963 0.354004 0.037751 0.0419922 0.0238647
0 0.451385 0.378906 0.128223 0.160156 0.022934
0 0.110487 0.119507 0.220973 0.217041 0.022583
0 0.405498 0.9375 0.0872178 0.09375 0.022583
0 0.329019 0.462891 0.112602 0.166016 0.0217438
0 0.43316 0.955078 0.0657388 0.0742188 0.0204163
0 0.393456 0.433472 0.320883 0.328369 0.0196381
0 0.609223 0.665039 0.0416563 0.0683594 0.0192719
0 0.645672 0.520508 0.0364492 0.0410156 0.0186462
0 0.835729 0.749023 0.075502 0.140625 0.0185852
0 0.180782 0.637695 0.0475142 0.0585938 0.0184326
0 0.520703 0.447144 0.0598809 0.148682 0.0167847
0 0.661944 0.724609 0.0663897 0.0966797 0.602051
0 0.762179 0.610352 0.0494668 0.0703125 0.543945
0 0.409403 0.549805 0.0494668 0.0664062 0.46582
0 0.299404 0.549805 0.042958 0.0664062 0.320068
0 0.0233503 0.655273 0.0467006 0.078125 0.307373
0 0.419166 0.547852 0.0455615 0.0644531 0.224731
0 0.0431207 0.955078 0.0564637 0.0839844 0.193726
0 0.945076 0.251953 0.0702949 0.0839844 0.129883
0 0.0186314 0.345215 0.0372628 0.0693359 0.109314
0 0.533721 0.541992 0.042958 0.0605469 0.103394
0 0.410054 0.563477 0.0546738 0.0800781 0.103394
0 0.322185 0.930664 0.0559756 0.0722656 0.102295
0 0.476443 0.538086 0.0325439 0.046875 0.0984497
0 0.547389 0.538086 0.037751 0.0566406 0.0963745
0 0.0488159 0.939453 0.0735493 0.09375 0.0939941
0 0.659991 0.697266 0.0794072 0.130859 0.083313
0 0.441947 0.858398 0.0507686 0.0644531 0.0778198
0 0.153607 0.61377 0.048165 0.0712891 0.0609741
0 0.139451 0.647461 0.0361238 0.046875 0.0589905
0 0.424373 0.969727 0.0455615 0.0566406 0.0490417
0 0.292896 0.542969 0.0533721 0.0605469 0.0462036
0 0.601412 0.470703 0.0312422 0.0380859 0.0435181
0 0.94768 0.242188 0.0820107 0.0927734 0.0320435
0 0.756972 0.602051 0.0650879 0.0673828 0.0311432
0 0.335854 0.921875 0.0442598 0.0664062 0.0279083
0 0.838332 0.782227 0.0624844 0.09375 0.0273743
0 0.0229435 0.308594 0.045887 0.0986328 0.0231934
0 0.613128 0.662598 0.0520703 0.0703125 0.0211639
0 0.772593 0.570312 0.0689932 0.110352 0.0199432
0 0.316002 0.939453 0.0611826 0.0761719 0.0192719
0 0.315025 0.42334 0.0416563 0.0478516 0.0157166
0 0.310795 0.459961 0.0338457 0.0478516 0.0149536
0 0.297452 0.563477 0.0468633 0.0712891 0.014061
0 0.82922 0.768555 0.0833125 0.117188 0.0139542
0 0.712712 0.708008 0.0494668 0.0712891 0.0113297
0 0.18729 0.719727 0.0325439 0.0449219 0.0111618
0 0.409403 0.966797 0.0494668 0.0507812 0.0109024
0 0.0322185 0.635742 0.064437 0.0996094 0.0103302
0 0.352776 0.538574 0.0299404 0.0429688 0.0102081
0 0.519401 0.416016 0.0299404 0.0439453 0.00963593
0 0.48165 0.474609 0.0312422 0.0429688 0.00878143
0 0.808392 0.54248 0.0390527 0.0566406 0.0077858
0 0.461799 0.86377 0.0618335 0.0693359 0.00737381
0 0.138637 0.135254 0.277274 0.268555 0.00731659
0 0.65153 0.708496 0.122365 0.125977 0.00674438
0 0.0561383 0.606445 0.0302659 0.0537109 0.0064888
0 0.765434 0.62207 0.0598809 0.0878906 0.0064888
0 0.690583 0.593262 0.037751 0.0449219 0.00629044
0 0.807741 0.603027 0.0624844 0.0683594 0.00612259
0 0.74786 0.541016 0.0728984 0.0664062 0.00570679
0 0.764132 0.603516 0.0442598 0.0605469 0.634277
0 0.659991 0.714844 0.0624844 0.0878906 0.379395
0 0.411355 0.551758 0.0520703 0.0722656 0.350342
0 0.0541043 0.948242 0.0574401 0.0878906 0.250244
0 0.431533 0.970703 0.0449106 0.0527344 0.20813
0 0.943774 0.236572 0.0624844 0.0756836 0.182373
0 0.147587 0.646484 0.0305913 0.0410156 0.157104
0 0.840936 0.768066 0.0702949 0.108398 0.153564
0 0.550644 0.53125 0.0312422 0.0488281 0.147095
0 0.418515 0.547852 0.048165 0.0703125 0.142212
0 0.526561 0.543945 0.0364492 0.0664062 0.142212
0 0.300706 0.547363 0.0403545 0.0595703 0.122925
0 0.439994 0.857422 0.048165 0.0625 0.11676
0 0.656086 0.691895 0.0676914 0.113281 0.0987549
0 0.0554061 0.939453 0.0701322 0.09375 0.0769653
0 0.691233 0.974609 0.0364492 0.0449219 0.0761108
0 0.152468 0.601562 0.0416563 0.0742188 0.0682983
0 0.31828 0.927734 0.0494668 0.0703125 0.0680542
0 0.82922 0.760742 0.085916 0.117188 0.0583496
0 0.490112 0.54248 0.042958 0.0605469 0.0558167
0 0.519401 0.410156 0.0234316 0.0371094 0.0548096
0 0.846143 0.587891 0.0338457 0.0429688 0.0424805
0 0.605317 0.460449 0.0299404 0.0439453 0.0421753
0 0.192823 0.707031 0.0328694 0.0527344 0.041687
0 0.479047 0.462891 0.0260352 0.0419922 0.0405273
0 0.519401 0.463867 0.0208281 0.0410156 0.036499
0 0.946378 0.246338 0.0820107 0.122559 0.0362854
0 0.0219265 0.344238 0.043853 0.0751953 0.0344238
0 0.146285 0.553711 0.05923 0.0742188 0.0322876
0 0.661293 0.730957 0.0702949 0.120117 0.0321655
0 0.507686 0.566406 0.037751 0.0644531 0.031311
0 0.770641 0.552246 0.0520703 0.0742188 0.0309601
0 0.417864 0.564453 0.048165 0.0683594 0.0294189
0 0.64437 0.408203 0.0195264 0.0380859 0.0280151
0 0.298753 0.56543 0.0390527 0.0605469 0.0275269
0 0.613128 0.417969 0.0338457 0.0458984 0.0270691
0 0.23692 0.458008 0.0364492 0.0488281 0.0253296
0 0.751765 0.601562 0.0520703 0.0605469 0.0249329
0 0.030754 0.647461 0.048165 0.0742188 0.0244751
0 0.565614 0.353516 0.0299404 0.0488281 0.0222931
0 0.35538 0.473633 0.0286387 0.0429688 0.0222931
0 0.609223 0.649414 0.0338457 0.0605469 0.0216217
0 0.194287 0.672852 0.0344966 0.0585938 0.0195312
0 0.437391 0.461914 0.0221299 0.0380859 0.0187225
0 0.313724 0.413086 0.0299404 0.0410156 0.0184326
0 0.399965 0.458008 0.0227808 0.0410156 0.0184021
0 0.239849 0.429688 0.0585791 0.0703125 0.0175781
0 0.697742 0.334961 0.0299404 0.0458984 0.0170441
0 0.338457 0.919922 0.0520703 0.0742188 0.0165253
0 0.779753 0.333496 0.0325439 0.0488281 0.0154266
0 0.658689 0.731445 0.0494668 0.0761719 0.445557
0 0.760877 0.608398 0.0416563 0.0644531 0.378418
0 0.544786 0.531738 0.0416563 0.0478516 0.111633
0 0.412657 0.555176 0.0455615 0.0664062 0.11084
0 0.664547 0.728027 0.0598809 0.0888672 0.11084
0 0.443899 0.859375 0.0442598 0.0585938 0.0853882
0 0.411355 0.568359 0.0403545 0.0625 0.0789185
0 0.0510126 0.947266 0.0636234 0.0898438 0.0675659
0 0.421119 0.96875 0.048165 0.0585938 0.0623169
0 0.051989 0.938477 0.0789191 0.111328 0.0430298
0 0.517774 0.411133 0.0279878 0.0361328 0.0422363
0 0.416563 0.962891 0.0507686 0.0585938 0.0413818
0 0.419166 0.551758 0.0468633 0.0644531 0.0382385
0 0.0182246 0.333984 0.0364492 0.0732422 0.0369873
0 0.848746 0.78418 0.0624844 0.09375 0.0320435
0 0.314049 0.417969 0.0318931 0.0429688 0.029541
0 0.479372 0.470703 0.0305913 0.0410156 0.0255585
0 0.536975 0.538574 0.0397036 0.0615234 0.0254669
0 0.278251 0.412109 0.0305913 0.0371094 0.0241394
0 0.299404 0.550781 0.0403545 0.0605469 0.0220337
0 0.847444 0.597168 0.0351475 0.0458984 0.0196381
0 0.839634 0.768066 0.0833125 0.12207 0.0195007
0 0.664547 0.748047 0.0624844 0.0898438 0.0193024
0 0.602714 0.46582 0.0312422 0.0429688 0.0186157
0 0.601412 0.662109 0.037751 0.0585938 0.016983
0 0.753718 0.601074 0.0559756 0.0693359 0.0164642
0 0.774546 0.626465 0.0520703 0.0742188 0.0162811
0 0.60727 0.415527 0.0312422 0.0410156 0.0162201
0 0.197867 0.708008 0.0357983 0.0585938 0.0147324
0 0.297452 0.567383 0.0410054 0.0585938 0.0145035
0 0.47384 0.529297 0.0299404 0.0410156 0.0136337
0 0.945076 0.241699 0.0520703 0.0649414 0.0135345
0 0.652181 0.692383 0.075502 0.113281 0.0130234
0 0.64437 0.529785 0.0312422 0.0449219 0.0128708
0 0.151167 0.603516 0.0390527 0.0585938 0.0127258
0 0.941171 0.256348 0.0507686 0.0703125 0.0109863
0 0.0278251 0.65625 0.0406799 0.0751953 0.0105667
0 0.934662 0.647461 0.0520703 0.0546875 0.0102463
0 0.150028 0.650391 0.0299404 0.0410156 0.0102081
0 0.137986 0.179199 0.275973 0.356934 0.00891876
0 0.197704 0.669922 0.0406799 0.0585938 0.0085144
0 0.392805 0.462891 0.0260352 0.0351562 0.00834656
0 0.571146 0.35083 0.0292896 0.0356445 0.00831604
0 0.264908 0.861816 0.0455615 0.0673828 0.00806427
0 0.909278 0.707031 0.0455615 0.0644531 0.00775528
0 0.14238 0.1521 0.28476 0.304199 0.00757599
0 0.646974 0.411133 0.0260352 0.0371094 0.00751877
0 0.310469 0.929688 0.0468633 0.078125 0.00751877
0 0.434136 0.350098 0.0325439 0.0488281 0.00706482
0 0.024408 0.29541 0.0488159 0.133789 0.0069046
0 0.660642 0.722168 0.0533721 0.0830078 0.795898
0 0.763481 0.598633 0.0390527 0.0527344 0.743164
0 0.413959 0.553711 0.0442598 0.0625 0.390381
0 0.301357 0.54541 0.037751 0.0498047 0.389648
0 0.551945 0.527832 0.0312422 0.046875 0.174438
0 0.449757 0.85791 0.0462124 0.0634766 0.154053
0 0.48165 0.470703 0.026686 0.0390625 0.114746
0 0.607921 0.466797 0.0260352 0.0410156 0.0917358
0 0.486207 0.530273 0.0318931 0.0488281 0.0820923
0 0.948331 0.237793 0.0585791 0.0673828 0.0661011
0 0.52233 0.412109 0.0221299 0.03125 0.0548096
0 0.424373 0.970703 0.0468633 0.0507812 0.0499573
0 0.0283132 0.648926 0.0393782 0.0576172 0.0483093
0 0.301357 0.564453 0.0423071 0.0605469 0.0423889
0 0.650879 0.408203 0.0208281 0.0332031 0.0418396
0 0.748636 0.00830078 0.502729 0.0166016 0.0362854
0 0.530466 0.541992 0.037751 0.0625 0.0353394
0 0.291268 0.541992 0.042958 0.0507812 0.0347595
0 0.398012 0.460938 0.021479 0.0371094 0.0328979
0 0.7778 0.537109 0.0338457 0.0410156 0.0320435
0 0.610524 0.412109 0.0260352 0.0322266 0.0261536
0 0.662595 0.732422 0.0611826 0.101562 0.0259552
0 0.0198518 0.332031 0.03889 0.0620117 0.0254211
0 0.155886 0.607422 0.0312422 0.0488281 0.0254211
0 0.149051 0.644531 0.0234316 0.0429688 0.0229797
0 0.0535348 0.947266 0.0699695 0.0820312 0.0228882
0 0.522005 0.464355 0.0201772 0.0322266 0.0217438
0 0.813599 0.53418 0.0208281 0.0351562 0.0213623
0 0.658689 0.010498 0.658689 0.0209961 0.0191956
0 0.949632 0.249268 0.0598809 0.0732422 0.0185394
0 0.850048 0.592285 0.0260352 0.0429688 0.0149536
0 0.700346 0.339111 0.0312422 0.0371094 0.0148392
0 0.416563 0.55957 0.0585791 0.0732422 0.0142822
0 0.317303 0.414551 0.0260352 0.0351562 0.0139542
0 0.35896 0.481445 0.0260352 0.0449219 0.013588
0 0.753718 0.598633 0.0546738 0.0605469 0.0131226
0 0.941171 0.644531 0.0312422 0.0449219 0.0125275
0 0.275322 0.410156 0.0195264 0.03125 0.0123825
0 0.946378 0.239258 0.0781055 0.0771484 0.0112457
0 0.35538 0.512695 0.0227808 0.0507812 0.0107803
0 0.656086 0.705566 0.0715967 0.120117 0.0103683
0 0.148889 0.538086 0.024408 0.0332031 0.00746155
0 0.512242 0.569824 0.0364492 0.0556641 0.00723267
0 0.355705 0.701172 0.0305913 0.0488281 0.00695801
0 0.358634 0.406738 0.0182246 0.0234375 0.0069313
0 0.490763 0.00683594 0.736795 0.0136719 0.0064888
0 0.566265 0.405273 0.0156211 0.0234375 0.00634003
0 0.902769 0.53418 0.0260352 0.0351562 0.00634003
0 0.71857 0.703125 0.0390527 0.0585938 0.00614548
0 0.567566 0.350098 0.0208281 0.0302734 0.00582123
0 0.65934 0.723633 0.0598809 0.0820312 0.599121
0 0.764132 0.604492 0.0390527 0.046875 0.487305
0 0.412332 0.551758 0.048165 0.0585938 0.473633
0 0.300706 0.54541 0.0403545 0.0507812 0.197388
0 0.0497922 0.943359 0.0728984 0.105469 0.192505
0 0.0262792 0.652344 0.0375883 0.0517578 0.0943604
0 0.527212 0.540039 0.0403545 0.0585938 0.0830078
0 0.475142 0.467773 0.0260352 0.0292969 0.0678101
0 0.484905 0.536133 0.0364492 0.0449219 0.0526123
0 0.546087 0.525391 0.0390527 0.046875 0.0522461
0 0.520052 0.414062 0.0221299 0.0273438 0.033783
0 0.395084 0.464844 0.0260352 0.0273438 0.0275269
0 0.602714 0.466797 0.0234316 0.0273438 0.0265045
0 0.426 0.967773 0.0494668 0.046875 0.0236969
0 0.316327 0.416992 0.0286387 0.0332031 0.0195618
0 0.0195264 0.336426 0.0325439 0.0517578 0.0194244
0 0.272067 0.412109 0.0221299 0.0263672 0.0124283
0 0.522005 0.469727 0.0260352 0.0273438 0.0124283
0 0.289641 0.537598 0.042958 0.0449219 0.0115509
0 0.658689 0.703125 0.0702949 0.112305 0.0113297
0 0.441296 0.469727 0.0292896 0.0361328 0.00985718
0 0.313073 0.461914 0.0247334 0.0273438 0.00963593
0 0.450408 0.857422 0.0520703 0.0585938 0.00898743
0 0.604667 0.413086 0.0221299 0.0253906 0.00894928
0 0.750463 0.598633 0.0559756 0.0449219 0.00831604
0 0.560407 0.471191 0.0208281 0.0234375 0.00766754
0 0.144821 0.539062 0.0240825 0.0292969 0.00658798
0 0.480349 0.414062 0.0221299 0.0253906 0.00631332
0 0.659991 0.730957 0.0676914 0.108398 0.00572968
0 0.35538 0.478516 0.0247334 0.0351562 0.00553513
0 0.189406 0.658203 0.0273369 0.0351562 0.00544739
0 0.646974 0.412109 0.0195264 0.0253906 0.00538635
0 0.418515 0.964844 0.0631353 0.046875 0.0051384
0 0.56301 0.407227 0.0169229 0.0195312 0.00508118
0 0.771292 0.546875 0.0416563 0.0546875 0.00479126
0 0.150353 0.600586 0.0253843 0.03125 0.00475693
0 0.0344966 0.628906 0.0465378 0.0839844 0.00439835
0 0.415261 0.555664 0.0585791 0.0820312 0.00434875
0 0.394433 0.413574 0.0221299 0.0273438 0.0039444
0 0.267511 0.466797 0.0182246 0.0234375 0.00355148
0 0.353102 0.40625 0.0188755 0.0214844 0.00325966
0 0.0538602 0.898438 0.088845 0.203125 0.00324821
0 0.23513 0.469727 0.0227808 0.0253906 0.00288963
0 0.350173 0.52002 0.0286387 0.0390625 0.00279999
0 0.0252216 0.289551 0.0414935 0.116211 0.00269318
0 0.94768 0.23877 0.0598809 0.0600586 0.00265312
0 0.268813 0.855469 0.0410054 0.0507812 0.00265312
0 0.22618 0.414062 0.0240825 0.0322266 0.00264168
0 0.437391 0.407227 0.0208281 0.0214844 0.00245285
0 0.148889 0.654297 0.021479 0.0273438 0.00213242
