0 0.480349 0.841309 0.0833125 0.112305 0.898926
0 0.481 0.828125 0.0976318 0.132812 0.542969
0 0.310795 0.531738 0.0611826 0.0761719 0.535156
0 0.701648 0.966797 0.0637861 0.0664062 0.265869
0 0.805788 0.797852 0.080709 0.0898438 0.26123
0 0.314375 0.499023 0.0715967 0.0966797 0.0710449
0 0.0250588 0.344727 0.0501177 0.0917969 0.053009
0 0.0448293 0.948242 0.0815226 0.0898438 0.0330811
0 0.501828 0.57373 0.0546738 0.0644531 0.0207214
0 0.797978 0.811523 0.080709 0.105469 0.0193024
0 0.0336016 0.292969 0.0672033 0.186523 0.016922
0 0.349522 0.925781 0.108046 0.0839844 0.0122375
0 0.704251 0.942383 0.0794072 0.0996094 0.0117798
0 0.472864 0.84668 0.102839 0.130859 0.0107346
0 0.146773 0.181152 0.290943 0.362305 0.0104523
0 0.479047 0.824219 0.110649 0.253906 0.00871277
0 0.130176 0.158447 0.251239 0.299316 0.00844574
0 0.468633 0.858398 0.117158 0.173828 0.00787354
0 0.808392 0.78125 0.0989336 0.157227 0.00772476
0 0.497597 0.553223 0.0722476 0.078125 0.00701141
0 0.646448 0.5 0.707105 1 0.0068779
0 0.963952 0.96582 0.0650879 0.0644531 0.00664139
0 0.397687 0.817383 0.274671 0.300781 0.00661469
0 0.5 0.5 1 1 0.00636292
0 0.680294 0.5 0.639413 1 0.00616837
0 0.5 0.5 1 1 0.00612259
0 0.679968 0.583008 0.640064 0.833984 0.00609589
0 0.498573 0.570312 0.0611826 0.0859375 0.00605011
0 0.404196 0.5 0.808392 1 0.00584412
0 0.942473 0.253906 0.0781055 0.0927734 0.0055542
0 0.5 0.5 1 1 0.00538635
0 0.526686 0.5 0.946628 1 0.00534439
0 0.956141 0.957031 0.0728984 0.078125 0.00500107
0 0.588682 0.678711 0.822636 0.642578 0.0046463
0 0.40745 0.88501 0.222601 0.16748 0.00460815
0 0.363841 0.897461 0.203074 0.201172 0.00448608
0 0.820758 0.796387 0.101537 0.112305 0.00441742
0 0.701122 0.650391 0.597757 0.699219 0.00436401
0 0.5 0.5 1 1 0.00431442
0 0.0340084 0.253418 0.0602063 0.24707 0.00424957
0 0.5 0.535156 1 0.929688 0.0041008
0 0.94768 0.23877 0.0794072 0.0854492 0.00408554
0 0.5 0.5 1 1 0.00407028
0 0.330321 0.376953 0.0761528 0.37793 0.00392914
0 0.344966 0.919922 0.151004 0.0957031 0.00388527
0 0.605768 0.5 0.788464 1 0.00387001
0 0.646974 0.70459 0.0442598 0.0576172 0.00382423
0 0.307866 0.516113 0.0820107 0.107422 0.00366402
0 0.134407 0.242188 0.268813 0.484375 0.00345612
0 0.648275 0.676758 0.0494668 0.0625 0.00342941
0 0.704251 0.96582 0.0663897 0.0683594 0.756348
0 0.489136 0.817383 0.0715967 0.0966797 0.60498
0 0.801883 0.786621 0.0924248 0.105469 0.474609
0 0.0515822 0.9375 0.0833125 0.0859375 0.295898
0 0.303635 0.538086 0.0527212 0.0644531 0.240723
0 0.797978 0.766602 0.117158 0.146484 0.220703
0 0.960046 0.947266 0.0715967 0.0976562 0.201782
0 0.427302 0.966797 0.0618335 0.0644531 0.171631
0 0.023635 0.340576 0.0472701 0.0737305 0.149048
0 0.491414 0.54834 0.0618335 0.0751953 0.130249
0 0.775197 0.541504 0.0507686 0.0625 0.118408
0 0.692535 0.493164 0.0494668 0.0703125 0.11084
0 0.946378 0.240723 0.0689932 0.078125 0.107056
0 0.508336 0.547852 0.0520703 0.0742188 0.0891113
0 0.64437 0.401855 0.0468633 0.0537109 0.0856934
0 0.648275 0.676758 0.0585791 0.0722656 0.083313
0 0.568217 0.47168 0.048165 0.0585938 0.0823975
0 0.214139 0.517578 0.0478396 0.0683594 0.0713501
0 0.596856 0.668945 0.0572773 0.0673828 0.0700684
0 0.338457 0.677734 0.0813599 0.0761719 0.069519
0 0.79993 0.803711 0.0898213 0.101562 0.062561
0 0.699044 0.941406 0.080709 0.101562 0.0611877
0 0.314375 0.496094 0.0637861 0.124023 0.0538025
0 0.13701 0.598633 0.0826616 0.115234 0.0531921
0 0.695139 0.50293 0.0455615 0.078125 0.0483093
0 0.316653 0.414551 0.0553247 0.0703125 0.0474243
0 0.480023 0.485352 0.05923 0.0742188 0.0469055
0 0.47742 0.835938 0.096981 0.130859 0.0465393
0 0.95887 0.922119 0.0822607 0.144043 0.0462036
0 0.442598 0.541016 0.0501177 0.0625 0.0460205
0 0.0304286 0.296387 0.0595554 0.151367 0.0448608
0 0.948981 0.243164 0.0885195 0.0908203 0.0288086
0 0.335528 0.411133 0.0631353 0.0644531 0.0273285
0 0.798628 0.741211 0.102839 0.222656 0.0273285
0 0.562359 0.431763 0.0768037 0.128662 0.0270691
0 0.520703 0.416138 0.0468633 0.0915527 0.0261993
0 0.958094 0.245117 0.0650879 0.104492 0.026062
0 0.44455 0.356201 0.0611826 0.0766602 0.0252686
0 0.504431 0.552734 0.0598809 0.09375 0.0246582
0 0.508987 0.503418 0.0657388 0.121094 0.0241852
0 0.124033 0.594727 0.0955978 0.132812 0.0235596
0 0.262304 0.418457 0.0689932 0.0878906 0.0210419
0 0.0227808 0.720703 0.0426326 0.0957031 0.0194244
0 0.218044 0.501953 0.0566265 0.0996094 0.0186462
0 0.364492 0.489746 0.0533721 0.0908203 0.0180511
0 0.477094 0.833008 0.104792 0.179688 0.0175171
0 0.797327 0.548828 0.0637861 0.0644531 0.0171814
0 0.846143 0.577148 0.0416563 0.0566406 0.016922
0 0.31828 0.923828 0.0722476 0.0859375 0.0162811
0 0.809693 0.74707 0.124969 0.180664 0.0157776
0 0.480349 0.820312 0.0833125 0.117188 0.914551
0 0.701648 0.97168 0.0572773 0.0566406 0.869141
0 0.808392 0.750977 0.124969 0.195312 0.580566
0 0.946378 0.238525 0.0846143 0.0864258 0.387695
0 0.308191 0.537109 0.0462124 0.0585938 0.325928
0 0.950934 0.957031 0.0611826 0.078125 0.227417
0 0.216092 0.526367 0.0397036 0.0429688 0.157715
0 0.158164 0.614258 0.0624844 0.0878906 0.149536
0 0.48523 0.547852 0.0735493 0.0800781 0.130249
0 0.146122 0.632812 0.0449106 0.0625 0.129883
0 0.570495 0.48291 0.0475142 0.0498047 0.121277
0 0.609223 0.671875 0.0364492 0.0585938 0.0803833
0 0.477745 0.845703 0.107395 0.146484 0.0761108
0 0.790167 0.724609 0.164021 0.257812 0.0739746
0 0.961473 0.948242 0.0770537 0.0996094 0.0723877
0 0.353427 0.882812 0.165323 0.173828 0.0687866
0 0.955615 0.927734 0.0887695 0.126953 0.0639648
0 0.781055 0.543945 0.0364492 0.0507812 0.0611877
0 0.332274 0.918945 0.102188 0.0996094 0.0465393
0 0.773244 0.805664 0.137986 0.28125 0.0463867
0 0.240825 0.357422 0.102839 0.128906 0.0445251
0 0.134895 0.117676 0.269789 0.235352 0.0431213
0 0.503129 0.552734 0.0520703 0.0703125 0.0428772
0 0.648275 0.681152 0.0572773 0.0634766 0.0407715
0 0.445527 0.365234 0.0709458 0.0839844 0.0400085
0 0.943774 0.229004 0.0963301 0.120117 0.0374756
0 0.801883 0.549316 0.0364492 0.0527344 0.0332642
0 0.0545925 0.947266 0.0606945 0.0742188 0.0316162
0 0.461148 0.875 0.131478 0.212891 0.0310822
0 0.382391 0.481445 0.0403545 0.0507812 0.0302734
0 0.358634 0.529785 0.0247334 0.0380859 0.0301056
0 0.461473 0.536133 0.0637861 0.0673828 0.0298157
0 0.148075 0.567871 0.069644 0.0927734 0.0243378
0 0.0234316 0.32666 0.0468633 0.0771484 0.0239563
0 0.64437 0.529297 0.0312422 0.0390625 0.0231018
0 0.640465 0.69043 0.0494668 0.0605469 0.0228424
0 0.646974 0.401855 0.0208281 0.0380859 0.0218201
0 0.310795 0.491699 0.0507686 0.0732422 0.0216522
0 0.12924 0.600586 0.0988522 0.0878906 0.0209198
0 0.809693 0.964844 0.0442598 0.0546875 0.0195007
0 0.949632 0.896484 0.0715967 0.136719 0.0188293
0 0.683423 0.354736 0.0286387 0.0444336 0.0186462
0 0.596205 0.482422 0.0312422 0.046875 0.0186462
0 0.354404 0.681152 0.0384019 0.0595703 0.0175781
0 0.475142 0.47168 0.0611826 0.0527344 0.0162811
0 0.566265 0.366455 0.0520703 0.0610352 0.0156021
0 0.450734 0.478027 0.054023 0.0537109 0.0149536
0 0.132779 0.114014 0.265559 0.228027 0.014389
0 0.172808 0.625977 0.05923 0.0761719 0.0142288
0 0.198844 0.552734 0.0520703 0.0703125 0.0141754
0 0.699044 0.969727 0.0663897 0.0605469 0.865234
0 0.480023 0.833496 0.0839634 0.108398 0.81543
0 0.79993 0.794922 0.0911231 0.105469 0.602051
0 0.307215 0.540039 0.037751 0.0546875 0.564941
0 0.21479 0.533203 0.0351475 0.0498047 0.21936
0 0.0424699 0.957031 0.0553247 0.0820312 0.193726
0 0.958094 0.958008 0.0702949 0.0820312 0.0953369
0 0.047026 0.94043 0.0715967 0.0957031 0.0775146
0 0.563661 0.481445 0.0351475 0.046875 0.0772095
0 0.946378 0.251465 0.0781055 0.0878906 0.0761108
0 0.491739 0.544922 0.0488159 0.0664062 0.0753174
0 0.0183873 0.344727 0.0367747 0.0712891 0.069519
0 0.805788 0.773438 0.104141 0.146484 0.0639648
0 0.320883 0.929688 0.0520703 0.0664062 0.0637207
0 0.646323 0.67334 0.0546738 0.0673828 0.0548096
0 0.777149 0.540527 0.037751 0.0478516 0.0501404
0 0.139451 0.650879 0.0341711 0.0439453 0.0392761
0 0.426 0.972656 0.0488159 0.0546875 0.0293121
0 0.48165 0.819824 0.10349 0.124023 0.0248413
0 0.700346 0.935547 0.080709 0.128906 0.0197601
0 0.50736 0.546387 0.0397036 0.0673828 0.0195312
0 0.438692 0.540527 0.0344966 0.0458984 0.0190582
0 0.206817 0.535645 0.045887 0.0507812 0.0184021
0 0.142542 0.134155 0.285085 0.268311 0.0175781
0 0.0229435 0.305908 0.045887 0.106934 0.016922
0 0.337481 0.919922 0.042958 0.0625 0.0152512
0 0.316327 0.486328 0.0423071 0.0703125 0.0131683
0 0.519076 0.412109 0.0305913 0.0371094 0.012146
0 0.785611 0.78125 0.143193 0.140625 0.0115509
0 0.41103 0.969727 0.0546738 0.0527344 0.0115051
0 0.186314 0.130737 0.372628 0.261475 0.0112457
0 0.153607 0.61084 0.0423071 0.0673828 0.0103302
0 0.959195 0.927246 0.0816099 0.145508 0.0100555
0 0.611175 0.663086 0.0559756 0.0585938 0.00894928
0 0.601412 0.474609 0.0260352 0.0390625 0.00837708
0 0.63656 0.529297 0.0312422 0.0351562 0.00769424
0 0.80709 0.547852 0.0416563 0.0566406 0.00769424
0 0.516798 0.479492 0.0364492 0.0576172 0.0069046
0 0.507686 0.575195 0.0390527 0.0556641 0.00653839
0 0.484579 0.468262 0.0331948 0.0390625 0.00634003
0 0.687328 0.594727 0.0260352 0.0351562 0.00629044
0 0.255145 0.130493 0.510289 0.260986 0.00629044
0 0.355054 0.702148 0.037751 0.0566406 0.005867
0 0.483603 0.659668 0.042958 0.0429688 0.00564194
0 0.352776 0.538574 0.0247334 0.046875 0.00540543
0 0.827267 0.756348 0.0794072 0.140625 0.00538635
0 0.784309 0.816895 0.160116 0.198242 0.00526047
0 0.022618 0.65918 0.0397036 0.0664062 0.00519943
0 0.692535 0.530273 0.0286387 0.0361328 0.00518036
0 0.314375 0.941406 0.0572773 0.0742188 0.00518036
0 0.483278 0.824219 0.0689932 0.103516 0.721191
0 0.702298 0.964844 0.0611826 0.0703125 0.681641
0 0.806439 0.784668 0.080709 0.105469 0.42627
0 0.216092 0.526855 0.0331948 0.046875 0.400635
0 0.963301 0.948242 0.0728984 0.103516 0.376709
0 0.309818 0.53418 0.0390527 0.0585938 0.269043
0 0.566265 0.476562 0.0338457 0.046875 0.268066
0 0.0528839 0.950195 0.0558129 0.0859375 0.221313
0 0.148726 0.647949 0.0318931 0.0410156 0.170532
0 0.945076 0.236816 0.0650879 0.0771484 0.165039
0 0.809693 0.770508 0.0937266 0.128906 0.122498
0 0.957568 0.936523 0.0848643 0.119141 0.108582
0 0.790167 0.795898 0.080709 0.119141 0.0960083
0 0.431533 0.970703 0.0455615 0.0546875 0.0960083
0 0.496946 0.547363 0.0455615 0.0683594 0.093689
0 0.472213 0.829102 0.0930757 0.103516 0.0927124
0 0.846143 0.588379 0.0325439 0.0439453 0.0750122
0 0.505082 0.546875 0.0416563 0.0722656 0.0718384
0 0.778451 0.536133 0.0338457 0.0507812 0.0600891
0 0.0538602 0.939453 0.0699695 0.0976562 0.0526123
0 0.686026 0.482422 0.0286387 0.0527344 0.0520325
0 0.522005 0.405273 0.0247334 0.0371094 0.0514526
0 0.20763 0.53418 0.0442598 0.0556641 0.0451965
0 0.153282 0.602539 0.0449106 0.0878906 0.041626
0 0.316327 0.925781 0.048165 0.0664062 0.0400085
0 0.702949 0.941406 0.0742002 0.111328 0.0369873
0 0.364492 0.475098 0.0312422 0.0488281 0.0365601
0 0.946378 0.245605 0.0833125 0.123047 0.03302
0 0.714014 0.938477 0.0624844 0.105469 0.0321655
0 0.142868 0.549316 0.054023 0.0654297 0.0319824
0 0.0206654 0.34668 0.0413308 0.0732422 0.0317383
0 0.652181 0.404297 0.0260352 0.0429688 0.0316772
0 0.321534 0.408203 0.0312422 0.0429688 0.0311432
0 0.507035 0.567871 0.0371001 0.0605469 0.0311432
0 0.64437 0.674316 0.0494668 0.0712891 0.0283813
0 0.610524 0.407715 0.0234316 0.0361328 0.0236053
0 0.645672 0.690918 0.0442598 0.0683594 0.0236053
0 0.765434 0.337891 0.0312422 0.0439453 0.0227661
0 0.480023 0.461914 0.0201772 0.0410156 0.0219879
0 0.118623 0.584473 0.0745256 0.0722656 0.0199432
0 0.468633 0.807617 0.0950283 0.108398 0.0189819
0 0.494668 0.570312 0.0442598 0.0664062 0.0189056
0 0.352776 0.403809 0.0182246 0.0380859 0.0188751
0 0.831823 0.754883 0.075502 0.111328 0.0183411
0 0.364492 0.793457 0.037751 0.0517578 0.0162811
0 0.226506 0.487793 0.0318931 0.0634766 0.0156708
0 0.604016 0.465332 0.0195264 0.0380859 0.0155411
0 0.56301 0.404297 0.0273369 0.0410156 0.0153046
0 0.310469 0.479492 0.0325439 0.0585938 0.0149536
0 0.121714 0.569824 0.112602 0.111328 0.0147324
0 0.477745 0.830078 0.0715967 0.107422 0.710449
0 0.702949 0.972656 0.0494668 0.0546875 0.656738
0 0.799279 0.796875 0.080709 0.102539 0.643555
0 0.308517 0.53418 0.0351475 0.0527344 0.319092
0 0.211861 0.527344 0.0403545 0.0488281 0.215332
0 0.959396 0.958984 0.0728984 0.0820312 0.172729
0 0.476443 0.824219 0.101537 0.125 0.129883
0 0.565288 0.477051 0.0338457 0.0419922 0.106323
0 0.520052 0.407227 0.0260352 0.0332031 0.0430298
0 0.805788 0.773438 0.0937266 0.138672 0.0420837
0 0.0492227 0.949219 0.056301 0.0859375 0.0402527
0 0.847444 0.594727 0.0338457 0.0439453 0.037262
0 0.0177365 0.334961 0.0354729 0.0722656 0.03125
0 0.819457 0.777832 0.0950283 0.117188 0.0306244
0 0.421119 0.972656 0.0507686 0.0507812 0.0275269
0 0.794723 0.654785 0.0468633 0.0439453 0.0227661
0 0.415586 0.966797 0.048165 0.0546875 0.021286
0 0.051094 0.948242 0.0722476 0.0996094 0.0196381
0 0.652832 0.40918 0.0273369 0.0419922 0.0178528
0 0.958094 0.933594 0.0794072 0.130859 0.016922
0 0.480349 0.461914 0.0247334 0.0351562 0.0141754
0 0.610524 0.408203 0.0286387 0.0332031 0.0137405
0 0.317629 0.416992 0.0325439 0.0439453 0.0131226
0 0.908627 0.713867 0.0416563 0.0527344 0.0126266
0 0.801883 0.760254 0.109348 0.174805 0.0124817
0 0.389226 0.475098 0.0286387 0.0400391 0.0117798
0 0.733541 0.40332 0.0299404 0.03125 0.00993347
0 0.149702 0.651367 0.0273369 0.0371094 0.0088501
0 0.275322 0.410156 0.0286387 0.0351562 0.00857544
0 0.941171 0.257812 0.0468633 0.0673828 0.00772476
0 0.94768 0.241699 0.0520703 0.0644531 0.00763702
0 0.441947 0.395508 0.0273369 0.0371094 0.00734711
0 0.83703 0.750488 0.0742002 0.126953 0.0068512
0 0.3518 0.408203 0.0260352 0.0341797 0.00674438
0 0.936615 0.651367 0.0494668 0.0507812 0.00661469
0 0.592951 0.666504 0.0416563 0.0527344 0.00619125
0 0.786262 0.650391 0.0468633 0.0507812 0.00609589
0 0.689281 0.483398 0.0338457 0.0507812 0.00579834
0 0.480349 0.54541 0.0286387 0.0527344 0.00553513
0 0.0242452 0.294922 0.0484905 0.133789 0.00547028
0 0.439343 0.358398 0.0338457 0.0498047 0.0053215
0 0.604016 0.466309 0.0247334 0.0351562 0.00502014
0 0.782357 0.541016 0.0364492 0.0488281 0.00502014
0 0.146773 0.152832 0.293546 0.305664 0.00494385
0 0.766735 0.34082 0.0299404 0.0380859 0.0049057
0 0.316978 0.467773 0.0397036 0.0527344 0.00479126
0 0.564637 0.404297 0.0279878 0.03125 0.00462723
0 0.223089 0.479004 0.0328694 0.0546875 0.00462723
0 0.356682 0.472656 0.0325439 0.0410156 0.0045929
0 0.140264 0.178955 0.280529 0.35791 0.00438309
0 0.48165 0.827148 0.0742002 0.09375 0.864258
0 0.702949 0.964844 0.0624844 0.0625 0.767578
0 0.796025 0.788574 0.075502 0.0976562 0.649414
0 0.310469 0.529297 0.0338457 0.0546875 0.570801
0 0.21837 0.529785 0.0309168 0.0458984 0.540039
0 0.569519 0.474609 0.0312422 0.0429688 0.422607
0 0.791469 0.802246 0.0689932 0.09375 0.176147
0 0.960046 0.951172 0.0742002 0.0742188 0.130249
0 0.783007 0.539062 0.0338457 0.0439453 0.121277
0 0.206979 0.530273 0.0416563 0.0439453 0.0991211
0 0.483278 0.819336 0.0917739 0.134766 0.0980835
0 0.491414 0.54541 0.0351475 0.0546875 0.0907593
0 0.656086 0.40625 0.0286387 0.0390625 0.0753174
0 0.524608 0.406738 0.0208281 0.0292969 0.0598755
0 0.94768 0.238525 0.0624844 0.0698242 0.0440063
0 0.850699 0.589844 0.0273369 0.0429688 0.0429688
0 0.611826 0.408203 0.0234316 0.0292969 0.0415344
0 0.749287 0.00939941 0.501427 0.0187988 0.0362244
0 0.805788 0.537109 0.0286387 0.0410156 0.0344849
0 0.803836 0.771484 0.0833125 0.128906 0.0281067
0 0.42242 0.96875 0.0520703 0.046875 0.0271149
0 0.693186 0.478027 0.0273369 0.0429688 0.0259552
0 0.392155 0.476562 0.021479 0.0390625 0.023468
0 0.321209 0.411621 0.0305913 0.0371094 0.0228424
0 0.442923 0.539062 0.0351475 0.0449219 0.0219116
0 0.511591 0.570312 0.0364492 0.0546875 0.021286
0 0.0516635 0.950195 0.0655761 0.0800781 0.0208435
0 0.0196891 0.33252 0.037751 0.0605469 0.0204163
0 0.907976 0.705078 0.0351475 0.0498047 0.0198364
0 0.484905 0.464844 0.0221299 0.0322266 0.0192413
0 0.508662 0.549316 0.0410054 0.0654297 0.0174408
0 0.723777 0.709961 0.0338457 0.0566406 0.016922
0 0.663734 0.0113525 0.672032 0.0227051 0.0164032
0 0.150678 0.646484 0.0227808 0.0390625 0.0160217
0 0.357658 0.700195 0.0318931 0.0498047 0.0133286
0 0.148726 0.537109 0.024408 0.0292969 0.0132217
0 0.827918 0.770508 0.080709 0.0898438 0.0126724
0 0.739398 0.405273 0.0286387 0.0371094 0.0119171
0 0.366445 0.481934 0.0312422 0.0429688 0.0117798
0 0.94052 0.648438 0.0299404 0.0410156 0.0104904
0 0.604016 0.463867 0.0195264 0.0371094 0.01017
0 0.564312 0.407227 0.0201772 0.0244141 0.00985718
0 0.352125 0.407227 0.0182246 0.0263672 0.00963593
0 0.494343 0.571289 0.037751 0.0546875 0.0085144
0 0.487183 0.658203 0.0312422 0.0449219 0.00837708
0 0.956266 0.945801 0.0874678 0.108398 0.00769424
0 0.365143 0.512207 0.0286387 0.0527344 0.00763702
0 0.23334 0.476562 0.0201772 0.0380859 0.0069313
0 0.441947 0.402344 0.0195264 0.0292969 0.00582123
0 0.520703 0.468262 0.0195264 0.03125 0.00557709
0 0.479047 0.824219 0.0768037 0.0996094 0.794922
0 0.79993 0.791016 0.100235 0.111328 0.783203
0 0.699695 0.97168 0.0598809 0.0527344 0.605957
0 0.957443 0.953125 0.0794072 0.0859375 0.417725
0 0.312096 0.532715 0.0338457 0.0419922 0.383057
0 0.564963 0.474121 0.0286387 0.0302734 0.323486
0 0.0485718 0.943359 0.0701322 0.101562 0.158691
0 0.956592 0.944336 0.0868169 0.111328 0.112793
0 0.809043 0.77832 0.0937266 0.128906 0.108215
0 0.215441 0.525391 0.0312422 0.0351562 0.0950317
0 0.490763 0.548828 0.0442598 0.0585938 0.0503235
0 0.520703 0.411133 0.0221299 0.0234375 0.0381165
0 0.204051 0.529297 0.037751 0.03125 0.0293732
0 0.425349 0.96875 0.0585791 0.0449219 0.0174408
0 0.319582 0.414062 0.0299404 0.03125 0.016922
0 0.0196891 0.337402 0.0312422 0.0498047 0.0154266
0 0.652181 0.412109 0.0260352 0.0263672 0.0120544
0 0.477094 0.46582 0.0234316 0.0234375 0.0108185
0 0.505733 0.549805 0.0442598 0.0683594 0.0107346
0 0.605317 0.409668 0.0208281 0.0214844 0.00926971
0 0.391178 0.476562 0.0234316 0.03125 0.0088501
0 0.145471 0.538086 0.0231062 0.0273438 0.00834656
0 0.518425 0.46875 0.0221299 0.0214844 0.00748825
0 0.439343 0.541504 0.0338457 0.0458984 0.00664139
0 0.602714 0.467773 0.0156211 0.0234375 0.0064888
0 0.778451 0.53418 0.0286387 0.0351562 0.00602722
0 0.435763 0.471191 0.021479 0.0263672 0.00593567
0 0.561709 0.40918 0.0208281 0.0195312 0.00530243
0 0.916438 0.970703 0.104141 0.0585938 0.00524139
0 0.313073 0.472656 0.0260352 0.0253906 0.00482941
0 0.225367 0.480469 0.0218044 0.0332031 0.00477219
0 0.350173 0.407715 0.0195264 0.0234375 0.00441742
0 0.0292896 0.605469 0.0322185 0.0390625 0.00436401
0 0.831172 0.756836 0.0728984 0.116211 0.00413513
0 0.0242452 0.652344 0.0270115 0.0390625 0.00391388
0 0.359285 0.474609 0.0221299 0.0292969 0.00341606
0 0.809693 0.539062 0.0286387 0.0390625 0.00336266
0 0.351149 0.525391 0.0208281 0.03125 0.00332451
0 0.439018 0.404297 0.0208281 0.0234375 0.00311089
0 0.475142 0.413086 0.0201772 0.0273438 0.00309944
0 0.269464 0.464844 0.0182246 0.0214844 0.00302696
0 0.686026 0.478516 0.0234316 0.0351562 0.00296974
0 0.730286 0.407227 0.0234316 0.0273438 0.00293541
0 0.94768 0.239258 0.0572773 0.0605469 0.00287819
0 0.486857 0.665527 0.0364492 0.0449219 0.00266266
0 0.849397 0.591797 0.0273369 0.0380859 0.00247192
0 0.0253843 0.287598 0.0403545 0.106445 0.00234222
0 0.395734 0.407227 0.0208281 0.0214844 0.00233269
0 0.264908 0.856934 0.0384019 0.0517578 0.00227928
0 0.268813 0.414062 0.0221299 0.0273438 0.00222588
