0 0.513218 0.964844 0.0846143 0.0703125 0.697754
0 0.300381 0.76709 0.080709 0.107422 0.540039
0 0.380439 0.800781 0.0709458 0.0839844 0.2854
0 0.649577 0.635742 0.0676914 0.0683594 0.266602
0 0.308842 0.756836 0.0904722 0.123047 0.222046
0 0.650879 0.620605 0.0702949 0.0771484 0.157715
0 0.518425 0.950195 0.100235 0.0996094 0.115967
0 0.475467 0.534668 0.0572773 0.0615234 0.0621033
0 0.771942 0.974609 0.0546738 0.0507812 0.0484924
0 0.813599 0.738281 0.0676914 0.0742188 0.0469055
0 0.809043 0.782227 0.0598809 0.0820312 0.0455322
0 0.38532 0.533203 0.0624844 0.0664062 0.03302
0 0.520703 0.861328 0.0676914 0.0820312 0.0189819
0 0.391829 0.503418 0.0839634 0.120117 0.0175781
0 0.839634 0.77832 0.0520703 0.078125 0.0142822
0 0.352776 0.77832 0.180944 0.142578 0.0119629
0 0.649577 0.591797 0.0702949 0.158203 0.0118713
0 0.574075 0.594727 0.0911231 0.0751953 0.0102921
0 0.938567 0.404785 0.0559756 0.0654297 0.0100098
0 0.0413308 0.319336 0.0742002 0.140625 0.00978088
0 0.0432834 0.282227 0.076641 0.179688 0.00891876
0 0.768037 0.529297 0.0494668 0.0488281 0.00818634
0 0.373605 0.529785 0.0637861 0.0771484 0.00812531
0 0.47384 0.79541 0.0468633 0.0615234 0.00800323
0 0.828694 0.176025 0.342612 0.352051 0.00695801
0 0.0381578 0.214355 0.0743629 0.34668 0.00695801
0 0.650228 0.854492 0.0559756 0.0625 0.00677109
0 0.844966 0.243103 0.310068 0.442505 0.00671768
0 0.626271 0.5 0.747459 1 0.00616837
0 0.794723 0.78418 0.0650879 0.0839844 0.00614548
0 0.617033 0.579102 0.164021 0.138672 0.00605011
0 0.640465 0.620117 0.0937266 0.0898438 0.00605011
0 0.524083 0.5 0.951835 1 0.00600433
0 0.402243 0.474609 0.105442 0.189453 0.00595856
0 0.5 0.5 1 1 0.00595856
0 0.531768 0.899414 0.136685 0.201172 0.005867
0 0.420468 0.77832 0.195264 0.144531 0.00582123
0 0.5 0.5 1 1 0.00572968
0 0.613779 0.842773 0.048165 0.0566406 0.00568771
0 0.774546 0.490723 0.0520703 0.0693359 0.00544739
0 0.487508 0.5 0.975017 1 0.00534439
0 0.5 0.5 1 1 0.00521851
0 0.5 0.5 1 1 0.0050621
0 0.425024 0.472656 0.132779 0.19043 0.00492477
0 0.430882 0.791016 0.156211 0.105469 0.0049057
0 0.5 0.5 1 1 0.00481033
0 0.723777 0.418945 0.0911231 0.149414 0.00466537
0 0.818605 0.350098 0.36279 0.678711 0.0046463
0 0.5 0.5 1 1 0.00462723
0 0.834427 0.759766 0.106744 0.164062 0.00460815
0 0.380764 0.79541 0.0598809 0.0810547 0.878418
0 0.30396 0.74707 0.0794072 0.115234 0.79834
0 0.512567 0.950195 0.0872178 0.0976562 0.394287
0 0.765434 0.974609 0.0598809 0.0507812 0.270508
0 0.941822 0.411133 0.042958 0.046875 0.165039
0 0.369699 0.536621 0.0507686 0.0595703 0.155029
0 0.656086 0.820312 0.085916 0.0996094 0.141235
0 0.382066 0.524414 0.0689932 0.0800781 0.11554
0 0.0471074 0.33252 0.0730612 0.0957031 0.106689
0 0.841586 0.422363 0.0598809 0.0732422 0.106323
0 0.569519 0.570312 0.0650879 0.0898438 0.104492
0 0.395734 0.474121 0.0976318 0.178711 0.093689
0 0.326741 0.764648 0.123667 0.113281 0.0847778
0 0.469935 0.519531 0.0546738 0.078125 0.0775146
0 0.585954 0.550781 0.0803835 0.113281 0.0731812
0 0.0414122 0.305664 0.0750138 0.133301 0.0718384
0 0.37035 0.770996 0.104141 0.119141 0.0661011
0 0.0266047 0.638672 0.0463751 0.0800781 0.0623169
0 0.526561 0.832031 0.0546738 0.0585938 0.0623169
0 0.902118 0.541016 0.0624844 0.0917969 0.0594177
0 0.653482 0.613281 0.0624844 0.078125 0.0589905
0 0.971887 0.42041 0.0562256 0.0546875 0.0524292
0 0.588395 0.57373 0.0872178 0.109375 0.0495911
0 0.131803 0.644043 0.0527212 0.0732422 0.0470886
0 0.809693 0.730957 0.0702949 0.0634766 0.0455322
0 0.465704 0.785645 0.0494668 0.0556641 0.0451965
0 0.51094 0.514648 0.048165 0.078125 0.0403748
0 0.404847 0.445312 0.102839 0.15332 0.0402527
0 0.509638 0.489258 0.048165 0.0722656 0.0351562
0 0.760227 0.520508 0.0520703 0.0722656 0.0295868
0 0.431533 0.78418 0.0689932 0.0732422 0.0284882
0 0.302984 0.719727 0.0846143 0.144531 0.0278473
0 0.831823 0.426758 0.0650879 0.0957031 0.0271149
0 0.699044 0.458496 0.080709 0.15918 0.0270691
0 0.622891 0.556641 0.0950283 0.144531 0.0264587
0 0.0261979 0.476562 0.0507686 0.0927734 0.0243378
0 0.37751 0.484375 0.0781055 0.148438 0.0241852
0 0.680169 0.502441 0.0455615 0.0908203 0.0240479
0 0.721825 0.436401 0.113253 0.189697 0.0223694
0 0.824013 0.435547 0.0520703 0.0957031 0.0221558
0 0.973715 0.586426 0.0442598 0.0664062 0.0216217
0 0.596856 0.404297 0.0598809 0.0751953 0.0213623
0 0.913834 0.544922 0.0742002 0.0800781 0.0211639
0 0.480674 0.496094 0.0670405 0.114258 0.0191956
0 0.417213 0.476562 0.132779 0.18457 0.0187683
0 0.17948 0.473145 0.0966555 0.150391 0.018692
0 0.11846 0.639648 0.0514194 0.078125 0.0185852
0 0.0382391 0.257568 0.0732239 0.213867 0.0183411
0 0.853302 0.896484 0.048165 0.0722656 0.0174408
0 0.844841 0.774902 0.0676914 0.0976562 0.0173798
0 0.381741 0.793945 0.0598809 0.0927734 0.721191
0 0.306239 0.749023 0.0833125 0.12207 0.660156
0 0.769339 0.977539 0.0546738 0.0449219 0.632324
0 0.516798 0.942383 0.0833125 0.0996094 0.503906
0 0.165649 0.0966797 0.331297 0.193359 0.484375
0 0.568217 0.448242 0.190057 0.341797 0.27832
0 0.588232 0.475098 0.125294 0.271484 0.267334
0 0.124643 0.530273 0.23692 0.310547 0.20752
0 0.607921 0.456909 0.188755 0.338135 0.206909
0 0.65153 0.456909 0.262955 0.359619 0.137085
0 0.360587 0.529297 0.0325439 0.046875 0.131226
0 0.157025 0.555176 0.146773 0.287109 0.103027
0 0.827267 0.772461 0.119762 0.125 0.0897827
0 0.564637 0.427856 0.194613 0.24585 0.0888062
0 0.598809 0.582031 0.0885195 0.117188 0.0838623
0 0.950283 0.412109 0.0598809 0.0585938 0.0823975
0 0.657388 0.619141 0.0598809 0.0683594 0.0783691
0 0.82186 0.0606079 0.356281 0.121216 0.0772095
0 0.398338 0.912109 0.0468633 0.0585938 0.0742188
0 0.977745 0.605957 0.0445098 0.0576172 0.0685425
0 0.589045 0.552734 0.108046 0.140625 0.0628052
0 0.343664 0.766602 0.0911231 0.121094 0.0621033
0 0.471236 0.529297 0.0553247 0.0742188 0.0611877
0 0.747209 0.979492 0.0546738 0.0410156 0.0603027
0 0.767386 0.0577393 0.256446 0.115479 0.0577087
0 0.855255 0.90918 0.0260352 0.0429688 0.0572815
0 0.887799 0.215332 0.0364492 0.0439453 0.0531921
0 0.454964 0.484863 0.0956792 0.166992 0.0520325
0 0.521354 0.827148 0.0533721 0.0488281 0.0488586
0 0.452361 0.470703 0.134081 0.1875 0.0474243
0 0.168415 0.630371 0.140915 0.157227 0.0474243
0 0.667151 0.446289 0.235618 0.255859 0.0462036
0 0.870876 0.722168 0.225204 0.239258 0.0462036
0 0.374581 0.804199 0.0657388 0.0888672 0.0456848
0 0.760877 0.0571899 0.204376 0.11438 0.0413208
0 0.773244 0.0606689 0.234316 0.121338 0.0406189
0 0.545111 0.425293 0.24408 0.303711 0.0395508
0 0.381415 0.493164 0.0872178 0.0957031 0.0394897
0 0.899515 0.962891 0.0442598 0.0507812 0.0388184
0 0.427627 0.467773 0.156211 0.175781 0.0362854
0 0.0975912 0.921631 0.159547 0.141113 0.0360107
0 0.385971 0.524414 0.0637861 0.0742188 0.0348816
0 0.476769 0.482422 0.130176 0.146484 0.0344849
0 0.81425 0.900391 0.037751 0.0527344 0.033844
0 0.280854 0.765137 0.121063 0.196289 0.0330811
0 0.965704 0.41394 0.0685923 0.0783691 0.032959
0 0.219021 0.833984 0.0572773 0.0761719 0.0319824
0 0.159465 0.480957 0.134732 0.149414 0.0316162
0 0.534372 0.486328 0.0676914 0.164062 0.0310211
0 0.803185 0.766602 0.0781055 0.123047 0.0301056
0 0.375883 0.792969 0.054023 0.0917969 0.953613
0 0.509638 0.952637 0.0872178 0.0947266 0.78418
0 0.304611 0.745117 0.0820107 0.119141 0.700684
0 0.360261 0.529297 0.0390527 0.0546875 0.341553
0 0.37751 0.800781 0.0689932 0.0957031 0.246582
0 0.967206 0.60498 0.0390527 0.0615234 0.19812
0 0.766735 0.978027 0.0520703 0.0439453 0.182983
0 0.382066 0.770508 0.085916 0.131836 0.069519
0 0.391504 0.896729 0.0475142 0.0581055 0.0632324
0 0.361889 0.762695 0.0950283 0.138672 0.0607605
0 0.538602 0.939453 0.0670405 0.0976562 0.0566406
0 0.526561 0.955078 0.0898213 0.0898438 0.0539856
0 0.889101 0.967773 0.0416563 0.0527344 0.0522461
0 0.861113 0.895508 0.0351475 0.0546875 0.0514526
0 0.0382391 0.335693 0.0628098 0.0883789 0.0414734
0 0.391178 0.538086 0.0501177 0.0566406 0.0401001
0 0.766735 0.534668 0.0364492 0.0419922 0.0359497
0 0.514194 0.477539 0.0338457 0.046875 0.0350647
0 0.896911 0.577148 0.0455615 0.0683594 0.0346985
0 0.647625 0.616211 0.0650879 0.0820312 0.0325928
0 0.397036 0.46875 0.042958 0.0800781 0.03125
0 0.745907 0.976562 0.075502 0.046875 0.0309601
0 0.904722 0.550781 0.0533721 0.0703125 0.0305023
0 0.769339 0.726562 0.0650879 0.0664062 0.0273743
0 0.119762 0.65332 0.0507686 0.0644531 0.0263062
0 0.464728 0.530273 0.0455615 0.0625 0.0239563
0 0.943124 0.411133 0.0442598 0.046875 0.0230713
0 0.610362 0.526367 0.0602063 0.0800781 0.0222931
0 0.0580909 0.921875 0.0973064 0.126953 0.0222931
0 0.0436089 0.34082 0.0559756 0.0703125 0.0220337
0 0.576679 0.546875 0.0637861 0.0800781 0.0217743
0 0.802534 0.736328 0.0572773 0.0634766 0.0205688
0 0.126921 0.661621 0.0514194 0.0644531 0.0202942
0 0.810995 0.90625 0.0416563 0.0546875 0.0195007
0 0.442272 0.533203 0.0384019 0.0585938 0.0187683
0 0.640465 0.550781 0.0728984 0.142578 0.0183716
0 0.369374 0.49707 0.0546738 0.0917969 0.0164032
0 0.589696 0.972656 0.0559756 0.0546875 0.0157776
0 0.0414935 0.302734 0.0759901 0.124023 0.0141754
0 0.652181 0.631836 0.0546738 0.078125 0.0139008
0 0.28541 0.717773 0.188104 0.113281 0.0137939
0 0.0478396 0.938477 0.0758274 0.0957031 0.0136337
0 0.650228 0.483887 0.048165 0.0595703 0.0130234
0 0.626146 0.595703 0.0911231 0.109375 0.012825
0 0.5181 0.834961 0.0702949 0.0791016 0.0122375
0 0.402894 0.422852 0.0572773 0.0644531 0.0117798
0 0.606619 0.480469 0.0598809 0.0644531 0.011734
0 0.680819 0.527344 0.0364492 0.0644531 0.0111618
0 0.0180619 0.650391 0.0361238 0.0761719 0.0107346
0 0.585791 0.394653 0.080709 0.109131 0.0105667
0 0.373605 0.795898 0.0572773 0.078125 0.691895
0 0.51094 0.95166 0.0794072 0.0966797 0.480469
0 0.30396 0.748047 0.0624844 0.117188 0.443604
0 0.359611 0.529297 0.0331948 0.0507812 0.391357
0 0.766735 0.975586 0.0468633 0.0488281 0.343262
0 0.502479 0.943359 0.0937266 0.0976562 0.181885
0 0.860462 0.891602 0.0338457 0.0585938 0.178345
0 0.972413 0.597168 0.0390527 0.0517578 0.172729
0 0.968508 0.416992 0.0598809 0.0673828 0.151001
0 0.948981 0.40332 0.0494668 0.0566406 0.146118
0 0.132454 0.655273 0.0384019 0.0488281 0.114746
0 0.524608 0.824219 0.0442598 0.0605469 0.110474
0 0.766735 0.530273 0.0338457 0.0429688 0.108215
0 0.652181 0.633789 0.0520703 0.0732422 0.103394
0 0.466355 0.532227 0.0384019 0.0566406 0.0758667
0 0.402894 0.911133 0.037751 0.0605469 0.0758667
0 0.855255 0.862305 0.0403545 0.0722656 0.0753174
0 0.65153 0.619141 0.0546738 0.0742188 0.0734253
0 0.747209 0.977539 0.0676914 0.0449219 0.0734253
0 0.803836 0.733887 0.0507686 0.0625 0.0673218
0 0.519727 0.46875 0.026686 0.0410156 0.0639648
0 0.121877 0.655273 0.0445852 0.0566406 0.0522461
0 0.375557 0.808594 0.0572773 0.0859375 0.0510864
0 0.595554 0.527344 0.0325439 0.0488281 0.0497742
0 0.155886 0.5 0.311771 1 0.0463867
0 0.0219265 0.5 0.043853 1 0.0401001
0 0.537301 0.953125 0.0995845 0.09375 0.0388184
0 0.397362 0.536621 0.0312422 0.0458984 0.0319824
0 0.453012 0.533203 0.0416563 0.0566406 0.0297089
0 0.976318 0.457031 0.0364492 0.046875 0.02948
0 0.90342 0.541016 0.0494668 0.0654297 0.028656
0 0.960697 0.364746 0.0781055 0.142578 0.0276947
0 0.485556 0.40625 0.0292896 0.0419922 0.0276337
0 0.785611 0.785156 0.0468633 0.0742188 0.0273743
0 0.536975 0.931641 0.0885195 0.0820312 0.0266113
0 0.194287 0.701172 0.0351475 0.0517578 0.0262604
0 0.00585791 0.51416 0.0117158 0.946289 0.026062
0 0.0333575 0.637695 0.0532094 0.0761719 0.0256195
0 0.47384 0.478516 0.0325439 0.0488281 0.0239563
0 0.801883 0.776855 0.0507686 0.078125 0.0214539
0 0.178015 0.59375 0.0344966 0.0488281 0.0207672
0 0.811646 0.908203 0.0351475 0.0429688 0.0200958
0 0.222763 0.697754 0.0413308 0.0634766 0.0186157
0 0.198193 0.671875 0.0475142 0.0644531 0.0184326
0 0.217394 0.673828 0.0468633 0.0644531 0.0179901
0 0.973064 0.730469 0.0390527 0.0517578 0.016922
0 0.404521 0.414062 0.0357983 0.0488281 0.0164032
0 0.563661 0.582031 0.0299404 0.046875 0.0161591
0 0.3518 0.754883 0.112602 0.141602 0.0157776
0 0.104792 0.964844 0.0397036 0.0429688 0.0154266
0 0.374906 0.798828 0.0546738 0.0761719 0.743164
0 0.30331 0.759766 0.0748511 0.115234 0.603027
0 0.51094 0.953125 0.0774546 0.09375 0.430176
0 0.764783 0.977539 0.0455615 0.0449219 0.299072
0 0.361238 0.530273 0.0351475 0.0449219 0.269043
0 0.864367 0.900391 0.0338457 0.0546875 0.172119
0 0.516798 0.473633 0.0312422 0.0410156 0.0742188
0 0.751114 0.978516 0.080709 0.0429688 0.0623169
0 0.467331 0.535156 0.0390527 0.0576172 0.0486755
0 0.336179 0.756836 0.124969 0.160156 0.0470886
0 0.898213 0.546875 0.0442598 0.0625 0.0463867
0 0.524608 0.9375 0.110649 0.113281 0.0430298
0 0.942473 0.400391 0.0312422 0.0429688 0.041626
0 0.487834 0.405273 0.0305913 0.0380859 0.0316772
0 0.524934 0.826172 0.0449106 0.0527344 0.0273743
0 0.0270115 0.325195 0.051094 0.0810547 0.0253754
0 0.129199 0.657227 0.0475142 0.0664062 0.0231934
0 0.482952 0.470703 0.0351475 0.0390625 0.0225372
0 0.972413 0.609375 0.0416563 0.0585938 0.0189056
0 0.598809 0.527344 0.0338457 0.0488281 0.0180969
0 0.605968 0.407715 0.0286387 0.0390625 0.0174408
0 0.20763 0.848633 0.0579282 0.0703125 0.0173798
0 0.846143 0.455566 0.0299404 0.046875 0.0171814
0 0.68147 0.46582 0.0299404 0.0371094 0.0149536
0 0.466029 0.782715 0.042958 0.0693359 0.0127258
0 0.983603 0.481445 0.0327939 0.0556641 0.012146
0 0.395734 0.420898 0.0338457 0.0488281 0.0119629
0 0.0476769 0.188477 0.0953538 0.359375 0.0118256
0 0.846143 0.416992 0.0338457 0.0507812 0.0117798
0 0.0376696 0.28418 0.0753392 0.161133 0.011467
0 0.981525 0.421875 0.0338457 0.0546875 0.0114212
0 0.449432 0.541016 0.0390527 0.0537109 0.0112457
0 0.894959 0.975586 0.0416563 0.0449219 0.0111618
0 0.768037 0.53418 0.0312422 0.0449219 0.0104904
0 0.856557 0.853027 0.0403545 0.0634766 0.0102463
0 0.0702136 0.188477 0.140427 0.376953 0.00908661
0 0.165649 0.467285 0.0702949 0.0820312 0.00857544
0 0.727683 0.40332 0.0286387 0.0410156 0.00787354
0 0.044097 0.312012 0.0803835 0.138672 0.00754929
0 0.290617 0.702148 0.0794072 0.119141 0.00712204
0 0.895609 0.56543 0.048165 0.0703125 0.00701141
0 0.383693 0.762695 0.0865669 0.154297 0.0068512
0 0.22016 0.81543 0.0829871 0.134766 0.00682449
0 0.60727 0.472168 0.0325439 0.0371094 0.00656509
0 0.144495 0.186279 0.28899 0.372559 0.00605011
0 0.80709 0.733887 0.0494668 0.0634766 0.00600433
0 0.188755 0.470703 0.0520703 0.0820312 0.00598145
0 0.0445038 0.246826 0.0890077 0.242676 0.00582123
0 0.243917 0.720215 0.117484 0.139648 0.00561905
0 0.564963 0.401367 0.0260352 0.0322266 0.00553513
0 0.374906 0.79248 0.0650879 0.0849609 0.898438
0 0.504757 0.951172 0.0963301 0.09375 0.716797
0 0.300381 0.753418 0.0735493 0.116211 0.584961
0 0.768037 0.972656 0.0468633 0.046875 0.536133
0 0.300706 0.758789 0.0663897 0.0898438 0.439697
0 0.363841 0.521484 0.0318931 0.0488281 0.228882
0 0.893006 0.536133 0.0390527 0.0585938 0.142212
0 0.521354 0.470703 0.0247334 0.0400391 0.138428
0 0.863716 0.888428 0.0299404 0.0473633 0.126343
0 0.745907 0.977539 0.0728984 0.0449219 0.110474
0 0.772593 0.531738 0.0260352 0.0380859 0.108948
0 0.527537 0.822754 0.0468633 0.0576172 0.0881958
0 0.945076 0.398926 0.0338457 0.0488281 0.0692749
0 0.468958 0.529297 0.0338457 0.0458984 0.0539856
0 0.60011 0.527344 0.0260352 0.046875 0.0488586
0 0.520052 0.948242 0.104141 0.0957031 0.0479431
0 0.682121 0.466309 0.0234316 0.0341797 0.0395508
0 0.850048 0.419922 0.0286387 0.0410156 0.0310822
0 0.488485 0.40625 0.0292896 0.03125 0.0294189
0 0.900816 0.967773 0.0338457 0.046875 0.0284424
0 0.522656 0.9375 0.122365 0.121094 0.0282135
0 0.855255 0.453613 0.0195264 0.0419922 0.0236511
0 0.607921 0.40625 0.0260352 0.0390625 0.0221558
0 0.574726 0.542969 0.0364492 0.0507812 0.0205688
0 0.398989 0.894531 0.0546738 0.0878906 0.0201721
0 0.462449 0.770508 0.0475142 0.0625 0.0192413
0 0.975017 0.417969 0.0468633 0.0488281 0.0190125
0 0.860462 0.851562 0.0390527 0.0546875 0.0184326
0 0.985556 0.470703 0.0288887 0.0507812 0.0173798
0 0.974366 0.601562 0.0338457 0.0449219 0.0173035
0 0.735493 0.464844 0.0208281 0.0292969 0.0168457
0 0.401592 0.417969 0.0312422 0.0410156 0.0165253
0 0.484905 0.469727 0.0247334 0.0332031 0.0142288
0 0.369699 0.767578 0.101537 0.139648 0.0141754
0 0.606619 0.47168 0.0208281 0.03125 0.0132217
0 0.45171 0.53418 0.0364492 0.0488281 0.01297
0 0.740337 0.0527344 0.519326 0.105469 0.012146
0 0.12204 0.65625 0.0416563 0.0488281 0.0119629
0 0.454313 0.762695 0.0624844 0.078125 0.0111618
0 0.437391 0.40625 0.0195264 0.03125 0.0109863
0 0.812297 0.466797 0.0156211 0.0292969 0.00912476
0 0.788214 0.791016 0.0442598 0.0683594 0.00878143
0 0.91839 0.532715 0.0520703 0.0429688 0.008255
0 0.895609 0.566406 0.0364492 0.0644531 0.00812531
0 0.313073 0.467773 0.0208281 0.0322266 0.00751877
0 0.356356 0.489258 0.0240825 0.0576172 0.00669098
0 0.658689 0.636719 0.0416563 0.0625 0.00626373
0 0.816327 0.0690918 0.367346 0.138184 0.00619125
0 0.563661 0.573242 0.0286387 0.0546875 0.00600433
0 0.812297 0.729492 0.0338457 0.0488281 0.00557709
0 0.375557 0.789062 0.0650879 0.0859375 0.831543
0 0.505733 0.947266 0.0950283 0.0976562 0.734863
0 0.301682 0.751465 0.0742002 0.120117 0.731934
0 0.764132 0.976562 0.0520703 0.046875 0.328613
0 0.359936 0.526855 0.0325439 0.0400391 0.314941
0 0.745907 0.978027 0.080709 0.0439453 0.17334
0 0.518425 0.474609 0.0305913 0.0371094 0.0910645
0 0.53307 0.941406 0.0963301 0.105469 0.0653687
0 0.597507 0.528809 0.0390527 0.0546875 0.0451965
0 0.976318 0.597656 0.0312422 0.0380859 0.0327759
0 0.103205 0.96875 0.0428766 0.0429688 0.0317383
0 0.0637048 0.962891 0.0574401 0.0507812 0.0272675
0 0.367747 0.762695 0.0846143 0.126953 0.0247498
0 0.0206654 0.644531 0.0410054 0.0625 0.0237732
0 0.896911 0.975586 0.0442598 0.0390625 0.0226288
0 0.941171 0.403809 0.0312422 0.0361328 0.0201721
0 0.483929 0.408203 0.0273369 0.03125 0.0191193
0 0.285085 0.685059 0.0598809 0.0742188 0.0175781
0 0.466029 0.533691 0.0403545 0.0458984 0.0166626
0 0.576028 0.546875 0.0455615 0.0546875 0.0153656
0 0.524608 0.826172 0.0507686 0.0585938 0.0141754
0 0.604667 0.478516 0.0364492 0.0410156 0.0140076
0 0.860462 0.891602 0.0312422 0.0507812 0.0130234
0 0.383368 0.766602 0.0846143 0.130859 0.011734
0 0.0318931 0.32666 0.0449106 0.0664062 0.00955963
0 0.441947 0.535156 0.0299404 0.0390625 0.00919342
0 0.680819 0.469238 0.0312422 0.0371094 0.00844574
0 0.658689 0.618164 0.0494668 0.0742188 0.00831604
0 0.396711 0.417969 0.0318931 0.0410156 0.00828552
0 0.129037 0.653809 0.0445852 0.0507812 0.00793457
0 0.803185 0.46875 0.0286387 0.03125 0.00734711
0 0.975668 0.41748 0.0338457 0.0429688 0.00725937
0 0.233666 0.978516 0.0475142 0.0351562 0.00717545
0 0.481976 0.475586 0.0292896 0.0371094 0.00706482
0 0.304611 0.727539 0.0846143 0.158203 0.00703812
0 0.445201 0.760742 0.0702949 0.078125 0.0069046
0 0.590347 0.967773 0.0742002 0.0566406 0.00682449
0 0.812297 0.729492 0.0468633 0.0546875 0.0064888
0 0.600761 0.412109 0.0351475 0.0429688 0.00624084
0 0.459521 0.770508 0.0559756 0.0625 0.00624084
0 0.0326253 0.960938 0.0527212 0.0507812 0.00588989
0 0.355054 0.491211 0.0292896 0.0595703 0.00584412
0 0.0239198 0.466309 0.0268488 0.0449219 0.00572968
0 0.45171 0.738281 0.0689932 0.0839844 0.00572968
0 0.402243 0.90625 0.0650879 0.078125 0.00530243
0 0.899515 0.54248 0.0364492 0.0488281 0.00519943
0 0.728984 0.469727 0.0286387 0.0332031 0.00516129
0 0.31112 0.473633 0.0299404 0.0351562 0.00510025
0 0.659991 0.633789 0.0468633 0.0703125 0.00498199
0 0.034822 0.287354 0.0618335 0.139648 0.00494385
