0 0.435872 0.390625 0.0638021 0.0925926 0.92041
0 0.224935 0.538194 0.0683594 0.0914352 0.719238
0 0.560221 0.393519 0.0605469 0.09375 0.216064
0 0.440104 0.364005 0.0794271 0.130787 0.155029
0 0.227051 0.508102 0.0804036 0.128472 0.083313
0 0.759766 0.387731 0.0520833 0.0989583 0.0453491
0 0.486979 0.818287 0.0690104 0.115741 0.0387573
0 0.340495 0.262153 0.0592448 0.0868056 0.0238647
0 0.861328 0.417245 0.277344 0.834491 0.0209656
0 0.429036 0.33941 0.0924479 0.126736 0.0202179
0 0.218099 0.527778 0.0800781 0.125 0.0182343
0 0.561198 0.367188 0.0716146 0.126157 0.0178528
0 0.806641 0.346065 0.0846354 0.114583 0.0176392
0 0.759115 0.605903 0.0520833 0.0648148 0.0155411
0 0.550781 0.381944 0.0729167 0.0983796 0.0147324
0 0.5 0.5 1 1 0.0134811
0 0.889974 0.195602 0.213542 0.391204 0.0132217
0 0.486979 0.357639 0.16276 0.127315 0.0131683
0 0.553385 0.554398 0.0507813 0.0844907 0.0116425
0 0.891927 0.103009 0.213542 0.206019 0.0105667
0 0.572266 0.5 0.855469 1 0.0103302
0 0.384115 0.613426 0.0546875 0.0671296 0.00955963
0 0.366536 0.561343 0.0651042 0.0763889 0.00912476
0 0.80599 0.384838 0.0989583 0.177083 0.0088501
0 0.863932 0.267361 0.270833 0.534722 0.00867462
0 0.546224 0.354745 0.0924479 0.119213 0.00844574
0 0.645833 0.231771 0.707031 0.463542 0.00831604
0 0.529297 0.5 0.941406 1 0.00828552
0 0.636068 0.5 0.727865 1 0.00800323
0 0.491536 0.788194 0.0742188 0.122685 0.00763702
0 0.656413 0.240451 0.666341 0.480903 0.00731659
0 0.339193 0.295139 0.0664062 0.107639 0.00706482
0 0.588542 0.5 0.822917 1 0.0069313
0 0.701172 0.803241 0.597656 0.393519 0.00658798
0 0.78776 0.364005 0.109375 0.145833 0.00634003
0 0.348958 0.220197 0.0742188 0.156829 0.00614548
0 0.714844 0.645255 0.570312 0.709491 0.00582123
0 0.866536 0.438947 0.266927 0.877894 0.00577545
0 0.5 0.5 1 1 0.00570679
0 0.577799 0.5 0.844401 1 0.0055542
0 0.5 0.5 1 1 0.00547028
0 0.375 0.565394 0.0677083 0.0868056 0.00534439
0 0.963542 0.744792 0.0625 0.105324 0.00508118
0 0.631185 0.445602 0.73763 0.891204 0.00498199
0 0.608073 0.500289 0.783854 0.999421 0.00496292
0 0.248047 0.485532 0.0755208 0.173611 0.0049057
0 0.36849 0.59838 0.0683594 0.0833333 0.0049057
0 0.340169 0.857639 0.0638021 0.0925926 0.00477219
0 0.740885 0.561343 0.0572917 0.0856481 0.00453949
0 0.455729 0.368924 0.145833 0.33044 0.00450516
0 0.222331 0.510417 0.0826823 0.126157 0.703125
0 0.434245 0.382523 0.0638021 0.0902778 0.673828
0 0.755859 0.373843 0.0520833 0.0850694 0.506836
0 0.434896 0.358218 0.0742188 0.115741 0.406494
0 0.841146 0.461227 0.0494792 0.0821759 0.192505
0 0.818359 0.333912 0.0481771 0.0868056 0.17334
0 0.757813 0.3614 0.0625 0.10706 0.171021
0 0.755859 0.612847 0.0611979 0.0752315 0.169434
0 0.414063 0.331887 0.0690104 0.110532 0.158203
0 0.248047 0.306713 0.0494792 0.0914352 0.156616
0 0.55599 0.390336 0.0598958 0.0787037 0.149536
0 0.36556 0.545718 0.0761719 0.100694 0.115967
0 0.337891 0.262153 0.0572917 0.0798611 0.106689
0 0.55599 0.545139 0.0664062 0.0902778 0.101257
0 0.676432 0.515046 0.0625 0.0972222 0.0878906
0 0.84375 0.319734 0.046875 0.0607639 0.0859985
0 0.136556 0.444444 0.0654297 0.101852 0.0856934
0 0.34668 0.154948 0.0611979 0.100984 0.0670776
0 0.351888 0.844907 0.0514323 0.0856481 0.049408
0 0.535156 0.381944 0.0559896 0.0810185 0.0474243
0 0.763021 0.247106 0.0494792 0.0596065 0.0458679
0 0.238281 0.497106 0.0924479 0.130787 0.0418396
0 0.0277913 0.0467303 0.0555827 0.0934606 0.0376892
0 0.464844 0.351562 0.0664062 0.125579 0.0340271
0 0.330729 0.277199 0.0494792 0.0925926 0.0325317
0 0.251221 0.294271 0.0613607 0.125579 0.031311
0 0.392578 0.266782 0.0703125 0.09375 0.0272217
0 0.33724 0.273148 0.0638021 0.107639 0.0271759
0 0.554688 0.358796 0.0729167 0.123843 0.0253296
0 0.318034 0.150608 0.0859375 0.182002 0.0244293
0 0.719401 0.231771 0.0429688 0.0659722 0.0240021
0 0.346354 0.12934 0.0638021 0.133102 0.0237274
0 0.842448 0.436053 0.0546875 0.114583 0.0222015
0 0.446615 0.380208 0.0820313 0.0902778 0.021698
0 0.799479 0.310185 0.104167 0.167824 0.0204468
0 0.152669 0.182002 0.0634766 0.104745 0.0204163
0 0.522786 0.241898 0.0390625 0.0706019 0.0194244
0 0.115885 0.439815 0.0625 0.109954 0.0190887
0 0.0497233 0.908565 0.0789388 0.134259 0.0184021
0 0.523438 0.34375 0.0625 0.112847 0.0179901
0 0.560872 0.235243 0.0488281 0.0746528 0.0171814
0 0.376953 0.567708 0.0729167 0.125 0.0162811
0 0.230469 0.438657 0.0917969 0.229167 0.0157166
0 0.282227 0.0549045 0.104818 0.109809 0.0146179
0 0.832031 0.38831 0.0598958 0.0775463 0.0142822
0 0.422201 0.316551 0.0878906 0.208333 0.0141144
0 0.734375 0.555556 0.0611979 0.087963 0.014061
0 0.75 0.600694 0.0572917 0.087963 0.0135345
0 0.850911 0.108652 0.0768229 0.160301 0.0130692
0 0.832031 0.473958 0.046875 0.0891204 0.0128708
0 0.217448 0.494792 0.0716146 0.135417 0.635254
0 0.247559 0.317998 0.0458984 0.0717593 0.545898
0 0.433594 0.375 0.0559896 0.09375 0.512695
0 0.483724 0.821759 0.0598958 0.0856481 0.308105
0 0.351563 0.846644 0.030599 0.0717593 0.262207
0 0.636556 0.149016 0.172201 0.290509 0.161865
0 0.566406 0.395833 0.0507813 0.0700231 0.135254
0 0.755208 0.374421 0.0533854 0.101852 0.135254
0 0.276693 0.0564959 0.0983073 0.112992 0.128906
0 0.847656 0.442419 0.0494792 0.0752315 0.11554
0 0.436849 0.345486 0.0690104 0.131944 0.113586
0 0.226563 0.762731 0.0442708 0.0578704 0.106689
0 0.39974 0.754051 0.0390625 0.0543981 0.0894775
0 0.275391 0.474826 0.0436198 0.0815972 0.0827026
0 0.525716 0.376736 0.0507813 0.0844907 0.0809326
0 0.856771 0.333912 0.0598958 0.0833333 0.0806274
0 0.823568 0.332755 0.153646 0.132523 0.0769653
0 0.826172 0.37037 0.130208 0.163773 0.0734253
0 0.662109 0.153501 0.127604 0.279803 0.0648804
0 0.976563 0.457465 0.0416667 0.0497685 0.0632324
0 0.140951 0.440683 0.0436198 0.0792824 0.0598755
0 0.276042 0.776042 0.0299479 0.0555556 0.0589905
0 0.81901 0.609375 0.0494792 0.0636574 0.0579224
0 0.548828 0.547454 0.0494792 0.0717593 0.053009
0 0.799479 0.438657 0.208333 0.356481 0.0528259
0 0.598958 0.14435 0.220052 0.281901 0.0522461
0 0.825521 0.232928 0.223958 0.389468 0.0522461
0 0.366211 0.538773 0.0703125 0.0983796 0.0520325
0 0.272135 0.14945 0.0585938 0.0737847 0.0501404
0 0.84375 0.241247 0.296875 0.423756 0.0476074
0 0.592285 0.169524 0.15918 0.23792 0.0463867
0 0.814453 0.42419 0.148438 0.288194 0.0456848
0 0.532552 0.250579 0.0559896 0.0636574 0.041626
0 0.852865 0.413194 0.0651042 0.0960648 0.0362244
0 0.798177 0.352431 0.145833 0.126157 0.0361633
0 0.284505 0.0823206 0.115234 0.161748 0.0357361
0 0.921875 0.407407 0.0494792 0.0821759 0.0357361
0 0.615885 0.181568 0.190104 0.320891 0.0323486
0 0.335286 0.265625 0.0611979 0.0810185 0.0319824
0 0.202148 0.539352 0.0878906 0.193287 0.0316772
0 0.480469 0.336227 0.0546875 0.123843 0.0276947
0 0.523438 0.331887 0.0683594 0.119213 0.0273743
0 0.349609 0.145833 0.0546875 0.0729167 0.0267639
0 0.354167 0.126881 0.0611979 0.0992477 0.0263519
0 0.486328 0.800347 0.0729167 0.111111 0.0263519
0 0.321615 0.299479 0.0377604 0.0561343 0.0258636
0 0.568034 0.31713 0.0527344 0.0972222 0.0252686
0 0.150553 0.606481 0.055013 0.0752315 0.0247498
0 0.0598958 0.547454 0.0709635 0.0902778 0.0244751
0 0.148763 0.414931 0.0703125 0.103009 0.0240479
0 0.219727 0.519821 0.0703125 0.122396 0.903809
0 0.431315 0.379051 0.0592448 0.105324 0.884766
0 0.222656 0.498553 0.0794271 0.132523 0.698242
0 0.245443 0.3125 0.0494792 0.0717593 0.552734
0 0.752604 0.390625 0.0416667 0.0740741 0.511719
0 0.436198 0.359664 0.0742188 0.123264 0.352295
0 0.370443 0.54919 0.0690104 0.09375 0.225464
0 0.555013 0.398148 0.0429688 0.0792824 0.199341
0 0.840495 0.453414 0.0364583 0.0752315 0.14856
0 0.267008 0.488715 0.0362956 0.10706 0.110107
0 0.336589 0.25434 0.0416667 0.0792824 0.107056
0 0.327799 0.293403 0.0501302 0.0844907 0.102295
0 0.0269368 0.0714337 0.0538737 0.106554 0.0869141
0 0.856771 0.31713 0.0260417 0.0393519 0.0554199
0 0.475911 0.337095 0.0273438 0.0885417 0.0479431
0 0.481445 0.822338 0.0546875 0.0844907 0.0474243
0 0.0276286 0.0540365 0.0552572 0.0970775 0.0433655
0 0.353516 0.84375 0.0416667 0.0694444 0.0384521
0 0.427083 0.336806 0.0833333 0.113426 0.035675
0 0.0499674 0.898148 0.0611979 0.100694 0.0343018
0 0.530924 0.241319 0.0345052 0.0451389 0.0279083
0 0.225586 0.758102 0.046875 0.0694444 0.0274811
0 0.336589 0.29456 0.0455729 0.0775463 0.0249329
0 0.548828 0.541667 0.0455729 0.0775463 0.0218201
0 0.561198 0.333623 0.0429688 0.0717593 0.0182343
0 0.400391 0.758102 0.0338542 0.0555556 0.0178528
0 0.804688 0.320023 0.03125 0.0381944 0.0155411
0 0.0563151 0.552083 0.0537109 0.0740741 0.0154266
0 0.755208 0.35706 0.0442708 0.103009 0.0151901
0 0.181152 0.463542 0.107747 0.0914352 0.0138474
0 0.920573 0.394097 0.0416667 0.0613426 0.0136337
0 0.534505 0.390625 0.0651042 0.0868056 0.01297
0 0.253174 0.277488 0.0496419 0.0972222 0.0125275
0 0.690755 0.307292 0.0299479 0.0462963 0.0124817
0 0.972656 0.463542 0.0390625 0.0625 0.0116882
0 0.314453 0.893519 0.0358073 0.0648148 0.0115967
0 0.84375 0.411458 0.0338542 0.068287 0.0106506
0 0.908854 0.393519 0.0390625 0.0509259 0.0100937
0 0.345052 0.166088 0.0390625 0.0694444 0.00945282
0 0.371094 0.58044 0.0742188 0.135417 0.00941467
0 0.340495 0.539207 0.154948 0.134549 0.00898743
0 0.236491 0.525463 0.085612 0.12963 0.00871277
0 0.0520833 0.895833 0.077474 0.127315 0.00706482
0 0.557292 0.24103 0.0325521 0.0480324 0.00679779
0 0.598958 0.245949 0.0286458 0.0439815 0.00661469
0 0.721354 0.233796 0.0260417 0.0520833 0.00609589
0 0.764323 0.238715 0.03125 0.0445602 0.00605011
0 0.278971 0.771412 0.0345052 0.0601852 0.00561905
0 0.0541992 0.872685 0.0725911 0.128472 0.00542831
0 0.349609 0.114583 0.0455729 0.068287 0.00516129
0 0.222005 0.512876 0.061849 0.120081 0.756836
0 0.435547 0.378762 0.0507813 0.0914352 0.591797
0 0.755859 0.387731 0.0429688 0.0706019 0.568848
0 0.245768 0.309028 0.0449219 0.0763889 0.387695
0 0.554036 0.396991 0.0416667 0.0717593 0.187134
0 0.858073 0.315394 0.0351562 0.0601852 0.155029
0 0.216797 0.489005 0.0677083 0.119213 0.11438
0 0.846354 0.456308 0.0338542 0.0729167 0.113159
0 0.437174 0.353588 0.0533854 0.114583 0.101562
0 0.319336 0.298611 0.0345052 0.0636574 0.085083
0 0.530924 0.243056 0.03125 0.0549769 0.0847778
0 0.392904 0.296875 0.03125 0.0601852 0.0731812
0 0.144206 0.446759 0.0351562 0.0625 0.072876
0 0.0586751 0.552083 0.0597331 0.0810185 0.058136
0 0.690104 0.308449 0.0325521 0.0509259 0.0510864
0 0.757161 0.351852 0.0494792 0.112269 0.049408
0 0.920573 0.391493 0.0390625 0.0607639 0.0490417
0 0.055013 0.907407 0.0473633 0.0810185 0.0490417
0 0.757813 0.599537 0.0546875 0.0729167 0.0463867
0 0.347005 0.83912 0.0377604 0.0648148 0.044342
0 0.339518 0.246528 0.0377604 0.0653935 0.0432129
0 0.365234 0.541667 0.0481771 0.0694444 0.0344238
0 0.596354 0.237269 0.0299479 0.0497685 0.0303345
0 0.538411 0.386574 0.046875 0.0659722 0.0287628
0 0.403646 0.756366 0.0364583 0.0671296 0.028656
0 0.974609 0.448206 0.0377604 0.0625 0.0278473
0 0.107422 0.318576 0.0410156 0.0538194 0.0266113
0 0.253906 0.279514 0.0488281 0.101852 0.026001
0 0.328125 0.255787 0.0449219 0.0775463 0.0258636
0 0.254557 0.284144 0.0677083 0.112269 0.0241394
0 0.483724 0.810185 0.0559896 0.0833333 0.0231934
0 0.277995 0.771412 0.0377604 0.0694444 0.0223694
0 0.767578 0.240741 0.0286458 0.0497685 0.0212402
0 0.48112 0.318287 0.0273438 0.0636574 0.0212097
0 0.824219 0.60706 0.0416667 0.0601852 0.0201416
0 0.914063 0.393519 0.0416667 0.0636574 0.0180511
0 0.0598958 0.765046 0.0455729 0.0648148 0.0171814
0 0.153483 0.41522 0.0429688 0.0815972 0.016922
0 0.397461 0.265625 0.0384115 0.0746528 0.0164642
0 0.559896 0.235243 0.0221354 0.0491898 0.0164642
0 0.273763 0.0444878 0.0957031 0.0889757 0.0156021
0 0.97526 0.404514 0.0416667 0.0810185 0.0148392
0 0.0225423 0.0520833 0.0450846 0.100116 0.0142822
0 0.80599 0.313657 0.03125 0.0462963 0.0142288
0 0.5625 0.323495 0.0332031 0.0607639 0.0130234
0 0.753255 0.550781 0.0729167 0.11603 0.0129242
0 0.735026 0.550926 0.0585938 0.0983796 0.0122375
0 0.744792 0.582755 0.0611979 0.0844907 0.0120544
0 0.972005 0.739583 0.046875 0.0914352 0.0119629
0 0.0598958 0.399884 0.0530599 0.0868056 0.0118713
0 0.219076 0.515191 0.0664062 0.113137 0.661133
0 0.432292 0.377025 0.046875 0.0931713 0.658203
0 0.753906 0.388889 0.0442708 0.0729167 0.515625
0 0.246419 0.315104 0.0390625 0.0613426 0.482422
0 0.218262 0.50217 0.0797526 0.134549 0.190674
0 0.531901 0.247685 0.0338542 0.0543981 0.143188
0 0.845052 0.451389 0.0338542 0.068287 0.128906
0 0.859375 0.323206 0.0338542 0.0543981 0.0966797
0 0.432943 0.355903 0.0579427 0.121528 0.0545959
0 0.558594 0.393519 0.0364583 0.068287 0.0365601
0 0.391927 0.311921 0.0299479 0.0625 0.0218658
0 0.392578 0.831019 0.300781 0.289352 0.0165253
0 0.80599 0.320602 0.0364583 0.0497685 0.0153656
0 0.555013 0.239583 0.0299479 0.0474537 0.0141144
0 0.233398 0.508681 0.093099 0.115741 0.0136337
0 0.481771 0.318866 0.0442708 0.0891204 0.0131226
0 0.982422 0.454861 0.03125 0.056713 0.0126266
0 0.321615 0.300347 0.0325521 0.0543981 0.0122375
0 0.697917 0.310185 0.0338542 0.056713 0.0119171
0 0.279948 0.16059 0.0325521 0.0480324 0.0118713
0 0.36849 0.552083 0.0488281 0.0694444 0.0107346
0 0.350586 0.106626 0.0364583 0.0543981 0.0104904
0 0.151855 0.446759 0.0413411 0.0902778 0.0102463
0 0.597656 0.234954 0.0299479 0.0428241 0.01017
0 0.593099 0.175347 0.0351562 0.0503472 0.00993347
0 0.76237 0.342593 0.0507813 0.0983796 0.00971222
0 0.426432 0.366319 0.0677083 0.099537 0.00963593
0 0.453125 0.371528 0.0742188 0.0972222 0.00901794
0 0.84375 0.396991 0.0416667 0.0671296 0.00844574
0 0.53776 0.381366 0.0455729 0.0717593 0.00831604
0 0.515625 0.313657 0.0390625 0.0717593 0.00821686
0 0.351237 0.153356 0.031901 0.0601852 0.0078125
0 0.923177 0.405671 0.0416667 0.0694444 0.00746155
0 0.400065 0.759838 0.314453 0.380787 0.00669098
0 0.31543 0.527778 0.0436198 0.0671296 0.00664139
0 0.350586 0.304977 0.0403646 0.0758102 0.00591278
0 0.763021 0.240162 0.0338542 0.0474537 0.00577545
0 0.267253 0.0881076 0.0501302 0.104745 0.00568771
0 0.319661 0.0902778 0.0338542 0.0572917 0.00540543
0 0.316081 0.16522 0.0292969 0.056713 0.00536346
0 0.0496419 0.547454 0.0629883 0.087963 0.0053215
0 0.238281 0.488137 0.102865 0.152199 0.00519943
0 0.742839 0.354456 0.0625 0.114583 0.00494385
0 0.053304 0.829282 0.0932617 0.280093 0.00494385
0 0.571289 0.166811 0.0279948 0.0399306 0.0046463
0 0.911458 0.397569 0.0416667 0.0555556 0.00443268
0 0.973958 0.740741 0.0442708 0.108796 0.00436401
0 0.726563 0.230903 0.0260417 0.0520833 0.00431442
0 0.145508 0.165799 0.0351562 0.072338 0.00413513
0 0.317057 0.90162 0.0364583 0.0671296 0.00407028
0 0.435872 0.370949 0.0579427 0.0949074 0.813965
0 0.223796 0.511429 0.0732422 0.104456 0.78125
0 0.757813 0.382812 0.0442708 0.0700231 0.777344
0 0.247721 0.306134 0.0423177 0.0659722 0.65332
0 0.848958 0.443287 0.0364583 0.0659722 0.557129
0 0.534505 0.242477 0.0351562 0.0520833 0.411133
0 0.55306 0.385417 0.0442708 0.0706019 0.365723
0 0.370443 0.55787 0.0559896 0.087963 0.254639
0 0.697266 0.304109 0.03125 0.0578704 0.23938
0 0.861979 0.311343 0.03125 0.0555556 0.151489
0 0.757813 0.594907 0.0559896 0.0717593 0.0991211
0 0.321289 0.291956 0.0332031 0.0613426 0.0910645
0 0.981771 0.45081 0.0364583 0.0659722 0.0820923
0 0.811198 0.321181 0.0260417 0.0451389 0.0605164
0 0.400391 0.304398 0.0338542 0.0625 0.0535889
0 0.113607 0.316551 0.0286458 0.0381944 0.0526123
0 0.54362 0.381366 0.0546875 0.0810185 0.0479431
0 0.484701 0.314525 0.0384115 0.0810185 0.0474243
0 0.144694 0.442708 0.0406901 0.0671296 0.0429688
0 0.234049 0.502894 0.0904948 0.114583 0.0372009
0 0.331055 0.252025 0.0416667 0.0630787 0.0304413
0 0.245605 0.484954 0.104492 0.141204 0.0290833
0 0.338216 0.243345 0.0384115 0.0538194 0.0288086
0 0.921875 0.394965 0.0416667 0.0630787 0.0255127
0 0.914063 0.392072 0.0416667 0.0596065 0.0239105
0 0.404622 0.250868 0.031901 0.0509259 0.0193787
0 0.824219 0.601852 0.0364583 0.0601852 0.0189819
0 0.755208 0.579861 0.0677083 0.0902778 0.0182953
0 0.753906 0.554398 0.0755208 0.12037 0.016922
0 0.754557 0.358218 0.0546875 0.113426 0.0168457
0 0.555664 0.233796 0.0279948 0.0486111 0.0165253
0 0.769531 0.237269 0.0208333 0.0381944 0.0156021
0 0.351563 0.83912 0.0455729 0.0740741 0.0145569
0 0.597005 0.232639 0.0260417 0.0416667 0.013588
0 0.742188 0.554398 0.0625 0.109954 0.0133286
0 0.429362 0.360532 0.0716146 0.101273 0.0131226
0 0.404297 0.760417 0.0384115 0.0671296 0.0130234
0 0.375651 0.572338 0.0638021 0.0960648 0.0129242
0 0.651042 0.234375 0.0195313 0.0335648 0.012825
0 0.84375 0.421007 0.0416667 0.0821759 0.0120087
0 0.450521 0.361111 0.0820313 0.108796 0.0116882
0 0.966146 0.743056 0.0625 0.09375 0.0116882
0 0.48763 0.813079 0.0540365 0.0752315 0.0110703
0 0.727865 0.23206 0.015625 0.0405093 0.00945282
0 0.345703 0.287616 0.0429688 0.078125 0.00812531
0 0.921875 0.59838 0.0885417 0.0902778 0.00775528
0 0.354167 0.157263 0.0260417 0.0483218 0.00674438
0 0.0505371 0.891204 0.0662435 0.09375 0.00619125
0 0.531901 0.328125 0.0527344 0.0821759 0.00614548
0 0.555339 0.320602 0.0501302 0.0706019 0.00605011
0 0.219564 0.505208 0.0712891 0.121528 0.773926
0 0.432292 0.366319 0.0585938 0.107639 0.638672
0 0.754557 0.383681 0.046875 0.0717593 0.542969
0 0.242839 0.313079 0.0397135 0.0509259 0.414062
0 0.842448 0.445023 0.03125 0.0590278 0.222046
0 0.530924 0.246528 0.0364583 0.0451389 0.151001
0 0.409505 0.326968 0.0579427 0.0983796 0.11554
0 0.31901 0.291667 0.0338542 0.0613426 0.0974121
0 0.428385 0.34809 0.0742188 0.133681 0.0866089
0 0.55599 0.386574 0.0371094 0.0613426 0.058136
0 0.246582 0.309317 0.055013 0.0590278 0.0572815
0 0.69401 0.313657 0.0286458 0.0358796 0.0437012
0 0.532552 0.373553 0.0455729 0.0711806 0.0391846
0 0.369792 0.54919 0.0572917 0.0671296 0.0319214
0 0.474284 0.316551 0.046224 0.0844907 0.0298767
0 0.335938 0.245949 0.0442708 0.0671296 0.0256195
0 0.860026 0.312211 0.0260417 0.0358796 0.0252228
0 0.329427 0.262731 0.0442708 0.0671296 0.0218201
0 0.403646 0.256944 0.0416667 0.0520833 0.0195007
0 0.983073 0.451968 0.0299479 0.0509259 0.019455
0 0.752604 0.360532 0.0533854 0.105324 0.0182343
0 0.112467 0.319734 0.030599 0.0335648 0.0146713
0 0.806641 0.316551 0.0286458 0.0324074 0.0139542
0 0.84375 0.418113 0.0338542 0.0700231 0.0127258
0 0.755859 0.586806 0.0546875 0.0740741 0.0124283
0 0.766927 0.242188 0.0247396 0.0347222 0.0109863
0 0.339193 0.279514 0.0572917 0.087963 0.0105667
0 0.921875 0.397859 0.0390625 0.0561343 0.0105667
0 0.524089 0.321759 0.0416667 0.0729167 0.0102081
0 0.223796 0.490162 0.104492 0.127315 0.00993347
0 0.647786 0.242766 0.0208333 0.0260417 0.00985718
0 0.157715 0.451389 0.0465495 0.0572917 0.00985718
0 0.482096 0.253472 0.0390625 0.0474537 0.00912476
0 0.910156 0.39294 0.0364583 0.0445602 0.00878143
0 0.593913 0.235532 0.0283203 0.0358796 0.00793457
0 0.431641 0.260995 0.0520833 0.068287 0.00740433
0 0.553385 0.321181 0.0442708 0.0671296 0.00740433
0 0.351563 0.164062 0.03125 0.0439815 0.00643921
0 0.557943 0.237558 0.0260417 0.0405093 0.00609589
0 0.44043 0.342303 0.0957031 0.132523 0.00544739
0 0.725911 0.235532 0.0208333 0.0381944 0.0051384
0 0.761068 0.359375 0.0794271 0.107639 0.00488663
0 0.248047 0.477141 0.0722656 0.122106 0.0041008
0 0.0358073 0.530671 0.0491536 0.0752315 0.00395966
0 0.961589 0.727431 0.0638021 0.137731 0.00395966
0 0.976563 0.405961 0.0364583 0.0833333 0.00365067
0 0.281901 0.773148 0.0338542 0.0578704 0.00358009
0 0.759115 0.560764 0.0677083 0.115741 0.00352478
0 0.947266 0.686343 0.10026 0.226852 0.00327301
0 0.186849 0.248843 0.0260417 0.0376157 0.00325966
