0 0.452799 0.949653 0.0859375 0.100694 0.638672
0 0.422852 0.448785 0.0839844 0.137153 0.477539
0 0.341146 0.371817 0.0559896 0.0792824 0.47168
0 0.429036 0.432292 0.0911458 0.157407 0.424316
0 0.977214 0.771991 0.0455729 0.0902778 0.11438
0 0.540365 0.480903 0.0638021 0.0902778 0.108215
0 0.767578 0.667824 0.0585938 0.100694 0.0775146
0 0.458008 0.935764 0.09375 0.111111 0.0755615
0 0.770833 0.635995 0.0598958 0.0972222 0.0598755
0 0.935547 0.969329 0.0638021 0.0613426 0.0539856
0 0.348307 0.350984 0.0683594 0.0943287 0.0505066
0 0.268229 0.346065 0.0611979 0.103009 0.0470886
0 0.488607 0.411169 0.183594 0.162616 0.0379639
0 0.314128 0.169271 0.0494792 0.0711806 0.0370483
0 0.050944 0.5625 0.0758464 0.087963 0.0318604
0 0.94987 0.466725 0.0807292 0.101273 0.0288086
0 0.622396 0.416667 0.0598958 0.0868056 0.0282745
0 0.623047 0.44213 0.0507813 0.099537 0.0278015
0 0.541667 0.442998 0.10026 0.157986 0.0220795
0 0.341797 0.372685 0.0664062 0.112269 0.0197601
0 0.75 0.630787 0.0911458 0.106481 0.0197601
0 0.269531 0.375579 0.047526 0.0798611 0.0186157
0 0.267904 0.295718 0.0598958 0.172454 0.0131683
0 0.560872 0.448495 0.121745 0.16088 0.0131683
0 0.639323 0.411458 0.0716146 0.0810185 0.0129242
0 0.279622 0.917824 0.0644531 0.0810185 0.0112457
0 0.455729 0.434028 0.151042 0.271991 0.0110703
0 0.976237 0.819444 0.047526 0.115741 0.0109863
0 0.0449219 0.542969 0.0839844 0.145544 0.0109024
0 0.698568 0.615162 0.0664062 0.09375 0.0100098
0 0.522786 0.695602 0.0527344 0.0625 0.00963593
0 0.524414 0.5 0.951172 1 0.00919342
0 0.488281 0.404514 0.201823 0.25 0.0088501
0 0.95638 0.184606 0.0872396 0.336806 0.0086441
0 0.957682 0.262153 0.0846354 0.197917 0.0086441
0 0.947917 0.22772 0.104167 0.223958 0.00837708
0 0.695313 0.824653 0.609375 0.350694 0.00775528
0 0.665365 0.5 0.669271 1 0.00772476
0 0.561849 0.252315 0.0390625 0.0787037 0.00757599
0 0.441732 0.412905 0.181641 0.204282 0.00757599
0 0.5 0.5 1 1 0.00723267
0 0.851888 0.419271 0.296224 0.838542 0.00712204
0 0.949219 0.309028 0.101563 0.280093 0.0069046
0 0.715007 0.556713 0.569987 0.886574 0.00661469
0 0.0463053 0.519097 0.0926107 0.229167 0.00638962
0 0.751302 0.652778 0.0807292 0.12963 0.00629044
0 0.428385 0.5 0.856771 1 0.00619125
0 0.290039 0.176071 0.0898438 0.088831 0.00600433
0 0.614583 0.5 0.770833 1 0.00598145
0 0.447917 0.943866 0.125 0.112269 0.00591278
0 0.42513 0.461806 0.0703125 0.0833333 0.642578
0 0.417318 0.471065 0.0611979 0.087963 0.628906
0 0.421224 0.438947 0.0898438 0.140625 0.433105
0 0.452474 0.943866 0.0703125 0.112269 0.406494
0 0.0534668 0.534867 0.100098 0.136285 0.384033
0 0.342122 0.355324 0.0546875 0.0914352 0.367432
0 0.61849 0.418981 0.0520833 0.087963 0.338135
0 0.0530599 0.51331 0.10612 0.175926 0.250244
0 0.979167 0.77662 0.0416667 0.0810185 0.218018
0 0.418294 0.431713 0.0735677 0.116898 0.199341
0 0.623698 0.427662 0.0546875 0.107639 0.194946
0 0.306966 0.158275 0.0670573 0.105903 0.177246
0 0.933594 0.960648 0.0677083 0.0787037 0.17334
0 0.763021 0.633102 0.0703125 0.101852 0.172119
0 0.735026 0.624421 0.0898438 0.104167 0.15918
0 0.458333 0.936343 0.0976563 0.12037 0.129883
0 0.0488281 0.449074 0.0970052 0.253472 0.121704
0 0.546224 0.466725 0.0520833 0.083912 0.121277
0 0.539062 0.471065 0.0546875 0.0833333 0.11438
0 0.960938 0.46412 0.0690104 0.0868056 0.110107
0 0.54069 0.659722 0.0904948 0.113426 0.105957
0 0.560547 0.247106 0.0403646 0.0671296 0.105591
0 0.671875 0.335069 0.0572917 0.0827546 0.105591
0 0.473307 0.381076 0.0481771 0.100116 0.100525
0 0.824219 0.346933 0.0585938 0.09375 0.0903931
0 0.476237 0.354167 0.0592448 0.122106 0.0520325
0 0.0642904 0.551505 0.105469 0.145833 0.0505066
0 0.977865 0.319155 0.0442708 0.0763889 0.049408
0 0.273112 0.217593 0.0520833 0.0798611 0.0467224
0 0.967448 0.259838 0.0651042 0.165509 0.0367737
0 0.945313 0.247106 0.0598958 0.0862269 0.0340881
0 0.302734 0.142361 0.0846354 0.147569 0.0310822
0 0.69987 0.614583 0.0572917 0.100694 0.0307922
0 0.947917 0.309317 0.0520833 0.0746528 0.0293732
0 0.046875 0.390046 0.09375 0.175926 0.0276947
0 0.830729 0.359664 0.0651042 0.110532 0.0270081
0 0.0940755 0.211733 0.0472005 0.0823206 0.0269623
0 0.544271 0.442708 0.0703125 0.123843 0.0268097
0 0.236328 0.38831 0.0423177 0.0694444 0.0263519
0 0.518229 0.425926 0.063151 0.104167 0.0255127
0 0.335938 0.347801 0.0677083 0.103009 0.0230255
0 0.406901 0.759259 0.0533854 0.0798611 0.0195007
0 0.223307 0.531829 0.0553385 0.0729167 0.0186462
0 0.493815 0.734954 0.0449219 0.0856481 0.0178528
0 0.304688 0.655093 0.0664062 0.0949074 0.0164642
0 0.452474 0.45081 0.0709635 0.0902778 0.0162201
0 0.260498 0.375 0.0532227 0.0798611 0.0153656
0 0.270752 0.327546 0.0652669 0.149306 0.0147324
0 0.972656 0.026765 0.0546875 0.0535301 0.0146179
0 0.0878499 0.0750868 0.0840658 0.150174 0.0142822
0 0.613932 0.413773 0.0625 0.0954861 0.770996
0 0.421875 0.453125 0.0638021 0.104167 0.449463
0 0.935547 0.975405 0.0481771 0.0491898 0.448486
0 0.979818 0.769676 0.0403646 0.0717593 0.346924
0 0.443359 0.954861 0.0664062 0.0902778 0.306641
0 0.501302 0.303819 0.139323 0.318287 0.265869
0 0.958333 0.46875 0.0625 0.0763889 0.244385
0 0.550781 0.468461 0.046875 0.0920139 0.226807
0 0.769531 0.62963 0.0677083 0.108796 0.213379
0 0.508464 0.26331 0.285156 0.449653 0.204956
0 0.0627441 0.533565 0.0991211 0.153935 0.175537
0 0.0498047 0.507523 0.0996094 0.193287 0.162354
0 0.460286 0.946181 0.0729167 0.107639 0.156128
0 0.966146 0.475116 0.0598958 0.0787037 0.150513
0 0.485677 0.383102 0.0768229 0.125579 0.134277
0 0.0664062 0.492477 0.132161 0.234954 0.118408
0 0.309245 0.152488 0.0820313 0.124421 0.113953
0 0.0817871 0.545284 0.0838216 0.131655 0.102295
0 0.349609 0.331019 0.0755208 0.149306 0.0994873
0 0.97526 0.982639 0.0429688 0.0347222 0.0980835
0 0.274089 0.975694 0.0436198 0.0486111 0.0953369
0 0.423177 0.409144 0.0846354 0.153356 0.0946655
0 0.457031 0.94213 0.10026 0.115741 0.0917358
0 0.345052 0.356192 0.0598958 0.0943287 0.0903931
0 0.300456 0.223669 0.136068 0.235532 0.0803833
0 0.484049 0.744213 0.0410156 0.0601852 0.0769653
0 0.526693 0.288194 0.192708 0.364005 0.0766602
0 0.731771 0.621528 0.130208 0.125 0.0755615
0 0.313232 0.274957 0.153483 0.248698 0.0750122
0 0.665365 0.32581 0.0494792 0.0636574 0.0745239
0 0.291667 0.151765 0.122396 0.210359 0.0723877
0 0.673177 0.338831 0.0611979 0.0688657 0.0710449
0 0.274089 0.298032 0.0800781 0.163194 0.0708008
0 0.474609 0.293403 0.188151 0.395833 0.0703125
0 0.701823 0.614583 0.0872396 0.136574 0.0703125
0 0.538086 0.467014 0.0540365 0.0787037 0.0700684
0 0.308268 0.240162 0.173828 0.344329 0.0698242
0 0.432943 0.24566 0.333333 0.491319 0.0685425
0 0.19873 0.967593 0.0445964 0.0648148 0.0680542
0 0.229004 0.528356 0.038737 0.0625 0.0614319
0 0.766927 0.652778 0.0651042 0.134259 0.0603027
0 0.979818 0.183738 0.0403646 0.0659722 0.0548096
0 0.35319 0.853009 0.0279948 0.0555556 0.0541992
0 0.436849 0.138021 0.0481771 0.0792824 0.0531921
0 0.0947266 0.574653 0.0488281 0.0914352 0.0503235
0 0.112956 0.101635 0.166016 0.20327 0.0495911
0 0.0847982 0.0726273 0.156901 0.145255 0.0420837
0 0.0708822 0.0634404 0.120931 0.126881 0.0419312
0 0.47526 0.440394 0.0638021 0.122685 0.0397034
0 0.162394 0.137731 0.228597 0.275463 0.0388184
0 0.416992 0.46412 0.0566406 0.0844907 0.832031
0 0.613281 0.412616 0.046875 0.0775463 0.785156
0 0.442057 0.963542 0.0507813 0.0729167 0.359375
0 0.654948 0.315972 0.03125 0.0538194 0.269043
0 0.48112 0.393519 0.0364583 0.0636574 0.230225
0 0.0639648 0.553819 0.0732422 0.114583 0.230225
0 0.763672 0.66956 0.0625 0.131944 0.21936
0 0.424154 0.428241 0.0651042 0.136574 0.212036
0 0.549154 0.467303 0.0410156 0.0862269 0.20813
0 0.617839 0.431424 0.0533854 0.0868056 0.206299
0 0.766927 0.644097 0.0677083 0.114583 0.177246
0 0.34375 0.38831 0.0364583 0.0648148 0.132935
0 0.936849 0.972222 0.0533854 0.0555556 0.124634
0 0.0833333 0.554398 0.0524089 0.0902778 0.112
0 0.048584 0.536458 0.097168 0.149306 0.0953369
0 0.0729981 0.572338 0.0538737 0.099537 0.0747681
0 0.469401 0.938657 0.0677083 0.104167 0.0651245
0 0.192383 0.978588 0.0390625 0.0428241 0.0488586
0 0.61849 0.404225 0.0598958 0.0821759 0.0462036
0 0.679688 0.33044 0.03125 0.0619213 0.0450134
0 0.459635 0.956019 0.0651042 0.087963 0.0429688
0 0.302734 0.176794 0.0481771 0.0821759 0.0428772
0 0.0557454 0.506944 0.111491 0.202546 0.0374756
0 0.755859 0.390046 0.0377604 0.0613426 0.0311432
0 0.74349 0.383681 0.0416667 0.056713 0.0293732
0 0.454427 0.946759 0.0820313 0.106481 0.0282745
0 0.0455729 0.560764 0.0911458 0.168981 0.0246124
0 0.216309 0.533565 0.0364583 0.0625 0.0243378
0 0.534505 0.458333 0.046224 0.0821759 0.0225372
0 0.270833 0.398727 0.03125 0.0543981 0.0222931
0 0.0881755 0.590278 0.0423991 0.0833333 0.0208893
0 0.228516 0.394097 0.0341797 0.0497685 0.0190125
0 0.32487 0.39294 0.0338542 0.0590278 0.0189819
0 0.753906 0.633681 0.0950521 0.114583 0.0164032
0 0.277344 0.975405 0.0416667 0.0491898 0.0162811
0 0.979167 0.774306 0.0416667 0.0787037 0.0158997
0 0.552083 0.41088 0.0377604 0.0798611 0.0129242
0 0.816406 0.379051 0.0390625 0.0555556 0.0127258
0 0.562826 0.243634 0.0253906 0.0428241 0.012146
0 0.822266 0.913194 0.0442708 0.0648148 0.0112
0 0.0580241 0.465856 0.116048 0.280093 0.0110703
0 0.966797 0.852431 0.0664062 0.295139 0.0105667
0 0.951823 0.470197 0.0585938 0.0642361 0.0103302
0 0.475911 0.469329 0.0390625 0.0752315 0.0102921
0 0.271159 0.249421 0.0377604 0.0520833 0.0100937
0 0.765625 0.657986 0.0833333 0.128472 0.00926971
0 0.0177816 0.668981 0.0355632 0.0902778 0.00908661
0 0.951823 0.95081 0.0963542 0.0983796 0.00728989
0 0.485677 0.336806 0.0423177 0.0590278 0.00706482
0 0.975911 0.77662 0.0481771 0.446759 0.006073
0 0.423177 0.440683 0.0657552 0.122106 0.700684
0 0.610677 0.405671 0.0520833 0.0925926 0.585938
0 0.9375 0.965278 0.0520833 0.0694444 0.40918
0 0.446289 0.945602 0.0709635 0.108796 0.387695
0 0.34668 0.372975 0.0377604 0.0665509 0.320068
0 0.460286 0.939815 0.0807292 0.12037 0.306641
0 0.655599 0.323785 0.0351562 0.0659722 0.269043
0 0.0583496 0.559028 0.0652669 0.0972222 0.24585
0 0.421224 0.426505 0.078125 0.140046 0.19812
0 0.76237 0.662037 0.0507813 0.104167 0.187134
0 0.551758 0.461806 0.0423177 0.0798611 0.178955
0 0.482422 0.374421 0.0364583 0.0659722 0.157104
0 0.483073 0.338252 0.0403646 0.0677083 0.135254
0 0.957031 0.458912 0.0703125 0.109954 0.101562
0 0.765625 0.641204 0.0546875 0.099537 0.0977173
0 0.979818 0.770833 0.0403646 0.0717593 0.0927124
0 0.0463867 0.53588 0.0836589 0.130787 0.0875854
0 0.199544 0.967014 0.0445964 0.0659722 0.0775146
0 0.0677083 0.575231 0.0520833 0.0856481 0.0753174
0 0.144531 0.317708 0.0332031 0.0538194 0.0690308
0 0.0374349 0.486111 0.0748698 0.138889 0.0687866
0 0.539714 0.462095 0.0507813 0.0850694 0.0673218
0 0.564128 0.239294 0.0273438 0.0532407 0.0634766
0 0.695313 0.609954 0.0520833 0.0902778 0.0618896
0 0.0518392 0.511719 0.0838216 0.171007 0.0577087
0 0.0945638 0.587963 0.0445964 0.087963 0.053009
0 0.485677 0.747685 0.0390625 0.0625 0.0474243
0 0.30306 0.171296 0.0403646 0.0717593 0.0448608
0 0.623698 0.428241 0.0520833 0.0844907 0.0429688
0 0.345052 0.341146 0.0442708 0.0925926 0.0419312
0 0.955078 0.954861 0.0833333 0.0902778 0.0406799
0 0.679688 0.329861 0.046875 0.0711806 0.0389099
0 0.623047 0.40625 0.0559896 0.108796 0.0378113
0 0.103841 0.228299 0.0247396 0.0509259 0.0360718
0 0.279622 0.973958 0.0403646 0.0520833 0.0333862
0 0.923177 0.959491 0.0755208 0.0810185 0.0332642
0 0.266276 0.242188 0.03125 0.0445602 0.03125
0 0.723958 0.621528 0.0664062 0.101852 0.0284882
0 0.0388997 0.554977 0.0729167 0.153935 0.0266571
0 0.35612 0.854167 0.0377604 0.0625 0.0253754
0 0.942057 0.948206 0.0716146 0.103588 0.0252686
0 0.751302 0.656829 0.0546875 0.0960648 0.0245667
0 0.522786 0.321181 0.015625 0.0462963 0.024231
0 0.522786 0.40162 0.0273438 0.0972222 0.0231934
0 0.472656 0.450521 0.0416667 0.0920139 0.0205231
0 0.0737305 0.554398 0.0921224 0.106481 0.0202942
0 0.333984 0.37037 0.046875 0.0740741 0.0179901
0 0.760417 0.391782 0.0338542 0.0561343 0.0177155
0 0.690104 0.653356 0.0572917 0.0960648 0.0149536
0 0.329427 0.320891 0.0397135 0.0653935 0.0146713
0 0.617188 0.414931 0.0494792 0.0868056 0.57666
0 0.41569 0.461806 0.0507813 0.0902778 0.472656
0 0.660156 0.319734 0.0364583 0.0532407 0.141235
0 0.438802 0.961227 0.0442708 0.0775463 0.129883
0 0.0497233 0.490451 0.0994466 0.237847 0.12854
0 0.483073 0.377894 0.0364583 0.068287 0.0997925
0 0.347005 0.381944 0.0351562 0.068287 0.0991211
0 0.933594 0.976273 0.0494792 0.0474537 0.0809326
0 0.066569 0.500579 0.129232 0.241898 0.0572815
0 0.567708 0.245081 0.0299479 0.0462963 0.0549927
0 0.0535482 0.472512 0.107096 0.311921 0.0539856
0 0.484701 0.333912 0.0377604 0.0601852 0.0534058
0 0.0568034 0.551939 0.0875651 0.143808 0.0346985
0 0.074707 0.591435 0.0843099 0.0983796 0.0344849
0 0.455078 0.939236 0.078776 0.121528 0.0343628
0 0.14681 0.321181 0.0325521 0.052662 0.0330811
0 0.304362 0.164062 0.0364583 0.0671296 0.0309143
0 0.263591 0.246238 0.0340169 0.0462963 0.0291443
0 0.421224 0.424769 0.0716146 0.153935 0.0278473
0 0.548503 0.451968 0.0436198 0.113426 0.0269623
0 0.0805664 0.47338 0.161133 0.31713 0.0256195
0 0.983073 0.776042 0.0338542 0.068287 0.0240021
0 0.0553385 0.520689 0.110677 0.259549 0.0227203
0 0.305013 0.916667 0.184245 0.166667 0.0219421
0 0.679036 0.335648 0.0416667 0.0740741 0.0214081
0 0.321289 0.92853 0.242839 0.14294 0.0172424
0 0.103516 0.229094 0.0364583 0.0533854 0.016098
0 0.328776 0.381944 0.0481771 0.0613426 0.0149002
0 0.619792 0.399306 0.0598958 0.0949074 0.0139008
0 0.364909 0.884259 0.407552 0.231481 0.0138474
0 0.439779 0.155671 0.0273438 0.0509259 0.0111618
0 0.531901 0.465278 0.0403646 0.0833333 0.0109863
0 0.0327148 0.425926 0.061849 0.321759 0.0109024
0 0.765625 0.679398 0.0520833 0.112269 0.00993347
0 0.0714518 0.387153 0.142904 0.47338 0.0091629
0 0.924479 0.973958 0.0755208 0.0520833 0.00831604
0 0.280924 0.947917 0.0898438 0.104167 0.00763702
0 0.474609 0.444444 0.0364583 0.0966435 0.00754929
0 0.154785 0.24197 0.0498047 0.0843461 0.00748825
0 0.421224 0.934606 0.136068 0.130787 0.00709534
0 0.766927 0.634838 0.0546875 0.101852 0.00703812
0 0.356771 0.905671 0.309896 0.188657 0.00624084
0 0.75651 0.394676 0.0429688 0.0543981 0.00595856
0 0.522786 0.317708 0.0266927 0.0474537 0.00551224
0 0.980469 0.33044 0.0338542 0.0688657 0.00498199
0 0.638021 0.181424 0.0351562 0.0619213 0.00496292
0 0.438802 0.359375 0.0625 0.125 0.00486755
0 0.0974935 0.0949074 0.19043 0.175926 0.00441742
0 0.289714 0.154514 0.0546875 0.0873843 0.00415039
0 0.355469 0.238426 0.030599 0.0480324 0.00405502
0 0.61849 0.407407 0.0442708 0.0775463 0.801758
0 0.421549 0.446759 0.0644531 0.101852 0.674805
0 0.349935 0.380208 0.0410156 0.0659722 0.562012
0 0.660156 0.315104 0.0364583 0.0532407 0.513672
0 0.938802 0.970486 0.0546875 0.0590278 0.376709
0 0.440755 0.95978 0.0553385 0.0804398 0.284668
0 0.494141 0.381076 0.0403646 0.0677083 0.24939
0 0.488607 0.323785 0.0358073 0.0462963 0.238647
0 0.758464 0.390046 0.0364583 0.056713 0.151001
0 0.962891 0.460938 0.0520833 0.0729167 0.147583
0 0.421224 0.426505 0.0716146 0.12963 0.147095
0 0.549154 0.457176 0.0442708 0.0891204 0.138428
0 0.0704753 0.555556 0.0514323 0.0833333 0.123779
0 0.980469 0.766204 0.0390625 0.0810185 0.109314
0 0.0844727 0.586806 0.0540365 0.0763889 0.105225
0 0.569987 0.243345 0.0279948 0.0422454 0.0750122
0 0.678385 0.328704 0.0390625 0.0619213 0.0656128
0 0.0799154 0.578125 0.0491536 0.0787037 0.0566406
0 0.761719 0.670139 0.0546875 0.0949074 0.0538025
0 0.334635 0.376736 0.0494792 0.0659722 0.0501404
0 0.45638 0.942419 0.0885417 0.115162 0.0477905
0 0.469401 0.934028 0.0729167 0.118056 0.0455322
0 0.616536 0.423032 0.046875 0.0844907 0.0453491
0 0.304362 0.155961 0.0501302 0.0833333 0.0431213
0 0.230306 0.396991 0.0270182 0.0497685 0.0362854
0 0.020752 0.453125 0.0301107 0.0671296 0.0358276
0 0.765625 0.634259 0.0533854 0.0949074 0.0358276
0 0.0742188 0.568287 0.0742188 0.0902778 0.0344849
0 0.047526 0.541667 0.0677083 0.100694 0.0322266
0 0.526042 0.318287 0.0182292 0.0451389 0.0308533
0 0.619792 0.391204 0.0598958 0.0896991 0.0204926
0 0.902995 0.311343 0.0260417 0.0439815 0.0184021
0 0.54069 0.465856 0.0481771 0.0844907 0.0174408
0 0.0286458 0.536458 0.0473633 0.193287 0.0170441
0 0.348633 0.337963 0.0403646 0.0844907 0.0166626
0 0.284505 0.971644 0.0416667 0.056713 0.0162811
0 0.0540365 0.512153 0.0833333 0.174769 0.0145569
0 0.150391 0.317708 0.0224609 0.0428241 0.0137405
0 0.223958 0.531829 0.0286458 0.0532407 0.0137405
0 0.02889 0.401042 0.0359701 0.0891204 0.0133743
0 0.927083 0.966146 0.0859375 0.0677083 0.0126724
0 0.977865 0.331597 0.0429688 0.0717593 0.012146
0 0.199707 0.974826 0.0439453 0.0503472 0.0112457
0 0.946615 0.967593 0.0989583 0.0648148 0.0104904
0 0.273438 0.384259 0.0260417 0.0497685 0.00993347
0 0.266927 0.239005 0.03125 0.0405093 0.00978088
0 0.747396 0.383681 0.0442708 0.0648148 0.00888062
0 0.104167 0.233218 0.0208333 0.0358796 0.00834656
0 0.823893 0.078125 0.352214 0.15625 0.0077858
0 0.594889 0.322338 0.0341797 0.0497685 0.00748825
0 0.413411 0.446181 0.0625 0.104167 0.614258
0 0.613281 0.410012 0.0442708 0.0665509 0.598145
0 0.41862 0.435185 0.0703125 0.128472 0.469727
0 0.9375 0.96875 0.0638021 0.0625 0.303223
0 0.657552 0.320602 0.0364583 0.0451389 0.197388
0 0.345378 0.380208 0.0371094 0.0555556 0.1427
0 0.441406 0.961227 0.0533854 0.0775463 0.127686
0 0.488932 0.372685 0.0455729 0.0636574 0.0970459
0 0.0623372 0.564815 0.0641276 0.0949074 0.0900879
0 0.48763 0.334491 0.0455729 0.0625 0.0809326
0 0.0439453 0.537182 0.0810547 0.140914 0.0668335
0 0.0727539 0.576389 0.054362 0.0844907 0.0570679
0 0.546875 0.45978 0.0494792 0.0873843 0.0472412
0 0.0355225 0.489583 0.0710449 0.158565 0.0455322
0 0.533203 0.460648 0.0559896 0.0902778 0.0428772
0 0.230957 0.399016 0.03125 0.046875 0.0308533
0 0.739583 0.380208 0.0338542 0.0451389 0.0301514
0 0.760417 0.385417 0.03125 0.0451389 0.0301056
0 0.0501302 0.508247 0.085612 0.212674 0.0274353
0 0.940755 0.947338 0.0846354 0.105324 0.0269165
0 0.034668 0.563657 0.0660807 0.166667 0.0233307
0 0.452148 0.940394 0.0794271 0.119213 0.02211
0 0.93099 0.96412 0.0911458 0.0717593 0.021286
0 0.965495 0.458333 0.0455729 0.0792824 0.019989
0 0.670573 0.331597 0.0442708 0.0601852 0.0190125
0 0.0385742 0.42419 0.0608724 0.165509 0.0189362
0 0.611328 0.422454 0.0442708 0.0856481 0.0188751
0 0.0816244 0.586806 0.0528971 0.0775463 0.0183716
0 0.324219 0.380787 0.0351562 0.0451389 0.0178528
0 0.94987 0.459491 0.0742188 0.0844907 0.0174408
0 0.432617 0.356192 0.0540365 0.106481 0.0150757
0 0.517578 0.321759 0.0260417 0.0486111 0.0133286
0 0.196289 0.974537 0.0367839 0.0509259 0.0129242
0 0.566406 0.245949 0.0273438 0.0381944 0.012825
0 0.266927 0.248843 0.03125 0.0416667 0.0118713
0 0.765625 0.68287 0.0416667 0.0787037 0.0102921
0 0.98112 0.771991 0.0377604 0.0740741 0.00993347
0 0.503906 0.388889 0.0520833 0.0717593 0.00933838
0 0.619792 0.389468 0.0598958 0.0659722 0.00933838
0 0.0514323 0.465567 0.0755208 0.26331 0.00912476
0 0.465495 0.9375 0.0820313 0.125 0.00888062
0 0.560872 0.313657 0.0227865 0.0324074 0.00847626
0 0.279297 0.975984 0.0351562 0.0480324 0.0069313
0 0.272135 0.387731 0.0260417 0.0393519 0.0069046
0 0.349609 0.335938 0.0481771 0.0868056 0.00671768
0 0.408854 0.31684 0.0559896 0.0515046 0.00664139
0 0.227702 0.534722 0.0279948 0.0451389 0.00629044
0 0.388753 0.306207 0.322754 0.321615 0.00624084
0 0.235352 0.453704 0.031901 0.0486111 0.00582123
0 0.769531 0.62963 0.0455729 0.0740741 0.00551224
