0 0.975586 0.829861 0.0488281 0.101852 0.953613
0 0.975911 0.800926 0.0481771 0.131944 0.660156
0 0.45638 0.946181 0.0898438 0.107639 0.404541
0 0.406901 0.457755 0.061849 0.0972222 0.349609
0 0.547852 0.496817 0.078776 0.144097 0.265137
0 0.552083 0.46875 0.0807292 0.210648 0.106323
0 0.421224 0.449942 0.0872396 0.118634 0.0950317
0 0.463867 0.9375 0.0878906 0.115741 0.0745239
0 0.430013 0.427662 0.103516 0.127315 0.0566406
0 0.773438 0.636574 0.0611979 0.0972222 0.0558167
0 0.269531 0.337963 0.0638021 0.0972222 0.0541992
0 0.769531 0.672454 0.0572917 0.0949074 0.0531921
0 0.311198 0.168692 0.0553385 0.0810185 0.0287018
0 0.267578 0.370949 0.0638021 0.0810185 0.0210419
0 0.492513 0.445023 0.19987 0.189815 0.0182648
0 0.975586 0.723235 0.0488281 0.55353 0.0182343
0 0.340495 0.371528 0.046875 0.0706019 0.0160217
0 0.966797 0.806713 0.0664062 0.150463 0.0145035
0 0.75 0.633102 0.0911458 0.104167 0.0127258
0 0.973307 0.847222 0.0533854 0.215278 0.0108185
0 0.491536 0.476562 0.21875 0.257523 0.0102921
0 0.972005 0.78125 0.0559896 0.219907 0.00841522
0 0.5 0.5 1 1 0.00800323
0 0.554688 0.438657 0.0664062 0.287037 0.0077858
0 0.857422 0.48669 0.285156 0.97338 0.00731659
0 0.747233 0.557292 0.505534 0.885417 0.00725937
0 0.680339 0.76331 0.639323 0.47338 0.00706482
0 0.86849 0.542245 0.0598958 0.0891204 0.00695801
0 0.5 0.5 1 1 0.0069046
0 0.679036 0.5 0.641927 1 0.0068779
0 0.609375 0.813657 0.78125 0.372685 0.00658798
0 0.390951 0.5 0.781901 1 0.00656509
0 0.633952 0.5 0.732096 1 0.00624084
0 0.289063 0.912037 0.0729167 0.087963 0.00619125
0 0.0712891 0.0669126 0.131836 0.133825 0.00616837
0 0.5 0.5 1 1 0.006073
0 0.470378 0.532407 0.940755 0.935185 0.00591278
0 0.751302 0.657407 0.0833333 0.12963 0.00582123
0 0.269206 0.321181 0.0729167 0.197917 0.00570679
0 0.873698 0.213542 0.252604 0.427083 0.00566483
0 0.540039 0.438079 0.0735677 0.295139 0.00564194
0 0.539062 0.538773 0.0833333 0.269676 0.00508118
0 0.914063 0.185041 0.171875 0.370081 0.0050621
0 0.5 0.5 1 1 0.00502014
0 0.360026 0.343171 0.0553385 0.0833333 0.00496292
0 0.32487 0.321181 0.0859375 0.199074 0.00494385
0 0.292236 0.167101 0.0887044 0.102141 0.0049057
0 0.0322266 0.396991 0.0572917 0.105324 0.00484848
0 0.693359 0.5 0.613281 1 0.00477219
0 0.564779 0.25 0.0410156 0.0752315 0.00471878
0 0.976563 0.809028 0.046875 0.12037 0.805664
0 0.409831 0.464699 0.0533854 0.0787037 0.723145
0 0.551758 0.485532 0.0696615 0.108796 0.49707
0 0.455729 0.941551 0.0729167 0.114583 0.342529
0 0.88151 0.534722 0.0598958 0.0925926 0.307373
0 0.419922 0.458333 0.0664062 0.087963 0.293457
0 0.826172 0.346644 0.0611979 0.0891204 0.205566
0 0.305664 0.153646 0.0709635 0.109954 0.195557
0 0.551758 0.444155 0.0709635 0.162616 0.171021
0 0.63151 0.325521 0.0546875 0.078125 0.157104
0 0.417318 0.433449 0.0911458 0.119213 0.146118
0 0.410807 0.434028 0.0690104 0.109954 0.139404
0 0.832682 0.35706 0.0598958 0.0949074 0.131226
0 0.0499674 0.546296 0.0869141 0.131944 0.12854
0 0.933594 0.253183 0.0494792 0.0706019 0.113159
0 0.559245 0.228877 0.0397135 0.0636574 0.11084
0 0.960938 0.466146 0.0651042 0.0873843 0.108582
0 0.0382487 0.38831 0.0709635 0.135417 0.107422
0 0.764974 0.635417 0.0690104 0.111111 0.0917358
0 0.972656 0.79919 0.0546875 0.148148 0.0736694
0 0.544271 0.43287 0.0651042 0.133102 0.0731812
0 0.734375 0.626157 0.0807292 0.104167 0.0646362
0 0.0503744 0.471644 0.100749 0.271991 0.0548096
0 0.766927 0.658565 0.0651042 0.12037 0.0505066
0 0.0497233 0.563657 0.0776367 0.12037 0.0472412
0 0.301432 0.139757 0.0878906 0.149884 0.0470886
0 0.140951 0.321181 0.0524089 0.0815972 0.0382385
0 0.350911 0.636574 0.0559896 0.0787037 0.0351562
0 0.234375 0.389468 0.0403646 0.0601852 0.0342407
0 0.0418294 0.472222 0.0826823 0.177083 0.0332031
0 0.113118 0.586227 0.0644531 0.115741 0.03302
0 0.625 0.332176 0.0520833 0.0891204 0.0293121
0 0.720052 0.947917 0.0598958 0.0983796 0.028656
0 0.344401 0.366319 0.046875 0.0671296 0.0276947
0 0.0366211 0.575231 0.0657552 0.122685 0.0261993
0 0.0662435 0.507957 0.128255 0.227141 0.0234222
0 0.970703 0.256438 0.0585938 0.165365 0.0231476
0 0.352214 0.320602 0.0644531 0.104167 0.0216217
0 0.0458171 0.374711 0.0906576 0.149884 0.0201721
0 0.126302 0.59375 0.0709635 0.115741 0.0197601
0 0.876302 0.516059 0.0703125 0.118345 0.0195007
0 0.692708 0.331597 0.0494792 0.0763889 0.0188751
0 0.532227 0.334491 0.0449219 0.0787037 0.0187683
0 0.55013 0.376157 0.0559896 0.161458 0.0175781
0 0.97819 0.310475 0.0436198 0.0769676 0.0174408
0 0.627604 0.270761 0.0729167 0.135561 0.0171814
0 0.0768229 0.237775 0.0498047 0.0753762 0.0160217
0 0.865885 0.501736 0.0859375 0.128472 0.0160217
0 0.384766 0.30787 0.046224 0.0671296 0.0157166
0 0.267904 0.324074 0.0559896 0.099537 0.0150146
0 0.974609 0.810185 0.0507813 0.12037 0.816895
0 0.413086 0.466435 0.0494792 0.0787037 0.654785
0 0.875651 0.542245 0.0507813 0.0775463 0.511719
0 0.439453 0.959491 0.0429688 0.0810185 0.259766
0 0.770833 0.627315 0.0651042 0.104167 0.218628
0 0.556315 0.484375 0.0670573 0.114583 0.191895
0 0.55013 0.467593 0.0755208 0.142361 0.157104
0 0.973958 0.959491 0.0520833 0.0810185 0.152588
0 0.310872 0.153212 0.0670573 0.122396 0.133911
0 0.198242 0.961516 0.046875 0.0769676 0.121277
0 0.417969 0.220197 0.289063 0.440394 0.119202
0 0.964844 0.47772 0.0625 0.0804398 0.115173
0 0.466797 0.951389 0.0611979 0.0949074 0.0987549
0 0.634766 0.338542 0.0507813 0.0659722 0.0923462
0 0.720703 0.951389 0.0481771 0.0787037 0.0894775
0 0.467773 0.227431 0.203776 0.418981 0.085083
0 0.628906 0.327836 0.0703125 0.0792824 0.0803833
0 0.972331 0.79919 0.0553385 0.165509 0.0648804
0 0.619629 0.196036 0.140951 0.229456 0.064209
0 0.298177 0.135561 0.104818 0.173322 0.0607605
0 0.264323 0.324653 0.0429688 0.0810185 0.0589905
0 0.766927 0.663194 0.0651042 0.12963 0.0554199
0 0.358073 0.630787 0.0507813 0.0659722 0.0518494
0 0.0556641 0.535301 0.0917969 0.152778 0.0492249
0 0.472656 0.940394 0.0729167 0.119213 0.0492249
0 0.595703 0.174769 0.0976563 0.197917 0.0484924
0 0.0490723 0.514902 0.090332 0.17853 0.0484924
0 0.330078 0.267072 0.154948 0.243634 0.0479431
0 0.296875 0.249494 0.120443 0.144531 0.0465393
0 0.486979 0.277127 0.094401 0.217737 0.0465393
0 0.147461 0.332176 0.0384115 0.056713 0.0463867
0 0.942708 0.250579 0.0677083 0.0763889 0.0455322
0 0.359701 0.331019 0.0898438 0.114005 0.0455322
0 0.730469 0.627315 0.111979 0.122685 0.0455322
0 0.714193 0.357639 0.0416667 0.0740741 0.0450134
0 0.619792 0.165943 0.128906 0.179109 0.0448608
0 0.932292 0.962963 0.0572917 0.0740741 0.0440063
0 0.697917 0.626157 0.0703125 0.125 0.0420837
0 0.825521 0.345775 0.0651042 0.0896991 0.0417786
0 0.553385 0.424769 0.0716146 0.195602 0.0397949
0 0.0805664 0.062283 0.134766 0.124566 0.0395508
0 0.458984 0.943287 0.0898438 0.113426 0.0381165
0 0.641927 0.972222 0.0390625 0.0555556 0.0376892
0 0.31958 0.230903 0.195475 0.346065 0.0358276
0 0.484375 0.748843 0.0429688 0.0555556 0.035553
0 0.630208 0.172454 0.0898438 0.15162 0.0339661
0 0.0820313 0.0574363 0.0950521 0.114873 0.0334778
0 0.923177 0.0868056 0.145833 0.152199 0.0321655
0 0.483724 0.216435 0.157552 0.377315 0.0317993
0 0.543945 0.409144 0.078776 0.152778 0.0316162
0 0.410156 0.462963 0.0533854 0.0763889 0.892578
0 0.544271 0.516204 0.0494792 0.099537 0.677246
0 0.545573 0.490451 0.0533854 0.114005 0.644043
0 0.975586 0.821759 0.0488281 0.12037 0.474609
0 0.873698 0.532986 0.0520833 0.0902778 0.300781
0 0.440755 0.967014 0.0442708 0.0659722 0.276611
0 0.193848 0.969329 0.0439453 0.0613426 0.242188
0 0.761068 0.671875 0.0585938 0.12963 0.193115
0 0.764974 0.644097 0.0651042 0.112269 0.173828
0 0.723958 0.963831 0.0442708 0.072338 0.119995
0 0.421224 0.427083 0.0507813 0.119213 0.116333
0 0.548177 0.39294 0.0442708 0.0821759 0.112
0 0.475911 0.931134 0.0579427 0.0960648 0.0994873
0 0.94987 0.472801 0.0598958 0.068287 0.0427246
0 0.305339 0.181134 0.0481771 0.0787037 0.0423889
0 0.0756022 0.241898 0.0375977 0.0486111 0.0404663
0 0.545898 0.405671 0.0611979 0.104167 0.0387573
0 0.960286 0.47772 0.0533854 0.0792824 0.0378113
0 0.632813 0.330729 0.0338542 0.0619213 0.0333862
0 0.694661 0.331019 0.0351562 0.056713 0.0302734
0 0.470703 0.95544 0.0559896 0.0891204 0.0290833
0 0.0264486 0.386574 0.0441081 0.0798611 0.0254669
0 0.563151 0.2364 0.0325521 0.0491898 0.0252228
0 0.228516 0.391204 0.0315755 0.0439815 0.0248413
0 0.410807 0.430556 0.0611979 0.126157 0.0231934
0 0.936198 0.259259 0.0546875 0.0717593 0.0216217
0 0.753906 0.631944 0.0885417 0.106481 0.0212402
0 0.269531 0.394097 0.0299479 0.0474537 0.0204163
0 0.137858 0.323495 0.0322266 0.0497685 0.0202942
0 0.21696 0.537037 0.0361328 0.0590278 0.0198364
0 0.0649414 0.55787 0.055013 0.087963 0.0194244
0 0.460286 0.945312 0.0885417 0.109375 0.0192719
0 0.836589 0.375579 0.046875 0.0868056 0.0192413
0 0.643229 0.976562 0.0364583 0.046875 0.0188293
0 0.0229492 0.55787 0.0458984 0.0983796 0.0161591
0 0.197591 0.945602 0.0520833 0.104167 0.0147324
0 0.828125 0.371238 0.0572917 0.0862269 0.014389
0 0.82487 0.336806 0.0494792 0.0677083 0.0133743
0 0.269531 0.313079 0.0273438 0.0428241 0.0130234
0 0.0208333 0.483796 0.0416667 0.109954 0.0118713
0 0.022054 0.599537 0.043457 0.0856481 0.0115967
0 0.873698 0.506366 0.0572917 0.121528 0.0115051
0 0.557292 0.331597 0.0338542 0.0578704 0.0101318
0 0.726563 0.945023 0.0572917 0.0949074 0.00926971
0 0.0582682 0.59375 0.0400391 0.0625 0.00891876
0 0.761719 0.663194 0.0755208 0.127315 0.00891876
0 0.9375 0.971065 0.0625 0.0578704 0.00763702
0 0.0268555 0.342014 0.0400391 0.0798611 0.00723267
0 0.835938 0.342014 0.0520833 0.0787037 0.00717545
0 0.686198 0.686343 0.046875 0.0902778 0.00706482
0 0.975911 0.814815 0.0481771 0.111111 0.791016
0 0.407227 0.454572 0.0559896 0.0896991 0.603027
0 0.544922 0.503328 0.0540365 0.106771 0.452393
0 0.447266 0.94647 0.0677083 0.10706 0.373779
0 0.876302 0.534144 0.0494792 0.0868056 0.297363
0 0.463542 0.940972 0.0729167 0.118056 0.279053
0 0.633464 0.324653 0.0338542 0.0630787 0.187134
0 0.198893 0.954282 0.0514323 0.0914352 0.179565
0 0.761719 0.664352 0.0520833 0.108796 0.158203
0 0.542969 0.486111 0.0638021 0.128472 0.122925
0 0.421224 0.423032 0.061849 0.12037 0.107056
0 0.41276 0.429977 0.0677083 0.126157 0.106689
0 0.726563 0.957755 0.0416667 0.0740741 0.105591
0 0.763021 0.642361 0.0520833 0.0972222 0.101929
0 0.305013 0.172164 0.0442708 0.0752315 0.0769653
0 0.548828 0.399306 0.0416667 0.0810185 0.0718384
0 0.938151 0.960069 0.0507813 0.0798611 0.0646362
0 0.0713704 0.471644 0.0379232 0.0636574 0.0598755
0 0.566406 0.235532 0.0299479 0.0532407 0.0592041
0 0.139648 0.320023 0.0335286 0.0555556 0.0520325
0 0.539062 0.396991 0.0494792 0.0787037 0.0507202
0 0.643229 0.971065 0.0338542 0.0578704 0.0462036
0 0.0758464 0.238426 0.0390625 0.0671296 0.0433655
0 0.959635 0.462384 0.0598958 0.087963 0.0391846
0 0.839844 0.366319 0.0416667 0.0763889 0.0390625
0 0.964844 0.809028 0.0703125 0.115741 0.0374756
0 0.683594 0.690972 0.0416667 0.056713 0.0347595
0 0.200195 0.94213 0.0611979 0.106481 0.0330811
0 0.696615 0.327836 0.0364583 0.0706019 0.0314941
0 0.526367 0.317998 0.0260417 0.0439815 0.0303802
0 0.822917 0.342593 0.0533854 0.0787037 0.0263519
0 0.0203451 0.460938 0.0374349 0.0520833 0.0237732
0 0.387695 0.314236 0.03125 0.0532407 0.0227966
0 0.974609 0.813079 0.0507813 0.16088 0.0227661
0 0.967122 0.907986 0.0657552 0.184028 0.0212097
0 0.482096 0.320891 0.0292969 0.0405093 0.0204468
0 0.750651 0.665509 0.0507813 0.0925926 0.0204163
0 0.932292 0.24537 0.0351562 0.0462963 0.0201416
0 0.875 0.506944 0.0572917 0.115741 0.0198669
0 0.950521 0.456887 0.0572917 0.0653935 0.0192719
0 0.0345052 0.383102 0.0535482 0.0960648 0.0190582
0 0.475911 0.395833 0.0325521 0.0613426 0.0187988
0 0.0323079 0.850694 0.0486654 0.0717593 0.0183411
0 0.280599 0.97338 0.0410156 0.0532407 0.018158
0 0.0548503 0.556713 0.0485026 0.0833333 0.0180969
0 0.053304 0.590278 0.0359701 0.0625 0.0179138
0 0.0515951 0.385995 0.0413411 0.0763889 0.0171814
0 0.73763 0.625 0.0533854 0.087963 0.016922
0 0.118327 0.62037 0.0439453 0.0729167 0.0162811
0 0.266602 0.241898 0.0299479 0.0428241 0.0161591
0 0.41276 0.464988 0.0442708 0.072338 0.683594
0 0.977214 0.821759 0.0455729 0.125 0.653809
0 0.871094 0.539931 0.0481771 0.0844907 0.299805
0 0.439453 0.965278 0.0410156 0.0694444 0.131226
0 0.541016 0.517216 0.0481771 0.0928819 0.119995
0 0.965495 0.822917 0.0690104 0.149306 0.0960083
0 0.305664 0.164931 0.0377604 0.0729167 0.0574951
0 0.567057 0.235822 0.030599 0.0480324 0.0539856
0 0.635417 0.327546 0.0338542 0.0590278 0.039856
0 0.143555 0.325521 0.0338542 0.0584491 0.0381165
0 0.034668 0.460069 0.0693359 0.199074 0.0361633
0 0.0372721 0.426505 0.0722656 0.221065 0.0273743
0 0.0472005 0.473669 0.094401 0.255208 0.0266571
0 0.0388997 0.507957 0.0758464 0.190104 0.0237732
0 0.469401 0.397569 0.0377604 0.068287 0.0235596
0 0.0481771 0.527778 0.0771484 0.153935 0.0216217
0 0.465495 0.95544 0.061849 0.0891204 0.0158997
0 0.969401 0.804398 0.0611979 0.206019 0.0153656
0 0.199382 0.962674 0.0472005 0.0746528 0.0149536
0 0.53776 0.487847 0.0520833 0.130787 0.0148392
0 0.455729 0.940394 0.0755208 0.119213 0.012825
0 0.972005 0.844907 0.0546875 0.180556 0.0119171
0 0.946615 0.965856 0.0859375 0.068287 0.0115967
0 0.523112 0.321181 0.0332031 0.0439815 0.011467
0 0.963542 0.805556 0.0729167 0.203704 0.00930023
0 0.764323 0.6875 0.0507813 0.104167 0.00901794
0 0.483724 0.318576 0.0299479 0.0422454 0.0088501
0 0.552083 0.490162 0.0533854 0.127315 0.00828552
0 0.191081 0.320602 0.0273438 0.046875 0.008255
0 0.311849 0.383102 0.0234375 0.0474537 0.00787354
0 0.842448 0.375579 0.0390625 0.0717593 0.00754929
0 0.819661 0.336516 0.0429688 0.0671296 0.00737381
0 0.533203 0.394097 0.0416667 0.0636574 0.00698471
0 0.391276 0.320602 0.0286458 0.0486111 0.00674438
0 0.050944 0.408275 0.0973307 0.359375 0.00638962
0 0.951823 0.461516 0.0546875 0.0694444 0.00638962
0 0.928385 0.253472 0.0390625 0.0543981 0.00631332
0 0.96875 0.883681 0.0572917 0.232639 0.00614548
0 0.410807 0.429977 0.0611979 0.131366 0.005867
0 0.69401 0.329572 0.0338542 0.0590278 0.00568771
0 0.20931 0.963542 0.0579427 0.0729167 0.00548935
0 0.290365 0.151331 0.0585938 0.0946181 0.00542831
0 0.265951 0.24566 0.0416667 0.0515046 0.00492477
0 0.438802 0.402488 0.046875 0.102431 0.00488663
0 0.306641 0.918403 0.157552 0.163194 0.00488663
0 0.0420736 0.567708 0.0841471 0.16088 0.00486755
0 0.640625 0.224609 0.0299479 0.047309 0.00473785
0 0.638672 0.176794 0.0351562 0.0584491 0.00432968
0 0.983073 0.171007 0.0338542 0.0546875 0.00418091
0 0.966146 0.477141 0.0520833 0.0873843 0.00418091
0 0.413086 0.454861 0.0501302 0.0792824 0.837402
0 0.976563 0.813657 0.046875 0.114583 0.79834
0 0.873698 0.525608 0.0507813 0.0807292 0.490234
0 0.634766 0.318576 0.0325521 0.052662 0.464844
0 0.546224 0.511429 0.0507813 0.0813079 0.386719
0 0.440104 0.962384 0.0494792 0.0752315 0.235107
0 0.488281 0.314815 0.0279948 0.0393519 0.173828
0 0.391602 0.313657 0.0260417 0.0509259 0.135742
0 0.146484 0.32147 0.0260417 0.0434028 0.123779
0 0.961589 0.462384 0.0546875 0.0740741 0.112793
0 0.201172 0.962674 0.0514323 0.0746528 0.104126
0 0.957031 0.454861 0.0520833 0.068287 0.0966797
0 0.761068 0.673611 0.0559896 0.0983796 0.0897827
0 0.545573 0.491319 0.0553385 0.108796 0.0894775
0 0.97526 0.803241 0.0494792 0.168981 0.0838623
0 0.571615 0.238137 0.0286458 0.0439815 0.0715942
0 0.73112 0.961227 0.046875 0.0694444 0.0698242
0 0.525716 0.318287 0.0240885 0.0405093 0.069519
0 0.479818 0.398438 0.0286458 0.0607639 0.0603027
0 0.765625 0.633102 0.0494792 0.0891204 0.0560303
0 0.483724 0.918981 0.0416667 0.0810185 0.0499573
0 0.30599 0.154803 0.0533854 0.0862269 0.0479431
0 0.839844 0.367477 0.0455729 0.0763889 0.0348206
0 0.643229 0.969907 0.0416667 0.0601852 0.0298767
0 0.193685 0.315972 0.0201823 0.0358796 0.0298157
0 0.69401 0.322338 0.0260417 0.0520833 0.0278015
0 0.824219 0.338542 0.0442708 0.0717593 0.0257568
0 0.231771 0.390336 0.023112 0.0422454 0.0256195
0 0.967448 0.813657 0.0651042 0.131944 0.0245667
0 0.0266927 0.395255 0.0289714 0.0694444 0.0241852
0 0.9375 0.965278 0.0585938 0.0636574 0.0240021
0 0.552734 0.377894 0.0377604 0.0671296 0.023819
0 0.415365 0.412037 0.0820313 0.113426 0.0213623
0 0.623047 0.317708 0.0416667 0.0613426 0.0208893
0 0.927734 0.250289 0.0325521 0.0451389 0.0202484
0 0.540365 0.391204 0.046875 0.0717593 0.0199127
0 0.454753 0.944444 0.0813802 0.111111 0.0183716
0 0.0192057 0.443866 0.0250651 0.0619213 0.0166626
0 0.827474 0.363137 0.0481771 0.0815972 0.0165253
0 0.903646 0.303241 0.0260417 0.0474537 0.0140076
0 0.0606283 0.548032 0.0506185 0.0891204 0.0138474
0 0.78125 0.39265 0.0286458 0.0515046 0.0122375
0 0.414063 0.438657 0.0585938 0.118056 0.0109024
0 0.765625 0.256655 0.0260417 0.0486111 0.00978088
0 0.0362956 0.552083 0.0452474 0.0902778 0.00978088
0 0.982422 0.24537 0.0325521 0.0474537 0.00941467
0 0.83724 0.345486 0.0494792 0.0769676 0.00941467
0 0.0768229 0.473669 0.0403646 0.0758102 0.008255
0 0.361654 0.31684 0.03125 0.0503472 0.00818634
0 0.727865 0.320023 0.0234375 0.0509259 0.0078125
0 0.408854 0.456597 0.0481771 0.0700231 0.787109
0 0.97526 0.814815 0.0494792 0.108796 0.673828
0 0.41276 0.448495 0.0559896 0.0833333 0.280518
0 0.537109 0.514034 0.0481771 0.0853588 0.248047
0 0.86849 0.53125 0.0625 0.0787037 0.107056
0 0.194336 0.962963 0.0410156 0.0717593 0.0933228
0 0.537109 0.487847 0.0566406 0.123843 0.0806274
0 0.635417 0.322917 0.0286458 0.0462963 0.0786133
0 0.440104 0.969907 0.0390625 0.0601852 0.0745239
0 0.730469 0.962963 0.0442708 0.0717593 0.0570679
0 0.483073 0.316551 0.0273438 0.0300926 0.0538025
0 0.964193 0.815394 0.0690104 0.144676 0.0507202
0 0.388997 0.317708 0.0279948 0.0405093 0.0479431
0 0.936849 0.965278 0.0677083 0.0671296 0.0391235
0 0.230632 0.392361 0.0257161 0.0335648 0.0389709
0 0.14388 0.320891 0.0227865 0.0324074 0.0319824
0 0.415365 0.426215 0.0716146 0.116898 0.0298157
0 0.535156 0.39294 0.0442708 0.0509259 0.0227966
0 0.477214 0.397859 0.0299479 0.0509259 0.0211182
0 0.551432 0.384549 0.0358073 0.0549769 0.0200653
0 0.567057 0.243924 0.0286458 0.0358796 0.0184784
0 0.825521 0.365162 0.0429688 0.0706019 0.0184326
0 0.0264486 0.394676 0.0301107 0.0659722 0.018158
0 0.0183919 0.454282 0.0281576 0.0509259 0.0178528
0 0.408854 0.433449 0.0559896 0.109954 0.0177155
0 0.643229 0.972801 0.0364583 0.0543981 0.0173035
0 0.0730794 0.464988 0.0384115 0.0474537 0.0161591
0 0.838542 0.369792 0.0442708 0.0740741 0.0155411
0 0.524089 0.319444 0.0247396 0.0300926 0.014389
0 0.764323 0.684028 0.0494792 0.087963 0.012825
0 0.969401 0.790509 0.0611979 0.18287 0.0125275
0 0.932292 0.260706 0.0625 0.078125 0.0123367
0 0.96224 0.460069 0.0520833 0.0844907 0.0120544
0 0.979167 0.255208 0.0403646 0.0787037 0.0104065
0 0.560547 0.31684 0.0221354 0.0277778 0.00905609
0 0.27474 0.387442 0.0221354 0.0324074 0.00888062
0 0.351888 0.389468 0.0332031 0.0405093 0.00878143
0 0.955078 0.465856 0.0651042 0.0787037 0.0085144
0 0.76888 0.631944 0.0494792 0.0833333 0.00769424
0 0.726563 0.373264 0.0234375 0.0462963 0.00757599
0 0.643229 0.375 0.0234375 0.0428241 0.00740433
0 0.0314941 0.557292 0.0470378 0.0833333 0.00714874
0 0.942708 0.928241 0.09375 0.143519 0.00701141
0 0.195313 0.945602 0.0452474 0.09375 0.00679779
0 0.823568 0.335648 0.0429688 0.0590278 0.0064621
0 0.482096 0.922454 0.0377604 0.0763889 0.00638962
0 0.0512695 0.550926 0.0488281 0.0787037 0.00634003
0 0.189128 0.315972 0.015625 0.0243056 0.00629044
0 0.4375 0.322338 0.0273438 0.0335648 0.00616837
0 0.227865 0.538194 0.0224609 0.0347222 0.00609589
