2 0.229329 0.677083 0.0647786 0.0902778 0.0950317
1 0.229329 0.677083 0.0647786 0.0902778 0.0600891
0 0.229329 0.677083 0.0647786 0.0902778 0.0433655
1 0.199544 0.679398 0.0546875 0.0810185 0.0230713
2 0.227376 0.641782 0.0589193 0.0891204 0.0228882
2 0.199544 0.679398 0.0546875 0.0810185 0.0141754
2 0.863281 0.456019 0.0338542 0.104167 0.00806427
0 0.199544 0.679398 0.0546875 0.0810185 0.00793457
1 0.863281 0.456019 0.0338542 0.104167 0.0069046
1 0.227376 0.641782 0.0589193 0.0891204 0.0064888
0 0.227376 0.641782 0.0589193 0.0891204 0.00518036
1 0.221029 0.634259 0.0885417 0.0775463 0.00397491
0 0.863281 0.456019 0.0338542 0.104167 0.00365067
2 0.5 0.5 1 1 0.00349617
2 0.221029 0.634259 0.0885417 0.0775463 0.00325966
1 0.192871 0.719329 0.0872396 0.0868056 0.00322342
0 0.5 0.5 1 1 0.003088
0 0.5 0.5 1 1 0.00302696
2 0.246419 0.685185 0.0598958 0.0972222 0.00299263
2 0.5 0.5 1 1 0.00288963
0 0.366536 0.5 0.733073 1 0.00288963
1 0.224121 0.701389 0.0777995 0.122685 0.00276756
1 0.5 0.5 1 1 0.00273705
2 0.884115 0.457755 0.0716146 0.113426 0.00271416
1 0.5 0.5 1 1 0.00271416
0 0.5 0.5 1 1 0.0026722
2 0.5 0.5 1 1 0.00264168
2 0.366536 0.5 0.733073 1 0.00255013
2 0.5 0.5 1 1 0.00242424
0 0.200521 0.668981 0.0397135 0.168981 0.00234222
2 0.5 0.5 1 1 0.00224304
1 0.450846 0.5 0.901693 1 0.00221634
2 0.5 0.5 1 1 0.00218201
1 0.5 0.5 1 1 0.00218201
1 0.5 0.5 1 1 0.00216484
0 0.5 0.5 1 1 0.00211525
2 0.224121 0.701389 0.0777995 0.122685 0.0020504
2 0.200521 0.668981 0.0397135 0.168981 0.00204277
0 0.884115 0.457755 0.0716146 0.113426 0.00200272
2 0.5 0.5 1 1 0.00194931
1 0.165365 0.686921 0.0514323 0.0798611 0.00191212
2 0.5 0.5 1 1 0.00188923
0 0.5 0.5 1 1 0.00188255
0 0.224121 0.701389 0.0777995 0.122685 0.00187492
0 0.5 0.5 1 1 0.00186062
1 0.246419 0.685185 0.0598958 0.0972222 0.00176811
0 0.221029 0.634259 0.0885417 0.0775463 0.00174141
1 0.5 0.5 1 1 0.00173378
1 0.884115 0.457755 0.0716146 0.113426 0.0017004
2 0.192871 0.719329 0.0872396 0.0868056 0.00161648
2 0.229167 0.686343 0.0533854 0.0659722 0.144653
1 0.229167 0.686343 0.0533854 0.0659722 0.0302124
2 0.215007 0.689236 0.0712891 0.0752315 0.02034
2 0.229492 0.648148 0.047526 0.0891204 0.0151901
1 0.842448 0.120949 0.0390625 0.0648148 0.00769424
1 0.861979 0.451968 0.0286458 0.0706019 0.00577545
1 0.215007 0.689236 0.0712891 0.0752315 0.00577545
2 0.209961 0.673032 0.069987 0.128472 0.00457382
1 0.209961 0.673032 0.069987 0.128472 0.00439835
0 0.229167 0.686343 0.0533854 0.0659722 0.00376511
2 0.248698 0.679398 0.0501302 0.0636574 0.00353813
0 0.209961 0.673032 0.069987 0.128472 0.00316048
1 0.206543 0.645255 0.0784505 0.168981 0.00259018
2 0.211263 0.631944 0.0641276 0.0717593 0.00239754
2 0.206543 0.645255 0.0784505 0.168981 0.00219154
1 0.84375 0.137731 0.0390625 0.0659722 0.00214005
2 0.842448 0.120949 0.0390625 0.0648148 0.00201988
2 0.140299 0.538194 0.0315755 0.0462963 0.00197983
0 0.206543 0.645255 0.0784505 0.168981 0.00197983
0 0.229492 0.648148 0.047526 0.0891204 0.0019722
2 0.861979 0.451968 0.0286458 0.0706019 0.00178909
1 0.140299 0.538194 0.0315755 0.0462963 0.00176144
1 0.830729 0.114294 0.0442708 0.0601852 0.0017004
2 0.5 0.5 1 1 0.00162315
0 0.215007 0.689236 0.0712891 0.0752315 0.00158501
1 0.248698 0.679398 0.0501302 0.0636574 0.00156116
0 0.5 0.5 1 1 0.00154877
2 0.5 0.5 1 1 0.00148964
1 0.5 0.5 1 1 0.00135612
0 0.5 0.5 1 1 0.00135136
0 0.211263 0.631944 0.0641276 0.0717593 0.00131989
2 0.408529 0.506944 0.817057 0.986111 0.00130939
0 0.5 0.5 1 1 0.00128937
0 0.440755 0.5 0.88151 1 0.0012846
1 0.229492 0.648148 0.047526 0.0891204 0.00127888
2 0.5 0.5 1 1 0.00124454
2 0.578125 0.716146 0.84375 0.567708 0.00124454
0 0.408529 0.506944 0.817057 0.986111 0.00123501
0 0.578125 0.716146 0.84375 0.567708 0.00123501
2 0.440755 0.5 0.88151 1 0.00121117
0 0.140299 0.538194 0.0315755 0.0462963 0.00117874
2 0.447266 0.5 0.894531 1 0.00117874
0 0.447266 0.5 0.894531 1 0.00117397
0 0.511719 0.333333 0.976563 0.666667 0.00115585
2 0.679199 0.5 0.641602 1 0.00112438
2 0.247396 0.637731 0.0572917 0.0694444 0.0011158
1 0.5 0.5 1 1 0.00110722
2 0.5 0.5 1 1 0.00109482
2 0.5 0.5 1 1 0.00109005
0 0.811198 0.572917 0.377604 0.854167 0.00108624
1 0.220703 0.679398 0.061849 0.0925926 0.14856
1 0.206217 0.680556 0.0680339 0.0925926 0.0600891
2 0.220703 0.679398 0.061849 0.0925926 0.0594177
1 0.839193 0.116898 0.0481771 0.0642361 0.0362244
1 0.828125 0.117766 0.0520833 0.0648148 0.0182648
1 0.222982 0.673611 0.078776 0.111111 0.0174408
2 0.222982 0.673611 0.078776 0.111111 0.0158997
2 0.206217 0.680556 0.0680339 0.0925926 0.0157776
1 0.838542 0.130208 0.0507813 0.0810185 0.0103683
1 0.141764 0.535301 0.0345052 0.0694444 0.0085144
1 0.355469 0.448495 0.0455729 0.0810185 0.00809479
1 0.864583 0.448495 0.0546875 0.100694 0.0078125
1 0.205892 0.65625 0.0693359 0.116898 0.00526047
1 0.825521 0.132523 0.0494792 0.0775463 0.00469971
1 0.389974 0.469907 0.0403646 0.0671296 0.0046463
1 0.886719 0.456019 0.0625 0.111111 0.00372124
1 0.348307 0.403935 0.0507813 0.104167 0.00337601
0 0.222982 0.673611 0.078776 0.111111 0.0026722
0 0.220703 0.679398 0.061849 0.0925926 0.00243378
1 0.869792 0.420139 0.0546875 0.0972222 0.00223351
0 0.206217 0.680556 0.0680339 0.0925926 0.00208282
1 0.210124 0.637731 0.0914714 0.185185 0.0017004
1 0.828125 0.457755 0.0729167 0.0856481 0.00159168
1 0.189453 0.678819 0.0963542 0.0983796 0.00152493
1 0.917318 0.42419 0.123698 0.126157 0.00147247
1 0.0131429 0.388744 0.0262858 0.734086 0.00137806
1 0.336914 0.441551 0.0768229 0.0949074 0.00123501
1 0.675781 0.35706 0.175781 0.195602 0.00113392
1 0.431315 0.527199 0.0494792 0.0520833 0.00109005
2 0.214518 0.659722 0.0657552 0.118056 0.00104809
2 0.210124 0.637731 0.0914714 0.185185 0.00102425
1 0.0113118 0.516204 0.0226237 0.84838 0.00100803
2 0.217448 0.695602 0.0605469 0.087963 0.484375
2 0.208333 0.6875 0.078125 0.108796 0.259766
1 0.841146 0.120081 0.0442708 0.0694444 0.150513
2 0.204427 0.701968 0.0917969 0.111111 0.0800781
1 0.85026 0.445602 0.0442708 0.12037 0.0585632
1 0.135742 0.528935 0.0403646 0.0740741 0.0460205
1 0.217448 0.695602 0.0605469 0.087963 0.0419312
1 0.863281 0.453125 0.0442708 0.106481 0.026062
1 0.832031 0.116609 0.0572917 0.0700231 0.0224609
1 0.845052 0.129919 0.0390625 0.0844907 0.0126266
1 0.204427 0.701968 0.0917969 0.111111 0.0126266
1 0.208333 0.6875 0.078125 0.108796 0.0113297
1 0.0177409 0.41088 0.0354818 0.0717593 0.00923157
1 0.389323 0.478588 0.0403646 0.0810185 0.0091629
0 0.85026 0.445602 0.0442708 0.12037 0.00891876
2 0.863281 0.453125 0.0442708 0.106481 0.00793457
1 0.882813 0.447917 0.0598958 0.127315 0.00740433
2 0.219076 0.670718 0.0579427 0.136574 0.00717545
0 0.217448 0.695602 0.0605469 0.087963 0.00717545
0 0.135742 0.528935 0.0403646 0.0740741 0.0069046
1 0.0175781 0.524884 0.0351562 0.0706019 0.0064888
1 0.0183919 0.463542 0.0367839 0.0891204 0.00579834
0 0.204427 0.701968 0.0917969 0.111111 0.00570679
1 0.397135 0.509838 0.0384115 0.0706019 0.00544739
1 0.120768 0.521412 0.0397135 0.068287 0.0049057
1 0.845703 0.134838 0.0794271 0.116898 0.0049057
2 0.85026 0.445602 0.0442708 0.12037 0.00402451
0 0.208333 0.6875 0.078125 0.108796 0.00397491
1 0.424154 0.525463 0.0455729 0.0462963 0.00346947
2 0.135742 0.528935 0.0403646 0.0740741 0.00335121
2 0.190104 0.73206 0.126302 0.127315 0.00296974
1 0.360026 0.436343 0.0442708 0.134259 0.00287819
2 0.201009 0.668981 0.0830078 0.136574 0.00283432
0 0.863281 0.453125 0.0442708 0.106481 0.00275803
1 0.351563 0.394097 0.0520833 0.134259 0.00271416
1 0.828776 0.131366 0.0585938 0.0868056 0.00256157
1 0.00154622 0.817708 0.00309245 0.364583 0.00245285
2 0.189128 0.661458 0.113281 0.197917 0.00232315
0 0.120768 0.521412 0.0397135 0.068287 0.00226974
0 0.882813 0.447917 0.0598958 0.127315 0.00222588
2 0.841146 0.120081 0.0442708 0.0694444 0.00221634
1 0.00268555 0.887731 0.00537109 0.224537 0.00220871
2 0.854167 0.466435 0.0455729 0.166667 0.00203514
1 0.00146484 0.73206 0.00292969 0.422454 0.00201988
1 0.00480143 0.773148 0.00960287 0.453704 0.00192642
1 0.854167 0.466435 0.0455729 0.166667 0.00185299
1 0.835286 0.446181 0.0638021 0.113426 0.00171375
1 0.00244141 0.594907 0.00488281 0.344907 0.00169373
1 0.893229 0.420718 0.0703125 0.114583 0.00166798
0 0.0175781 0.524884 0.0351562 0.0706019 0.00164223
2 0.224935 0.694444 0.0488281 0.0648148 0.107788
2 0.197266 0.691551 0.0436198 0.0613426 0.0470886
2 0.859375 0.457755 0.0598958 0.121528 0.0362244
1 0.825521 0.119502 0.0546875 0.0665509 0.0330811
1 0.834635 0.122685 0.0546875 0.0694444 0.0294189
1 0.224935 0.694444 0.0488281 0.0648148 0.0281067
2 0.204753 0.701389 0.0501302 0.0740741 0.0253754
1 0.197266 0.691551 0.0436198 0.0613426 0.0233307
2 0.858073 0.45544 0.0364583 0.100694 0.0197144
1 0.858073 0.45544 0.0364583 0.100694 0.0181885
0 0.858073 0.45544 0.0364583 0.100694 0.0141144
1 0.204753 0.701389 0.0501302 0.0740741 0.00967407
1 0.189779 0.1875 0.0358073 0.0590278 0.0085144
0 0.859375 0.457755 0.0598958 0.121528 0.00847626
2 0.838542 0.457755 0.0703125 0.100694 0.00479126
1 0.138672 0.534144 0.0348307 0.0659722 0.00385475
1 0.859375 0.457755 0.0598958 0.121528 0.00370789
0 0.204753 0.701389 0.0501302 0.0740741 0.00370789
2 0.834635 0.122685 0.0546875 0.0694444 0.00284576
2 0.825521 0.119502 0.0546875 0.0665509 0.00282288
0 0.838542 0.457755 0.0703125 0.100694 0.0024929
1 0.838542 0.457755 0.0703125 0.100694 0.0024929
0 0.197266 0.691551 0.0436198 0.0613426 0.00220871
0 0.224935 0.694444 0.0488281 0.0648148 0.00194931
1 0.858073 0.120949 0.0598958 0.0844907 0.00176144
2 0.854167 0.446181 0.0416667 0.123843 0.00167465
1 0.827474 0.132523 0.0507813 0.0775463 0.00164223
1 0.854167 0.446181 0.0416667 0.123843 0.00160408
2 0.858073 0.120949 0.0598958 0.0844907 0.00155449
1 0.0214844 0.404514 0.0309245 0.068287 0.00154305
2 0.875651 0.461227 0.0559896 0.101852 0.00150681
1 0.152018 0.226852 0.0260417 0.0520833 0.00139427
1 0.18099 0.224537 0.0397135 0.0509259 0.00138855
1 0.220052 0.17853 0.0345052 0.046875 0.00136185
0 0.854167 0.446181 0.0416667 0.123843 0.00129414
1 0.815104 0.120081 0.0911458 0.0804398 0.00123024
2 0.842448 0.470486 0.0664062 0.146991 0.00119686
2 0.821615 0.443287 0.122396 0.126157 0.00112915
2 0.242513 0.692708 0.0657552 0.0706019 0.00108147
0 0.842448 0.470486 0.0664062 0.146991 0.00105667
2 0.231771 0.6875 0.0384115 0.0439815 0.0897827
1 0.231771 0.6875 0.0384115 0.0439815 0.016098
2 0.201497 0.688657 0.0416667 0.0462963 0.0154266
1 0.839844 0.115741 0.0442708 0.0636574 0.0116882
1 0.201497 0.688657 0.0416667 0.0462963 0.00405502
1 0.139486 0.53125 0.0361328 0.0555556 0.00332451
2 0.777669 0.987269 0.444661 0.025463 0.00227928
0 0.754557 0.989005 0.490885 0.0219907 0.00221634
1 0.820313 0.113715 0.078125 0.0665509 0.00191212
2 0.71224 0.987847 0.575521 0.0243056 0.00189686
0 0.21582 0.976852 0.431641 0.0462963 0.0018034
0 0.676921 0.985532 0.588867 0.0289352 0.00146675
0 0.280436 0.979167 0.560872 0.0416667 0.00143242
2 0.596354 0.981481 0.592448 0.037037 0.00138855
2 0.839844 0.115741 0.0442708 0.0636574 0.00136185
2 0.249674 0.684028 0.0507813 0.0578704 0.00134563
0 0.231771 0.6875 0.0384115 0.0439815 0.00124931
0 0.555013 0.980324 0.594401 0.0393519 0.00116062
0 0.389893 0.978009 0.593913 0.0439815 0.00111198
2 0.77474 1 0.450521 0 0.00108147
2 0.682454 1 0.512695 0 0.00100422
2 0.234049 0.683449 0.0436198 0.068287 0.349609
1 0.842448 0.117188 0.0390625 0.0572917 0.0881958
2 0.217611 0.690972 0.0442708 0.0798611 0.0410767
1 0.364909 0.434028 0.0598958 0.0775463 0.0333862
1 0.13737 0.52662 0.0341797 0.0798611 0.0325928
1 0.234049 0.683449 0.0436198 0.068287 0.0298767
1 0.348307 0.431134 0.0585938 0.107639 0.0285492
0 0.864583 0.452546 0.0390625 0.101852 0.0265503
1 0.830729 0.118056 0.0559896 0.0636574 0.0257568
1 0.217611 0.690972 0.0442708 0.0798611 0.0209198
1 0.144857 0.568287 0.0598958 0.099537 0.0159607
1 0.393229 0.46875 0.0364583 0.0601852 0.0155411
2 0.206055 0.686343 0.0664062 0.0810185 0.0151901
0 0.234049 0.683449 0.0436198 0.068287 0.0134277
1 0.873047 0.440972 0.0520833 0.0810185 0.0119629
0 0.13737 0.52662 0.0341797 0.0798611 0.0105667
1 0.349609 0.412037 0.0520833 0.0925926 0.0102081
2 0.248372 0.679398 0.0507813 0.0671296 0.00974274
1 0.858073 0.12963 0.0703125 0.0659722 0.0064888
1 0.841146 0.135706 0.0416667 0.0729167 0.00609589
0 0.00878906 0.25434 0.0175781 0.508681 0.005867
0 0.873047 0.440972 0.0520833 0.0810185 0.00482941
0 0.349609 0.412037 0.0520833 0.0925926 0.00450516
1 0.433594 0.528356 0.0390625 0.0428241 0.00446701
0 0.206055 0.686343 0.0664062 0.0810185 0.00429916
1 0.864583 0.452546 0.0390625 0.101852 0.00426483
0 0.882813 0.461227 0.0572917 0.100694 0.00416565
0 0.348307 0.431134 0.0585938 0.107639 0.00388527
1 0.402018 0.520833 0.0364583 0.0509259 0.00367928
2 0.144857 0.568287 0.0598958 0.099537 0.00362206
1 0.193034 0.1875 0.0429688 0.0572917 0.00348282
1 0.206055 0.686343 0.0664062 0.0810185 0.00309944
0 0.863281 0.435185 0.0403646 0.108796 0.00279999
2 0.873047 0.440972 0.0520833 0.0810185 0.00279999
0 0.364909 0.434028 0.0598958 0.0775463 0.00255013
1 0.33431 0.430556 0.0807292 0.122685 0.00196457
0 0.597494 0.376736 0.0628255 0.119213 0.00195694
1 0.829427 0.137153 0.0520833 0.0729167 0.00175476
0 0.833333 0.458333 0.0833333 0.101852 0.0017271
1 0.47526 0.538194 0.0546875 0.037037 0.0017271
1 0.18278 0.225116 0.0498047 0.0625 0.00166798
2 0.364909 0.434028 0.0598958 0.0775463 0.0016489
0 0.217611 0.690972 0.0442708 0.0798611 0.00162888
0 0.00911458 0.831597 0.0182292 0.336806 0.00161648
1 0.19043 0.637731 0.10612 0.203704 0.00156116
1 0.882813 0.461227 0.0572917 0.100694 0.00155449
0 0.0196126 0.175347 0.0392253 0.350694 0.00153065
2 0.692057 0.418981 0.102865 0.0717593 0.00151253
1 0.248372 0.679398 0.0507813 0.0671296 0.00144958
1 0.351237 0.510417 0.0559896 0.0844907 0.0014267
2 0.231771 0.681713 0.046875 0.0555556 0.157715
2 0.199544 0.68287 0.0507813 0.0555556 0.0302124
1 0.231771 0.681713 0.046875 0.0555556 0.0271759
1 0.845052 0.11603 0.0364583 0.0601852 0.0265503
1 0.199544 0.68287 0.0507813 0.0555556 0.0088501
2 0.206055 0.698495 0.0371094 0.0821759 0.00600433
1 0.830729 0.114005 0.0520833 0.0613426 0.00441742
1 0.139323 0.530093 0.0419922 0.0740741 0.00419998
0 0.231771 0.681713 0.046875 0.0555556 0.0037365
2 0.253255 0.678241 0.0429688 0.0578704 0.00338936
0 0.199544 0.68287 0.0507813 0.0555556 0.00281143
1 0.253255 0.678241 0.0429688 0.0578704 0.00179577
1 0.852214 0.450231 0.0481771 0.114583 0.00168133
2 0.139323 0.530093 0.0419922 0.0740741 0.00155449
1 0.206055 0.698495 0.0371094 0.0821759 0.0014782
1 0.842448 0.13397 0.0390625 0.0729167 0.00117397
0 0.852214 0.450231 0.0481771 0.114583 0.00109005
2 0.845052 0.11603 0.0364583 0.0601852 0.00106049
2 0.227539 0.686343 0.0436198 0.0601852 0.345215
2 0.20931 0.695602 0.0436198 0.0706019 0.0489502
2 0.204753 0.684028 0.0559896 0.0648148 0.0422363
1 0.227539 0.686343 0.0436198 0.0601852 0.00679779
2 0.254557 0.68287 0.0397135 0.0555556 0.00518036
1 0.20931 0.695602 0.0436198 0.0706019 0.002388
1 0.204753 0.684028 0.0559896 0.0648148 0.00201988
0 0.20931 0.695602 0.0436198 0.0706019 0.0012846
2 0.169108 0.686343 0.0582682 0.068287 0.00123978
1 0.839844 0.141204 0.0494792 0.0636574 0.00104046
2 0.233724 0.681713 0.0423177 0.0578704 0.445557
2 0.210938 0.697917 0.0397135 0.0671296 0.0703125
2 0.252035 0.674769 0.0441081 0.0648148 0.00948334
2 0.206706 0.688657 0.0572917 0.0590278 0.00878143
1 0.138509 0.529514 0.0354818 0.0671296 0.00653839
1 0.233724 0.681713 0.0423177 0.0578704 0.00448608
2 0.138509 0.529514 0.0354818 0.0671296 0.00335121
0 0.138509 0.529514 0.0354818 0.0671296 0.00148964
1 0.210938 0.697917 0.0397135 0.0671296 0.00138283
1 0.39388 0.477431 0.0351562 0.0671296 0.00136662
1 0.394531 0.520833 0.0377604 0.0532407 0.0012846
0 0.210938 0.697917 0.0397135 0.0671296 0.0012846
1 0.0256348 0.40162 0.0304362 0.0532407 0.00117397
1 0.842448 0.117477 0.0442708 0.0636574 0.00116539
1 0.841146 0.144097 0.0442708 0.0561343 0.00103664
1 0.23763 0.678241 0.0403646 0.0671296 0.155029
2 0.23763 0.678241 0.0403646 0.0671296 0.119995
1 0.138835 0.519676 0.0322266 0.087963 0.0191193
1 0.867188 0.447917 0.0351562 0.105324 0.0139542
1 0.123047 0.549769 0.0266927 0.0925926 0.00624084
1 0.399414 0.523148 0.0260417 0.0497685 0.00526047
1 0.395182 0.475694 0.0266927 0.0601852 0.00479126
0 0.863932 0.45081 0.0338542 0.116898 0.00475693
1 0.206706 0.696181 0.0289714 0.0717593 0.00413513
1 0.861979 0.440972 0.0286458 0.121528 0.00397491
1 0.255127 0.66956 0.0379232 0.068287 0.00370789
2 0.202799 0.681713 0.047526 0.0578704 0.00359344
2 0.602214 0.366753 0.0481771 0.0905671 0.00342941
0 0.23763 0.678241 0.0403646 0.0671296 0.00316048
1 0.202799 0.681713 0.047526 0.0578704 0.0029583
1 0.153971 0.236111 0.0257161 0.0578704 0.00286674
1 0.19401 0.186343 0.0299479 0.056713 0.00239754
1 0.186198 0.230035 0.0332031 0.0538194 0.002388
1 0.848307 0.121528 0.0325521 0.0659722 0.00235939
1 0.0232747 0.408565 0.0309245 0.0763889 0.00231361
1 0.846354 0.140625 0.0364583 0.0648148 0.00230598
0 0.602214 0.366753 0.0481771 0.0905671 0.00220871
1 0.361328 0.439815 0.0364583 0.0983796 0.00208282
1 0.370117 0.443866 0.0266927 0.087963 0.00205803
1 0.865885 0.469907 0.0390625 0.152778 0.0020504
2 0.206706 0.696181 0.0289714 0.0717593 0.00188255
0 0.138835 0.519676 0.0322266 0.087963 0.00175476
2 0.255127 0.66956 0.0379232 0.068287 0.0016489
1 0.885417 0.458333 0.0572917 0.134259 0.00153065
1 0.602214 0.366753 0.0481771 0.0905671 0.0015192
1 0.0209961 0.457755 0.0309245 0.119213 0.00144958
1 0.828125 0.143519 0.0442708 0.0636574 0.00143242
1 0.359701 0.532986 0.0240885 0.037037 0.00130463
1 0.354818 0.402199 0.0429688 0.0914352 0.0012598
1 0.830729 0.118634 0.0442708 0.0648148 0.00124931
2 0.149089 0.689236 0.0169271 0.0636574 0.00123978
2 0.580078 0.376736 0.0416667 0.0775463 0.00119686
1 0.27474 0.172743 0.0182292 0.0381944 0.00113773
1 0.438151 0.530093 0.015625 0.0416667 0.00113392
1 0.653646 0.524306 0.0260417 0.0486111 0.00105286
1 0.0203451 0.510417 0.0283203 0.108796 0.00102043
2 0.230794 0.692708 0.0455729 0.068287 0.312256
2 0.213542 0.694444 0.0494792 0.0798611 0.0499573
2 0.208008 0.689815 0.0677083 0.0648148 0.0159607
2 0.252604 0.680556 0.0436198 0.0648148 0.00486755
0 0.875 0.457755 0.0442708 0.107639 0.00299263
0 0.213542 0.694444 0.0494792 0.0798611 0.00296974
1 0.230794 0.692708 0.0455729 0.068287 0.00214958
1 0.875 0.457755 0.0442708 0.107639 0.00162888
0 0.865885 0.457755 0.0338542 0.111111 0.00154877
2 0.226237 0.685185 0.0442708 0.0671296 0.429199
2 0.219401 0.677083 0.0540365 0.101852 0.0632324
2 0.209635 0.685764 0.0592448 0.068287 0.0333252
0 0.219401 0.677083 0.0540365 0.101852 0.00790405
1 0.226237 0.685185 0.0442708 0.0671296 0.00265312
2 0.164714 0.685185 0.0488281 0.0671296 0.00223351
1 0.140299 0.53588 0.0299479 0.0613426 0.00195694
1 0.397786 0.527778 0.0273438 0.0393519 0.00194168
1 0.682292 0.527778 0.0260417 0.0439815 0.00163555
2 0.255208 0.674769 0.0390625 0.0625 0.00154305
1 0.219401 0.677083 0.0540365 0.101852 0.00150108
1 0.848307 0.116319 0.0377604 0.0590278 0.00139427
1 0.865885 0.124421 0.0416667 0.0474537 0.00129414
1 0.653646 0.52662 0.0286458 0.0428241 0.00103664
1 0.436198 0.530671 0.0260417 0.0381944 0.00102806
2 0.228841 0.684606 0.0449219 0.0601852 0.374756
2 0.205078 0.701968 0.0390625 0.0590278 0.0403748
2 0.205404 0.68287 0.0559896 0.0555556 0.0327148
2 0.253906 0.677083 0.0423177 0.0578704 0.00468063
0 0.205078 0.701968 0.0390625 0.0590278 0.00183105
1 0.205078 0.701968 0.0390625 0.0590278 0.00143242
2 0.154948 0.681713 0.0292969 0.0601852 0.00137806
2 0.138997 0.538194 0.031901 0.0555556 0.00129414
1 0.396484 0.525463 0.0299479 0.0416667 0.00118351
2 0.229655 0.686343 0.0478516 0.0648148 0.620605
2 0.215332 0.708333 0.0455729 0.0416667 0.042572
2 0.204427 0.684606 0.0585938 0.0636574 0.0241394
0 0.215332 0.708333 0.0455729 0.0416667 0.00468063
1 0.138672 0.53125 0.0371094 0.0740741 0.00247192
1 0.215332 0.708333 0.0455729 0.0416667 0.00235939
2 0.152344 0.684606 0.0273438 0.0636574 0.00230598
1 0.389648 0.476273 0.0390625 0.0520833 0.00194931
1 0.229655 0.686343 0.0478516 0.0648148 0.00189686
1 0.39388 0.527778 0.0332031 0.0416667 0.00156116
0 0.867188 0.457176 0.0507813 0.115741 0.00153637
0 0.229655 0.686343 0.0478516 0.0648148 0.00151253
0 0.832031 0.463542 0.0911458 0.0972222 0.00144958
0 0.355469 0.453704 0.0397135 0.0648148 0.00139904
0 0.138672 0.53125 0.0371094 0.0740741 0.00136185
2 0.247396 0.677083 0.0527344 0.0625 0.00123024
1 0.435221 0.532407 0.0299479 0.0381944 0.0011692
0 0.88151 0.461227 0.0520833 0.105324 0.00112057
1 0.193359 0.186343 0.0345052 0.0555556 0.0011158
2 0.142293 0.710648 0.134033 0.113426 0.00103188
2 0.229818 0.688657 0.046224 0.0601852 0.558105
2 0.209798 0.693287 0.0445964 0.0717593 0.0350037
2 0.205566 0.6875 0.0540365 0.0578704 0.0168457
0 0.209798 0.693287 0.0445964 0.0717593 0.0118713
1 0.209798 0.693287 0.0445964 0.0717593 0.00215721
2 0.148763 0.686921 0.0195313 0.0590278 0.00199509
2 0.250651 0.680556 0.046875 0.0601852 0.00186729
1 0.229818 0.688657 0.046224 0.0601852 0.00130463
0 0.229818 0.688657 0.046224 0.0601852 0.00127411
1 0.842448 0.136574 0.0442708 0.0706019 0.0012064
2 0.230306 0.679398 0.0426432 0.0648148 0.556641
2 0.214518 0.699653 0.0406901 0.0578704 0.0469055
2 0.207357 0.679398 0.0585938 0.0671296 0.00775528
0 0.214518 0.699653 0.0406901 0.0578704 0.0037365
2 0.248535 0.674769 0.0517578 0.0648148 0.00282288
2 0.14974 0.682292 0.0214844 0.0648148 0.00130939
0 0.230306 0.679398 0.0426432 0.0648148 0.00115108
2 0.230794 0.684606 0.0436198 0.0543981 0.439697
2 0.214518 0.700231 0.0439453 0.0578704 0.0160217
2 0.208333 0.684028 0.0585938 0.0532407 0.00787354
2 0.249512 0.679398 0.0498047 0.0555556 0.0012207
0 0.214518 0.700231 0.0439453 0.0578704 0.0011425
2 0.149089 0.685185 0.0188802 0.0532407 0.00102425
2 0.22998 0.679398 0.0458984 0.0509259 0.488281
2 0.212891 0.695602 0.0426432 0.0671296 0.0324097
2 0.207357 0.680556 0.0566406 0.0532407 0.0127258
2 0.250651 0.675926 0.046875 0.0532407 0.00230598
2 0.150391 0.683449 0.0227865 0.0555556 0.0016613
0 0.212891 0.695602 0.0426432 0.0671296 0.00158501
1 0.140299 0.53588 0.031901 0.0555556 0.00137806
2 0.229167 0.681713 0.0455729 0.0590278 0.488281
2 0.216471 0.693287 0.046224 0.0729167 0.0313721
2 0.208984 0.68287 0.061849 0.0625 0.0164032
2 0.250977 0.675926 0.046224 0.0601852 0.00265312
2 0.150879 0.685185 0.023763 0.0601852 0.0019722
0 0.216471 0.693287 0.046224 0.0729167 0.00139427
2 0.229167 0.681713 0.0449219 0.0590278 0.486328
2 0.216471 0.693287 0.046224 0.0717593 0.0313721
2 0.208984 0.68287 0.061849 0.0625 0.0164642
2 0.250977 0.675926 0.046224 0.0601852 0.00265312
2 0.150879 0.685185 0.023763 0.0601852 0.0019722
0 0.216471 0.693287 0.046224 0.0717593 0.00139904
