1 0.644612 0.225216 0.0633621 0.0862069 0.0910645
0 0.644612 0.225216 0.0633621 0.0862069 0.0223694
2 0.644612 0.225216 0.0633621 0.0862069 0.0207977
2 0.402155 0.0407462 0.0530172 0.0814925 0.0177155
2 0.424461 0.0510506 0.0931035 0.102101 0.014389
2 0.48556 0.113281 0.203017 0.226562 0.0116882
1 0.652371 0.225485 0.0905172 0.101832 0.00754929
2 0.27923 0.0606142 0.219989 0.119073 0.00658798
2 0.332328 0.0502425 0.191379 0.100485 0.00521851
1 0.631034 0.22333 0.0853448 0.0948276 0.00439835
2 0.246175 0.0662716 0.194935 0.132543 0.0041008
2 0.404418 0.0447198 0.067888 0.0894397 0.00403976
2 0.5 0.5 1 1 0.00379562
0 0.5 0.5 1 1 0.00322342
2 0.5 0.5 1 1 0.00302696
2 0.631034 0.215517 0.0982759 0.0942888 0.00284576
1 0.5 0.5 1 1 0.00275803
0 0.5 0.5 1 1 0.00273705
1 0.5 0.5 1 1 0.00271416
0 0.5 0.5 1 1 0.00268364
2 0.5 0.5 1 1 0.00265312
2 0.21417 0.0699084 0.138039 0.139817 0.00257111
1 0.5 0.5 1 1 0.00254059
2 0.5 0.5 1 1 0.00253105
2 0.5 0.5 1 1 0.00245285
2 0.844397 0.690733 0.0387931 0.0775862 0.00237846
0 0.402155 0.0407462 0.0530172 0.0814925 0.00234222
0 0.5 0.5 1 1 0.00233269
0 0.424461 0.0510506 0.0931035 0.102101 0.00219154
1 0.5 0.5 1 1 0.00196457
0 0.5 0.5 1 1 0.00195694
1 0.402155 0.0407462 0.0530172 0.0814925 0.00194931
0 0.652371 0.225485 0.0905172 0.101832 0.00186729
2 0.627802 0.203664 0.333621 0.407328 0.00185299
2 0.192349 0.0713901 0.0976293 0.14278 0.00174141
2 0.347117 0.0568427 0.1993 0.113685 0.00171375
1 0.424461 0.0510506 0.0931035 0.102101 0.00167465
2 0.5 0.5 1 1 0.00160408
2 0.491379 0.158675 0.284483 0.317349 0.00155449
2 0.652371 0.225485 0.0905172 0.101832 0.00154877
0 0.491379 0.158675 0.284483 0.317349 0.00151253
0 0.631034 0.22333 0.0853448 0.0948276 0.00148392
1 0.5 0.5 1 1 0.00144958
0 0.530496 0.225754 0.640733 0.451509 0.00138855
0 0.627802 0.203664 0.333621 0.407328 0.00135612
0 0.48556 0.113281 0.203017 0.226562 0.00135136
1 0.5 0.5 1 1 0.00131989
0 0.5 0.5 1 1 0.00126457
2 0.298626 0.0664062 0.239386 0.132812 0.00119209
2 0.530496 0.225754 0.640733 0.451509 0.00112057
1 0.642672 0.231681 0.0620689 0.0862069 0.408203
2 0.839224 0.695043 0.0336207 0.0614224 0.0249939
2 0.398599 0.0391972 0.0375 0.0783944 0.0145035
1 0.631681 0.226562 0.0840517 0.0926724 0.0116882
1 0.628448 0.244073 0.0853448 0.139009 0.00926971
2 0.257328 0.0618265 0.0859914 0.092403 0.00701141
1 0.839224 0.695043 0.0336207 0.0614224 0.00664139
2 0.303556 0.0599407 0.15194 0.0967134 0.00619125
2 0.369828 0.0514547 0.0698276 0.0980603 0.00534439
2 0.636207 0.903017 0.0439655 0.0646551 0.00534439
2 0.190409 0.0633082 0.0614224 0.126616 0.00492477
2 0.422522 0.038389 0.0704741 0.076778 0.00432968
2 0.20625 0.0627694 0.0633621 0.113685 0.00387001
2 0.837931 0.71444 0.0362069 0.0625 0.00319672
2 0.825 0.690733 0.0413793 0.0603448 0.00275803
1 0.715086 0.212823 0.0594828 0.0765086 0.00231361
2 0.610991 0.904095 0.0387931 0.0711207 0.00216484
2 0.6375 0.9243 0.0594827 0.065194 0.00189686
2 0.664009 0.891164 0.0775862 0.0668103 0.00181007
2 0.612284 0.922414 0.050431 0.075431 0.00171375
2 0.310991 0.0591325 0.199785 0.118265 0.00168705
1 0.62069 0.211207 0.102155 0.220905 0.00167465
2 0.825 0.71444 0.0452586 0.075431 0.00158501
2 0.642672 0.231681 0.0620689 0.0862069 0.00154877
2 0.628448 0.244073 0.0853448 0.139009 0.00151253
0 0.839224 0.695043 0.0336207 0.0614224 0.00147247
1 0.837931 0.71444 0.0362069 0.0625 0.00140476
2 0.286988 0.149515 0.460506 0.29903 0.00130939
0 0.442888 0.5 0.885776 1 0.00130463
1 0.257328 0.0618265 0.0859914 0.092403 0.00129414
0 0.5 0.608836 1 0.782328 0.00129414
2 0.355603 0.735991 0.0362069 0.0452586 0.0012846
0 0.5 0.5 1 1 0.00127888
2 0.5 0.5 1 1 0.00127888
0 0.628448 0.244073 0.0853448 0.139009 0.00125504
2 0.442888 0.5 0.885776 1 0.00125504
0 0.62069 0.211207 0.102155 0.220905 0.00124454
1 0.725431 0.219828 0.272845 0.25431 0.00124454
1 0.398599 0.0391972 0.0375 0.0783944 0.0012064
2 0.253772 0.197198 0.507543 0.394397 0.00119686
2 0.5 0.5 1 1 0.00119686
2 0.24965 0.0692349 0.157597 0.13847 0.00118828
0 0.5 0.5 1 1 0.00118828
1 0.5 0.5 1 1 0.00117397
2 0.5 0.608836 1 0.782328 0.0011692
2 0.807112 0.777478 0.385776 0.445043 0.00112438
0 0.748438 0.218211 0.503125 0.436422 0.0011158
2 0.5 0.728448 1 0.543103 0.00111198
2 0.5 0.436961 1 0.873922 0.00110722
1 0.5 0.608836 1 0.782328 0.00110722
1 0.643966 0.227371 0.0568965 0.0786638 0.680664
1 0.73319 0.196121 0.0336207 0.0689655 0.0367737
1 0.839224 0.682651 0.0413793 0.0646552 0.0272675
1 0.649785 0.226024 0.0724138 0.0905172 0.0266571
2 0.407974 0.0396013 0.0517241 0.0792026 0.0244293
1 0.632328 0.216056 0.0801724 0.0872845 0.0186157
2 0.839224 0.682651 0.0413793 0.0646552 0.0173035
2 0.420259 0.0459321 0.0659482 0.0918642 0.0163422
2 0.18944 0.0618265 0.0662716 0.123653 0.0137405
2 0.221121 0.061153 0.118966 0.122306 0.0136337
1 0.39181 0.456897 0.0407328 0.0711207 0.0125275
2 0.28521 0.061153 0.235183 0.122306 0.0106506
1 0.420259 0.0459321 0.0659482 0.0918642 0.0105286
1 0.407974 0.0396013 0.0517241 0.0792026 0.0104904
0 0.839224 0.682651 0.0413793 0.0646552 0.00723267
1 0.646552 0.0437769 0.0801724 0.0686961 0.00698471
1 0.640086 0.239763 0.0892242 0.129849 0.00641251
1 0.753233 0.200431 0.0465517 0.0894396 0.00636292
2 0.41444 0.0404095 0.0556035 0.080819 0.00591278
1 0.71444 0.227371 0.075 0.0802802 0.00568771
1 0.761638 0.217942 0.0543104 0.100216 0.00526047
1 0.18944 0.0618265 0.0662716 0.123653 0.00516129
2 0.824353 0.688578 0.0439655 0.0689655 0.00486755
2 0.39181 0.456897 0.0407328 0.0711207 0.00446701
2 0.502371 0.96444 0.148707 0.0711207 0.00431442
1 0.672414 0.045528 0.0982759 0.0700431 0.00429916
1 0.505927 0.13517 0.128664 0.136988 0.0041008
2 0.346875 0.97306 0.69375 0.0538793 0.00370789
2 0.425431 0.0517241 0.0827586 0.103448 0.00336266
0 0.39181 0.456897 0.0407328 0.0711207 0.00329781
2 0.482974 0.0929418 0.179741 0.185884 0.00327301
1 0.456465 0.0750269 0.13319 0.150054 0.00319672
1 0.221121 0.061153 0.118966 0.122306 0.00317192
2 0.473276 0.96444 0.118966 0.0711207 0.00314713
1 0.480388 0.102101 0.174569 0.204203 0.00313568
0 0.824353 0.688578 0.0439655 0.0689655 0.00279999
1 0.371121 0.466056 0.0646552 0.0689655 0.00273705
2 0.664871 0.975216 0.670259 0.049569 0.00251198
2 0.204957 0.066945 0.0931035 0.126347 0.00250244
2 0.456465 0.0750269 0.13319 0.150054 0.00250244
1 0.41444 0.0404095 0.0556035 0.080819 0.00247192
1 0.28521 0.061153 0.235183 0.122306 0.00243378
2 0.483297 0.98653 0.420905 0.0269397 0.00219154
1 0.824353 0.688578 0.0439655 0.0689655 0.00214005
2 0.497198 0.970905 0.704741 0.0581897 0.00202751
2 0.371121 0.466056 0.0646552 0.0689655 0.00200272
1 0.806897 0.238416 0.0543104 0.0695043 0.00194168
2 0.836638 0.712284 0.0413794 0.0711207 0.00191212
1 0.446767 0.984914 0.439655 0.0301724 0.00184631
0 0.371121 0.466056 0.0646552 0.0689655 0.0018034
1 0.642672 0.230603 0.0568965 0.080819 0.702637
2 0.400216 0.0443157 0.0478448 0.0886315 0.243652
2 0.209483 0.0641164 0.0775862 0.128233 0.180054
2 0.423491 0.0530711 0.0801724 0.106142 0.161865
2 0.250216 0.0573815 0.142241 0.112608 0.0792236
1 0.835345 0.690733 0.0413794 0.0646551 0.0476074
2 0.835345 0.690733 0.0413794 0.0646551 0.0450134
1 0.731897 0.196929 0.0362069 0.0662716 0.0397949
2 0.404741 0.0483567 0.0594828 0.0967134 0.0316162
0 0.835345 0.690733 0.0413794 0.0646551 0.0258636
2 0.183136 0.69181 0.0397629 0.0625 0.0245209
1 0.386961 0.463362 0.0439655 0.0538793 0.0236969
0 0.0538254 0.74569 0.0407328 0.0603449 0.0236969
2 0.441272 0.0564386 0.0846983 0.112877 0.0231476
2 0.382435 0.732759 0.0433189 0.0474138 0.0222931
1 0.630388 0.904095 0.0426724 0.0797414 0.0200958
1 0.423491 0.0530711 0.0801724 0.106142 0.0196381
1 0.200754 0.0666756 0.0834052 0.133351 0.0181274
0 0.91875 0.784483 0.0439655 0.075431 0.0159607
1 0.400216 0.0443157 0.0478448 0.0886315 0.0157776
2 0.630388 0.904095 0.0426724 0.0797414 0.0137939
2 0.246821 0.0829741 0.134806 0.117457 0.0130234
2 0.386961 0.463362 0.0439655 0.0538793 0.0130234
1 0.842457 0.242457 0.0323276 0.0571121 0.0129242
2 0.0726563 0.960129 0.0438039 0.0581897 0.0129242
2 0.362716 0.728987 0.0452586 0.0538793 0.0125732
0 0.835345 0.70959 0.0387932 0.0775863 0.011734
2 0.261853 0.322198 0.0517241 0.0463362 0.0114212
2 0.835345 0.70959 0.0387932 0.0775863 0.0107803
0 0.0641703 0.529634 0.0449353 0.0592672 0.0107346
2 0.236315 0.327586 0.0581897 0.0511853 0.0104523
2 0.366595 0.724138 0.0491379 0.0668104 0.0104065
0 0.92069 0.769396 0.0413793 0.0851293 0.0102921
2 0.198815 0.0728718 0.0769397 0.145744 0.0100937
1 0.835345 0.70959 0.0387932 0.0775863 0.00948334
2 0.205927 0.0681573 0.0989224 0.136315 0.00871277
2 0.401509 0.0568427 0.0853448 0.113685 0.00831604
2 0.282624 0.0564386 0.135614 0.0789332 0.00818634
2 0.267672 0.950431 0.0310345 0.0452586 0.00806427
2 0.825 0.693965 0.0413793 0.0711207 0.00793457
2 0.848276 0.720905 0.0620689 0.0732759 0.00790405
1 0.65431 0.220905 0.075 0.0856681 0.00775528
0 0.382435 0.732759 0.0433189 0.0474138 0.00772476
2 0.500431 0.959052 0.115086 0.075431 0.00751877
0 0.630388 0.904095 0.0426724 0.0797414 0.00709534
1 0.91875 0.784483 0.0439655 0.075431 0.00703812
2 0.267349 0.663793 0.0471983 0.0862069 0.00664139
1 0.441272 0.0564386 0.0846983 0.112877 0.0064888
1 0.848276 0.720905 0.0620689 0.0732759 0.0064621
2 0.382112 0.695043 0.0413793 0.0646552 0.00634003
1 0.641379 0.231142 0.062069 0.0797414 0.705566
2 0.398276 0.0391972 0.0426724 0.0783944 0.17334
2 0.193804 0.0619612 0.0617457 0.123922 0.0359497
2 0.414116 0.0517241 0.0717673 0.103448 0.0282135
1 0.728017 0.205819 0.0362069 0.0689655 0.0207977
0 0.193804 0.0619612 0.0617457 0.123922 0.0201721
2 0.201886 0.0688308 0.059806 0.137662 0.0119629
0 0.836638 0.693965 0.0413794 0.0711207 0.0115967
2 0.272845 0.0552263 0.0362069 0.0668103 0.00806427
2 0.396336 0.0447198 0.075 0.0894397 0.00728989
1 0.631034 0.917026 0.0465517 0.0883621 0.00671768
1 0.193804 0.0619612 0.0617457 0.123922 0.00653839
1 0.836638 0.693965 0.0413794 0.0711207 0.00629044
0 0.835991 0.712823 0.0400863 0.0765086 0.00595856
1 0.232759 0.33486 0.0400862 0.0554957 0.00577545
2 0.0539871 0.753233 0.0358836 0.0614224 0.00524139
1 0.611638 0.903556 0.0362069 0.0700431 0.00502014
2 0.0654634 0.963362 0.0481681 0.0625 0.0045929
1 0.398276 0.0391972 0.0426724 0.0783944 0.00453949
2 0.273491 0.946121 0.0323276 0.0517241 0.00439835
1 0.273491 0.946121 0.0323276 0.0517241 0.00428009
2 0.0361261 0.748922 0.0447737 0.0668104 0.00418091
1 0.398276 0.461207 0.0336207 0.0614224 0.00413513
2 0.430603 0.0583244 0.0827586 0.116649 0.00413513
2 0.232759 0.33486 0.0400862 0.0554957 0.00408554
1 0.0539871 0.753233 0.0358836 0.0614224 0.0039444
1 0.655603 0.22333 0.0724138 0.080819 0.00388527
2 0.836638 0.693965 0.0413794 0.0711207 0.00345612
1 0.0654634 0.963362 0.0481681 0.0625 0.00314713
1 0.631681 0.228448 0.0685345 0.0786638 0.00258064
1 0.614224 0.917026 0.0465517 0.0818965 0.00253105
2 0.29806 0.0541487 0.0400862 0.0533405 0.00237846
2 0.417996 0.0677532 0.0678879 0.135506 0.00230598
2 0.463578 0.0544181 0.0478448 0.108836 0.00213242
2 0.453233 0.956896 0.0633621 0.0560345 0.00201035
1 0.634267 0.282058 0.171983 0.204203 0.00185299
2 0.402802 0.0641164 0.0478448 0.128233 0.00179577
2 0.611638 0.903556 0.0362069 0.0700431 0.00179577
1 0.453233 0.956896 0.0633621 0.0560345 0.00173378
1 0.643965 0.0452586 0.0452586 0.0536099 0.00172043
1 0.272845 0.0552263 0.0362069 0.0668103 0.0017004
1 0.0361261 0.748922 0.0447737 0.0668104 0.00169373
1 0.414116 0.0517241 0.0717673 0.103448 0.00154877
2 0.05625 0.956896 0.0966595 0.0732758 0.00153065
0 0.232759 0.33486 0.0400862 0.0554957 0.00151253
1 0.697629 0.230603 0.0931035 0.0851293 0.00150681
0 0.398276 0.0391972 0.0426724 0.0783944 0.00147247
0 0.628448 0.908944 0.0439655 0.0786638 0.00145531
2 0.631034 0.917026 0.0465517 0.0883621 0.00138283
0 0.611638 0.903556 0.0362069 0.0700431 0.00134563
1 0.645259 0.227371 0.0491379 0.0759698 0.501953
2 0.398922 0.0387931 0.0258621 0.0678879 0.0305634
0 0.46778 0.978448 0.519181 0.0431035 0.0239563
1 0.486207 0.955819 0.12931 0.0883621 0.0178528
0 0.486207 0.955819 0.12931 0.0883621 0.016098
0 0.551185 0.971983 0.550216 0.0560345 0.0112
2 0.486207 0.955819 0.12931 0.0883621 0.0102463
2 0.423491 0.0462015 0.0607759 0.092403 0.00978088
0 0.71444 0.985991 0.556034 0.0280173 0.00818634
0 0.480711 0.950431 0.201078 0.0991379 0.00737381
0 0.377909 0.987069 0.56056 0.0258621 0.00723267
0 0.834052 0.686422 0.0362069 0.0538793 0.00712204
0 0.510776 1 0.506896 0 0.00564194
0 0.464547 0.951509 0.330388 0.0969828 0.00536346
0 0.78028 0.984375 0.43944 0.03125 0.00502014
2 0.834052 0.686422 0.0362069 0.0538793 0.00479126
0 0.508836 0.944774 0.215948 0.110453 0.00469971
1 0.834052 0.686422 0.0362069 0.0538793 0.0046463
0 0.232112 0.981681 0.464224 0.0366379 0.0046463
1 0.650431 0.226832 0.0672414 0.080819 0.00385475
0 0.502371 0.945851 0.236638 0.108297 0.00369263
1 0.759698 0.222252 0.0426724 0.0975215 0.0030632
1 0.500108 0.979526 0.52306 0.0409483 0.00294685
2 0.296444 0.0515894 0.219828 0.095097 0.00292397
2 0.71444 0.985991 0.556034 0.0280173 0.00275803
2 0.291918 0.0592672 0.236638 0.118534 0.00263214
1 0.629741 0.217942 0.075 0.075431 0.00242424
1 0.700862 0.205011 0.100862 0.0835129 0.00225258
2 0.399569 0.0501078 0.0413793 0.100216 0.00222588
1 0.71444 0.985991 0.556034 0.0280173 0.00221634
1 0.235991 0.33028 0.0329741 0.0387931 0.00219917
0 0.627155 0.897629 0.0439655 0.075431 0.00219917
1 0.754526 0.197737 0.0400862 0.0872845 0.00218201
0 0.822414 0.688578 0.0375 0.0560344 0.00218201
2 0.642026 0.225216 0.0478448 0.0818965 0.00209999
1 0.398922 0.0387931 0.0258621 0.0678879 0.00204277
0 0.610991 0.899246 0.0387931 0.0743534 0.00195694
2 0.432462 0.999461 0.491541 0.00107765 0.00181007
2 0.18944 0.0674838 0.0546336 0.134968 0.00178242
1 0.641379 0.0492996 0.0413793 0.0436422 0.00178242
0 0.595959 0.997845 0.517565 0.00431037 0.00173378
1 0.610991 0.899246 0.0387931 0.0743534 0.0016489
1 0.619235 0.980603 0.662392 0.0387932 0.0016489
2 0.610991 0.899246 0.0387931 0.0743534 0.00162888
1 0.502371 0.945851 0.236638 0.108297 0.00162315
2 0.204149 0.065194 0.0814655 0.130388 0.0015974
1 0.78028 0.984375 0.43944 0.03125 0.00156116
2 0.0219828 0.343211 0.0439655 0.661638 0.00147247
1 0.627155 0.897629 0.0439655 0.075431 0.00146675
1 0.505603 0.95097 0.191379 0.0980604 0.00146103
1 0.646552 0.231142 0.0568965 0.0840517 0.728027
2 0.403772 0.0417565 0.043319 0.0835129 0.354004
2 0.413147 0.0456627 0.0607759 0.0913254 0.0930176
1 0.737069 0.199353 0.0349138 0.0775862 0.0433655
0 0.835345 0.684806 0.0362068 0.0592672 0.0401001
1 0.835345 0.684806 0.0362068 0.0592672 0.0314941
2 0.208351 0.0607489 0.0662715 0.121498 0.0306702
0 0.490733 0.956627 0.135776 0.0867457 0.028656
0 0.629095 0.907328 0.0413793 0.0926724 0.0267639
0 0.39472 0.460129 0.0329741 0.0765086 0.021286
2 0.835345 0.684806 0.0362068 0.0592672 0.0195618
1 0.39472 0.460129 0.0329741 0.0765086 0.0154266
2 0.246013 0.0550916 0.128664 0.110183 0.0151901
2 0.397629 0.044181 0.0659482 0.0883621 0.014061
2 0.428664 0.0457974 0.0905172 0.0915948 0.012146
0 0.518534 0.948007 0.152586 0.103987 0.0115967
2 0.201239 0.0685614 0.0643319 0.137123 0.0102081
0 0.201724 0.063847 0.0601293 0.127694 0.00981903
1 0.751293 0.198545 0.0375 0.0770474 0.00930023
0 0.50625 0.950431 0.1875 0.0991379 0.00831604
0 0.611638 0.913254 0.0568965 0.106681 0.0078125
2 0.490733 0.956627 0.135776 0.0867457 0.00734711
0 0.368211 0.46875 0.0769397 0.0862069 0.00643921
2 0.853448 0.697198 0.0724137 0.0625 0.00638962
1 0.718965 0.226832 0.0672414 0.0872845 0.00605011
0 0.489763 0.969828 0.557974 0.0603449 0.00538635
2 0.413793 0.0533405 0.0672414 0.106681 0.00536346
2 0.288443 0.0501078 0.222252 0.100216 0.0050621
2 0.964655 0.158944 0.0452586 0.0716595 0.00502014
1 0.490733 0.956627 0.135776 0.0867457 0.00494385
0 0.473276 0.959591 0.416379 0.080819 0.0049057
1 0.653017 0.222791 0.0724138 0.0872845 0.00479126
2 0.39472 0.460129 0.0329741 0.0765086 0.00436401
0 0.825 0.690733 0.0426724 0.0711207 0.00397491
1 0.634914 0.250539 0.0646552 0.137931 0.00387001
1 0.760345 0.225216 0.0465517 0.0894397 0.00382423
2 0.455172 0.0464709 0.0646552 0.0929418 0.00380898
0 0.427694 0.987608 0.388578 0.0247845 0.00324821
0 0.277047 0.944235 0.0439655 0.0727371 0.00317192
2 0.518534 0.948007 0.152586 0.103987 0.00305176
0 0.869612 0.66056 0.0737068 0.0797414 0.00304031
1 0.722845 0.0549569 0.0375 0.0538793 0.00279999
0 0.554741 0.959052 0.294828 0.0818966 0.00274658
0 0.237608 0.337285 0.0478448 0.0560345 0.00271416
0 0.377909 0.445582 0.0536638 0.0721983 0.00271416
2 0.825 0.690733 0.0426724 0.0711207 0.00265312
1 0.629741 0.227371 0.0840518 0.0905172 0.00251198
1 0.629095 0.907328 0.0413793 0.0926724 0.0024929
2 0.277047 0.944235 0.0439655 0.0727371 0.00243378
2 0.400216 0.0661369 0.0413793 0.132274 0.00230598
1 0.642672 0.227909 0.0530172 0.080819 0.799316
2 0.400215 0.0363685 0.0375 0.0727371 0.0823975
0 0.835991 0.685345 0.0349137 0.0592673 0.0670776
0 0.629741 0.91056 0.0543104 0.112069 0.0405273
2 0.415733 0.0424973 0.062069 0.0849946 0.0180511
2 0.210453 0.0618265 0.0976293 0.123653 0.0172424
2 0.499784 0.957974 0.143534 0.0840518 0.0157166
1 0.835991 0.685345 0.0349137 0.0592673 0.0137939
1 0.734483 0.20097 0.0362069 0.0765086 0.0134277
1 0.459375 1 0.583836 0 0.0122375
2 0.459375 1 0.583836 0 0.012146
2 0.403772 0.0456627 0.0413793 0.0913254 0.0118713
0 0.61875 0.91056 0.0530173 0.112069 0.00985718
2 0.0551185 0.74569 0.0310345 0.049569 0.00941467
0 0.88125 0.659483 0.0478448 0.0797414 0.00763702
0 0.459375 1 0.583836 0 0.00748825
0 0.625216 0.909483 0.0801724 0.12069 0.00734711
2 0.252883 0.0583244 0.174407 0.116649 0.00638962
0 0.0551185 0.74569 0.0310345 0.049569 0.00616837
2 0.515625 0.946121 0.155819 0.105603 0.00553513
1 0.39375 0.460129 0.0349138 0.0560345 0.00530243
0 0.82306 0.689655 0.0387931 0.0625 0.00510025
1 0.640733 0.240302 0.0711207 0.140086 0.00496292
2 0.835991 0.685345 0.0349137 0.0592673 0.00438309
1 0.752586 0.197198 0.0387931 0.0926724 0.00400543
2 0.275108 0.941541 0.0387931 0.065194 0.00391388
0 0.594181 0.997845 0.673707 0.00431037 0.00387001
2 0.477155 0.957974 0.116379 0.0775862 0.0037365
1 0.594181 0.997845 0.673707 0.00431037 0.00369263
1 0.400215 0.0363685 0.0375 0.0727371 0.00366402
2 0.629741 0.91056 0.0543104 0.112069 0.00337601
0 0.39375 0.460129 0.0349138 0.0560345 0.00327301
0 0.515625 0.946121 0.155819 0.105603 0.00322342
2 0.529526 0.950431 0.543103 0.0991379 0.00322342
2 0.281573 0.0503772 0.220474 0.0980603 0.00312424
1 0.495259 0.957435 0.143534 0.0851293 0.00294685
2 0.594181 0.997845 0.673707 0.00431037 0.00292397
1 0.762284 0.219828 0.0439655 0.104526 0.00277901
1 0.275108 0.941541 0.0387931 0.065194 0.00264168
0 0.275108 0.941541 0.0387931 0.065194 0.00263214
2 0.61875 0.91056 0.0530173 0.112069 0.00254059
1 0.0551185 0.74569 0.0310345 0.049569 0.00243378
2 0.464224 0.0932112 0.152586 0.186422 0.00235939
2 0.0324892 0.747845 0.0604526 0.0646551 0.00232315
0 0.495259 0.957435 0.143534 0.0851293 0.00223351
1 0.415733 0.0424973 0.062069 0.0849946 0.00219917
0 0.835345 0.713362 0.0362068 0.0668104 0.0020504
1 0.636207 0.910021 0.0594828 0.115302 0.00201035
0 0.659483 0.896552 0.100862 0.125 0.00194168
2 0.625216 0.909483 0.0801724 0.12069 0.00193405
1 0.642672 0.228987 0.0568965 0.0721983 0.544922
2 0.404741 0.0393319 0.0465517 0.0786638 0.0587769
2 0.19445 0.0704472 0.069181 0.140894 0.0481262
2 0.415733 0.0449892 0.0659482 0.0899784 0.0351562
2 0.210129 0.0642511 0.0801724 0.128502 0.029541
2 0.834052 0.691272 0.0387931 0.0571121 0.0206451
2 0.634914 0.912715 0.0556035 0.0969827 0.014061
1 0.735776 0.201239 0.0362069 0.0576509 0.01017
0 0.834052 0.691272 0.0387931 0.0571121 0.00701141
2 0.406034 0.0537446 0.0504311 0.107489 0.00682449
2 0.62069 0.908405 0.075 0.101293 0.00669098
2 0.618103 0.905711 0.0543104 0.09375 0.00666809
1 0.834052 0.691272 0.0387931 0.0571121 0.00664139
0 0.631034 0.907328 0.0556035 0.0905172 0.00664139
2 0.0547953 0.751078 0.0352371 0.0635776 0.00612259
1 0.65819 0.233297 0.0543103 0.0678879 0.00551224
2 0.193966 0.0796067 0.0762931 0.159213 0.00457382
2 0.267672 0.0564386 0.1875 0.112877 0.00379562
0 0.618103 0.905711 0.0543104 0.09375 0.00340271
2 0.398276 0.463362 0.0271551 0.0538793 0.00307465
2 0.823707 0.690733 0.0413793 0.0603448 0.00288963
2 0.490409 0.956896 0.127371 0.0646552 0.00237846
0 0.823707 0.690733 0.0413793 0.0603448 0.00224304
2 0.236961 0.0762392 0.141595 0.152478 0.00218201
2 0.416379 0.0665409 0.0743534 0.133082 0.00203514
1 0.632328 0.217942 0.075 0.0721983 0.00203514
2 0.0389547 0.75 0.0530172 0.0732758 0.00187492
1 0.659483 0.219828 0.0568965 0.0765086 0.00178909
0 0.0547953 0.751078 0.0352371 0.0635776 0.00178909
2 0.275754 0.94181 0.0471983 0.0560345 0.0015192
0 0.62069 0.908405 0.075 0.101293 0.00150108
2 0.454203 0.0607489 0.107974 0.121498 0.0014782
2 0.174892 0.0802802 0.0859914 0.16056 0.00146675
0 0.834052 0.719828 0.0387931 0.0581896 0.00144958
1 0.753879 0.202586 0.0387931 0.0743534 0.0014267
1 0.76681 0.233297 0.0426724 0.0851293 0.00131512
1 0.398276 0.463362 0.0271551 0.0538793 0.00123978
2 0.893534 0.677263 0.0336206 0.0549569 0.0012207
1 0.698922 0.239763 0.108621 0.0630388 0.00117874
0 0.195259 0.0715248 0.0782328 0.14305 0.00116062
2 0.834052 0.719828 0.0387931 0.0581896 0.00109863
0 0.398276 0.463362 0.0271551 0.0538793 0.00106907
1 0.642672 0.228448 0.0568965 0.0802802 0.728027
2 0.401509 0.0360991 0.0349138 0.0721983 0.0231476
1 0.736422 0.199623 0.0336207 0.0635776 0.0204926
2 0.0554418 0.746228 0.0320043 0.0506465 0.00831604
2 0.836638 0.686961 0.0349138 0.0549569 0.00725937
1 0.0554418 0.746228 0.0320043 0.0506465 0.00416565
2 0.217565 0.055361 0.0704741 0.110722 0.00331116
2 0.417672 0.0428341 0.0594828 0.0856681 0.00328636
1 0.836638 0.686961 0.0349138 0.0549569 0.00298119
2 0.642672 0.0464709 0.0310345 0.0358297 0.00284576
2 0.258621 0.056708 0.104741 0.0740841 0.00245285
2 0.196228 0.0596713 0.0452586 0.119343 0.00209045
1 0.685345 0.233836 0.126724 0.0775862 0.00174809
1 0.401509 0.0360991 0.0349138 0.0721983 0.00171375
2 0.0368534 0.748922 0.0455819 0.0603448 0.0015974
1 0.642672 0.0464709 0.0310345 0.0358297 0.00157928
1 0.75194 0.199353 0.0349138 0.0657328 0.00121117
2 0.893534 0.674569 0.0336206 0.0463362 0.00104046
1 0.663362 0.224138 0.0491379 0.0862069 0.00102806
1 0.643965 0.227371 0.0543103 0.0840517 0.665527
2 0.1993 0.0685614 0.0610991 0.137123 0.0405273
2 0.210129 0.0646552 0.0633621 0.12931 0.0348816
1 0.739655 0.192619 0.0362069 0.0813578 0.0333252
2 0.400862 0.0379849 0.0400862 0.0759698 0.029541
0 0.634914 0.913793 0.0594828 0.0991379 0.0127258
0 0.84181 0.686422 0.0439655 0.0775862 0.0106964
1 0.400862 0.0379849 0.0400862 0.0759698 0.00728989
0 0.821121 0.69181 0.0387931 0.0840517 0.006073
1 0.401832 0.462823 0.0329741 0.0614224 0.00390053
0 0.619397 0.912177 0.0556035 0.102371 0.00388527
1 0.1993 0.0685614 0.0610991 0.137123 0.00365067
0 0.88319 0.653017 0.0594828 0.122845 0.00345612
1 0.84181 0.686422 0.0439655 0.0775862 0.00338936
0 0.655603 0.904634 0.111207 0.126078 0.00337601
2 0.418319 0.0452586 0.0646552 0.0905172 0.00328636
2 0.261853 0.0666756 0.05625 0.0886315 0.00290108
0 0.1993 0.0685614 0.0610991 0.137123 0.00279045
1 0.751293 0.19208 0.0387931 0.0942888 0.00255013
1 0.210129 0.0646552 0.0633621 0.12931 0.00183868
1 0.0627155 0.751078 0.0265086 0.0689655 0.00179577
0 0.0627155 0.751078 0.0265086 0.0689655 0.00176811
2 0.486207 0.957435 0.130603 0.0851293 0.00173378
1 0.418319 0.0452586 0.0646552 0.0905172 0.00171375
0 0.856034 0.633621 0.0672414 0.161638 0.00163555
0 0.818534 0.709052 0.0439655 0.0948276 0.00163555
0 0.835991 0.704741 0.0439655 0.0948276 0.00163555
2 0.0627155 0.751078 0.0265086 0.0689655 0.00147247
0 0.88125 0.626616 0.0685345 0.174569 0.00146675
0 0.210129 0.0646552 0.0633621 0.12931 0.00135612
2 0.0730603 0.965517 0.0404095 0.0646551 0.00134087
2 0.634914 0.913793 0.0594828 0.0991379 0.00125504
1 0.660129 0.228448 0.0517241 0.0786638 0.00121117
1 0.821121 0.69181 0.0387931 0.0840517 0.00121117
1 0.724138 0.224407 0.0568965 0.0932112 0.00118351
1 0.761638 0.199892 0.0375 0.145474 0.00112438
2 0.623276 0.911638 0.075 0.107759 0.00111198
1 0.88319 0.653017 0.0594828 0.122845 0.00108147
0 0.927155 0.791487 0.0387931 0.108836 0.00108147
0 0.572845 0.91056 0.113793 0.127155 0.00104046
1 0.643965 0.232759 0.0594828 0.0840517 0.651367
2 0.209968 0.0673491 0.0617457 0.134698 0.0507202
2 0.404741 0.0422953 0.0478448 0.0845905 0.0206451
0 0.202371 0.068292 0.05625 0.136584 0.00725937
2 0.201724 0.0700431 0.062069 0.140086 0.00664139
2 0.417026 0.0515894 0.0685345 0.103179 0.00619125
2 0.470043 0.963362 0.0814655 0.0732759 0.00503922
2 0.407974 0.0479526 0.0543104 0.0959052 0.00502014
2 0.481034 0.961207 0.113793 0.0775863 0.00429916
0 0.634914 0.915679 0.0543103 0.103987 0.00355148
1 0.737069 0.203394 0.0336207 0.078125 0.00317192
1 0.653017 0.225754 0.0672414 0.091056 0.0024147
2 0.274461 0.0642511 0.0336207 0.074084 0.00219917
2 0.634914 0.915679 0.0543103 0.103987 0.00203514
1 0.640086 0.238416 0.0556035 0.128772 0.00141621
2 0.391164 0.0402748 0.0588362 0.0805496 0.0012064
2 0.419289 0.0721983 0.0769397 0.144397 0.0011034
2 0.498491 0.955819 0.102155 0.0883621 0.00101662
1 0.642672 0.23195 0.0543103 0.0759698 0.629883
2 0.399892 0.0375808 0.043319 0.0708513 0.146606
2 0.2132 0.0596713 0.065625 0.119343 0.0930176
2 0.191218 0.0689655 0.0601293 0.137931 0.0472412
2 0.413146 0.0402748 0.0646552 0.0805496 0.0173798
2 0.271875 0.0635776 0.0407327 0.0743534 0.0122375
1 0.759052 0.230873 0.0362069 0.0759698 0.00871277
1 0.735776 0.202586 0.0310345 0.0775862 0.00775528
1 0.753879 0.203664 0.0400862 0.080819 0.00656509
0 0.6375 0.91056 0.0646552 0.112069 0.00651169
2 0.202371 0.0670797 0.0475216 0.134159 0.00460815
2 0.402478 0.0476832 0.0523707 0.0953664 0.00438309
2 0.388254 0.0315194 0.0601293 0.0630388 0.00349617
2 0.835345 0.689655 0.0413794 0.0689656 0.00282288
2 0.375323 0.0475485 0.0633621 0.0608836 0.00230598
2 0.6375 0.91056 0.0646552 0.112069 0.00216484
0 0.624569 0.909483 0.0827586 0.112069 0.0020504
2 0.210129 0.0705819 0.0782328 0.141164 0.00200272
1 0.640086 0.241918 0.0659483 0.116379 0.00191879
0 0.618103 0.910021 0.0543104 0.110991 0.00176811
2 0.624569 0.909483 0.0827586 0.112069 0.00158501
0 0.660129 0.909483 0.118965 0.122845 0.00154877
2 0.822414 0.689655 0.0387931 0.0732759 0.00140476
0 0.202371 0.0670797 0.0475216 0.134159 0.00137806
1 0.711207 0.229526 0.0788793 0.078125 0.00135612
2 0.642026 0.0474138 0.0297414 0.0404095 0.00129986
2 0.294181 0.0544181 0.075 0.0630388 0.00129414
2 0.484267 0.956896 0.131897 0.0818965 0.00123024
0 0.835345 0.689655 0.0413794 0.0689656 0.00118351
2 0.463578 0.0704472 0.121552 0.140894 0.0011034
1 0.835345 0.689655 0.0413794 0.0689656 0.00109482
2 0.172629 0.0743534 0.0737069 0.143858 0.00102425
2 0.398922 0.466595 0.0297414 0.0560345 0.00101662
1 0.643319 0.23222 0.0517241 0.0732759 0.675781
2 0.402155 0.0365032 0.0400862 0.0646552 0.0441895
2 0.217726 0.0676185 0.0630388 0.0932112 0.0157166
1 0.734483 0.201778 0.0310345 0.0695043 0.0134277
2 0.418642 0.0402748 0.0575431 0.0762392 0.0120544
2 0.216595 0.0843211 0.0607759 0.0959052 0.0068779
2 0.275754 0.0603448 0.0368534 0.0619612 0.00439835
2 0.196552 0.0711207 0.0517241 0.128772 0.00431442
1 0.760345 0.228448 0.0336207 0.0797414 0.00378036
2 0.404741 0.0472791 0.0452586 0.0945582 0.00293541
2 0.63944 0.0452586 0.0310345 0.0382543 0.00275803
2 0.834698 0.690733 0.0413793 0.0625 0.0024147
1 0.753879 0.206358 0.0387931 0.0775862 0.00182438
2 0.103529 0.0899784 0.207058 0.179957 0.00179577
2 0.308405 0.0522629 0.0549569 0.0522629 0.0015192
1 0.721552 0.231142 0.0594828 0.075431 0.00113773
1 0.642672 0.230065 0.0543103 0.075431 0.503906
2 0.400862 0.0386584 0.0413793 0.0660022 0.160767
2 0.190733 0.068292 0.0685345 0.136584 0.0545959
2 0.214655 0.0746228 0.0623922 0.119073 0.0358276
1 0.736422 0.202317 0.0323276 0.0689655 0.0256653
2 0.416056 0.0405442 0.05625 0.0738147 0.0241394
1 0.750647 0.20528 0.0400862 0.0711207 0.0153046
2 0.270259 0.0614224 0.0342672 0.0614224 0.0100098
2 0.402802 0.0379849 0.0439655 0.0759698 0.00457382
1 0.755172 0.224946 0.0336207 0.0851293 0.00359344
2 0.173438 0.0848599 0.0733836 0.115302 0.00224304
2 0.30194 0.0536099 0.0465517 0.0506466 0.0020752
2 0.640086 0.049569 0.0336207 0.0371767 0.00189686
2 0.191218 0.07368 0.078556 0.14736 0.00174809
2 0.821121 0.69181 0.0387931 0.0668104 0.00172043
2 0.833405 0.690194 0.0426724 0.0614224 0.00164223
0 0.190733 0.068292 0.0685345 0.136584 0.00126457
0 0.214655 0.0746228 0.0623922 0.119073 0.0011425
2 0.390194 0.0369073 0.0556035 0.0738147 0.00105667
2 0.464871 0.0546875 0.0575431 0.0813578 0.00100422
1 0.642672 0.233297 0.0543103 0.0700431 0.666992
1 0.734483 0.198815 0.0284483 0.0700431 0.0287628
2 0.400862 0.0406789 0.0375 0.0713901 0.0122375
1 0.754526 0.205819 0.0375 0.0786638 0.00978088
2 0.227586 0.0668103 0.0788793 0.105603 0.0086441
1 0.761638 0.219289 0.0362069 0.100216 0.00793457
2 0.188793 0.0692349 0.0672414 0.13847 0.00695801
2 0.420905 0.0480873 0.062069 0.0880927 0.0039444
2 0.834052 0.690733 0.0387931 0.0592672 0.00329781
1 0.658836 0.212554 0.201724 0.157866 0.00312424
2 0.626509 0.915679 0.122845 0.0996767 0.00211525
2 0.253367 0.0643858 0.0984375 0.0759698 0.00191879
2 0.821121 0.689116 0.0387931 0.0603448 0.00188923
2 0.642672 0.916218 0.075 0.0985991 0.00133514
2 0.285453 0.0595366 0.128017 0.0662715 0.00119686
1 0.834052 0.690733 0.0387931 0.0592672 0.0011425
2 0.613578 0.907328 0.0594828 0.0883621 0.0011158
2 0.407328 0.0467403 0.0517241 0.0934806 0.00109005
1 0.641379 0.231142 0.0543104 0.0792026 0.756348
2 0.402155 0.0412177 0.0439655 0.0824353 0.0474243
2 0.191379 0.0700431 0.0588362 0.140086 0.0125275
1 0.73319 0.195312 0.0336207 0.075431 0.0109863
2 0.214332 0.0686961 0.0630388 0.137392 0.00881195
2 0.415733 0.0479526 0.062069 0.0959052 0.00837708
2 0.404095 0.0470097 0.0478448 0.0940194 0.00666809
1 0.766164 0.220366 0.0439655 0.102371 0.00340271
2 0.267107 0.0591325 0.0657867 0.0746228 0.00322342
2 0.834052 0.685884 0.0426723 0.0700431 0.00259018
2 0.821121 0.686422 0.0413794 0.0775862 0.00246239
1 0.756465 0.203394 0.0426724 0.0872845 0.0024147
2 0.6375 0.911638 0.120259 0.109914 0.00174809
2 0.286099 0.0554957 0.109914 0.065194 0.00146675
2 0.641379 0.911638 0.0801724 0.109914 0.00115585
1 0.642672 0.235453 0.0517241 0.0646552 0.486328
2 0.401509 0.0394666 0.0375 0.0633082 0.0264587
1 0.735776 0.195043 0.0310345 0.0560345 0.0165253
2 0.417996 0.046875 0.05625 0.0743534 0.00500107
2 0.192996 0.068292 0.0549569 0.136584 0.0049057
2 0.214332 0.0642511 0.0594828 0.101024 0.00452042
1 0.762284 0.234644 0.0336207 0.0678879 0.00314713
1 0.753879 0.203125 0.0387931 0.0630388 0.00309944
2 0.403448 0.0395339 0.0426724 0.0790679 0.00220871
1 0.642672 0.231681 0.0530172 0.0678879 0.529297
2 0.400539 0.0355603 0.0387931 0.0608836 0.0476074
1 0.734483 0.194504 0.0310345 0.0614224 0.0280151
2 0.418642 0.0413524 0.0575431 0.0692349 0.00985718
2 0.192672 0.0680226 0.062069 0.136045 0.00985718
2 0.214332 0.0635776 0.0633621 0.105065 0.00898743
1 0.762931 0.230065 0.0310345 0.075431 0.00457382
1 0.754526 0.203125 0.0362069 0.0678879 0.00443268
2 0.402802 0.0366379 0.0413793 0.0732759 0.00365067
2 0.832759 0.6875 0.0413793 0.0581896 0.00302696
2 0.636207 0.912715 0.103448 0.0969827 0.00271416
2 0.270986 0.0583244 0.0632004 0.0676185 0.0024147
2 0.6375 0.914871 0.0646552 0.0926723 0.0020504
2 0.822414 0.688039 0.0413793 0.0657328 0.00179577
2 0.287716 0.0530711 0.101509 0.0565733 0.00171375
2 0.623276 0.904634 0.0698276 0.0872845 0.00147247
2 0.473276 0.0529364 0.0530172 0.0751616 0.0012846
0 0.734483 0.194504 0.0310345 0.0614224 0.00109482
2 0.387284 0.0292969 0.0491379 0.0585938 0.00106907
1 0.641379 0.23222 0.0543104 0.0711207 0.560059
1 0.734483 0.19639 0.0310345 0.0668104 0.0234222
2 0.400215 0.0381196 0.0375 0.063847 0.016922
2 0.418965 0.0444504 0.0581897 0.0743534 0.00429916
1 0.762931 0.225754 0.0336207 0.0856681 0.00298119
1 0.753879 0.203664 0.0387931 0.0743535 0.00279999
2 0.192026 0.0689655 0.0614224 0.137931 0.00274658
2 0.215948 0.0661369 0.0653017 0.103179 0.00225258
2 0.402802 0.039736 0.0426724 0.079472 0.00126457
1 0.641379 0.23222 0.0543104 0.0711207 0.558105
1 0.734483 0.19639 0.0310345 0.0668104 0.0235138
2 0.400539 0.0381196 0.0375 0.063847 0.0168457
2 0.418965 0.0444504 0.0581897 0.0743534 0.00429916
1 0.762931 0.225754 0.0336207 0.0856681 0.00300407
1 0.753879 0.203664 0.0387931 0.0743535 0.00282288
2 0.192026 0.0689655 0.0614224 0.137931 0.00275803
2 0.215948 0.0661369 0.0653017 0.103179 0.00225258
2 0.402802 0.039736 0.0426724 0.079472 0.0012598
