1 0.62069 0.487069 0.103448 0.131466 0.519531
1 0.812069 0.474138 0.0568966 0.137931 0.294922
0 0.62069 0.487069 0.103448 0.131466 0.154053
2 0.62069 0.485991 0.0995689 0.127155 0.0836182
0 0.812069 0.474138 0.0568966 0.137931 0.0287628
1 0.825 0.47306 0.0801724 0.128233 0.0182648
0 0.611638 0.492457 0.0543104 0.144397 0.0144501
2 0.812069 0.474138 0.0568966 0.137931 0.0137405
2 0.611638 0.492457 0.0543104 0.144397 0.0135345
1 0.611638 0.492457 0.0543104 0.144397 0.0104065
1 0.793319 0.471983 0.0853448 0.127155 0.00544739
2 0.271552 0.140894 0.108621 0.142241 0.00479126
1 0.634267 0.487608 0.107328 0.199353 0.00431442
1 0.7875 0.472522 0.0168104 0.113147 0.00385475
2 0.233567 0.140625 0.059806 0.139547 0.00370789
0 0.634267 0.487608 0.107328 0.199353 0.00362206
2 0.5 0.5 1 1 0.0036068
0 0.825 0.47306 0.0801724 0.128233 0.00359344
1 0.5 0.5 1 1 0.00337601
1 0.623276 0.51778 0.102155 0.185345 0.00329781
1 0.777802 0.422414 0.0840517 0.0775862 0.00325966
0 0.5 0.5 1 1 0.00305176
2 0.5 0.5 1 1 0.00304031
1 0.233567 0.140625 0.059806 0.139547 0.00298119
2 0.5 0.5 1 1 0.00296974
0 0.5 0.5 1 1 0.00279045
2 0.7875 0.472522 0.0168104 0.113147 0.00273705
0 0.5 0.5 1 1 0.0026722
1 0.271552 0.140894 0.108621 0.142241 0.00263214
2 0.634267 0.487608 0.107328 0.199353 0.00263214
0 0.5 0.5 1 1 0.00250244
2 0.5 0.5 1 1 0.0024147
2 0.5 0.5 1 1 0.0024147
0 0.5 0.5 1 1 0.00237846
0 0.7875 0.472522 0.0168104 0.113147 0.00234222
1 0.5 0.5 1 1 0.00230598
1 0.5 0.5 1 1 0.00228691
1 0.5 0.5 1 1 0.00223351
2 0.5 0.5 1 1 0.00223351
1 0.5 0.5 1 1 0.00198746
1 0.5 0.5 1 1 0.00191879
0 0.5 0.5 1 1 0.00186729
2 0.5 0.5 1 1 0.00183868
2 0.825 0.47306 0.0801724 0.128233 0.00166798
1 0.5 0.5 1 1 0.0016613
0 0.671767 0.32597 0.42931 0.561422 0.00159168
0 0.271552 0.140894 0.108621 0.142241 0.00157356
2 0.5 0.5 1 1 0.0015192
1 0.810129 0.505388 0.0737069 0.224138 0.00151253
2 0.778448 0.422953 0.263793 0.47306 0.00147247
1 0.615517 0.494073 0.0892241 0.117457 0.805664
1 0.815948 0.471444 0.0556035 0.126078 0.378418
1 0.80431 0.463362 0.0517241 0.118534 0.105225
1 0.605172 0.5 0.120259 0.159483 0.0259094
2 0.613578 0.490302 0.0853448 0.140086 0.00818634
1 0.825 0.475754 0.075 0.141164 0.00582123
1 0.633621 0.485991 0.106035 0.131466 0.00416565
2 0.80431 0.463362 0.0517241 0.118534 0.0041008
1 0.831466 0.465517 0.108621 0.140086 0.00332451
0 0.613578 0.490302 0.0853448 0.140086 0.00245285
2 0.605172 0.5 0.120259 0.159483 0.00243378
1 0.796552 0.47306 0.0724138 0.133621 0.00225258
1 0.799784 0.490302 0.0762931 0.200431 0.00224304
2 0.815948 0.471444 0.0556035 0.126078 0.00154877
0 0.815948 0.471444 0.0556035 0.126078 0.00144386
0 0.589655 0.350216 0.125431 0.463362 0.00143814
0 0.605172 0.5 0.120259 0.159483 0.00143814
0 0.735776 0.280711 0.186207 0.561422 0.00137234
2 0.494612 0.5 0.989224 1 0.00134563
0 0.5 0.624192 1 0.751616 0.00134563
0 0.494612 0.5 0.989224 1 0.00134087
0 0.590948 0.546336 0.155172 0.267241 0.00130463
1 0.783621 0.449353 0.0517242 0.125 0.00126934
0 0.80431 0.463362 0.0517241 0.118534 0.00126457
1 0.494612 0.5 0.989224 1 0.00125504
2 0.5 0.808459 1 0.383082 0.00124931
0 0.449677 0.5 0.899353 1 0.0012207
2 0.5 0.80819 1 0.383621 0.00121117
2 0.5 0.624192 1 0.751616 0.00119686
2 0.449677 0.5 0.899353 1 0.0011692
0 0.5 0.5 1 1 0.00115585
2 0.782705 0.769397 0.434591 0.461207 0.00115585
2 0.68556 0.797683 0.628879 0.404634 0.00115108
2 0.5 0.5 1 1 0.00114727
0 0.729041 0.219828 0.541918 0.439655 0.00111198
1 0.735776 0.280711 0.186207 0.561422 0.00109005
1 0.5 0.624192 1 0.751616 0.00106907
2 0.583082 0.23195 0.833836 0.463901 0.00106525
2 0.729041 0.219828 0.541918 0.439655 0.00104046
1 0.5 0.80819 1 0.383621 0.00104046
0 0.782705 0.769397 0.434591 0.461207 0.00103188
2 0.5 0.41514 1 0.83028 0.00102425
2 0.463578 0.5 0.927155 1 0.00102043
1 0.449677 0.5 0.899353 1 0.00100803
1 0.5 0.808459 1 0.383082 0.00100803
0 0.583082 0.23195 0.833836 0.463901 0.00100422
0 0.5 0.80819 1 0.383621 0.00100422
1 0.615517 0.484914 0.0840518 0.125 0.79834
1 0.812069 0.465517 0.0439655 0.122845 0.281494
1 0.622629 0.478987 0.108621 0.165948 0.11676
1 0.823707 0.467134 0.0672414 0.15194 0.0243378
1 0.80625 0.471444 0.0814655 0.171336 0.00661469
2 0.622629 0.478987 0.108621 0.165948 0.00614548
1 0.721552 0.863146 0.0517241 0.0775863 0.00547028
1 0.799138 0.464978 0.0801724 0.125 0.00407028
1 0.856681 0.463362 0.137069 0.170259 0.00331116
1 0.514655 0.594289 0.0323276 0.0549569 0.00206757
1 0.790733 0.490302 0.0775862 0.135776 0.00178242
0 0.6257 0.498922 0.116703 0.153017 0.00168705
1 0.623922 0.524785 0.0982759 0.198276 0.0016613
1 0.387931 0.659483 0.572845 0.487069 0.00154305
1 0.742241 0.799569 0.126724 0.224138 0.00135612
0 0.133836 0.211746 0.267672 0.423491 0.00133514
1 0.164224 0.231681 0.328448 0.463362 0.00116062
0 0.387931 0.659483 0.572845 0.487069 0.00107288
1 0.719127 0.682112 0.524677 0.635776 0.00106525
1 0.782328 0.291487 0.124138 0.147629 0.00105667
1 0.857543 0.303071 0.284914 0.606142 0.00102425
1 0.618103 0.488147 0.0969828 0.116379 0.875
1 0.80625 0.469828 0.0478448 0.12069 0.649414
1 0.822414 0.465517 0.0724138 0.144397 0.131226
1 0.0021417 0.810345 0.00428341 0.37931 0.0287018
1 0.00396013 0.869073 0.00792026 0.261853 0.0153046
1 0.00153556 0.735991 0.00307112 0.450431 0.0130234
1 0.616649 0.505388 0.114116 0.161638 0.0100098
1 0.00525323 0.73222 0.0105065 0.53556 0.00619125
1 0.292161 0.140356 0.134644 0.175108 0.00559998
1 0.913578 0.0746228 0.0698277 0.075431 0.00450516
1 0.00080819 0.586207 0.00161638 0.368535 0.00448608
1 0.827586 0.435884 0.113793 0.224138 0.00372124
0 0.0021417 0.810345 0.00428341 0.37931 0.00362206
0 0.00396013 0.869073 0.00792026 0.261853 0.00356483
0 0.00525323 0.73222 0.0105065 0.53556 0.00335121
1 0.512716 0.592134 0.0375 0.0603449 0.00271416
2 0.906466 0.0720636 0.0594827 0.0713901 0.00264168
2 0.61875 0.489224 0.111207 0.12931 0.00239754
1 0.00751616 0.647629 0.0150323 0.704741 0.00201988
1 0.259267 0.13517 0.103448 0.173626 0.00200272
1 0.00917295 0.795797 0.0183459 0.408405 0.00197983
0 0.00153556 0.735991 0.00307112 0.450431 0.00197983
1 0.602586 0.481681 0.106034 0.107759 0.00194168
1 0.00185884 0.164332 0.00371767 0.328664 0.00178242
1 0.965517 0.0579203 0.0689655 0.0802802 0.00174141
1 0.91681 0.103718 0.0672414 0.091056 0.00163555
1 0.00161638 0.100754 0.00323276 0.201509 0.00161076
1 0.000484914 0.436288 0.000969828 0.366649 0.00145531
1 0.750862 0.0622306 0.498276 0.124461 0.00143814
1 0.670959 0.407462 0.191703 0.286369 0.00140476
1 0.790086 0.471444 0.0607759 0.127155 0.00136185
0 0.61875 0.489224 0.111207 0.12931 0.00132465
2 0.80819 0.468211 0.0659482 0.118534 0.0012207
1 0.0136584 0.0503772 0.0273168 0.100754 0.00119686
1 0.00113147 0.264615 0.00226293 0.431977 0.00115585
2 0.67694 0.248922 0.0452586 0.0700431 0.0011425
1 0.00501078 0.936692 0.0100216 0.126616 0.00113773
1 0.67694 0.248922 0.0452586 0.0700431 0.00112057
1 0.616649 0.492457 0.0908405 0.107759 0.79834
1 0.80625 0.47306 0.0465518 0.122845 0.501953
1 0.819828 0.474138 0.0685345 0.137931 0.0340881
1 0.797845 0.466056 0.0543104 0.118534 0.0288086
1 0.61875 0.505388 0.0956896 0.163793 0.0127258
1 0.676293 0.254849 0.0439655 0.0625 0.00353813
2 0.676293 0.254849 0.0439655 0.0625 0.00309944
1 0.229526 0.144935 0.0407328 0.117457 0.00282288
1 0.720259 0.867457 0.0452586 0.0668104 0.00235939
2 0.969181 0.820043 0.0336207 0.0646551 0.00163555
1 0.818534 0.477371 0.147414 0.153017 0.00161648
1 0.580603 0.480603 0.153879 0.165948 0.00115585
2 0.797845 0.466056 0.0543104 0.118534 0.00112915
1 0.271471 0.146013 0.0790409 0.137931 0.0011158
1 0.477478 0.528017 0.0232759 0.0538793 0.00109005
1 0.834052 0.478987 0.100862 0.220905 0.00101662
1 0.615517 0.491918 0.0905172 0.123922 0.740234
1 0.804957 0.468211 0.0375 0.110991 0.613281
1 0.614871 0.481681 0.115086 0.125 0.0997925
1 0.797845 0.46875 0.0530172 0.103448 0.0454407
1 0.818534 0.46444 0.0672413 0.137931 0.00600433
1 0.682759 0.255657 0.0387931 0.0452586 0.00519943
1 0.846336 0.46875 0.122845 0.18319 0.00173378
1 0.603233 0.484914 0.102155 0.101293 0.00154305
0 0.682759 0.255657 0.0387931 0.0452586 0.00141048
2 0.188631 0.30361 0.377263 0.60722 0.00137234
2 0.615517 0.491918 0.0905172 0.123922 0.00120163
2 0.682759 0.255657 0.0387931 0.0452586 0.00119686
1 0.618265 0.489224 0.0927802 0.12069 0.856934
1 0.80819 0.467672 0.0413793 0.12069 0.753418
0 0.324892 0.125539 0.18556 0.195582 0.117554
1 0.806897 0.460129 0.0568965 0.118534 0.0933228
1 0.819828 0.467672 0.0659483 0.127155 0.0250854
1 0.323842 0.1283 0.177317 0.199219 0.0227966
1 0.0421875 0.160022 0.0507543 0.096444 0.0158997
2 0.324892 0.125539 0.18556 0.195582 0.0150146
0 0.0349138 0.161099 0.065625 0.114224 0.0147858
0 0.674353 0.248653 0.0452586 0.0792026 0.0127258
1 0.722845 0.866379 0.0439655 0.0646551 0.0119629
1 0.0349138 0.161099 0.065625 0.114224 0.00881195
0 0.32465 0.157058 0.1757 0.161638 0.00821686
0 0.417026 0.166756 0.0646551 0.0765086 0.00432968
1 0.905172 0.0654634 0.0465517 0.0528017 0.00429916
1 0.674353 0.248653 0.0452586 0.0792026 0.00399017
2 0.417026 0.166756 0.0646551 0.0765086 0.00337601
1 0.824353 0.48653 0.075 0.134698 0.00305176
1 0.915517 0.0634429 0.0517241 0.0471444 0.00265312
2 0.0349138 0.161099 0.065625 0.114224 0.00264168
0 0.00953664 0.775323 0.0190733 0.449353 0.00263214
2 0.32465 0.157058 0.1757 0.161638 0.00261116
2 0.780603 0.688039 0.438793 0.623922 0.00258064
0 0.350108 0.120218 0.233405 0.231546 0.00244331
0 0.722845 0.866379 0.0439655 0.0646551 0.00216484
0 0.664009 0.250539 0.0581896 0.0862069 0.00214958
0 0.0132543 0.253233 0.0265086 0.506466 0.00192642
2 0.350108 0.120218 0.233405 0.231546 0.00188255
2 0.674353 0.248653 0.0452586 0.0792026 0.00182438
0 0.0421875 0.160022 0.0507543 0.096444 0.00173378
0 0.413793 0.149246 0.0808189 0.0980603 0.00166798
2 0.722845 0.866379 0.0439655 0.0646551 0.00157928
2 0.00953664 0.775323 0.0190733 0.449353 0.00153065
1 0.328529 0.164265 0.184752 0.157462 0.00138855
2 0.0421875 0.160022 0.0507543 0.096444 0.00135136
0 0.00113147 0.215787 0.00226293 0.431573 0.00129986
2 0.825539 0.771013 0.348922 0.457974 0.00114727
0 0.749731 0.737069 0.500539 0.525862 0.00114727
0 0.0229526 0.286369 0.0459052 0.572737 0.0011158
2 0.526859 0.752694 0.569127 0.494612 0.00104046
2 0.413793 0.149246 0.0808189 0.0980603 0.00101662
0 0.379526 0.115841 0.274784 0.231681 0.00100803
2 0.652586 0.756466 0.694828 0.487069 0.00100422
1 0.61681 0.490302 0.0879311 0.118534 0.928223
1 0.806897 0.468211 0.0452587 0.135776 0.764648
1 0.818534 0.466595 0.0646552 0.144397 0.0360718
1 0.721552 0.865302 0.0387931 0.0571121 0.0244293
1 0.675647 0.249461 0.0452586 0.0614224 0.0128708
2 0.675647 0.249461 0.0452586 0.0614224 0.00568771
0 0.612931 0.494073 0.0982759 0.136853 0.00248146
0 0.675647 0.249461 0.0452586 0.0614224 0.00183105
2 0.612931 0.494073 0.0982759 0.136853 0.00176144
0 0.80819 0.471983 0.0465518 0.144397 0.00126457
1 0.61681 0.491918 0.0918103 0.113147 0.892578
1 0.808836 0.467134 0.0465517 0.128233 0.666992
1 0.819828 0.466595 0.0646552 0.133621 0.0963745
2 0.803017 0.470905 0.0465518 0.12069 0.00349617
1 0.605334 0.483836 0.103125 0.105603 0.00342941
2 0.678879 0.256196 0.0543104 0.0748922 0.0026722
2 0.609698 0.488147 0.0866379 0.127155 0.00230598
1 0.721552 0.866379 0.0452586 0.0646551 0.00168133
2 0.721552 0.866379 0.0452586 0.0646551 0.00129414
0 0.721552 0.866379 0.0452586 0.0646551 0.0012064
0 0.803017 0.470905 0.0465518 0.12069 0.00117397
1 0.618103 0.488147 0.087931 0.114224 0.891113
1 0.806897 0.465517 0.0439655 0.12931 0.705566
1 0.819181 0.464978 0.0659482 0.143319 0.0105667
1 0.722845 0.866379 0.0413793 0.0614224 0.00311089
2 0.722845 0.866379 0.0413793 0.0614224 0.00171375
1 0.633621 0.490841 0.106035 0.133621 0.00167465
2 0.678879 0.248384 0.0387931 0.0625 0.00158501
1 0.62069 0.490302 0.0892242 0.114224 0.820801
1 0.806897 0.467672 0.0426724 0.12069 0.649414
1 0.619397 0.477371 0.0659482 0.107759 0.34082
1 0.799138 0.461207 0.0413793 0.0948276 0.0812378
1 0.724784 0.865302 0.0426724 0.0614223 0.00881195
1 0.67694 0.252155 0.0400862 0.0576509 0.00559998
1 0.901293 0.0693696 0.0362069 0.0600754 0.00245285
1 0.61875 0.507543 0.0737069 0.158405 0.00209999
1 0.658836 0.466595 0.143534 0.125 0.00157356
1 0.653664 0.253502 0.0375 0.0587284 0.00135612
1 0.974353 0.824353 0.0349138 0.0851293 0.0011158
1 0.309779 0.14608 0.157597 0.187365 0.00104809
1 0.621821 0.490302 0.0882543 0.114224 0.863281
1 0.808836 0.475216 0.0452587 0.127155 0.796875
1 0.821121 0.474138 0.0659482 0.136853 0.0304413
1 0.662069 0.471983 0.159052 0.132543 0.00244331
0 0.80819 0.467672 0.0568965 0.116379 0.00182438
0 0.625862 0.480603 0.0853448 0.118534 0.00157356
1 0.801724 0.490302 0.0543103 0.181034 0.00156116
1 0.518534 0.46875 0.0258621 0.0840517 0.00103188
1 0.615517 0.48653 0.0866379 0.121767 0.803223
1 0.80431 0.470905 0.0413794 0.122845 0.760742
1 0.61875 0.506466 0.107328 0.161638 0.00335121
1 0.819828 0.489224 0.0698276 0.127155 0.00139427
1 0.617457 0.485991 0.0918103 0.113147 0.852051
1 0.805603 0.465517 0.0439655 0.127155 0.712402
1 0.819828 0.467672 0.0698276 0.142241 0.00105286
1 0.616164 0.488685 0.0943965 0.112069 0.789062
1 0.805603 0.469828 0.0465517 0.119612 0.651367
1 0.617457 0.489763 0.0905172 0.108836 0.81543
1 0.80819 0.469828 0.0465518 0.12069 0.766113
1 0.818534 0.467672 0.0659483 0.137931 0.00163555
1 0.652371 0.47306 0.1875 0.136853 0.00121117
1 0.61681 0.488147 0.0905172 0.125 0.851074
1 0.806897 0.465517 0.0465517 0.131465 0.763672
0 0.80625 0.470905 0.0478448 0.142241 0.00144958
1 0.658836 0.470905 0.205603 0.135776 0.00116062
1 0.817241 0.46444 0.0672414 0.141164 0.00101662
1 0.61875 0.490302 0.0892241 0.109914 0.800781
1 0.805603 0.470905 0.0439655 0.113147 0.753418
1 0.613578 0.507543 0.0918103 0.146552 0.00160408
1 0.656735 0.473599 0.176185 0.122845 0.00103664
1 0.619397 0.490302 0.0892242 0.112069 0.819824
1 0.806897 0.470905 0.0452587 0.115302 0.792969
1 0.819828 0.487608 0.0672413 0.128233 0.00150108
1 0.619235 0.489763 0.0908405 0.113147 0.82666
1 0.80625 0.471444 0.0452586 0.123922 0.789062
1 0.818534 0.483836 0.0672413 0.136853 0.00124454
1 0.619397 0.489763 0.0905172 0.113147 0.82666
1 0.80625 0.471983 0.0452586 0.122845 0.789062
1 0.818534 0.483836 0.0672413 0.135776 0.00124454
