2 0.328114 0.568323 0.286947 0.307453 0.875977
2 0.922389 0.632764 0.102632 0.23913 0.602051
0 0.325434 0.570652 0.281913 0.338509 0.217285
2 0.29393 0.560947 0.21111 0.281056 0.189575
2 0.865227 0.565994 0.219555 0.42236 0.139893
2 0.400785 0.561724 0.155897 0.29736 0.0745239
2 0.87562 0.634317 0.171486 0.273292 0.0583496
2 0.369605 0.564053 0.203965 0.29736 0.0570679
2 0.771527 0.553571 0.392665 0.470497 0.055603
2 0.703484 0.510967 0.545639 0.572787 0.0431213
2 0.27217 0.140528 0.192922 0.281056 0.0402527
2 0.934081 0.630046 0.129914 0.270963 0.0282135
0 0.923688 0.633152 0.109128 0.23059 0.0279083
0 0.840543 0.562112 0.262426 0.430124 0.0277405
2 0.578117 0.461957 0.279315 0.310559 0.0251312
2 0.862629 0.183278 0.197469 0.3454 0.0209656
2 0.92109 0.128833 0.0818458 0.163917 0.016922
1 0.328114 0.568323 0.286947 0.307453 0.016922
2 0.777535 0.444488 0.192273 0.177795 0.0167236
2 0.901603 0.160326 0.135111 0.26514 0.0162811
2 0.533946 0.504658 0.335178 0.349379 0.0150757
2 0.662561 0.413723 0.116923 0.225349 0.0144501
2 0.245537 0.151786 0.267623 0.303571 0.0142822
2 0.954049 0.570652 0.0919014 0.138199 0.0134277
0 0.27217 0.140528 0.192922 0.281056 0.0116425
0 0.866526 0.187694 0.205264 0.343556 0.0109863
2 0.928066 0.624224 0.143867 0.322981 0.0108185
2 0.833398 0.44177 0.0935381 0.173913 0.0107346
0 0.868475 0.637034 0.215657 0.294255 0.0104904
2 0.264375 0.531444 0.445605 0.638975 0.00800323
2 0.721672 0.716615 0.0714527 0.0574534 0.00709534
0 0.301319 0.565994 0.227512 0.291925 0.00698471
0 0.771527 0.553571 0.392665 0.470497 0.00641251
2 0.58104 0.42896 0.235794 0.222826 0.006073
0 0.578117 0.461957 0.279315 0.310559 0.00595856
2 0.743108 0.424301 0.207862 0.208851 0.00584412
2 0.854016 0.541537 0.291969 0.625 0.00572968
2 0.179606 0.565994 0.0915893 0.220497 0.00561905
0 0.70933 0.518245 0.506664 0.458851 0.00559998
1 0.923688 0.633152 0.109128 0.23059 0.00508118
0 0.928066 0.624224 0.143867 0.322981 0.00479126
2 0.876751 0.198952 0.246499 0.397904 0.00473785
0 0.533946 0.504658 0.335178 0.349379 0.0046463
2 0.888611 0.575699 0.162392 0.345497 0.00443268
1 0.448853 0.861801 0.137709 0.127329 0.00443268
2 0.429366 0.553571 0.176683 0.318323 0.00439835
2 0.698287 0.708075 0.119521 0.0791925 0.00439835
0 0.245537 0.151786 0.267623 0.303571 0.00421524
0 0.394938 0.568323 0.163692 0.301242 0.00407028
2 0.784031 0.279891 0.385844 0.559783 0.00397491
2 0.327383 0.561335 0.281264 0.279503 0.803223
2 0.919141 0.621506 0.102632 0.249224 0.0518494
2 0.935861 0.636646 0.128277 0.267081 0.0258026
2 0.0982474 0.717197 0.0477434 0.0438664 0.0227966
1 0.327383 0.561335 0.281264 0.279503 0.0168457
2 0.731416 0.726708 0.0441708 0.0419254 0.012146
2 0.410528 0.868012 0.0493673 0.0869565 0.0119629
2 0.931483 0.667702 0.0727518 0.15528 0.0115051
2 0.914594 0.638975 0.083145 0.209627 0.00993347
2 0.104418 0.69177 0.0672305 0.0993789 0.0088501
2 0.418973 0.863354 0.0519656 0.0838509 0.00844574
2 0.187726 0.238742 0.0555382 0.048913 0.00787354
2 0.913295 0.128882 0.0623587 0.100155 0.00775528
2 0.943175 0.659938 0.0948372 0.169255 0.00746155
2 0.164504 0.570652 0.103606 0.186335 0.0069046
2 0.132675 0.674689 0.122444 0.141304 0.00619125
2 0.17311 0.181289 0.0487177 0.0392081 0.00591278
2 0.947073 0.285326 0.0389742 0.0729814 0.0051384
2 0.75545 0.729814 0.0493673 0.0341615 0.0051384
2 0.60816 0.525621 0.363434 0.498447 0.0051384
2 0.126707 0.571429 0.221422 0.318323 0.00503922
2 0.824954 0.427019 0.0545638 0.102484 0.00475693
2 0.183828 0.562112 0.064957 0.173913 0.00457382
2 0.39234 0.884317 0.0636579 0.0993788 0.00439835
2 0.962662 0.71118 0.055863 0.0885093 0.00436401
2 0.55863 0.524165 0.283212 0.445458 0.00434875
0 0.327383 0.561335 0.281264 0.279503 0.00432968
2 0.373827 0.552795 0.192922 0.267081 0.0042305
2 0.432613 0.858696 0.0779484 0.0916149 0.0041008
2 0.15541 0.180901 0.0386494 0.0357143 0.00383949
2 0.248298 0.574922 0.115948 0.198758 0.00359344
2 0.934562 0.659938 0.130876 0.400621 0.00341606
2 0.934081 0.243012 0.0597605 0.111801 0.00307465
1 0.890391 0.186335 0.219217 0.30823 0.00296974
2 0.388768 0.888199 0.0863928 0.0791925 0.00282288
2 0.910047 0.135287 0.0870423 0.130435 0.0026722
1 0.913295 0.128882 0.0623587 0.100155 0.00251198
2 0.139333 0.600932 0.150051 0.270186 0.0024929
2 0.561878 0.517081 0.0701535 0.0636646 0.00246239
2 0.127803 0.686335 0.0935381 0.104037 0.00237846
2 0.460545 0.838509 0.0584613 0.0590062 0.00232315
2 0.690493 0.480978 0.0389742 0.0551242 0.00231361
2 0.937979 0.583851 0.107829 0.134317 0.00230598
2 0.897705 0.62073 0.187076 0.261646 0.00225258
1 0.731416 0.726708 0.0441708 0.0419254 0.00223351
2 0.868475 0.186675 0.164991 0.244662 0.00209999
1 0.937979 0.583851 0.107829 0.134317 0.00209999
2 0.687894 0.51776 0.505365 0.483113 0.00205803
2 0.890391 0.186335 0.219217 0.30823 0.00203514
2 0.271195 0.581133 0.16564 0.226708 0.00199509
2 0.326084 0.5625 0.266324 0.281832 0.384033
2 0.926287 0.621118 0.103931 0.254658 0.0888062
2 0.93716 0.626941 0.125679 0.267857 0.083313
2 0.130076 0.670419 0.104256 0.138975 0.0614319
2 0.293037 0.557453 0.198606 0.21118 0.0535889
1 0.326084 0.5625 0.266324 0.281832 0.0486755
2 0.687245 0.472826 0.0493673 0.0807453 0.0462036
2 0.93603 0.638199 0.113025 0.335404 0.0268555
1 0.934081 0.624224 0.119521 0.267081 0.0246124
1 0.932782 0.589286 0.114324 0.178571 0.0165863
0 0.935861 0.635093 0.128277 0.271739 0.0141754
0 0.926936 0.623447 0.102632 0.256211 0.0133286
1 0.903552 0.128542 0.0727518 0.100835 0.0132217
1 0.404682 0.860248 0.102632 0.0962732 0.0132217
2 0.413126 0.114567 0.0922389 0.134996 0.0119629
2 0.1887 0.230202 0.0526151 0.0652174 0.0104065
2 0.417673 0.0830745 0.1507 0.162267 0.0100098
2 0.180256 0.179736 0.0454699 0.0636646 0.00985718
1 0.687245 0.472826 0.0493673 0.0807453 0.00955963
1 0.432613 0.84705 0.0857432 0.0916149 0.00912476
2 0.154598 0.17663 0.0428716 0.0574534 0.00837708
1 0.883415 0.138975 0.129914 0.140528 0.00812531
0 0.103931 0.826863 0.074051 0.0900621 0.00812531
1 0.427417 0.857143 0.101333 0.0962732 0.00812531
2 0.30343 0.117187 0.14664 0.196526 0.00787354
2 0.320887 0.160763 0.0857432 0.119468 0.00712204
2 0.415075 0.157997 0.0857432 0.100155 0.00695801
0 0.127316 0.674689 0.100034 0.128882 0.0069046
1 0.558305 0.508152 0.0500169 0.0543478 0.00658798
2 0.558305 0.508152 0.0500169 0.0543478 0.00638962
2 0.324785 0.110248 0.127316 0.17663 0.00624084
2 0.93781 0.651397 0.12438 0.324534 0.00624084
2 0.685946 0.458851 0.0545639 0.113354 0.00559998
2 0.267948 0.372671 0.0506665 0.0574534 0.00534439
0 0.687245 0.472826 0.0493673 0.0807453 0.00530243
2 0.300426 0.170031 0.129914 0.126553 0.00521851
2 0.669057 0.474379 0.0727518 0.0916149 0.00498199
2 0.103931 0.826863 0.074051 0.0900621 0.0049057
2 0.278584 0.58618 0.169051 0.204969 0.00486755
2 0.350199 0.0972438 0.276554 0.194488 0.0046463
2 0.339725 0.153775 0.0928885 0.132667 0.00450516
2 0.37675 0.579193 0.172786 0.229814 0.0042305
0 0.93603 0.638199 0.113025 0.335404 0.0042305
2 0.11676 0.177213 0.0519656 0.0609472 0.00390053
2 0.400135 0.0715256 0.289708 0.143051 0.00376511
2 0.14189 0.597826 0.126098 0.20264 0.00365067
2 0.963962 0.670807 0.0701536 0.290373 0.00348282
1 0.878218 0.238354 0.158495 0.167702 0.00328636
1 0.291332 0.568323 0.19552 0.217391 0.00322342
2 0.706732 0.473214 0.0571621 0.0822981 0.00301552
2 0.326003 0.569488 0.282076 0.286491 0.673828
1 0.913295 0.130047 0.0753501 0.109472 0.513672
2 0.918492 0.623059 0.0974355 0.252329 0.290283
2 0.718424 0.725349 0.0727518 0.058618 0.15918
1 0.87562 0.177601 0.16629 0.217003 0.123352
1 0.874321 0.235054 0.179281 0.17663 0.101562
1 0.769091 0.210016 0.0792475 0.156056 0.0881958
2 0.688544 0.481366 0.0519656 0.068323 0.0836182
1 0.918492 0.627717 0.0987346 0.246118 0.0715942
1 0.831449 0.430124 0.0636578 0.114907 0.069519
2 0.262101 0.378882 0.0532647 0.0496894 0.058136
1 0.688544 0.481366 0.0519656 0.068323 0.0462036
2 0.386494 0.885093 0.0623587 0.0993789 0.0437012
1 0.895107 0.274457 0.155897 0.106366 0.0432129
1 0.217281 0.84472 0.0708031 0.0931677 0.0427246
2 0.736612 0.725155 0.0961364 0.0465839 0.0389099
1 0.786629 0.221661 0.0701535 0.156056 0.0334778
2 0.329332 0.154697 0.0915893 0.131599 0.0332031
2 0.409229 0.163432 0.0545638 0.0628882 0.0297546
2 0.957466 0.704775 0.0623587 0.137034 0.0252686
2 0.554083 0.513587 0.0389742 0.0411491 0.0230713
1 0.431314 0.858696 0.0759997 0.0931677 0.0230713
2 0.55798 0.129852 0.0701535 0.0640528 0.0222015
2 0.09435 0.71972 0.0552134 0.0434782 0.0210419
1 0.945774 0.982531 0.0545638 0.0349379 0.0207214
2 0.945774 0.982531 0.0545638 0.0349379 0.0204926
2 0.337127 0.145575 0.0818458 0.0900621 0.0185394
2 0.107666 0.181483 0.0389742 0.0345497 0.0183411
2 0.089803 0.830745 0.069504 0.0621118 0.0175171
2 0.425468 0.875776 0.0643074 0.111801 0.0173035
1 0.764544 0.212539 0.0909398 0.228649 0.0173035
2 0.143717 0.182842 0.0490425 0.0333851 0.0167236
1 0.206401 0.836957 0.0574869 0.0931677 0.0166626
2 0.419622 0.167508 0.0571621 0.054736 0.0154266
1 0.412802 0.872671 0.0656065 0.111801 0.0145035
1 0.386494 0.885093 0.0623587 0.0993789 0.0141144
1 0.0958115 0.833851 0.0630083 0.0590062 0.014061
2 0.281264 0.125582 0.170837 0.251165 0.0133286
2 0.398186 0.148486 0.0545639 0.0791925 0.0133286
1 0.841842 0.843944 0.0571621 0.060559 0.0131226
1 0.889261 0.17896 0.157196 0.270963 0.0127258
2 0.934081 0.63354 0.106529 0.253106 0.0125732
1 0.836646 0.440217 0.064957 0.150621 0.0122375
1 0.443007 0.84472 0.0850937 0.0683229 0.0122375
1 0.858082 0.170031 0.19617 0.332298 0.012146
1 0.961363 0.982919 0.0493673 0.0341616 0.0121002
2 0.180743 0.237772 0.0448203 0.0570652 0.0112457
2 0.368306 0.382764 0.0480682 0.0574534 0.0109863
1 0.225888 0.84472 0.099709 0.10559 0.0109863
2 0.3774 0.903727 0.0714527 0.0652174 0.0109863
2 0.325434 0.564829 0.270221 0.300466 0.806641
2 0.919791 0.623835 0.0961363 0.260093 0.0731812
0 0.915893 0.622671 0.093538 0.256211 0.0374756
1 0.192273 0.239519 0.0539143 0.0621118 0.0270691
2 0.192273 0.239519 0.0539143 0.0621118 0.0233307
2 0.93846 0.633152 0.123081 0.289596 0.0202484
1 0.926287 0.128445 0.0493674 0.100252 0.0170441
1 0.732715 0.723408 0.0454698 0.0469721 0.0167236
0 0.326815 0.565217 0.279153 0.295031 0.0162811
2 0.553433 0.513199 0.0370255 0.0434783 0.0134277
2 0.693741 0.48059 0.0389742 0.0652174 0.0133743
1 0.26405 0.371894 0.0474186 0.0559006 0.0125275
1 0.879517 0.218168 0.189674 0.215062 0.0115051
2 0.37805 0.882764 0.0831449 0.0993789 0.011467
2 0.732715 0.723408 0.0454698 0.0469721 0.0112457
2 0.0967859 0.718168 0.0454699 0.0419254 0.0103302
1 0.635279 0.28125 0.0389742 0.0469721 0.00847626
0 0.693741 0.48059 0.0389742 0.0652174 0.00806427
1 0.910697 0.128154 0.0701536 0.107822 0.00772476
2 0.373827 0.555512 0.187726 0.254658 0.00772476
0 0.386819 0.875 0.0928885 0.102485 0.00769424
2 0.901603 0.979814 0.0675553 0.0341615 0.00757599
2 0.391366 0.882764 0.108478 0.0885093 0.0068512
1 0.901603 0.979814 0.0675553 0.0341615 0.00669098
2 0.928885 0.982143 0.064957 0.0357143 0.00643921
0 0.192273 0.239519 0.0539143 0.0621118 0.00561905
2 0.26405 0.371894 0.0474186 0.0559006 0.00559998
2 0.387144 0.892081 0.0928885 0.0822981 0.00534439
1 0.553433 0.513199 0.0370255 0.0434783 0.00530243
0 0.826253 0.431677 0.0493674 0.125776 0.00527954
2 0.0671493 0.725155 0.0276067 0.0403727 0.00521851
2 0.926287 0.128445 0.0493674 0.100252 0.00502014
1 0.928885 0.982143 0.064957 0.0357143 0.0049057
0 0.887312 0.611801 0.109128 0.228261 0.00469971
2 0.2077 0.246118 0.0711279 0.0636646 0.00462723
1 0.888611 0.14475 0.135111 0.153047 0.00443268
2 0.298802 0.161879 0.10523 0.162267 0.00436401
0 0.732715 0.723408 0.0454698 0.0469721 0.0041008
0 0.26405 0.371894 0.0474186 0.0559006 0.00402451
0 0.190162 0.846273 0.090615 0.0807453 0.00382423
2 0.93668 0.835404 0.046769 0.0574534 0.00376511
2 0.314392 0.179736 0.0597604 0.125776 0.0037365
0 0.93846 0.633152 0.123081 0.286491 0.00365067
2 0.973861 0.745536 0.0522777 0.14868 0.00356483
2 0.0348332 0.731366 0.0456323 0.0465839 0.00353813
1 0.693741 0.48059 0.0389742 0.0652174 0.00344276
1 0.86133 0.979814 0.0610596 0.0341615 0.00342941
1 0.32511 0.559394 0.274118 0.271739 0.00331116
2 0.230435 0.259511 0.039299 0.0710404 0.00329781
1 0.37805 0.882764 0.0831449 0.0993789 0.00329781
2 0.326815 0.568323 0.290845 0.295031 0.97998
2 0.924338 0.619177 0.114324 0.261646 0.414062
2 0.924338 0.623447 0.129914 0.347826 0.0678101
2 0.867825 0.981367 0.124717 0.0372672 0.0423889
1 0.924987 0.614907 0.119521 0.265528 0.0318604
1 0.874321 0.234472 0.188375 0.182453 0.0293121
2 0.692441 0.48059 0.0363759 0.0737577 0.0248871
2 0.70998 0.624612 0.553433 0.331522 0.0177765
0 0.522904 0.1875 0.168888 0.161491 0.0171814
2 0.313742 0.17993 0.185777 0.217779 0.0166626
0 0.542391 0.138005 0.148102 0.0888975 0.0150146
2 0.915244 0.118012 0.0623587 0.119177 0.0149536
1 0.867825 0.981367 0.124717 0.0372672 0.0145035
2 0.873671 0.227096 0.194871 0.194099 0.0132217
2 0.348819 0.174689 0.24164 0.212733 0.0125732
2 0.19682 0.23913 0.06041 0.0621118 0.0125275
2 0.149076 0.138587 0.0402733 0.0341615 0.0124283
2 0.730116 0.728455 0.055863 0.0555125 0.0118256
0 0.730116 0.728455 0.055863 0.0555125 0.0116882
0 0.548237 0.14111 0.190974 0.112189 0.0115051
0 0.538818 0.171778 0.172136 0.177795 0.0114212
0 0.101617 0.829193 0.0526963 0.0652174 0.0111618
0 0.348819 0.873447 0.172786 0.119565 0.0104065
2 0.33193 0.875776 0.185127 0.127329 0.0100937
2 0.87562 0.164936 0.158495 0.227582 0.00963593
2 0.209486 0.244177 0.072427 0.0675466 0.00891876
0 0.320563 0.556289 0.290358 0.284938 0.0088501
1 0.704783 0.233113 0.209161 0.1875 0.00857544
1 0.86068 0.194293 0.190974 0.280668 0.00769424
2 0.699587 0.553571 0.557331 0.445652 0.00740433
1 0.268922 0.374224 0.0415725 0.0535714 0.00723267
2 0.931314 0.632764 0.137371 0.298137 0.00709534
1 0.930184 0.562112 0.101333 0.21118 0.00695801
0 0.519331 0.215838 0.16564 0.134317 0.0064888
1 0.915244 0.118012 0.0623587 0.119177 0.00612259
2 0.909398 0.637811 0.1507 0.291149 0.00572968
2 0.172948 0.185947 0.055863 0.0590062 0.00561905
2 0.127965 0.666149 0.126666 0.150621 0.00559998
0 0.391041 0.861025 0.139008 0.10559 0.00542831
2 0.268922 0.374224 0.0415725 0.0535714 0.00538635
2 0.720373 0.373447 0.214358 0.168478 0.0053215
1 0.720373 0.373447 0.214358 0.168478 0.0051384
2 0.719723 0.416052 0.215657 0.248641 0.0051384
1 0.87562 0.164936 0.158495 0.227582 0.00510025
0 0.367007 0.162704 0.216956 0.183133 0.00471878
1 0.320563 0.556289 0.290358 0.284938 0.00468063
0 0.827552 0.419643 0.0467691 0.118789 0.0046463
2 0.0977603 0.701087 0.0630083 0.111801 0.00455475
0 0.601664 0.984472 0.501143 0.031056 0.00452042
2 0.10657 0.682453 0.0863116 0.169255 0.00450516
2 0.326084 0.563665 0.285161 0.304348 0.733887
0 0.324217 0.562888 0.285648 0.301242 0.0708008
2 0.918492 0.611025 0.0961364 0.284161 0.0663452
0 0.419622 0.858696 0.0857432 0.108696 0.00871277
0 0.918492 0.613742 0.101333 0.274068 0.00815582
0 0.688544 0.479037 0.0480682 0.076087 0.00803375
2 0.268841 0.371894 0.0417349 0.0543478 0.00793457
2 0.378699 0.565994 0.184478 0.298137 0.00609589
1 0.268841 0.371894 0.0417349 0.0543478 0.00568771
0 0.0176196 0.821234 0.0352392 0.357531 0.00441742
1 0.948372 0.982919 0.0597604 0.0341616 0.00374985
2 0.556681 0.514363 0.0389742 0.0427019 0.00370789
1 0.92109 0.612966 0.101333 0.274068 0.00370789
2 0.938784 0.618401 0.122431 0.300466 0.00367928
2 0.688544 0.479037 0.0480682 0.076087 0.00338936
0 0.268841 0.371894 0.0417349 0.0543478 0.00337601
0 0.829501 0.428571 0.0532647 0.131988 0.00329781
2 0.177333 0.185559 0.0529399 0.068323 0.00259018
1 0.824954 0.154503 0.223452 0.309006 0.00246239
1 0.556681 0.514363 0.0389742 0.0427019 0.00191879
0 0.00694228 0.187112 0.0138846 0.374224 0.00189686
2 0.196008 0.233307 0.0714527 0.0690994 0.00186729
2 0.829501 0.428571 0.0532647 0.131988 0.00183868
2 0.287435 0.13587 0.162392 0.271739 0.00182438
2 0.151999 0.142857 0.0506664 0.0535714 0.00181007
2 0.0200555 0.727873 0.0401109 0.544255 0.0017271
2 0.405656 0.556289 0.142905 0.30823 0.00167465
1 0.958765 0.982531 0.0584613 0.0349379 0.00167465
2 0.132147 0.676242 0.131294 0.156832 0.00158501
0 0.0188781 0.741848 0.0377562 0.516304 0.00157928
0 0.718424 0.714286 0.127316 0.0900621 0.00157356
2 0.178632 0.549689 0.0682048 0.14441 0.00154877
2 0.157196 0.564441 0.110427 0.187888 0.00153637
2 0.949671 0.689441 0.0961364 0.167702 0.00153637
2 0.00694228 0.187112 0.0138846 0.374224 0.0015192
2 0.663367 0.95264 0.673266 0.0947206 0.00134563
0 0.00483118 0.847826 0.00966235 0.304348 0.0012598
2 0.0176196 0.821234 0.0352392 0.357531 0.00123978
0 0.431964 0.857143 0.113025 0.121118 0.00122547
0 0.398186 0.869565 0.0818458 0.127329 0.00118828
2 0.948372 0.982919 0.0597604 0.0341616 0.00117397
2 0.226375 0.237189 0.0701535 0.0652174 0.00115108
0 0.151999 0.142857 0.0506664 0.0535714 0.00113392
2 0.121185 0.688276 0.100602 0.121894 0.00110722
2 0.258204 0.137811 0.2267 0.275621 0.0011034
0 0.378699 0.565994 0.184478 0.298137 0.00108147
2 0.152974 0.173913 0.06041 0.0698758 0.00107765
0 0.277285 0.814441 0.41199 0.178571 0.00105667
0 0.196008 0.233307 0.0714527 0.0690994 0.00104046
1 0.889261 0.979814 0.132512 0.0372672 0.00102043
2 0.322268 0.5625 0.281751 0.309783 0.92627
2 0.915893 0.618012 0.106529 0.281056 0.624512
2 0.689843 0.476708 0.046769 0.0838509 0.0406799
2 0.93603 0.98059 0.0662561 0.03882 0.0403748
2 0.0999931 0.711957 0.0604912 0.0543478 0.0321045
2 0.906799 0.979814 0.0974355 0.0403727 0.0276947
2 0.557331 0.51087 0.0370255 0.0434782 0.0229797
2 0.931483 0.641304 0.116923 0.315217 0.0209656
2 0.200392 0.244177 0.0688544 0.0877329 0.0154266
0 0.410853 0.861801 0.0948372 0.10559 0.0147858
1 0.913295 0.604037 0.114324 0.329193 0.01297
2 0.282888 0.148874 0.15135 0.297748 0.0115509
2 0.866526 0.979814 0.0987346 0.0403727 0.0106964
2 0.0651194 0.710986 0.0451451 0.0593944 0.0102081
2 0.408904 0.861801 0.0941876 0.10559 0.00971222
2 0.827552 0.431289 0.0623587 0.160714 0.00912476
2 0.896406 0.598991 0.122119 0.323758 0.00728989
1 0.906799 0.979814 0.0974355 0.0403727 0.0068512
1 0.93603 0.98059 0.0662561 0.03882 0.00653839
2 0.227999 0.257764 0.0461195 0.108696 0.00636292
2 0.10182 0.826087 0.0594356 0.0745341 0.00629044
2 0.114324 0.678183 0.0867176 0.128106 0.00609589
2 0.148102 0.139946 0.0409229 0.0454193 0.005867
0 0.913295 0.604037 0.114324 0.329193 0.00579834
2 0.148751 0.17896 0.0474186 0.0559006 0.0055542
2 0.395913 0.869565 0.0850937 0.124224 0.00521851
0 0.10182 0.826087 0.0594356 0.0745341 0.00518036
1 0.557331 0.51087 0.0370255 0.0434782 0.00498199
2 0.21858 0.243012 0.0578117 0.0869565 0.00482941
2 0.958765 0.715838 0.0753501 0.231366 0.0046463
2 0.187238 0.200311 0.0659313 0.107919 0.00450516
2 0.302618 0.183667 0.117085 0.203319 0.00424957
2 0.266242 0.342488 0.0508288 0.122477 0.00400543
1 0.866526 0.979814 0.0987346 0.0403727 0.00391388
2 0.839244 0.425466 0.0857432 0.187888 0.00345612
2 0.95097 0.979814 0.0701535 0.0403727 0.00345612
2 0.744563 0.987578 0.510874 0.0248448 0.00335121
2 0.923688 0.693711 0.111726 0.312888 0.00324821
2 0.908099 0.543866 0.10523 0.388975 0.00322342
2 0.917192 0.122865 0.0727519 0.124612 0.00309944
0 0.689843 0.476708 0.046769 0.0838509 0.00307465
2 0.319588 0.210792 0.0818458 0.138975 0.00299263
0 0.919141 0.640528 0.0948372 0.248447 0.00293541
2 0.919791 0.136209 0.0883415 0.168575 0.00281143
0 0.103606 0.852484 0.0652818 0.136646 0.00279999
0 0.93603 0.98059 0.0662561 0.03882 0.00277901
1 0.880167 0.196429 0.188375 0.271739 0.00276756
0 0.908099 0.543866 0.10523 0.388975 0.00265312
2 0.687245 0.447981 0.0597604 0.159938 0.00264168
0 0.906799 0.979814 0.0974355 0.0403727 0.00243378
2 0.327464 0.56677 0.275255 0.291925 0.862305
2 0.915893 0.611025 0.101333 0.302795 0.542969
2 0.198931 0.239907 0.0756749 0.0854037 0.053009
2 0.283943 0.137034 0.154435 0.274068 0.0432129
2 0.177982 0.191188 0.0441707 0.0648292 0.0413208
2 0.151999 0.17663 0.0493673 0.0473602 0.0390625
1 0.916543 0.604037 0.122119 0.310559 0.0294189
2 0.147777 0.14441 0.0448203 0.0458075 0.0236053
0 0.826902 0.436335 0.0571621 0.15295 0.0220337
2 0.305298 0.159938 0.107829 0.150621 0.021698
2 0.213059 0.241071 0.0591108 0.0830745 0.021286
2 0.556681 0.514363 0.0441707 0.0473602 0.0150757
2 0.939278 0.666925 0.101333 0.281056 0.014389
2 0.2267 0.256211 0.0435212 0.112578 0.0142822
2 0.826902 0.436335 0.0571621 0.15295 0.0142822
2 0.930834 0.627329 0.116923 0.293478 0.0127258
2 0.291332 0.175903 0.119521 0.155182 0.0116882
2 0.689193 0.476708 0.0428716 0.0822981 0.0112457
2 0.265999 0.367624 0.0402733 0.0706522 0.0110703
2 0.835347 0.431289 0.074051 0.173913 0.0106964
2 0.382597 0.899068 0.0675553 0.0683229 0.0068512
0 0.916543 0.604037 0.122119 0.310559 0.00666809
2 0.0619527 0.714286 0.0469314 0.0791925 0.00664139
2 0.509263 0.578416 0.148102 0.207298 0.00653839
0 0.400135 0.873447 0.101333 0.0885093 0.005867
2 0.116273 0.181677 0.0457947 0.0551242 0.00561905
2 0.963961 0.750776 0.0688544 0.156832 0.00561905
2 0.22605 0.211762 0.0779484 0.119177 0.0049057
2 0.281832 0.109472 0.198931 0.218944 0.00481033
0 0.835347 0.44177 0.0688544 0.194099 0.00475693
0 0.0948372 0.826087 0.0672305 0.0807453 0.00468063
2 0.201042 0.245148 0.0831449 0.112578 0.00407028
0 0.917842 0.628882 0.0961364 0.263975 0.00383949
2 0.18123 0.229231 0.0954868 0.0710404 0.00336266
1 0.915893 0.1283 0.0740509 0.128882 0.00318527
2 0.277366 0.204387 0.0941876 0.126941 0.00311089
2 0.10117 0.693711 0.0730766 0.123447 0.00311089
2 0.480682 0.507764 0.222153 0.363354 0.003088
2 0.0835103 0.826087 0.0551322 0.0776398 0.00302696
1 0.827552 0.432842 0.0584613 0.153727 0.00290108
0 0.265999 0.367624 0.0402733 0.0706522 0.0028553
2 0.328682 0.160714 0.0870423 0.128882 0.00279045
2 0.0369443 0.726708 0.0532647 0.0962732 0.00259018
2 0.0948372 0.826087 0.0672305 0.0807453 0.00257111
1 0.917842 0.628882 0.0961364 0.263975 0.00251198
0 0.0835103 0.826087 0.0551322 0.0776398 0.00251198
2 0.516408 0.544643 0.21176 0.309783 0.00245285
1 0.774937 0.212539 0.0948372 0.20691 0.00244331
1 0.910697 0.559006 0.1507 0.332298 0.0024147
2 0.923688 0.724961 0.103931 0.220885 0.00233269
2 0.327302 0.564441 0.280777 0.302795 0.884277
2 0.92109 0.628106 0.0974355 0.23913 0.611328
2 0.197144 0.239907 0.0617091 0.0590062 0.0220337
2 0.18188 0.181677 0.0379998 0.0403727 0.0187683
2 0.930184 0.621118 0.124717 0.267081 0.0174408
2 0.95162 0.725932 0.0792475 0.119565 0.0173035
2 0.736612 0.729814 0.0597605 0.0496895 0.0145569
2 0.385844 0.907609 0.0532647 0.0465838 0.0136337
2 0.270221 0.377717 0.0337776 0.0450311 0.0112457
2 0.974355 0.76087 0.0441707 0.083851 0.00933838
2 0.226375 0.240101 0.0454699 0.0597826 0.0069313
0 0.826253 0.427795 0.0493674 0.111801 0.00679779
2 0.832099 0.430901 0.055863 0.127329 0.00634003
2 0.101658 0.826087 0.0506664 0.0450311 0.00579834
2 0.325759 0.236025 0.0571621 0.052795 0.0050621
1 0.915893 0.124272 0.0753501 0.112481 0.00494385
2 0.06788 0.707298 0.039299 0.0745342 0.00494385
2 0.375451 0.910714 0.0532647 0.0434782 0.00479126
0 0.923688 0.624612 0.110427 0.235248 0.00460815
2 0.69504 0.483696 0.0337776 0.0590062 0.00424957
2 0.313742 0.157657 0.0896406 0.113257 0.00419998
1 0.946423 0.593944 0.0948372 0.198758 0.00407028
1 0.9055 0.979814 0.0753501 0.031056 0.00403976
2 0.106529 0.180901 0.0259828 0.0333851 0.00378036
1 0.633331 0.277562 0.0376751 0.0318323 0.00367928
2 0.236606 0.264752 0.0373503 0.060559 0.00365067
0 0.414426 0.868012 0.0987346 0.0962733 0.00359344
2 0.104581 0.69837 0.0789227 0.0986025 0.00348282
2 0.414426 0.868012 0.0987346 0.0962733 0.00346947
2 0.321862 0.171584 0.0682048 0.0986025 0.00317192
2 0.561878 0.23486 0.0753501 0.0636646 0.00307465
1 0.923688 0.624612 0.110427 0.235248 0.00286674
1 0.943175 0.982919 0.0545638 0.0341615 0.00284576
2 0.155572 0.179348 0.0461195 0.0326087 0.00279999
2 0.745706 0.729037 0.0909397 0.0496894 0.00273705
2 0.0751877 0.826863 0.037675 0.0450311 0.0026722
2 0.391041 0.880435 0.101333 0.0854037 0.00247192
0 0.101658 0.826087 0.0506664 0.0450311 0.00227928
2 0.915893 0.124272 0.0753501 0.112481 0.00213242
2 0.578117 0.965062 0.124717 0.0419254 0.00212479
2 0.560254 0.513199 0.0396238 0.0403727 0.00198746
0 0.549536 0.128494 0.126017 0.0815217 0.00194168
1 0.861329 0.979814 0.074051 0.031056 0.00194168
1 0.919141 0.14111 0.0857432 0.113742 0.00192642
2 0.121957 0.681677 0.109128 0.149068 0.00191879
0 0.323486 0.565994 0.281913 0.284161 0.00169373
2 0.335178 0.235637 0.0597604 0.0590062 0.00168133
2 0.9055 0.979814 0.0753501 0.031056 0.00168133
0 0.561878 0.23486 0.0753501 0.0636646 0.00148392
2 0.932613 0.621894 0.134773 0.273292 0.0014782
2 0.332904 0.559006 0.289059 0.310559 0.92041
2 0.92109 0.618012 0.0883415 0.271739 0.723145
0 0.827552 0.427795 0.0597604 0.13354 0.0913696
1 0.828201 0.432065 0.0649569 0.142857 0.0668335
2 0.831449 0.431677 0.0688543 0.143634 0.0332031
1 0.915893 0.125049 0.0831449 0.129561 0.0313721
1 0.917192 0.612966 0.103931 0.274068 0.0228882
2 0.195683 0.245342 0.0532647 0.0698758 0.012825
1 0.336152 0.561724 0.285161 0.303571 0.00905609
2 0.939278 0.699534 0.106529 0.197205 0.0085144
2 0.976784 0.746894 0.0464315 0.121118 0.00582123
2 0.189999 0.189441 0.0350768 0.0543478 0.00534439
2 0.930184 0.617624 0.122119 0.294255 0.00530243
2 0.238392 0.244177 0.0552134 0.0753106 0.00460815
2 0.303268 0.153338 0.130076 0.229037 0.0039444
0 0.919141 0.621118 0.0974355 0.257764 0.00378036
2 0.69504 0.472438 0.0428716 0.0908385 0.00376511
2 0.403058 0.880435 0.0630083 0.10559 0.00370789
2 0.327383 0.237772 0.0688544 0.0803572 0.00341606
2 0.240016 0.276203 0.0480682 0.115295 0.00298119
2 0.326084 0.199922 0.0747005 0.141304 0.00283432
0 0.106854 0.861801 0.0571621 0.111801 0.00258064
2 0.109087 0.681677 0.0877731 0.142857 0.0024147
2 0.42222 0.868012 0.0662561 0.0931677 0.00235939
2 0.3774 0.900621 0.0623587 0.0714285 0.00188923
2 0.341998 0.165567 0.0721023 0.135481 0.00186729
2 0.291332 0.137519 0.166939 0.275039 0.00183868
2 0.0683672 0.687888 0.0464442 0.125776 0.00164223
2 0.106854 0.861801 0.0571621 0.111801 0.00162888
2 0.850936 0.45031 0.0857432 0.239907 0.00156689
2 0.123134 0.683618 0.114243 0.16382 0.00156689
2 0.269653 0.342779 0.0492049 0.136646 0.00150108
1 0.195683 0.245342 0.0532647 0.0698758 0.00142097
0 0.850936 0.45031 0.0857432 0.239907 0.00138283
2 0.138521 0.674689 0.0977603 0.130435 0.00134563
2 0.926287 0.681677 0.103931 0.267081 0.00133038
2 0.102632 0.838509 0.0584613 0.0683229 0.00127411
1 0.854834 0.451475 0.124717 0.26941 0.00127411
1 0.627484 0.281444 0.0623587 0.0535714 0.0012598
2 0.153623 0.181095 0.0337776 0.0329969 0.00125504
2 0.269247 0.191964 0.0779484 0.140528 0.00123501
0 0.69504 0.472438 0.0428716 0.0908385 0.00119686
2 0.108844 0.859472 0.0609784 0.175466 0.00119209
1 0.240016 0.276203 0.0480682 0.115295 0.00117397
2 0.559929 0.514751 0.0363759 0.0465839 0.0011425
1 0.819757 0.395575 0.0987346 0.210404 0.00109005
1 0.269653 0.342779 0.0492049 0.136646 0.00108147
2 0.106367 0.184006 0.0289059 0.0380435 0.00107765
0 0.102632 0.838509 0.0584613 0.0683229 0.00104046
0 0.828201 0.428571 0.0987346 0.17236 0.00104046
2 0.323811 0.562888 0.289059 0.305901 0.859863
2 0.923688 0.618789 0.101333 0.274845 0.662109
1 0.92109 0.612578 0.12082 0.253106 0.0190582
0 0.919791 0.624612 0.111726 0.256988 0.0175171
1 0.915893 0.128882 0.0753501 0.120342 0.0104523
2 0.95097 0.713509 0.0779484 0.166149 0.00952148
2 0.383896 0.905279 0.0532647 0.0559006 0.00631332
0 0.836646 0.436335 0.064957 0.141304 0.00309944
2 0.377075 0.909938 0.0571622 0.052795 0.00300407
2 0.701535 0.479037 0.0480682 0.0838509 0.0024929
2 0.977603 0.754658 0.0428716 0.121118 0.00248146
2 0.552134 0.959627 0.0571622 0.0465838 0.00228691
2 0.690493 0.482919 0.0454699 0.076087 0.00188255
2 0.181392 0.194488 0.0428716 0.0690994 0.00156116
2 0.198444 0.24243 0.0597604 0.0795807 0.00130939
0 0.869124 0.503882 0.0727518 0.138199 0.00119686
1 0.937329 0.612578 0.103931 0.281056 0.00119209
1 0.323811 0.562888 0.289059 0.305901 0.00108147
2 0.832748 0.439053 0.0623587 0.147515 0.00105286
2 0.385844 0.885093 0.0779484 0.0807454 0.00104809
2 0.326734 0.567547 0.284512 0.296584 0.898438
2 0.917192 0.617236 0.101333 0.287267 0.710449
1 0.917192 0.608696 0.122119 0.279503 0.0161591
0 0.829501 0.436335 0.0610596 0.131988 0.0156708
2 0.83015 0.438665 0.0701535 0.151397 0.0103302
0 0.835347 0.44177 0.0675553 0.158385 0.00669098
0 0.911996 0.610637 0.12082 0.277174 0.00619125
2 0.193572 0.237966 0.0474186 0.0636646 0.00572968
2 0.182529 0.189441 0.0402733 0.0504658 0.00468063
1 0.909398 0.127329 0.0857432 0.140528 0.00400543
1 0.83015 0.438665 0.0701535 0.151397 0.00379562
2 0.909398 0.127329 0.0857432 0.140528 0.00265312
2 0.17311 0.546972 0.0747005 0.111801 0.00217438
0 0.913945 0.129076 0.0844441 0.135093 0.00188255
2 0.930834 0.671584 0.107829 0.23913 0.00179577
2 0.929366 0.618789 0.141269 0.290373 0.00177479
2 0.900953 0.612578 0.115623 0.251553 0.00146103
0 0.865227 0.500776 0.0714527 0.18323 0.00126934
1 0.595656 0.987189 0.511861 0.0256212 0.00126457
2 0.222478 0.241848 0.046769 0.0656056 0.0011158
1 0.940577 0.975155 0.0415724 0.0341615 0.00109005
2 0.865227 0.500776 0.0714527 0.18323 0.00106049
2 0.397537 0.905279 0.0441707 0.0527951 0.00103188
2 0.324135 0.561724 0.279965 0.303571 0.895508
2 0.914594 0.611025 0.116923 0.290373 0.71875
2 0.191298 0.23913 0.0610596 0.0807453 0.00941467
2 0.18464 0.219915 0.0607348 0.107531 0.00426483
0 0.913295 0.616848 0.109128 0.275621 0.00365067
2 0.828851 0.430901 0.0727518 0.153727 0.00257111
0 0.828851 0.430901 0.0727518 0.153727 0.00202751
2 0.319588 0.184783 0.0675552 0.129658 0.00134087
2 0.322836 0.231755 0.0623587 0.0698758 0.00117874
2 0.313093 0.179396 0.0870424 0.148195 0.00112438
2 0.0974761 0.69177 0.0603288 0.113354 0.00104046
2 0.3299 0.560947 0.287272 0.284938 0.872559
2 0.915893 0.625 0.110427 0.268634 0.749023
2 0.190324 0.240295 0.0519656 0.0613354 0.024704
2 0.181555 0.193323 0.0480682 0.0590062 0.018692
0 0.917192 0.627329 0.100034 0.251553 0.0113297
0 0.826902 0.432453 0.0623587 0.136646 0.00664139
2 0.828201 0.434783 0.0701535 0.147516 0.00609589
1 0.917192 0.627329 0.100034 0.251553 0.00577545
2 0.149401 0.181677 0.0441707 0.0376553 0.00534439
2 0.0967859 0.709627 0.0568374 0.0776398 0.00259018
1 0.331849 0.564441 0.282076 0.291925 0.00234222
0 0.331849 0.564441 0.282076 0.291925 0.00228691
2 0.394289 0.88354 0.0701535 0.0962733 0.00228691
0 0.832748 0.439441 0.0701535 0.167702 0.00188923
2 0.265593 0.354425 0.0482305 0.0978261 0.00162315
2 0.382597 0.902174 0.0747005 0.0652175 0.00157356
0 0.0993436 0.840062 0.0546451 0.0807453 0.00136662
2 0.213384 0.243983 0.069504 0.0698758 0.00117874
1 0.828201 0.434783 0.0701535 0.147516 0.0011692
0 0.190324 0.240295 0.0519656 0.0613354 0.00108147
2 0.233196 0.27038 0.0448203 0.0788043 0.00102425
2 0.111401 0.182065 0.0363759 0.0395963 0.00100422
2 0.323161 0.566382 0.291007 0.309783 0.82666
2 0.92109 0.632376 0.109128 0.260093 0.633301
2 0.190486 0.200311 0.0578117 0.0885093 0.00344276
2 0.201042 0.242624 0.064957 0.0749224 0.0024147
0 0.922389 0.625388 0.114324 0.260093 0.00130463
2 0.934081 0.655668 0.109128 0.267857 0.00112915
2 0.101982 0.833851 0.0461195 0.0559006 0.00106907
2 0.935212 0.625388 0.129577 0.289596 0.00102425
2 0.324217 0.565994 0.28305 0.307453 0.833496
2 0.914594 0.619565 0.111726 0.276397 0.624512
2 0.913945 0.126504 0.0857432 0.142954 0.00322342
0 0.829501 0.430124 0.0675552 0.141304 0.00268364
2 0.198768 0.24146 0.0708031 0.100155 0.00231361
2 0.1887 0.212733 0.0672305 0.13354 0.00192642
0 0.913295 0.618789 0.106529 0.276397 0.00173378
2 0.829501 0.430124 0.0675552 0.141304 0.00150681
2 0.931314 0.618789 0.137371 0.305901 0.00122547
2 0.32446 0.569488 0.278665 0.300466 0.848145
2 0.916543 0.627717 0.100034 0.253882 0.631836
0 0.83015 0.425466 0.0649569 0.125776 0.00602722
1 0.914594 0.631211 0.103931 0.268633 0.00345612
2 0.83015 0.425466 0.0649569 0.125776 0.00291252
2 0.0974355 0.836957 0.0545639 0.0745341 0.00245285
0 0.0974355 0.836957 0.0545639 0.0745341 0.00206757
2 0.184965 0.19837 0.06041 0.0885093 0.00195694
1 0.83015 0.425466 0.0649569 0.125776 0.0018034
0 0.914594 0.62073 0.116923 0.256988 0.00161076
2 0.197144 0.244953 0.0643074 0.0745341 0.00160408
2 0.915893 0.127766 0.0805467 0.131891 0.00135612
2 0.933588 0.618012 0.132824 0.27795 0.0011692
0 0.100683 0.850932 0.0568374 0.114907 0.00102043
2 0.328358 0.568323 0.287759 0.299689 0.890137
2 0.918492 0.621118 0.111726 0.262422 0.713867
2 0.186102 0.197593 0.0565126 0.0935559 0.00261116
0 0.10247 0.833851 0.0617091 0.0776397 0.00260162
2 0.197469 0.244177 0.0643074 0.0768634 0.00213242
2 0.10247 0.833851 0.0617091 0.0776397 0.00155449
0 0.83015 0.430512 0.0675553 0.128106 0.00152493
2 0.933588 0.619565 0.132824 0.290373 0.00136185
2 0.327708 0.569099 0.283862 0.299689 0.864258
2 0.918492 0.624224 0.0974355 0.263975 0.679199
0 0.100683 0.834627 0.0568374 0.0760869 0.00143814
2 0.933913 0.622283 0.132175 0.288043 0.00141048
2 0.185127 0.207298 0.0688544 0.117236 0.00116539
2 0.100683 0.834627 0.0568374 0.0760869 0.00104809
2 0.327708 0.569099 0.283862 0.299689 0.865234
2 0.918492 0.624224 0.0974355 0.263975 0.679199
0 0.100683 0.834627 0.0568374 0.0760869 0.00143242
2 0.933913 0.622283 0.132175 0.288043 0.00142097
2 0.185127 0.207298 0.0688544 0.116848 0.00116062
2 0.100683 0.834627 0.0568374 0.0760869 0.00104427
