1 0.784505 0.658854 0.322917 0.256944 0.700195
1 0.751302 0.665799 0.255208 0.220486 0.0596619
2 0.774089 0.666667 0.313802 0.220486 0.0579224
2 0.78776 0.462674 0.0963542 0.0972222 0.0470886
1 0.945312 0.624132 0.0585938 0.263889 0.0325928
0 0.783854 0.664931 0.328125 0.248264 0.026062
1 0.947266 0.610243 0.0638021 0.348958 0.0214539
1 0.141602 0.0799154 0.0742188 0.0537109 0.0193481
1 0.129232 0.0794271 0.078125 0.0633681 0.0166626
1 0.653646 0.680556 0.0885416 0.255208 0.0147324
1 0.958984 0.61849 0.0820312 0.306424 0.0129242
2 0.141602 0.0799154 0.0742188 0.0537109 0.00763702
0 0.78776 0.462674 0.0963542 0.0972222 0.00725937
1 0.78776 0.462674 0.0963542 0.0972222 0.00656509
1 0.61849 0.668403 0.0638021 0.222222 0.00577545
1 0.682943 0.667969 0.136719 0.226563 0.00540543
1 0.766927 0.548611 0.0807291 0.248264 0.00475693
0 0.141602 0.0799154 0.0742188 0.0537109 0.00443268
2 0.5 0.5 1 1 0.00391388
1 0.89974 0.623264 0.101562 0.251736 0.00388527
0 0.850911 0.456489 0.298177 0.382161 0.00342941
2 0.5 0.5 1 1 0.00342941
2 0.667318 0.586806 0.665365 0.826389 0.00340271
1 0.472656 0.43533 0.945312 0.482639 0.00338936
0 0.5 0.364149 1 0.728299 0.00331116
0 0.84375 0.628472 0.3125 0.211806 0.00327301
1 0.5 0.572917 1 0.854167 0.00327301
1 0.855469 0.650608 0.174479 0.216146 0.00324821
2 0.5 0.5 1 1 0.00316048
0 0.667318 0.586806 0.665365 0.826389 0.00316048
2 0.84375 0.628472 0.3125 0.211806 0.00314713
0 0.5 0.5 1 1 0.00312424
2 0.5 0.572917 1 0.854167 0.00307465
2 0.5 0.364149 1 0.728299 0.00304031
1 0.5 0.440104 1 0.880208 0.00293541
1 0.850911 0.456489 0.298177 0.382161 0.00284576
2 0.5 0.440104 1 0.880208 0.00283432
2 0.790365 0.469618 0.289062 0.144097 0.00279999
1 0.5 0.5 1 1 0.00277901
0 0.5 0.572917 1 0.854167 0.00277901
1 0.548828 0.668403 0.199219 0.237847 0.00276756
0 0.5 0.447049 1 0.894097 0.00274658
0 0.5 0.440104 1 0.880208 0.0027256
1 0.770833 0.554688 0.330729 0.482639 0.00271416
2 0.5 0.5 1 1 0.00265312
1 0.667318 0.586806 0.665365 0.826389 0.00265312
2 0.472656 0.43533 0.945312 0.482639 0.00264168
0 0.472656 0.43533 0.945312 0.482639 0.0026207
0 0.5 0.5 1 1 0.0026207
2 0.5 0.447049 1 0.894097 0.00261116
1 0.775391 0.667969 0.308594 0.273438 0.933594
2 0.778646 0.664063 0.320312 0.244792 0.172729
0 0.778646 0.664063 0.320312 0.244792 0.0307922
1 0.781901 0.582899 0.355469 0.431424 0.00530243
2 0.49056 0.5 0.98112 1 0.00143242
0 0.49056 0.5 0.98112 1 0.0014267
1 0.877279 0.584635 0.245443 0.351563 0.00142097
2 0.785807 0.469618 0.0833333 0.0833333 0.00140476
1 0.49056 0.5 0.98112 1 0.00139427
0 0.781901 0.582899 0.355469 0.431424 0.00137806
0 0.448568 0.5 0.897135 1 0.0012846
2 0.465495 0.5 0.93099 1 0.00123024
1 0.813802 0.513129 0.372396 0.598741 0.00122547
2 0.5 0.701606 1 0.596788 0.00122547
2 0.694661 0.778646 0.610677 0.442708 0.0012207
2 0.530599 0.790799 0.938802 0.418403 0.00119686
0 0.615072 0.500434 0.769857 0.677951 0.00118828
2 0.448568 0.5 0.897135 1 0.00118828
1 0.916992 0.516493 0.166016 0.444444 0.00117874
2 0.877279 0.584635 0.245443 0.351563 0.00112438
1 0.5 0.701606 1 0.596788 0.00112438
0 0.467448 0.5 0.934896 1 0.00111198
1 0.467448 0.5 0.934896 1 0.00110722
1 0.694661 0.778646 0.610677 0.442708 0.00109863
2 0.5 0.407986 1 0.815972 0.00109005
0 0.537923 0.212457 0.924154 0.424913 0.00108624
0 0.714193 0.513455 0.421875 0.568576 0.00108147
2 0.5 0.267795 1 0.53559 0.00108147
0 0.694661 0.778646 0.610677 0.442708 0.00108147
1 0.448568 0.5 0.897135 1 0.00107288
1 0.530599 0.790799 0.938802 0.418403 0.00103664
0 0.5 0.407986 1 0.815972 0.00102806
0 0.5 0.267795 1 0.53559 0.00101662
1 0.779948 0.648003 0.315104 0.217882 0.537109
1 0.971354 0.706597 0.0572917 0.0920139 0.0422363
1 0.741536 0.680556 0.230469 0.166667 0.0237732
1 0.954427 0.677083 0.0625 0.151042 0.0214539
1 0.959635 0.658854 0.0807292 0.201389 0.0161591
1 0.791667 0.471354 0.0963542 0.0868056 0.0135345
1 0.944661 0.655382 0.0533854 0.197917 0.0112457
1 0.142578 0.0761719 0.0579427 0.0616319 0.00775528
2 0.773438 0.649306 0.296875 0.213542 0.00763702
0 0.773438 0.649306 0.296875 0.213542 0.00679779
1 0.761719 0.765408 0.330729 0.469184 0.00446701
1 0.958659 0.646701 0.0826823 0.256944 0.00436401
1 0.720052 0.707465 0.174479 0.118056 0.00432968
2 0.791667 0.471354 0.0963542 0.0868056 0.00367928
1 0.96224 0.700955 0.0755209 0.124132 0.00362206
1 0.77474 0.757379 0.322917 0.485243 0.00355148
1 0.953125 0.63151 0.0677083 0.247396 0.00319672
1 0.961589 0.485243 0.076823 0.0729167 0.00273705
1 0.940755 0.475694 0.0520834 0.0677083 0.0027256
0 0.155599 0.467448 0.311198 0.469618 0.00266266
1 0.120117 0.0833333 0.0566406 0.0694444 0.00257111
1 0.954427 0.559896 0.0911459 0.449653 0.00253105
0 0.791667 0.471354 0.0963542 0.0868056 0.00252151
1 0.714844 0.657118 0.188802 0.217014 0.0024929
1 0.960938 0.519097 0.078125 0.126736 0.00194931
1 0.949219 0.510851 0.0585938 0.078993 0.00174141
2 0.155599 0.467448 0.311198 0.469618 0.00168705
1 0.908854 0.336372 0.0546875 0.0963542 0.00162888
1 0.576497 0.631076 0.120443 0.196181 0.0015974
1 0.694661 0.598958 0.143229 0.105903 0.00142097
1 0.155599 0.467448 0.311198 0.469618 0.00133514
1 0.210938 0.0900608 0.179036 0.0954861 0.00129414
1 0.547526 0.647569 0.1875 0.217014 0.00128937
2 0.77474 0.757379 0.322917 0.485243 0.00123024
1 0.686198 0.714844 0.125 0.134549 0.00120163
0 0.77474 0.757379 0.322917 0.485243 0.00116062
1 0.811198 0.460069 0.151042 0.123264 0.00114727
1 0.566406 0.479167 0.0638021 0.0590278 0.00110722
0 0.811198 0.460069 0.151042 0.123264 0.00107765
1 0.77474 0.130859 0.0546875 0.0655382 0.00106049
1 0.942708 0.416667 0.0755209 0.106771 0.00101662
1 0.0473633 0.107856 0.0947266 0.215712 0.00101185
1 0.777344 0.662326 0.322917 0.230903 0.834473
1 0.955729 0.68316 0.0885417 0.154514 0.331055
1 0.139648 0.0876736 0.063151 0.0425347 0.291016
1 0.953776 0.639323 0.092448 0.242188 0.137573
1 0.112956 0.0887587 0.0403646 0.0442708 0.0869141
1 0.279948 0.0885417 0.0416667 0.0772569 0.0548096
1 0.794271 0.470052 0.0820312 0.0772569 0.024231
1 0.548177 0.645833 0.192708 0.208333 0.0200195
1 0.934896 0.53776 0.046875 0.09375 0.016098
1 0.929688 0.479167 0.0390625 0.0555556 0.0130692
1 0.0391439 0.0914714 0.0782878 0.182943 0.0126266
2 0.792318 0.470486 0.0872396 0.078125 0.0106506
1 0.0130615 0.109809 0.026123 0.219618 0.0104065
1 0.57487 0.638021 0.132812 0.194444 0.00985718
1 0.0409342 0.105252 0.0750326 0.134983 0.00790405
1 0.554036 0.632813 0.154948 0.265625 0.00720596
1 0.954427 0.645399 0.0911459 0.247396 0.00712204
1 0.0328776 0.107313 0.0657552 0.214627 0.0068512
0 0.794271 0.470052 0.0820312 0.0772569 0.00679779
1 0.889974 0.862847 0.0351562 0.0590277 0.00669098
1 0.00366211 0.927951 0.00732422 0.144097 0.00664139
0 0.893229 0.338542 0.0364583 0.0850694 0.00658798
1 0.274007 0.1352 0.0743815 0.136285 0.00653839
1 0.669271 0.672743 0.106771 0.230903 0.0064621
1 0.017334 0.0946181 0.034668 0.189236 0.00568771
1 0.95638 0.672743 0.0872396 0.182292 0.00566483
1 0.0879313 0.104818 0.143799 0.209635 0.00551224
1 0.00227865 0.865451 0.00455729 0.269097 0.00496292
1 0.958008 0.488281 0.0839844 0.0772569 0.00436401
1 0.649089 0.658854 0.0677083 0.237847 0.00416565
1 0.68099 0.850694 0.0442709 0.0798611 0.00390053
1 0.75 0.865451 0.130208 0.105903 0.00382423
2 0.893229 0.338542 0.0364583 0.0850694 0.00332451
2 0.771484 0.65625 0.316406 0.220486 0.00327301
1 0.778646 0.863715 0.166667 0.0833333 0.00305176
1 0.616048 0.643229 0.283529 0.291667 0.00299263
1 0.0400798 0.0961372 0.0801595 0.192274 0.00296974
1 0.595703 0.525174 0.105469 0.0729166 0.00287819
1 0.467773 0.177083 0.146484 0.253472 0.00273705
1 0.0512695 0.102485 0.0677083 0.106662 0.00271416
1 0.173991 0.0833333 0.0445964 0.0434028 0.00269318
1 0.0012207 0.782118 0.00244141 0.352431 0.00252151
0 0.804688 0.460938 0.0989583 0.103299 0.00250244
1 0.591797 0.684028 0.123698 0.319444 0.0024929
1 0.000813802 0.442708 0.0016276 0.282118 0.00248146
1 0.893229 0.338542 0.0364583 0.0850694 0.00245285
1 0.293294 0.0974392 0.0572917 0.0911458 0.00222588
1 0.029541 0.0713976 0.059082 0.142795 0.00213242
1 0.0421549 0.102648 0.0843099 0.205295 0.00208282
2 0.804688 0.460938 0.0989583 0.103299 0.00206757
1 0.777344 0.661024 0.316406 0.238715 0.770508
1 0.139811 0.0846354 0.0621745 0.0494792 0.262939
1 0.114421 0.0857205 0.0266927 0.0425347 0.0594177
1 0.278646 0.0887587 0.0325521 0.0533854 0.0253754
1 0.958333 0.690972 0.0833334 0.133681 0.0138474
1 0.130208 0.102431 0.0605469 0.0642361 0.00682449
1 0.789714 0.461806 0.0833333 0.0859375 0.00526047
1 0.94987 0.664497 0.0729167 0.174479 0.00479126
0 0.789714 0.461806 0.0833333 0.0859375 0.0045929
1 0.957031 0.638889 0.0859375 0.248264 0.00453949
2 0.278646 0.0887587 0.0325521 0.0533854 0.00416565
1 0.940755 0.532552 0.046875 0.101563 0.00366402
1 0.932292 0.486545 0.0390625 0.0616319 0.00335121
1 0.55599 0.655382 0.174479 0.243056 0.00279999
1 0.400065 0.655382 0.513672 0.302083 0.00275803
0 0.783203 0.656684 0.309896 0.21441 0.00271416
2 0.783203 0.656684 0.309896 0.21441 0.00234222
1 0.571615 0.643229 0.135417 0.215278 0.00226974
1 0.518229 0.529948 0.0403646 0.0494792 0.00194168
2 0.961589 0.703993 0.076823 0.118056 0.0018034
1 0.957031 0.62717 0.0859375 0.297743 0.00176811
1 0.946615 0.627604 0.0598959 0.258681 0.00172043
0 0.792969 0.459201 0.104167 0.102431 0.0014782
2 0.130208 0.102431 0.0605469 0.0642361 0.00139427
1 0.495443 0.648003 0.311198 0.238715 0.00135612
1 0.369873 0.734375 0.557129 0.447917 0.00127888
1 0.897135 0.862847 0.0286458 0.0486111 0.0012598
1 0.957031 0.615885 0.0859375 0.33941 0.00125504
1 0.6875 0.850694 0.0286458 0.0555555 0.00116062
1 0.367757 0.568576 0.557454 0.526042 0.00116062
1 0.155599 0.0846354 0.0742188 0.0481771 0.00113392
2 0.789714 0.461806 0.0833333 0.0859375 0.00110722
1 0.766276 0.655816 0.316406 0.247396 0.868164
1 0.140299 0.0820313 0.0530599 0.0390625 0.113159
1 0.11263 0.0859375 0.0286458 0.0329861 0.028656
2 0.246419 0.592122 0.492839 0.671658 0.012825
2 0.220378 0.648872 0.440755 0.702257 0.00955963
1 0.236491 0.0881076 0.119466 0.0633681 0.00878143
1 0.933594 0.516059 0.0325521 0.0668403 0.0068512
0 0.761719 0.467014 0.145833 0.119792 0.00498199
0 0.766927 0.665365 0.322917 0.252604 0.00316048
2 0.184245 0.686198 0.36849 0.627604 0.00316048
1 0.163737 0.078125 0.0677083 0.0451389 0.00269318
2 0.213867 0.597656 0.427734 0.804688 0.00257111
1 0.963542 0.699219 0.0690105 0.105035 0.00248146
1 0.766927 0.465278 0.127604 0.0989583 0.00217438
0 0.733073 0.467882 0.216146 0.123264 0.00214958
2 0.354492 0.578017 0.708984 0.666884 0.00209999
2 0.288411 0.53342 0.576823 0.632813 0.00201988
1 0.780599 0.469618 0.0950521 0.0902778 0.00192642
0 0.780599 0.469618 0.0950521 0.0902778 0.00191212
1 0.753906 0.846354 0.125 0.09375 0.00185299
1 0.954427 0.661458 0.0911459 0.251736 0.00162315
0 0.246908 0.645833 0.493815 0.708333 0.00153637
0 0.285319 0.592448 0.570638 0.697049 0.00150108
0 0.193359 0.671441 0.386719 0.657118 0.00123978
1 0.777344 0.848958 0.205729 0.107639 0.00119686
1 0.64388 0.520833 0.0507812 0.0451389 0.0011692
1 0.224284 0.089464 0.246094 0.0754123 0.00109005
1 0.140299 0.0820313 0.0644531 0.0542535 0.620605
1 0.785807 0.657118 0.309896 0.28125 0.610352
1 0.535156 0.640625 0.220052 0.229167 0.24585
1 0.125651 0.0844184 0.0520833 0.0525174 0.19812
1 0.56901 0.642361 0.147135 0.223958 0.0974121
0 0.776042 0.646701 0.325521 0.260417 0.0634766
1 0.133138 0.0950521 0.0520833 0.0564236 0.0453491
1 0.281901 0.0852865 0.0377604 0.0633681 0.0262604
1 0.496745 0.649306 0.303385 0.236111 0.0133286
1 0.593913 0.642361 0.0934245 0.204861 0.0129242
1 0.936198 0.548611 0.0416667 0.138889 0.0125275
1 0.959635 0.705729 0.0807292 0.100694 0.0107346
1 0.72526 0.857639 0.0690105 0.0659723 0.00614548
1 0.95638 0.640191 0.0872396 0.252604 0.00551224
0 0.78776 0.460938 0.0989583 0.112847 0.00511932
1 0.69401 0.850694 0.0273438 0.0590278 0.0050621
1 0.935547 0.625 0.0481771 0.265625 0.00457382
1 0.590983 0.650174 0.135742 0.255208 0.00450516
0 0.535156 0.640625 0.220052 0.229167 0.00426483
1 0.934245 0.482205 0.0429688 0.063368 0.00328636
0 0.281901 0.0852865 0.0377604 0.0633681 0.0026207
1 0.894531 0.864583 0.0260417 0.0486111 0.00235939
0 0.00439453 0.53201 0.00878906 0.647786 0.00192642
0 0.00683594 0.823785 0.0136719 0.352431 0.00178909
1 0.0496419 0.104601 0.054362 0.0763889 0.0017004
1 0.753255 0.477431 0.21875 0.193576 0.00168133
1 0.520182 0.529514 0.0442708 0.0538194 0.00157356
1 0.531901 0.608507 0.226562 0.152778 0.00151253
2 0.281901 0.0852865 0.0377604 0.0633681 0.00148964
0 0.894531 0.348524 0.0338542 0.104167 0.00134087
1 0.903646 0.461372 0.0598959 0.102431 0.00133514
1 0.151042 0.0766059 0.0787761 0.0542535 0.00132465
1 0.367187 0.115017 0.279948 0.16059 0.00130463
0 0.367187 0.115017 0.279948 0.16059 0.0012846
0 0.496745 0.649306 0.303385 0.236111 0.00127888
1 0.826823 0.811632 0.346354 0.376736 0.00123501
1 0.0511068 0.126085 0.046875 0.0577257 0.0011158
0 0.00789388 0.39974 0.0157878 0.638021 0.00109863
1 0.786458 0.809896 0.278646 0.199653 0.00104427
1 0.607422 0.307292 0.0364584 0.0329861 0.00104046
1 0.29362 0.0922309 0.0559896 0.0711806 0.00102425
0 0.0045166 0.651476 0.0090332 0.632813 0.00102043
1 0.776042 0.664931 0.315104 0.253472 0.908203
1 0.140137 0.0802951 0.0634766 0.0477431 0.563965
1 0.121094 0.0835503 0.0413412 0.0455729 0.0486755
1 0.131185 0.0920139 0.0436198 0.0685764 0.00651169
0 0.778646 0.663628 0.317708 0.242188 0.00619125
1 0.971354 0.707899 0.0572917 0.118924 0.00559998
1 0.797526 0.461806 0.119792 0.105903 0.00486755
0 0.791667 0.461806 0.114583 0.104167 0.00416565
1 0.938802 0.546441 0.0390625 0.150174 0.0041008
2 0.797526 0.461806 0.119792 0.105903 0.00402451
2 0.971354 0.707899 0.0572917 0.118924 0.0037365
2 0.778646 0.663628 0.317708 0.242188 0.00282288
1 0.280273 0.0894097 0.0462239 0.0668403 0.00228691
1 0.957031 0.648872 0.0859375 0.257812 0.00221634
1 0.155924 0.0802951 0.0826823 0.0451389 0.00182438
1 0.517578 0.528646 0.0416667 0.0625 0.0017004
1 0.0568034 0.121094 0.0546875 0.0685764 0.00165462
0 0.813151 0.458333 0.143229 0.125 0.00137806
1 0.9375 0.46875 0.046875 0.0798611 0.00128937
1 0.959635 0.635417 0.0807292 0.3125 0.00119209
1 0.934896 0.638021 0.0442709 0.309028 0.0011425
2 0.904948 0.336806 0.0520833 0.109375 0.00109863
1 0.56901 0.658854 0.147135 0.248264 0.00108624
1 0.782552 0.66276 0.308594 0.249132 0.792969
1 0.139648 0.0833333 0.0647786 0.0407986 0.0970459
2 0.778646 0.664931 0.296875 0.239583 0.0227203
1 0.119141 0.0842014 0.0436198 0.0425347 0.0197144
1 0.890625 0.862847 0.0338542 0.0555556 0.00342941
1 0.94401 0.600694 0.0572917 0.28125 0.00228691
1 0.517253 0.528646 0.0423177 0.0572917 0.00178242
0 0.78125 0.665365 0.3125 0.242188 0.00149536
1 0.958008 0.652344 0.0839844 0.247396 0.00138855
1 0.691406 0.654514 0.148438 0.244792 0.00134563
1 0.958333 0.676215 0.0833334 0.184028 0.0012846
1 0.191569 0.0846354 0.167643 0.0494792 0.00122547
1 0.95931 0.630208 0.0813803 0.310764 0.00122547
0 0.791667 0.46224 0.130208 0.0980903 0.0012207
1 0.796875 0.46441 0.135417 0.100694 0.00103664
1 0.776042 0.658854 0.3125 0.243056 0.773438
1 0.141927 0.0811632 0.0638021 0.0399306 0.319092
0 0.794271 0.460938 0.111979 0.100694 0.0272675
1 0.120931 0.0837674 0.0413412 0.0399306 0.026062
2 0.90625 0.331597 0.046875 0.0789931 0.0111618
2 0.927083 0.322917 0.0703125 0.0763889 0.00948334
1 0.936849 0.519965 0.0260416 0.0572916 0.00614548
1 0.933594 0.482639 0.0286458 0.0460069 0.00582123
2 0.778646 0.661024 0.3125 0.243924 0.00564194
1 0.802083 0.46224 0.135417 0.102431 0.00482941
0 0.900391 0.333767 0.0390625 0.0798611 0.00382423
1 0.892578 0.862847 0.0247396 0.0416667 0.00349617
2 0.945312 0.330729 0.0755208 0.0789931 0.00215721
2 0.959635 0.310764 0.0677083 0.0607639 0.00213242
2 0.796875 0.458333 0.104167 0.102431 0.00185299
1 0.275065 0.0846354 0.0371094 0.0525174 0.00176811
1 0.89388 0.467448 0.0664062 0.0642361 0.00172043
0 0.777344 0.657118 0.315104 0.234375 0.00149536
0 0.796875 0.46224 0.15625 0.128472 0.00146103
0 0.927083 0.322917 0.0703125 0.0763889 0.00145531
1 0.170898 0.0770399 0.0598958 0.0403646 0.00137806
2 0.924479 0.335503 0.0807292 0.0946181 0.00134563
1 0.753255 0.850694 0.119792 0.0729167 0.00131512
1 0.76888 0.853299 0.0950521 0.0677083 0.00117397
1 0.78125 0.855903 0.0898438 0.0590278 0.00115585
1 0.796875 0.46224 0.15625 0.128472 0.00107765
1 0.966146 0.704427 0.0651041 0.106771 0.00101185
1 0.78125 0.65625 0.309896 0.237847 0.813965
1 0.143066 0.0837674 0.0582682 0.0416667 0.256836
0 0.794271 0.464844 0.104167 0.117188 0.174438
1 0.115885 0.0850694 0.031901 0.0407986 0.0360718
1 0.617839 0.65191 0.0494792 0.177083 0.0188293
0 0.896484 0.345595 0.0429688 0.140408 0.018692
1 0.963542 0.697917 0.0729167 0.140625 0.0172424
0 0.903646 0.374891 0.0494791 0.210286 0.0123825
0 0.8125 0.453993 0.119792 0.118056 0.0119629
0 0.782552 0.658854 0.315104 0.237847 0.0112457
1 0.520182 0.52691 0.0364583 0.0538194 0.0086441
1 0.908854 0.432292 0.0494792 0.161458 0.0051384
0 0.878906 0.227648 0.0533854 0.171441 0.00450516
1 0.127604 0.093316 0.0358073 0.0677083 0.00382423
1 0.957682 0.655382 0.0846355 0.234375 0.00367928
1 0.78125 0.854167 0.0638021 0.0625 0.00342941
1 0.934896 0.519097 0.0338541 0.116319 0.00335121
1 0.903646 0.374891 0.0494791 0.210286 0.00321007
2 0.782552 0.658854 0.315104 0.237847 0.00276756
1 0.893229 0.861111 0.0273438 0.0590278 0.00251198
1 0.280273 0.0920139 0.0338542 0.0581597 0.00208282
1 0.929036 0.470052 0.0455729 0.117188 0.00206757
1 0.614583 0.674479 0.0572917 0.234375 0.00201035
1 0.614583 0.538194 0.0533854 0.0546875 0.00186062
1 0.739583 0.854167 0.0690104 0.0659722 0.00179577
1 0.801432 0.854167 0.0429687 0.0590278 0.00176811
0 0.872396 0.231554 0.0520834 0.143663 0.00173378
1 0.652344 0.676215 0.0833334 0.241319 0.00162315
1 0.869792 0.859375 0.0533854 0.0642361 0.00148392
1 0.80013 0.453559 0.0989584 0.106771 0.00144386
1 0.14681 0.0564236 0.0716146 0.0989583 0.00131989
1 0.627604 0.668837 0.046875 0.210938 0.00123501
0 0.863281 0.354058 0.0703125 0.152995 0.0012064
2 0.80013 0.453559 0.0989584 0.106771 0.00120163
0 0.908854 0.432292 0.0494792 0.161458 0.00117874
1 0.692708 0.848958 0.0286458 0.0694445 0.00116539
1 0.803385 0.468316 0.117187 0.12066 0.0011425
1 0.935547 0.627604 0.0390625 0.289931 0.00109005
1 0.896484 0.345595 0.0429688 0.140408 0.00103188
1 0.779948 0.66059 0.3125 0.234375 0.818848
2 0.782552 0.662326 0.316406 0.241319 0.0462036
0 0.782552 0.662326 0.316406 0.241319 0.0261536
1 0.139811 0.0889757 0.0651042 0.0460069 0.0184784
0 0.799479 0.459201 0.0859375 0.100694 0.0157776
1 0.114746 0.0870226 0.0341797 0.0429688 0.0147858
1 0.724609 0.663194 0.207031 0.239583 0.00723267
1 0.958984 0.66059 0.0820312 0.232639 0.00452042
1 0.96224 0.693576 0.0755209 0.163194 0.0026722
1 0.51888 0.52908 0.0351562 0.0555555 0.00209999
2 0.899089 0.335069 0.0364583 0.0989583 0.0020504
2 0.883464 0.340712 0.0390625 0.0746528 0.00186729
2 0.803385 0.456163 0.0833333 0.0972222 0.00173378
0 0.824219 0.451389 0.0963541 0.104167 0.00168705
0 0.899089 0.335069 0.0364583 0.0989583 0.0015974
1 0.942708 0.517361 0.0364584 0.0902778 0.00151253
1 0.94401 0.644965 0.046875 0.276042 0.00131989
0 0.903646 0.380208 0.0364584 0.182292 0.00129986
1 0.779948 0.658854 0.3125 0.25 0.794434
1 0.142253 0.0848524 0.0611979 0.0421007 0.0524292
2 0.779948 0.65625 0.315104 0.244792 0.00679779
0 0.795573 0.460503 0.102865 0.104167 0.00510025
1 0.934896 0.515625 0.0260416 0.0729167 0.00460815
0 0.777344 0.654514 0.320312 0.25 0.00457382
1 0.11849 0.0868056 0.0364583 0.0390625 0.00340271
1 0.750651 0.854167 0.110677 0.0729167 0.00193405
1 0.889974 0.862847 0.0299479 0.0555556 0.00157928
1 0.934245 0.485677 0.03125 0.0668403 0.0014782
1 0.614583 0.652778 0.0442709 0.192708 0.00137806
1 0.520833 0.525174 0.0299479 0.0434028 0.00134087
1 0.769531 0.855903 0.0989583 0.0763889 0.00127411
0 0.809896 0.453559 0.119792 0.104167 0.00119686
1 0.95638 0.66059 0.0820312 0.220486 0.00116062
1 0.779297 0.652778 0.3125 0.251736 0.844727
1 0.139811 0.0837674 0.055013 0.0381944 0.0682983
1 0.112305 0.0837674 0.0286458 0.0338542 0.026062
2 0.779948 0.657118 0.315104 0.244792 0.00391388
0 0.782552 0.654514 0.315104 0.251736 0.00201988
1 0.9375 0.513889 0.0286458 0.0564236 0.00157356
1 0.78125 0.657986 0.309896 0.239583 0.816406
1 0.140951 0.0850694 0.0592448 0.0421007 0.119995
1 0.112305 0.0855035 0.03125 0.0373264 0.0309143
0 0.783854 0.656684 0.315104 0.240451 0.00216484
1 0.964193 0.689236 0.0716146 0.154514 0.0020504
1 0.933594 0.521701 0.03125 0.0677083 0.00154877
1 0.95638 0.667535 0.0846354 0.201389 0.00151253
1 0.617839 0.645833 0.0403646 0.150174 0.00144958
0 0.783854 0.465278 0.0859375 0.0902778 0.00139904
1 0.134115 0.103733 0.0507812 0.0442708 0.00123501
1 0.778646 0.65842 0.313802 0.238715 0.845703
1 0.141927 0.0885417 0.0592448 0.0407986 0.12085
1 0.112142 0.0863715 0.0257162 0.0355903 0.00955963
1 0.938151 0.532118 0.0325521 0.119792 0.00559998
1 0.957031 0.658854 0.0807292 0.217014 0.00475693
1 0.962891 0.681424 0.0742188 0.163194 0.00311089
1 0.939453 0.637153 0.0429688 0.28125 0.00226021
1 0.945312 0.65842 0.0585938 0.198785 0.00138855
1 0.200846 0.0990126 0.230469 0.0962457 0.00121593
0 0.779948 0.660156 0.317708 0.242188 0.00112438
1 0.773437 0.660156 0.317708 0.243924 0.779785
1 0.141439 0.0837674 0.0608724 0.0451389 0.0570679
1 0.112956 0.0828993 0.0279948 0.0399306 0.0113297
2 0.77474 0.659722 0.322917 0.243056 0.00239754
0 0.77474 0.659722 0.322917 0.243056 0.00225258
1 0.938802 0.519965 0.03125 0.0798611 0.0018177
1 0.776042 0.654948 0.317708 0.243924 0.818848
1 0.140625 0.0855035 0.0585938 0.0364583 0.042572
1 0.112956 0.0846354 0.0270182 0.03125 0.0217743
0 0.776693 0.658854 0.320312 0.243056 0.00259018
1 0.778646 0.658854 0.3125 0.234375 0.859863
1 0.142253 0.0824653 0.0585938 0.0364583 0.0202484
1 0.111979 0.0828993 0.0279948 0.0329861 0.00595856
0 0.779948 0.660156 0.317708 0.236979 0.00100803
1 0.778646 0.658854 0.3125 0.241319 0.84082
1 0.140951 0.0839844 0.0595703 0.0403646 0.0196381
1 0.11263 0.0844184 0.0292969 0.0360243 0.00717545
1 0.778646 0.659288 0.3125 0.240451 0.84082
1 0.140951 0.0839844 0.0598958 0.0403646 0.0199432
1 0.11263 0.0846354 0.0292969 0.0364583 0.00723267
