2 0.619524 0.732955 0.28073 0.184659 0.914062
2 0.137884 0.68608 0.172488 0.170455 0.774414
2 0.579676 0.745739 0.204285 0.210227 0.294922
2 0.700035 0.728693 0.163949 0.196023 0.136108
0 0.626518 0.734375 0.305777 0.198864 0.107422
2 0.731263 0.696733 0.215996 0.259943 0.0710449
0 0.137884 0.68608 0.172488 0.170455 0.0501404
2 0.158703 0.683239 0.225185 0.203125 0.0497742
2 0.718251 0.714489 0.174358 0.230114 0.0470886
2 0.787864 0.689631 0.0988897 0.232955 0.0467224
2 0.679216 0.710938 0.25373 0.242898 0.0453491
0 0.679216 0.710938 0.25373 0.242898 0.0187683
1 0.623265 0.742898 0.299271 0.215909 0.018692
0 0.158703 0.683239 0.225185 0.203125 0.0167236
2 0.792418 0.671875 0.0806731 0.203125 0.0136871
2 0.194526 0.681641 0.160045 0.187855 0.0120544
1 0.137884 0.68608 0.172488 0.170455 0.00993347
0 0.58488 0.738636 0.208189 0.18892 0.00945282
2 0.765094 0.674893 0.130118 0.252486 0.00793457
2 0.497701 0.746449 0.0702637 0.160511 0.00793457
2 0.485991 0.620739 0.579025 0.59517 0.00793457
2 0.320009 0.68679 0.370999 0.238636 0.00775528
2 0.632536 0.740767 0.311958 0.240057 0.00740433
2 0.492497 0.160156 0.126865 0.129972 0.00714874
2 0.299271 0.228072 0.072866 0.0964134 0.00595856
2 0.465904 0.68892 0.607488 0.397727 0.00575256
1 0.58488 0.738636 0.208189 0.18892 0.00518036
0 0.693529 0.732955 0.184767 0.190341 0.00416565
0 0.567314 0.766335 0.201683 0.25142 0.00407028
2 0.293985 0.706676 0.469889 0.299716 0.00405502
0 0.731263 0.696733 0.215996 0.259943 0.0037365
0 0.787864 0.689631 0.0988897 0.232955 0.00370789
1 0.5 0.5 1 1 0.00358009
0 0.5 0.473366 1 0.946733 0.00345612
0 0.299271 0.228072 0.072866 0.0964134 0.00342941
2 0.45216 0.399148 0.0813237 0.142045 0.00329781
2 0.508111 0.169034 0.153539 0.152699 0.00318527
2 0.5 0.5 1 1 0.00309944
2 0.5 0.5 1 1 0.00307465
0 0.320009 0.68679 0.370999 0.238636 0.00304031
0 0.709306 0.600852 0.460292 0.56108 0.00304031
2 0.709306 0.600852 0.460292 0.56108 0.00294685
2 0.5 0.5 1 1 0.00293541
0 0.5 0.5 1 1 0.00292397
2 0.5 0.473366 1 0.946733 0.00284576
2 0.5 0.443182 1 0.886364 0.00283432
2 0.684421 0.663352 0.351319 0.37358 0.00282288
0 0.5 0.5 1 1 0.00279999
0 0.607651 0.761364 0.261537 0.25 0.00277901
1 0.5 0.5 1 1 0.0027256
2 0.629771 0.740057 0.295368 0.1875 0.792969
2 0.139186 0.691761 0.168584 0.167614 0.381104
2 0.488268 0.159091 0.0748178 0.0809659 0.0182648
2 0.636927 0.705256 0.331801 0.308239 0.0181885
2 0.511364 0.151278 0.0494448 0.0767045 0.0158386
1 0.629771 0.740057 0.295368 0.1875 0.0155411
2 0.156304 0.693182 0.140853 0.144886 0.0155411
1 0.139186 0.691761 0.168584 0.167614 0.0116882
2 0.697432 0.702415 0.202984 0.191761 0.00978088
0 0.156426 0.681108 0.169885 0.167614 0.00717545
0 0.638879 0.741477 0.317488 0.208807 0.00568771
2 0.18737 0.696733 0.0930343 0.134943 0.00508118
2 0.478184 0.165128 0.0949862 0.0951705 0.00482941
0 0.636927 0.705256 0.331801 0.308239 0.00362206
1 0.511364 0.151278 0.0494448 0.0767045 0.00327301
2 0.493147 0.752841 0.0468425 0.122159 0.00226974
2 0.67271 0.726562 0.219899 0.144886 0.00224304
2 0.758588 0.713068 0.0676614 0.122159 0.00203514
2 0.544544 0.144531 0.072866 0.0738636 0.0019722
2 0.614807 0.669034 0.395559 0.326705 0.00193405
1 0.488268 0.159091 0.0748178 0.0809659 0.00186729
1 0.156304 0.693182 0.140853 0.144886 0.00185299
2 0.775503 0.671875 0.0780707 0.223011 0.00183105
1 0.636114 0.679155 0.377667 0.36044 0.00182438
2 0.447281 0.761364 0.138576 0.119318 0.00181007
2 0.366933 0.676314 0.348066 0.317827 0.00181007
2 0.522424 0.742898 0.079372 0.159091 0.00160408
2 0.689625 0.648438 0.240718 0.269886 0.00159168
2 0.5 0.731534 1 0.536932 0.0014782
1 0.415727 0.245384 0.305777 0.368608 0.00144958
1 0.586832 0.172053 0.303175 0.243963 0.00136662
2 0.508761 0.75071 0.0572519 0.134943 0.00135612
2 0.458666 0.5 0.917332 1 0.00135612
1 0.753079 0.29723 0.493841 0.59446 0.00135136
2 0.465172 0.440341 0.930344 0.880682 0.0012846
0 0.465172 0.440341 0.930344 0.880682 0.00127888
0 0.5 0.768288 1 0.463423 0.00125504
2 0.5 0.825284 1 0.349432 0.00124931
1 0.5 0.731534 1 0.536932 0.00124454
1 0.458666 0.5 0.917332 1 0.00121117
0 0.5 0.795455 1 0.409091 0.00120163
2 0.669153 0.830256 0.661693 0.339489 0.00119686
0 0.458666 0.5 0.917332 1 0.0011692
2 0.5 0.383523 1 0.767045 0.00115108
2 0.472328 0.5 0.944656 1 0.0011425
2 0.5 0.318182 1 0.636364 0.00113392
1 0.5 0.825284 1 0.349432 0.00113392
0 0.669153 0.830256 0.661693 0.339489 0.00112915
0 0.5 0.383523 1 0.767045 0.00112438
1 0.781217 0.924006 0.437565 0.151989 0.00112057
2 0.138413 0.677557 0.161346 0.167614 0.513672
2 0.629608 0.734375 0.29179 0.181818 0.314941
1 0.629608 0.734375 0.29179 0.181818 0.272705
2 0.570567 0.745739 0.169153 0.167614 0.0323486
2 0.538038 0.142045 0.0754685 0.087358 0.0204926
1 0.140161 0.6875 0.162078 0.176136 0.0188293
2 0.808033 0.628551 0.0468425 0.130682 0.0148392
2 0.802828 0.639205 0.0598542 0.144886 0.0121918
2 0.550399 0.752841 0.122311 0.147727 0.0118713
2 0.567965 0.13956 0.126214 0.102983 0.00989532
2 0.485991 0.15767 0.0702637 0.0802557 0.00871277
2 0.887405 0.605824 0.208189 0.196023 0.00746155
2 0.555604 0.163352 0.0884802 0.0625 0.00426483
1 0.553327 0.138139 0.0969379 0.100852 0.00388527
2 0.504532 0.741477 0.0611554 0.147727 0.00387001
0 0.629608 0.734375 0.29179 0.181818 0.00376511
1 0.588133 0.75 0.201683 0.153409 0.00366402
2 0.79372 0.68821 0.0728661 0.183239 0.00355148
2 0.89198 0.564986 0.216039 0.276278 0.00322342
1 0.527954 0.145241 0.0943355 0.0887784 0.00319672
1 0.550399 0.752841 0.122311 0.147727 0.00282288
2 0.79372 0.708807 0.0754684 0.130682 0.00251198
0 0.138616 0.690341 0.162566 0.164773 0.0024929
2 0.539664 0.704545 0.102143 0.134943 0.00217438
2 0.523074 0.734375 0.0936849 0.167614 0.00213242
2 0.644247 0.757102 0.309355 0.252841 0.00211525
1 0.555604 0.163352 0.0884802 0.0625 0.00202751
2 0.837309 0.589489 0.104094 0.230114 0.00191879
2 0.474931 0.153942 0.087179 0.09375 0.00161076
2 0.667505 0.730114 0.215996 0.166193 0.0015192
2 0.642132 0.705966 0.321391 0.392045 0.00148392
2 0.4964 0.754261 0.065059 0.127841 0.00138855
2 0.216646 0.6875 0.0429389 0.140625 0.00132465
2 0.626518 0.698153 0.310982 0.28267 0.0012598
2 0.610253 0.695312 0.249826 0.129261 0.00123501
2 0.856827 0.517401 0.128817 0.139205 0.00119686
2 0.616759 0.118075 0.221201 0.144886 0.00112438
1 0.556905 0.209162 0.0702637 0.0646307 0.00110722
2 0.631235 0.738636 0.306753 0.198864 0.759277
2 0.139267 0.684659 0.168421 0.181818 0.756348
2 0.486641 0.159446 0.0754684 0.0816761 0.113159
0 0.296994 0.23544 0.0566013 0.0901989 0.0881958
1 0.137437 0.681818 0.172081 0.193182 0.0477905
1 0.296994 0.23544 0.0566013 0.0901989 0.0363464
2 0.474931 0.163175 0.0858779 0.0827415 0.0340881
2 0.853574 0.509943 0.050746 0.0830966 0.029541
2 0.265441 0.341619 0.0416378 0.0355114 0.0281067
1 0.486641 0.159446 0.0754684 0.0816761 0.0258636
2 0.480786 0.187855 0.0754685 0.0724432 0.0247955
2 0.495099 0.149148 0.065059 0.0916193 0.0166626
1 0.635138 0.752841 0.306753 0.204545 0.0164032
2 0.34774 0.149148 0.039686 0.0461648 0.014389
1 0.554303 0.218928 0.0442401 0.0571733 0.0136337
1 0.265441 0.341619 0.0416378 0.0355114 0.0124283
1 0.293416 0.251065 0.0546495 0.0816761 0.0107803
2 0.505508 0.173828 0.0936849 0.113991 0.00878143
1 0.512665 0.188033 0.0663602 0.081321 0.0086441
1 0.480786 0.187855 0.0754685 0.0724432 0.00837708
2 0.293416 0.251065 0.0546495 0.0816761 0.00834656
1 0.480786 0.173118 0.0806731 0.0827415 0.00800323
0 0.34774 0.149148 0.039686 0.0461648 0.00793457
0 0.265441 0.341619 0.0416378 0.0355114 0.00787354
2 0.460618 0.193359 0.0702637 0.0514915 0.00769424
1 0.34774 0.149148 0.039686 0.0461648 0.00751877
1 0.505508 0.173828 0.0936849 0.113991 0.00641251
2 0.480786 0.173118 0.0806731 0.0827415 0.00572968
0 0.300573 0.245384 0.0702637 0.120028 0.0055542
2 0.79372 0.710938 0.0858779 0.151989 0.00542831
1 0.547146 0.164773 0.0637578 0.0852273 0.00524139
2 0.64018 0.789773 0.307078 0.207386 0.0046463
2 0.839261 0.87642 0.0429389 0.0482954 0.00452042
2 0.445003 0.144886 0.147684 0.120028 0.00419998
2 0.878296 0.511364 0.0572519 0.0809659 0.0039444
2 0.393607 0.848722 0.0429389 0.046875 0.00382423
0 0.137437 0.681818 0.172081 0.193182 0.00376511
0 0.273573 0.262163 0.0572519 0.144709 0.00365067
2 0.516568 0.869318 0.0351318 0.0511364 0.00365067
2 0.821695 0.879261 0.0442402 0.0397727 0.00353813
2 0.296994 0.23544 0.0566013 0.0901989 0.00312424
2 0.634976 0.698153 0.325295 0.291193 0.00302696
0 0.293416 0.251065 0.0546495 0.0816761 0.00291252
0 0.480786 0.187855 0.0754685 0.0724432 0.00279045
2 0.480461 0.97017 0.0390354 0.0340908 0.00261116
2 0.547146 0.164773 0.0637578 0.0852273 0.00251198
1 0.495099 0.149148 0.065059 0.0916193 0.0024929
1 0.573495 0.212003 0.0826249 0.0916193 0.00246239
1 0.524375 0.225852 0.0624566 0.0809659 0.00235939
2 0.3858 0.735795 0.114504 0.0894887 0.00233269
2 0.627169 0.740057 0.294067 0.201705 0.690918
2 0.138901 0.680398 0.168177 0.176136 0.651367
1 0.137925 0.6875 0.178262 0.176136 0.0917358
0 0.627169 0.734375 0.296669 0.198864 0.0236053
1 0.62847 0.743608 0.299271 0.205966 0.0213623
2 0.487617 0.162997 0.0598543 0.0703125 0.0164642
1 0.270645 0.34304 0.039686 0.0340909 0.0151291
2 0.270645 0.34304 0.039686 0.0340909 0.0143356
0 0.13699 0.680398 0.171674 0.176136 0.0142288
2 0.858779 0.509943 0.0390354 0.0696023 0.0088501
2 0.513966 0.15554 0.0481436 0.0795455 0.0086441
2 0.647987 0.720881 0.255031 0.161932 0.00746155
1 0.35262 0.983665 0.0598543 0.03125 0.00674438
2 0.482087 0.175071 0.0780708 0.0553977 0.00572968
2 0.476882 0.18608 0.0585531 0.0504261 0.00518036
2 0.35262 0.983665 0.0598543 0.03125 0.00484848
2 0.487617 0.152344 0.0657096 0.0955256 0.00432968
2 0.350668 0.149858 0.036433 0.0433239 0.00395966
0 0.270645 0.34304 0.039686 0.0340909 0.00379562
0 0.858779 0.509943 0.0390354 0.0696023 0.00317192
2 0.468099 0.167969 0.0722155 0.0696023 0.00312424
2 0.795021 0.71875 0.0676613 0.107955 0.00312424
2 0.515918 0.161044 0.0767696 0.0838068 0.00252151
1 0.553001 0.218395 0.0442401 0.0482954 0.00226021
2 0.51852 0.199219 0.0468425 0.0362216 0.00211525
2 0.453461 0.192116 0.0442401 0.0482954 0.00210762
1 0.370186 0.981534 0.0780708 0.0284092 0.00192642
2 0.40239 0.846591 0.0468425 0.0482955 0.00182438
2 0.370186 0.981534 0.0780708 0.0284092 0.00159168
2 0.766395 0.713778 0.0780708 0.127841 0.00147247
0 0.296018 0.235085 0.0572519 0.0909091 0.00141621
2 0.337656 0.980824 0.0689625 0.03125 0.00118828
1 0.858779 0.509943 0.0390354 0.0696023 0.00114727
0 0.284633 0.233043 0.0598543 0.0850497 0.0011034
1 0.337656 0.980824 0.0689625 0.03125 0.00107288
1 0.350668 0.149858 0.036433 0.0433239 0.00106525
2 0.629771 0.731534 0.30838 0.181818 0.93457
2 0.131257 0.681108 0.189647 0.180398 0.476562
2 0.0423697 0.637784 0.0847393 0.275568 0.0109024
2 0.479159 0.152876 0.0995402 0.0870028 0.0106125
1 0.269995 0.341619 0.0338307 0.0241477 0.0104065
2 0.35327 0.71733 0.34156 0.1875 0.00806427
1 0.131094 0.683239 0.194201 0.18608 0.00740433
2 0.0394013 0.704723 0.0788027 0.252486 0.00621796
2 0.416052 0.144354 0.221851 0.123935 0.00439835
2 0.627819 0.768466 0.309681 0.262784 0.0041008
2 0.117269 0.646307 0.234538 0.333807 0.0041008
1 0.624404 0.735795 0.302199 0.18892 0.00403976
2 0.884824 0.64755 0.230352 0.531605 0.0039444
2 0.269995 0.341619 0.0338307 0.0241477 0.00385475
2 0.87474 0.669744 0.25052 0.546875 0.00366402
2 0.462569 0.147905 0.127516 0.102983 0.0030632
2 0.0505834 0.600852 0.101167 0.40483 0.00271416
0 0.131094 0.683239 0.194201 0.18608 0.00269318
2 0.124588 0.69478 0.249176 0.374645 0.00235939
0 0.470376 0.991832 0.569917 0.0163352 0.00231361
2 0.520797 0.988636 0.564061 0.0227273 0.00205803
0 0.631235 0.734375 0.319765 0.196023 0.00194931
2 0.365957 0.662642 0.377993 0.285511 0.00188255
0 0.269995 0.341619 0.0338307 0.0241477 0.00183105
2 0.736977 0.971946 0.526045 0.056108 0.00170708
2 0.0391574 0.762074 0.0783148 0.396307 0.00136662
1 0.520797 0.988636 0.564061 0.0227273 0.00134563
0 0.506809 0.374645 0.217297 0.203125 0.00132465
0 0.757959 0.977273 0.484082 0.0454546 0.00123024
2 0.0461919 0.792969 0.0923838 0.414062 0.00117397
0 0.561459 0.983665 0.58423 0.0326705 0.00116062
2 0.116049 0.650568 0.232098 0.200284 0.00112915
2 0.640018 0.673473 0.354246 0.314986 0.00111198
1 0.350668 0.982955 0.079372 0.03125 0.00109005
2 0.491521 0.181818 0.0943355 0.0838068 0.00107765
2 0.350668 0.982955 0.079372 0.03125 0.00104809
1 0.713209 0.338157 0.449883 0.3038 0.00102425
2 0.631072 0.727983 0.294067 0.197443 0.819824
2 0.139592 0.680398 0.169072 0.173295 0.782715
2 0.487292 0.157138 0.0806731 0.0901989 0.213989
2 0.488918 0.172053 0.0910825 0.0607244 0.100525
0 0.632373 0.727983 0.300573 0.214489 0.0687866
0 0.137966 0.681818 0.173626 0.173296 0.0252686
2 0.486641 0.173295 0.0806731 0.0802557 0.0218658
0 0.292115 0.230913 0.0611554 0.0878906 0.0178528
1 0.136461 0.681108 0.172081 0.18608 0.0175781
2 0.502581 0.185724 0.0839261 0.0767045 0.0137405
2 0.468425 0.176847 0.0754685 0.078125 0.0104065
2 0.472979 0.150213 0.103444 0.116477 0.00963593
2 0.798924 0.666193 0.0754684 0.215909 0.00955963
1 0.502581 0.185724 0.0839261 0.0767045 0.00948334
2 0.400113 0.849432 0.0520472 0.0454546 0.00891876
1 0.554953 0.214844 0.0390354 0.0440341 0.00800323
2 0.670758 0.729403 0.221201 0.18608 0.00703812
0 0.270645 0.340909 0.036433 0.0284091 0.0069046
1 0.523725 0.226562 0.0605048 0.0674716 0.00658798
2 0.800225 0.63228 0.0572519 0.14169 0.00653839
1 0.270645 0.340909 0.036433 0.0284091 0.00600433
2 0.351319 0.147372 0.0299271 0.0482955 0.00584412
2 0.270645 0.340909 0.036433 0.0284091 0.00479126
1 0.400113 0.849432 0.0520472 0.0454546 0.00436401
1 0.298621 0.239347 0.0403366 0.0838068 0.00416565
2 0.298621 0.239347 0.0403366 0.0838068 0.00413513
2 0.86008 0.511009 0.0468425 0.0788353 0.00307465
2 0.546821 0.150213 0.0748178 0.0823864 0.00304031
2 0.301874 0.222656 0.0559507 0.105824 0.00301552
2 0.792418 0.704545 0.0897814 0.15625 0.00298119
2 0.413775 0.850852 0.0624566 0.0440341 0.00293541
0 0.298621 0.239347 0.0403366 0.0838068 0.0024147
1 0.487617 0.151101 0.0832755 0.0948153 0.002388
1 0.486641 0.173295 0.0806731 0.0802557 0.00220871
0 0.527628 0.581676 0.0624566 0.0553978 0.00197983
2 0.543568 0.142756 0.0865285 0.107244 0.00188923
2 0.554953 0.214844 0.0390354 0.0440341 0.00188923
0 0.351319 0.147372 0.0299271 0.0482955 0.00187492
1 0.559182 0.224254 0.0461919 0.0628551 0.00186729
1 0.633024 0.726562 0.290163 0.211648 0.00181007
1 0.488918 0.172053 0.0910825 0.0607244 0.00168705
0 0.400113 0.849432 0.0520472 0.0454546 0.00166798
2 0.855526 0.642756 0.167852 0.191761 0.00162315
2 0.356198 0.136719 0.036433 0.0646307 0.00155449
2 0.404667 0.150923 0.128166 0.0933949 0.00153637
0 0.278127 0.29652 0.0468425 0.0333807 0.00144386
0 0.86008 0.511009 0.0468425 0.0788353 0.00139904
1 0.355222 0.980114 0.0663602 0.0298295 0.00129986
2 0.498352 0.74929 0.0474931 0.159091 0.00127411
2 0.843165 0.629261 0.130118 0.160511 0.00123501
2 0.627006 0.741477 0.304801 0.215909 0.922363
2 0.137315 0.680398 0.173626 0.177557 0.875977
2 0.485665 0.159979 0.076119 0.0784801 0.0191193
2 0.266417 0.338068 0.0344813 0.0284091 0.0174408
1 0.266417 0.338068 0.0344813 0.0284091 0.0112
1 0.627819 0.730114 0.30838 0.21875 0.00624084
2 0.514617 0.151456 0.050746 0.0848721 0.0051384
0 0.266417 0.338068 0.0344813 0.0284091 0.00471878
2 0.477208 0.148793 0.0878296 0.112216 0.00466537
1 0.137112 0.678267 0.175009 0.173295 0.00429916
0 0.137112 0.678267 0.175009 0.173295 0.00385475
2 0.858779 0.502841 0.0520472 0.0852273 0.00345612
2 0.488593 0.181818 0.079372 0.0589489 0.00277901
0 0.633837 0.727983 0.291139 0.225852 0.00255013
2 0.828201 0.62571 0.106697 0.15625 0.00251198
2 0.431341 0.149503 0.180864 0.139915 0.00186729
2 0.847068 0.640447 0.156142 0.224787 0.00186729
2 0.511364 0.201349 0.0689625 0.0397727 0.00176144
2 0.819093 0.656428 0.102793 0.232599 0.0016489
2 0.834056 0.580966 0.113203 0.234375 0.00158501
2 0.563411 0.144531 0.127516 0.108665 0.00135612
2 0.843815 0.619318 0.140527 0.173295 0.0012846
2 0.478834 0.170455 0.0897814 0.0802557 0.0012598
2 0.410522 0.850852 0.0676614 0.0482955 0.0011158
2 0.635138 0.738636 0.301548 0.198864 0.867188
2 0.138576 0.681818 0.17078 0.176136 0.78418
2 0.513966 0.159446 0.0429389 0.0646307 0.0522461
2 0.485991 0.168679 0.0806731 0.0617898 0.035675
2 0.800226 0.673473 0.0754684 0.229759 0.0192719
2 0.813888 0.639382 0.079372 0.175781 0.0164642
2 0.520472 0.146662 0.0585531 0.0930398 0.00530243
2 0.547797 0.153587 0.0897814 0.0788352 0.00502014
2 0.485991 0.185369 0.0780708 0.0518466 0.00494385
2 0.513315 0.196733 0.0663602 0.0504261 0.00471878
2 0.826249 0.598011 0.0962873 0.221591 0.00432968
2 0.791768 0.694602 0.0832756 0.1875 0.00429916
2 0.847068 0.528409 0.0676614 0.112216 0.00405502
2 0.843165 0.66495 0.152238 0.263849 0.00356483
2 0.566013 0.142045 0.130118 0.115057 0.00275803
1 0.636277 0.731534 0.29797 0.204545 0.00218201
2 0.225917 0.693182 0.0608302 0.159091 0.00178242
2 0.862682 0.680398 0.218598 0.240057 0.0017271
2 0.477208 0.151989 0.0943355 0.106534 0.00165462
1 0.138576 0.680398 0.164599 0.173295 0.00165462
2 0.426787 0.850852 0.0618061 0.0454545 0.00148964
2 0.269995 0.34233 0.0390354 0.0340909 0.0014782
1 0.513315 0.196733 0.0663602 0.0504261 0.00144386
0 0.269995 0.34233 0.0390354 0.0340909 0.00133514
1 0.501605 0.214844 0.103444 0.102983 0.0012598
0 0.137762 0.678267 0.178262 0.191761 0.0011692
2 0.785913 0.689631 0.0598543 0.267046 0.00109863
2 0.469401 0.182884 0.0774202 0.0603693 0.00109005
1 0.550074 0.214489 0.0481437 0.0504261 0.00109005
2 0.625705 0.742898 0.304801 0.215909 0.890137
2 0.136665 0.683239 0.174927 0.164773 0.777344
2 0.487292 0.164773 0.0676614 0.0674716 0.0658569
2 0.477858 0.175071 0.0702637 0.0504261 0.0509033
2 0.510713 0.154474 0.050746 0.0752841 0.0219421
2 0.270645 0.340909 0.0312283 0.0234375 0.00874329
2 0.486641 0.183949 0.0767696 0.0525568 0.00751877
2 0.514617 0.194247 0.0702637 0.0617898 0.00518036
2 0.468425 0.172585 0.0689625 0.0625 0.00466537
1 0.270645 0.340909 0.0312283 0.0234375 0.00426483
2 0.460618 0.188565 0.0572519 0.0490057 0.00362206
2 0.357174 0.981534 0.0611555 0.0269886 0.00218201
2 0.486641 0.152521 0.0663602 0.0983665 0.00214958
2 0.428739 0.850852 0.0533483 0.0426136 0.00209045
1 0.357174 0.981534 0.0611555 0.0269886 0.00183868
2 0.412149 0.850852 0.0546495 0.0482955 0.0018034
2 0.858779 0.508523 0.0442401 0.0653409 0.00178242
1 0.549098 0.212713 0.0429389 0.0518466 0.0016489
2 0.804129 0.634943 0.0572518 0.137784 0.00156689
1 0.514617 0.194247 0.0702637 0.0617898 0.00148392
1 0.134957 0.681108 0.180295 0.180398 0.00139427
0 0.270645 0.340909 0.0312283 0.0234375 0.00136662
2 0.351644 0.150923 0.0279753 0.037642 0.00130939
1 0.62603 0.734375 0.309355 0.210227 0.00108624
2 0.504858 0.159091 0.0910826 0.0944602 0.00106049
2 0.549098 0.212713 0.0429389 0.0518466 0.00102425
2 0.797623 0.670455 0.072866 0.214489 0.00100803
2 0.631072 0.733665 0.303175 0.221591 0.884766
2 0.139592 0.684659 0.174277 0.171875 0.799316
1 0.140487 0.681818 0.175741 0.164773 0.0222931
1 0.634813 0.740057 0.310006 0.221591 0.0171814
2 0.491195 0.169567 0.0637578 0.0596591 0.0150757
2 0.524375 0.152166 0.0481437 0.074929 0.0114212
2 0.806081 0.632812 0.0585531 0.144886 0.00841522
2 0.466798 0.177912 0.0442401 0.0475852 0.00593567
1 0.553652 0.215199 0.0377342 0.0475852 0.00452042
2 0.519171 0.147727 0.0455413 0.087358 0.00353813
1 0.861381 0.504261 0.0468425 0.0823864 0.00342941
2 0.477533 0.190696 0.0442401 0.0411932 0.00316048
1 0.529905 0.207386 0.047493 0.0419034 0.00221634
2 0.797623 0.668857 0.0806732 0.207742 0.0019722
2 0.454112 0.177202 0.0409872 0.0575284 0.00195694
2 0.861381 0.504261 0.0468425 0.0823864 0.00191212
2 0.836659 0.638494 0.117106 0.181818 0.00176144
2 0.502255 0.758523 0.0585531 0.176136 0.0014782
2 0.822346 0.619318 0.0806732 0.169034 0.00139904
0 0.28626 0.230824 0.0520472 0.0809659 0.00138855
2 0.493798 0.151101 0.0605049 0.09375 0.00136662
1 0.524375 0.152166 0.0481437 0.074929 0.00135136
2 0.836659 0.580611 0.114504 0.25071 0.00130939
2 0.410522 0.853693 0.0513966 0.0482955 0.00129414
2 0.543568 0.152521 0.076119 0.0788352 0.0012846
1 0.274549 0.341264 0.0377342 0.03125 0.00117397
1 0.477533 0.190696 0.0442401 0.0411932 0.00110722
0 0.137762 0.681108 0.175334 0.169034 0.00109863
0 0.861381 0.504261 0.0468425 0.0823864 0.00105667
2 0.529905 0.207386 0.047493 0.0419034 0.00104427
2 0.526978 0.861506 0.0494448 0.0639205 0.00102425
2 0.625705 0.738636 0.310006 0.198864 0.84082
2 0.138576 0.685369 0.176635 0.180398 0.800781
2 0.479485 0.182884 0.0702637 0.053267 0.0462036
2 0.489894 0.167436 0.0715649 0.0685369 0.0234222
2 0.507785 0.158558 0.0513966 0.0777699 0.0171814
1 0.62603 0.733665 0.306753 0.197443 0.00582123
2 0.493798 0.152166 0.0663602 0.0965909 0.00551224
1 0.139511 0.684659 0.17509 0.1875 0.00518036
2 0.806731 0.636364 0.0546495 0.143466 0.00428009
2 0.644084 0.769886 0.20949 0.221591 0.00397491
0 0.62603 0.733665 0.306753 0.197443 0.00265312
2 0.803478 0.657848 0.0637578 0.189986 0.00243378
0 0.139511 0.684659 0.17509 0.1875 0.00233269
2 0.497701 0.757812 0.0487943 0.159091 0.00228691
2 0.472328 0.173295 0.0780708 0.0681818 0.00209999
2 0.520797 0.184304 0.0696131 0.0930398 0.00168705
2 0.821695 0.622159 0.0845766 0.178977 0.00156689
2 0.631235 0.738636 0.301548 0.196023 0.880859
2 0.134509 0.681108 0.166226 0.176136 0.790527
2 0.472979 0.17152 0.0598543 0.0475852 0.0151901
2 0.483388 0.17223 0.0637578 0.0493608 0.0142822
1 0.135973 0.677557 0.174358 0.177557 0.00760651
2 0.51299 0.164062 0.0533483 0.0596591 0.00419998
2 0.515918 0.145241 0.0533484 0.0909091 0.00260162
2 0.460292 0.173828 0.0566013 0.050071 0.00226974
2 0.798924 0.640625 0.0572519 0.171875 0.00201035
0 0.133371 0.68022 0.169153 0.182173 0.00182438
2 0.478834 0.190341 0.0572519 0.0411932 0.00154305
2 0.488268 0.149148 0.0585531 0.0901989 0.00153637
2 0.491846 0.755682 0.0416377 0.147727 0.00139904
2 0.526327 0.209339 0.0520472 0.043679 0.00125504
2 0.819743 0.617188 0.0858779 0.201705 0.00123024
1 0.55105 0.215376 0.0442401 0.0472301 0.00113773
2 0.358475 0.980114 0.0429389 0.0255682 0.00111198
0 0.472979 0.17152 0.0598543 0.0475852 0.00104427
2 0.627006 0.737216 0.304801 0.210227 0.907227
2 0.135323 0.682528 0.167202 0.173295 0.620605
2 0.488593 0.169744 0.0696131 0.0561079 0.0296478
2 0.497701 0.159801 0.0676614 0.0724432 0.0182648
2 0.475581 0.182173 0.0611555 0.0532671 0.0173035
2 0.498352 0.149503 0.0611554 0.0973011 0.00837708
2 0.481436 0.190874 0.0611554 0.0387074 0.00557709
2 0.522749 0.206676 0.0579025 0.0383523 0.0039444
2 0.475581 0.17223 0.087179 0.0632102 0.00148964
2 0.465822 0.190874 0.0663602 0.0440341 0.00132465
1 0.548447 0.215021 0.0494448 0.0465199 0.0011425
2 0.633024 0.735795 0.305777 0.198864 0.905762
2 0.139714 0.683239 0.169804 0.173295 0.799316
2 0.488593 0.17223 0.0663602 0.046875 0.0939941
2 0.472328 0.185369 0.0481437 0.0326704 0.0501404
2 0.506809 0.161222 0.0702637 0.0596591 0.0358276
2 0.506159 0.145241 0.0579025 0.0816761 0.0160217
2 0.495424 0.145241 0.0598543 0.0809659 0.00912476
2 0.45216 0.193892 0.0455413 0.0411932 0.00898743
1 0.634976 0.735795 0.303175 0.204545 0.00634003
2 0.476882 0.191761 0.0520472 0.0383523 0.00626373
2 0.524375 0.207919 0.0559507 0.0355114 0.00443268
2 0.454112 0.174183 0.0468425 0.0482955 0.00344276
1 0.547146 0.216442 0.050746 0.0450994 0.00251198
1 0.140039 0.680398 0.172081 0.170455 0.0024929
0 0.633675 0.732244 0.307078 0.200284 0.00188923
2 0.53999 0.162997 0.0754685 0.0589489 0.0016489
2 0.547146 0.216442 0.050746 0.0450994 0.00162888
0 0.472328 0.185369 0.0481437 0.0326704 0.00151253
2 0.795671 0.678267 0.0754684 0.166193 0.00136662
2 0.632211 0.747159 0.307404 0.227273 0.850098
2 0.137112 0.683239 0.167527 0.176136 0.747559
2 0.505834 0.158381 0.0624566 0.071733 0.0495911
2 0.487942 0.169744 0.0728661 0.0589489 0.0332031
2 0.481436 0.180043 0.0715649 0.053267 0.0273743
2 0.481111 0.189276 0.0644084 0.0443892 0.00763702
2 0.467774 0.174006 0.0702637 0.0596591 0.00494385
2 0.460618 0.188565 0.0598543 0.0507812 0.00450516
2 0.521122 0.20277 0.0624566 0.043679 0.00370789
2 0.49087 0.150213 0.0696131 0.0973011 0.00293541
1 0.551375 0.215732 0.0520472 0.0465199 0.00194168
2 0.545194 0.159091 0.0884802 0.0738636 0.00151253
2 0.551375 0.215732 0.0520472 0.0465199 0.00122547
1 0.136787 0.681108 0.168177 0.174716 0.00121593
2 0.627006 0.742898 0.304801 0.224432 0.869629
2 0.138901 0.681818 0.168177 0.188921 0.78125
2 0.499653 0.151278 0.0624566 0.0880682 0.0800781
2 0.487942 0.162642 0.0748178 0.0738636 0.0682983
2 0.483388 0.177734 0.0715649 0.0518466 0.0236511
2 0.471027 0.170987 0.0767696 0.0756392 0.00800323
2 0.515267 0.199929 0.0676614 0.053267 0.00536346
2 0.464846 0.181108 0.0676613 0.0681818 0.00407028
1 0.552025 0.215376 0.0481437 0.0493608 0.00168705
2 0.552025 0.215376 0.0481437 0.0493608 0.00154305
2 0.629608 0.744318 0.302199 0.230114 0.851074
2 0.137112 0.681818 0.167527 0.178977 0.750488
2 0.487942 0.170099 0.0676613 0.0482955 0.0313721
2 0.50746 0.159268 0.0611554 0.0603693 0.0267639
2 0.473629 0.178622 0.0533483 0.037642 0.0210114
2 0.505508 0.146662 0.0533484 0.084517 0.00857544
2 0.477208 0.192827 0.053999 0.0351562 0.00486755
2 0.524375 0.208097 0.0585531 0.0326705 0.00419998
2 0.454437 0.191939 0.0461919 0.0411932 0.00370789
2 0.457365 0.174361 0.0494448 0.0497159 0.00365067
1 0.550399 0.216264 0.0481437 0.0419034 0.00300407
2 0.550399 0.216264 0.0481437 0.0419034 0.00237846
2 0.493147 0.147017 0.0618061 0.0830966 0.00198746
2 0.80478 0.65767 0.065059 0.22017 0.00117397
2 0.631723 0.737216 0.299271 0.204545 0.911133
2 0.138088 0.681818 0.172081 0.178977 0.818848
2 0.506809 0.160866 0.0624566 0.0632102 0.0344849
2 0.474931 0.177557 0.0533484 0.0411932 0.0328369
2 0.488593 0.170455 0.0676614 0.0518466 0.0325928
2 0.506159 0.147905 0.0546496 0.0894886 0.0106964
2 0.480135 0.190341 0.0598543 0.0383523 0.00446701
2 0.461268 0.175071 0.0572519 0.0539773 0.00300407
2 0.521773 0.207209 0.0624566 0.037642 0.00275803
2 0.491846 0.149325 0.0637578 0.0901989 0.00234222
2 0.455738 0.189986 0.0500954 0.0447443 0.00204277
1 0.548447 0.215909 0.0494448 0.0447443 0.00176144
2 0.545845 0.163175 0.0897814 0.0678267 0.00129414
2 0.632373 0.741477 0.301874 0.215909 0.885742
2 0.138088 0.681818 0.172732 0.178977 0.778809
2 0.508111 0.159801 0.0637578 0.0696023 0.0137939
2 0.488268 0.170099 0.0722155 0.056108 0.0091629
2 0.481111 0.180043 0.0631072 0.0461648 0.0085144
2 0.50746 0.147727 0.0546496 0.0912642 0.00416565
2 0.483388 0.189986 0.0637578 0.0411932 0.00225258
2 0.519171 0.206321 0.065059 0.0419034 0.00166798
2 0.465172 0.174183 0.0663602 0.0568182 0.00128937
2 0.490545 0.149858 0.0689625 0.0930398 0.00104046
2 0.632373 0.741477 0.301874 0.215909 0.885742
2 0.138088 0.681818 0.172732 0.178977 0.778809
2 0.508111 0.159801 0.0637578 0.0696023 0.0137939
2 0.488268 0.170099 0.0722155 0.056108 0.00919342
2 0.481111 0.179865 0.0631072 0.0461648 0.00867462
2 0.50746 0.147727 0.0546496 0.0912642 0.00416565
2 0.483063 0.189986 0.0637578 0.0411932 0.00228691
2 0.519171 0.206321 0.065059 0.0415483 0.00168705
2 0.465172 0.174183 0.0663602 0.0568182 0.00129414
2 0.490545 0.149858 0.0689625 0.0930398 0.00104427
1 0.547797 0.215554 0.050746 0.0461648 0.00102425
