2 0.401509 0.356681 0.125431 0.165948 0.494141
1 0.768103 0.550108 0.0982759 0.109914 0.281494
0 0.401509 0.356681 0.125431 0.165948 0.139893
1 0.77069 0.563039 0.106034 0.15194 0.126343
1 0.401509 0.356681 0.125431 0.165948 0.0772095
2 0.393103 0.367322 0.159052 0.207166 0.0175781
0 0.406034 0.346713 0.121552 0.245151 0.0148392
2 0.406034 0.346713 0.121552 0.245151 0.014061
1 0.858621 0.533405 0.121552 0.135776 0.0126266
1 0.755172 0.559806 0.087931 0.126078 0.0115967
1 0.41056 0.367457 0.153879 0.21875 0.00653839
1 0.843103 0.539871 0.147414 0.157328 0.00653839
0 0.768103 0.554957 0.100862 0.126078 0.00614548
2 0.313254 0.456897 0.0368534 0.0689655 0.00519943
1 0.406034 0.346713 0.121552 0.245151 0.0049057
1 0.313254 0.456897 0.0368534 0.0689655 0.00475693
1 0.431897 0.121767 0.0491379 0.0625 0.00382423
1 0.5 0.5 1 1 0.00353813
2 0.5 0.5 1 1 0.00337601
2 0.431897 0.121767 0.0491379 0.0625 0.00327301
0 0.5 0.5 1 1 0.00305176
2 0.755172 0.559806 0.087931 0.126078 0.00301552
2 0.5 0.5 1 1 0.00299263
0 0.41056 0.367457 0.153879 0.21875 0.00293541
0 0.5 0.5 1 1 0.00293541
2 0.5 0.5 1 1 0.0028553
2 0.768103 0.550108 0.0982759 0.109914 0.00270462
0 0.5 0.5 1 1 0.00268364
0 0.5 0.5 1 1 0.00266266
2 0.5 0.5 1 1 0.00256157
1 0.5 0.5 1 1 0.00251198
0 0.5 0.5 1 1 0.00234985
0 0.5 0.5 1 1 0.00234222
2 0.5 0.5 1 1 0.00231361
2 0.5 0.5 1 1 0.00229645
1 0.5 0.5 1 1 0.00221634
1 0.5 0.5 1 1 0.00214958
1 0.5 0.5 1 1 0.00209999
0 0.843103 0.539871 0.147414 0.157328 0.00199509
1 0.5 0.5 1 1 0.00181007
1 0.439332 0.384833 0.127371 0.232489 0.00176811
2 0.5 0.5 1 1 0.00172043
1 0.5 0.5 1 1 0.00164223
0 0.5 0.5 1 1 0.00163555
1 0.484591 0.5 0.969181 1 0.00162888
1 0.698922 0.58944 0.115086 0.103448 0.00161076
0 0.439332 0.384833 0.127371 0.232489 0.00157928
0 0.313254 0.456897 0.0368534 0.0689655 0.00157356
1 0.73125 0.550108 0.175862 0.100215 0.00157356
2 0.857328 0.537716 0.113793 0.12931 0.00150108
1 0.768103 0.559267 0.0905172 0.114224 0.466797
1 0.764871 0.561422 0.109914 0.143319 0.364746
2 0.401185 0.362204 0.11056 0.161369 0.234375
0 0.408944 0.360183 0.0963362 0.152478 0.105591
0 0.396336 0.360991 0.122845 0.173491 0.0224152
1 0.402478 0.355603 0.115086 0.169181 0.00919342
1 0.845043 0.546336 0.120259 0.145474 0.00666809
0 0.764871 0.561422 0.109914 0.143319 0.00376511
2 0.311638 0.457974 0.0278017 0.0581896 0.00304031
0 0.413147 0.353179 0.107328 0.208513 0.00245285
1 0.827586 0.560345 0.217241 0.196121 0.00237846
2 0.428017 0.358297 0.111207 0.147629 0.00193405
2 0.413147 0.353179 0.107328 0.208513 0.00183868
2 0.372737 0.385641 0.134483 0.181304 0.0017271
0 0.430927 0.353448 0.100216 0.146552 0.00157928
2 0.393103 0.373384 0.130603 0.197198 0.00148964
2 0.5 0.5 1 1 0.00143242
2 0.423491 0.568966 0.846983 0.862069 0.00142097
2 0.5 0.665679 1 0.668642 0.00142097
2 0.768103 0.559267 0.0905172 0.114224 0.00137806
0 0.446121 0.5 0.892241 1 0.00135136
2 0.462931 0.5 0.925862 1 0.00135136
1 0.311638 0.457974 0.0278017 0.0581896 0.00133514
0 0.423491 0.568966 0.846983 0.862069 0.00131989
0 0.5 0.5 1 1 0.00131512
0 0.5 0.665679 1 0.668642 0.00130463
0 0.462931 0.5 0.925862 1 0.00128937
0 0.5 0.5 1 1 0.00127411
2 0.446121 0.5 0.892241 1 0.00126457
1 0.462931 0.5 0.925862 1 0.0012598
0 0.653179 0.727371 0.439332 0.545259 0.00125504
1 0.759698 0.433728 0.121552 0.46444 0.00124454
2 0.5 0.5 1 1 0.00124454
1 0.5 0.5 1 1 0.0012064
1 0.5 0.665679 1 0.668642 0.0012064
1 0.597414 0.259159 0.58319 0.518319 0.00120163
0 0.325296 0.480603 0.307597 0.492457 0.0011425
2 0.718534 0.789601 0.562931 0.420797 0.00113392
2 0.787716 0.757812 0.424569 0.484375 0.00113392
1 0.446121 0.5 0.892241 1 0.00112915
1 0.423491 0.568966 0.846983 0.862069 0.00111198
0 0.737931 0.219828 0.524138 0.439655 0.00107288
2 0.634752 0.226832 0.708944 0.453664 0.00106525
2 0.764871 0.561422 0.109914 0.143319 0.00106049
1 0.5 0.5 1 1 0.00106049
2 0.5 0.337554 1 0.675108 0.00104809
2 0.352452 0.244073 0.226131 0.488147 0.00104046
0 0.787716 0.757812 0.424569 0.484375 0.00103664
0 0.352452 0.244073 0.226131 0.488147 0.00103188
0 0.5 0.337554 1 0.675108 0.00102425
1 0.764224 0.540948 0.0853448 0.133621 0.588867
0 0.399569 0.359375 0.0982759 0.167026 0.122498
2 0.391164 0.363685 0.104095 0.173491 0.0179138
1 0.852802 0.534483 0.0931034 0.142241 0.0173035
1 0.391164 0.363685 0.104095 0.173491 0.0088501
2 0.406681 0.359375 0.0924569 0.163793 0.00815582
1 0.406681 0.359375 0.0924569 0.163793 0.00577545
0 0.76681 0.549569 0.0853449 0.125 0.00450516
0 0.39569 0.370824 0.122845 0.206627 0.00446701
1 0.733836 0.547414 0.146121 0.122845 0.00344276
2 0.76681 0.549569 0.0853449 0.125 0.00331116
0 0.408944 0.343211 0.136422 0.207974 0.00279999
1 0.784267 0.53556 0.130603 0.155172 0.00271416
0 0.406034 0.362608 0.168103 0.206897 0.00258064
1 0.726724 0.324084 0.0607759 0.0614224 0.0019722
1 0.814655 0.326778 0.049138 0.0533405 0.00192642
0 0.422198 0.355065 0.166164 0.267241 0.00168705
0 0.422845 0.374057 0.128017 0.213093 0.00153637
1 0.841164 0.327047 0.0400862 0.0571121 0.00147247
1 0.761638 0.324353 0.0543104 0.0560345 0.00146103
0 0.459052 0.413254 0.0665948 0.159483 0.0012846
1 0.805603 0.464574 0.219828 0.294989 0.00125504
0 0.733836 0.547414 0.146121 0.122845 0.00123024
1 0.825862 0.540948 0.348276 0.918103 0.00111198
1 0.406034 0.362608 0.168103 0.206897 0.00106049
2 0.814655 0.326778 0.049138 0.0533405 0.00105667
1 0.731897 0.403556 0.0465518 0.0506465 0.00104427
1 0.863793 0.52694 0.113793 0.170259 0.00102043
0 0.478125 0.264278 0.0400862 0.075431 0.00101662
2 0.406034 0.362608 0.168103 0.206897 0.00101185
1 0.760345 0.547953 0.0905172 0.122845 0.831055
0 0.430603 0.360991 0.0640086 0.153017 0.349609
0 0.408621 0.359375 0.106034 0.164871 0.176147
1 0.846336 0.533944 0.1125 0.139009 0.0374756
2 0.301293 0.453664 0.0413793 0.0668103 0.0319824
0 0.39181 0.368535 0.113793 0.163793 0.0181885
0 0.440948 0.350216 0.087931 0.159483 0.0131683
1 0.75 0.046875 0.0491379 0.0560345 0.0131226
0 0.475215 0.25916 0.0375 0.0673491 0.0103683
0 0.301293 0.453664 0.0413793 0.0668103 0.00978088
2 0.75 0.046875 0.0491379 0.0560345 0.00878143
2 0.430603 0.360991 0.0640086 0.153017 0.00641251
0 0.440948 0.338093 0.0607759 0.192349 0.00614548
1 0.810776 0.559267 0.175862 0.174569 0.00609589
1 0.301293 0.453664 0.0413793 0.0668103 0.00598145
2 0.408621 0.359375 0.106034 0.164871 0.00577545
2 0.740948 0.0447198 0.0568966 0.0587284 0.00479126
1 0.740948 0.0447198 0.0568966 0.0587284 0.00475693
2 0.39181 0.368535 0.113793 0.163793 0.00428009
2 0.764224 0.564655 0.0931035 0.135776 0.00332451
1 0.430603 0.360991 0.0640086 0.153017 0.00305176
0 0.398922 0.371228 0.139655 0.212284 0.00259018
0 0.378233 0.385237 0.111853 0.148707 0.00235939
2 0.853448 0.540948 0.100862 0.137931 0.00222588
1 0.348491 0.180496 0.0297414 0.0560345 0.00218201
2 0.475215 0.25916 0.0375 0.0673491 0.00206757
1 0.742888 0.567349 0.140948 0.141164 0.00202751
0 0.439009 0.371228 0.125431 0.219828 0.00197983
1 0.827586 0.49569 0.27931 0.30819 0.00189686
0 0.366272 0.369477 0.250862 0.209321 0.00176811
0 0.437716 0.411773 0.113147 0.165679 0.00176144
0 0.370151 0.417026 0.140302 0.125 0.00164223
2 0.767457 0.316002 0.0387931 0.0544181 0.00162888
1 0.408621 0.359375 0.106034 0.164871 0.00162315
2 0.378233 0.385237 0.111853 0.148707 0.00161648
2 0.812069 0.315733 0.0439655 0.0560345 0.00151253
0 0.764224 0.564655 0.0931035 0.135776 0.00143814
0 0.348491 0.180496 0.0297414 0.0560345 0.00139904
0 0.853448 0.540948 0.100862 0.137931 0.00138283
2 0.438362 0.354526 0.0905173 0.169181 0.00135612
2 0.360129 0.414871 0.135776 0.153017 0.00134087
2 0.71444 0.320312 0.0543103 0.059806 0.00131989
2 0.408621 0.37069 0.137069 0.189655 0.00131989
1 0.378233 0.385237 0.111853 0.148707 0.00128937
2 0.302586 0.259698 0.0387931 0.0549569 0.0012064
1 0.7875 0.536638 0.139655 0.154095 0.00119686
2 0.839871 0.320851 0.0387931 0.0533405 0.00118828
1 0.747953 0.124731 0.504095 0.249461 0.00116539
0 0.302586 0.259698 0.0387931 0.0549569 0.00102806
1 0.761638 0.553879 0.0827587 0.0991379 0.588867
0 0.43125 0.366379 0.0678879 0.153017 0.480469
0 0.406358 0.369747 0.106034 0.159213 0.172729
2 0.309375 0.452047 0.0381466 0.0646552 0.104492
0 0.384052 0.373384 0.0911638 0.155172 0.0393372
0 0.422198 0.377155 0.0840517 0.150862 0.0386047
2 0.413146 0.364089 0.102155 0.153287 0.0263519
0 0.395043 0.393858 0.106034 0.106681 0.0202179
1 0.747414 0.0342134 0.0465518 0.0533405 0.0136871
2 0.395043 0.393858 0.106034 0.106681 0.0133286
1 0.740948 0.0317888 0.0439655 0.0560345 0.00784302
1 0.831466 0.545259 0.139655 0.122845 0.00754929
2 0.740948 0.0317888 0.0439655 0.0560345 0.00703812
1 0.309375 0.452047 0.0381466 0.0646552 0.00701141
0 0.309375 0.452047 0.0381466 0.0646552 0.00669098
2 0.747414 0.0342134 0.0465518 0.0533405 0.00661469
2 0.352694 0.185884 0.0265086 0.0517241 0.00653839
1 0.856034 0.549569 0.100862 0.107759 0.00638962
2 0.384052 0.373384 0.0911638 0.155172 0.00593567
2 0.43125 0.366379 0.0678879 0.153017 0.00300407
1 0.352694 0.185884 0.0265086 0.0517241 0.0029583
1 0.426724 0.126616 0.0387931 0.0398707 0.00287819
2 0.351401 0.434806 0.111853 0.09375 0.00283432
0 0.456142 0.40423 0.0795259 0.163524 0.00282288
2 0.642672 0.02007 0.0439655 0.0401401 0.00277901
1 0.744828 0.560884 0.106034 0.0851293 0.00257111
1 0.642672 0.02007 0.0439655 0.0401401 0.00255013
2 0.71444 0.324084 0.0439655 0.0565733 0.00253105
2 0.328448 0.448276 0.0640086 0.0592672 0.00253105
2 0.814655 0.322198 0.0413793 0.0571121 0.00243378
0 0.477155 0.274246 0.0349138 0.080819 0.00232315
1 0.43125 0.366379 0.0678879 0.153017 0.00214005
2 0.426724 0.126616 0.0387931 0.0398707 0.00210762
0 0.328448 0.448276 0.0640086 0.0592672 0.00203514
2 0.309698 0.265894 0.0265086 0.059806 0.00200272
1 0.814655 0.322198 0.0413793 0.0571121 0.00194168
2 0.687931 0.320043 0.0258621 0.0700431 0.00186729
1 0.84569 0.559267 0.107328 0.135776 0.00185299
1 0.422198 0.377155 0.0840517 0.150862 0.00182438
1 0.395043 0.393858 0.106034 0.106681 0.00161648
1 0.384052 0.373384 0.0911638 0.155172 0.00150681
1 0.82694 0.572198 0.200431 0.140086 0.00148392
2 0.76681 0.322737 0.0362069 0.0560345 0.00146675
2 0.844397 0.327047 0.0336206 0.0592672 0.00145531
2 0.69569 0.0282866 0.0827586 0.0565733 0.00130463
0 0.351401 0.434806 0.111853 0.09375 0.00125504
1 0.844397 0.327047 0.0336206 0.0592672 0.00123978
0 0.352694 0.185884 0.0265086 0.0517241 0.0011034
1 0.71444 0.324084 0.0439655 0.0565733 0.00106907
0 0.437716 0.355065 0.0737069 0.21444 0.00105667
1 0.764224 0.551724 0.0827586 0.105603 0.535156
1 0.765517 0.551724 0.0931035 0.135776 0.174438
0 0.39569 0.364763 0.104741 0.162715 0.0139542
1 0.851509 0.544181 0.1125 0.122845 0.00638962
1 0.752586 0.0360991 0.0400862 0.046875 0.00309944
1 0.813362 0.542026 0.179741 0.142241 0.00307465
2 0.310991 0.45528 0.0271552 0.0506465 0.00263214
2 0.549892 0.985453 0.604526 0.0290949 0.00219917
2 0.727263 0.988147 0.545474 0.0237069 0.00219917
1 0.846983 0.546336 0.124138 0.170259 0.00209045
0 0.37694 0.373384 0.151293 0.206897 0.00188255
2 0.422845 0.987069 0.602586 0.0258621 0.00188255
1 0.741595 0.556573 0.144828 0.100216 0.00157356
2 0.304526 0.985991 0.609052 0.0280173 0.00146675
2 0.24181 0.985453 0.483621 0.0290949 0.00143814
0 0.310991 0.45528 0.0271552 0.0506465 0.00143242
0 0.749084 0.988685 0.501832 0.0226293 0.00129986
1 0.773276 0.537716 0.116379 0.157328 0.00129414
1 0.727263 0.988147 0.545474 0.0237069 0.00125504
2 0.752586 0.0360991 0.0400862 0.046875 0.00124454
1 0.508109 0.985991 0.600162 0.0280173 0.00123501
2 0.514332 1 0.503664 0 0.00116539
1 0.848276 0.3257 0.0284483 0.0436422 0.0011425
1 0.394397 0.374461 0.0827586 0.15625 0.00111198
2 0.388901 1 0.507543 0 0.00103188
0 0.508109 0.985991 0.600162 0.0280173 0.00102425
1 0.630388 0.984914 0.611638 0.0301724 0.00102425
1 0.764224 0.549569 0.0853448 0.12069 0.823242
0 0.41153 0.3618 0.0950431 0.162177 0.407227
0 0.393427 0.367996 0.11056 0.175647 0.15918
1 0.853448 0.542026 0.103448 0.125 0.0630493
0 0.310022 0.453664 0.0284483 0.0625 0.0409851
0 0.435776 0.323545 0.118966 0.207435 0.0261536
1 0.75194 0.0371767 0.0387931 0.0525323 0.02034
0 0.480065 0.257004 0.0439655 0.103448 0.0198669
2 0.310022 0.453664 0.0284483 0.0625 0.0177765
0 0.436099 0.349138 0.106034 0.168103 0.0142288
1 0.809483 0.546336 0.178448 0.145474 0.012825
0 0.41444 0.343211 0.147414 0.220905 0.00993347
0 0.406358 0.372306 0.123491 0.210129 0.0085144
2 0.409267 0.352101 0.120259 0.179418 0.00757599
2 0.403125 0.37702 0.108621 0.146821 0.00669098
1 0.743535 0.0371767 0.0478448 0.0517241 0.00600433
0 0.350431 0.422414 0.0756465 0.109914 0.00572968
1 0.403125 0.37702 0.108621 0.146821 0.00436401
0 0.00420259 0.255388 0.00840517 0.510776 0.00432968
0 0.853448 0.542026 0.103448 0.125 0.00388527
2 0.701509 0.0284213 0.0711207 0.0568427 0.00298119
0 0.75194 0.0371767 0.0387931 0.0525323 0.00284576
2 0.636207 0.0278825 0.0517241 0.0557651 0.00284576
0 0.447414 0.393858 0.103448 0.207974 0.00263214
0 0.429957 0.12958 0.0375 0.0528017 0.00257111
1 0.779741 0.53556 0.106035 0.15194 0.00223351
1 0.310022 0.453664 0.0284483 0.0625 0.00219917
1 0.872845 0.519935 0.0724138 0.133621 0.0020504
0 0.743535 0.0371767 0.0478448 0.0517241 0.00201988
0 0.00585937 0.774246 0.0117187 0.451509 0.00185299
0 0.645259 0.0207435 0.0439655 0.0414871 0.00184631
0 0.368534 0.416487 0.130603 0.132543 0.00176811
0 0.762931 0.552802 0.0905172 0.127155 0.00170708
2 0.645259 0.0207435 0.0439655 0.0414871 0.00166798
1 0.744828 0.563039 0.121552 0.12931 0.00165462
0 0.423491 0.23222 0.124138 0.121767 0.00153637
1 0.761638 0.53556 0.0956897 0.155172 0.00140476
0 0.00889009 0.179688 0.0177802 0.359375 0.00135612
0 0.335237 0.419316 0.13125 0.12042 0.00129414
2 0.743535 0.0371767 0.0478448 0.0517241 0.00128937
2 0.00420259 0.255388 0.00840517 0.510776 0.00126934
0 0.00177802 0.411099 0.00355603 0.752155 0.00124454
2 0.75194 0.0371767 0.0387931 0.0525323 0.00108624
1 0.763578 0.542565 0.0905172 0.12069 0.853027
0 0.419289 0.365167 0.0795259 0.166218 0.0155411
1 0.848276 0.535022 0.106035 0.141164 0.0135345
1 0.752586 0.0373114 0.0400862 0.045528 0.0100937
1 0.814655 0.549569 0.199138 0.137931 0.00793457
0 0.397629 0.367996 0.116379 0.172414 0.00751877
1 0.762284 0.537177 0.131897 0.12069 0.00674438
0 0.856034 0.538793 0.100862 0.125 0.00432968
2 0.311638 0.456897 0.0303879 0.0560345 0.00271416
1 0.645259 0.0202047 0.0465518 0.0404095 0.00215721
1 0.742241 0.0355603 0.0439655 0.0463362 0.0020752
2 0.752586 0.0373114 0.0400862 0.045528 0.00183868
2 0.856034 0.538793 0.100862 0.125 0.0018177
1 0.875431 0.51347 0.0698276 0.132543 0.00161076
2 0.645259 0.0202047 0.0465518 0.0404095 0.00115108
2 0.742241 0.0355603 0.0439655 0.0463362 0.00104046
0 0.436422 0.35695 0.161638 0.26778 0.00104046
1 0.764871 0.547414 0.0905172 0.112069 0.809082
0 0.398922 0.3618 0.124784 0.176185 0.0450134
1 0.854741 0.547414 0.106034 0.123922 0.0266571
2 0.310991 0.454741 0.0284483 0.0581896 0.00658798
0 0.395043 0.379849 0.0956897 0.15625 0.00313568
2 0.854741 0.547414 0.106034 0.123922 0.00309944
1 0.86056 0.538793 0.104741 0.174569 0.00201988
0 0.310991 0.454741 0.0284483 0.0581896 0.00199509
0 0.852802 0.549569 0.111207 0.159483 0.00131989
1 0.781034 0.534483 0.121552 0.150862 0.00105286
1 0.755172 0.59375 0.137069 0.224138 0.00101185
1 0.765517 0.545797 0.0879311 0.112069 0.796875
1 0.852155 0.54472 0.103448 0.126078 0.14856
0 0.400539 0.360453 0.113147 0.161638 0.0324707
1 0.809483 0.543103 0.182328 0.131466 0.012825
2 0.311315 0.456897 0.0232759 0.0517241 0.0112457
2 0.854741 0.546875 0.106034 0.117457 0.00985718
0 0.854741 0.546875 0.106034 0.117457 0.00283432
2 0.846336 0.321659 0.0297413 0.0420258 0.00169373
2 0.39569 0.365302 0.103448 0.162715 0.00168705
1 0.846336 0.321659 0.0297413 0.0420258 0.00142097
0 0.311315 0.456897 0.0232759 0.0517241 0.00141048
2 0.874138 0.544181 0.12931 0.12069 0.00113392
2 0.760345 0.540409 0.0801724 0.113147 0.00107765
0 0.411853 0.363147 0.115733 0.192888 0.00107288
1 0.766164 0.550647 0.087931 0.115302 0.725098
0 0.432866 0.360453 0.0633621 0.136853 0.262207
2 0.310345 0.451509 0.0323276 0.0581896 0.0451965
1 0.856034 0.543642 0.107328 0.12931 0.024704
0 0.396659 0.363685 0.11056 0.145474 0.0157776
0 0.380172 0.371633 0.0788793 0.155442 0.0125732
1 0.868319 0.524246 0.0853449 0.143319 0.00619125
1 0.310345 0.451509 0.0323276 0.0581896 0.0051384
1 0.778448 0.533405 0.0905172 0.150862 0.00416565
0 0.310345 0.451509 0.0323276 0.0581896 0.00402451
1 0.647845 0.613685 0.0232759 0.0657328 0.00263214
1 0.757759 0.532328 0.0775862 0.147629 0.00253105
2 0.432866 0.360453 0.0633621 0.136853 0.00223351
0 0.41056 0.366918 0.102155 0.173491 0.00203514
1 0.355603 0.179418 0.0206897 0.0581897 0.0014267
2 0.400539 0.379849 0.116379 0.155172 0.00140476
1 0.647845 0.0179149 0.0349138 0.0358297 0.00131512
0 0.440302 0.364359 0.087931 0.137662 0.00129986
1 0.755819 0.0382543 0.0375 0.046875 0.00112057
1 0.753233 0.552802 0.130603 0.114224 0.00108147
1 0.765517 0.551724 0.0905173 0.118534 0.788086
0 0.396983 0.376078 0.099569 0.154095 0.122131
1 0.852155 0.545259 0.108621 0.130388 0.0507202
0 0.420905 0.365302 0.0918103 0.150862 0.029541
1 0.807543 0.547953 0.183621 0.150862 0.0115967
0 0.400216 0.364763 0.113793 0.196121 0.00746155
0 0.384052 0.369073 0.0814655 0.159483 0.00674438
1 0.861853 0.525323 0.0956896 0.143319 0.00551224
0 0.853448 0.549569 0.106034 0.118534 0.0026722
2 0.709914 0.316541 0.0413793 0.0867457 0.00253105
0 0.310345 0.456897 0.0297414 0.0538793 0.0024929
2 0.396983 0.376078 0.099569 0.154095 0.00218201
2 0.310345 0.456897 0.0297414 0.0538793 0.00195694
1 0.776509 0.532328 0.115086 0.150862 0.00129986
0 0.861853 0.525323 0.0956896 0.143319 0.0012064
0 0.437069 0.363147 0.0931035 0.148707 0.00116062
1 0.753879 0.561422 0.111207 0.12931 0.0011034
1 0.396983 0.376078 0.099569 0.154095 0.00109005
0 0.709914 0.316541 0.0413793 0.0867457 0.00107765
0 0.371121 0.419181 0.102155 0.114224 0.00101662
1 0.761638 0.550647 0.087931 0.116379 0.766113
0 0.390517 0.361261 0.0956897 0.161099 0.0145569
0 0.410884 0.355873 0.107328 0.161099 0.00621796
0 0.420905 0.358297 0.0775862 0.155172 0.00314713
1 0.868966 0.541487 0.0698276 0.0980603 0.00273705
0 0.397629 0.37931 0.0840517 0.136853 0.00261116
1 0.751293 0.560345 0.108621 0.105603 0.00175476
0 0.378233 0.369612 0.0698276 0.149784 0.00146675
2 0.312931 0.457974 0.0297414 0.049569 0.00139904
2 0.645259 0.0189925 0.0413793 0.0379849 0.00138855
1 0.834052 0.543103 0.115086 0.114224 0.00121117
2 0.390517 0.361261 0.0956897 0.161099 0.00105667
1 0.765517 0.546336 0.0879311 0.103448 0.81543
2 0.312608 0.459052 0.0271552 0.0452586 0.00342941
1 0.835345 0.54472 0.1125 0.0948276 0.00279999
1 0.858621 0.54472 0.0982759 0.0872845 0.0012598
0 0.389224 0.37271 0.0827586 0.12958 0.00114727
1 0.762931 0.550647 0.087931 0.105603 0.767578
2 0.310668 0.456897 0.0394397 0.0581897 0.0200195
0 0.396336 0.364763 0.113793 0.172414 0.0173035
0 0.310668 0.456897 0.0394397 0.0581897 0.0064621
1 0.750647 0.568966 0.106034 0.0862069 0.00351143
0 0.401185 0.388066 0.109914 0.150593 0.00273705
0 0.408621 0.342403 0.143534 0.219289 0.00255013
1 0.832759 0.542026 0.0827586 0.101293 0.00170708
1 0.310668 0.456897 0.0394397 0.0581897 0.00153637
0 0.423168 0.353718 0.127371 0.182651 0.00146675
1 0.762284 0.533405 0.0892241 0.148707 0.00123501
1 0.766164 0.551724 0.087931 0.107759 0.759277
0 0.420905 0.343481 0.176509 0.25916 0.00502014
0 0.404418 0.353987 0.133836 0.235991 0.00502014
0 0.400216 0.365302 0.121552 0.178879 0.00492477
2 0.310991 0.460129 0.0336207 0.049569 0.00296974
1 0.830819 0.547414 0.0982758 0.105603 0.00181007
0 0.310991 0.460129 0.0336207 0.049569 0.00124454
1 0.880603 0.544181 0.0543104 0.0905172 0.0011692
1 0.754526 0.55819 0.120259 0.114224 0.0011034
0 0.424461 0.279095 0.16681 0.173491 0.00108624
1 0.764224 0.547414 0.087931 0.122845 0.762207
0 0.397953 0.35291 0.130603 0.217672 0.00941467
0 0.391164 0.363281 0.104741 0.17861 0.00728989
0 0.416379 0.344828 0.165517 0.246767 0.00324821
2 0.312284 0.457974 0.0310345 0.0517241 0.00200272
0 0.312284 0.457974 0.0310345 0.0517241 0.00134563
1 0.863793 0.542565 0.0827586 0.103448 0.00120163
1 0.765517 0.550108 0.0866379 0.102371 0.715332
0 0.395043 0.367457 0.107328 0.157328 0.00626373
2 0.312284 0.460129 0.0284483 0.0409483 0.00221634
1 0.875431 0.54472 0.0646552 0.0797414 0.00176811
0 0.413793 0.346713 0.157759 0.241918 0.00167465
0 0.398276 0.370151 0.126724 0.210129 0.00104809
1 0.764871 0.551724 0.0866379 0.109914 0.778809
0 0.405065 0.366918 0.123491 0.173491 0.0307922
0 0.416056 0.349407 0.160991 0.239763 0.005867
1 0.865086 0.547414 0.0827586 0.0905172 0.0042305
2 0.312284 0.457435 0.0329742 0.0474138 0.00225258
0 0.312284 0.457435 0.0329742 0.0474138 0.00131512
1 0.881896 0.496228 0.0620689 0.104526 0.00116062
1 0.763578 0.550647 0.0866379 0.112069 0.766113
0 0.403448 0.367996 0.122845 0.165948 0.00486755
1 0.872845 0.546336 0.0672413 0.0883621 0.00263214
2 0.311315 0.458513 0.0323276 0.0484914 0.00225258
0 0.421552 0.35291 0.171983 0.240302 0.0015974
1 0.763578 0.550647 0.0866379 0.112069 0.766113
0 0.403448 0.367996 0.122845 0.165948 0.00482941
1 0.872845 0.546336 0.0672413 0.0883621 0.00264168
2 0.311315 0.458513 0.0323276 0.0484914 0.00224304
0 0.421552 0.35291 0.171983 0.240302 0.0015974
