2 0.460087 0.827474 0.273155 0.227865 0.85791
2 0.953879 0.662109 0.0922429 0.248698 0.366699
2 0.939487 0.666504 0.118643 0.234701 0.177246
2 0.051389 0.415365 0.0996739 0.101562 0.151001
0 0.475262 0.832031 0.284191 0.247396 0.132568
2 0.19245 0.102214 0.117263 0.101237 0.105591
2 0.200555 0.0982666 0.167273 0.11792 0.0836182
2 0.838779 0.839844 0.144855 0.127604 0.0718384
2 0.15934 0.105103 0.187622 0.11792 0.0646362
2 0.662883 0.807292 0.202797 0.223958 0.0509033
2 0.944222 0.311117 0.111557 0.303548 0.0362244
2 0.131404 0.654948 0.130369 0.175781 0.032959
2 0.137267 0.827474 0.108986 0.130208 0.0290833
2 0.131577 0.101725 0.215558 0.143229 0.0246124
2 0.851195 0.825521 0.173826 0.152344 0.0189819
2 0.928451 0.834635 0.0689785 0.108073 0.0181274
2 0.114116 0.63916 0.109762 0.185221 0.0177155
2 0.747037 0.720703 0.400075 0.397135 0.0170441
1 0.460087 0.827474 0.273155 0.227865 0.0159607
2 0.726861 0.815104 0.375588 0.265625 0.0149536
0 0.953879 0.673828 0.0922429 0.235677 0.0147858
2 0.624255 0.813151 0.211074 0.248698 0.0145035
2 0.903618 0.658854 0.16003 0.182292 0.0137405
2 0.654606 0.826823 0.263498 0.276042 0.0127258
2 0.0531134 0.438802 0.106227 0.196615 0.0123367
2 0.168997 0.0933838 0.303505 0.171305 0.0122375
2 0.958017 0.678385 0.0839654 0.263021 0.0115051
2 0.0693234 0.633464 0.138647 0.205729 0.0112457
0 0.19245 0.102214 0.117263 0.101237 0.0102081
2 0.922933 0.816406 0.0772559 0.158854 0.00871277
2 0.691854 0.800781 0.259359 0.252604 0.00867462
0 0.654606 0.826823 0.263498 0.276042 0.00867462
0 0.051389 0.415365 0.0996739 0.101562 0.0085144
2 0.473882 0.845052 0.28833 0.296875 0.0085144
0 0.687198 0.806641 0.339029 0.261719 0.008255
2 0.222801 0.825521 0.222801 0.153646 0.00800323
2 0.233492 0.0799154 0.22556 0.159831 0.00790405
2 0.777811 0.647786 0.444378 0.550781 0.00717545
2 0.903179 0.652181 0.193641 0.372721 0.00706482
0 0.838779 0.839844 0.144855 0.127604 0.00679779
2 0.952593 0.848958 0.0938108 0.0911459 0.00658798
2 0.955258 0.301107 0.0894837 0.263021 0.00653839
2 0.904214 0.316406 0.191572 0.311198 0.00638962
2 0.151063 0.822266 0.142786 0.157552 0.00621796
2 0.402145 0.822917 0.241425 0.216146 0.00614548
0 0.933875 0.676432 0.13225 0.236979 0.00600433
2 0.174861 0.0949707 0.349721 0.189941 0.00591278
0 0.747037 0.720703 0.400075 0.397135 0.005867
2 0.909137 0.735677 0.168308 0.348958 0.00511932
2 0.875243 0.654297 0.249514 0.453125 0.00457382
2 0.462501 0.825521 0.269706 0.210937 0.92627
2 0.0419907 0.41276 0.0839813 0.0911458 0.331055
2 0.201245 0.113444 0.0686336 0.0572917 0.184204
2 0.911896 0.653483 0.106227 0.151367 0.111633
2 0.195554 0.101562 0.0827742 0.0882161 0.101562
2 0.184518 0.839844 0.0917414 0.114583 0.0930176
2 0.679438 0.784505 0.220731 0.261719 0.0484924
2 0.165893 0.828776 0.115194 0.139323 0.044342
2 0.909827 0.648438 0.143475 0.166667 0.044281
2 0.662194 0.777995 0.175205 0.227865 0.0422363
2 0.786355 0.723796 0.380761 0.318034 0.0309143
2 0.0472503 0.419922 0.0945006 0.122396 0.0273743
2 0.921553 0.847005 0.0469053 0.0585937 0.0240479
2 0.0893703 0.625 0.0888961 0.153646 0.0228882
2 0.115539 0.64974 0.102088 0.15625 0.0213623
2 0.139681 0.833333 0.0938108 0.119792 0.0202484
2 0.206418 0.0776367 0.254186 0.155273 0.0199432
2 0.909827 0.628906 0.0993291 0.0833334 0.0182648
2 0.148476 0.811198 0.16003 0.179688 0.0145569
2 0.942246 0.667318 0.0662194 0.151042 0.0145035
2 0.720308 0.752604 0.308679 0.322917 0.0136337
2 0.953973 0.220052 0.0496645 0.0520833 0.0135345
2 0.423528 0.561849 0.0372484 0.0351562 0.0120087
2 0.814636 0.859375 0.0648398 0.0755209 0.0119629
2 0.681508 0.783203 0.162789 0.175781 0.0108185
2 0.148821 0.821615 0.111055 0.151042 0.0100098
2 0.0322475 0.452148 0.0644949 0.140625 0.00912476
2 0.534239 0.302734 0.0455258 0.0351562 0.00905609
2 0.903618 0.660156 0.0993291 0.110677 0.00861359
0 0.462501 0.825521 0.269706 0.210937 0.008255
2 0.804979 0.865234 0.0662194 0.0729166 0.00818634
1 0.201245 0.113444 0.0686336 0.0572917 0.00806427
2 0.073419 0.584635 0.0663056 0.0807292 0.00800323
2 0.969054 0.634766 0.0618923 0.261719 0.00800323
2 0.809808 0.844401 0.0855334 0.11849 0.00775528
2 0.373864 0.811198 0.0827742 0.166667 0.00731659
2 0.765834 0.774089 0.385935 0.269531 0.00725937
2 0.555277 0.309896 0.0441462 0.0299479 0.00701141
1 0.462501 0.825521 0.269706 0.210937 0.0064621
2 0.918104 0.833333 0.0455258 0.0807291 0.00582123
2 0.796012 0.839193 0.0882925 0.130208 0.00564194
2 0.734621 0.804036 0.0455258 0.105469 0.00551224
2 0.887753 0.846354 0.0620807 0.0807292 0.00530243
2 0.227629 0.090332 0.169687 0.130534 0.00524139
2 0.412491 0.790365 0.163479 0.140625 0.00521851
2 0.749107 0.30306 0.0331097 0.0403646 0.0051384
2 0.0670816 0.680339 0.134163 0.355469 0.00471878
2 0.564244 0.797526 0.485609 0.261719 0.00468063
1 0.534239 0.302734 0.0455258 0.0351562 0.00457382
2 0.0408698 0.50293 0.0617358 0.0618489 0.00457382
2 0.460776 0.815755 0.259359 0.201823 0.773438
2 0.0420769 0.409505 0.083464 0.0989584 0.542969
2 0.112435 0.653646 0.100019 0.161458 0.147583
1 0.196244 0.105428 0.0800151 0.0756022 0.102661
1 0.39973 0.103516 0.0503543 0.0566406 0.0827026
2 0.924312 0.846354 0.0607011 0.063802 0.0803833
2 0.0476814 0.423177 0.0953628 0.0950521 0.076416
1 0.460087 0.816406 0.264877 0.210937 0.0656128
2 0.459052 0.760417 0.247633 0.0885417 0.0499573
2 0.957422 0.852865 0.0772559 0.0664062 0.0458679
2 0.455948 0.78125 0.245563 0.132812 0.0427246
2 0.0398351 0.436198 0.0751866 0.160156 0.0401001
2 0.195209 0.105143 0.0765661 0.0823568 0.0366211
1 0.165031 0.106486 0.249357 0.0910644 0.0344238
2 0.201072 0.0997721 0.100019 0.101562 0.0218658
2 0.92983 0.600911 0.0524237 0.0638021 0.0205688
2 0.13675 0.83724 0.104502 0.104167 0.0144501
2 0.96156 0.693359 0.0538032 0.0989584 0.0139542
2 0.0962681 0.667318 0.138561 0.143229 0.0133286
2 0.954663 0.215007 0.0607011 0.0660807 0.0129242
2 0.0882925 0.572266 0.0624256 0.0729166 0.0126266
0 0.572866 0.231283 0.0669092 0.0582682 0.0124817
2 0.196071 0.848307 0.0858782 0.0885417 0.0123367
2 0.153995 0.0914307 0.230043 0.125732 0.0122375
2 0.870509 0.685547 0.0938108 0.0703125 0.0122375
2 0.659434 0.0981445 0.0910516 0.09375 0.012146
2 0.0297039 0.501302 0.0594077 0.0820312 0.0109863
2 0.805669 0.861979 0.0689786 0.0651042 0.0108185
2 0.895341 0.848307 0.0662194 0.0690105 0.0108185
2 0.666332 0.803385 0.195899 0.132812 0.0106125
2 0.159858 0.841146 0.113125 0.10026 0.0106125
2 0.958801 0.601562 0.0551828 0.09375 0.0100937
2 0.958801 0.661458 0.0496645 0.148438 0.00985718
2 0.917414 0.835286 0.0551828 0.0729166 0.00955963
1 0.0493196 0.275391 0.0986393 0.10612 0.00948334
2 0.827742 0.85612 0.0689785 0.0664062 0.00930023
2 0.881545 0.606608 0.0662194 0.055013 0.00901794
0 0.198831 0.106934 0.086568 0.0875651 0.00867462
2 0.572866 0.231283 0.0669092 0.0582682 0.00844574
2 0.919484 0.685547 0.103468 0.104167 0.00831604
2 0.645639 0.829427 0.140716 0.101562 0.00812531
2 0.101916 0.69401 0.114504 0.139323 0.00763702
2 0.23332 0.833333 0.184518 0.119792 0.00748825
1 0.420769 0.113607 0.0593215 0.0520833 0.00734711
1 0.201072 0.0997721 0.100019 0.101562 0.00728989
2 0.128817 0.0953776 0.257635 0.147135 0.00712204
2 0.702201 0.782552 0.255221 0.130208 0.00712204
1 0.572866 0.231283 0.0669092 0.0582682 0.0069046
1 0.954663 0.215007 0.0607011 0.0660807 0.0069046
2 0.926381 0.652506 0.0855333 0.145508 0.00661469
2 0.460776 0.820964 0.270396 0.220052 0.84375
1 0.197279 0.114217 0.0710479 0.0658366 0.270508
2 0.0469054 0.414062 0.0938108 0.110677 0.246582
1 0.399041 0.109049 0.0475952 0.0504557 0.189575
2 0.936038 0.851562 0.0896721 0.0651041 0.161865
2 0.497335 0.647135 0.0717376 0.0416667 0.14563
2 0.51458 0.647135 0.0813946 0.046875 0.122131
1 0.0494921 0.297526 0.0989842 0.144531 0.116333
2 0.125713 0.858073 0.0813946 0.0651042 0.113159
1 0.80291 0.445312 0.0910516 0.169271 0.101257
1 0.954663 0.22054 0.0634602 0.0784505 0.100159
1 0.0710479 0.307617 0.142096 0.163411 0.0878906
2 0.93121 0.871745 0.107606 0.110677 0.0875854
2 0.197279 0.114217 0.0710479 0.0658366 0.0859985
2 0.168308 0.822917 0.142096 0.143229 0.0817871
2 0.811187 0.865885 0.0800151 0.0625 0.0786133
2 0.109676 0.638672 0.0924312 0.14974 0.0769653
2 0.845676 0.845052 0.233147 0.174479 0.0745239
1 0.956042 0.493164 0.0841538 0.0696614 0.0708008
2 0.96156 0.115397 0.0634603 0.0745443 0.0685425
1 0.420769 0.118327 0.0538032 0.0449219 0.0618896
2 0.953973 0.136068 0.0827742 0.102865 0.0554199
2 0.947765 0.858073 0.0965699 0.0755208 0.0535889
2 0.820844 0.859375 0.0662194 0.0677084 0.0531921
1 0.0610891 0.270915 0.0806186 0.0948893 0.0495911
2 0.0888098 0.608073 0.0841538 0.121094 0.0445251
2 0.664953 0.856771 0.0496645 0.0520834 0.0428772
1 0.199693 0.238281 0.0531135 0.0390625 0.0401001
2 0.116574 0.861328 0.0675989 0.10026 0.0397034
1 0.119333 0.301107 0.124851 0.149089 0.0377502
2 0.954663 0.22054 0.0634602 0.0784505 0.0372009
2 0.693924 0.763021 0.0551828 0.0651041 0.0367737
1 0.0510441 0.372396 0.102088 0.184896 0.0352783
2 0.363862 0.638021 0.0800151 0.0690104 0.0351562
2 0.965009 0.0788574 0.0634602 0.110514 0.0332031
2 0.658055 0.326497 0.0744968 0.0449219 0.0318604
0 0.954663 0.22054 0.0634602 0.0784505 0.0317383
2 0.361792 0.65625 0.0751866 0.0885416 0.0297546
2 0.824983 0.83724 0.0551828 0.0963541 0.0284424
1 0.0461294 0.273519 0.0922588 0.123535 0.0267639
2 0.863611 0.698568 0.0565624 0.0559896 0.0266571
2 0.960871 0.125163 0.057942 0.0595703 0.0265503
2 0.689785 0.231608 0.0496645 0.0400391 0.026062
2 0.154339 0.816406 0.140371 0.226562 0.0257111
0 0.197279 0.114217 0.0710479 0.0658366 0.0229797
2 0.949834 0.119466 0.0717377 0.0644531 0.0213623
2 0.665643 0.0987956 0.0882925 0.0888672 0.0208893
2 0.0459569 0.434245 0.0919139 0.165365 0.0200958
2 0.938108 0.130859 0.0689786 0.0585937 0.0199432
2 0.0831191 0.578125 0.0779457 0.0729166 0.0199432
2 0.459052 0.820964 0.268326 0.21875 0.836426
2 0.0450947 0.414714 0.0901894 0.102865 0.129395
2 0.804289 0.871094 0.038628 0.0416666 0.104492
2 0.199693 0.117187 0.0682887 0.0611979 0.088501
0 0.457328 0.817708 0.277294 0.213542 0.0710449
2 0.793253 0.871745 0.0827742 0.048177 0.0583496
2 0.89948 0.86849 0.0455258 0.0390625 0.0535889
2 0.971907 0.859375 0.0538032 0.0625 0.0463867
0 0.0960526 0.859375 0.0493196 0.0572916 0.0319824
2 0.093509 0.616048 0.0799288 0.0960287 0.0279083
2 0.969744 0.867839 0.0605127 0.0507812 0.0231934
0 0.958801 0.219727 0.0524237 0.0748698 0.016983
2 0.917414 0.856771 0.080015 0.0598959 0.0166626
2 0.0993291 0.865885 0.0555277 0.0416667 0.0157166
2 0.958801 0.219727 0.0524237 0.0748698 0.0156021
1 0.394557 0.109375 0.0400075 0.0403646 0.0153046
2 0.197968 0.104004 0.0717377 0.0934245 0.0149002
2 0.48009 0.640625 0.0538032 0.0390625 0.0138474
1 0.4187 0.563802 0.0469054 0.0390625 0.0132217
0 0.199693 0.117187 0.0682887 0.0611979 0.0131226
0 0.124161 0.858073 0.093121 0.0677083 0.0122375
2 0.0976046 0.627604 0.0689785 0.0989583 0.0121918
2 0.808428 0.877604 0.0717377 0.0442708 0.0116882
1 0.651157 0.325195 0.0551828 0.0377604 0.0112
1 0.409732 0.561849 0.0496645 0.0455729 0.0108566
0 0.651157 0.325195 0.0551828 0.0377604 0.00993347
2 0.120023 0.622233 0.0748417 0.0940755 0.00963593
2 0.86637 0.696615 0.057942 0.0520834 0.00963593
2 0.409732 0.561849 0.0496645 0.0455729 0.00898743
2 0.4187 0.563802 0.0469054 0.0390625 0.00891876
2 0.967329 0.227539 0.0653412 0.0768229 0.00881195
2 0.807049 0.871094 0.0813946 0.0494791 0.00871277
0 0.141578 0.822266 0.126576 0.152344 0.0086441
2 0.0960526 0.859375 0.0493196 0.0572916 0.00854492
2 0.311093 0.649089 0.0337995 0.048177 0.008255
2 0.925692 0.871094 0.080015 0.0572916 0.00818634
0 0.0450947 0.414714 0.0901894 0.102865 0.0078125
2 0.0951903 0.100586 0.148304 0.113932 0.00751877
1 0.490437 0.48763 0.0524237 0.0416666 0.00748825
1 0.48009 0.640625 0.0538032 0.0390625 0.00701141
0 0.311093 0.649089 0.0337995 0.048177 0.0069046
0 0.114892 0.835937 0.124765 0.117187 0.0069046
1 0.199693 0.117187 0.0682887 0.0611979 0.00679779
2 0.751866 0.791667 0.0469053 0.0703125 0.00656509
2 0.73876 0.611328 0.038628 0.0377604 0.00634003
1 0.567348 0.317708 0.0400075 0.0299479 0.00605011
2 0.651157 0.325195 0.0551828 0.0377604 0.00577545
2 0.483539 0.798828 0.22487 0.161458 0.00577545
2 0.0415596 0.447266 0.0831191 0.106771 0.00572968
0 0.0993291 0.865885 0.0555277 0.0416667 0.00568771
2 0.454568 0.822917 0.280053 0.236979 0.981445
2 0.0461294 0.407227 0.0922588 0.114583 0.480469
2 0.103123 0.635254 0.109331 0.22168 0.478516
2 0.0495783 0.362549 0.0991566 0.228027 0.255371
2 0.12761 0.8125 0.123472 0.184896 0.221313
2 0.904308 0.642578 0.139337 0.226563 0.164551
2 0.06415 0.348307 0.1283 0.255208 0.115173
2 0.0453534 0.430339 0.0907067 0.153646 0.0623169
2 0.9319 0.640625 0.0979495 0.230469 0.0594177
2 0.114159 0.705078 0.140716 0.402344 0.0497742
2 0.911896 0.695964 0.154512 0.398437 0.049408
0 0.452844 0.821615 0.283502 0.236979 0.0488586
2 0.955352 0.216797 0.0620807 0.0911458 0.0456848
2 0.118988 0.634766 0.12761 0.244792 0.0401001
2 0.201072 0.113444 0.0593215 0.0615234 0.0389099
0 0.502853 0.587891 0.198658 0.09375 0.0335999
0 0.955352 0.216797 0.0620807 0.0911458 0.03125
2 0.808428 0.8125 0.0910516 0.179688 0.0304413
0 0.955948 0.295247 0.0881041 0.261719 0.0296478
0 0.919484 0.305908 0.154512 0.289225 0.0289764
2 0.0906205 0.339111 0.181241 0.228027 0.0264587
0 0.127093 0.817708 0.136233 0.197917 0.0239563
2 0.871888 0.722493 0.245563 0.422201 0.0230255
0 0.890418 0.327393 0.219163 0.356934 0.0210419
2 0.80084 0.851562 0.0800151 0.0963541 0.0206451
2 0.889823 0.726562 0.173826 0.391927 0.0181885
2 0.966389 0.855469 0.057942 0.0859375 0.0175171
2 0.062598 0.402995 0.125196 0.154948 0.0156021
0 0.808428 0.448242 0.0993291 0.20638 0.0154266
2 0.813946 0.859375 0.0717376 0.0859375 0.0149002
2 0.489403 0.645833 0.151063 0.0546875 0.0137939
0 0.118643 0.808594 0.102778 0.179688 0.0130692
2 0.137612 0.716309 0.131059 0.408529 0.0127258
2 0.800151 0.867187 0.0910516 0.0703125 0.0127258
2 0.906378 0.728516 0.113125 0.363281 0.0125275
2 0.493541 0.648438 0.0807048 0.0442709 0.0117798
1 0.452844 0.821615 0.283502 0.236979 0.0117798
2 0.916035 0.836589 0.0882925 0.115885 0.0113297
2 0.903618 0.773437 0.089672 0.244792 0.0106964
2 0.11916 0.360026 0.238321 0.257812 0.0104904
2 0.842917 0.73763 0.202797 0.377604 0.0104904
0 0.493541 0.599121 0.247633 0.119466 0.0100555
2 0.878786 0.794271 0.146234 0.244792 0.00963593
2 0.163479 0.813802 0.125541 0.190104 0.00945282
2 0.874647 0.813151 0.106227 0.175781 0.00912476
2 0.942936 0.766927 0.108986 0.28125 0.0088501
2 0.920173 0.853516 0.104847 0.102865 0.0088501
2 0.700822 0.770182 0.0827742 0.132812 0.00878143
2 0.713238 0.784505 0.0882925 0.123698 0.00844574
2 0.955948 0.295247 0.0881041 0.261719 0.00812531
0 0.456983 0.811198 0.271086 0.21875 0.741699
2 0.456293 0.8125 0.271086 0.231771 0.647949
2 0.0483712 0.415365 0.0932934 0.110677 0.0734253
0 0.0483712 0.415365 0.0932934 0.110677 0.0698242
2 0.959491 0.645182 0.0758764 0.192708 0.0512695
2 0.976641 0.857422 0.046717 0.0585937 0.0512695
2 0.93121 0.648275 0.0924312 0.193034 0.0422363
2 0.104847 0.638021 0.083464 0.157552 0.035675
2 0.972503 0.863281 0.0549945 0.0442709 0.0271759
2 0.918794 0.86849 0.0607011 0.03125 0.0228882
0 0.958801 0.221354 0.0551828 0.0755208 0.0199432
0 0.406283 0.564453 0.0634602 0.0559896 0.0162811
0 0.201072 0.111043 0.0675989 0.0650228 0.0158997
2 0.891892 0.656413 0.124161 0.168945 0.0156021
1 0.0555277 0.413411 0.0938108 0.102865 0.0149002
1 0.0501819 0.34082 0.100364 0.250651 0.0116882
2 0.958801 0.221354 0.0551828 0.0755208 0.011467
2 0.107434 0.623047 0.0655296 0.0976562 0.0113297
0 0.354205 0.647135 0.0786355 0.0598958 0.0106964
0 0.114159 0.638021 0.0896721 0.15625 0.00971222
0 0.415251 0.563151 0.0524236 0.0494792 0.00952148
1 0.812567 0.443034 0.0772559 0.169922 0.00926971
2 0.201072 0.111043 0.0675989 0.0650228 0.0086441
2 0.870509 0.688151 0.0800151 0.0820312 0.00701141
0 0.100364 0.635579 0.0731172 0.140299 0.0064888
2 0.927761 0.852865 0.0951903 0.0651041 0.00626373
2 0.911896 0.658203 0.135198 0.191406 0.00614548
2 0.354205 0.647135 0.0786355 0.0598958 0.00609589
2 0.965605 0.647135 0.0687901 0.208333 0.00600433
1 0.0488885 0.381185 0.097777 0.179036 0.00477219
2 0.968709 0.213216 0.062582 0.0651042 0.00441742
0 0.807049 0.443359 0.0855333 0.166667 0.00385475
1 0.456983 0.811198 0.271086 0.21875 0.00385475
0 0.516649 0.646484 0.0841538 0.0507812 0.00382423
2 0.977331 0.858073 0.0453374 0.0677083 0.0037365
2 0.406283 0.564453 0.0634602 0.0559896 0.00344276
2 0.099329 0.63151 0.101054 0.191406 0.00332451
0 0.107434 0.623047 0.0655296 0.0976562 0.00329781
2 0.820844 0.876302 0.0551828 0.0325521 0.00312424
2 0.972503 0.864583 0.0549945 0.0742188 0.00309944
0 0.949144 0.222005 0.0689785 0.0807292 0.00305176
2 0.415251 0.563151 0.0524236 0.0494792 0.00291252
0 0.976641 0.857422 0.046717 0.0585937 0.00282288
1 0.107434 0.623047 0.0655296 0.0976562 0.00255013
2 0.11985 0.646973 0.0913965 0.166992 0.00253105
2 0.971123 0.118001 0.0577536 0.138997 0.00253105
0 0.499404 0.647135 0.0841538 0.0494792 0.00252151
2 0.973537 0.0687663 0.0529251 0.0900065 0.0024929
2 0.871888 0.678385 0.107606 0.111979 0.0024929
1 0.958801 0.221354 0.0551828 0.0755208 0.00247192
2 0.456638 0.817057 0.266257 0.238281 0.939941
2 0.0457845 0.413411 0.091569 0.114583 0.457031
2 0.104847 0.636881 0.099329 0.205404 0.211426
2 0.916035 0.847656 0.0662194 0.0677084 0.185303
2 0.939487 0.644531 0.0965699 0.234375 0.123779
2 0.955948 0.645182 0.0881041 0.223958 0.0943604
0 0.455948 0.811198 0.278673 0.226562 0.0734253
2 0.0506992 0.373698 0.101398 0.205729 0.0618896
2 0.956732 0.219727 0.057942 0.0833333 0.0514526
1 0.455948 0.811198 0.278673 0.226562 0.0348816
2 0.113642 0.615234 0.119678 0.25651 0.0304413
2 0.893272 0.647135 0.120023 0.207031 0.0266571
2 0.953283 0.854818 0.0869129 0.0651041 0.0232391
2 0.916724 0.828125 0.0717377 0.117187 0.0199432
2 0.958017 0.649577 0.0839654 0.268555 0.0196381
0 0.956732 0.219727 0.057942 0.0833333 0.0185394
2 0.196934 0.11202 0.0751866 0.0702311 0.0182648
0 0.811877 0.449219 0.102088 0.188802 0.0148392
2 0.0550104 0.432292 0.107606 0.171875 0.0120544
2 0.14313 0.807943 0.108296 0.182292 0.0107346
2 0.922933 0.135742 0.057942 0.0957031 0.0104065
2 0.884304 0.652344 0.0993291 0.16276 0.0102921
2 0.671851 0.322917 0.0965699 0.0449219 0.00985718
2 0.947765 0.219889 0.0717377 0.0992838 0.00919342
0 0.818085 0.44401 0.0731173 0.188802 0.00871277
2 0.971123 0.0678711 0.0577536 0.103841 0.00867462
2 0.922933 0.690755 0.118643 0.31901 0.00812531
2 0.946385 0.835286 0.0951903 0.113281 0.00793457
0 0.916035 0.847656 0.0662194 0.0677084 0.00793457
2 0.938797 0.198242 0.067599 0.141276 0.00748825
0 0.953283 0.298096 0.0800151 0.265788 0.00725937
2 0.811877 0.449219 0.102088 0.188802 0.00712204
2 0.0883356 0.567708 0.124765 0.294271 0.00712204
2 0.953283 0.298096 0.0800151 0.265788 0.00679779
2 0.0414733 0.490885 0.0812222 0.127604 0.00638962
2 0.137785 0.488607 0.20866 0.363932 0.00614548
2 0.626325 0.795573 0.139337 0.174479 0.00600433
2 0.358688 0.640625 0.0910516 0.0833334 0.00595856
1 0.916035 0.847656 0.0662194 0.0677084 0.00591278
2 0.420424 0.559896 0.0469054 0.0410156 0.00588989
0 0.925692 0.307861 0.143475 0.316569 0.00582123
2 0.700822 0.777344 0.0910516 0.153646 0.00572968
2 0.056045 0.573568 0.0903618 0.114583 0.00559998
2 0.925002 0.851562 0.0841538 0.0950521 0.00551224
2 0.8981 0.84375 0.0634603 0.078125 0.00547028
2 0.474572 0.641927 0.136577 0.0677084 0.00534439
2 0.818085 0.44401 0.0731173 0.188802 0.00511932
2 0.916035 0.776693 0.0938108 0.247396 0.00500107
0 0.947765 0.219889 0.0717377 0.0992838 0.0049057
2 0.868439 0.647298 0.113125 0.194987 0.00462723
2 0.464225 0.813802 0.267637 0.22526 0.911133
2 0.0425942 0.411784 0.0851885 0.117839 0.23938
2 0.0494921 0.360352 0.0989842 0.23112 0.0566406
2 0.956042 0.641764 0.057942 0.22168 0.0531921
2 0.0936383 0.619629 0.08036 0.148763 0.0486755
2 0.035955 0.39388 0.0719101 0.173177 0.0423279
2 0.0950179 0.609538 0.103123 0.163737 0.0366211
2 0.934659 0.643229 0.089672 0.239583 0.0354004
2 0.108943 0.614583 0.107693 0.205729 0.033844
2 0.953283 0.219564 0.0496645 0.0791016 0.0316162
2 0.908447 0.844401 0.0565624 0.0755208 0.0246124
2 0.889823 0.643066 0.113125 0.169596 0.0164032
2 0.968709 0.657389 0.062582 0.263346 0.0144501
2 0.903618 0.836589 0.0441462 0.092448 0.0132217
0 0.953283 0.219564 0.0496645 0.0791016 0.0115051
2 0.797392 0.867187 0.0717376 0.0520834 0.0109024
0 0.133129 0.811198 0.106227 0.197917 0.00978088
2 0.957422 0.636068 0.0800151 0.223958 0.0088501
2 0.805669 0.86849 0.0469053 0.0338541 0.00821686
2 0.0962681 0.646484 0.082688 0.192708 0.00809479
2 0.967079 0.859375 0.0510441 0.0546875 0.0078125
2 0.904998 0.816406 0.0634602 0.138021 0.00763702
0 0.812567 0.444661 0.0965699 0.176432 0.00734711
2 0.918794 0.710286 0.102088 0.335937 0.00728989
2 0.0862662 0.57194 0.117867 0.201172 0.00661469
0 0.105192 0.8125 0.073807 0.183594 0.0064888
2 0.903618 0.802083 0.0855333 0.190104 0.00614548
2 0.120367 0.806641 0.0889823 0.196615 0.00527954
2 0.0489747 0.576823 0.0651847 0.0924479 0.0051384
0 0.463536 0.816406 0.260739 0.21875 0.00496292
2 0.968364 0.675781 0.0632719 0.33724 0.00494385
2 0.758764 0.863281 0.0689785 0.0481771 0.00494385
2 0.138302 0.8125 0.105537 0.205729 0.00486755
2 0.700132 0.786458 0.103468 0.15625 0.00484848
2 0.366621 0.643229 0.0772559 0.0651042 0.00468063
2 0.105192 0.8125 0.073807 0.183594 0.00457382
2 0.724274 0.802734 0.0758764 0.111979 0.00453949
2 0.144165 0.657552 0.104158 0.339844 0.00446701
2 0.128817 0.720703 0.0989842 0.328125 0.00446701
2 0.949144 0.215332 0.0551828 0.101888 0.00441742
0 0.818775 0.445964 0.067599 0.179688 0.00428009
2 0.318336 0.653646 0.0489747 0.0898438 0.00426483
0 0.0425942 0.411784 0.0851885 0.117839 0.00419998
2 0.893961 0.8125 0.0689785 0.153646 0.00411606
2 0.0512165 0.597656 0.0700132 0.119792 0.00387001
0 0.154167 0.809896 0.0910516 0.205729 0.00363541
2 0.70634 0.843099 0.104847 0.0677084 0.00359344
2 0.055269 0.432943 0.100881 0.195312 0.00345612
2 0.713238 0.769531 0.0910516 0.161458 0.00329781
2 0.974572 0.0800781 0.0508557 0.11263 0.00327301
2 0.458707 0.817708 0.264877 0.223958 0.903809
2 0.0446636 0.412109 0.0841538 0.108073 0.663574
2 0.967768 0.856771 0.0551828 0.0625 0.139404
2 0.956732 0.220215 0.0524237 0.069987 0.137939
2 0.804289 0.869792 0.0413871 0.0338542 0.100891
2 0.976641 0.861328 0.046717 0.0546875 0.0869141
2 0.0910085 0.652344 0.0663056 0.135417 0.0734253
2 0.364207 0.644531 0.0855334 0.0677084 0.0607605
2 0.0525961 0.395182 0.105192 0.14974 0.0344849
2 0.0924312 0.629557 0.0727723 0.11849 0.0344849
2 0.913275 0.864583 0.0551828 0.0416666 0.0307312
2 0.110021 0.643392 0.0938108 0.148112 0.0278015
2 0.86775 0.691406 0.0717376 0.0703125 0.0255585
2 0.800151 0.86849 0.057942 0.0442709 0.0248871
2 0.873268 0.613281 0.057942 0.0520834 0.0225372
2 0.967768 0.622233 0.0634603 0.138346 0.0207214
2 0.968458 0.219076 0.0496645 0.0638021 0.0205231
2 0.935349 0.863281 0.0910516 0.0494791 0.0188293
0 0.458362 0.815104 0.269706 0.213542 0.0187683
2 0.201935 0.118327 0.0720826 0.0615234 0.0176392
2 0.0965699 0.66276 0.0869129 0.151042 0.014389
1 0.370415 0.648438 0.0786355 0.078125 0.0141144
2 0.974666 0.113932 0.0427667 0.104492 0.0135345
0 0.956732 0.220215 0.0524237 0.069987 0.0117798
2 0.96156 0.645833 0.0551828 0.161458 0.0113754
0 0.370415 0.648438 0.0786355 0.078125 0.0109863
1 0.832571 0.46224 0.0317302 0.11849 0.0107803
2 0.0841969 0.580078 0.0778595 0.0755208 0.0103302
2 0.975356 0.0722656 0.0441463 0.0569661 0.00993347
2 0.823603 0.86849 0.0551828 0.0442709 0.00941467
2 0.971123 0.865885 0.0577536 0.0677083 0.00930023
2 0.0505268 0.426432 0.0982944 0.148438 0.00923157
2 0.11278 0.688802 0.0958801 0.106771 0.00912476
2 0.932589 0.623698 0.0662194 0.115885 0.00908661
2 0.927761 0.141602 0.0455258 0.0494792 0.00878143
2 0.420769 0.5625 0.0427667 0.03125 0.00812531
2 0.932589 0.873698 0.0717377 0.0494792 0.00769424
2 0.976736 0.0699056 0.0427667 0.0939128 0.00769424
2 0.960432 0.635417 0.0791369 0.18099 0.00703812
2 0.767041 0.864583 0.0800151 0.0364584 0.00701141
1 0.968458 0.219076 0.0496645 0.0638021 0.00664139
1 0.976736 0.0699056 0.0427667 0.0939128 0.00643921
2 0.404904 0.565755 0.0427667 0.0377604 0.00629044
2 0.977331 0.858073 0.0453374 0.0651042 0.00598145
1 0.956732 0.220215 0.0524237 0.069987 0.00582123
2 0.936728 0.572917 0.0524236 0.0494792 0.00557709
2 0.317991 0.647786 0.0358688 0.0559896 0.00547028
2 0.929141 0.654948 0.0703581 0.14974 0.00527954
2 0.848436 0.608073 0.0413871 0.0338542 0.00446701
2 0.94905 0.663411 0.1019 0.22526 0.00402451
2 0.464915 0.816406 0.274534 0.236979 0.901367
2 0.0485436 0.410482 0.0881201 0.110026 0.649414
0 0.147959 0.809896 0.106917 0.197917 0.139404
2 0.16072 0.80599 0.111745 0.192708 0.12854
2 0.96432 0.645833 0.0648398 0.222656 0.0869141
2 0.366966 0.639323 0.0827742 0.0807292 0.0713501
2 0.105882 0.645182 0.0889823 0.196615 0.0577087
2 0.968709 0.667969 0.062582 0.197917 0.0503235
2 0.0532859 0.377604 0.100709 0.191406 0.0366211
2 0.120023 0.636881 0.102778 0.194987 0.0350037
1 0.153822 0.811198 0.0934659 0.201823 0.0289764
2 0.942246 0.63151 0.077256 0.207031 0.0267639
0 0.11209 0.807292 0.104502 0.199219 0.0174408
2 0.911896 0.798177 0.104847 0.161458 0.0167847
2 0.0532859 0.420247 0.0996739 0.156901 0.0151291
2 0.904998 0.790365 0.0744968 0.184896 0.0147858
2 0.970778 0.682943 0.0584433 0.216146 0.0111618
2 0.975607 0.860677 0.0487864 0.0625 0.0111618
2 0.820844 0.860677 0.0607011 0.0625 0.0109024
0 0.901549 0.798177 0.0827742 0.170573 0.0106964
2 0.110021 0.808594 0.099329 0.190104 0.0100937
0 0.366966 0.639323 0.0827742 0.0807292 0.0100555
2 0.96526 0.651042 0.0694799 0.226562 0.00937653
2 0.140544 0.803385 0.118298 0.210937 0.00831604
2 0.900859 0.822917 0.080015 0.130208 0.00800323
0 0.957422 0.220052 0.0551828 0.0833333 0.00714874
0 0.698062 0.744141 0.0744968 0.165365 0.00669098
1 0.904998 0.790365 0.0744968 0.184896 0.00653839
1 0.469054 0.817057 0.274534 0.230469 0.00595856
1 0.366966 0.639323 0.0827742 0.0807292 0.00564194
1 0.0532859 0.377604 0.100709 0.191406 0.0055542
1 0.0566486 0.328857 0.112952 0.235514 0.00486755
1 0.0511303 0.401367 0.0984668 0.136068 0.00431442
0 0.420079 0.257243 0.0800151 0.105306 0.00428009
2 0.960181 0.217122 0.0496645 0.0898438 0.00424957
1 0.823603 0.439128 0.0731172 0.184245 0.0042305
0 0.17624 0.811198 0.114849 0.182292 0.00385475
1 0.957422 0.220052 0.0551828 0.0833333 0.00376511
2 0.137957 0.614583 0.108296 0.223958 0.00374985
2 0.954663 0.639974 0.0882924 0.203125 0.0037365
2 0.838779 0.791667 0.0744968 0.195312 0.00345612
1 0.405939 0.566406 0.0538032 0.0559896 0.0029583
2 0.0924312 0.600098 0.0889823 0.133138 0.00288963
0 0.120023 0.636881 0.102778 0.194987 0.00288963
0 0.407663 0.259766 0.0772559 0.110026 0.00281143
0 0.469054 0.817057 0.274534 0.230469 0.00266266
1 0.17624 0.811198 0.114849 0.182292 0.00264168
2 0.12968 0.642578 0.131749 0.25651 0.00260162
0 0.718756 0.749349 0.0993291 0.191406 0.00255013
2 0.973882 0.83724 0.0522353 0.111979 0.0024147
2 0.458707 0.822917 0.267637 0.223958 0.862305
2 0.0501819 0.417318 0.0913965 0.115885 0.511719
2 0.0443187 0.401042 0.0848436 0.152344 0.168823
2 0.0504405 0.36849 0.0912241 0.213542 0.139893
2 0.0550104 0.360758 0.108641 0.258952 0.0881958
2 0.376623 0.645182 0.0765661 0.0716145 0.0663452
0 0.148304 0.815755 0.105537 0.184896 0.0568542
2 0.968019 0.656901 0.0639616 0.184896 0.0505066
2 0.120712 0.647298 0.0876027 0.148112 0.0465393
2 0.939487 0.64209 0.0717377 0.168945 0.0409851
2 0.975356 0.10026 0.0469053 0.10026 0.029541
1 0.0539757 0.351888 0.107951 0.267578 0.0263519
2 0.909137 0.852865 0.0551828 0.0677084 0.0244751
2 0.103295 0.650879 0.0720825 0.161784 0.0236969
2 0.153477 0.816406 0.102778 0.186198 0.0184784
2 0.053717 0.432292 0.0905343 0.169922 0.0174408
2 0.970433 0.664714 0.0591332 0.19401 0.0106125
2 0.972503 0.855469 0.0549945 0.0729166 0.00912476
2 0.922933 0.852865 0.0882925 0.0677084 0.00746155
1 0.0504405 0.36849 0.0912241 0.213542 0.00638962
0 0.12192 0.816406 0.104502 0.182292 0.00595856
2 0.127955 0.667969 0.113815 0.205729 0.00579834
0 0.0443187 0.401042 0.0848436 0.152344 0.00559998
2 0.924312 0.658854 0.118643 0.182292 0.00553513
2 0.940867 0.600911 0.0689785 0.111979 0.00511932
1 0.0501819 0.417318 0.0913965 0.115885 0.00510025
0 0.0504405 0.36849 0.0912241 0.213542 0.00484848
2 0.363517 0.651042 0.0951903 0.0677083 0.00471878
2 0.960087 0.625651 0.0798267 0.15625 0.0041008
2 0.977331 0.0882161 0.0453374 0.129557 0.00400543
2 0.909137 0.841146 0.0634602 0.0859375 0.00378036
2 0.0499232 0.517578 0.0998464 0.365885 0.00370789
2 0.942246 0.663411 0.0813947 0.175781 0.00313568
1 0.15296 0.821615 0.096225 0.195312 0.00309944
0 0.376623 0.645182 0.0765661 0.0716145 0.0028553
2 0.957422 0.217773 0.0565624 0.078125 0.00276756
2 0.809808 0.861979 0.048285 0.0559895 0.00270462
2 0.971217 0.187174 0.0496645 0.147135 0.00259018
2 0.972597 0.119629 0.0524236 0.0771484 0.0024147
2 0.485609 0.651042 0.0758764 0.0494792 0.00234222
2 0.918794 0.80599 0.121402 0.173177 0.00223351
2 0.131921 0.826823 0.11278 0.153646 0.00222588
2 0.134163 0.641276 0.0993291 0.152344 0.0020504
2 0.422493 0.641927 0.177275 0.078125 0.00203514
1 0.0443187 0.401042 0.0848436 0.152344 0.00202751
2 0.120367 0.676432 0.104158 0.14974 0.00199509
2 0.883615 0.63151 0.0979495 0.102865 0.0018034
2 0.968364 0.845703 0.0632719 0.0885416 0.00179577
0 0.459052 0.81901 0.271086 0.231771 0.00163555
2 0.11347 0.81901 0.0827742 0.169271 0.00157928
2 0.460432 0.821615 0.273845 0.231771 0.900391
2 0.0439738 0.407227 0.0876027 0.116536 0.363037
2 0.0472503 0.385417 0.0945006 0.170573 0.11554
2 0.955352 0.65625 0.057942 0.210938 0.0775146
2 0.050613 0.35555 0.101226 0.23291 0.0609741
2 0.936728 0.645833 0.0689785 0.200521 0.0420837
1 0.0493196 0.392578 0.0896721 0.149089 0.0156021
2 0.965699 0.667318 0.057942 0.196615 0.0112457
0 0.0493196 0.392578 0.0896721 0.149089 0.0112457
2 0.110711 0.644531 0.0938108 0.182292 0.00930023
1 0.052165 0.345703 0.10433 0.259766 0.00754929
2 0.949144 0.644368 0.0813946 0.208659 0.00743103
2 0.956042 0.669922 0.0744968 0.251302 0.00701141
2 0.0547517 0.430664 0.10295 0.189453 0.00666809
2 0.0969148 0.63151 0.0720825 0.141927 0.00582123
2 0.966984 0.670736 0.066031 0.236654 0.00557709
2 0.142441 0.817708 0.0972597 0.195312 0.00530243
0 0.142441 0.817708 0.0972597 0.195312 0.0051384
2 0.978711 0.860026 0.0425783 0.0507812 0.00471878
2 0.198658 0.115885 0.0779457 0.0683594 0.00390053
2 0.200038 0.102539 0.0717377 0.0957031 0.00366402
2 0.985013 0.0878906 0.0275914 0.142904 0.00365067
2 0.913275 0.849609 0.0607011 0.0625 0.00332451
2 0.958112 0.217773 0.0427667 0.0670573 0.00284576
2 0.904998 0.847005 0.0496645 0.0716146 0.00271416
2 0.98078 0.846354 0.0384396 0.076823 0.00220871
2 0.96432 0.214193 0.0331097 0.0735677 0.00216484
0 0.985013 0.0878906 0.0275914 0.142904 0.00198746
2 0.0339719 0.434245 0.0679438 0.174479 0.0018034
2 0.893961 0.636068 0.0938108 0.139323 0.00175476
2 0.976046 0.0480143 0.0469054 0.071289 0.00170708
2 0.975262 0.0786133 0.0494762 0.093099 0.0017004
2 0.056821 0.509766 0.113642 0.361979 0.00164223
0 0.106227 0.815104 0.0910516 0.195312 0.0015192
1 0.0439738 0.407227 0.0876027 0.116536 0.00150108
0 0.459052 0.818359 0.269706 0.242187 0.00148964
2 0.0982944 0.813802 0.06415 0.18099 0.0014782
2 0.934659 0.656413 0.111745 0.208008 0.00133038
0 0.052165 0.345703 0.10433 0.259766 0.0012846
2 0.106227 0.815104 0.0910516 0.195312 0.00116539
0 0.0982944 0.813802 0.06415 0.18099 0.00106907
2 0.978711 0.0807292 0.0425783 0.108398 0.00105286
2 0.0287123 0.467773 0.0574246 0.296224 0.00104427
0 0.0439738 0.407227 0.0876027 0.116536 0.00101662
2 0.457328 0.816406 0.270396 0.234375 0.878418
2 0.0458707 0.409505 0.0896721 0.119792 0.345947
2 0.0516477 0.382812 0.103295 0.174479 0.118774
2 0.0429391 0.400391 0.0796702 0.160156 0.0420227
2 0.0546655 0.345052 0.107951 0.257812 0.018692
0 0.0439738 0.39974 0.0755315 0.136719 0.0164032
2 0.951903 0.648438 0.0689785 0.21875 0.0106964
2 0.0505268 0.429362 0.101054 0.179688 0.00926971
2 0.110021 0.632161 0.105882 0.213542 0.00751877
2 0.0995015 0.625163 0.086568 0.174154 0.00582123
2 0.941557 0.61849 0.0731172 0.195312 0.00352478
2 0.980874 0.101888 0.0358688 0.118164 0.00213242
2 0.972597 0.0791829 0.0524236 0.0825195 0.00203514
2 0.955352 0.213542 0.0441462 0.0722656 0.00201035
1 0.0439738 0.39974 0.0755315 0.136719 0.00199509
2 0.96457 0.655599 0.0708595 0.222656 0.00188923
2 0.197279 0.104329 0.073807 0.0960286 0.00179577
2 0.197796 0.118327 0.0762213 0.0598958 0.00118351
2 0.461811 0.810547 0.266947 0.22526 0.907227
2 0.0452671 0.412109 0.0905343 0.115885 0.269043
2 0.956732 0.650391 0.0731173 0.207031 0.0734253
2 0.964225 0.664714 0.0715493 0.190104 0.02034
0 0.0520788 0.41276 0.0938108 0.10026 0.00695801
2 0.0519063 0.431641 0.103813 0.173177 0.006073
2 0.0941557 0.621745 0.073807 0.143229 0.0053215
2 0.942936 0.632812 0.0703581 0.191406 0.00510025
2 0.108296 0.633952 0.0945005 0.174805 0.00510025
0 0.462846 0.813151 0.269016 0.227865 0.00453949
0 0.960087 0.656087 0.0798267 0.198242 0.00421524
2 0.0862231 0.605469 0.0800151 0.123698 0.00351143
1 0.462846 0.813151 0.269016 0.227865 0.00261116
2 0.979401 0.0940348 0.0411987 0.134196 0.00228691
2 0.194519 0.105469 0.0827742 0.100911 0.00226974
2 0.977331 0.857422 0.0453374 0.0559896 0.0020504
2 0.0608735 0.411458 0.107951 0.109375 0.00182438
2 0.962156 0.659017 0.075688 0.226237 0.00149536
2 0.975262 0.0634766 0.0494762 0.102539 0.00130463
2 0.194692 0.11556 0.0824293 0.070638 0.00126457
2 0.96156 0.213542 0.0441462 0.0774739 0.00117397
2 0.315232 0.651042 0.0331097 0.0625 0.00115108
2 0.138819 0.813802 0.101398 0.179688 0.00109863
2 0.815326 0.876953 0.0469054 0.0364584 0.00104046
2 0.942246 0.672526 0.0827742 0.195312 0.00102425
2 0.457672 0.817708 0.273845 0.234375 0.878418
2 0.0505268 0.389648 0.0996739 0.150391 0.324219
2 0.048285 0.408854 0.0924312 0.121094 0.251709
2 0.960181 0.651042 0.0717377 0.209635 0.0404663
2 0.113642 0.645182 0.107951 0.204427 0.0198669
2 0.969838 0.093099 0.0496645 0.150391 0.0145035
2 0.943626 0.644694 0.0772559 0.208008 0.0135345
2 0.0551828 0.43099 0.104847 0.186198 0.0132217
0 0.0505268 0.389648 0.0996739 0.150391 0.0100098
2 0.0547517 0.351644 0.109503 0.252441 0.00763702
2 0.0424218 0.434245 0.0848436 0.178385 0.00387001
2 0.0469054 0.369466 0.0938108 0.202474 0.00260162
2 0.2009 0.102376 0.0748417 0.0960286 0.00235939
2 0.200727 0.118652 0.0765661 0.0602213 0.00232315
2 0.100364 0.619141 0.0986393 0.167969 0.00232315
2 0.967674 0.664062 0.0646514 0.229167 0.00232315
2 0.808428 0.870443 0.0551828 0.0572916 0.00226974
2 0.974917 0.0791829 0.0501659 0.108887 0.00219917
2 0.975262 0.858073 0.0494762 0.0625 0.0019722
2 0.936728 0.679036 0.0855333 0.213542 0.00172043
2 0.956042 0.217448 0.0441462 0.0696614 0.00161076
0 0.969838 0.093099 0.0496645 0.150391 0.0014782
2 0.375243 0.639323 0.0662194 0.0677083 0.00146675
2 0.143303 0.817708 0.100364 0.192708 0.00129986
2 0.960181 0.20931 0.0441462 0.0800781 0.00124454
2 0.96294 0.75 0.0689786 0.296875 0.0012064
2 0.968458 0.849609 0.0551828 0.0950521 0.0011034
2 0.455258 0.813802 0.274534 0.235677 0.889648
2 0.048285 0.407227 0.0945006 0.123698 0.2854
2 0.0504405 0.365885 0.097777 0.21224 0.156128
2 0.110711 0.639974 0.0982944 0.229167 0.0428772
2 0.956042 0.65625 0.0717377 0.236979 0.0186157
2 0.0509579 0.43099 0.101916 0.186198 0.0181885
2 0.933969 0.6486 0.077256 0.228841 0.0177155
2 0.0475952 0.398437 0.0951903 0.191406 0.0148392
2 0.194864 0.105632 0.083464 0.108398 0.0115051
2 0.973882 0.0924072 0.0522353 0.148519 0.00818634
2 0.128645 0.815104 0.123472 0.213542 0.00498199
2 0.888443 0.644694 0.113125 0.202799 0.00307465
2 0.975262 0.074707 0.0494762 0.112956 0.00288963
0 0.0505268 0.367187 0.0972597 0.196615 0.00185299
2 0.951903 0.207682 0.0551828 0.0865885 0.00179577
2 0.121057 0.733724 0.12692 0.380208 0.00178909
0 0.128645 0.815104 0.123472 0.213542 0.00157356
2 0.965605 0.665365 0.0687901 0.246094 0.00144386
2 0.0557001 0.338623 0.1114 0.261556 0.00141621
2 0.93052 0.127279 0.0538032 0.102214 0.00101185
2 0.455603 0.816406 0.266947 0.223958 0.859863
2 0.0472503 0.410807 0.0876027 0.115234 0.437744
2 0.960181 0.658203 0.0648398 0.217448 0.0900879
2 0.976297 0.0911458 0.0474068 0.133464 0.0411377
2 0.11209 0.630859 0.0848436 0.175781 0.033844
2 0.969838 0.0901693 0.0524236 0.146484 0.0303802
2 0.197968 0.117187 0.0772559 0.0709635 0.0191956
2 0.0531997 0.429036 0.0984668 0.166667 0.0181885
2 0.0981219 0.621745 0.0665643 0.139323 0.0162811
2 0.943626 0.645182 0.0662194 0.19401 0.0141754
2 0.197279 0.106771 0.0807049 0.100911 0.00828552
2 0.975952 0.0714518 0.0480966 0.0927734 0.00677109
2 0.953283 0.214193 0.0496645 0.0716146 0.00656509
2 0.0912241 0.600423 0.0727723 0.124674 0.00579834
2 0.966295 0.662109 0.0674106 0.213542 0.00502014
2 0.975356 0.0535482 0.0469053 0.078776 0.00376511
2 0.140026 0.815104 0.0910516 0.192708 0.00287819
2 0.0531135 0.343099 0.101743 0.253906 0.0024147
2 0.925692 0.133138 0.0496645 0.0826823 0.00230598
2 0.939487 0.213216 0.0538032 0.0755208 0.00219154
2 0.104158 0.648275 0.0800151 0.174805 0.00188923
2 0.971217 0.116699 0.0469053 0.0823568 0.00168705
2 0.932589 0.114095 0.0441462 0.0784505 0.0016613
0 0.458362 0.817708 0.266947 0.226562 0.00164223
2 0.975952 0.858073 0.0480966 0.0520833 0.0015192
2 0.0734621 0.539714 0.100364 0.11849 0.0014267
2 0.977331 0.0852865 0.0453374 0.119466 0.00124931
2 0.035955 0.432943 0.0719101 0.170573 0.00124454
2 0.0412147 0.501302 0.0765661 0.0898438 0.00116539
0 0.046388 0.410156 0.0862231 0.108073 0.00107288
0 0.140026 0.815104 0.0910516 0.192708 0.00102425
2 0.462846 0.817057 0.267637 0.233073 0.905273
2 0.0480263 0.412109 0.0894996 0.117187 0.379395
2 0.977331 0.089152 0.0453374 0.132243 0.0611877
2 0.962846 0.657552 0.0743084 0.222656 0.049408
2 0.0548379 0.434896 0.0993291 0.18099 0.0280151
2 0.198313 0.117472 0.0786355 0.0736491 0.0225372
2 0.113125 0.632161 0.0903619 0.18099 0.0159607
2 0.941557 0.650391 0.0731172 0.209635 0.0150757
2 0.197968 0.10612 0.0807049 0.102865 0.0120087
2 0.103468 0.624349 0.0779457 0.145833 0.00989532
2 0.975262 0.0717773 0.0494762 0.0859375 0.00706482
2 0.967674 0.665527 0.0646514 0.234049 0.00482941
2 0.952593 0.217122 0.0496645 0.0611979 0.00460815
2 0.974227 0.0992838 0.0515455 0.0882161 0.00443268
2 0.975356 0.0449219 0.0469053 0.0625 0.00436401
2 0.0938539 0.602702 0.0833778 0.12793 0.002388
2 0.972597 0.119792 0.0524236 0.0696614 0.00208282
0 0.0477676 0.411458 0.0896721 0.110677 0.00195694
2 0.039404 0.432943 0.0788079 0.173177 0.00189686
2 0.929141 0.13623 0.0524236 0.0647786 0.00188255
2 0.144165 0.817057 0.101398 0.19401 0.00178909
2 0.940867 0.211914 0.0551828 0.0716146 0.0016613
2 0.975952 0.858073 0.0480966 0.046875 0.0016613
2 0.052941 0.346436 0.105537 0.25765 0.00154305
2 0.0473365 0.478841 0.0832916 0.143229 0.00153637
2 0.976986 0.0791829 0.0460272 0.104329 0.0014782
2 0.0713496 0.510417 0.112521 0.183594 0.00147247
0 0.977331 0.089152 0.0453374 0.132243 0.00143242
2 0.937418 0.113241 0.0510441 0.0749512 0.00128937
2 0.978711 0.0600586 0.0425783 0.0979818 0.00103188
2 0.975356 0.852865 0.0455258 0.0755209 0.00102806
2 0.457328 0.81901 0.266257 0.234375 0.878418
2 0.0468192 0.411458 0.08812 0.116536 0.206299
2 0.96156 0.658203 0.0744968 0.213542 0.0464783
2 0.973977 0.0911865 0.0469054 0.136637 0.0131683
2 0.0536308 0.437174 0.0996739 0.184896 0.0106125
2 0.197623 0.116374 0.0800151 0.078125 0.00703812
2 0.943626 0.649089 0.0744968 0.200521 0.00534439
2 0.966984 0.661621 0.066031 0.218424 0.00325966
2 0.109331 0.63265 0.0882925 0.187826 0.00286674
2 0.100019 0.627604 0.0744968 0.153646 0.00268364
2 0.951903 0.218424 0.0496645 0.0670573 0.00197983
0 0.0444911 0.409505 0.08036 0.106771 0.0016613
2 0.975952 0.0708008 0.0480966 0.0823568 0.0014782
2 0.973977 0.0413411 0.0441462 0.0563151 0.00135136
2 0.0388866 0.434245 0.0777733 0.174479 0.00129414
2 0.0912241 0.600911 0.0793253 0.127604 0.00118828
2 0.457328 0.81901 0.266257 0.234375 0.878418
2 0.0468192 0.411458 0.08812 0.115885 0.206909
2 0.96156 0.658203 0.0744968 0.213542 0.0467224
2 0.973977 0.0911051 0.0469054 0.136149 0.0131683
2 0.0538032 0.437174 0.0996739 0.184896 0.0106506
2 0.197623 0.116211 0.0800151 0.078125 0.00706482
2 0.943626 0.649089 0.0744968 0.200521 0.00536346
2 0.967329 0.661621 0.0653412 0.218424 0.00328636
2 0.109331 0.63265 0.0882925 0.187826 0.00286674
2 0.100019 0.627604 0.0744968 0.153646 0.00269318
2 0.951903 0.218424 0.0496645 0.0670573 0.00198746
0 0.0444911 0.409505 0.08036 0.106771 0.0016613
2 0.975952 0.0708008 0.0480966 0.0823568 0.00147247
2 0.974666 0.0413411 0.0441462 0.0563151 0.00134563
2 0.0389729 0.434245 0.0779457 0.174479 0.00129986
2 0.0912241 0.600911 0.0793253 0.127604 0.00118828
