2 0.172953 0.448276 0.087931 0.0732759 0.243652
2 0.501078 0.454203 0.0659483 0.0700431 0.200562
2 0.488793 0.452586 0.0581897 0.0657328 0.129395
1 0.172953 0.448276 0.087931 0.0732759 0.0917358
1 0.501078 0.454203 0.0659483 0.0700431 0.0541992
2 0.128341 0.219828 0.0730603 0.146013 0.0441895
1 0.488793 0.452586 0.0581897 0.0657328 0.0411377
0 0.501078 0.454203 0.0659483 0.0700431 0.0297546
2 0.539224 0.444504 0.0956896 0.0700431 0.0289764
2 0.139978 0.230065 0.0976293 0.173491 0.0282135
2 0.215625 0.449353 0.0491379 0.0732758 0.0258636
0 0.172953 0.448276 0.087931 0.0732759 0.0248871
2 0.180711 0.427802 0.0698276 0.075431 0.0173798
0 0.488793 0.452586 0.0581897 0.0657328 0.0150757
2 0.148545 0.303879 0.0914871 0.0678879 0.0118256
1 0.128341 0.219828 0.0730603 0.146013 0.00971222
1 0.215625 0.449353 0.0491379 0.0732758 0.00837708
0 0.139978 0.230065 0.0976293 0.173491 0.00775528
2 0.18653 0.30361 0.0672414 0.0695043 0.0068779
2 0.510776 0.439116 0.0840517 0.0959051 0.00631332
0 0.128341 0.219828 0.0730603 0.146013 0.00614548
2 0.132381 0.200431 0.0439655 0.251616 0.00614548
2 0.148707 0.222252 0.0969828 0.367996 0.00559998
0 0.180065 0.283405 0.062069 0.367457 0.00542831
2 0.589655 0.443427 0.0323276 0.0678879 0.0050621
2 0.180065 0.283405 0.062069 0.367457 0.00496292
0 0.180711 0.427802 0.0698276 0.075431 0.0049057
2 0.56444 0.426185 0.0426724 0.0765086 0.00484848
1 0.539224 0.444504 0.0956896 0.0700431 0.00475693
2 0.16875 0.434267 0.0788793 0.0862069 0.00419998
0 0.132381 0.200431 0.0439655 0.251616 0.00403976
0 0.539224 0.444504 0.0956896 0.0700431 0.00400543
2 0.161638 0.246835 0.103448 0.332839 0.00400543
0 0.148707 0.222252 0.0969828 0.367996 0.00399017
2 0.498168 0.415814 0.113147 0.146821 0.00379562
2 0.5 0.5 1 1 0.00366402
0 0.215625 0.449353 0.0491379 0.0732758 0.00365067
2 0.488793 0.438578 0.0730603 0.0926724 0.00362206
2 0.154203 0.260237 0.120905 0.136853 0.00349617
0 0.5 0.5 1 1 0.00336266
1 0.180711 0.427802 0.0698276 0.075431 0.00313568
1 0.132381 0.200431 0.0439655 0.251616 0.00312424
0 0.498168 0.415814 0.113147 0.146821 0.00309944
1 0.5 0.5 1 1 0.00293541
2 0.5 0.5 1 1 0.00291252
1 0.5 0.5 1 1 0.0028553
2 0.5 0.5 1 1 0.00282288
1 0.148545 0.303879 0.0914871 0.0678879 0.00275803
1 0.139978 0.230065 0.0976293 0.173491 0.00270462
0 0.161638 0.246835 0.103448 0.332839 0.00270462
2 0.173114 0.456897 0.050431 0.0538793 0.109314
1 0.490733 0.46444 0.0491379 0.049569 0.0991211
2 0.160991 0.454741 0.0478448 0.0603449 0.0970459
2 0.490733 0.46444 0.0491379 0.049569 0.0891113
1 0.160991 0.454741 0.0478448 0.0603449 0.0698242
2 0.499138 0.46875 0.0491379 0.0560344 0.0670776
1 0.499138 0.46875 0.0491379 0.0560344 0.0490417
1 0.173114 0.456897 0.050431 0.0538793 0.0441895
1 0.192996 0.435345 0.0471983 0.0528017 0.0197906
2 0.555388 0.450431 0.0581896 0.0538793 0.0117798
2 0.127371 0.197198 0.0497845 0.0862069 0.00985718
2 0.211099 0.457974 0.0439655 0.0474138 0.00857544
2 0.122845 0.210129 0.0517241 0.126078 0.00728989
1 0.513362 0.4375 0.0775862 0.0484914 0.00682449
1 0.555388 0.450431 0.0581896 0.0538793 0.00621796
2 0.178448 0.435345 0.0446121 0.080819 0.00600433
1 0.488147 0.4375 0.0801724 0.0560344 0.00600433
1 0.165194 0.4375 0.0969828 0.075431 0.00584412
1 0.211099 0.457974 0.0439655 0.0474138 0.00439835
2 0.192996 0.435345 0.0471983 0.0528017 0.00419998
2 0.587231 0.452586 0.0332974 0.0387931 0.00416565
1 0.587231 0.452586 0.0332974 0.0387931 0.00413513
2 0.165194 0.4375 0.0969828 0.075431 0.00376511
0 0.499138 0.46875 0.0491379 0.0560344 0.00367928
0 0.490733 0.46444 0.0491379 0.049569 0.00353813
2 0.488147 0.4375 0.0801724 0.0560344 0.00332451
0 0.173114 0.456897 0.050431 0.0538793 0.00313568
0 0.488147 0.4375 0.0801724 0.0560344 0.00298119
2 0.513362 0.4375 0.0775862 0.0484914 0.00290108
0 0.513362 0.4375 0.0775862 0.0484914 0.00227928
1 0.127371 0.197198 0.0497845 0.0862069 0.00223351
0 0.160991 0.454741 0.0478448 0.0603449 0.00221634
0 0.192996 0.435345 0.0471983 0.0528017 0.00213242
0 0.178448 0.435345 0.0446121 0.080819 0.00211525
0 0.165194 0.4375 0.0969828 0.075431 0.00209999
2 0.116379 0.221175 0.0514009 0.153556 0.00209045
2 0.159698 0.4375 0.0436422 0.0883621 0.00191879
2 0.21708 0.426724 0.0355603 0.0689655 0.00187492
2 0.568319 0.429418 0.0310345 0.0732759 0.0015974
1 0.122845 0.210129 0.0517241 0.126078 0.00154305
2 0.5 0.637392 1 0.725216 0.00146103
0 0.5 0.637392 1 0.725216 0.00143242
2 0.384052 0.617188 0.768103 0.765625 0.00137234
0 0.384052 0.617188 0.768103 0.765625 0.00130463
2 0.5 0.757543 1 0.484914 0.00129986
2 0.095528 0.289938 0.191056 0.530038 0.00127888
1 0.5 0.637392 1 0.725216 0.00125504
0 0.555388 0.450431 0.0581896 0.0538793 0.00124454
0 0.439009 0.5 0.878017 1 0.00123978
0 0.122845 0.210129 0.0517241 0.126078 0.00123024
1 0.172791 0.440194 0.0552802 0.0678879 0.0218658
2 0.172791 0.440194 0.0552802 0.0678879 0.0187683
2 0.159698 0.443966 0.0439655 0.0657328 0.0139008
1 0.159698 0.443966 0.0439655 0.0657328 0.0112457
2 0.48944 0.45528 0.0523707 0.0700431 0.0109863
2 0.500108 0.453664 0.0549569 0.0721983 0.0105667
1 0.500108 0.453664 0.0549569 0.0721983 0.00619125
1 0.48944 0.45528 0.0523707 0.0700431 0.00609589
1 0.174407 0.428341 0.0575431 0.0721983 0.00365067
2 0.174407 0.428341 0.0575431 0.0721983 0.00215721
0 0.48944 0.45528 0.0523707 0.0700431 0.0020752
0 0.500108 0.453664 0.0549569 0.0721983 0.00185299
0 0.159698 0.443966 0.0439655 0.0657328 0.00162888
2 0.164871 0.431573 0.0523707 0.0818965 0.00134563
0 0.172791 0.440194 0.0552802 0.0678879 0.0012207
1 0.208836 0.452047 0.0530172 0.0581896 0.00113773
1 0.164871 0.431573 0.0523707 0.0818965 0.00101662
2 0.485884 0.463362 0.0556035 0.0603448 0.240723
2 0.171983 0.445043 0.0536638 0.0603449 0.216064
2 0.158728 0.446121 0.0478448 0.0646552 0.145142
2 0.495905 0.464978 0.0530172 0.0484914 0.131592
0 0.485884 0.463362 0.0556035 0.0603448 0.0397949
1 0.485884 0.463362 0.0556035 0.0603448 0.0314941
1 0.495905 0.464978 0.0530172 0.0484914 0.0161591
0 0.495905 0.464978 0.0530172 0.0484914 0.0158997
2 0.181681 0.460129 0.0711207 0.0840517 0.0122375
1 0.171983 0.445043 0.0536638 0.0603449 0.0110703
1 0.158728 0.446121 0.0478448 0.0646552 0.00874329
1 0.181681 0.460129 0.0711207 0.0840517 0.00841522
2 0.139655 0.449353 0.0607759 0.080819 0.00746155
0 0.158728 0.446121 0.0478448 0.0646552 0.00593567
0 0.181681 0.460129 0.0711207 0.0840517 0.00577545
1 0.473276 0.25 0.0323276 0.0538793 0.00575256
2 0.589009 0.446121 0.0349138 0.0560345 0.00526047
2 0.46778 0.452586 0.0588362 0.0797414 0.00450516
2 0.213362 0.451509 0.0384698 0.0474138 0.00432968
2 0.566056 0.447198 0.0523706 0.0538793 0.0042305
2 0.172629 0.432112 0.05625 0.0797414 0.00388527
0 0.171983 0.445043 0.0536638 0.0603449 0.00370789
1 0.139655 0.449353 0.0607759 0.080819 0.00290108
1 0.589009 0.446121 0.0349138 0.0560345 0.00286674
1 0.46778 0.452586 0.0588362 0.0797414 0.00243378
2 0.161638 0.434267 0.0556034 0.0840517 0.00224304
0 0.139655 0.449353 0.0607759 0.080819 0.00219917
0 0.131735 0.2007 0.052694 0.0759698 0.00218201
0 0.46778 0.452586 0.0588362 0.0797414 0.00216484
2 0.131735 0.2007 0.052694 0.0759698 0.00197983
0 0.589009 0.446121 0.0349138 0.0560345 0.0019722
1 0.748761 0.112069 0.502478 0.224138 0.00154305
0 0.566056 0.447198 0.0523706 0.0538793 0.00151253
1 0.131735 0.2007 0.052694 0.0759698 0.00137806
0 0.473276 0.25 0.0323276 0.0538793 0.00137234
2 0.473276 0.25 0.0323276 0.0538793 0.00115108
2 0.479095 0.474138 0.16681 0.181034 0.00115108
0 0.136746 0.237608 0.0905172 0.153556 0.0011158
0 0.479095 0.474138 0.16681 0.181034 0.00111198
0 0.172629 0.432112 0.05625 0.0797414 0.00105667
2 0.848815 0.031048 0.302371 0.0620959 0.00104809
2 0.486207 0.461207 0.0491379 0.0657328 0.267334
2 0.153879 0.451509 0.0355603 0.0603449 0.161865
2 0.165517 0.452586 0.0549569 0.0592672 0.0486755
1 0.486207 0.461207 0.0491379 0.0657328 0.0462036
1 0.153879 0.451509 0.0355603 0.0603449 0.0290833
1 0.475216 0.256466 0.024569 0.0420259 0.0133743
2 0.475216 0.256466 0.024569 0.0420259 0.0129242
2 0.464547 0.446121 0.0478448 0.0711207 0.0069046
2 0.13125 0.204203 0.0471983 0.0705819 0.00595856
0 0.486207 0.461207 0.0491379 0.0657328 0.00595856
2 0.589009 0.443427 0.0336207 0.0603448 0.0051384
1 0.464547 0.446121 0.0478448 0.0711207 0.00468063
1 0.198168 0.463362 0.0711207 0.109914 0.00400543
2 0.117996 0.210668 0.0556034 0.0948276 0.00362206
0 0.153879 0.451509 0.0355603 0.0603449 0.00338936
1 0.165517 0.452586 0.0549569 0.0592672 0.00335121
2 0.198168 0.463362 0.0711207 0.109914 0.00319672
2 0.138039 0.451509 0.0588362 0.0840517 0.00264168
2 0.555065 0.445582 0.0601293 0.0603448 0.00247192
1 0.13125 0.204203 0.0471983 0.0705819 0.00242424
2 0.512716 0.453664 0.108621 0.0926724 0.00237846
2 0.206735 0.460129 0.0552802 0.0517241 0.00232315
0 0.464547 0.446121 0.0478448 0.0711207 0.0015192
1 0.138039 0.451509 0.0588362 0.0840517 0.00144386
1 0.117996 0.210668 0.0556034 0.0948276 0.00132465
0 0.475216 0.256466 0.024569 0.0420259 0.00131512
2 0.517888 0.262392 0.0387931 0.0484914 0.00130463
1 0.589009 0.443427 0.0336207 0.0603448 0.00111198
2 0.848276 0.735453 0.0284483 0.0484914 0.00109005
0 0.198168 0.463362 0.0711207 0.109914 0.00104427
1 0.512716 0.453664 0.108621 0.0926724 0.00100803
2 0.493319 0.461207 0.0491379 0.0517241 0.222656
2 0.156789 0.456358 0.0336207 0.0398707 0.115967
2 0.170851 0.453125 0.0442888 0.0452586 0.0775146
1 0.493319 0.461207 0.0491379 0.0517241 0.0220337
1 0.156789 0.456358 0.0336207 0.0398707 0.0156021
1 0.170851 0.453125 0.0442888 0.0452586 0.00703812
2 0.0646552 0.297414 0.12931 0.594828 0.00432968
0 0.493319 0.461207 0.0491379 0.0517241 0.00397491
2 0.197037 0.446121 0.0536638 0.0646552 0.00201035
2 0.729041 0.988685 0.541918 0.0226293 0.00195694
2 0.200108 0.456897 0.0717672 0.0452586 0.00181007
2 0.341703 0.98653 0.587716 0.0269397 0.0018034
2 0.628448 0.985991 0.598707 0.0280173 0.00154877
0 0.156789 0.456358 0.0336207 0.0398707 0.00134563
0 0.7507 0.989224 0.498599 0.0215518 0.00129986
0 0.300081 0.987608 0.583028 0.0247845 0.00127411
2 0.256519 0.987069 0.513039 0.0258621 0.00126934
2 0.0624731 0.404634 0.124946 0.671336 0.0012598
2 0.465517 0.983836 0.611638 0.0323277 0.0012598
1 0.729041 0.988685 0.541918 0.0226293 0.00123024
2 0.13319 0.443966 0.0581897 0.0862069 0.00121593
1 0.197037 0.446121 0.0536638 0.0646552 0.00119209
1 0.341703 0.98653 0.587716 0.0269397 0.00117874
2 0.0634429 0.218481 0.126886 0.311961 0.0011158
2 0.305819 1 0.503017 0 0.00109482
2 0.817457 0.975216 0.365086 0.049569 0.00100803
0 0.491379 0.455819 0.0549569 0.0732758 0.174438
1 0.162123 0.449353 0.0475216 0.0625 0.101929
1 0.491379 0.455819 0.0549569 0.0732758 0.076416
1 0.197845 0.451509 0.0649784 0.0775862 0.0750122
2 0.491379 0.455819 0.0549569 0.0732758 0.0678101
2 0.162123 0.449353 0.0475216 0.0625 0.0274811
0 0.162123 0.449353 0.0475216 0.0625 0.0173798
0 0.569612 0.442888 0.0465518 0.0668103 0.00959778
0 0.123815 0.206897 0.0627155 0.101293 0.00948334
1 0.481034 0.445043 0.0646552 0.0668104 0.00930023
0 0.848276 0.733836 0.0297414 0.0474138 0.00905609
0 0.588362 0.44181 0.0323276 0.0646551 0.0086441
0 0.477802 0.251078 0.0284483 0.0581897 0.00784302
0 0.109591 0.22764 0.0817888 0.151401 0.0078125
1 0.588362 0.44181 0.0323276 0.0646551 0.00706482
2 0.569612 0.442888 0.0465518 0.0668103 0.00679779
0 0.575431 0.429418 0.0426724 0.0765086 0.00638962
0 0.5882 0.422414 0.033944 0.0603448 0.00524139
0 0.523707 0.256466 0.0614224 0.0711207 0.00481033
1 0.52306 0.291218 0.0866379 0.105603 0.00462723
1 0.477802 0.251078 0.0284483 0.0581897 0.00445175
2 0.588362 0.44181 0.0323276 0.0646551 0.00443268
2 0.481034 0.445043 0.0646552 0.0668104 0.00443268
0 0.0863551 0.231681 0.113066 0.170259 0.00419998
0 0.550216 0.266703 0.0336207 0.0641164 0.0041008
1 0.514009 0.448276 0.128017 0.0872845 0.00376511
1 0.870259 0.706896 0.0362069 0.0452586 0.00305176
1 0.216918 0.449353 0.0336207 0.0560345 0.00300407
0 0.870259 0.706896 0.0362069 0.0452586 0.00283432
0 0.481034 0.445043 0.0646552 0.0668104 0.00269318
1 0.550216 0.266703 0.0336207 0.0641164 0.00253105
0 0.491379 0.443966 0.062069 0.103448 0.00251198
2 0.52306 0.291218 0.0866379 0.105603 0.002388
0 0.00464709 0.246228 0.00929418 0.492457 0.00234222
2 0.00577856 0.289601 0.0115571 0.579203 0.00234222
2 0.514009 0.448276 0.128017 0.0872845 0.00228691
1 0.569612 0.442888 0.0465518 0.0668103 0.00225258
0 0.850862 0.685884 0.0258621 0.0506465 0.00221634
0 0.805819 0.96875 0.388362 0.0625 0.00183868
0 0.00521282 0.776401 0.0104256 0.447198 0.0018034
1 0.523707 0.256466 0.0614224 0.0711207 0.00174809
1 0.848276 0.733836 0.0297414 0.0474138 0.00173378
2 0.216918 0.449353 0.0336207 0.0560345 0.0017004
2 0.197845 0.451509 0.0649784 0.0775862 0.0016613
0 0.503017 0.440194 0.0827586 0.0926724 0.00157928
0 0.52306 0.291218 0.0866379 0.105603 0.00141621
1 0.155496 0.443966 0.087931 0.101293 0.00139427
2 0.870259 0.706896 0.0362069 0.0452586 0.00133038
1 0.135291 0.267241 0.0792026 0.144397 0.00127411
0 0.514009 0.448276 0.128017 0.0872845 0.0012207
2 0.500431 0.453664 0.0433189 0.0452586 0.133423
2 0.166972 0.445582 0.0556034 0.0560345 0.0806274
2 0.491379 0.454741 0.043319 0.049569 0.0794678
1 0.162284 0.449353 0.0459052 0.0506465 0.0554199
1 0.191864 0.449353 0.0507543 0.0603448 0.0276947
1 0.491379 0.454741 0.043319 0.049569 0.0156021
1 0.500431 0.453664 0.0433189 0.0452586 0.014389
1 0.144666 0.444504 0.0772629 0.0614224 0.00619125
2 0.110722 0.234914 0.105711 0.159483 0.00614548
2 0.589009 0.445043 0.0323276 0.0538793 0.00496292
1 0.475862 0.253502 0.0271552 0.0425647 0.00397491
2 0.191864 0.449353 0.0507543 0.0603448 0.00365067
2 0.122683 0.213093 0.0704741 0.110453 0.00301552
1 0.589009 0.445043 0.0323276 0.0538793 0.00296974
2 0.144666 0.444504 0.0772629 0.0614224 0.00292397
2 0.563793 0.448276 0.0556035 0.049569 0.00282288
0 0.162284 0.449353 0.0459052 0.0506465 0.00265312
0 0.491379 0.454741 0.043319 0.049569 0.00234222
0 0.110722 0.234914 0.105711 0.159483 0.00188255
0 0.500431 0.453664 0.0433189 0.0452586 0.00179577
2 0.211099 0.454741 0.0471983 0.0474138 0.00178909
2 0.0846983 0.245151 0.169397 0.202586 0.00153065
1 0.211099 0.454741 0.0471983 0.0474138 0.00152493
0 0.191864 0.449353 0.0507543 0.0603448 0.0012846
2 0.475862 0.253502 0.0271552 0.0425647 0.00121593
2 0.526293 0.449353 0.0775862 0.0732758 0.00102425
0 0.589009 0.445043 0.0323276 0.0538793 0.00100422
2 0.167134 0.448276 0.050431 0.0538793 0.133911
2 0.490409 0.457974 0.0465517 0.0517241 0.0616455
2 0.498491 0.457974 0.0478448 0.0452586 0.0451965
1 0.161961 0.450431 0.0446121 0.049569 0.0119629
1 0.490409 0.457974 0.0465517 0.0517241 0.00468063
0 0.490409 0.457974 0.0465517 0.0517241 0.00432968
2 0.197198 0.445043 0.0442888 0.0538793 0.00351143
2 0.565086 0.450431 0.0491379 0.0431035 0.00316048
2 0.590302 0.448276 0.0310345 0.0484914 0.00288963
0 0.161961 0.450431 0.0446121 0.049569 0.00232315
0 0.498491 0.457974 0.0478448 0.0452586 0.00208282
1 0.498491 0.457974 0.0478448 0.0452586 0.00185299
0 0.197198 0.445043 0.0442888 0.0538793 0.00103664
2 0.490733 0.455819 0.0452586 0.0538793 0.253174
1 0.158405 0.449892 0.0355603 0.0495689 0.111633
2 0.497845 0.452586 0.0465518 0.049569 0.105957
2 0.158405 0.449892 0.0355603 0.0495689 0.083313
2 0.169073 0.447198 0.0478448 0.0517242 0.0317383
1 0.490733 0.455819 0.0452586 0.0538793 0.0247955
1 0.169073 0.447198 0.0478448 0.0517242 0.0227966
1 0.19833 0.452586 0.0475215 0.0689655 0.012825
2 0.563147 0.445043 0.0517241 0.0538793 0.0105667
1 0.220636 0.453664 0.0271552 0.0431035 0.00769424
1 0.497845 0.452586 0.0465518 0.049569 0.00636292
2 0.19833 0.452586 0.0475215 0.0689655 0.00593567
2 0.590302 0.445043 0.0297414 0.0517241 0.00527954
2 0.220636 0.453664 0.0271552 0.0431035 0.00511932
2 0.131573 0.188308 0.0462284 0.0625 0.00376511
2 0.119289 0.202047 0.0459052 0.0991379 0.00351143
0 0.490733 0.455819 0.0452586 0.0538793 0.00348282
2 0.478448 0.25431 0.0219828 0.0377155 0.00324821
1 0.478448 0.25431 0.0219828 0.0377155 0.00239754
0 0.19833 0.452586 0.0475215 0.0689655 0.00216484
2 0.468103 0.452586 0.0543104 0.0732758 0.00153637
1 0.590302 0.445043 0.0297414 0.0517241 0.00147247
0 0.497845 0.452586 0.0465518 0.049569 0.00136662
0 0.158405 0.449892 0.0355603 0.0495689 0.00129414
2 0.589655 0.421875 0.0362069 0.0592672 0.00108147
2 0.520474 0.448276 0.0892242 0.0732759 0.00106525
1 0.155334 0.45097 0.0381465 0.0517241 0.408203
1 0.486853 0.455819 0.0446121 0.0560345 0.291748
1 0.501724 0.452586 0.0426724 0.049569 0.0490417
1 0.172144 0.446121 0.0452586 0.0538793 0.0324707
1 0.573491 0.44181 0.0375 0.0625 0.0271759
1 0.475216 0.25431 0.0258621 0.0420259 0.0225372
1 0.197845 0.451509 0.0478448 0.0732759 0.014389
2 0.486853 0.455819 0.0446121 0.0560345 0.0142822
1 0.225647 0.448815 0.0213362 0.0549569 0.00698471
1 0.460991 0.452586 0.0290948 0.0721983 0.0064888
2 0.121228 0.237608 0.0594828 0.169181 0.00643921
2 0.501724 0.452586 0.0426724 0.049569 0.00582123
1 0.589494 0.440733 0.0313578 0.0646552 0.00479126
2 0.132543 0.203664 0.0530172 0.0905172 0.00468063
1 0.589009 0.425647 0.0310345 0.0646552 0.00382423
1 0.559267 0.266164 0.0219828 0.0463362 0.00356483
1 0.573491 0.426724 0.0323276 0.0689655 0.00258064
1 0.137069 0.456358 0.0556034 0.0818965 0.00236893
2 0.573491 0.44181 0.0375 0.0625 0.00220871
1 0.121228 0.237608 0.0594828 0.169181 0.00150681
1 0.276401 0.809806 0.0258621 0.044181 0.0014267
1 0.850862 0.733836 0.0284483 0.0603449 0.00136185
1 0.132543 0.203664 0.0530172 0.0905172 0.0012846
1 0.357543 0.809267 0.0258621 0.0366379 0.00113392
2 0.135453 0.239763 0.0756465 0.162716 0.00109005
0 0.119248 0.242996 0.0737877 0.171336 0.00106049
2 0.0759698 0.246228 0.13125 0.19181 0.00104046
2 0.496552 0.455819 0.0504311 0.0560345 0.187744
2 0.490086 0.456897 0.0491379 0.0625 0.184204
2 0.159698 0.450431 0.0446121 0.0560345 0.0792236
1 0.159698 0.450431 0.0446121 0.0560345 0.0495911
2 0.475216 0.461207 0.0543104 0.0905172 0.0409851
1 0.490086 0.456897 0.0491379 0.0625 0.0205688
2 0.567672 0.443427 0.0594828 0.0635776 0.0158386
2 0.52306 0.455819 0.0918103 0.0840517 0.0127716
2 0.139009 0.212554 0.0649784 0.149246 0.0125275
2 0.588362 0.44181 0.0349138 0.0668104 0.0113297
2 0.116743 0.238685 0.113066 0.223599 0.0104065
2 0.192349 0.452586 0.0672414 0.0797414 0.00912476
1 0.496552 0.455819 0.0504311 0.0560345 0.00634003
2 0.131735 0.199892 0.0507543 0.0818966 0.00519943
2 0.12931 0.211476 0.0601293 0.115841 0.00486755
2 0.144343 0.456897 0.0617457 0.0905172 0.00450516
0 0.490086 0.456897 0.0491379 0.0625 0.00391388
0 0.588362 0.44181 0.0349138 0.0668104 0.00390053
2 0.607759 0.441272 0.0491379 0.0689655 0.00379562
0 0.475216 0.461207 0.0543104 0.0905172 0.00329781
1 0.588362 0.44181 0.0349138 0.0668104 0.00288963
0 0.159698 0.450431 0.0446121 0.0560345 0.00255013
0 0.496552 0.455819 0.0504311 0.0560345 0.00224304
1 0.221121 0.454741 0.0336207 0.0581896 0.00208282
0 0.131573 0.242726 0.0711207 0.175108 0.00203514
2 0.221121 0.454741 0.0336207 0.0581896 0.00192642
1 0.192349 0.452586 0.0672414 0.0797414 0.00177479
0 0.192349 0.452586 0.0672414 0.0797414 0.0017004
0 0.116743 0.238685 0.113066 0.223599 0.00164223
0 0.567672 0.443427 0.0594828 0.0635776 0.00157356
2 0.586422 0.425647 0.0400862 0.0689655 0.00150681
1 0.567672 0.443427 0.0594828 0.0635776 0.00141621
0 0.139009 0.212554 0.0649784 0.149246 0.00124931
0 0.586422 0.425647 0.0400862 0.0689655 0.00123501
2 0.4875 0.455819 0.0413793 0.0517242 0.154541
2 0.500431 0.452586 0.0478448 0.0517242 0.12854
1 0.158567 0.450431 0.0387931 0.0538793 0.0723877
2 0.158567 0.450431 0.0387931 0.0538793 0.0609741
2 0.168588 0.446121 0.050431 0.0581897 0.0486755
1 0.168588 0.446121 0.050431 0.0581897 0.0200195
2 0.192188 0.448276 0.0523707 0.0571121 0.0173798
2 0.567026 0.445043 0.0426724 0.0560345 0.0167236
1 0.4875 0.455819 0.0413793 0.0517242 0.0149002
2 0.589655 0.441272 0.0336207 0.0635776 0.00901794
2 0.524677 0.448276 0.0717672 0.0603449 0.00703812
1 0.500431 0.452586 0.0478448 0.0517242 0.00643921
2 0.46875 0.452047 0.0497845 0.0657328 0.00503922
0 0.192188 0.448276 0.0523707 0.0571121 0.00432968
2 0.142888 0.453664 0.062069 0.0732758 0.00428009
1 0.221121 0.452586 0.0287716 0.049569 0.00391388
1 0.589655 0.441272 0.0336207 0.0635776 0.00329781
2 0.221121 0.452586 0.0287716 0.049569 0.00304031
1 0.192188 0.448276 0.0523707 0.0571121 0.00219917
1 0.567026 0.445043 0.0426724 0.0560345 0.00218201
0 0.46875 0.452047 0.0497845 0.0657328 0.00144958
2 0.589494 0.423491 0.0391164 0.0625 0.00125504
0 0.524677 0.448276 0.0717672 0.0603449 0.00119686
0 0.142888 0.453664 0.062069 0.0732758 0.0011692
2 0.158244 0.448276 0.0362069 0.0506465 0.16394
2 0.4875 0.450431 0.0362069 0.049569 0.157715
2 0.170366 0.445043 0.0452586 0.0538793 0.0970459
2 0.502371 0.451509 0.0426724 0.0452586 0.0963745
2 0.571228 0.447198 0.0368535 0.049569 0.0114212
2 0.199138 0.448276 0.0400862 0.0625 0.0108566
2 0.222575 0.452586 0.0287715 0.0474138 0.00948334
2 0.590302 0.443427 0.0323276 0.0581897 0.00803375
1 0.4875 0.450431 0.0362069 0.049569 0.00591278
1 0.158244 0.448276 0.0362069 0.0506465 0.00551224
2 0.535345 0.448815 0.0517241 0.0635776 0.00226974
2 0.130603 0.455819 0.0439655 0.0851293 0.00200272
2 0.458082 0.450431 0.0426724 0.0689655 0.00189686
1 0.222575 0.452586 0.0287715 0.0474138 0.00150108
1 0.502371 0.451509 0.0426724 0.0452586 0.00138283
1 0.170366 0.445043 0.0452586 0.0538793 0.00126934
2 0.478448 0.252155 0.0206897 0.0452586 0.00109482
2 0.48556 0.455819 0.0394397 0.0538793 0.30249
2 0.158405 0.449353 0.0387931 0.0560345 0.137085
2 0.499461 0.454203 0.0471983 0.0517241 0.0859985
1 0.158405 0.449353 0.0387931 0.0560345 0.0720825
2 0.16778 0.445582 0.0491379 0.0592672 0.0484924
1 0.48556 0.455819 0.0394397 0.0538793 0.0168457
1 0.16778 0.445582 0.0491379 0.0592672 0.0163422
2 0.46875 0.454741 0.0452586 0.0646551 0.0137939
2 0.200108 0.451509 0.0417026 0.0571121 0.00952148
2 0.5882 0.44181 0.0365302 0.0646551 0.00857544
2 0.14806 0.457974 0.0646552 0.0775862 0.00775528
2 0.570905 0.44666 0.0387931 0.0560344 0.0068512
1 0.5882 0.44181 0.0365302 0.0646551 0.00624084
1 0.200108 0.451509 0.0417026 0.0571121 0.00468063
1 0.499461 0.454203 0.0471983 0.0517241 0.00358009
2 0.586422 0.424569 0.0413793 0.0646552 0.00318527
0 0.48556 0.455819 0.0394397 0.0538793 0.00312424
2 0.544397 0.454203 0.0762931 0.0668104 0.00282288
0 0.158405 0.449353 0.0387931 0.0560345 0.00248146
2 0.476509 0.253502 0.0278018 0.0484914 0.00225258
0 0.5882 0.44181 0.0365302 0.0646551 0.00218201
1 0.219828 0.452586 0.031681 0.0517242 0.00146675
0 0.46875 0.454741 0.0452586 0.0646551 0.00140476
0 0.586422 0.424569 0.0413793 0.0646552 0.0012207
1 0.570905 0.44666 0.0387931 0.0560344 0.0011692
2 0.219828 0.452586 0.031681 0.0517242 0.00102043
0 0.499461 0.454203 0.0471983 0.0517241 0.00101662
2 0.488793 0.455819 0.0413793 0.0538793 0.225464
2 0.499784 0.455819 0.0465517 0.0506465 0.161865
2 0.161638 0.449892 0.0426724 0.0560344 0.0830078
1 0.161638 0.449892 0.0426724 0.0560344 0.0618896
2 0.565409 0.447198 0.0471983 0.0538793 0.0109863
2 0.589009 0.443966 0.0349138 0.0625 0.00912476
1 0.589009 0.443966 0.0349138 0.0625 0.00901794
2 0.464224 0.450431 0.0439655 0.0625 0.00793457
1 0.488793 0.455819 0.0413793 0.0538793 0.00728989
1 0.220636 0.456897 0.0290948 0.0463362 0.0042305
1 0.499784 0.455819 0.0465517 0.0506465 0.00376511
2 0.141918 0.449892 0.05625 0.0668103 0.00358009
0 0.161638 0.449892 0.0426724 0.0560344 0.0024929
0 0.589009 0.443966 0.0349138 0.0625 0.00201988
2 0.220636 0.456897 0.0290948 0.0463362 0.00187492
1 0.565409 0.447198 0.0471983 0.0538793 0.00162315
0 0.488793 0.455819 0.0413793 0.0538793 0.00155449
2 0.533728 0.452586 0.080819 0.0765086 0.00137234
0 0.464224 0.450431 0.0439655 0.0625 0.00134087
0 0.499784 0.455819 0.0465517 0.0506465 0.00127411
2 0.187177 0.45528 0.0646552 0.0743535 0.00117874
2 0.490733 0.452586 0.0478448 0.0592672 0.201172
2 0.161638 0.44666 0.0446121 0.0625 0.146606
1 0.161638 0.44666 0.0446121 0.0625 0.0173035
2 0.468103 0.445043 0.0420259 0.0517241 0.0109863
2 0.190086 0.448276 0.0607759 0.0581896 0.00806427
2 0.589655 0.442888 0.0349138 0.0635776 0.0069046
2 0.557974 0.447198 0.0581896 0.0560345 0.00641251
1 0.490733 0.452586 0.0478448 0.0592672 0.0045929
0 0.161638 0.44666 0.0446121 0.0625 0.00438309
2 0.144504 0.445043 0.05625 0.0592672 0.00322342
0 0.490733 0.452586 0.0478448 0.0592672 0.00291252
2 0.219181 0.454203 0.0323276 0.0474138 0.0024929
2 0.529203 0.447198 0.0872845 0.0625 0.00193405
0 0.190086 0.448276 0.0607759 0.0581896 0.00165462
0 0.468103 0.445043 0.0420259 0.0517241 0.00164223
0 0.589655 0.442888 0.0349138 0.0635776 0.00154305
1 0.219181 0.454203 0.0323276 0.0474138 0.00153637
1 0.589655 0.442888 0.0349138 0.0635776 0.0014782
2 0.588362 0.422953 0.0400862 0.0635776 0.00139427
2 0.490086 0.45528 0.0426724 0.0484914 0.121704
2 0.499138 0.456897 0.0465518 0.0452586 0.117981
1 0.160345 0.449353 0.0400862 0.0517242 0.0646362
2 0.160345 0.449353 0.0400862 0.0517242 0.0495911
1 0.490086 0.45528 0.0426724 0.0484914 0.00793457
2 0.565733 0.449353 0.0426724 0.0452586 0.00714874
2 0.46681 0.442888 0.0439655 0.0474138 0.00695801
2 0.143211 0.445043 0.0556034 0.0538793 0.00395966
2 0.191703 0.450431 0.0665948 0.0603448 0.00392914
1 0.499138 0.456897 0.0465518 0.0452586 0.00305176
1 0.221444 0.455819 0.0271552 0.0409483 0.00283432
2 0.59111 0.446121 0.0307112 0.0549569 0.00282288
2 0.535668 0.449353 0.0782328 0.0625 0.0016613
1 0.191703 0.450431 0.0665948 0.0603448 0.00151253
2 0.221444 0.455819 0.0271552 0.0409483 0.00134563
1 0.59111 0.446121 0.0307112 0.0549569 0.00118828
0 0.160345 0.449353 0.0400862 0.0517242 0.00113773
2 0.499138 0.452586 0.0452586 0.0452586 0.254639
2 0.490733 0.451509 0.0452586 0.049569 0.191895
1 0.160668 0.447198 0.0423491 0.0506465 0.0720825
2 0.160668 0.447198 0.0423491 0.0506465 0.0585632
2 0.199784 0.44666 0.0452586 0.0528017 0.0205231
2 0.46681 0.44181 0.0394397 0.0474138 0.0198364
2 0.568319 0.446121 0.0426724 0.049569 0.0139008
1 0.490733 0.451509 0.0452586 0.049569 0.0088501
2 0.144504 0.445043 0.0556034 0.0560345 0.00878143
2 0.589655 0.442888 0.0323276 0.0581897 0.00806427
1 0.220797 0.453125 0.0271552 0.0420258 0.00748825
2 0.539871 0.447198 0.0672413 0.0560345 0.00568771
1 0.199784 0.44666 0.0452586 0.0528017 0.00415039
1 0.499138 0.452586 0.0452586 0.0452586 0.00387001
2 0.220797 0.453125 0.0271552 0.0420258 0.00300407
0 0.160668 0.447198 0.0423491 0.0506465 0.00282288
2 0.587069 0.423491 0.0387931 0.0625 0.00255013
0 0.490733 0.451509 0.0452586 0.049569 0.00213242
1 0.589655 0.442888 0.0323276 0.0581897 0.00187492
0 0.199784 0.44666 0.0452586 0.0528017 0.00178909
0 0.499138 0.452586 0.0452586 0.0452586 0.00174809
0 0.589655 0.442888 0.0323276 0.0581897 0.00138283
0 0.46681 0.44181 0.0394397 0.0474138 0.00118351
2 0.498491 0.454203 0.0471982 0.049569 0.277588
2 0.491056 0.453664 0.0459052 0.0517242 0.214722
2 0.160991 0.448815 0.0429957 0.0538793 0.0698242
1 0.160991 0.448815 0.0429957 0.0538793 0.064209
2 0.563793 0.447198 0.0465517 0.0517242 0.0190582
2 0.469073 0.447737 0.0446121 0.0571121 0.00985718
2 0.194935 0.452586 0.0588362 0.0625 0.00772476
2 0.589494 0.443966 0.0313578 0.0592672 0.00763702
1 0.220797 0.453664 0.0271552 0.0452586 0.00701141
1 0.491056 0.453664 0.0459052 0.0517242 0.00591278
2 0.144989 0.450431 0.05625 0.0646552 0.00526047
2 0.535991 0.452047 0.0737069 0.0635776 0.00407028
2 0.220797 0.453664 0.0271552 0.0452586 0.00385475
1 0.498491 0.454203 0.0471982 0.049569 0.00242424
0 0.160991 0.448815 0.0429957 0.0538793 0.00219154
1 0.194935 0.452586 0.0588362 0.0625 0.00183105
2 0.587716 0.422953 0.0375 0.0625 0.00161648
1 0.589494 0.443966 0.0313578 0.0592672 0.00137234
0 0.194935 0.452586 0.0588362 0.0625 0.00116539
0 0.491056 0.453664 0.0459052 0.0517242 0.00116062
2 0.498491 0.454203 0.0471982 0.049569 0.27832
2 0.491056 0.453664 0.0459052 0.0517242 0.213989
2 0.160991 0.448815 0.0426724 0.0538793 0.0690308
1 0.160991 0.448815 0.0426724 0.0538793 0.0648804
2 0.563793 0.447198 0.0465517 0.0517242 0.0189819
2 0.469073 0.447737 0.0446121 0.0571121 0.00985718
2 0.194935 0.452586 0.0588362 0.0625 0.00766754
2 0.589494 0.443966 0.0313578 0.0592672 0.00757599
1 0.220797 0.453664 0.0271552 0.0452586 0.00706482
1 0.491056 0.453664 0.0459052 0.0517242 0.00595856
2 0.144989 0.45097 0.05625 0.0657328 0.00521851
2 0.536315 0.452047 0.0743534 0.0635776 0.00407028
2 0.220797 0.453664 0.0271552 0.0452586 0.00382423
1 0.498491 0.454203 0.0471982 0.049569 0.00244331
0 0.160991 0.448815 0.0426724 0.0538793 0.00219917
1 0.194935 0.452586 0.0588362 0.0625 0.00187492
2 0.587716 0.422953 0.0375 0.0625 0.00161648
1 0.589494 0.443966 0.0313578 0.0592672 0.00137806
0 0.194935 0.452586 0.0588362 0.0625 0.0011692
0 0.491056 0.453664 0.0459052 0.0517242 0.00116062
