1 0.498491 0.534483 0.0956896 0.172414 0.712402
1 0.742241 0.53556 0.0905172 0.155172 0.615234
1 0.400215 0.126078 0.104741 0.178879 0.294922
0 0.498491 0.534483 0.0956896 0.172414 0.0344849
0 0.742241 0.53556 0.0905172 0.155172 0.0206451
1 0.453556 0.120151 0.133836 0.1875 0.0164642
0 0.398922 0.124192 0.102155 0.173491 0.0149536
1 0.772629 0.54903 0.142241 0.188578 0.0126724
1 0.724784 0.539871 0.118965 0.153017 0.0106964
2 0.183621 0.158944 0.107974 0.0991379 0.00818634
1 0.511422 0.494477 0.126724 0.306304 0.00643921
1 0.183621 0.158944 0.107974 0.0991379 0.00582123
2 0.400216 0.125539 0.102802 0.18319 0.00559998
1 0.601455 0.224407 0.0565732 0.0889009 0.00534439
1 0.703448 0.515086 0.147414 0.146552 0.0053215
2 0.189763 0.176455 0.111853 0.0743534 0.00521851
1 0.633621 0.485991 0.0698276 0.0948276 0.0050621
1 0.189763 0.176455 0.111853 0.0743534 0.00502014
2 0.151616 0.153017 0.050431 0.104526 0.00479126
1 0.479741 0.120084 0.143535 0.199488 0.00453949
1 0.151616 0.153017 0.050431 0.104526 0.00431442
1 0.744828 0.563578 0.0931034 0.237069 0.00403976
1 0.500431 0.559267 0.100862 0.241379 0.00387001
0 0.183621 0.158944 0.107974 0.0991379 0.00353813
2 0.498815 0.529095 0.09375 0.176724 0.00337601
1 0.5 0.5 1 1 0.00335121
0 0.5 0.5 1 1 0.00313568
2 0.472953 0.5 0.945905 1 0.00298119
2 0.5 0.5 1 1 0.0029583
1 0.165194 0.152478 0.0685345 0.108836 0.00293541
0 0.601455 0.224407 0.0565732 0.0889009 0.00293541
1 0.62958 0.515625 0.181358 0.153017 0.00287819
2 0.5 0.5 1 1 0.00284576
0 0.5 0.5 1 1 0.00281143
2 0.601455 0.224407 0.0565732 0.0889009 0.00277901
0 0.392457 0.5 0.784914 1 0.00270462
1 0.473276 0.587285 0.130603 0.200431 0.00264168
0 0.511422 0.494477 0.126724 0.306304 0.00264168
0 0.5 0.5 1 1 0.00264168
2 0.5 0.5 1 1 0.0026207
1 0.613578 0.685884 0.0607759 0.0840518 0.00261116
0 0.750862 0.5 0.498276 1 0.00258064
0 0.527155 0.5 0.94569 1 0.00258064
2 0.527155 0.5 0.94569 1 0.00258064
2 0.625431 0.5 0.749138 1 0.00256157
0 0.5 0.5 1 1 0.00247192
1 0.5 0.5 1 1 0.00247192
2 0.750862 0.5 0.498276 1 0.00246239
0 0.363362 0.127963 0.179095 0.255927 0.00243378
2 0.5 0.5 1 1 0.00242424
1 0.492996 0.543642 0.0859913 0.165948 0.704102
1 0.742888 0.540948 0.075 0.150862 0.571777
1 0.75 0.546336 0.0982759 0.185345 0.107788
1 0.432543 0.12931 0.0620689 0.19181 0.0327148
1 0.422198 0.123653 0.0568966 0.183728 0.0280151
1 0.409267 0.117726 0.0827586 0.197737 0.0157166
1 0.373707 0.132812 0.138362 0.242457 0.0134277
1 0.445151 0.1382 0.153233 0.276401 0.00746155
1 0.453233 0.121296 0.0814655 0.1809 0.00677109
2 0.494612 0.539332 0.0840518 0.165948 0.00367928
1 0.734483 0.484914 0.0956896 0.243534 0.00351143
0 0.495259 0.538793 0.087931 0.167026 0.00288963
0 0.373707 0.132812 0.138362 0.242457 0.00275803
1 0.146929 0.164332 0.0261853 0.0700431 0.00237846
1 0.512392 0.542026 0.100216 0.162716 0.00218201
1 0.394397 0.129243 0.100862 0.1941 0.00214958
1 0.652371 0.536638 0.292241 0.224138 0.0020752
0 0.742888 0.540948 0.075 0.150862 0.00181007
0 0.445151 0.1382 0.153233 0.276401 0.00177479
0 0.75 0.546336 0.0982759 0.185345 0.00170708
2 0.738362 0.545797 0.0801724 0.179957 0.00165462
2 0.146929 0.164332 0.0261853 0.0700431 0.0015192
1 0.238739 0.251078 0.457435 0.502155 0.00141048
2 0.492026 0.663793 0.984052 0.672414 0.00133038
0 0.492026 0.663793 0.984052 0.672414 0.00132465
1 0.181196 0.176185 0.059806 0.049569 0.0012846
0 0.5 0.804418 1 0.391164 0.00126457
2 0.398922 0.128502 0.0931034 0.198276 0.00123501
1 0.486207 0.095097 0.117672 0.109914 0.00123501
1 0.492026 0.663793 0.984052 0.672414 0.00121117
0 0.435129 0.5 0.870259 1 0.0012064
2 0.477802 0.5 0.955603 1 0.00119686
2 0.435129 0.5 0.870259 1 0.00116062
2 0.5 0.5 1 1 0.00115585
2 0.5 0.804418 1 0.391164 0.00114727
0 0.295393 0.194504 0.304041 0.389009 0.0011425
0 0.5 0.5 1 1 0.00112915
2 0.483297 0.856681 0.966595 0.286638 0.00112915
2 0.827802 0.751078 0.344397 0.497845 0.00109482
0 0.768966 0.2007 0.462069 0.401401 0.00106525
2 0.778664 0.783405 0.442672 0.43319 0.00106525
0 0.734483 0.484914 0.0956896 0.243534 0.00106049
2 0.643534 0.795259 0.712931 0.409483 0.00104809
1 0.531142 0.331358 0.336853 0.662715 0.00104046
1 0.5 0.804418 1 0.391164 0.00103188
2 0.513578 0.815463 0.972845 0.369073 0.00103188
0 0.477802 0.5 0.955603 1 0.00102425
1 0.477802 0.5 0.955603 1 0.00102425
0 0.398922 0.128502 0.0931034 0.198276 0.00102043
2 0.432543 0.12931 0.0620689 0.19181 0.00101662
1 0.493965 0.541487 0.0827586 0.162716 0.704102
1 0.738362 0.541487 0.0724138 0.146552 0.702637
1 0.422198 0.639009 0.0620689 0.0991379 0.0175781
1 0.39569 0.116649 0.0918103 0.178341 0.0132217
1 0.44806 0.625 0.116379 0.137931 0.00837708
1 0.742241 0.545259 0.121552 0.146552 0.00516129
1 0.683405 0.0886315 0.171983 0.177263 0.00421524
2 0.489763 0.542026 0.0943965 0.176724 0.00380898
1 0.232435 0.138739 0.171983 0.158944 0.00352478
1 0.661422 0.0699084 0.142241 0.139817 0.00351143
1 0.192672 0.151401 0.0931034 0.123922 0.00329781
1 0.478772 0.582974 0.102802 0.215517 0.00319672
1 0.634914 0.471444 0.0362069 0.0721983 0.00216484
1 0.6 0.231412 0.0491379 0.0856681 0.00209999
1 0.962931 0.0491649 0.074138 0.0983297 0.00181007
0 0.489763 0.542026 0.0943965 0.176724 0.00181007
1 0.555711 0.0891703 0.0756465 0.0991379 0.00178242
1 0.482328 0.516164 0.108621 0.18319 0.00175476
1 0.725431 0.550647 0.0982759 0.168103 0.00175476
1 0.609698 0.669181 0.0426724 0.0668103 0.0017004
1 0.957759 0.0503772 0.0844828 0.100754 0.0016489
1 0.640086 0.106142 0.118966 0.184267 0.00163555
1 0.52597 0.0894397 0.0872845 0.100754 0.00161648
1 0.65819 0.0959725 0.124138 0.171202 0.00157928
2 0.736422 0.543103 0.087931 0.161638 0.00146103
0 0.742241 0.545259 0.121552 0.146552 0.00146103
1 0.247306 0.130388 0.212069 0.186422 0.00145531
1 0.500754 0.572737 0.102802 0.252155 0.00142097
1 0.69375 0.106681 0.199138 0.213362 0.00137806
1 0.667888 0.116985 0.134483 0.177667 0.00125504
1 0.742241 0.577586 0.0982759 0.238147 0.00121593
1 0.46681 0.109106 0.121552 0.147629 0.0012064
1 0.490733 0.0880927 0.151293 0.175647 0.00117874
0 0.736422 0.543103 0.087931 0.161638 0.00117874
1 0.512069 0.540948 0.121552 0.18319 0.00112057
1 0.722845 0.521552 0.103448 0.165948 0.00109005
1 0.640086 0.260776 0.0568965 0.0862069 0.00102425
0 0.83847 0.27694 0.32306 0.553879 0.00101185
1 0.739655 0.543642 0.0853448 0.145474 0.885742
1 0.494289 0.545259 0.0918103 0.170259 0.86084
1 0.39181 0.128502 0.106034 0.200431 0.596191
1 0.499138 0.571121 0.0866379 0.168103 0.335449
1 0.747414 0.568966 0.0905172 0.161638 0.144165
1 0.420259 0.649246 0.0568965 0.0862069 0.0939941
1 0.73319 0.557112 0.0724138 0.189655 0.044281
1 0.612284 0.684267 0.0659483 0.0980603 0.0384521
1 0.510453 0.0915948 0.0665948 0.100216 0.0346069
1 0.633621 0.0546875 0.0672413 0.096444 0.0319824
1 0.501401 0.0843211 0.0853448 0.0975215 0.0299835
1 0.418319 0.140019 0.128017 0.239359 0.0210114
1 0.464871 0.114763 0.12931 0.16056 0.01017
1 0.141595 0.140625 0.0362069 0.122845 0.00919342
1 0.614871 0.685345 0.075 0.150862 0.00763702
1 0.959483 0.05132 0.0672414 0.0757004 0.00734711
1 0.947845 0.045528 0.0646551 0.080819 0.00674438
1 0.234698 0.144666 0.192026 0.12931 0.00479126
1 0.415733 0.636853 0.0633621 0.100216 0.00439835
1 0.602425 0.228448 0.0572198 0.0932112 0.00429916
1 0.599353 0.215517 0.050431 0.0775862 0.00411606
1 0.197198 0.170797 0.103448 0.0862069 0.0041008
1 0.173437 0.144935 0.0682112 0.103448 0.00408554
2 0.418319 0.646013 0.0620689 0.0883621 0.00365067
1 0.00315194 0.869073 0.00630388 0.261853 0.00351143
1 0.669828 0.0948276 0.139655 0.189655 0.00348282
0 0.713793 0.139009 0.0594828 0.129849 0.00332451
1 0.713793 0.139009 0.0594828 0.129849 0.00300407
1 0.26153 0.139817 0.314224 0.237069 0.00298119
0 0.142565 0.146282 0.0362069 0.122306 0.00282288
1 0.00230334 0.804418 0.00460668 0.391164 0.00271416
1 0.177317 0.173491 0.0682112 0.0738147 0.00270462
1 0.704741 0.115571 0.0775862 0.18319 0.0024929
0 0.704741 0.115571 0.0775862 0.18319 0.00239754
2 0.501401 0.0843211 0.0853448 0.0975215 0.00232315
1 0.00145474 0.710668 0.00290948 0.438578 0.00211525
1 0.303879 0.124461 0.319397 0.248922 0.00209999
0 0.703448 0.155172 0.0672414 0.0991379 0.00208282
0 0.418319 0.646013 0.0620689 0.0883621 0.00208282
1 0.548922 0.0783944 0.0853448 0.0878233 0.00191879
1 0.425754 0.639009 0.0769396 0.107759 0.00191879
1 0.703448 0.155172 0.0672414 0.0991379 0.00191212
2 0.747414 0.568966 0.0905172 0.161638 0.00188255
1 0.197198 0.229795 0.394397 0.385237 0.00183868
1 0.633621 0.247306 0.0491379 0.091056 0.0017271
1 0.310022 0.134429 0.251509 0.195043 0.00172043
1 0.628287 0.480603 0.344289 0.273707 0.00160408
0 0.397629 0.144464 0.0885776 0.186288 0.0015974
2 0.197198 0.170797 0.103448 0.0862069 0.00153637
1 0.62069 0.50431 0.0698276 0.121767 0.00153637
1 0.737069 0.544181 0.0801724 0.133621 0.812988
1 0.493965 0.544181 0.0827586 0.150862 0.779785
1 0.396659 0.115302 0.099569 0.186422 0.0445251
1 0.144989 0.144397 0.0391164 0.0829742 0.0413208
0 0.396659 0.115302 0.099569 0.186422 0.0192719
1 0.494612 0.568966 0.0956896 0.135776 0.0134811
1 0.743535 0.563039 0.0956896 0.128233 0.00871277
2 0.396659 0.115302 0.099569 0.186422 0.00812531
2 0.392457 0.126684 0.0840518 0.125943 0.0069046
1 0.599353 0.230065 0.0400862 0.0775862 0.0064621
0 0.392457 0.126684 0.0840518 0.125943 0.00475693
2 0.143858 0.152748 0.0362069 0.0932112 0.00428009
0 0.143858 0.152748 0.0362069 0.0932112 0.00374985
1 0.392457 0.126684 0.0840518 0.125943 0.00355148
1 0.63944 0.260776 0.0426724 0.0818965 0.00340271
1 0.597414 0.21875 0.0426724 0.0732759 0.00250244
1 0.435776 0.118534 0.15194 0.172414 0.0019722
2 0.177155 0.163793 0.15194 0.117457 0.00176811
2 0.833621 0.821121 0.332759 0.357759 0.00175476
1 0.208675 0.181573 0.0636854 0.0517241 0.00161076
1 0.187015 0.172683 0.0543103 0.0668103 0.00149536
1 0.496552 0.0828394 0.0969828 0.0929418 0.00137806
2 0.200431 0.15625 0.242457 0.127694 0.00118828
1 0.609698 0.685884 0.0543103 0.103448 0.00104809
2 0.695582 0.728987 0.608836 0.542026 0.00104809
2 0.208675 0.181573 0.0636854 0.0517241 0.00102043
1 0.647845 0.287716 0.0491379 0.107759 0.00101662
1 0.494612 0.539871 0.0814655 0.16056 0.767578
1 0.739655 0.543103 0.0775862 0.153017 0.72168
1 0.497845 0.543103 0.0931035 0.118534 0.133423
1 0.746121 0.542565 0.0943965 0.114224 0.0166626
0 0.398276 0.117188 0.111853 0.190733 0.00664139
0 0.843103 0.194235 0.312931 0.199892 0.00445175
0 0.441918 0.121296 0.190733 0.200296 0.00259018
0 0.465194 0.0954337 0.16875 0.138874 0.00243378
1 0.61875 0.49569 0.0724138 0.0991379 0.00230598
0 0.311961 0.119679 0.272198 0.186288 0.00225258
1 0.465194 0.0954337 0.16875 0.138874 0.00220871
1 0.398276 0.117188 0.111853 0.190733 0.00157356
0 0.842026 0.219895 0.315948 0.318831 0.00134563
0 0.7243 0.803879 0.441918 0.390086 0.00107288
2 0.740356 0.794181 0.519289 0.411638 0.00107288
1 0.61875 0.675108 0.0685345 0.102371 0.00101662
1 0.496228 0.544181 0.0859914 0.148707 0.834473
1 0.739655 0.54041 0.0762931 0.139009 0.808105
1 0.398276 0.115571 0.0918103 0.19181 0.422607
1 0.145474 0.141703 0.0342672 0.108836 0.0337219
1 0.481358 0.0961746 0.133836 0.143858 0.0252686
1 0.134806 0.151131 0.0491379 0.0899784 0.0209198
2 0.748276 0.777478 0.503448 0.445043 0.0182343
1 0.457112 0.11153 0.153879 0.1875 0.0171051
0 0.139494 0.147091 0.0429957 0.119073 0.0120544
1 0.413147 0.124461 0.118966 0.182651 0.0117798
0 0.145474 0.141703 0.0342672 0.108836 0.0115967
1 0.633621 0.0521282 0.0698276 0.104256 0.00978088
0 0.210453 0.168642 0.113793 0.0932112 0.00971222
0 0.398922 0.119343 0.0918103 0.189116 0.00717545
0 0.243427 0.143588 0.212716 0.143319 0.00502014
1 0.172953 0.150593 0.0575431 0.110991 0.00450516
1 0.646552 0.26778 0.0426724 0.0786638 0.00436401
1 0.180711 0.158944 0.121552 0.108297 0.00421524
0 0.19542 0.167026 0.0779095 0.0926724 0.00403976
1 0.629741 0.278556 0.0465518 0.126078 0.00399017
1 0.631681 0.0591325 0.0581897 0.118265 0.00392914
1 0.649138 0.298222 0.0387931 0.0775862 0.00391388
0 0.748276 0.777478 0.503448 0.445043 0.00376511
1 0.139494 0.147091 0.0429957 0.119073 0.00362206
0 0.0153152 0.814116 0.0306304 0.371767 0.00349617
2 0.593373 0.746228 0.693427 0.507543 0.0029583
0 0.222091 0.157597 0.156466 0.119073 0.00288963
0 0.134806 0.151131 0.0491379 0.0899784 0.00288963
0 0.708621 0.139076 0.0827586 0.143184 0.00284576
1 0.702802 0.488147 0.161638 0.243534 0.00275803
0 0.118036 0.147091 0.0800916 0.127155 0.00240517
1 0.264116 0.144666 0.14806 0.145474 0.00234985
2 0.822629 0.797414 0.354741 0.405172 0.00224304
1 0.537931 0.530172 0.174569 0.273707 0.00220871
1 0.210453 0.168642 0.113793 0.0932112 0.00212479
0 0.306466 0.124731 0.234052 0.177802 0.00211525
0 0.486207 0.0990706 0.127371 0.147764 0.00205803
1 0.222091 0.157597 0.156466 0.119073 0.0020504
1 0.484267 0.459591 0.191379 0.322198 0.00200272
1 0.706681 0.153017 0.0931035 0.108836 0.00194168
0 0.703448 0.164332 0.0698276 0.0840517 0.00193405
0 0.172953 0.150593 0.0575431 0.110991 0.00183868
1 0.19542 0.167026 0.0779095 0.0926724 0.00171375
0 0.0402074 0.72306 0.0804149 0.553879 0.00154877
2 0.646767 0.817619 0.706466 0.364763 0.00146103
1 0.498491 0.110991 0.244397 0.1875 0.00142097
0 0.593373 0.746228 0.693427 0.507543 0.00136662
0 0.706681 0.153017 0.0931035 0.108836 0.0012846
1 0.483621 0.118534 0.130603 0.202586 0.0012598
0 0.00400054 0.212554 0.00800108 0.425108 0.00123501
1 0.738362 0.537716 0.075 0.148707 0.914062
1 0.492672 0.541487 0.0827586 0.164871 0.911133
1 0.401185 0.128704 0.106681 0.205954 0.00304031
2 0.401185 0.128704 0.106681 0.205954 0.00264168
1 0.420259 0.118534 0.155172 0.204203 0.00178242
1 0.641379 0.262392 0.0362069 0.075431 0.00146675
1 0.603233 0.237338 0.0478448 0.091056 0.00135136
2 0.459052 0.132004 0.171983 0.220905 0.00130463
1 0.65431 0.0899784 0.116379 0.179957 0.00118828
0 0.411853 0.127425 0.124138 0.210668 0.00115108
1 0.482004 0.132543 0.141595 0.217134 0.00110722
0 0.133351 0.150862 0.0494612 0.114224 0.00109863
1 0.134483 0.146552 0.0484914 0.110991 0.00104809
1 0.193319 0.143252 0.0931035 0.119747 0.00104427
1 0.611638 0.678879 0.0517241 0.0948276 0.00100803
1 0.738362 0.543103 0.0801724 0.146552 0.874023
1 0.492349 0.549569 0.0853448 0.157328 0.867188
1 0.606466 0.68319 0.0491379 0.0905172 0.00559998
1 0.610991 0.703664 0.0581896 0.104526 0.00436401
1 0.619397 0.680496 0.0646552 0.100216 0.00251198
1 0.620043 0.700431 0.0801724 0.133621 0.00235939
1 0.404741 0.118804 0.118965 0.203664 0.00230598
0 0.123815 0.149313 0.0743534 0.145339 0.0019722
1 0.129957 0.150323 0.062069 0.141703 0.00126934
1 0.738362 0.539871 0.0775862 0.137931 0.929199
1 0.493319 0.543103 0.0866379 0.153017 0.896973
1 0.634914 0.0471444 0.0672414 0.0942888 0.00182438
1 0.612931 0.704741 0.0646552 0.112069 0.00182438
1 0.146121 0.1382 0.0303879 0.118534 0.00181007
0 0.601293 0.220636 0.0413793 0.0824354 0.0011692
1 0.601293 0.220636 0.0413793 0.0824354 0.00116539
1 0.604526 0.69181 0.0478448 0.102371 0.00115108
1 0.625862 0.0449892 0.0568965 0.0899784 0.00105286
1 0.739655 0.540948 0.075 0.137931 0.90332
1 0.496875 0.542565 0.0846983 0.148707 0.880859
1 0.147091 0.140894 0.0368534 0.119073 0.0278015
1 0.126078 0.140019 0.0446121 0.134833 0.00679779
1 0.599353 0.22306 0.0426724 0.0851293 0.00372124
1 0.609698 0.698276 0.0594828 0.131466 0.00268364
1 0.400862 0.127761 0.0931035 0.184133 0.0020504
1 0.703448 0.16056 0.0568966 0.0872845 0.00195694
1 0.61875 0.692349 0.0814655 0.146552 0.0018034
1 0.4125 0.643858 0.0491379 0.0894397 0.00174141
1 0.141433 0.128233 0.0436422 0.178341 0.00156116
0 0.143534 0.140625 0.043319 0.12931 0.0014782
1 0.191541 0.158405 0.071444 0.102909 0.00143814
1 0.612931 0.481681 0.0362069 0.0775862 0.00139427
1 0.42931 0.636315 0.0568965 0.110991 0.00136185
1 0.122198 0.142174 0.0792026 0.141299 0.00135612
1 0.496552 0.545259 0.0814655 0.150862 0.887207
1 0.739655 0.542565 0.0737069 0.139009 0.869629
1 0.744181 0.532328 0.0931035 0.165948 0.0378113
1 0.144019 0.14305 0.0384698 0.125539 0.00551224
1 0.618103 0.696121 0.075 0.127155 0.00403976
0 0.134321 0.142241 0.05625 0.133621 0.00356483
0 0.495259 0.533405 0.087931 0.170259 0.00293541
1 0.134321 0.142241 0.05625 0.133621 0.0017271
1 0.496228 0.496767 0.0950431 0.262931 0.00150108
0 0.144019 0.14305 0.0384698 0.125539 0.00148964
0 0.121067 0.147158 0.0827586 0.134564 0.00115108
1 0.627802 0.592672 0.0969828 0.329741 0.00108624
0 0.736422 0.529634 0.0737069 0.163793 0.00103664
1 0.587069 0.554957 0.100862 0.192888 0.00101662
1 0.493965 0.543642 0.0840517 0.154095 0.837402
1 0.738362 0.542026 0.0724138 0.144397 0.811523
1 0.610345 0.698276 0.0594828 0.114224 0.00518036
1 0.617942 0.692888 0.0804957 0.12931 0.00271416
1 0.489116 0.506466 0.09375 0.228448 0.00144386
1 0.737069 0.538793 0.075 0.140086 0.827637
1 0.492026 0.540948 0.0827586 0.147629 0.79834
1 0.72931 0.539871 0.0698276 0.168103 0.263672
1 0.494289 0.538254 0.0943965 0.190733 0.0428772
1 0.737069 0.542026 0.0775862 0.135776 0.766113
1 0.492349 0.545259 0.0911638 0.145474 0.756348
1 0.129149 0.13948 0.065625 0.118669 0.00572968
0 0.121592 0.141096 0.079445 0.130523 0.00572968
1 0.746121 0.543642 0.087931 0.16056 0.00307465
1 0.118804 0.14305 0.0827586 0.134159 0.00213242
1 0.176185 0.159752 0.0627155 0.101832 0.00101662
1 0.738362 0.539871 0.0775862 0.140086 0.831055
1 0.493966 0.542026 0.0853448 0.153017 0.78418
1 0.744828 0.532328 0.0905172 0.181034 0.00305176
1 0.609052 0.706358 0.0517241 0.0980603 0.0015974
1 0.491703 0.516164 0.0898707 0.215517 0.00135612
1 0.737069 0.539332 0.0788793 0.146552 0.854004
1 0.492672 0.542565 0.0866379 0.164871 0.842773
1 0.737715 0.544181 0.075 0.131466 0.795898
1 0.493319 0.545797 0.0840517 0.145474 0.759277
1 0.737715 0.543642 0.075 0.133621 0.816406
1 0.495905 0.545259 0.0840517 0.153017 0.808105
1 0.737069 0.543103 0.075 0.135776 0.829102
1 0.493966 0.546336 0.0853448 0.153017 0.800781
1 0.737069 0.543103 0.075 0.135776 0.829102
1 0.493966 0.546336 0.0853448 0.153017 0.800781
