1 0.626994 0.539871 0.106358 0.131466 0.744629
1 0.478448 0.577586 0.0349138 0.109914 0.0872803
1 0.614871 0.533405 0.0581896 0.159483 0.0471497
0 0.626994 0.539871 0.106358 0.131466 0.0408325
1 0.624407 0.591056 0.0960129 0.192888 0.0138474
1 0.759052 0.451509 0.0517241 0.080819 0.0136337
1 0.65431 0.530711 0.153879 0.15194 0.0109024
1 0.536961 0.567888 0.137716 0.121767 0.00933838
0 0.614871 0.533405 0.0581896 0.159483 0.00926971
1 0.740948 0.467672 0.0698276 0.0872845 0.00871277
2 0.626994 0.539871 0.106358 0.131466 0.00871277
1 0.644612 0.345366 0.050431 0.0732759 0.00821686
0 0.478448 0.577586 0.0349138 0.109914 0.0078125
2 0.644612 0.345366 0.050431 0.0732759 0.0068512
2 0.969828 0.203125 0.0491379 0.118534 0.00600433
1 0.582543 0.548491 0.188793 0.12931 0.00500107
1 0.711853 0.511315 0.0827586 0.0894396 0.00468063
2 0.614871 0.533405 0.0581896 0.159483 0.00436401
2 0.421552 0.821121 0.0426724 0.118534 0.00432968
1 0.969828 0.203125 0.0491379 0.118534 0.00426483
1 0.539547 0.343481 0.442888 0.686961 0.00408554
1 0.638793 0.358297 0.0659483 0.0894397 0.00378036
0 0.644612 0.345366 0.050431 0.0732759 0.00345612
1 0.708621 0.538254 0.182328 0.185345 0.00344276
1 0.682759 0.0889009 0.0465518 0.0878233 0.00332451
2 0.682759 0.0889009 0.0465518 0.0878233 0.00331116
0 0.969828 0.203125 0.0491379 0.118534 0.00327301
1 0.5 0.5 1 1 0.00307465
0 0.5 0.5 1 1 0.00296974
2 0.5 0.5 1 1 0.00291252
1 0.421552 0.821121 0.0426724 0.118534 0.00290108
2 0.5 0.5 1 1 0.00288963
2 0.485237 0.5 0.970474 1 0.0028553
0 0.5 0.5 1 1 0.00283432
0 0.5 0.5 1 1 0.00279999
0 0.485237 0.5 0.970474 1 0.00271416
2 0.5 0.5 1 1 0.00265312
1 0.611638 0.186422 0.0465518 0.0905172 0.00259018
1 0.846336 0.163524 0.0517241 0.0969827 0.00259018
2 0.5 0.5 1 1 0.00257111
1 0.799784 0.592134 0.0323276 0.0851293 0.00256157
1 0.5 0.5 1 1 0.00254059
1 0.734483 0.487069 0.121552 0.141164 0.00250244
0 0.421552 0.821121 0.0426724 0.118534 0.00248146
2 0.5 0.5 1 1 0.00247192
1 0.455496 0.578664 0.0743535 0.118534 0.00245285
0 0.5 0.5 1 1 0.00245285
0 0.5 0.5 1 1 0.00239754
1 0.525 0.457435 0.0400862 0.0765086 0.00234222
1 0.571552 0.608836 0.148707 0.168104 0.00230598
1 0.627802 0.542565 0.0969828 0.141164 0.712402
1 0.472953 0.576509 0.0310345 0.103448 0.0406799
1 0.471983 0.579203 0.0581896 0.140086 0.0104065
1 0.777155 0.557651 0.0620689 0.155172 0.00891876
1 0.563793 0.568966 0.234052 0.174569 0.00484848
1 0.618103 0.452586 0.103448 0.352371 0.00359344
1 0.716379 0.546336 0.254741 0.202586 0.00342941
1 0.625215 0.576509 0.0969828 0.224138 0.00291252
1 0.763578 0.456897 0.025862 0.0517241 0.00239754
2 0.627802 0.542565 0.0969828 0.141164 0.00239754
1 0.604041 0.557112 0.0979526 0.140086 0.00226974
1 0.731897 0.476293 0.0349138 0.0506465 0.00212479
0 0.628448 0.540948 0.0931034 0.144397 0.00174809
1 0.629741 0.368535 0.0517241 0.0700431 0.00171375
1 0.514009 0.574353 0.102155 0.12069 0.00160408
1 0.818534 0.521552 0.341379 0.537716 0.00159168
1 0.636207 0.350216 0.0271552 0.0560345 0.00139427
1 0.663524 0.351832 0.400539 0.703664 0.00136662
2 0.653017 0.0751616 0.062069 0.0835129 0.00135612
0 0.5 0.583782 1 0.832435 0.00132465
1 0.704741 0.510237 0.0568965 0.0829741 0.00131512
2 0.496228 0.5 0.992457 1 0.00131512
0 0.496228 0.5 0.992457 1 0.00129414
1 0.800431 0.587285 0.0284482 0.0668103 0.0012846
1 0.760506 0.704203 0.39278 0.591595 0.00127411
0 0.440948 0.5 0.881896 1 0.00126457
0 0.618103 0.452586 0.103448 0.352371 0.00124931
2 0.636207 0.350216 0.0271552 0.0560345 0.00124454
1 0.742241 0.484375 0.258621 0.533405 0.00124454
1 0.496228 0.5 0.992457 1 0.00122547
2 0.5 0.5 1 1 0.0012064
2 0.5 0.583782 1 0.832435 0.00117397
2 0.774785 0.793642 0.450431 0.412716 0.00116062
1 0.5 0.583782 1 0.832435 0.00115108
2 0.827802 0.761315 0.344397 0.477371 0.00115108
2 0.463578 0.5 0.927155 1 0.00112438
2 0.653879 0.801724 0.692241 0.396552 0.00112057
0 0.759267 0.208782 0.481466 0.417565 0.00110722
2 0.5 0.758351 1 0.483297 0.00109863
1 0.653017 0.0751616 0.062069 0.0835129 0.00109482
2 0.65625 0.206358 0.653017 0.412716 0.00107288
1 0.458728 0.582974 0.0588362 0.112069 0.00106525
1 0.5 0.758351 1 0.483297 0.00106525
1 0.440948 0.5 0.881896 1 0.00106049
0 0.471983 0.579203 0.0581896 0.140086 0.00104427
2 0.487823 0.289601 0.975646 0.579203 0.00104046
0 0.827802 0.761315 0.344397 0.477371 0.00104046
2 0.759267 0.208782 0.481466 0.417565 0.00103664
0 0.5 0.5 1 1 0.00103188
0 0.65625 0.206358 0.653017 0.412716 0.00103188
1 0.628448 0.536638 0.0879311 0.131466 0.695801
1 0.458405 0.579203 0.0556035 0.112069 0.105225
1 0.641379 0.342134 0.0387931 0.0668104 0.0405273
1 0.802371 0.590517 0.0323276 0.0948276 0.0301056
1 0.760345 0.450431 0.0581897 0.0948276 0.00878143
1 0.892888 0.584591 0.0426724 0.0711207 0.00806427
1 0.632974 0.369612 0.0517241 0.0732759 0.0078125
1 0.644612 0.0730065 0.0659482 0.0765086 0.00769424
1 0.630388 0.584052 0.107328 0.22306 0.00760651
1 0.642672 0.526401 0.113793 0.139009 0.00751877
1 0.80431 0.577586 0.0362069 0.101293 0.00703812
1 0.850862 0.58944 0.128017 0.109914 0.00669098
1 0.615517 0.383082 0.0556035 0.0700431 0.00609589
1 0.643965 0.092403 0.0698276 0.075431 0.00547028
1 0.827586 0.438578 0.131897 0.125 0.00457382
1 0.621336 0.344828 0.0581897 0.0668104 0.00390053
1 0.668534 0.329203 0.0711207 0.0969827 0.00329781
1 0.37209 0.581358 0.293534 0.173491 0.00325966
1 0.813362 0.396552 0.162931 0.184267 0.00252151
1 0.735776 0.46875 0.0568965 0.0732758 0.00244331
1 0.600646 0.560345 0.111207 0.137931 0.00226974
2 0.632489 0.540948 0.108297 0.137931 0.00226974
2 0.33354 0.853448 0.1993 0.165948 0.00211525
1 0.593534 0.65625 0.100862 0.101293 0.00198746
2 0.399246 0.818966 0.062069 0.114224 0.00194931
1 0.790086 0.592672 0.0724138 0.105603 0.00188255
1 0.84181 0.571121 0.108621 0.0926724 0.0018177
2 0.641379 0.342134 0.0387931 0.0668104 0.00168705
1 0.495905 0.435884 0.184914 0.153017 0.00159168
1 0.503664 0.578125 0.0762931 0.115302 0.00156116
1 0.265086 0.542026 0.0375 0.0603449 0.00153065
2 0.892888 0.584591 0.0426724 0.0711207 0.00152493
1 0.470043 0.614763 0.0620689 0.193966 0.00151253
1 0.553125 0.563578 0.24375 0.144397 0.00144386
1 0.625862 0.492457 0.108621 0.211207 0.00138855
2 0.644612 0.0730065 0.0659482 0.0765086 0.00134563
2 0.31681 0.913254 0.0918103 0.113147 0.00134563
1 0.609698 0.543103 0.109914 0.133621 0.00130463
1 0.614871 0.19639 0.0465518 0.0975215 0.00126457
2 0.322306 0.901401 0.14806 0.147629 0.00123024
1 0.894828 0.564116 0.0491379 0.0743535 0.00121117
2 0.37306 0.828664 0.124138 0.146552 0.00120163
1 0.632328 0.197198 0.0517241 0.0915948 0.00119686
1 0.719612 0.796336 0.20431 0.215517 0.00119686
1 0.844397 0.576509 0.230172 0.321121 0.00116539
2 0.39181 0.971983 0.783621 0.0560345 0.00113392
1 0.638793 0.0643858 0.0905172 0.0792026 0.00112915
2 0.421552 0.814655 0.0491379 0.12069 0.00109482
1 0.655603 0.0934806 0.0905172 0.0932112 0.00106049
1 0.545043 0.802802 0.200431 0.189655 0.00105286
1 0.625862 0.544181 0.106034 0.137931 0.753418
1 0.471983 0.571121 0.0349138 0.112069 0.177856
1 0.802371 0.583513 0.0387931 0.105603 0.102295
1 0.63944 0.0660022 0.0737069 0.0775862 0.101257
1 0.619558 0.595905 0.103125 0.19181 0.0488586
2 0.63944 0.0660022 0.0737069 0.0775862 0.0292053
1 0.762931 0.457974 0.0362069 0.0689655 0.0282135
2 0.302586 0.650323 0.0400862 0.0625 0.0166626
1 0.654957 0.0654634 0.100862 0.0867457 0.0136337
1 0.901293 0.591595 0.0413794 0.0560345 0.0134811
1 0.672414 0.328664 0.0543103 0.0657327 0.0126266
2 0.693103 0.935345 0.0362069 0.0581896 0.0124283
1 0.823707 0.584591 0.075 0.0980603 0.0104904
1 0.00311153 0.827047 0.00622306 0.345905 0.00997162
1 0.00492996 0.904364 0.00985991 0.191272 0.00993347
1 0.917457 0.600754 0.0426724 0.0409483 0.00981903
2 0.644612 0.0626347 0.0982759 0.0789332 0.00963593
2 0.402478 0.824892 0.0568965 0.116379 0.00881195
2 0.917457 0.600754 0.0426724 0.0409483 0.00712204
1 0.302586 0.650323 0.0400862 0.0625 0.00674438
1 0.645259 0.345366 0.0594827 0.0614224 0.00669098
2 0.420259 0.818965 0.0452586 0.105603 0.00653839
1 0.693103 0.935345 0.0362069 0.0581896 0.00638962
1 0.595474 0.837823 0.0762931 0.115302 0.00631332
0 0.106358 0.865302 0.0394397 0.0732759 0.00624084
2 0.520797 0.806034 0.242457 0.189655 0.00605011
1 0.498491 0.569504 0.075 0.114224 0.005867
1 0.632328 0.371902 0.0568965 0.0773168 0.00584412
1 0.647845 0.53556 0.124138 0.150862 0.00582123
1 0.507543 0.0568427 0.0400862 0.0538793 0.00559998
1 0.453233 0.580819 0.0607759 0.128233 0.0055542
2 0.709914 0.938578 0.0465517 0.0581896 0.00538635
2 0.507543 0.0568427 0.0400862 0.0538793 0.00530243
1 0.00185884 0.732759 0.00371767 0.415948 0.00530243
1 0.154203 0.967672 0.308405 0.0646552 0.00511932
2 0.389871 0.829741 0.0892242 0.137931 0.00508118
1 0.568966 0.832974 0.140948 0.12931 0.0050621
1 0.523707 0.806034 0.231466 0.186422 0.00482941
0 0.0246498 0.899784 0.0492996 0.18319 0.00477219
2 0.35625 0.829741 0.143534 0.127155 0.00439835
1 0.610506 0.467672 0.152263 0.331897 0.00439835
1 0.609052 0.378367 0.0607759 0.0751617 0.00415039
1 0.262823 0.547953 0.0413793 0.0657328 0.00407028
2 0.901293 0.591595 0.0413794 0.0560345 0.00392914
0 0.00492996 0.904364 0.00985991 0.191272 0.00366402
0 0.693103 0.935345 0.0362069 0.0581896 0.00365067
1 0.737069 0.471983 0.0543103 0.0592672 0.00345612
1 0.574784 0.570043 0.0905172 0.133621 0.00345612
0 0.965948 0.214978 0.049138 0.112069 0.00344276
1 0.792672 0.468211 0.0646552 0.109914 0.00312424
1 0.626509 0.546336 0.0931035 0.127155 0.754883
1 0.476509 0.575431 0.0349138 0.103448 0.219971
1 0.801724 0.579741 0.0336207 0.0980604 0.024704
1 0.640086 0.344289 0.0413793 0.0625 0.0223694
1 0.462931 0.582435 0.0517241 0.105603 0.0173035
1 0.661422 0.335399 0.0698276 0.0716595 0.00854492
1 0.765517 0.463901 0.0284482 0.0614224 0.00740433
2 0.640086 0.344289 0.0413793 0.0625 0.00568771
1 0.63944 0.0703125 0.0711206 0.0759698 0.00416565
2 0.264763 0.549569 0.0381465 0.0538793 0.00369263
1 0.742241 0.587285 0.165517 0.133621 0.00353813
2 0.63944 0.0703125 0.0711206 0.0759698 0.00319672
1 0.508836 0.0471444 0.0375 0.0484914 0.00252151
1 0.612931 0.341056 0.0426724 0.0603448 0.00245285
1 0.264763 0.549569 0.0381465 0.0538793 0.00245285
2 0.508836 0.0471444 0.0375 0.0484914 0.00213242
2 0.462931 0.582435 0.0517241 0.105603 0.0020752
1 0.607759 0.193427 0.0284482 0.0603448 0.00195694
2 0.661422 0.335399 0.0698276 0.0716595 0.00194168
2 0.689224 0.944235 0.0336207 0.0641164 0.00190449
1 0.734483 0.469828 0.0362069 0.0560345 0.00182438
1 0.611638 0.381466 0.0517241 0.0818965 0.00162315
1 0.628448 0.196121 0.0465517 0.0614224 0.00156689
2 0.612931 0.341056 0.0426724 0.0603448 0.00138283
0 0.640086 0.344289 0.0413793 0.0625 0.00122547
1 0.632328 0.370824 0.0594828 0.092403 0.00118828
0 0.963362 0.220366 0.0517241 0.118534 0.0011425
1 0.690733 0.752694 0.618535 0.494612 0.0011425
2 0.622629 0.550108 0.0918104 0.106681 0.0011034
2 0.3809 0.706358 0.557166 0.408405 0.00104046
1 0.627155 0.547414 0.0905172 0.133621 0.620605
1 0.46875 0.568427 0.0297414 0.102371 0.222656
1 0.460991 0.576509 0.0478448 0.0732759 0.033905
1 0.634267 0.344828 0.0297414 0.0528017 0.0204926
1 0.797845 0.580819 0.0284483 0.0840517 0.0191956
1 0.762931 0.466595 0.0258621 0.0431035 0.0161591
1 0.782328 0.573815 0.0387931 0.0765086 0.0146179
1 0.606466 0.383082 0.0517241 0.0678879 0.00669098
1 0.730603 0.47306 0.0323276 0.0452586 0.00634003
1 0.645259 0.0664062 0.0711207 0.0740841 0.00614548
1 0.455819 0.572198 0.0543103 0.114224 0.00582123
1 0.638793 0.535022 0.116379 0.150862 0.00502014
1 0.614224 0.346175 0.0465517 0.0587285 0.00370789
1 0.664009 0.335129 0.0659482 0.0517241 0.00353813
2 0.520474 0.788793 0.275431 0.241379 0.00351143
2 0.634267 0.344828 0.0297414 0.0528017 0.00323486
2 0.697629 0.942888 0.0400862 0.0538793 0.00301552
1 0.625862 0.375539 0.0517241 0.0732758 0.00300407
1 0.520797 0.788793 0.251509 0.230603 0.00300407
1 0.618103 0.600216 0.0698276 0.176724 0.00273705
1 0.797845 0.568427 0.0310345 0.0905172 0.00271416
2 0.645259 0.0664062 0.0711207 0.0740841 0.00264168
1 0.441272 0.578664 0.0859914 0.127155 0.00228691
1 0.767457 0.57597 0.0607759 0.114224 0.00218201
1 0.89806 0.58944 0.0310345 0.0614224 0.00213242
2 0.711207 0.943966 0.0413793 0.0625 0.00205803
0 0.520797 0.788793 0.251509 0.230603 0.00183868
2 0.17861 0.580819 0.35722 0.838362 0.00178909
1 0.62861 0.582974 0.103125 0.213362 0.0014782
0 0.634267 0.344828 0.0297414 0.0528017 0.0012598
1 0.646552 0.0662716 0.104741 0.0856681 0.00121593
0 0.958405 0.203664 0.0831897 0.164871 0.00118828
1 0.697629 0.942888 0.0400862 0.0538793 0.00113773
1 0.606466 0.191272 0.0323276 0.0538793 0.0011158
1 0.520151 0.469828 0.0355603 0.0538793 0.00103664
1 0.463578 0.614224 0.0530172 0.204741 0.00102425
1 0.4125 0.621228 0.125431 0.155172 0.00101662
0 0.645259 0.0664062 0.0711207 0.0740841 0.00100422
0 0.94806 0.204203 0.103879 0.210129 0.00100422
1 0.627802 0.543642 0.0969828 0.133621 0.808105
1 0.461315 0.577047 0.0439655 0.112069 0.337158
1 0.462608 0.573815 0.0588362 0.130388 0.0823975
1 0.451293 0.580819 0.0620689 0.123922 0.0455322
1 0.786207 0.5625 0.0387931 0.114224 0.0207214
1 0.643965 0.061153 0.075 0.0845905 0.0173798
2 0.643965 0.061153 0.075 0.0845905 0.0154266
1 0.800431 0.579741 0.0284482 0.0905172 0.0147858
1 0.760345 0.456358 0.0310345 0.0721983 0.0136337
2 0.78222 0.772629 0.43556 0.454741 0.0126266
1 0.6 0.192619 0.0478448 0.107759 0.0086441
0 0.00565733 0.258351 0.0113147 0.516703 0.00679779
2 0.650431 0.0603448 0.0982759 0.0932112 0.005867
1 0.660129 0.530711 0.0724138 0.142241 0.0055542
0 0.643965 0.061153 0.075 0.0845905 0.00544739
0 0.0102236 0.823545 0.0204472 0.35291 0.00466537
1 0.638147 0.34375 0.0426724 0.0571121 0.00397491
1 0.650431 0.0603448 0.0982759 0.0932112 0.00395966
1 0.72931 0.470905 0.0517241 0.0625 0.00356483
1 0.632328 0.590517 0.103448 0.200431 0.00356483
1 0.631034 0.189386 0.050431 0.091056 0.00351143
0 0.0165679 0.700431 0.0331358 0.599138 0.00314713
0 0.967241 0.225754 0.0439654 0.117996 0.00293541
1 0.669181 0.329741 0.0607759 0.0592673 0.00282288
2 0.526616 0.772629 0.596767 0.454741 0.00279999
2 0.662931 0.769935 0.674138 0.460129 0.00271416
1 0.627155 0.478448 0.124138 0.272629 0.00259018
1 0.446444 0.600216 0.0724138 0.181034 0.00256157
0 0.612284 0.348869 0.0594828 0.078125 0.00255013
1 0.662069 0.55819 0.155172 0.159483 0.00253105
1 0.462284 0.603448 0.0659483 0.188578 0.0024929
1 0.612284 0.348869 0.0594828 0.078125 0.00246239
0 0.00630388 0.73653 0.0126078 0.52694 0.00244331
1 0.633621 0.165409 0.0439655 0.0872845 0.00230598
0 0.0142241 0.601293 0.0284483 0.797414 0.0020504
0 0.745043 0.771552 0.509914 0.456897 0.0020504
0 0.6 0.192619 0.0478448 0.107759 0.00204277
0 0.526616 0.772629 0.596767 0.454741 0.00193405
0 0.638147 0.34375 0.0426724 0.0571121 0.00186729
0 0.00880927 0.179418 0.0176185 0.358836 0.00182438
1 0.580765 0.210668 0.0927802 0.141164 0.0018177
0 0.650431 0.0603448 0.0982759 0.0932112 0.0018034
0 0.267026 0.541487 0.0349138 0.0474138 0.00178242
1 0.778448 0.582974 0.0517241 0.107759 0.00168133
0 0.291595 0.153017 0.0413793 0.0673491 0.00152493
1 0.60889 0.383486 0.0623922 0.0972522 0.00144386
1 0.773922 0.558728 0.0517241 0.140086 0.00134087
1 0.625862 0.373922 0.0607759 0.0851293 0.00130463
0 0.00864763 0.369612 0.0172953 0.739224 0.00129986
2 0.00565733 0.258351 0.0113147 0.516703 0.0012598
1 0.628448 0.542565 0.0931034 0.132543 0.889648
1 0.46875 0.573815 0.0278018 0.104526 0.0943604
1 0.456466 0.568966 0.0362069 0.107759 0.0509033
1 0.765517 0.460129 0.0310345 0.075431 0.0150146
1 0.800431 0.580819 0.0310344 0.0969828 0.014389
2 0.632328 0.349138 0.0362069 0.0635776 0.0117798
1 0.632328 0.349138 0.0362069 0.0635776 0.00945282
2 0.644612 0.0630388 0.0711207 0.078125 0.00619125
1 0.69569 0.939655 0.0387931 0.0517241 0.00553513
1 0.773276 0.572198 0.0465518 0.133621 0.00500107
2 0.612931 0.348599 0.0504311 0.0721983 0.00494385
2 0.69569 0.939655 0.0387931 0.0517241 0.00443268
1 0.897414 0.588362 0.0336207 0.0625 0.00416565
1 0.669828 0.331358 0.0594828 0.0635776 0.00388527
1 0.731897 0.474138 0.0491379 0.0711207 0.00325966
1 0.646552 0.533405 0.0931034 0.149784 0.00305176
1 0.801724 0.577047 0.0387931 0.118534 0.00296974
1 0.452263 0.579741 0.05625 0.119612 0.00288963
1 0.612931 0.348599 0.0504311 0.0721983 0.00283432
1 0.709914 0.94181 0.0439655 0.0538793 0.00269318
2 0.669828 0.331358 0.0594828 0.0635776 0.00265312
1 0.627155 0.365841 0.050431 0.0818966 0.00255013
1 0.301293 0.939925 0.0407328 0.059806 0.00253105
2 0.638793 0.0660022 0.0982759 0.0862069 0.002388
2 0.709914 0.94181 0.0439655 0.0538793 0.00228691
1 0.610345 0.372306 0.0568965 0.0915948 0.00176144
1 0.689224 0.556035 0.209483 0.133621 0.00157356
0 0.632328 0.349138 0.0362069 0.0635776 0.00142097
0 0.456466 0.568966 0.0362069 0.107759 0.00139427
1 0.644612 0.0630388 0.0711207 0.078125 0.00136185
0 0.967241 0.219289 0.0387931 0.118534 0.00134087
1 0.629095 0.550108 0.0956896 0.130388 0.830078
1 0.469397 0.573276 0.0258621 0.0991379 0.223389
1 0.461638 0.571659 0.0362069 0.112069 0.0497742
1 0.799138 0.580819 0.0310345 0.0883621 0.0294189
1 0.760345 0.462285 0.0323276 0.0603448 0.0271759
1 0.455172 0.574892 0.0543103 0.106681 0.0109482
1 0.735776 0.470905 0.0491379 0.0646552 0.00955963
1 0.631034 0.592134 0.0982759 0.195043 0.00894928
2 0.696983 0.936422 0.0452586 0.0625 0.00812531
0 0.963362 0.211207 0.0517241 0.152478 0.00679779
1 0.784914 0.553879 0.0336207 0.114224 0.00653839
1 0.642672 0.346444 0.0491379 0.0635776 0.0050621
2 0.642672 0.346444 0.0491379 0.0635776 0.00450516
1 0.631034 0.385776 0.0646552 0.100216 0.00439835
2 0.708621 0.94181 0.0491379 0.0581896 0.00413513
1 0.669828 0.33486 0.0594828 0.065194 0.00348282
1 0.773276 0.574353 0.0543103 0.112069 0.00304031
1 0.768103 0.565194 0.0556035 0.135776 0.00242424
1 0.476185 0.605603 0.0510776 0.193966 0.00220871
1 0.611638 0.406385 0.0685345 0.137662 0.0020752
2 0.609698 0.352371 0.0659483 0.0840517 0.00198746
2 0.623276 0.555496 0.0956896 0.128233 0.00188255
2 0.669828 0.33486 0.0594828 0.065194 0.00178909
2 0.461638 0.571659 0.0362069 0.112069 0.00134563
0 0.696983 0.936422 0.0452586 0.0625 0.00133038
1 0.609698 0.352371 0.0659483 0.0840517 0.00130463
2 0.631034 0.385776 0.0646552 0.100216 0.00129414
1 0.696983 0.936422 0.0452586 0.0625 0.00116062
0 0.642672 0.346444 0.0491379 0.0635776 0.0011425
2 0.611638 0.406385 0.0685345 0.137662 0.00113773
1 0.647198 0.533405 0.0969828 0.153017 0.00112057
0 0.461638 0.571659 0.0362069 0.112069 0.00103188
1 0.629741 0.546336 0.0956896 0.127155 0.863281
1 0.466164 0.573276 0.0342672 0.109914 0.233765
1 0.457435 0.572198 0.0362069 0.112069 0.0827026
1 0.783621 0.575431 0.0284482 0.0926724 0.0572815
1 0.797845 0.579741 0.0297414 0.0969828 0.0520325
1 0.454849 0.577586 0.0530172 0.114224 0.0172424
2 0.696983 0.939655 0.0387931 0.0560345 0.0154266
1 0.638793 0.338362 0.0336207 0.0517241 0.0151291
0 0.967888 0.21417 0.0439655 0.0996767 0.0148392
2 0.638793 0.338362 0.0336207 0.0517241 0.00857544
1 0.678879 0.324353 0.0349138 0.049569 0.00701141
1 0.696983 0.939655 0.0387931 0.0560345 0.00638962
1 0.731897 0.46875 0.0362069 0.0603448 0.00602722
2 0.266703 0.545259 0.0342672 0.049569 0.00551224
2 0.707328 0.942888 0.0465517 0.0517242 0.00496292
1 0.645259 0.0635776 0.0724138 0.091056 0.00426483
2 0.967888 0.21417 0.0439655 0.0996767 0.00421524
1 0.638793 0.532328 0.0982759 0.146552 0.00419998
2 0.645259 0.0635776 0.0724138 0.091056 0.0041008
1 0.768103 0.458513 0.0284483 0.0581897 0.0037365
0 0.638793 0.338362 0.0336207 0.0517241 0.00356483
2 0.840517 0.1875 0.0439655 0.0409483 0.00318527
2 0.817241 0.189925 0.0413793 0.0366379 0.00309944
1 0.602586 0.191002 0.0465517 0.0802802 0.00281143
2 0.678879 0.324353 0.0349138 0.049569 0.00228691
2 0.612931 0.340517 0.0491379 0.0581897 0.00221634
0 0.953017 0.211476 0.0607759 0.0953664 0.00208282
0 0.696983 0.939655 0.0387931 0.0560345 0.00200272
0 0.840517 0.1875 0.0439655 0.0409483 0.0017271
1 0.612931 0.340517 0.0491379 0.0581897 0.00171375
1 0.266703 0.545259 0.0342672 0.049569 0.00158501
1 0.707328 0.942888 0.0465517 0.0517242 0.00158501
0 0.612931 0.340517 0.0491379 0.0581897 0.00156689
2 0.632328 0.0626347 0.0762931 0.0853987 0.00154305
2 0.659483 0.0642511 0.103448 0.0994073 0.00126934
1 0.659483 0.0642511 0.103448 0.0994073 0.00123501
1 0.896121 0.588901 0.0375 0.0829741 0.00113773
0 0.678879 0.324353 0.0349138 0.049569 0.0011158
1 0.612931 0.406115 0.0620689 0.120959 0.00102043
1 0.628448 0.546336 0.0905172 0.125 0.78418
1 0.464547 0.577047 0.0420259 0.107759 0.238647
1 0.456789 0.573815 0.0323276 0.104526 0.15564
1 0.455819 0.581897 0.0517241 0.114224 0.0413208
1 0.782328 0.571121 0.0232759 0.0862069 0.0299225
1 0.797845 0.572198 0.0297414 0.101293 0.016983
1 0.774569 0.454741 0.0310345 0.075431 0.0165253
1 0.634914 0.344289 0.0336207 0.0571121 0.0141144
1 0.614224 0.346175 0.0491379 0.065194 0.0102463
1 0.609052 0.3816 0.0543103 0.092403 0.00658798
1 0.620043 0.174838 0.0258621 0.0818966 0.00486755
1 0.730603 0.471983 0.0323276 0.0646552 0.00479126
1 0.686638 0.326509 0.0310345 0.0587284 0.00405502
1 0.653017 0.524785 0.075 0.133621 0.00378036
1 0.627802 0.371633 0.0581897 0.0929418 0.00367928
1 0.268966 0.554418 0.0297414 0.0603448 0.00358009
1 0.455172 0.608836 0.0620689 0.159483 0.00351143
2 0.696336 0.939655 0.0375 0.0560345 0.00327301
1 0.606466 0.199892 0.0413793 0.100216 0.00322342
1 0.696336 0.939655 0.0375 0.0560345 0.0029583
1 0.774569 0.435345 0.0310345 0.103448 0.00286674
1 0.467457 0.602371 0.0607759 0.181035 0.00279999
1 0.520797 0.455819 0.0303879 0.0818965 0.00240517
1 0.791379 0.466595 0.0491379 0.0862069 0.00235939
0 0.971767 0.213362 0.0517241 0.146552 0.00232315
1 0.649138 0.0677532 0.0646552 0.079472 0.00202751
1 0.585938 0.212284 0.0746768 0.110991 0.00138855
1 0.627802 0.605603 0.0853448 0.164871 0.00124931
1 0.779741 0.56681 0.0362069 0.109914 0.00123978
1 0.896121 0.586746 0.0349138 0.0915948 0.00123024
1 0.285776 0.565733 0.0258621 0.0732758 0.00123024
2 0.71056 0.943965 0.0452586 0.0560345 0.00103664
1 0.630388 0.550647 0.0943965 0.12069 0.818848
1 0.46681 0.58028 0.0310345 0.112069 0.106689
1 0.7875 0.573276 0.0284483 0.107759 0.0388184
1 0.800431 0.585129 0.0271552 0.114224 0.0165863
1 0.454849 0.585129 0.0549569 0.121767 0.00796509
1 0.772629 0.456897 0.0349138 0.0840517 0.00208282
1 0.646552 0.528017 0.0931034 0.146552 0.00186062
1 0.451293 0.631466 0.063362 0.127155 0.0018177
1 0.469397 0.609914 0.0478448 0.1875 0.00168133
1 0.724784 0.476832 0.0387931 0.0851293 0.00154877
1 0.629741 0.599138 0.0956896 0.178879 0.0014267
0 0.461315 0.580819 0.0368535 0.109914 0.0014267
1 0.791379 0.478448 0.0517241 0.108836 0.00137234
1 0.625862 0.547414 0.0905172 0.127155 0.767578
1 0.46584 0.574353 0.0329742 0.103448 0.144165
1 0.799138 0.58028 0.0271552 0.0969828 0.0150757
1 0.453233 0.577586 0.0491379 0.112069 0.00751877
1 0.791379 0.563039 0.0297414 0.0872845 0.00751877
1 0.628448 0.602371 0.0892242 0.170259 0.00324821
1 0.769396 0.460129 0.0258621 0.0646552 0.00269318
1 0.632328 0.345905 0.0387931 0.0603448 0.00232315
0 0.461638 0.578125 0.0336207 0.100216 0.00161648
1 0.612931 0.3816 0.0543103 0.0751617 0.00106525
1 0.728017 0.474138 0.0336207 0.0668103 0.00102425
1 0.629095 0.542026 0.0905172 0.118534 0.823242
1 0.465517 0.577586 0.0362069 0.109914 0.0859985
1 0.464224 0.576509 0.0452586 0.127155 0.00891876
1 0.769396 0.462285 0.0284482 0.0668103 0.00342941
1 0.797198 0.572737 0.0310345 0.115302 0.00319672
1 0.455172 0.578125 0.0517241 0.117457 0.00213242
1 0.7875 0.558728 0.0336207 0.122845 0.00161076
1 0.728017 0.473599 0.0336207 0.0635776 0.00102425
1 0.623922 0.545259 0.0943965 0.12069 0.795898
1 0.469397 0.574353 0.0310345 0.0991379 0.0247955
1 0.791379 0.568966 0.0362069 0.0818966 0.00455475
1 0.795259 0.568966 0.0336207 0.0991379 0.00407028
1 0.770043 0.465517 0.0297414 0.0581897 0.00284576
1 0.728017 0.476293 0.0349138 0.0603449 0.0020504
1 0.468103 0.584052 0.0439655 0.0883621 0.00197983
1 0.628448 0.547953 0.0931034 0.122845 0.774414
1 0.469073 0.576509 0.0303879 0.105603 0.0939941
1 0.799138 0.58028 0.0310345 0.113147 0.0383301
1 0.77069 0.456897 0.0297414 0.0689655 0.00828552
1 0.467134 0.585129 0.0439655 0.118534 0.005867
1 0.729957 0.47306 0.0349138 0.0668104 0.00300407
1 0.788793 0.559806 0.0362069 0.133621 0.00192642
1 0.793319 0.498922 0.0543104 0.144397 0.00112057
1 0.624569 0.545259 0.0931034 0.133621 0.854004
1 0.468103 0.573815 0.0323276 0.116379 0.0324707
1 0.799138 0.579203 0.0336206 0.114224 0.0105286
1 0.788146 0.556034 0.0310345 0.125 0.00399017
1 0.769396 0.457435 0.0284482 0.0689655 0.00329781
1 0.72931 0.475216 0.0362069 0.0646552 0.00136185
1 0.454526 0.576509 0.0556035 0.12931 0.00104046
1 0.627155 0.548491 0.0905172 0.114224 0.777344
1 0.468427 0.577047 0.0284483 0.0980604 0.0446777
1 0.790086 0.563578 0.0323276 0.0926724 0.0209198
1 0.465517 0.581897 0.0400862 0.0883621 0.0125275
1 0.797845 0.578664 0.0284483 0.101293 0.0124283
1 0.77069 0.462285 0.0284483 0.0560344 0.00399017
1 0.730603 0.477371 0.0362069 0.0581897 0.00184631
1 0.628448 0.549569 0.0931034 0.12069 0.785156
1 0.46875 0.574353 0.0297414 0.0991379 0.0634766
1 0.792672 0.558728 0.0323276 0.0980603 0.0314331
1 0.797198 0.572737 0.0297414 0.106681 0.025177
1 0.771336 0.460129 0.0310345 0.0581896 0.00450516
1 0.72931 0.477371 0.0362069 0.0625 0.00279999
1 0.628448 0.548491 0.0931034 0.122845 0.808105
1 0.469073 0.574892 0.0290948 0.103448 0.069519
1 0.793319 0.560884 0.0336207 0.105603 0.0354919
1 0.797845 0.577586 0.0284483 0.103448 0.0275879
1 0.467457 0.579741 0.0387931 0.103448 0.0113297
1 0.771336 0.461746 0.0310345 0.0625 0.00475693
1 0.728017 0.480065 0.0362069 0.0657328 0.00416565
1 0.628448 0.548491 0.0931034 0.122845 0.808105
1 0.46875 0.574892 0.0297414 0.103448 0.0698242
1 0.793319 0.560884 0.0336207 0.105603 0.0353394
1 0.797845 0.577586 0.0284483 0.103448 0.0275879
1 0.467457 0.58028 0.0387931 0.102371 0.0113297
1 0.771336 0.461207 0.0310345 0.0625 0.00475693
1 0.728017 0.480065 0.0362069 0.0657328 0.00416565
