1 0.389871 0.232759 0.0413793 0.15194 0.012146
1 0.0181843 0.247306 0.0363685 0.177802 0.00538635
1 0.197845 0.178408 0.393103 0.342538 0.00453949
1 0.354957 0.237608 0.107328 0.15194 0.00367928
0 0.5 0.5 1 1 0.00327301
0 0.5 0.5 1 1 0.00327301
2 0.205927 0.211274 0.39181 0.367322 0.00318527
0 0.376616 0.291756 0.753233 0.583513 0.00314713
2 0.5 0.5 1 1 0.00312424
2 0.5 0.5 1 1 0.00302696
2 0.5 0.5 1 1 0.00298119
2 0.5 0.5 1 1 0.00287819
1 0.5 0.5 1 1 0.00287819
2 0.157759 0.171336 0.315517 0.342672 0.0028553
0 0.5 0.5 1 1 0.00284576
2 0.376616 0.291756 0.753233 0.583513 0.00283432
0 0.376616 0.328125 0.753233 0.561422 0.00281143
2 0.288685 0.397091 0.577371 0.794181 0.00279045
1 0.5 0.5 1 1 0.00279045
0 0.157759 0.171336 0.315517 0.342672 0.00276756
0 0.5 0.5 1 1 0.00274658
0 0.5 0.5 1 1 0.00274658
1 0.5 0.5 1 1 0.00273705
2 0.5 0.5 1 1 0.00264168
0 0.128664 0.20528 0.257328 0.41056 0.00259018
2 0.5 0.5 1 1 0.00259018
0 0.5 0.5 1 1 0.00257111
1 0.376616 0.328125 0.753233 0.561422 0.00255013
1 0.157759 0.171336 0.315517 0.342672 0.00254059
2 0.376616 0.328125 0.753233 0.561422 0.00254059
1 0.5 0.5 1 1 0.00254059
2 0.128664 0.20528 0.257328 0.41056 0.0024929
0 0.5 0.5 1 1 0.00246239
1 0.5 0.5 1 1 0.00244331
0 0.5 0.5 1 1 0.0024147
1 0.376616 0.291756 0.753233 0.583513 0.00235939
0 0.288685 0.397091 0.577371 0.794181 0.00235939
2 0.5 0.5 1 1 0.00233269
0 0.5 0.5 1 1 0.00228691
1 0.128664 0.20528 0.257328 0.41056 0.00219154
1 0.5 0.5 1 1 0.00212479
1 0.5 0.5 1 1 0.00209999
0 0.197845 0.178408 0.393103 0.342538 0.00197983
1 0.22403 0.228987 0.364655 0.232759 0.0019722
0 0.64639 0.679283 0.696013 0.641433 0.00188923
1 0.288685 0.397091 0.577371 0.794181 0.00187492
1 0.5 0.5 1 1 0.00186062
1 0.204634 0.488147 0.409267 0.976293 0.0015974
0 0.618804 0.626078 0.762392 0.747845 0.00157356
2 0.635075 0.640086 0.708297 0.719828 0.00143814
2 0.595959 0.384698 0.0546336 0.0431035 0.0112915
1 0.385991 0.23653 0.0375 0.119612 0.00740433
1 0.0154768 0.252155 0.0309537 0.154095 0.0049057
2 0.580442 0.380523 0.0494612 0.0514547 0.00259018
1 0.595959 0.384698 0.0546336 0.0431035 0.00187492
0 0.497198 0.655172 0.994397 0.689655 0.00147247
2 0.497198 0.655172 0.994397 0.689655 0.00143814
1 0.497198 0.655172 0.994397 0.689655 0.00139427
2 0.477802 0.5 0.955603 1 0.00135612
2 0.496875 0.5 0.99375 1 0.00135612
0 0.432543 0.5 0.865086 1 0.00132465
1 0.372414 0.245151 0.0633621 0.137931 0.00129414
0 0.5 0.5 1 1 0.00123978
2 0.432543 0.5 0.865086 1 0.00123501
0 0.496875 0.5 0.99375 1 0.00123501
2 0.5 0.5 1 1 0.00121117
1 0.477802 0.5 0.955603 1 0.00117397
1 0.496875 0.5 0.99375 1 0.00117397
2 0.617672 0.810345 0.764655 0.37931 0.0011692
0 0.477802 0.5 0.955603 1 0.00116062
2 0.5 0.80792 1 0.38416 0.00115108
2 0.735345 0.800108 0.52931 0.399785 0.00113773
1 0.432543 0.5 0.865086 1 0.00110722
0 0.55625 0.334052 0.8875 0.668103 0.00109005
1 0.617672 0.810345 0.764655 0.37931 0.00106525
2 0.5 0.489224 1 0.978448 0.00105286
1 0.5 0.5 1 1 0.00102806
0 0.5 0.489224 1 0.978448 0.00102806
2 0.5 0.365841 1 0.731681 0.00102806
0 0.711907 0.755388 0.576185 0.489224 0.00102043
2 0.595474 0.368535 0.0607759 0.0646552 0.0383301
1 0.177963 0.473599 0.355927 0.845905 0.0147324
1 0.171013 0.558728 0.342026 0.882543 0.00955963
1 0.595474 0.368535 0.0607759 0.0646552 0.0085144
1 0.299353 0.246498 0.208836 0.224138 0.00695801
1 0.386638 0.226562 0.0336207 0.139547 0.00591278
1 0.37597 0.238955 0.0607759 0.179418 0.0055542
1 0.347845 0.244073 0.109914 0.175647 0.00494385
2 0.584483 0.37069 0.062069 0.0635776 0.00494385
1 0.20625 0.381331 0.4125 0.655442 0.00265312
1 0.219666 0.230873 0.388901 0.333513 0.00261116
1 0.0166487 0.251078 0.0284483 0.155172 0.00257111
1 0.331681 0.257004 0.135776 0.207974 0.0024929
0 0.177963 0.473599 0.355927 0.845905 0.00243378
1 0.20431 0.293642 0.408621 0.587284 0.00222588
1 0.0177398 0.252425 0.0354795 0.504849 0.00181007
2 0.612931 0.372845 0.0646552 0.0646551 0.0016489
0 0.595474 0.368535 0.0607759 0.0646552 0.00163555
2 0.171013 0.508082 0.342026 0.983836 0.00153637
1 0.584483 0.37069 0.062069 0.0635776 0.00151253
1 0.0174569 0.240571 0.0349138 0.320582 0.00150681
1 0.481358 0.636853 0.364009 0.726293 0.00144386
1 0.480065 0.234106 0.184914 0.195582 0.0014267
1 0.01875 0.216595 0.0375 0.247845 0.00139904
1 0.191379 0.630253 0.382759 0.739494 0.00130939
1 0.0943966 0.249192 0.173922 0.205819 0.00125504
0 0.171013 0.558728 0.342026 0.882543 0.00124931
1 0.01875 0.202047 0.0375 0.404095 0.00122547
1 0.492026 0.547414 0.390517 0.905172 0.00119209
1 0.22306 0.335668 0.39181 0.524785 0.0011158
0 0.492026 0.547414 0.390517 0.905172 0.00108624
1 0.0168912 0.41056 0.0337823 0.568966 0.00105286
0 0.481358 0.636853 0.364009 0.726293 0.00103188
2 0.593534 0.373922 0.0646552 0.0657328 0.439697
1 0.195259 0.236059 0.390517 0.333917 0.0817871
2 0.610991 0.378772 0.0685345 0.0560345 0.0352783
1 0.0178206 0.252694 0.0356412 0.177802 0.0249939
1 0.0435614 0.265894 0.0871228 0.261315 0.00989532
1 0.312608 0.612069 0.0394397 0.471983 0.00912476
1 0.315841 0.707974 0.0452586 0.463362 0.0086441
1 0.385345 0.228179 0.0323276 0.139009 0.00854492
1 0.321336 0.760237 0.0581897 0.479526 0.008255
1 0.180711 0.407328 0.361422 0.650862 0.00821686
1 0.282624 0.243804 0.23389 0.247306 0.00772476
1 0.0400054 0.250539 0.0800108 0.200431 0.00763702
1 0.169397 0.587285 0.338793 0.825431 0.00631332
1 0.0134159 0.275862 0.0268319 0.239224 0.00591278
1 0.384052 0.23222 0.0387931 0.165948 0.00542831
1 0.322629 0.797414 0.0775862 0.405172 0.00538635
1 0.304526 0.425108 0.0323276 0.184267 0.00503922
1 0.354957 0.24111 0.0892241 0.180496 0.0042305
1 0.593534 0.373922 0.0646552 0.0657328 0.0039444
1 0.336207 0.274246 0.12931 0.300647 0.00387001
1 0.338793 0.410022 0.0853448 0.239224 0.0037365
1 0.307112 0.527478 0.0362069 0.440733 0.00365067
2 0.588362 0.362608 0.0724138 0.080819 0.00314713
1 0.305819 0.466595 0.0323276 0.28125 0.00314713
1 0.0157193 0.2632 0.0314386 0.204203 0.00300407
2 0.59111 0.526401 0.385022 0.328664 0.00284576
1 0.016083 0.219558 0.0321659 0.293642 0.00269318
1 0.212069 0.280981 0.391164 0.462823 0.00255013
1 0.420905 0.231681 0.0931034 0.179957 0.00243378
1 0.0112338 0.193427 0.0224677 0.386853 0.00191879
1 0.0148303 0.265086 0.0296606 0.342672 0.0018034
1 0.334267 0.654634 0.0633621 0.366379 0.00168133
1 0.168427 0.742457 0.336853 0.515086 0.0015974
1 0.331681 0.455819 0.0730603 0.286638 0.00159168
1 0.309698 0.0519935 0.0446121 0.0646552 0.00154877
1 0.747791 0.112877 0.504418 0.225754 0.0014782
1 0.0154768 0.328394 0.0309537 0.401401 0.00136662
1 0.333621 0.570043 0.0646552 0.411638 0.00132465
1 0.334914 0.733297 0.0672414 0.438578 0.00132465
0 0.593534 0.373922 0.0646552 0.0657328 0.00123024
2 0.608405 0.360991 0.087931 0.0862069 0.00105286
1 0.336207 0.806573 0.0685345 0.386853 0.00104427
1 0.308082 0.824892 0.201078 0.350216 0.00101662
1 0.168103 0.690194 0.336207 0.619612 0.00101185
2 0.169397 0.587823 0.338793 0.824353 0.00100422
1 0.0227101 0.251347 0.0418642 0.160022 0.0734253
2 0.589494 0.379176 0.0546336 0.0563039 0.0632324
1 0.390194 0.238147 0.0355603 0.141164 0.0600891
2 0.570905 0.37729 0.0349138 0.0557651 0.0293121
1 0.0266703 0.262123 0.0533405 0.162716 0.0123825
1 0.570905 0.37729 0.0349138 0.0557651 0.00734711
1 0.221121 0.26778 0.367888 0.213362 0.00671768
1 0.589494 0.379176 0.0546336 0.0563039 0.00669098
1 0.373707 0.240302 0.062069 0.146552 0.00359344
2 0.610345 0.387931 0.0724138 0.049569 0.00264168
1 0.204795 0.278556 0.396013 0.283405 0.00263214
1 0.0359644 0.251347 0.0704741 0.177802 0.00261116
1 0.0236395 0.282328 0.0472791 0.164871 0.00151253
1 0.314224 0.66056 0.024569 0.114224 0.00131512
1 0.313254 0.623922 0.0265086 0.118534 0.00124454
1 0.0446121 0.258351 0.0853448 0.207435 0.00104427
2 0.59208 0.385776 0.0494612 0.0420259 0.0903931
2 0.580603 0.386853 0.0530172 0.0431034 0.0173035
0 0.762015 0.549569 0.47597 0.224138 0.00948334
1 0.59208 0.385776 0.0494612 0.0420259 0.0086441
0 0.756196 0.981681 0.487608 0.0366379 0.00494385
1 0.222414 0.21114 0.444828 0.358971 0.00358009
1 0.580603 0.386853 0.0530172 0.0431034 0.00332451
2 0.605819 0.389009 0.0853448 0.0431035 0.00302696
1 0.774623 0.556035 0.450754 0.231681 0.00302696
2 0.5625 0.988685 0.580603 0.0226293 0.00259018
1 0.681627 0.552802 0.591918 0.232759 0.00242424
2 0.756196 0.981681 0.487608 0.0366379 0.00219154
2 0.210453 0.987069 0.420905 0.0258621 0.00216484
1 0.380819 0.223869 0.0387931 0.120151 0.00198746
0 0.737069 0.596983 0.495259 0.323276 0.00182438
2 0.671121 0.985991 0.596121 0.0280173 0.0017271
0 0.681627 0.552802 0.591918 0.232759 0.00169373
0 0.5625 0.988685 0.580603 0.0226293 0.0016489
1 0.778179 0.51778 0.443642 0.300647 0.00162315
2 0.773437 0.564655 0.428987 0.247845 0.00156689
1 0.5625 0.988685 0.580603 0.0226293 0.00145531
0 0.671121 0.985991 0.596121 0.0280173 0.00141621
1 0.756196 0.981681 0.487608 0.0366379 0.00133038
2 0.473599 0.98222 0.568319 0.0355604 0.00130463
0 0.790733 0.576509 0.404741 0.261853 0.00127411
2 0.158405 0.605065 0.31681 0.789871 0.00126457
0 0.778179 0.51778 0.443642 0.300647 0.00124454
2 0.171013 1 0.342026 0 0.0011425
0 0.210453 0.987069 0.420905 0.0258621 0.00113392
1 0.0200835 0.247845 0.040167 0.211207 0.00104809
2 0.821983 0.97306 0.356035 0.0538793 0.00103188
0 0.769935 0.628233 0.460129 0.377155 0.00102043
2 0.596767 0.375135 0.0594828 0.0643858 0.283691
1 0.212554 0.250269 0.408944 0.290409 0.272705
1 0.212231 0.19208 0.421875 0.38416 0.0792236
2 0.583836 0.377694 0.0581897 0.0603448 0.0350037
1 0.387284 0.227371 0.0336207 0.122845 0.0267639
1 0.0181034 0.251078 0.0326509 0.161638 0.0236969
1 0.201401 0.350216 0.395043 0.413793 0.0156021
1 0.314224 0.650862 0.0258621 0.19181 0.0142822
2 0.609213 0.37729 0.0720905 0.0600754 0.01297
0 0.653071 0.68319 0.693858 0.633621 0.0120544
1 0.381465 0.23222 0.0426724 0.147629 0.011734
1 0.596767 0.375135 0.0594828 0.0643858 0.0116882
1 0.312931 0.625539 0.0258621 0.186422 0.00948334
1 0.0151536 0.259698 0.0303071 0.31681 0.00891876
1 0.174246 0.678879 0.348491 0.642241 0.008255
1 0.497845 0.72791 0.384052 0.544181 0.008255
1 0.0163658 0.400997 0.0327317 0.514817 0.00723267
0 0.793966 0.551724 0.39569 0.230603 0.00658798
1 0.0128098 0.242726 0.0256196 0.485453 0.00641251
1 0.62958 0.679418 0.65722 0.641164 0.00548935
1 0.313578 0.690733 0.0271552 0.228448 0.00530243
1 0.583836 0.377694 0.0581897 0.0603448 0.00518036
1 0.0155981 0.306034 0.0311961 0.304957 0.0046463
2 0.653071 0.68319 0.693858 0.633621 0.00385475
0 0.73583 0.528556 0.528341 0.335129 0.00356483
0 0.216433 0.189925 0.432866 0.379849 0.00348282
0 0.65889 0.550781 0.68222 0.478179 0.00277901
2 0.212231 0.19208 0.421875 0.38416 0.0024929
0 0.00832435 0.176185 0.0166487 0.352371 0.00244331
0 0.611638 0.734375 0.6 0.53125 0.00231361
1 0.368858 0.2368 0.0678879 0.150862 0.00221634
0 0.751131 0.517241 0.43222 0.213362 0.00209999
0 0.497845 0.72791 0.384052 0.544181 0.00176144
0 0.700431 0.824623 0.599138 0.350754 0.0017271
0 0.0141433 0.537715 0.0282866 0.810345 0.00167465
0 0.807543 0.576509 0.35819 0.306034 0.0016613
1 0.168588 0.35722 0.337177 0.287716 0.00165462
1 0.0138605 0.470905 0.0277209 0.72306 0.00164223
0 0.77333 0.526401 0.453341 0.414871 0.00158501
1 0.317457 0.769935 0.0349138 0.341595 0.00153637
1 0.546336 0.651805 0.505603 0.69639 0.00152493
0 0.599353 0.824353 0.715086 0.351293 0.00139427
1 0.210291 0.621228 0.420582 0.757543 0.00134563
1 0.181843 0.807112 0.363685 0.385776 0.00134563
0 0.798707 0.918103 0.402586 0.163793 0.00129414
0 0.752155 0.707435 0.49569 0.585129 0.00123024
0 0.212554 0.250269 0.408944 0.290409 0.0012207
2 0.212554 0.250269 0.408944 0.290409 0.00118351
1 0.565086 0.22306 0.387931 0.255388 0.00114727
0 0.975862 0.637931 0.0482759 0.228448 0.00113773
2 0.591595 0.375 0.0556035 0.0549569 0.119202
1 0.591595 0.375 0.0556035 0.0549569 0.0193481
2 0.579957 0.377155 0.0491379 0.0528017 0.00602722
2 0.609698 0.384698 0.0762931 0.0431035 0.00309944
1 0.0200431 0.254849 0.0362069 0.169181 0.00287819
1 0.579957 0.377155 0.0491379 0.0528017 0.00225258
0 0.56056 0.738147 0.518534 0.467672 0.00167465
1 0.386961 0.230603 0.0329741 0.146013 0.00143242
1 0.669181 0.257072 0.609052 0.494477 0.00129414
1 0.179418 0.253502 0.358836 0.264547 0.00112438
2 0.5882 0.378233 0.0520474 0.0517242 0.0910645
2 0.57931 0.378772 0.049138 0.0506465 0.0119629
1 0.0152748 0.273976 0.0305496 0.38416 0.00534439
1 0.5882 0.378233 0.0520474 0.0517242 0.0050621
1 0.202856 0.228448 0.401185 0.443966 0.00370789
1 0.495905 0.239763 0.237931 0.258621 0.00291252
1 0.0137796 0.249461 0.0275593 0.498922 0.00276756
1 0.138685 0.240302 0.276078 0.304957 0.00247192
1 0.57931 0.378772 0.049138 0.0506465 0.00235939
2 0.621983 0.391164 0.0543104 0.0323276 0.00211525
1 0.471336 0.25 0.184914 0.221983 0.00209999
1 0.0199623 0.257004 0.0391164 0.203664 0.00174141
1 0.667241 0.204135 0.594828 0.384833 0.00126457
1 0.0324892 0.2632 0.0649784 0.225754 0.00121117
1 0.404095 0.252425 0.0556035 0.206897 0.00103664
2 0.593373 0.376078 0.0572198 0.0538793 0.311523
2 0.582543 0.37702 0.0543103 0.0541487 0.0157166
2 0.611476 0.380927 0.0701509 0.0452586 0.00844574
1 0.593373 0.376078 0.0572198 0.0538793 0.00751877
1 0.389871 0.230873 0.0284482 0.145474 0.00572968
1 0.0226293 0.252694 0.0431573 0.156789 0.00273705
1 0.582543 0.37702 0.0543103 0.0541487 0.00261116
1 0.162284 0.582435 0.324569 0.783405 0.00205803
1 0.165517 0.50916 0.331034 0.621767 0.00153637
1 0.179418 0.264278 0.358836 0.258082 0.00135612
2 0.595474 0.375135 0.0543104 0.0579203 0.144165
1 0.151455 0.547414 0.302909 0.875 0.0775146
1 0.385991 0.227909 0.0310345 0.119612 0.0274811
1 0.160345 0.552263 0.32069 0.632543 0.0217743
1 0.381789 0.228987 0.0413793 0.131466 0.0209656
2 0.577694 0.375943 0.0459052 0.0563039 0.0177155
1 0.595474 0.375135 0.0543104 0.0579203 0.0151901
1 0.577694 0.375943 0.0459052 0.0563039 0.00878143
1 0.164871 0.606142 0.329741 0.787716 0.00809479
1 0.0222252 0.248922 0.0396013 0.172414 0.00757599
1 0.199461 0.204203 0.398922 0.408405 0.00439835
1 0.15097 0.641029 0.30194 0.717942 0.0042305
2 0.630388 0.379445 0.0362069 0.0492996 0.00397491
1 0.316164 0.653017 0.0271552 0.172414 0.00388527
1 0.0335399 0.248922 0.0654634 0.185345 0.00322342
1 0.31778 0.69181 0.0290948 0.228448 0.00317192
1 0.372414 0.232489 0.0530172 0.133082 0.00251198
1 0.314871 0.630388 0.0258621 0.159483 0.00247192
1 0.109671 0.594289 0.219343 0.811422 0.00243378
1 0.32069 0.76347 0.0349138 0.210129 0.00222588
1 0.167457 0.737608 0.334914 0.524785 0.00191212
1 0.160345 0.426185 0.32069 0.545259 0.00185299
1 0.168912 0.452452 0.337823 0.771821 0.00162888
1 0.129634 0.304149 0.259267 0.371228 0.00145531
1 0.173276 0.28556 0.346552 0.488147 0.00144958
1 0.320366 0.923222 0.0407327 0.153556 0.00141621
1 0.0964978 0.51347 0.192996 0.766164 0.00138855
1 0.176549 0.65194 0.293454 0.5625 0.00136662
1 0.313901 0.582974 0.0271552 0.243534 0.00133514
1 0.235506 0.269397 0.361746 0.282328 0.00133514
1 0.221444 0.220905 0.35431 0.323276 0.00126457
1 0.346228 0.860453 0.0640086 0.279095 0.00104046
2 0.593534 0.376212 0.0633621 0.0579203 0.282227
2 0.615517 0.3816 0.0646552 0.0514547 0.0339661
1 0.0151131 0.196659 0.0302263 0.393319 0.0150146
1 0.0182651 0.251078 0.0313578 0.188578 0.0125275
1 0.0229526 0.255927 0.0459052 0.203664 0.00812531
1 0.381466 0.231681 0.0413793 0.16972 0.0069046
1 0.0155981 0.311153 0.0311961 0.341056 0.00370789
1 0.593534 0.376212 0.0633621 0.0579203 0.00302696
1 0.0167295 0.282328 0.033459 0.564655 0.0026722
1 0.198815 0.24569 0.397629 0.309267 0.00237846
2 0.687931 0.396552 0.0711207 0.0495689 0.00229645
1 0.177963 0.261315 0.355927 0.234914 0.00201035
2 0.720259 0.40194 0.087931 0.049569 0.0018034
1 0.0167295 0.404634 0.033459 0.662715 0.00168705
0 0.0151536 0.241379 0.0303071 0.482759 0.0011425
0 0 0.79903 0 0.40194 0.00112915
1 0.170851 0.317619 0.341703 0.307651 0.00106907
2 0.593534 0.377694 0.0581897 0.0549569 0.19873
1 0.202694 0.230334 0.405388 0.343211 0.134277
1 0.688147 0.210668 0.623707 0.397629 0.024231
1 0.601131 0.234644 0.452909 0.342134 0.0213623
2 0.580603 0.380388 0.0543104 0.049569 0.0201721
2 0.625862 0.384698 0.0439655 0.0409483 0.00760651
1 0.1757 0.282866 0.351401 0.366379 0.00720596
1 0.593534 0.377694 0.0581897 0.0549569 0.00524139
1 0.580603 0.380388 0.0543104 0.049569 0.00379562
1 0.181681 0.485049 0.363362 0.919989 0.00337601
1 0.685722 0.209591 0.628556 0.419181 0.00332451
1 0.0126482 0.256735 0.0252963 0.51347 0.00318527
1 0.215463 0.202586 0.430927 0.405172 0.00214958
0 0.173114 0.578125 0.346228 0.84375 0.00205803
2 0.685345 0.392241 0.0504311 0.03125 0.00173378
1 0.173114 0.578125 0.346228 0.84375 0.00132465
0 0.65819 0.723599 0.677586 0.552802 0.00118828
1 0.0181034 0.252694 0.0362069 0.206897 0.00115108
1 0.0122845 0.37298 0.024569 0.55361 0.00111198
2 0.594828 0.375943 0.0504311 0.0519935 0.194336
2 0.629741 0.384698 0.0413793 0.0387931 0.0115967
1 0.215463 0.21444 0.430927 0.362069 0.0086441
2 0.576724 0.378233 0.0426724 0.049569 0.0045929
2 0.668534 0.393858 0.0956896 0.0355603 0.0015974
2 0.59111 0.37931 0.0488147 0.0517241 0.265137
1 0.162931 0.553341 0.325862 0.893319 0.0630493
2 0.574784 0.380253 0.0413793 0.0498383 0.012825
2 0.632328 0.390086 0.0349138 0.0366379 0.00712204
0 0.717565 0.045528 0.564871 0.091056 0.00448608
1 0.0872845 0.552263 0.174569 0.895474 0.00436401
1 0.170366 0.483297 0.340733 0.707974 0.00263214
1 0.0149515 0.23195 0.029903 0.463901 0.00253105
1 0.638631 0.261045 0.548599 0.26778 0.00223351
1 0.214009 0.208782 0.428017 0.382004 0.00221634
1 0.201886 0.259698 0.403772 0.284483 0.0018177
1 0.59111 0.37931 0.0488147 0.0517241 0.00177479
0 0.233082 0.0467403 0.466164 0.0934806 0.00150108
1 0.0650593 0.598734 0.130119 0.802532 0.00134087
1 0.0299434 0.484375 0.0598869 0.865302 0.00132465
1 0.556035 0.614763 0.527586 0.667026 0.00121117
1 0.574784 0.380253 0.0413793 0.0498383 0.00113392
2 0.681466 0.395474 0.0491379 0.0344828 0.00109482
2 0.59111 0.37931 0.0514009 0.0538793 0.158691
1 0.163578 0.556573 0.327155 0.886853 0.0970459
1 0.641541 0.250539 0.540194 0.326509 0.0091629
1 0.210776 0.21976 0.421552 0.3816 0.00800323
2 0.623276 0.390625 0.0543104 0.0377155 0.00564194
1 0.59111 0.37931 0.0514009 0.0538793 0.00311089
2 0.583351 0.376616 0.0565733 0.0581896 0.00265312
0 0.521767 0.740302 0.400862 0.428879 0.00245285
1 0.562177 0.234914 0.371767 0.298491 0.00186729
1 0.176024 0.424569 0.352047 0.631465 0.00164223
1 0.0389952 0.535022 0.0779903 0.822198 0.00161076
1 0.111611 0.594962 0.223222 0.810075 0.00145531
1 0.685884 0.212554 0.628233 0.425108 0.00128937
1 0.0145878 0.207166 0.0291756 0.344289 0.00112438
0 0.642026 0.700431 0.694396 0.599138 0.0011158
1 0.514655 0.250808 0.287069 0.262392 0.00103664
2 0.591595 0.377155 0.0517241 0.0581897 0.253906
1 0.160022 0.565194 0.320043 0.869612 0.014389
2 0.623276 0.389009 0.0517241 0.0387931 0.00926971
1 0.159052 0.51347 0.318103 0.735991 0.00926971
2 0.581896 0.376212 0.0543104 0.0600754 0.00912476
2 0.672414 0.392241 0.0827586 0.0409483 0.0011425
2 0.59208 0.382004 0.046875 0.044181 0.101929
2 0.631034 0.391164 0.0362069 0.0301724 0.00538635
1 0.15889 0.551724 0.31778 0.827586 0.00248146
2 0.576724 0.379445 0.0426724 0.0492996 0.00208282
1 0.59208 0.382004 0.046875 0.044181 0.00195694
1 0.643965 0.251616 0.548276 0.289871 0.00107765
1 0.68556 0.227371 0.628879 0.352371 0.00107288
2 0.59208 0.378772 0.046875 0.0463362 0.153564
2 0.632328 0.38847 0.0336207 0.0301724 0.00844574
2 0.576401 0.378367 0.043319 0.0492996 0.00337601
1 0.59208 0.378772 0.046875 0.0463362 0.00186729
1 0.686369 0.212352 0.627263 0.386719 0.00101662
2 0.592241 0.379176 0.0491379 0.0476832 0.138916
1 0.160183 0.565733 0.320366 0.868535 0.0119629
2 0.631034 0.38847 0.0362069 0.0323276 0.00714874
2 0.578017 0.378772 0.0478448 0.049569 0.00298119
1 0.592241 0.379176 0.0491379 0.0476832 0.0017271
1 0.685884 0.223532 0.628233 0.365436 0.00141621
1 0.63944 0.252425 0.535345 0.295797 0.00115585
1 0.209321 0.219019 0.418642 0.352909 0.00106525
1 0.169073 0.532328 0.338147 0.788793 0.00102806
2 0.592241 0.379849 0.0491379 0.0474138 0.139404
1 0.160022 0.565733 0.320043 0.868535 0.0120544
2 0.631034 0.38847 0.0362069 0.0323276 0.00714874
2 0.578017 0.379176 0.0478448 0.0498383 0.0029583
1 0.592241 0.379849 0.0491379 0.0474138 0.0017271
1 0.68556 0.223599 0.628879 0.365302 0.00142097
1 0.63944 0.252155 0.534052 0.295259 0.00116062
1 0.209159 0.219019 0.418319 0.352909 0.00106907
1 0.169073 0.532328 0.338147 0.788793 0.00103188
