1 0.624569 0.289601 0.201724 0.291487 0.927734
1 0.67306 0.283405 0.210776 0.267241 0.0618896
0 0.624569 0.289601 0.201724 0.291487 0.0479431
1 0.293211 0.231142 0.109267 0.252155 0.0359497
1 0.705388 0.287716 0.135776 0.286638 0.0350037
1 0.715086 0.268319 0.0775862 0.237069 0.0342407
1 0.783621 0.279095 0.183621 0.278017 0.0274811
1 0.417996 0.289332 0.215302 0.181034 0.0201721
1 0.429957 0.28583 0.254741 0.23222 0.0192719
1 0.536638 0.282328 0.0633621 0.233836 0.0114212
2 0.623114 0.279634 0.194289 0.326509 0.00923157
1 0.435776 0.250269 0.297414 0.422953 0.0085144
1 0.806897 0.224138 0.160345 0.207974 0.00769424
1 0.417672 0.246498 0.243103 0.341056 0.00728989
1 0.830819 0.227909 0.117672 0.205819 0.00669098
1 0.352371 0.251886 0.12931 0.350754 0.00658798
1 0.277047 0.244881 0.133836 0.287177 0.00486755
1 0.37306 0.288254 0.155172 0.195043 0.00379562
1 0.5 0.5 1 1 0.00376511
1 0.531466 0.286907 0.100862 0.253772 0.00356483
0 0.5 0.5 1 1 0.00349617
2 0.5 0.5 1 1 0.00348282
1 0.177478 0.266635 0.351724 0.365436 0.00345612
2 0.847845 0.165679 0.30431 0.331358 0.00322342
2 0.5 0.5 1 1 0.00318527
2 0.5 0.454472 1 0.908944 0.0030632
0 0.5 0.5 1 1 0.00305176
0 0.622144 0.116514 0.348815 0.233028 0.00302696
0 0.5 0.5 1 1 0.00301552
2 0.5 0.5 1 1 0.00294685
0 0.799138 0.1118 0.333621 0.223599 0.00293541
1 0.9 0.231142 0.131896 0.233836 0.00292397
2 0.491056 0.5 0.982112 1 0.00290108
0 0.413793 0.134833 0.471983 0.269666 0.00286674
0 0.5 0.5 1 1 0.00284576
2 0.799138 0.1118 0.333621 0.223599 0.00283432
0 0.5 0.507543 1 0.984914 0.00283432
2 0.5 0.507543 1 0.984914 0.00277901
1 0.537823 0.373922 0.924353 0.631466 0.00274658
0 0.5 0.454472 1 0.908944 0.00271416
0 0.39569 0.5 0.791379 1 0.00269318
2 0.413793 0.134833 0.471983 0.269666 0.0026722
1 0.5 0.5 1 1 0.00264168
1 0.799138 0.1118 0.333621 0.223599 0.0026207
1 0.5 0.5 1 1 0.00261116
0 0.847845 0.165679 0.30431 0.331358 0.00259018
2 0.622144 0.116514 0.348815 0.233028 0.00258064
2 0.736638 0.5 0.526724 1 0.00258064
1 0.421552 0.331627 0.267672 0.32597 0.00255013
1 0.5 0.507543 1 0.984914 0.00251198
1 0.634914 0.279095 0.199138 0.321121 0.666992
1 0.449353 0.257004 0.307759 0.378233 0.0369873
1 0.796552 0.286638 0.312931 0.375 0.0315552
1 0.799138 0.317349 0.243103 0.453664 0.0244751
1 0.587716 0.286099 0.135776 0.309267 0.0222931
1 0.540841 0.262123 0.379526 0.33028 0.00775528
1 0.317134 0.237608 0.0614224 0.257543 0.00751877
1 0.287796 0.235453 0.118804 0.261853 0.00717545
1 0.568965 0.279903 0.0918103 0.269935 0.00605011
1 0.256681 0.233028 0.186207 0.316272 0.00551224
2 0.634914 0.279095 0.199138 0.321121 0.0051384
1 0.843319 0.367188 0.313362 0.734375 0.00450516
1 0.394397 0.235183 0.16681 0.324892 0.00376511
1 0.531465 0.298491 0.474569 0.553879 0.00348282
1 0.756034 0.346983 0.487931 0.56681 0.00292397
1 0.639925 0.28583 0.243427 0.403556 0.00258064
1 0.669828 0.277478 0.126724 0.273707 0.00253105
1 0.69569 0.278017 0.0724138 0.289871 0.00214958
1 0.867241 0.328125 0.265517 0.65625 0.00214958
2 0.449353 0.257004 0.307759 0.378233 0.00201035
1 0.326832 0.241379 0.0665948 0.284483 0.00184631
2 0.455172 0.5 0.910345 1 0.00183868
1 0.636045 0.228448 0.214978 0.442888 0.00179577
1 0.455172 0.5 0.910345 1 0.00179577
2 0.476509 0.512931 0.953017 0.974138 0.00176811
0 0.476509 0.512931 0.953017 0.974138 0.00169373
1 0.724138 0.264278 0.439655 0.528556 0.0016613
0 0.44806 0.5 0.896121 1 0.0016489
0 0.628448 0.282866 0.196552 0.331897 0.00163555
1 0.476509 0.512931 0.953017 0.974138 0.00163555
1 0.186853 0.485991 0.373707 0.971983 0.00161648
1 0.916379 0.251886 0.167241 0.503772 0.00157356
2 0.428017 0.5 0.856034 1 0.00140476
2 0.224353 0.240032 0.240517 0.309806 0.00137234
2 0.531465 0.298491 0.474569 0.553879 0.00136185
2 0.5 0.5 1 1 0.00136185
2 0.5 0.75 1 0.5 0.00135612
1 0.439009 0.209052 0.254741 0.418103 0.00134087
2 0.499784 0.5 0.999569 1 0.00133514
1 0.428017 0.5 0.856034 1 0.00129414
1 0.875647 0.291487 0.248707 0.582974 0.00126457
2 0.551078 0.793912 0.897845 0.412177 0.00126457
1 0.7875 0.247845 0.191379 0.292026 0.00124454
0 0.499784 0.5 0.999569 1 0.00123501
0 0.751024 0.258621 0.497953 0.517241 0.00121593
2 0.751024 0.258621 0.497953 0.517241 0.00121593
1 0.765571 0.5 0.468858 1 0.00121117
2 0.796552 0.286638 0.312931 0.375 0.0012064
1 0.5 0.75 1 0.5 0.0012064
2 0.715948 0.229795 0.568103 0.459591 0.00114727
1 0.631196 0.274784 0.203987 0.290948 0.884277
1 0.253529 0.242188 0.165356 0.262392 0.0274811
2 0.635075 0.270474 0.203987 0.292026 0.0127258
1 0.28028 0.235453 0.113147 0.269397 0.0123367
1 0.610506 0.302263 0.160022 0.257543 0.0111618
1 0.210453 0.249731 0.256034 0.274246 0.00831604
1 0.418319 0.223666 0.231466 0.31021 0.00712204
1 0.914871 0.231142 0.122845 0.231681 0.00679779
1 0.300323 0.231681 0.0795259 0.273707 0.005867
1 0.172468 0.238416 0.344935 0.316272 0.00521851
1 0.388901 0.228718 0.171336 0.285022 0.00453949
1 0.373707 0.270474 0.142241 0.189655 0.00450516
1 0.445474 0.193427 0.288362 0.375 0.00335121
1 0.676131 0.261584 0.292565 0.306573 0.00253105
1 0.171498 0.346983 0.342996 0.553879 0.00208282
1 0.788793 0.245959 0.178448 0.261315 0.00198746
1 0.870905 0.222252 0.0724138 0.224677 0.00179577
1 0.8625 0.233297 0.126724 0.244612 0.00157356
2 0.172468 0.238416 0.344935 0.316272 0.00140476
0 0.666595 0.704741 0.526293 0.590517 0.00133514
1 0.926078 0.217134 0.147845 0.260776 0.00125504
1 0.899353 0.258351 0.0866379 0.186961 0.0012064
1 0.369181 0.042632 0.0943966 0.085264 0.00116539
2 0.666595 0.704741 0.526293 0.590517 0.00116062
2 0.656897 0.508486 0.682759 0.983028 0.00108147
1 0.743535 0.259698 0.27931 0.262931 0.00107288
1 0.624407 0.286907 0.20722 0.297953 0.955566
1 0.261853 0.233028 0.161638 0.288254 0.0715942
1 0.424138 0.230334 0.266379 0.319504 0.0628052
1 0.198855 0.240302 0.286342 0.299569 0.0611877
1 0.176347 0.22892 0.352694 0.357893 0.0215759
1 0.35431 0.232489 0.13319 0.307651 0.0197906
1 0.296444 0.229795 0.123491 0.329203 0.0184784
1 0.340086 0.519397 0.0530172 0.0711207 0.0139008
1 0.593534 0.287177 0.143534 0.313578 0.00901794
1 0.400539 0.444504 0.122198 0.155172 0.00878143
1 0.319397 0.517241 0.031681 0.0732759 0.00728989
1 0.385022 0.455819 0.144181 0.181034 0.00712204
1 0.00355603 0.880927 0.00711207 0.238147 0.00679779
1 0.00258621 0.810345 0.00517241 0.37931 0.00595856
1 0.427371 0.428879 0.0840517 0.116379 0.00548935
1 0.00109106 0.184267 0.00218211 0.368535 0.00524139
1 0.00137392 0.257274 0.00274784 0.458513 0.00496292
1 0.00145474 0.385641 0.00290948 0.457166 0.00482941
1 0.92069 0.397629 0.0413793 0.0840517 0.00479126
1 0.00177802 0.70528 0.00355603 0.440733 0.00460815
1 0.00149515 0.529095 0.0029903 0.466595 0.00418091
1 0.838578 0.217942 0.0879311 0.194504 0.00413513
1 0.355603 0.469828 0.0801724 0.149784 0.0039444
1 0.773276 0.182381 0.227586 0.364763 0.00355148
1 0.880603 0.219828 0.0620689 0.204741 0.00348282
1 0.39569 0.227842 0.188793 0.326643 0.00314713
1 0.00076778 0.124461 0.00153556 0.248922 0.00258064
1 0.896767 0.220366 0.0943965 0.210129 0.00234222
1 0.0038389 0.21875 0.0076778 0.4375 0.00209999
1 0.00408136 0.389547 0.00816272 0.688578 0.00203514
1 0.777155 0.25458 0.20431 0.291487 0.00201988
1 0.738362 0.198276 0.289655 0.396552 0.00199509
1 0.877371 0.211746 0.0517241 0.167026 0.0016613
1 0.31778 0.483297 0.0381465 0.133621 0.00164223
0 0.00355603 0.880927 0.00711207 0.238147 0.00163555
1 0.915517 0.304418 0.0620689 0.134698 0.0015974
1 0.00525323 0.299569 0.0105065 0.599138 0.00157356
1 0.399569 0.482759 0.206897 0.258621 0.00145531
1 0.460345 0.417161 0.0969828 0.12042 0.00144386
1 0.0080819 0.54472 0.0161638 0.696121 0.00135612
2 0.175216 0.238147 0.350431 0.306035 0.00130939
1 0.178125 0.213901 0.35625 0.427802 0.0012846
1 0.359159 0.0478179 0.0859914 0.0956358 0.00125504
1 0.00880927 0.755388 0.0176185 0.489224 0.00123501
2 0.92069 0.397629 0.0413793 0.0840517 0.0012207
1 0.769612 0.118265 0.460776 0.23653 0.00118351
1 0.00396013 0.0666756 0.00792026 0.133351 0.00113392
2 0.851401 0.0276805 0.297198 0.055361 0.00109863
1 0.731142 0.199892 0.537716 0.399785 0.00109863
1 0.815948 0.194504 0.12931 0.221983 0.00106049
1 0.634914 0.282328 0.196552 0.27694 0.875
1 0.258944 0.226832 0.166164 0.266164 0.0195618
1 0.180226 0.23121 0.327478 0.318831 0.0165863
1 0.206897 0.233836 0.2625 0.270474 0.0134277
1 0.310345 0.223599 0.0627155 0.242457 0.0101318
1 0.448707 0.229526 0.272845 0.318965 0.00621796
1 0.3 0.232759 0.0814655 0.251078 0.00518036
1 0.408621 0.270744 0.209483 0.234375 0.00243378
1 0.858621 0.194504 0.0362069 0.153017 0.00226974
1 0.813362 0.20528 0.124138 0.181034 0.00221634
2 0.175539 0.217942 0.351078 0.373384 0.00197983
1 0.786207 0.252155 0.213362 0.287715 0.00191212
2 0.630388 0.295259 0.20819 0.287716 0.00178909
1 0.175539 0.272091 0.351078 0.369612 0.00170708
1 0.172629 0.204741 0.345259 0.335129 0.00150681
2 0.175539 0.272091 0.351078 0.369612 0.00129986
1 0.628448 0.289332 0.20819 0.286638 0.914062
2 0.184591 0.492457 0.369181 0.838362 0.0103302
2 0.186692 0.538793 0.373384 0.922414 0.00542831
2 0.772522 0.653017 0.454957 0.693966 0.00450516
1 0.197481 0.212284 0.286503 0.275862 0.00365067
2 0.202694 0.608297 0.405388 0.783405 0.00332451
2 0.191379 0.41972 0.382759 0.83944 0.00244331
2 0.702209 0.711207 0.595582 0.577586 0.00243378
1 0.441595 0.225485 0.285776 0.309806 0.00194168
1 0.731735 0.21444 0.344289 0.428879 0.00161648
1 0.753233 0.261045 0.270259 0.320582 0.00160408
1 0.776509 0.243804 0.205603 0.266703 0.00154877
2 0.630388 0.284752 0.20819 0.279634 0.0014782
2 0.16875 0.396013 0.3375 0.662715 0.00145531
2 0.736961 0.548357 0.526078 0.903287 0.00129986
2 0.81875 0.541487 0.3625 0.917026 0.00128937
0 0.673114 0.709052 0.653772 0.581897 0.00118828
2 0.233405 0.0703125 0.46681 0.140625 0.00110722
0 0.772522 0.653017 0.454957 0.693966 0.0011034
2 0.76444 0.702317 0.471121 0.595366 0.00108624
1 0.240841 0.21417 0.188793 0.257004 0.00101662
0 0.186692 0.538793 0.373384 0.922414 0.00100422
1 0.627802 0.279364 0.205603 0.273168 0.872559
1 0.435776 0.212823 0.28319 0.341595 0.0323486
1 0.284564 0.22306 0.111045 0.252155 0.014389
1 0.669181 0.278017 0.12931 0.262931 0.0135345
2 0.771552 0.650323 0.456897 0.699353 0.00519943
1 0.229526 0.185614 0.459052 0.371228 0.00486755
1 0.307435 0.219289 0.0698276 0.227371 0.00484848
0 0.0239224 0.807112 0.0478448 0.385776 0.00436401
1 0.181398 0.222454 0.309617 0.288928 0.00418091
0 0.628448 0.279634 0.203017 0.301724 0.00319672
1 0.52694 0.203933 0.483621 0.407866 0.00319672
0 0.00703125 0.219828 0.0140625 0.439655 0.00269318
1 0.687931 0.266703 0.0879311 0.227371 0.00253105
1 0.487823 0.212284 0.379526 0.424569 0.002388
1 0.179741 0.194504 0.359483 0.389009 0.00237846
0 0.0337015 0.695043 0.067403 0.609914 0.00226974
1 0.173276 0.235991 0.346552 0.359914 0.00217438
0 0.427371 0.217201 0.270259 0.331762 0.00162315
1 0.857974 0.212823 0.0400863 0.161638 0.00126457
2 0.628448 0.279634 0.203017 0.301724 0.0012598
0 0.02368 0.600754 0.0473599 0.798491 0.00122547
0 0.746659 0.681035 0.506681 0.637931 0.00117874
0 0.0145878 0.298222 0.0291756 0.596444 0.00116062
1 0.24569 0.216056 0.192026 0.255388 0.00113392
2 0.716379 0.69181 0.462931 0.616379 0.00112915
2 0.711207 0.729526 0.444828 0.540948 0.00104427
1 0.62958 0.285022 0.202047 0.292026 0.911621
1 0.276724 0.224138 0.128664 0.3125 0.00293541
1 0.41056 0.243534 0.235345 0.318966 0.00136185
1 0.629903 0.286099 0.209159 0.283405 0.905762
1 0.39181 0.2368 0.193966 0.292565 0.00309944
2 0.636045 0.286369 0.202047 0.293642 0.00305176
1 0.313578 0.246498 0.0943965 0.261315 0.00275803
1 0.277694 0.231681 0.128664 0.280172 0.00226974
1 0.889655 0.233297 0.0853448 0.226293 0.00186729
1 0.424461 0.233297 0.267026 0.315733 0.00147247
1 0.795259 0.244073 0.181035 0.270474 0.00144386
1 0.627802 0.278287 0.20431 0.271013 0.820801
2 0.629741 0.282328 0.206897 0.268319 0.0042305
1 0.340409 0.234375 0.0943965 0.25 0.00327301
1 0.377263 0.233297 0.17069 0.251078 0.00313568
1 0.313578 0.228987 0.0530172 0.216595 0.00214958
1 0.846983 0.19208 0.0775863 0.151401 0.00201035
1 0.285129 0.233567 0.102155 0.228987 0.00110722
1 0.628448 0.283405 0.205603 0.275862 0.855957
1 0.41347 0.240302 0.235991 0.279095 0.00521851
2 0.718965 0.735991 0.400862 0.528017 0.0037365
1 0.346228 0.243534 0.102155 0.271552 0.00216484
1 0.352047 0.0432381 0.0575431 0.0864763 0.00171375
1 0.71444 0.731681 0.409914 0.536638 0.00161648
1 0.314547 0.227909 0.0510776 0.234914 0.0015974
1 0.856034 0.190733 0.0491379 0.168103 0.00148392
1 0.88319 0.217672 0.0801724 0.227909 0.00146675
1 0.184591 0.248114 0.299353 0.287177 0.00136185
1 0.282543 0.231412 0.104741 0.233297 0.00108624
1 0.32069 0.470366 0.0362069 0.0969828 0.00108147
0 0.71444 0.731681 0.409914 0.536638 0.00108147
1 0.631681 0.279095 0.200431 0.295259 0.880859
1 0.871552 0.193157 0.0413794 0.157328 0.0212097
1 0.37694 0.235991 0.169397 0.296336 0.00475693
1 0.889655 0.228448 0.0892242 0.232759 0.00312424
1 0.330065 0.237608 0.0982759 0.272629 0.00273705
1 0.314224 0.237338 0.0743535 0.249461 0.00245285
1 0.874784 0.217672 0.0517241 0.217672 0.00168133
0 0.717026 0.738147 0.402155 0.523707 0.00134087
1 0.863793 0.213362 0.0543103 0.193966 0.00133038
2 0.630388 0.282866 0.199138 0.278017 0.00113392
1 0.625862 0.277478 0.200431 0.301724 0.816406
1 0.399569 0.230334 0.211422 0.295797 0.00379562
2 0.626024 0.280442 0.201401 0.287177 0.00189686
1 0.885776 0.223599 0.0801724 0.219828 0.00131989
1 0.349784 0.233028 0.109914 0.265625 0.00114727
1 0.631681 0.282058 0.20431 0.285022 0.871582
2 0.628448 0.280172 0.209483 0.290948 0.00317192
1 0.422845 0.232759 0.267672 0.303879 0.00147247
0 0.628448 0.280172 0.209483 0.290948 0.00105667
1 0.628287 0.276401 0.202047 0.279095 0.890137
1 0.418319 0.232489 0.244397 0.280711 0.00124454
1 0.884483 0.216325 0.0672414 0.1875 0.00121593
1 0.628448 0.281789 0.20431 0.286638 0.884766
1 0.86444 0.220366 0.0439655 0.197198 0.00261116
1 0.422845 0.242996 0.261207 0.289871 0.00232315
1 0.885776 0.21875 0.075 0.201509 0.00173378
1 0.628287 0.281789 0.209806 0.294181 0.848145
1 0.62861 0.279634 0.206573 0.28556 0.856934
1 0.629095 0.279095 0.203017 0.280172 0.885742
1 0.279876 0.233836 0.123006 0.233836 0.00110722
1 0.629095 0.282328 0.203017 0.288793 0.866211
1 0.629095 0.282328 0.203017 0.288793 0.866211
