1 0.654957 0.483297 0.103448 0.12931 0.654785
1 0.86056 0.46875 0.0646551 0.150862 0.0910645
0 0.653664 0.483836 0.0969828 0.131466 0.0458679
1 0.874784 0.462285 0.0918103 0.148707 0.0362244
1 0.0931034 0.13847 0.0355603 0.123922 0.0264587
1 0.28222 0.128704 0.0491379 0.136988 0.0222931
1 0.297414 0.133082 0.0840517 0.131466 0.02211
1 0.850862 0.460668 0.0387931 0.0959051 0.0149536
2 0.654957 0.483297 0.103448 0.12931 0.0147858
1 0.662069 0.484914 0.111207 0.163793 0.0126266
2 0.28222 0.127088 0.0407328 0.136988 0.0115967
0 0.280603 0.154095 0.0258621 0.0797414 0.00959778
2 0.850862 0.460668 0.0387931 0.0959051 0.00854492
2 0.297414 0.133082 0.0840517 0.131466 0.00815582
0 0.876724 0.478448 0.0982759 0.176724 0.00803375
0 0.850862 0.460668 0.0387931 0.0959051 0.00800323
1 0.676293 0.477371 0.131897 0.137931 0.00793457
0 0.86056 0.46875 0.0646551 0.150862 0.00784302
2 0.280603 0.154095 0.0258621 0.0797414 0.00748825
0 0.0943965 0.144397 0.0375 0.119612 0.00482941
0 0.662069 0.484914 0.111207 0.163793 0.00482941
0 0.28222 0.128704 0.0491379 0.136988 0.00448608
0 0.297414 0.133082 0.0840517 0.131466 0.00446701
1 0.221444 0.12931 0.164871 0.140086 0.00436401
1 0.172346 0.133553 0.199704 0.156385 0.00432968
2 0.662069 0.484914 0.111207 0.163793 0.00432968
1 0.0702317 0.141164 0.0686961 0.109914 0.00429916
1 0.0783944 0.148976 0.0604526 0.110991 0.00379562
1 0.5 0.5 1 1 0.00338936
1 0.280603 0.154095 0.0258621 0.0797414 0.00322342
1 0.650431 0.510237 0.108621 0.197198 0.00313568
2 0.5 0.5 1 1 0.00311089
2 0.5 0.5 1 1 0.00299263
0 0.5 0.5 1 1 0.00290108
0 0.5 0.5 1 1 0.00281143
2 0.5 0.5 1 1 0.00281143
0 0.5 0.5 1 1 0.00275803
0 0.5 0.5 1 1 0.00273705
2 0.5 0.5 1 1 0.00271416
0 0.5 0.5 1 1 0.00258064
2 0.874784 0.462285 0.0918103 0.148707 0.00256157
1 0.333621 0.126078 0.138362 0.12931 0.00255013
1 0.5 0.5 1 1 0.00247192
2 0.86056 0.46875 0.0646551 0.150862 0.00246239
2 0.5 0.5 1 1 0.00243378
2 0.761638 0.872306 0.0646552 0.0851293 0.002388
1 0.5 0.5 1 1 0.00229645
2 0.221444 0.12931 0.164871 0.140086 0.00209045
1 0.292565 0.113416 0.0956897 0.172953 0.0020504
1 0.817888 0.405172 0.0931034 0.0797414 0.0020504
1 0.647845 0.490302 0.0931035 0.140086 0.754883
1 0.86444 0.467672 0.0594828 0.146552 0.347656
1 0.662715 0.479526 0.0956897 0.132543 0.0302734
2 0.653017 0.48653 0.087931 0.144397 0.0110703
0 0.653017 0.48653 0.087931 0.144397 0.00941467
0 0.86444 0.467672 0.0594828 0.146552 0.00471878
2 0.86444 0.467672 0.0594828 0.146552 0.00446701
1 0.858621 0.480603 0.0918103 0.213362 0.00336266
1 0.640086 0.471983 0.0879311 0.181034 0.00174809
0 0.827586 0.28125 0.142241 0.5625 0.00173378
1 0.919289 0.409617 0.161422 0.338093 0.00173378
1 0.827586 0.28125 0.142241 0.5625 0.00138855
0 0.5 0.547144 1 0.905711 0.00134563
2 0.5 0.547144 1 0.905711 0.00133038
1 0.949353 0.302802 0.101293 0.422414 0.00131989
0 0.5 0.739224 1 0.521552 0.00131512
1 0.5 0.547144 1 0.905711 0.00126934
0 0.750647 0.307112 0.426724 0.614224 0.00124454
0 0.434806 0.5 0.869612 1 0.00124454
1 0.826293 0.440598 0.186207 0.207166 0.00121117
2 0.810991 0.77236 0.378017 0.45528 0.00117874
2 0.434806 0.5 0.869612 1 0.00117397
2 0.5 0.5 1 1 0.00117397
0 0.5 0.5 1 1 0.00116539
2 0.480388 0.5 0.960776 1 0.00114727
2 0.644181 0.828394 0.711638 0.343211 0.0011425
0 0.776401 0.191272 0.447198 0.382543 0.00113773
2 0.5 0.739224 1 0.521552 0.00113773
2 0.761369 0.812769 0.477263 0.374461 0.00113773
2 0.717026 0.182112 0.540517 0.364224 0.00112915
2 0.5 0.842672 1 0.314655 0.00112057
1 0.5 0.739224 1 0.521552 0.0011158
2 0.457435 0.230334 0.807543 0.460668 0.00110722
2 0.776401 0.191272 0.447198 0.382543 0.0011034
0 0.717026 0.182112 0.540517 0.364224 0.00109863
2 0.5 0.457435 1 0.914871 0.00109482
1 0.5 0.842672 1 0.314655 0.00108147
0 0.457435 0.230334 0.807543 0.460668 0.00107288
1 0.644181 0.828394 0.711638 0.343211 0.00107288
0 0.858621 0.480603 0.0918103 0.213362 0.00106525
0 0.810991 0.77236 0.378017 0.45528 0.00106049
1 0.434806 0.5 0.869612 1 0.00104046
0 0.5 0.457435 1 0.914871 0.00102425
0 0.834914 0.641164 0.330172 0.717672 0.00100422
1 0.646552 0.480065 0.0879311 0.136853 0.788086
1 0.857328 0.468211 0.0543104 0.145474 0.245117
1 0.649138 0.476832 0.0956896 0.182112 0.221313
1 0.866379 0.478448 0.0698276 0.163793 0.062561
1 0.696336 0.240571 0.0426724 0.0673491 0.01017
1 0.876078 0.471983 0.0931034 0.174569 0.00609589
1 0.711853 0.234375 0.0607759 0.0840517 0.00600433
1 0.222091 0.123922 0.129957 0.159483 0.00353813
2 0.649138 0.476832 0.0956896 0.182112 0.003088
1 0.782328 0.505388 0.331034 0.202586 0.003088
1 0.834052 0.470905 0.0788794 0.12069 0.00302696
1 0.703448 0.219289 0.0543103 0.0786638 0.0029583
1 0.761638 0.87931 0.0517241 0.0948276 0.00270462
1 0.333621 0.0824353 0.118319 0.128233 0.00212479
1 0.188147 0.130927 0.183621 0.162177 0.00201988
1 0.220151 0.1283 0.235991 0.191676 0.00201988
1 0.0589978 0.140625 0.0695043 0.106142 0.00189686
1 0.313254 0.122777 0.0795259 0.140221 0.00174141
1 0.409186 0.563578 0.541972 0.287715 0.00169373
2 0.711853 0.234375 0.0607759 0.0840517 0.00162888
2 0.696336 0.240571 0.0426724 0.0673491 0.0015974
1 0.286422 0.0889009 0.159052 0.177802 0.00145531
2 0.867672 0.483836 0.075 0.18319 0.00144958
1 0.7125 0.221983 0.0659482 0.0905172 0.00138283
0 0.649138 0.476832 0.0956896 0.182112 0.00133514
1 0.0429957 0.0806843 0.0840517 0.161369 0.00132465
1 0.819828 0.49569 0.075 0.127155 0.00131512
1 0.795259 0.788793 0.331035 0.37931 0.00127411
1 0.913147 0.475216 0.173707 0.211207 0.00125504
1 0.859914 0.275862 0.196552 0.220905 0.00123024
1 0.898707 0.488147 0.137069 0.195043 0.0012064
1 0.0141029 0.195582 0.0282058 0.391164 0.00118351
1 0.0286099 0.125606 0.0426724 0.0903825 0.00117874
1 0.0924569 0.139817 0.0501078 0.113685 0.0011425
1 0.828879 0.288793 0.142241 0.142241 0.00113392
2 0.84375 0.255657 0.192672 0.212823 0.00111198
2 0.761638 0.256466 0.118965 0.163793 0.00103188
1 0.649785 0.485991 0.0956896 0.131466 0.931641
1 0.848922 0.457974 0.0504311 0.139009 0.449463
1 0.842457 0.472522 0.0672414 0.122845 0.117554
1 0.863147 0.454741 0.0737069 0.165948 0.0715942
1 0.660776 0.476832 0.0943965 0.161638 0.0651245
1 0.693103 0.238955 0.0387931 0.0619612 0.0344849
1 0.753879 0.881465 0.0465518 0.0603448 0.032959
1 0.0206088 0.119343 0.0412177 0.0867457 0.0269623
1 0.0659483 0.135506 0.065625 0.130927 0.0171051
2 0.693103 0.238955 0.0387931 0.0619612 0.0137405
1 0.709914 0.235991 0.0517241 0.0678879 0.0115051
1 0.328448 0.102909 0.122845 0.162716 0.0109863
1 0.0210129 0.0840517 0.0420259 0.128233 0.00963593
1 0.319397 0.121228 0.106681 0.16056 0.00963593
1 0.0940733 0.148168 0.0362069 0.11153 0.00891876
1 0.0425108 0.155442 0.0850215 0.193427 0.00766754
2 0.709914 0.235991 0.0517241 0.0678879 0.00728989
2 0.943966 0.0655981 0.062069 0.0589978 0.00709534
0 0.693103 0.238955 0.0387931 0.0619612 0.00638962
1 0.943966 0.0655981 0.062069 0.0589978 0.00559998
0 0.709914 0.235991 0.0517241 0.0678879 0.00544739
1 0.00193966 0.8125 0.00387931 0.375 0.00544739
1 0.00307112 0.870151 0.00614224 0.259698 0.00494385
1 0.0604526 0.107489 0.0688578 0.175108 0.00479126
1 0.546336 0.586207 0.0439655 0.0678879 0.00424957
1 0.802371 0.448411 0.109914 0.198006 0.00407028
1 0.132826 0.170259 0.101589 0.108836 0.00383949
2 0.753879 0.881465 0.0465518 0.0603448 0.00374985
1 0.360129 0.0674838 0.152586 0.106412 0.00362206
1 0.268966 0.166756 0.158405 0.195043 0.00286674
1 0.00113147 0.14049 0.00226293 0.280981 0.0028553
1 0.00113147 0.730603 0.00226293 0.420259 0.00276756
1 0.821767 0.475216 0.0556035 0.131466 0.00259018
1 0.00226293 0.106142 0.00452586 0.212284 0.00236893
2 0.842457 0.472522 0.0672414 0.122845 0.00224304
1 0.0754041 0.159954 0.136261 0.201643 0.00222588
1 0.641379 0.494612 0.108621 0.165948 0.00215721
1 0.850862 0.567349 0.0543104 0.0980604 0.00203514
2 0.360129 0.0674838 0.152586 0.106412 0.00185299
0 0.00307112 0.870151 0.00614224 0.259698 0.00181007
2 0.803664 0.261853 0.257328 0.18319 0.00177479
1 0.00436422 0.715517 0.00872845 0.568966 0.00176144
1 0.955603 0.0689655 0.0775862 0.0689655 0.00170708
1 0.0531789 0.141703 0.106358 0.148168 0.00170708
2 0.955603 0.0689655 0.0775862 0.0689655 0.00164223
1 0.744828 0.431035 0.063362 0.103448 0.00161076
0 0.00193966 0.8125 0.00387931 0.375 0.00155449
1 0.812069 0.579741 0.0568966 0.0894396 0.00154877
1 0.131614 0.143386 0.100781 0.131331 0.00151253
1 0.0908809 0.104256 0.0587554 0.152478 0.0014782
1 0.649785 0.494612 0.0943965 0.116379 0.850098
1 0.848276 0.463362 0.049138 0.135776 0.44751
1 0.659483 0.490841 0.0982759 0.141164 0.047699
1 0.861207 0.467672 0.0724137 0.16056 0.0340881
1 0.689224 0.246767 0.0310345 0.0506466 0.0269623
1 0.852155 0.480603 0.0543103 0.144397 0.0267639
1 0.0204876 0.0614224 0.0409752 0.107759 0.0189819
1 0.0179418 0.117457 0.0358836 0.0835129 0.0144501
1 0.0465517 0.145205 0.0678879 0.109914 0.0109863
1 0.0972656 0.145474 0.0356412 0.110991 0.0104065
2 0.689224 0.246767 0.0310345 0.0506466 0.00898743
1 0.274784 0.136853 0.0310345 0.12069 0.00712204
1 0.0751616 0.146282 0.0494612 0.118534 0.00643921
1 0.285129 0.150862 0.0452586 0.091056 0.00579834
1 0.756465 0.879849 0.0439655 0.0571121 0.00502014
2 0.285129 0.150862 0.0452586 0.091056 0.0041008
1 0.936207 0.058055 0.0387931 0.0514547 0.0039444
1 0.709914 0.247306 0.0543103 0.0635776 0.00284576
2 0.756465 0.879849 0.0439655 0.0571121 0.00284576
0 0.285129 0.150862 0.0452586 0.091056 0.00256157
1 0.689224 0.220905 0.0336207 0.0738147 0.00225258
0 0.689224 0.246767 0.0310345 0.0506466 0.00208282
1 0.856034 0.510776 0.0543103 0.209052 0.00186729
2 0.709914 0.247306 0.0543103 0.0635776 0.00183105
1 0.665948 0.532328 0.0905172 0.206897 0.0016489
2 0.936207 0.058055 0.0387931 0.0514547 0.00162888
1 0.708028 0.730603 0.583944 0.538793 0.00157928
1 0.0890625 0.166487 0.0953664 0.114224 0.00136662
1 0.719612 0.476832 0.296121 0.145474 0.0012846
2 0.0465517 0.145205 0.0678879 0.109914 0.00125504
1 0.0630388 0.104997 0.0640086 0.180092 0.00118828
1 0.0201239 0.0517241 0.0402478 0.103448 0.00115108
0 0.0465517 0.145205 0.0678879 0.109914 0.00108147
2 0.274784 0.136853 0.0310345 0.12069 0.00106525
1 0.532435 0.454741 0.37306 0.19181 0.00106525
2 0.852155 0.480603 0.0543103 0.144397 0.00102806
2 0.689224 0.220905 0.0336207 0.0738147 0.00101662
1 0.650431 0.484914 0.0956897 0.146552 0.873047
1 0.846336 0.454741 0.0400862 0.125 0.560059
1 0.853448 0.453664 0.0594828 0.122845 0.0309601
1 0.843103 0.466595 0.0413794 0.155172 0.025177
1 0.690517 0.25431 0.0284482 0.0334052 0.0178528
1 0.859914 0.452586 0.0698276 0.146552 0.00602722
2 0.688793 0.783405 0.622414 0.43319 0.00453949
2 0.254256 0.702586 0.508513 0.594828 0.0041008
1 0.760345 0.877694 0.0413793 0.0517242 0.00397491
2 0.760345 0.877694 0.0413793 0.0517242 0.00387001
0 0.688793 0.783405 0.622414 0.43319 0.00293541
1 0.715086 0.252694 0.0465517 0.044181 0.00273705
2 0.619558 0.770474 0.679849 0.459052 0.00244331
0 0.558621 0.779095 0.50431 0.44181 0.0024147
2 0.690517 0.25431 0.0284482 0.0334052 0.00209999
0 0.619558 0.770474 0.679849 0.459052 0.0020752
2 0.353017 0.702047 0.706034 0.595905 0.00197983
0 0.307759 0.70528 0.615517 0.58944 0.00186729
1 0.943966 0.0529364 0.0465518 0.0412177 0.0018177
1 0.799138 0.481142 0.0737069 0.142241 0.0016489
1 0.715787 0.792026 0.568427 0.415948 0.00144958
1 0.826293 0.466595 0.0465517 0.140086 0.00143814
0 0.690517 0.25431 0.0284482 0.0334052 0.00140476
2 0.232274 0.645474 0.464547 0.709052 0.00117397
2 0.853448 0.453664 0.0594828 0.122845 0.00112057
1 0.662069 0.502155 0.0982759 0.161638 0.00111198
0 0.760345 0.877694 0.0413793 0.0517242 0.00110722
2 0.799353 0.728448 0.401293 0.543103 0.00100422
1 0.649138 0.480603 0.0918104 0.137931 0.831055
1 0.850216 0.459052 0.0452586 0.128233 0.70752
1 0.853448 0.469289 0.063362 0.133621 0.133911
1 0.0227909 0.0548222 0.0417026 0.108028 0.0637207
1 0.0950431 0.153017 0.0326509 0.0980603 0.058136
1 0.461638 0.150593 0.0413793 0.0678879 0.0413208
1 0.0206897 0.0994073 0.0407328 0.128233 0.0409851
1 0.302586 0.130994 0.0568965 0.113012 0.0354919
1 0.323922 0.0921336 0.106034 0.155172 0.0339661
1 0.861207 0.459052 0.0698276 0.140086 0.0324707
1 0.692457 0.246767 0.0336207 0.0581897 0.0303345
1 0.0779095 0.154095 0.0533405 0.0980604 0.0278015
1 0.949138 0.0541487 0.0543103 0.0538793 0.0275879
1 0.757759 0.87931 0.0439655 0.0625 0.0250854
1 0.0476024 0.130657 0.0557651 0.109914 0.0187225
1 0.312284 0.104997 0.0801724 0.165005 0.0179901
1 0.650431 0.5 0.102155 0.157328 0.00993347
1 0.275754 0.100485 0.0239224 0.162177 0.00963593
1 0.345905 0.0849946 0.156466 0.144666 0.00867462
1 0.176185 0.152748 0.180388 0.129849 0.00763702
2 0.794828 0.730065 0.410345 0.539871 0.00737381
1 0.187338 0.121228 0.209806 0.194504 0.00701141
1 0.44806 0.131466 0.0724138 0.0883621 0.00653839
0 0.692457 0.246767 0.0336207 0.0581897 0.00638962
1 0.259995 0.117457 0.0606142 0.172414 0.00629044
1 0.0903556 0.0936826 0.05625 0.119747 0.00542831
1 0.0564116 0.0801455 0.0733836 0.133351 0.00530243
0 0.00961746 0.774246 0.0192349 0.451509 0.00475693
1 0.345259 0.143319 0.142241 0.105603 0.0046463
0 0.463578 0.161638 0.050431 0.0802802 0.00416565
1 0.7125 0.245151 0.0543104 0.0721983 0.00367928
2 0.757759 0.87931 0.0439655 0.0625 0.00365067
1 0.867672 0.478448 0.0801724 0.157328 0.00351143
0 0.7125 0.245151 0.0543104 0.0721983 0.00346947
1 0.0972656 0.150862 0.100296 0.122845 0.00345612
1 0.0389547 0.0948276 0.069181 0.189655 0.00323486
0 0.451616 0.162177 0.0633621 0.0840517 0.00319672
1 0.463578 0.134968 0.0517241 0.059806 0.00311089
2 0.692187 0.757004 0.615625 0.485991 0.00296974
1 0.227586 0.116379 0.116379 0.172953 0.00271416
0 0.461638 0.150593 0.0413793 0.0678879 0.00271416
0 0.44806 0.131466 0.0724138 0.0883621 0.00261116
0 0.463578 0.134968 0.0517241 0.059806 0.00261116
1 0.0564925 0.141703 0.10361 0.137392 0.00244331
1 0.340409 0.116918 0.144181 0.175647 0.00243378
2 0.693103 0.733836 0.501724 0.532328 0.00234222
1 0.387931 0.0668103 0.188793 0.103448 0.00221634
2 0.461638 0.150593 0.0413793 0.0678879 0.00209999
1 0.208513 0.109981 0.152586 0.191676 0.00201988
1 0.451616 0.162177 0.0633621 0.0840517 0.00200272
1 0.649138 0.482759 0.0931035 0.142241 0.926758
1 0.849569 0.456897 0.0491379 0.140086 0.71875
1 0.861207 0.455819 0.0672414 0.144397 0.0670776
1 0.755172 0.877155 0.0439655 0.0581897 0.0603027
1 0.0934671 0.14379 0.0354795 0.125135 0.00679779
1 0.943966 0.0530711 0.0413793 0.0452586 0.00559998
1 0.0749192 0.147899 0.0570582 0.120151 0.0051384
2 0.647845 0.489763 0.103448 0.149784 0.00496292
2 0.689224 0.250539 0.0323276 0.0549569 0.00443268
2 0.755172 0.877155 0.0439655 0.0581897 0.00382423
1 0.689224 0.250539 0.0323276 0.0549569 0.00355148
2 0.713793 0.245151 0.0556035 0.0668104 0.00316048
1 0.0243265 0.117188 0.0484914 0.106681 0.0026722
1 0.0217403 0.075431 0.0434806 0.119612 0.00252151
0 0.647845 0.489763 0.103448 0.149784 0.00201988
2 0.848276 0.469828 0.0543103 0.153017 0.00150681
0 0.848276 0.469828 0.0543103 0.153017 0.0014782
1 0.660776 0.497306 0.100862 0.155172 0.00123501
1 0.713793 0.245151 0.0556035 0.0668104 0.00116062
2 0.943966 0.0530711 0.0413793 0.0452586 0.00107288
1 0.649138 0.487069 0.0956896 0.131466 0.880859
1 0.850216 0.459052 0.049138 0.137931 0.618652
1 0.861207 0.460129 0.0672414 0.146552 0.0703125
1 0.692457 0.253772 0.0362069 0.0528017 0.00775528
2 0.853448 0.462285 0.049138 0.150862 0.00624084
1 0.943966 0.0545528 0.0439654 0.0479526 0.00557709
2 0.649138 0.488147 0.0918104 0.135776 0.00516129
2 0.692457 0.253772 0.0362069 0.0528017 0.00482941
2 0.756465 0.877694 0.0517241 0.0765086 0.00201988
2 0.713793 0.256466 0.0594828 0.0603448 0.00194168
0 0.853448 0.462285 0.049138 0.150862 0.00173378
1 0.0950431 0.146619 0.0420259 0.161503 0.00138283
1 0.108297 0.136584 0.0672414 0.178879 0.00135612
0 0.649138 0.488147 0.0918104 0.135776 0.00129414
1 0.713793 0.256466 0.0594828 0.0603448 0.00123501
1 0.756465 0.877694 0.0517241 0.0765086 0.00115108
1 0.956896 0.0560345 0.0594828 0.0522629 0.00109005
1 0.649138 0.483836 0.0931035 0.131466 0.875977
1 0.846983 0.459052 0.0439655 0.140086 0.666992
1 0.854095 0.459052 0.0452586 0.132543 0.142212
1 0.943966 0.0557651 0.0426724 0.0490302 0.0257568
1 0.690517 0.25 0.0258621 0.0484914 0.0129242
1 0.86056 0.461207 0.0685345 0.155172 0.0086441
2 0.690517 0.25 0.0258621 0.0484914 0.00416565
1 0.0408944 0.133351 0.0636854 0.0856681 0.00363541
1 0.759698 0.874461 0.0413793 0.0625 0.00313568
1 0.0313578 0.0645205 0.0572198 0.110722 0.0027256
2 0.759698 0.874461 0.0413793 0.0625 0.00243378
1 0.0649784 0.146013 0.0662716 0.113147 0.00210762
0 0.690517 0.25 0.0258621 0.0484914 0.00184631
1 0.955603 0.0544181 0.0517241 0.046875 0.00183105
2 0.854095 0.459052 0.0452586 0.132543 0.00152493
2 0.649138 0.482759 0.0956896 0.132543 0.00141048
2 0.7125 0.251078 0.0465518 0.0484914 0.0012846
1 0.658836 0.493535 0.0956897 0.163793 0.00114727
1 0.7125 0.251078 0.0465518 0.0484914 0.00112057
0 0.653017 0.489224 0.0982759 0.149784 0.00104046
1 0.651724 0.483297 0.087931 0.137931 0.864258
1 0.846983 0.457974 0.0439655 0.135776 0.581543
1 0.940086 0.0569774 0.0336206 0.0479526 0.0164642
1 0.758405 0.877155 0.0400862 0.0538793 0.0123825
1 0.689224 0.255388 0.0297414 0.044181 0.00963593
1 0.0772629 0.134429 0.0523707 0.144935 0.00582123
1 0.0882543 0.139547 0.0455819 0.132543 0.00492477
1 0.0221444 0.0668103 0.0426724 0.133621 0.00324821
1 0.811422 0.326239 0.0323276 0.0748922 0.0030632
1 0.0266703 0.108365 0.0484914 0.142107 0.00235939
1 0.961422 0.0546875 0.049138 0.044181 0.00202751
1 0.643319 0.41972 0.0801724 0.225216 0.00184631
1 0.276078 0.129849 0.0297414 0.14278 0.00151253
1 0.273491 0.109914 0.0258621 0.160022 0.00150108
1 0.8625 0.459591 0.0724137 0.155172 0.00140476
1 0.271875 0.133553 0.043319 0.140221 0.00135136
1 0.649138 0.483836 0.0905172 0.131466 0.865234
1 0.850862 0.467134 0.0465517 0.146552 0.737305
1 0.8625 0.46875 0.0672414 0.159483 0.0603027
1 0.0685345 0.137392 0.0743534 0.15194 0.00443268
1 0.946552 0.0563039 0.0465517 0.0538793 0.0028553
1 0.0871229 0.142174 0.0475216 0.147764 0.00279999
1 0.0407328 0.119073 0.0753233 0.168103 0.0018034
1 0.0261045 0.0889682 0.0496228 0.163658 0.00159168
0 0.652371 0.482759 0.0931035 0.133621 0.00158501
0 0.857328 0.461207 0.0543104 0.131466 0.00155449
1 0.854741 0.485991 0.0581897 0.190733 0.00114727
1 0.0648976 0.121835 0.0842134 0.200296 0.0011425
1 0.647198 0.483297 0.0931034 0.142241 0.811523
1 0.845043 0.46444 0.0413794 0.131466 0.700684
1 0.855388 0.462284 0.0439655 0.131466 0.0247498
1 0.942672 0.0565733 0.0413793 0.0506466 0.0188293
1 0.953017 0.0560345 0.0594828 0.0503772 0.00475693
1 0.859914 0.467672 0.0724138 0.146552 0.00169373
1 0.0318427 0.0720636 0.0591595 0.118804 0.0011692
1 0.649138 0.478448 0.0931035 0.134698 0.85791
1 0.846983 0.460129 0.0439655 0.136853 0.575684
1 0.857327 0.457974 0.0452586 0.140086 0.0348816
1 0.9375 0.0533405 0.0362069 0.049569 0.0088501
1 0.859914 0.463362 0.0698276 0.153017 0.00134087
1 0.952371 0.0552263 0.0633621 0.049569 0.00103188
1 0.650431 0.483836 0.0931034 0.122845 0.811523
1 0.846336 0.463362 0.0465517 0.134698 0.565918
1 0.857328 0.466056 0.0517241 0.127155 0.0718384
1 0.656897 0.50431 0.0931035 0.142241 0.00526047
1 0.938147 0.0545528 0.0375 0.0471444 0.00332451
1 0.0279634 0.119073 0.0533405 0.106142 0.00261116
1 0.0214978 0.0751616 0.0429957 0.104526 0.00144386
1 0.0733836 0.136315 0.05625 0.121767 0.00117874
1 0.651078 0.48222 0.0943965 0.130388 0.809082
1 0.848922 0.461207 0.0465517 0.135776 0.694336
1 0.940086 0.0530711 0.0336206 0.0484914 0.01017
1 0.192672 0.125067 0.218534 0.191676 0.00372124
1 0.224353 0.112877 0.28319 0.197737 0.00162888
1 0.95625 0.0541487 0.049138 0.0476832 0.00162315
1 0.023195 0.0579203 0.0389547 0.091056 0.00121593
1 0.859914 0.462285 0.0672414 0.148707 0.00115108
1 0.685991 0.258621 0.024569 0.0436422 0.00104046
1 0.650431 0.480603 0.0956897 0.144397 0.841797
1 0.847629 0.459052 0.0478449 0.136853 0.57959
1 0.856034 0.461207 0.0517241 0.133621 0.064209
1 0.943966 0.0541487 0.0439654 0.0511853 0.00312424
1 0.650431 0.484375 0.0931034 0.127155 0.800781
1 0.846983 0.461207 0.0439655 0.12931 0.604004
1 0.650431 0.482759 0.0931034 0.131466 0.827637
1 0.848276 0.462284 0.0465517 0.131466 0.690918
1 0.856681 0.460129 0.049138 0.126078 0.105225
1 0.942672 0.0528017 0.0426724 0.0463362 0.00148964
1 0.86056 0.463362 0.0659483 0.142241 0.00123501
1 0.649138 0.482759 0.0931035 0.131466 0.813965
1 0.846983 0.462823 0.0452586 0.135776 0.67041
1 0.941379 0.0522629 0.0387931 0.0463362 0.00127411
1 0.649138 0.482759 0.0931035 0.131466 0.813965
1 0.846983 0.462823 0.0452586 0.135776 0.67041
1 0.941379 0.0522629 0.0387931 0.0463362 0.00129986
