1 0.547629 0.657866 0.147414 0.182112 0.665527
2 0.138968 0.332166 0.135857 0.202047 0.0966797
2 0.132866 0.278825 0.14903 0.358297 0.0509033
1 0.699569 0.538793 0.139655 0.231681 0.0228882
1 0.678879 0.5625 0.175862 0.278017 0.0138474
0 0.547306 0.653017 0.144181 0.185345 0.0129242
2 0.546336 0.647091 0.147414 0.173491 0.0120544
0 0.138968 0.332166 0.135857 0.202047 0.0106506
2 0.115086 0.238147 0.132543 0.267241 0.00857544
1 0.528233 0.65194 0.113793 0.165948 0.0078125
0 0.127694 0.295797 0.171336 0.40625 0.00664139
2 0.666595 0.575431 0.195259 0.271552 0.00602722
0 0.701509 0.523707 0.131897 0.204741 0.00582123
2 0.690517 0.537716 0.155172 0.234914 0.00519943
2 0.60792 0.617457 0.291918 0.221983 0.00429916
2 0.912931 0.414332 0.131896 0.396552 0.00421524
2 0.703448 0.518319 0.130603 0.200431 0.00391388
1 0.63944 0.575431 0.253448 0.3125 0.00387001
2 0.136099 0.345366 0.188147 0.505388 0.00359344
0 0.685345 0.548491 0.160345 0.252155 0.00348282
2 0.465841 0.286369 0.861853 0.461746 0.00345612
2 0.825216 0.716595 0.349569 0.56681 0.00327301
2 0.5 0.5 1 1 0.00322342
2 0.5 0.5 1 1 0.00319672
1 0.5 0.5 1 1 0.00311089
1 0.731897 0.522629 0.108621 0.211207 0.00300407
0 0.5 0.5 1 1 0.0028553
2 0.627802 0.574353 0.296121 0.349138 0.00282288
2 0.5 0.5 1 1 0.00279045
1 0.138968 0.332166 0.135857 0.202047 0.00274658
1 0.531466 0.65194 0.131897 0.212284 0.00274658
0 0.5 0.5 1 1 0.00273705
0 0.5 0.5 1 1 0.00271416
2 0.5 0.5 1 1 0.00271416
0 0.5 0.5 1 1 0.0026207
1 0.5 0.5 1 1 0.00260162
0 0.5 0.5 1 1 0.00256157
2 0.113955 0.5 0.227909 1 0.00251198
0 0.115086 0.238147 0.132543 0.267241 0.0024929
2 0.847198 0.498922 0.305603 0.657328 0.00247192
0 0.60792 0.617457 0.291918 0.221983 0.00235939
0 0.666595 0.575431 0.195259 0.271552 0.00234222
1 0.5 0.5 1 1 0.00233269
1 0.5 0.5 1 1 0.00231361
2 0.5 0.5 1 1 0.00228691
0 0.465841 0.286369 0.861853 0.461746 0.00226974
0 0.627802 0.574353 0.296121 0.349138 0.00226974
1 0.511422 0.579741 0.200431 0.355603 0.00218201
1 0.5 0.5 1 1 0.00208282
1 0.5 0.5 1 1 0.0020504
1 0.54569 0.658405 0.137069 0.165948 0.766113
1 0.534375 0.587285 0.129957 0.299569 0.036499
1 0.661907 0.545259 0.196875 0.306034 0.0219879
1 0.517241 0.650862 0.0931035 0.174569 0.0176392
1 0.678233 0.525862 0.162931 0.213362 0.0167236
1 0.506896 0.653017 0.0678879 0.157328 0.0146179
1 0.717672 0.518319 0.0853448 0.196121 0.0119171
1 0.735776 0.51347 0.0465518 0.189655 0.0106506
1 0.493319 0.566272 0.157759 0.303879 0.00634003
1 0.58319 0.5066 0.364655 0.465248 0.00271416
1 0.479741 0.517241 0.139009 0.196121 0.00252151
2 0.551509 0.658944 0.120259 0.170259 0.00246239
0 0.534375 0.587285 0.129957 0.299569 0.00210762
2 0.131897 0.350754 0.0685345 0.140086 0.00191212
0 0.640248 0.551724 0.232435 0.321121 0.00183868
0 0.537284 0.661638 0.140948 0.181034 0.00182438
2 0.661907 0.545259 0.196875 0.306034 0.00171375
1 0.504957 0.535022 0.206897 0.429957 0.00170708
1 0.75 0.512931 0.0517241 0.200431 0.00166798
1 0.511746 0.658944 0.211422 0.220905 0.00165462
2 0.121228 0.359375 0.0872845 0.144397 0.00157356
2 0.678233 0.525862 0.162931 0.213362 0.00154305
2 0.534375 0.587285 0.129957 0.299569 0.00141048
1 0.617942 0.610991 0.225323 0.340517 0.00139427
2 0.492026 0.5 0.984052 1 0.00137234
0 0.492026 0.5 0.984052 1 0.00136662
1 0.82069 0.509698 0.358621 0.980603 0.00136185
0 0.5 0.646552 1 0.706897 0.00136185
1 0.492026 0.5 0.984052 1 0.00134087
1 0.764278 0.581897 0.471444 0.676724 0.00130939
0 0.448707 0.5 0.897414 1 0.0012598
0 0.480065 0.479391 0.221767 0.56708 0.00125504
2 0.5 0.646552 1 0.706897 0.00122547
1 0.659483 0.579741 0.249569 0.438578 0.00121117
1 0.5 0.646552 1 0.706897 0.00119209
2 0.448707 0.5 0.897414 1 0.00118828
0 0.670959 0.353448 0.525323 0.706897 0.00115108
2 0.5 0.5 1 1 0.00114727
2 0.457112 0.5 0.914224 1 0.0011158
2 0.823276 0.751347 0.353448 0.497306 0.00111198
2 0.5 0.759429 1 0.481142 0.00110722
0 0.50625 0.544181 0.205603 0.428879 0.00109863
0 0.764278 0.581897 0.471444 0.676724 0.00109482
0 0.5 0.5 1 1 0.00107288
2 0.620259 0.782328 0.759483 0.435345 0.00106049
0 0.580981 0.27694 0.838039 0.553879 0.00105667
1 0.5 0.759429 1 0.481142 0.00105667
2 0.5 0.78556 1 0.428879 0.00105286
2 0.777532 0.777209 0.444935 0.445582 0.00104809
1 0.448707 0.5 0.897414 1 0.00104427
1 0.548276 0.654095 0.137069 0.176724 0.877441
2 0.549569 0.649784 0.13319 0.157328 0.0281677
1 0.673707 0.521552 0.160345 0.206897 0.0276947
1 0.540194 0.596983 0.155819 0.256466 0.0181274
0 0.126563 0.71444 0.253125 0.571121 0.00894928
1 0.842457 0.639009 0.153879 0.278017 0.00847626
1 0.858621 0.668103 0.17069 0.338362 0.00698471
2 0.128987 0.342672 0.087931 0.155172 0.00636292
2 0.112985 0.235991 0.0979526 0.278017 0.00609589
2 0.109954 0.201509 0.0891433 0.197737 0.005867
1 0.626994 0.563578 0.266703 0.334052 0.00570679
2 0.120582 0.328125 0.0921336 0.204741 0.00508118
1 0.532112 0.501078 0.195259 0.196121 0.00486755
0 0.109954 0.201509 0.0891433 0.197737 0.00477219
1 0.873491 0.706897 0.222414 0.44181 0.00391388
1 0.542457 0.628772 0.130603 0.176724 0.00391388
2 0.680172 0.522629 0.155172 0.211207 0.00376511
0 0.120582 0.328125 0.0921336 0.204741 0.00322342
1 0.806897 0.515086 0.147414 0.204741 0.003088
1 0.832759 0.514009 0.212069 0.251078 0.0030632
2 0.143696 0.717134 0.287392 0.565733 0.00292397
0 0.128987 0.342672 0.087931 0.155172 0.00275803
0 0.112985 0.235991 0.0979526 0.278017 0.00269318
1 0.814009 0.550647 0.162931 0.219828 0.00209045
2 0.0871228 0.25916 0.155819 0.320043 0.00178242
0 0.680172 0.522629 0.155172 0.211207 0.00168705
2 0.0930226 0.286638 0.186045 0.392241 0.00158501
1 0.126563 0.71444 0.253125 0.571121 0.00157356
0 0.873491 0.706897 0.222414 0.44181 0.00156116
1 0.675 0.55819 0.178448 0.215517 0.00155449
1 0.501724 0.520474 0.215948 0.234914 0.00133038
0 0.0930226 0.286638 0.186045 0.392241 0.00125504
2 0.928664 0.407866 0.142672 0.373922 0.00123024
1 0.830819 0.461746 0.210776 0.324353 0.00122547
2 0.436746 0.689655 0.347198 0.219828 0.00119686
1 0.87306 0.741379 0.253879 0.517241 0.00119209
2 0.125754 0.671336 0.251509 0.657328 0.00117874
0 0.182974 0.673626 0.365948 0.652748 0.00115585
0 0.170205 0.697198 0.340409 0.605603 0.00112438
1 0.108459 0.195043 0.0817888 0.163793 0.00112057
1 0.767188 0.711207 0.465625 0.577586 0.00112057
2 0.648491 0.500539 0.236638 0.22306 0.00109863
2 0.927694 0.323276 0.144612 0.546336 0.00109005
2 0.675 0.55819 0.178448 0.215517 0.00106049
0 0.849569 0.653017 0.160345 0.293103 0.00104427
2 0.532112 0.497845 0.193965 0.159483 0.00102425
1 0.0930226 0.286638 0.186045 0.392241 0.00101185
1 0.54569 0.65625 0.139655 0.172414 0.960938
1 0.796552 0.760776 0.0426724 0.0775863 0.107056
0 0.117632 0.2007 0.111288 0.182651 0.0758667
0 0.131897 0.346175 0.107328 0.143858 0.0514526
1 0.675646 0.523707 0.159052 0.221983 0.0411377
1 0.475215 0.502155 0.126724 0.176724 0.0228882
1 0.525647 0.615841 0.186207 0.246767 0.0179901
1 0.501724 0.50431 0.177155 0.181034 0.0174408
1 0.114723 0.198815 0.101589 0.148707 0.0141144
1 0.489763 0.544181 0.164871 0.265086 0.0135345
1 0.756466 0.520474 0.0568965 0.215517 0.0130692
2 0.131897 0.346175 0.107328 0.143858 0.00867462
2 0.119006 0.215248 0.117592 0.213901 0.00844574
1 0.769396 0.530172 0.087931 0.221983 0.00754929
1 0.303879 0.0518588 0.0439655 0.061153 0.00717545
2 0.114723 0.198815 0.101589 0.148707 0.00698471
1 0.894827 0.355603 0.0827586 0.243534 0.0069046
0 0.894828 0.352101 0.0853449 0.239763 0.00666809
1 0.119006 0.215248 0.117592 0.213901 0.00475693
0 0.133513 0.257274 0.127047 0.29472 0.00475693
1 0.902586 0.356681 0.103448 0.282328 0.00473785
2 0.54569 0.655172 0.131897 0.165948 0.00415039
1 0.578017 0.605603 0.177155 0.269397 0.00380898
0 0.796552 0.760776 0.0426724 0.0775863 0.00376511
0 0.115571 0.239224 0.120905 0.234914 0.00356483
1 0.131897 0.346175 0.107328 0.143858 0.00337601
2 0.133513 0.257274 0.127047 0.29472 0.00322342
1 0.636853 0.5 0.331034 0.381466 0.00314713
0 0.123855 0.345905 0.146686 0.170259 0.00305176
2 0.123855 0.345905 0.146686 0.170259 0.00302696
1 0.00193966 0.689116 0.00387931 0.337285 0.00298119
2 0.67694 0.522629 0.161638 0.217672 0.00282288
1 0.730603 0.449488 0.271552 0.340248 0.00269318
2 0.303879 0.0518588 0.0439655 0.061153 0.00251198
0 0.921336 0.376212 0.146121 0.342403 0.0024929
2 0.796552 0.760776 0.0426724 0.0775863 0.00247192
1 0.00193966 0.565194 0.00387931 0.412716 0.00244331
1 0.00363685 0.859914 0.00727371 0.280172 0.00234985
1 0.00266703 0.811422 0.00533405 0.377155 0.00225258
0 0.907759 0.3684 0.121552 0.271821 0.00218201
1 0.519828 0.528017 0.199138 0.24569 0.00217438
1 0.822414 0.74569 0.0905172 0.12069 0.00191212
2 0.894828 0.352101 0.0853449 0.239763 0.00190449
2 0.403772 0.0444504 0.198491 0.0889009 0.00163555
1 0.351078 0.0494343 0.122845 0.0762392 0.00162315
1 0.921336 0.376212 0.146121 0.342403 0.0015974
2 0.598869 0.0431034 0.0953664 0.0703125 0.0014782
1 0.133513 0.257274 0.127047 0.29472 0.00143242
1 0.00193966 0.44181 0.00387931 0.455819 0.00139427
1 0.403772 0.0444504 0.198491 0.0889009 0.00137806
1 0.546659 0.659483 0.140302 0.165948 0.845703
0 0.10458 0.201509 0.0976293 0.161638 0.0236969
1 0.676293 0.530172 0.147414 0.202586 0.0123367
0 0.114116 0.355603 0.11153 0.122845 0.00484848
1 0.65625 0.561422 0.203017 0.204741 0.0045929
1 0.305819 0.0436422 0.0297414 0.0544181 0.00385475
2 0.100377 0.209591 0.116379 0.161638 0.00345612
2 0.675 0.529095 0.165517 0.200431 0.00240517
2 0.549569 0.659483 0.134483 0.165948 0.0020504
1 0.757759 0.530172 0.0517241 0.189655 0.00139904
0 0.106317 0.340248 0.140383 0.185884 0.00135612
1 0.297091 0.711746 0.594181 0.576509 0.0012207
1 0.10458 0.201509 0.0976293 0.161638 0.00113392
1 0.612931 0.565194 0.28319 0.257543 0.00109005
1 0.547629 0.65625 0.140948 0.171336 0.813965
1 0.668534 0.530172 0.178448 0.219828 0.0524292
1 0.491703 0.507543 0.162284 0.18319 0.01297
2 0.817457 0.334321 0.365086 0.668642 0.0122375
2 0.551185 0.646552 0.136422 0.159483 0.0122375
0 0.853448 0.697198 0.250862 0.487069 0.0114212
0 0.0810614 0.202586 0.162123 0.179957 0.0108566
1 0.835345 0.563039 0.219828 0.311422 0.0100555
2 0.0819504 0.219828 0.163901 0.220905 0.008255
1 0.819181 0.549569 0.184914 0.258621 0.00763702
1 0.846983 0.521013 0.248276 0.286638 0.0068512
0 0.851078 0.733836 0.297845 0.532328 0.0064888
2 0.233567 0.698276 0.467134 0.603448 0.00577545
1 0.839224 0.674569 0.227586 0.549569 0.00542831
2 0.668696 0.529634 0.185884 0.22306 0.00475693
2 0.143373 0.347522 0.0520474 0.128233 0.00455475
0 0.0864763 0.23195 0.172953 0.23222 0.00390053
0 0.0940733 0.203664 0.163254 0.168103 0.00358009
0 0.571875 0.258149 0.327802 0.381331 0.00336266
2 0.0853852 0.350216 0.163497 0.149784 0.00335121
2 0.809698 0.186961 0.380603 0.373922 0.00318527
2 0.0940733 0.203664 0.163254 0.168103 0.00288963
0 0.233567 0.698276 0.467134 0.603448 0.00261116
0 0.846983 0.735453 0.147414 0.128233 0.00255013
1 0.846983 0.735453 0.147414 0.128233 0.00255013
1 0.518534 0.600216 0.199138 0.280172 0.00244331
0 0.0853852 0.350216 0.163497 0.149784 0.00243378
0 0.817457 0.334321 0.365086 0.668642 0.00221634
2 0.843966 0.492996 0.312069 0.985991 0.00219154
0 0.668696 0.529634 0.185884 0.22306 0.00212479
1 0.0803341 0.199353 0.160668 0.173491 0.00195694
1 0.589655 0.524246 0.382759 0.248922 0.00189686
0 0.835345 0.563039 0.219828 0.311422 0.00182438
2 0.188147 0.192821 0.376293 0.325566 0.00167465
0 0.854741 0.592672 0.258621 0.505388 0.00164223
2 0.860776 0.486126 0.278448 0.506196 0.0015974
1 0.755172 0.515086 0.0491379 0.192888 0.00157928
2 0.221767 0.551724 0.443534 0.896552 0.00148964
2 0.737769 0.324084 0.524461 0.648168 0.0014782
0 0.80819 0.678879 0.310345 0.543103 0.00144386
2 0.17667 0.308998 0.353341 0.410022 0.00139904
1 0.854741 0.592672 0.258621 0.505388 0.00133514
2 0.087931 0.302532 0.175862 0.268858 0.00129414
1 0.60194 0.608836 0.265086 0.282328 0.00127411
1 0.851078 0.733836 0.297845 0.532328 0.00116062
2 0.200108 0.646013 0.400215 0.707974 0.00115108
2 0.813578 0.360991 0.372845 0.721983 0.0011158
0 0.143373 0.347522 0.0520474 0.128233 0.00109005
0 0.551185 0.646552 0.136422 0.159483 0.00106907
1 0.360129 0.595905 0.411207 0.37931 0.00100422
1 0.546336 0.653556 0.137069 0.173491 0.896484
1 0.677586 0.518858 0.152586 0.189655 0.110474
0 0.152586 0.342403 0.0465517 0.120151 0.0603027
0 0.106519 0.203664 0.110884 0.164871 0.0305634
0 0.116864 0.351293 0.108621 0.154095 0.0146179
0 0.10264 0.23653 0.128341 0.247845 0.0114212
0 0.0914062 0.720905 0.182812 0.55819 0.00674438
0 0.87931 0.718211 0.213362 0.524784 0.00624084
0 0.100216 0.702586 0.200431 0.594828 0.00413513
0 0.102196 0.288793 0.136342 0.302802 0.00284576
1 0.502371 0.5 0.157759 0.162715 0.00277901
1 0.567026 0.613147 0.155172 0.202586 0.0026207
2 0.74472 0.695582 0.51056 0.608836 0.00259018
0 0.674353 0.520474 0.155172 0.202586 0.00251198
2 0.485884 0.770474 0.422198 0.459052 0.00234985
2 0.152586 0.342403 0.0465517 0.120151 0.00231361
2 0.734698 0.823276 0.530603 0.353448 0.00229645
0 0.0260237 0.810884 0.0520474 0.378233 0.00209999
2 0.783836 0.304957 0.432328 0.609914 0.00209045
0 0.167134 0.33028 0.0520474 0.101293 0.00193405
0 0.0573815 0.783405 0.114763 0.43319 0.00148392
2 0.653071 0.781789 0.693858 0.436422 0.00144386
0 0.0284079 0.717672 0.0568157 0.564655 0.00137806
0 0.485884 0.770474 0.422198 0.459052 0.00127411
0 0.852155 0.703664 0.155172 0.478448 0.00125504
1 0.485884 0.770474 0.422198 0.459052 0.0012207
2 0.63319 0.842134 0.733621 0.315733 0.00104427
0 0.0947198 0.350216 0.155172 0.189655 0.00101662
2 0.120299 0.25889 0.085264 0.244073 0.00101185
2 0.728071 0.885507 0.543858 0.228987 0.00100803
1 0.547629 0.653017 0.135776 0.176724 0.943359
1 0.669181 0.551724 0.182328 0.273707 0.00912476
2 0.557328 0.654634 0.155172 0.188578 0.0085144
1 0.688578 0.542026 0.137069 0.242457 0.0055542
0 0.108782 0.237069 0.124784 0.252155 0.00436401
1 0.592241 0.612069 0.236638 0.252155 0.00261116
1 0.539224 0.557651 0.237931 0.297414 0.0024929
1 0.587069 0.535426 0.369828 0.362338 0.00244331
2 0.143534 0.342672 0.0665948 0.114224 0.00234985
0 0.143534 0.342672 0.0665948 0.114224 0.00213242
1 0.106681 0.270474 0.136422 0.324353 0.00125504
0 0.557328 0.654634 0.155172 0.188578 0.0012064
2 0.562177 0.451509 0.517888 0.631465 0.00114727
2 0.592241 0.612069 0.236638 0.252155 0.00106049
1 0.546336 0.658944 0.138362 0.172414 0.902832
2 0.11351 0.223599 0.104661 0.167026 0.0236969
2 0.15 0.334591 0.0501078 0.106681 0.013588
0 0.113834 0.209052 0.104014 0.169181 0.0113297
1 0.685345 0.545259 0.155172 0.237069 0.00643921
2 0.10761 0.349677 0.122279 0.159483 0.0026722
1 0.759052 0.535022 0.0646552 0.203664 0.00255013
2 0.136099 0.34375 0.0801724 0.143319 0.00243378
2 0.167457 0.331627 0.0556035 0.0985992 0.00225258
2 0.537931 0.662715 0.137069 0.172414 0.0020752
2 0.671282 0.550647 0.18847 0.257543 0.00183868
1 0.675 0.573276 0.186207 0.30819 0.00157928
0 0.15 0.334591 0.0501078 0.106681 0.00157356
1 0.76681 0.542026 0.0879311 0.228448 0.00107288
1 0.54375 0.653556 0.131897 0.164871 0.889648
2 0.154849 0.334052 0.043319 0.107759 0.0209656
1 0.681466 0.521013 0.152586 0.192888 0.00748825
1 0.668534 0.534483 0.175862 0.242457 0.00344276
2 0.114116 0.251616 0.106681 0.145474 0.00342941
2 0.108459 0.206358 0.11444 0.15625 0.00342941
2 0.546659 0.65194 0.132543 0.163793 0.00329781
0 0.54375 0.653017 0.146121 0.158405 0.00329781
2 0.168265 0.326239 0.0523707 0.0985991 0.00317192
2 0.117349 0.348599 0.0976293 0.122845 0.00312424
0 0.10858 0.205819 0.0970636 0.161638 0.0029583
2 0.668534 0.534483 0.175862 0.242457 0.00255013
2 0.593534 0.543103 0.345259 0.290948 0.00203514
0 0.154849 0.334052 0.043319 0.107759 0.0019722
2 0.13319 0.342672 0.0953664 0.136853 0.0019722
0 0.114116 0.251616 0.106681 0.145474 0.00184631
2 0.11945 0.251078 0.0927802 0.200431 0.00168705
0 0.117349 0.348599 0.0976293 0.122845 0.00110722
1 0.545366 0.657328 0.135129 0.168103 0.84082
1 0.759052 0.521552 0.0556035 0.186422 0.026062
1 0.771983 0.525862 0.0801724 0.195043 0.0131683
2 0.155657 0.326778 0.0387931 0.0996767 0.0111618
2 0.113147 0.186422 0.0956896 0.142241 0.00941467
1 0.684052 0.523168 0.153879 0.198276 0.00452042
0 0.108661 0.200431 0.0988416 0.163793 0.00395966
1 0.500754 0.505927 0.128664 0.140086 0.00362206
2 0.170043 0.322198 0.0523707 0.0926724 0.0036068
1 0.797845 0.754849 0.0336206 0.0700431 0.00323486
1 0.729957 0.518319 0.0581897 0.176724 0.0028553
2 0.115733 0.245151 0.103772 0.126616 0.00281143
0 0.115733 0.245151 0.103772 0.126616 0.00269318
1 0.110924 0.203664 0.103367 0.171336 0.00235939
1 0.302586 0.0401401 0.0310345 0.0560345 0.00188255
2 0.106196 0.20528 0.0966595 0.176724 0.0017271
0 0.155657 0.326778 0.0387931 0.0996767 0.00170708
2 0.141272 0.34375 0.0853448 0.135776 0.00113773
2 0.884483 0.374057 0.0853448 0.254041 0.00108624
2 0.114076 0.346983 0.0983567 0.125 0.00107765
1 0.155657 0.326778 0.0387931 0.0996767 0.00106049
1 0.788793 0.522629 0.118966 0.211207 0.00101185
1 0.544073 0.653556 0.135129 0.175647 0.891113
1 0.762284 0.525862 0.0568965 0.188578 0.0750122
1 0.775862 0.532328 0.075 0.19181 0.0214539
0 0.119329 0.202047 0.0936692 0.154095 0.014389
1 0.679526 0.524785 0.155172 0.217672 0.0121918
2 0.119329 0.202047 0.0936692 0.154095 0.00466537
1 0.119329 0.202047 0.0936692 0.154095 0.00331116
0 0.153394 0.34375 0.0533405 0.131466 0.00214958
0 0.546336 0.651401 0.12931 0.167026 0.00206757
1 0.784914 0.528017 0.106034 0.204741 0.00179577
1 0.513685 0.542565 0.164871 0.227371 0.00125504
1 0.800431 0.752155 0.0362069 0.0818965 0.00125504
1 0.546983 0.648168 0.139655 0.177802 0.788086
1 0.760345 0.524785 0.0568965 0.189655 0.0474243
0 0.106358 0.207435 0.109267 0.178879 0.0314941
2 0.148384 0.34806 0.0491379 0.135776 0.0085144
2 0.107489 0.227909 0.11444 0.21444 0.00844574
0 0.109429 0.342672 0.107651 0.167026 0.00837708
0 0.148384 0.34806 0.0491379 0.135776 0.00706482
1 0.706681 0.518319 0.0969828 0.189655 0.00502014
2 0.109429 0.342672 0.107651 0.167026 0.00466537
1 0.67694 0.53125 0.15 0.228448 0.00312424
1 0.501401 0.530172 0.159698 0.232759 0.00260162
0 0.104135 0.288793 0.112419 0.292026 0.00216484
0 0.095528 0.257812 0.137069 0.301185 0.00186729
2 0.104135 0.288793 0.112419 0.292026 0.00174141
1 0.106519 0.204741 0.106681 0.174569 0.00159168
1 0.782328 0.532328 0.104741 0.196121 0.00118351
1 0.54375 0.655172 0.137069 0.170259 0.849121
1 0.759052 0.528017 0.0543103 0.1875 0.00353813
2 0.116016 0.353448 0.104822 0.137931 0.00281143
2 0.143858 0.346983 0.0640086 0.130388 0.00255013
2 0.109914 0.230603 0.113147 0.244612 0.00185299
1 0.700862 0.522629 0.106034 0.1875 0.00167465
1 0.678879 0.53556 0.152586 0.230603 0.00159168
2 0.112177 0.292565 0.121552 0.216595 0.00143242
1 0.54569 0.649246 0.134483 0.167026 0.858887
1 0.757759 0.523707 0.050431 0.174569 0.0112
2 0.11545 0.350754 0.104014 0.12931 0.00534439
2 0.142565 0.345905 0.0678879 0.125 0.00403976
2 0.108459 0.225216 0.108621 0.233836 0.00191212
0 0.110924 0.209052 0.102721 0.1875 0.00162888
0 0.11545 0.350754 0.104014 0.12931 0.00153637
2 0.113793 0.282328 0.118966 0.193966 0.00150108
2 0.550215 0.641164 0.135776 0.157328 0.00124931
1 0.684052 0.525862 0.15 0.206897 0.00116062
1 0.72931 0.516164 0.0568965 0.174569 0.00105667
0 0.113793 0.282328 0.118966 0.193966 0.00102806
1 0.54375 0.653017 0.140948 0.178879 0.86084
1 0.762284 0.522629 0.0581896 0.18319 0.0566406
2 0.147252 0.348599 0.0568966 0.128233 0.00602722
0 0.109914 0.210668 0.104741 0.181034 0.0050621
0 0.113793 0.354256 0.106681 0.136315 0.00503922
2 0.113793 0.354256 0.106681 0.136315 0.00471878
0 0.147252 0.348599 0.0568966 0.128233 0.00345612
0 0.112662 0.265356 0.117349 0.196659 0.00329781
2 0.112662 0.265356 0.117349 0.196659 0.00139427
1 0.735776 0.518319 0.0491379 0.178879 0.00136662
1 0.791379 0.522629 0.125431 0.215517 0.00121117
1 0.545043 0.650323 0.137069 0.176724 0.833496
1 0.761638 0.524785 0.0581896 0.186422 0.0068512
0 0.111692 0.21875 0.108621 0.211207 0.0042305
0 0.11351 0.344019 0.107893 0.161099 0.00120163
2 0.542134 0.642241 0.140302 0.170259 0.00118828
1 0.720259 0.518858 0.075 0.188578 0.00109482
0 0.140302 0.346713 0.0711207 0.134159 0.00106049
1 0.545043 0.654095 0.138362 0.165948 0.822266
1 0.759052 0.528017 0.0517241 0.174569 0.00643921
1 0.72931 0.519397 0.0568965 0.175647 0.00143242
1 0.545366 0.65194 0.137715 0.172414 0.86084
1 0.762284 0.528017 0.0556035 0.178879 0.00651169
1 0.713793 0.523707 0.087931 0.1875 0.0020752
1 0.704741 0.53125 0.115086 0.210129 0.00101662
1 0.545043 0.65194 0.138362 0.172414 0.844727
1 0.760991 0.529095 0.0556035 0.179957 0.00362206
1 0.715086 0.525323 0.0853448 0.189655 0.0014267
1 0.545043 0.65194 0.138362 0.172414 0.844727
1 0.760991 0.529095 0.0556035 0.179957 0.00362206
1 0.715086 0.525323 0.0866379 0.189655 0.00143814
