2 0.57577 0.57573 0.217296 0.239051 0.940918
2 0.832752 0.588504 0.143129 0.206204 0.332764
2 0.213067 0.586679 0.173056 0.233577 0.230957
2 0.876991 0.557026 0.182164 0.29562 0.0970459
2 0.151749 0.590328 0.121985 0.230839 0.0966797
2 0.767693 0.591241 0.273247 0.241788 0.0946655
2 0.860076 0.57938 0.16655 0.248175 0.0888062
0 0.575444 0.582117 0.215344 0.233577 0.0560303
2 0.653027 0.584854 0.252753 0.262774 0.0539856
2 0.174357 0.595347 0.129467 0.243613 0.0462036
1 0.573818 0.578467 0.218597 0.242701 0.0304413
0 0.834053 0.588504 0.143129 0.211679 0.0181885
2 0.342941 0.551095 0.416213 0.390511 0.0162811
0 0.212091 0.59854 0.16655 0.235401 0.0156708
0 0.767693 0.591241 0.273247 0.241788 0.0131226
2 0.735163 0.566606 0.342209 0.308394 0.012291
2 0.829499 0.582117 0.27715 0.277372 0.0118713
2 0.51494 0.573905 0.323342 0.406934 0.0104065
2 0.102183 0.613595 0.195745 0.269161 0.00985718
2 0.288535 0.581204 0.307728 0.308394 0.00963593
2 0.538036 0.572993 0.147033 0.235401 0.00948334
0 0.860076 0.57938 0.16655 0.248175 0.00874329
2 0.403039 0.432938 0.757934 0.865876 0.00861359
2 0.918653 0.530109 0.162694 0.372263 0.00717545
1 0.827547 0.59261 0.148334 0.208029 0.00559998
2 0.774849 0.574818 0.310981 0.395985 0.00548935
0 0.288535 0.581204 0.307728 0.308394 0.00524139
0 0.592034 0.590328 0.258934 0.370438 0.00510025
1 0.213067 0.586679 0.173056 0.233577 0.00508118
0 0.174357 0.595347 0.129467 0.243613 0.00496292
0 0.829499 0.582117 0.27715 0.277372 0.00484848
0 0.151749 0.590328 0.121985 0.230839 0.00477219
0 0.735163 0.566606 0.342209 0.308394 0.00453949
2 0.592034 0.590328 0.258934 0.370438 0.00424957
0 0.774849 0.574818 0.310981 0.395985 0.00400543
0 0.639527 0.585766 0.290162 0.262774 0.00392914
2 0.643919 0.542427 0.320414 0.413321 0.00379562
0 0.51494 0.573905 0.323342 0.406934 0.00370789
0 0.342941 0.551095 0.416213 0.390511 0.00363541
2 0.808029 0.511861 0.218597 0.381387 0.00348282
1 0.151749 0.590328 0.121985 0.230839 0.00337601
0 0.5 0.5 1 1 0.00331116
2 0.5 0.5 1 1 0.00305176
1 0.5 0.5 1 1 0.00294685
2 0.75338 0.525091 0.281054 0.402372 0.00288963
2 0.5 0.5 1 1 0.00286674
2 0.155002 0.5 0.310005 1 0.00284576
0 0.5 0.5 1 1 0.00273705
2 0.5 0.5 1 1 0.00269318
0 0.876991 0.557026 0.182164 0.29562 0.0026722
2 0.567637 0.578467 0.197128 0.226277 0.750488
2 0.828848 0.588504 0.127515 0.177007 0.30249
2 0.845763 0.585766 0.0936846 0.189781 0.226074
2 0.606347 0.571168 0.136623 0.211679 0.140381
2 0.136135 0.594891 0.10572 0.225365 0.0750122
2 0.109949 0.594891 0.156466 0.234489 0.0609741
2 0.146545 0.60812 0.081974 0.206204 0.0467224
2 0.540638 0.580292 0.137924 0.217153 0.024231
2 0.162484 0.597628 0.0744922 0.218978 0.0126266
2 0.590083 0.567518 0.17696 0.268248 0.0107346
2 0.499 0.806569 0.115805 0.0967153 0.0104904
1 0.572517 0.57573 0.202983 0.239051 0.00857544
2 0.778102 0.583485 0.223802 0.185219 0.00847626
1 0.828848 0.588504 0.127515 0.177007 0.00837708
2 0.640015 0.574361 0.125238 0.218066 0.00818634
2 0.235513 0.586223 0.1659 0.231752 0.0078125
2 0.869184 0.582117 0.0702635 0.198905 0.00723267
2 0.339281 0.574361 0.388401 0.298358 0.00703812
2 0.78721 0.584854 0.229007 0.25 0.00621796
2 0.0932779 0.590785 0.186556 0.254562 0.00475693
2 0.474278 0.57938 0.186068 0.216241 0.0042305
2 0.577721 0.387774 0.197779 0.229927 0.00365067
1 0.845763 0.585766 0.0936846 0.189781 0.00348282
2 0.491193 0.33896 0.0455411 0.0921533 0.00345612
2 0.700032 0.568431 0.137924 0.20073 0.00340271
2 0.862028 0.559307 0.067661 0.218978 0.00321007
2 0.505506 0.330292 0.0559505 0.0875912 0.00286674
2 0.844462 0.577555 0.109299 0.236314 0.00277901
2 0.695478 0.575274 0.433291 0.296533 0.00270462
2 0.350666 0.421533 0.0780705 0.109489 0.00259018
0 0.571216 0.582117 0.197779 0.239051 0.00257111
2 0.592685 0.498175 0.24332 0.448905 0.00252151
2 0.170779 0.580748 0.103443 0.239051 0.00245285
2 0.783957 0.531022 0.218597 0.304745 0.00240517
1 0.103281 0.565693 0.168502 0.293796 0.00223351
1 0.499 0.806569 0.115805 0.0967153 0.00217438
2 0.263162 0.548358 0.145081 0.138686 0.00188255
2 0.095555 0.594891 0.19111 0.390511 0.00186729
2 0.572191 0.553832 0.190622 0.425182 0.00181007
1 0.577721 0.387774 0.197779 0.229927 0.0017271
2 0.390027 0.568431 0.479483 0.366788 0.0017004
2 0.906617 0.564781 0.186766 0.386861 0.00168133
2 0.798921 0.0492701 0.0494446 0.0702555 0.00162315
2 0.932942 0.0563412 0.0338305 0.046989 0.0015974
2 0.885449 0.537865 0.0559505 0.232664 0.00152493
2 0.466146 0.375 0.0956363 0.131387 0.00144386
1 0.136135 0.594891 0.10572 0.225365 0.00143814
2 0.135647 0.630474 0.101492 0.178832 0.00142097
2 0.334727 0.423358 0.070914 0.122263 0.00141621
0 0.0987266 0.586679 0.174357 0.274635 0.00141621
2 0.572191 0.578467 0.198429 0.237226 0.796875
2 0.576095 0.543796 0.204935 0.160584 0.188965
1 0.57089 0.580292 0.204935 0.222628 0.0476074
2 0.148984 0.594891 0.0806728 0.229927 0.0306702
2 0.192574 0.592153 0.10019 0.233577 0.0303345
2 0.836655 0.577555 0.111901 0.208942 0.0281067
2 0.178098 0.589416 0.0735163 0.229927 0.0265503
2 0.86398 0.571168 0.0663599 0.211679 0.0261536
2 0.890003 0.570712 0.0702634 0.218066 0.0240479
2 0.880244 0.595803 0.0728658 0.189781 0.0184326
2 0.168502 0.59854 0.0585528 0.213504 0.0160217
2 0.139063 0.591697 0.115479 0.262774 0.0155411
2 0.355871 0.423814 0.0832752 0.126825 0.0113297
2 0.104379 0.591241 0.164029 0.244526 0.00971222
2 0.275849 0.576186 0.201031 0.194343 0.00769424
2 0.297888 0.533303 0.291626 0.298358 0.00728989
2 0.273979 0.569343 0.25747 0.264599 0.0068779
2 0.913424 0.519617 0.123612 0.257299 0.0068512
2 0.246247 0.586679 0.197128 0.220803 0.00553513
2 0.348715 0.435219 0.114503 0.156934 0.00534439
2 0.818439 0.574818 0.135322 0.186131 0.00471878
1 0.576095 0.543796 0.204935 0.160584 0.00387001
2 0.141828 0.632299 0.109299 0.198905 0.0037365
2 0.926785 0.530566 0.14643 0.318431 0.00349617
2 0.376039 0.421077 0.121009 0.131387 0.00325966
1 0.275849 0.576186 0.201031 0.194343 0.00325966
2 0.870486 0.462591 0.0702635 0.149635 0.00307465
1 0.148984 0.594891 0.0806728 0.229927 0.00307465
1 0.168502 0.59854 0.0585528 0.213504 0.0030632
1 0.192574 0.592153 0.10019 0.233577 0.00296974
1 0.178098 0.589416 0.0735163 0.229927 0.00288963
2 0.553975 0.451186 0.189321 0.0930657 0.00276756
2 0.512988 0.793796 0.106046 0.109489 0.00265312
2 0.883497 0.616788 0.0936846 0.173358 0.00248146
2 0.793066 0.58531 0.196477 0.220803 0.00247192
2 0.410439 0.532847 0.559668 0.382299 0.002388
1 0.233561 0.593066 0.175008 0.211679 0.00220871
2 0.498675 0.377281 0.22185 0.195255 0.00218201
1 0.139063 0.591697 0.115479 0.262774 0.00208282
1 0.297888 0.533303 0.291626 0.298358 0.00202751
1 0.836655 0.577555 0.111901 0.208942 0.00201988
2 0.0948231 0.588047 0.189646 0.270985 0.00200272
2 0.452158 0.466697 0.720851 0.588504 0.00191212
0 0.57089 0.580292 0.204935 0.222628 0.00189686
2 0.544867 0.317518 0.134672 0.114964 0.00174809
2 0.556903 0.357664 0.18867 0.167883 0.00164223
2 0.465495 0.393248 0.193224 0.195255 0.00158501
2 0.163135 0.202555 0.0761187 0.132755 0.00157928
2 0.51006 0.310105 0.13337 0.137089 0.00155449
1 0.273979 0.569343 0.25747 0.264599 0.00154877
2 0.573818 0.578467 0.205586 0.235401 0.786621
1 0.571866 0.574818 0.213393 0.236314 0.295898
1 0.153864 0.599453 0.0865281 0.25 0.262939
1 0.802824 0.0586223 0.0624563 0.0903285 0.185303
2 0.848366 0.588504 0.114503 0.219891 0.137939
2 0.860076 0.584854 0.0858775 0.20438 0.118774
2 0.504205 0.213047 0.126214 0.105839 0.11084
2 0.165574 0.598996 0.0663599 0.225365 0.0980835
1 0.931641 0.0470461 0.0442399 0.0664918 0.0946655
1 0.337655 0.495438 0.115805 0.211679 0.0820923
1 0.175008 0.191606 0.081974 0.117701 0.081543
2 0.873088 0.583029 0.0728658 0.218978 0.0713501
2 0.931641 0.0470461 0.0442399 0.0664918 0.0710449
1 0.165574 0.598996 0.0663599 0.225365 0.0687866
2 0.802824 0.0586223 0.0624563 0.0903285 0.0665894
2 0.153864 0.599453 0.0865281 0.25 0.0558167
1 0.504205 0.213047 0.126214 0.105839 0.0534058
2 0.504205 0.79927 0.12231 0.105839 0.0534058
1 0.340908 0.448905 0.117106 0.169708 0.0512695
1 0.194851 0.153969 0.0718899 0.143248 0.0389099
2 0.341558 0.443431 0.107347 0.162409 0.0379028
2 0.824944 0.584854 0.130117 0.20073 0.0332031
1 0.168502 0.206432 0.0832751 0.10812 0.0314941
2 0.906918 0.0508668 0.0741669 0.0734489 0.0309143
2 0.82039 0.574818 0.115805 0.135949 0.0307922
1 0.311631 0.561588 0.0637575 0.145073 0.0288696
1 0.209164 0.60219 0.160695 0.228102 0.0285492
1 0.209814 0.143248 0.0657093 0.125 0.0237732
1 0.215995 0.140511 0.0461917 0.113139 0.0236969
2 0.801523 0.0762432 0.0572517 0.0829151 0.0225067
1 0.801523 0.0762432 0.0572517 0.0829151 0.0216522
1 0.357172 0.529197 0.160044 0.218978 0.0204926
1 0.884798 0.452555 0.0494446 0.113139 0.0194244
0 0.629768 0.152372 0.0871786 0.166058 0.0193481
0 0.612853 0.14667 0.0624564 0.157847 0.0175781
2 0.828848 0.0561131 0.105395 0.0885037 0.0174408
1 0.82039 0.574818 0.115805 0.135949 0.0153656
0 0.504205 0.213047 0.126214 0.105839 0.0150757
1 0.139876 0.61177 0.119708 0.309307 0.0148392
0 0.504205 0.226962 0.109949 0.112682 0.0147858
1 0.828848 0.0561131 0.105395 0.0885037 0.0122375
1 0.169153 0.182938 0.111576 0.218978 0.0122375
2 0.486639 0.225365 0.0936845 0.108577 0.0118713
2 0.504205 0.226962 0.109949 0.112682 0.0115051
1 0.858775 0.57938 0.0793716 0.206204 0.0112915
1 0.824944 0.584854 0.130117 0.20073 0.0105286
1 0.186393 0.610858 0.115154 0.221715 0.0104523
1 0.486639 0.225365 0.0936845 0.108577 0.0103302
1 0.906918 0.0508668 0.0741669 0.0734489 0.0100555
2 0.139876 0.61177 0.119708 0.309307 0.00993347
2 0.573818 0.570256 0.186068 0.235401 0.689453
0 0.892606 0.556569 0.0923833 0.248175 0.0414734
0 0.573167 0.574361 0.196477 0.229927 0.0250854
0 0.135973 0.595803 0.113853 0.242701 0.0197144
2 0.888051 0.593066 0.0897811 0.218978 0.0196838
0 0.871787 0.578467 0.0585528 0.193431 0.0179901
2 0.164924 0.593978 0.0962869 0.229927 0.0113297
2 0.131744 0.596715 0.123612 0.244526 0.0107346
2 0.871787 0.578467 0.0585528 0.193431 0.01017
0 0.860076 0.584854 0.0884799 0.188869 0.00989532
0 0.906268 0.530566 0.115805 0.32208 0.00919342
0 0.173056 0.593978 0.119057 0.237226 0.00878143
0 0.158743 0.209854 0.0735163 0.0853102 0.00769424
1 0.57577 0.578467 0.202983 0.231752 0.00712204
2 0.892606 0.556569 0.0923833 0.248175 0.00666809
0 0.118122 0.594434 0.154758 0.259124 0.00616837
2 0.150286 0.607664 0.0917328 0.220803 0.00609589
2 0.284957 0.593978 0.274548 0.239964 0.00600433
0 0.485989 0.292997 0.160044 0.176779 0.00582123
2 0.0964495 0.586679 0.192899 0.279197 0.00582123
0 0.888051 0.593066 0.0897811 0.218978 0.00572968
2 0.860076 0.584854 0.0884799 0.188869 0.00564194
0 0.153213 0.594891 0.106046 0.229927 0.00526047
0 0.170129 0.205748 0.0741669 0.0821168 0.0051384
0 0.155653 0.216241 0.0946604 0.0994526 0.00511932
1 0.801523 0.049042 0.0572517 0.0739051 0.0049057
0 0.480459 0.259808 0.142479 0.211223 0.00446701
0 0.473627 0.240876 0.128816 0.158759 0.0041008
0 0.801523 0.049042 0.0572517 0.0739051 0.00385475
2 0.906268 0.530566 0.115805 0.32208 0.00370789
2 0.242506 0.593066 0.197453 0.240876 0.00370789
1 0.118122 0.594434 0.154758 0.259124 0.00366402
2 0.318462 0.580292 0.348715 0.20073 0.00359344
2 0.888702 0.616788 0.0728658 0.169708 0.00358009
2 0.913424 0.577555 0.124913 0.248175 0.00300407
2 0.801523 0.049042 0.0572517 0.0739051 0.00282288
2 0.924833 0.540146 0.150333 0.372263 0.0027256
0 0.507133 0.337591 0.19973 0.10219 0.00263214
0 0.913424 0.577555 0.124913 0.248175 0.00263214
2 0.798921 0.580292 0.0754681 0.135037 0.00260162
0 0.85357 0.909672 0.0520469 0.0675183 0.00258064
1 0.8861 0.463504 0.0728658 0.140511 0.00245285
1 0.135037 0.595803 0.110518 0.237226 0.002388
1 0.164924 0.593978 0.0962869 0.229927 0.00234222
2 0.834703 0.584854 0.114503 0.187956 0.00234222
0 0.242506 0.593066 0.197453 0.240876 0.00232315
0 0.924833 0.540146 0.150333 0.372263 0.00226021
2 0.395232 0.539234 0.560156 0.419708 0.00223351
2 0.0949044 0.594891 0.189809 0.291971 0.00219154
2 0.507133 0.337591 0.19973 0.10219 0.00208282
2 0.568613 0.573905 0.21079 0.239051 0.919434
2 0.123246 0.583485 0.151668 0.297445 0.189575
2 0.140527 0.593066 0.111901 0.258212 0.14563
2 0.102224 0.585766 0.204447 0.310219 0.0400085
2 0.100597 0.596715 0.201194 0.354015 0.0348816
2 0.833402 0.585766 0.1106 0.217153 0.0330811
2 0.104013 0.640055 0.208025 0.47354 0.0162811
2 0.871787 0.576642 0.0780704 0.24635 0.00919342
2 0.833751 0.559763 0.332498 0.320255 0.00871277
2 0.0883985 0.679288 0.176797 0.533759 0.00861359
2 0.901087 0.494526 0.197826 0.456204 0.00619125
1 0.571216 0.57573 0.19908 0.24635 0.00577545
2 0.922882 0.546533 0.154237 0.346715 0.00572968
2 0.0979134 0.541058 0.195827 0.509124 0.0050621
2 0.879594 0.546989 0.0858775 0.314781 0.00443268
2 0.849016 0.559307 0.10019 0.279197 0.00429916
0 0.484687 0.793796 0.161346 0.131387 0.00421524
0 0.14134 0.597628 0.113202 0.263686 0.00345612
2 0.906918 0.552007 0.130117 0.301095 0.00314713
2 0.09832 0.581661 0.19664 0.316606 0.00292397
2 0.814884 0.371807 0.370232 0.718066 0.00282288
2 0.475579 0.797445 0.152237 0.113139 0.00273705
2 0.450206 0.799498 0.226404 0.13458 0.00257111
2 0.46582 0.587591 0.657093 0.507299 0.00239754
2 0.87569 0.583942 0.113202 0.244526 0.00237846
0 0.572517 0.576186 0.201682 0.232664 0.00235939
2 0.893605 0.409672 0.21279 0.656934 0.00232315
1 0.14134 0.597628 0.113202 0.263686 0.00226974
0 0.162606 0.216241 0.294147 0.17427 0.00214958
0 0.123327 0.208714 0.204854 0.135493 0.00194168
2 0.801523 0.579836 0.180863 0.216241 0.00194168
0 0.123246 0.583485 0.151668 0.297445 0.00183105
2 0.108648 0.686359 0.217296 0.627281 0.0018177
2 0.919629 0.511405 0.160743 0.400547 0.00179577
2 0.925484 0.643248 0.149032 0.461679 0.00168705
0 0.450206 0.799498 0.226404 0.13458 0.0016613
1 0.101654 0.604015 0.203308 0.39781 0.00160408
2 0.179562 0.555657 0.26609 0.381387 0.00158501
2 0.0648961 0.739964 0.129792 0.520073 0.00153637
0 0.150245 0.162409 0.294147 0.24635 0.00146103
0 0.104013 0.640055 0.208025 0.47354 0.0014267
2 0.924183 0.538321 0.151634 0.470803 0.00118828
0 0.873088 0.0545164 0.184767 0.109033 0.00117874
2 0.438496 0.789234 0.317487 0.187956 0.00111198
2 0.368883 0.455292 0.187369 0.222628 0.00109482
2 0.844161 0.525547 0.311679 0.529197 0.00104427
2 0.748362 0.562956 0.503277 0.326642 0.00101185
2 0.571541 0.57573 0.201031 0.240876 0.806641
0 0.571541 0.573449 0.198429 0.251825 0.332764
2 0.146057 0.586679 0.0975881 0.240876 0.0333252
1 0.57024 0.573905 0.206236 0.250912 0.0227203
2 0.883497 0.572993 0.0442399 0.206204 0.0227203
2 0.117594 0.587591 0.147358 0.254562 0.0174408
2 0.878293 0.562044 0.067661 0.229927 0.0159607
2 0.869184 0.569799 0.0546493 0.203467 0.0154877
2 0.16037 0.595803 0.0689622 0.229927 0.0130234
2 0.153864 0.605839 0.0923834 0.189781 0.00908661
2 0.0968562 0.57938 0.193712 0.277372 0.00751877
0 0.943351 0.044651 0.052047 0.0740192 0.00748825
0 0.185092 0.184307 0.124262 0.185219 0.00653839
0 0.146057 0.586679 0.0975881 0.240876 0.00638962
0 0.184929 0.182482 0.186393 0.234489 0.00438309
2 0.0998651 0.570256 0.19973 0.305657 0.00387001
2 0.903015 0.556569 0.106696 0.257299 0.00367928
2 0.882196 0.536496 0.0702634 0.29927 0.00286674
0 0.209977 0.148266 0.0728658 0.13458 0.00253105
1 0.874389 0.448905 0.067661 0.133212 0.00247192
0 0.193224 0.166286 0.0949857 0.185675 0.00237846
0 0.869184 0.569799 0.0546493 0.203467 0.00201988
0 0.878293 0.562044 0.067661 0.229927 0.00201988
2 0.83145 0.562956 0.111901 0.220803 0.0017271
0 0.16037 0.595803 0.0689622 0.229927 0.00128937
0 0.0114666 0.176095 0.0229332 0.35219 0.00116062
2 0.110437 0.532847 0.220874 0.407847 0.00113773
2 0.0114666 0.176095 0.0229332 0.35219 0.00106907
0 0.179074 0.228787 0.301547 0.307938 0.00106525
2 0.211766 0.580292 0.173056 0.240876 0.00106525
2 0.00239904 0.627281 0.00479808 0.625 0.00102806
2 0.569264 0.57938 0.21079 0.251825 0.873047
2 0.145732 0.59854 0.0936845 0.260949 0.356689
1 0.569264 0.57573 0.204284 0.251825 0.225464
2 0.888051 0.555201 0.0923834 0.275547 0.116333
2 0.866582 0.576642 0.0702634 0.239051 0.0897827
2 0.878943 0.573905 0.0650587 0.250912 0.0420227
1 0.937496 0.0433394 0.0416376 0.0643248 0.0145569
2 0.905617 0.568887 0.128816 0.257299 0.01017
2 0.835354 0.570256 0.109299 0.25 0.00809479
0 0.937496 0.0433394 0.0416376 0.0643248 0.00769424
0 0.571216 0.574818 0.21079 0.255474 0.00669098
2 0.124547 0.583942 0.125645 0.275547 0.00568771
1 0.144105 0.584398 0.0995398 0.263686 0.00564194
2 0.0953517 0.583942 0.181432 0.282847 0.00351143
0 0.145894 0.592153 0.0914075 0.262774 0.00340271
1 0.882196 0.484489 0.067661 0.213504 0.00317192
2 0.200218 0.581204 0.1942 0.264599 0.0029583
0 0.893907 0.572993 0.114503 0.242701 0.00259018
0 0.805427 0.0461337 0.0624563 0.0774407 0.00235939
2 0.937496 0.0433394 0.0416376 0.0643248 0.00227928
2 0.811282 0.580748 0.167852 0.266423 0.00208282
1 0.873088 0.512318 0.0715646 0.28011 0.00198746
2 0.168502 0.575274 0.103769 0.258212 0.00187492
0 0.867233 0.575274 0.0845763 0.242701 0.00148964
2 0.0971814 0.577555 0.194363 0.346715 0.00141621
1 0.893907 0.572993 0.114503 0.242701 0.00141048
1 0.888702 0.540146 0.0884799 0.322993 0.00138855
1 0.939448 0.042427 0.0468423 0.0839416 0.00121593
1 0.867233 0.575274 0.0845763 0.242701 0.00117397
2 0.573818 0.577099 0.200381 0.241788 0.909668
2 0.883497 0.57573 0.067661 0.217153 0.194336
2 0.89781 0.551551 0.0910822 0.268248 0.142212
2 0.141828 0.601734 0.0936846 0.232664 0.127686
2 0.12719 0.597628 0.132069 0.25 0.125977
2 0.870486 0.57938 0.0481434 0.215328 0.0661011
2 0.21632 0.589416 0.147683 0.234489 0.0490417
2 0.186393 0.589416 0.106696 0.242701 0.0448608
2 0.849667 0.57938 0.0884799 0.229927 0.0358276
2 0.912123 0.536953 0.123612 0.318431 0.0179138
2 0.824944 0.58531 0.12231 0.218066 0.0147324
2 0.86463 0.566606 0.0858775 0.25 0.0112915
2 0.360425 0.432026 0.106696 0.135949 0.0111618
2 0.364329 0.442974 0.126214 0.17062 0.00926971
2 0.244946 0.580748 0.142479 0.208029 0.00731659
2 0.229657 0.568431 0.186068 0.284672 0.00559998
2 0.101654 0.593066 0.175984 0.256387 0.00446701
2 0.923207 0.537409 0.153586 0.321168 0.00397491
2 0.340582 0.458942 0.115805 0.195256 0.00369263
2 0.767042 0.580292 0.239416 0.22719 0.00349617
2 0.0979947 0.598996 0.195989 0.349453 0.00277901
2 0.500301 0.796533 0.143129 0.120438 0.00246239
2 0.318462 0.558394 0.0891304 0.166058 0.00232315
2 0.488916 0.334854 0.0852269 0.0985401 0.00221634
2 0.48729 0.800183 0.130117 0.15146 0.00212479
2 0.733862 0.573905 0.197779 0.244526 0.00206757
0 0.500301 0.796533 0.143129 0.120438 0.0020504
2 0.313908 0.535584 0.0774199 0.113139 0.00201988
2 0.155124 0.563869 0.143861 0.354015 0.00194168
2 0.163948 0.205748 0.0969375 0.119982 0.00174141
2 0.167851 0.604015 0.0891304 0.271898 0.00166798
2 0.437195 0.421989 0.081974 0.118613 0.0016613
1 0.318462 0.558394 0.0891304 0.166058 0.00158501
2 0.932942 0.0433394 0.0650587 0.0775547 0.00143814
1 0.573818 0.569343 0.205586 0.255474 0.00138283
2 0.382545 0.427007 0.121009 0.162409 0.00136185
0 0.932942 0.0433394 0.0650587 0.0775547 0.00126457
2 0.141991 0.197765 0.141177 0.196624 0.0011425
1 0.313908 0.535584 0.0774199 0.113139 0.0011425
2 0.456387 0.401916 0.141177 0.183394 0.0011158
0 0.883497 0.57573 0.067661 0.217153 0.00107288
1 0.500301 0.796533 0.143129 0.120438 0.00102043
2 0.574468 0.57938 0.213393 0.233577 0.862305
2 0.878943 0.569343 0.0572516 0.207117 0.0583496
2 0.149472 0.605839 0.0868534 0.257299 0.0160217
2 0.884798 0.572993 0.0806728 0.21989 0.0112457
2 0.903015 0.568431 0.117106 0.244526 0.00809479
2 0.17143 0.591697 0.0657093 0.237226 0.00709534
2 0.862679 0.574818 0.0936845 0.228102 0.00540543
2 0.385473 0.580292 0.53153 0.364964 0.00388527
2 0.870486 0.57573 0.0650588 0.239051 0.00298119
2 0.135485 0.592609 0.110925 0.249088 0.00235939
2 0.170129 0.591241 0.107997 0.244526 0.00231361
1 0.575119 0.574361 0.21079 0.241788 0.00176144
2 0.94205 0.0419708 0.052047 0.0775547 0.00163555
2 0.923858 0.562956 0.152285 0.255474 0.00152493
2 0.100516 0.590785 0.201031 0.351277 0.0014267
2 0.833402 0.574818 0.118407 0.202555 0.0012064
2 0.223965 0.592153 0.170129 0.237226 0.00116539
2 0.578697 0.570256 0.208839 0.257299 0.855957
2 0.882196 0.573449 0.067661 0.201642 0.343262
2 0.156629 0.60219 0.078721 0.198905 0.29834
2 0.143454 0.599453 0.0988892 0.214416 0.0665894
2 0.899111 0.555657 0.106696 0.258212 0.0180511
1 0.578697 0.570256 0.208839 0.257299 0.0105286
2 0.884798 0.538321 0.0780705 0.268248 0.00605011
1 0.940749 0.0432824 0.0429388 0.0731068 0.00595856
1 0.871787 0.436588 0.0546493 0.108577 0.00579834
1 0.883497 0.452099 0.067661 0.134124 0.0053215
2 0.169478 0.569343 0.078721 0.237226 0.00429916
2 0.876991 0.548358 0.0624563 0.224453 0.00277901
1 0.884798 0.538321 0.0780705 0.268248 0.00269318
0 0.882196 0.578923 0.0754681 0.202555 0.00239754
1 0.304475 0.54927 0.0572517 0.144161 0.00200272
2 0.102793 0.605383 0.205586 0.292883 0.00178242
1 0.301547 0.533759 0.0500952 0.104015 0.00176811
2 0.123002 0.551095 0.144349 0.284672 0.00162888
1 0.158093 0.600821 0.0748175 0.211679 0.00162315
2 0.195339 0.599453 0.134346 0.220803 0.0015974
2 0.114503 0.592609 0.15549 0.233577 0.00150108
0 0.494446 0.801095 0.137274 0.109489 0.0014267
0 0.57642 0.574818 0.209489 0.240876 0.0012846
1 0.201357 0.164005 0.0585528 0.119069 0.00124454
2 0.136786 0.62865 0.107672 0.220803 0.00122547
0 0.154514 0.598996 0.0904316 0.225365 0.0012207
2 0.778102 0.558394 0.0416375 0.145985 0.0012064
1 0.164111 0.214872 0.0803475 0.107208 0.00118828
0 0.900413 0.581204 0.106696 0.231752 0.00114727
0 0.940749 0.0432824 0.0429388 0.0731068 0.00103188
2 0.574468 0.580748 0.212091 0.238139 0.796875
2 0.888702 0.581661 0.0650587 0.192518 0.287842
2 0.877642 0.580292 0.059854 0.202555 0.151978
2 0.147683 0.598084 0.0757934 0.249088 0.138916
2 0.162972 0.600365 0.070914 0.224453 0.0396423
0 0.881546 0.580292 0.0663599 0.198905 0.0201721
1 0.57577 0.580292 0.212091 0.242701 0.0180511
2 0.134834 0.593978 0.11125 0.24635 0.0109863
2 0.878293 0.533759 0.0624563 0.25365 0.00857544
2 0.896509 0.553376 0.104094 0.281934 0.00521851
2 0.174683 0.577099 0.0800222 0.255474 0.00250244
0 0.89781 0.560219 0.101492 0.251825 0.00223351
1 0.883497 0.538321 0.0741669 0.291971 0.00204277
2 0.194688 0.604927 0.121334 0.220803 0.00174141
0 0.147683 0.598084 0.0757934 0.249088 0.00161076
2 0.0858775 0.591241 0.171755 0.291971 0.00147247
1 0.882196 0.470803 0.067661 0.164234 0.00144958
2 0.836655 0.577555 0.109299 0.186131 0.00100803
2 0.572191 0.583029 0.204935 0.244526 0.861328
2 0.138738 0.589416 0.095311 0.237226 0.237915
2 0.876341 0.565693 0.0416376 0.224453 0.12085
2 0.863329 0.57938 0.059854 0.218978 0.106323
2 0.87569 0.559763 0.0715646 0.259124 0.0307922
2 0.833402 0.578467 0.104094 0.202555 0.0174408
2 0.154189 0.590328 0.0829498 0.233577 0.0118713
2 0.883497 0.547902 0.0780705 0.316606 0.00551224
2 0.100353 0.613139 0.200706 0.301095 0.00477219
2 0.122798 0.574361 0.127515 0.271898 0.00391388
1 0.570565 0.581661 0.208188 0.250912 0.00290108
2 0.901063 0.559307 0.109299 0.281022 0.00258064
2 0.165574 0.57208 0.104094 0.266423 0.00200272
2 0.3048 0.559307 0.052047 0.145985 0.00168133
0 0.138738 0.589416 0.095311 0.237226 0.00152493
2 0.129792 0.614507 0.10572 0.250912 0.0015192
2 0.384172 0.619526 0.46517 0.394161 0.00137806
0 0.570565 0.581661 0.202983 0.252737 0.00109482
2 0.572517 0.578011 0.204284 0.245438 0.868652
2 0.145894 0.595803 0.0777452 0.233577 0.165039
2 0.882847 0.57938 0.0559505 0.208029 0.0273285
2 0.870486 0.574818 0.0624564 0.211679 0.0177155
2 0.876991 0.553376 0.0702634 0.263686 0.0151291
2 0.889353 0.533303 0.0910822 0.309307 0.0029583
2 0.900413 0.557026 0.105395 0.262774 0.00185299
0 0.882847 0.57938 0.0559505 0.208029 0.00175476
0 0.145894 0.595803 0.0777452 0.233577 0.00174141
2 0.105029 0.588504 0.157523 0.251825 0.00153637
0 0.573167 0.578011 0.21079 0.24635 0.00115108
2 0.834053 0.577099 0.114503 0.19708 0.00110722
2 0.577071 0.57938 0.204284 0.231752 0.863281
2 0.869184 0.578467 0.075468 0.192518 0.0125275
2 0.153213 0.599909 0.0813234 0.197993 0.00941467
2 0.880244 0.583029 0.0637575 0.192518 0.00671768
2 0.136786 0.593066 0.107997 0.218978 0.00584412
2 0.166225 0.592153 0.0663599 0.213504 0.00468063
1 0.57642 0.580748 0.208188 0.234489 0.00314713
2 0.87569 0.550183 0.0637575 0.228102 0.00176144
2 0.833402 0.576186 0.130117 0.172445 0.00161648
0 0.577071 0.581204 0.206887 0.233577 0.00146675
2 0.888051 0.540146 0.0793716 0.275547 0.0012598
2 0.575119 0.583942 0.206887 0.239051 0.854004
2 0.134631 0.590328 0.103525 0.239964 0.113586
2 0.867233 0.57573 0.0611552 0.209854 0.0596619
2 0.156466 0.593978 0.0780705 0.226277 0.0113297
2 0.107388 0.587591 0.155409 0.25365 0.00926971
2 0.832752 0.576186 0.111901 0.197993 0.00706482
2 0.880895 0.573449 0.0702634 0.218066 0.00494385
2 0.890654 0.546989 0.081974 0.286496 0.00119686
2 0.2974 0.569343 0.0974254 0.169708 0.00115585
2 0.0972628 0.589416 0.194526 0.301095 0.00108147
2 0.90822 0.571168 0.117106 0.244526 0.00105667
2 0.572191 0.57938 0.206236 0.250912 0.833496
2 0.135485 0.592153 0.102467 0.24635 0.0538025
2 0.878293 0.557482 0.0546493 0.239051 0.0158997
2 0.155816 0.594434 0.0748175 0.230839 0.0157776
2 0.869184 0.576642 0.0676611 0.213504 0.00857544
2 0.117146 0.578467 0.135891 0.269161 0.0039444
2 0.887401 0.536496 0.0728658 0.306569 0.0037365
2 0.144105 0.616788 0.0923834 0.229927 0.0018177
2 0.573818 0.581661 0.205586 0.243613 0.822266
2 0.878943 0.563869 0.0559505 0.228102 0.110474
2 0.135322 0.594434 0.101492 0.241788 0.0611877
2 0.150611 0.597628 0.0774199 0.232664 0.0276947
2 0.871787 0.578467 0.0494446 0.20438 0.0223694
2 0.889353 0.542427 0.0728658 0.294708 0.00746155
2 0.105395 0.59261 0.156791 0.257299 0.00521851
2 0.904316 0.555657 0.105395 0.260949 0.00367928
2 0.778102 0.563869 0.0416375 0.116788 0.00215721
1 0.57577 0.578011 0.205586 0.247263 0.00137234
1 0.887401 0.473084 0.067661 0.157847 0.00110722
2 0.574468 0.581661 0.205586 0.239964 0.884277
2 0.132557 0.596715 0.109624 0.242701 0.107056
2 0.879594 0.57208 0.0572516 0.213504 0.0510864
2 0.870486 0.583942 0.0546493 0.198905 0.0252686
2 0.100556 0.593978 0.171674 0.259124 0.0194244
2 0.155816 0.597172 0.081974 0.233577 0.00963593
2 0.905617 0.566606 0.109299 0.240876 0.00370789
2 0.889353 0.547901 0.0754681 0.289234 0.00367928
2 0.834053 0.583029 0.119708 0.182482 0.00228691
1 0.574794 0.579836 0.21014 0.243613 0.00199509
2 0.143454 0.61542 0.0917328 0.228102 0.00113392
2 0.575119 0.582573 0.208188 0.243613 0.868164
2 0.130117 0.597628 0.113527 0.239051 0.0435181
2 0.881546 0.57208 0.0546493 0.211679 0.0237732
2 0.0979134 0.595803 0.175659 0.25365 0.0105667
2 0.146545 0.60219 0.0881545 0.229927 0.008255
2 0.871787 0.580292 0.0572517 0.198905 0.00818634
2 0.159719 0.597628 0.0748175 0.229927 0.00457382
2 0.889353 0.54927 0.0741669 0.280109 0.00186729
2 0.905617 0.567518 0.106696 0.239051 0.00168705
2 0.575444 0.582573 0.208838 0.243613 0.868164
2 0.130158 0.598084 0.113771 0.239051 0.0435181
2 0.882196 0.57208 0.0546493 0.211679 0.0237732
2 0.0978727 0.595803 0.17574 0.25365 0.0106125
2 0.146545 0.60219 0.0881545 0.229927 0.00818634
2 0.871787 0.580292 0.0572517 0.198905 0.00818634
2 0.159719 0.597628 0.0748175 0.229927 0.00457382
2 0.889353 0.54927 0.0741669 0.279197 0.00186729
2 0.905617 0.567518 0.106696 0.239051 0.00168705
