1 0.405388 0.716595 0.191379 0.232759 0.817383
2 0.590787 0.304957 0.145151 0.175647 0.209473
2 0.585938 0.31681 0.11347 0.173491 0.085083
2 0.313578 0.451509 0.0607759 0.145474 0.0708008
1 0.661422 0.516164 0.0956897 0.172414 0.0632324
0 0.405388 0.716595 0.191379 0.232759 0.0510864
1 0.6375 0.506466 0.111207 0.164871 0.026062
2 0.403448 0.724138 0.200431 0.241379 0.0240479
0 0.590787 0.304957 0.145151 0.175647 0.0204163
0 0.585938 0.31681 0.11347 0.173491 0.0160217
0 0.313578 0.451509 0.0607759 0.145474 0.0151901
1 0.706034 0.533405 0.121552 0.150862 0.0137405
1 0.331358 0.71444 0.0530172 0.204741 0.0133286
2 0.607759 0.318966 0.16681 0.176724 0.0122375
1 0.687931 0.522629 0.0982759 0.185345 0.0118713
2 0.325862 0.461207 0.140948 0.179957 0.00967407
1 0.313578 0.451509 0.0607759 0.145474 0.00933838
1 0.590787 0.304957 0.145151 0.175647 0.00812531
0 0.6375 0.506466 0.111207 0.164871 0.00709534
0 0.661422 0.516164 0.0956897 0.172414 0.00547028
1 0.402155 0.759698 0.203017 0.288793 0.00518036
2 0.298626 0.449892 0.113955 0.15625 0.00388527
1 0.354957 0.719828 0.103448 0.211207 0.00374985
2 0.631681 0.514009 0.117672 0.174569 0.00353813
1 0.608405 0.53125 0.162931 0.211207 0.00345612
0 0.607759 0.318966 0.16681 0.176724 0.00337601
0 0.5 0.5 1 1 0.00323486
0 0.325862 0.461207 0.140948 0.179957 0.00307465
1 0.339116 0.710668 0.0730603 0.233836 0.00302696
1 0.669828 0.49569 0.0827586 0.234914 0.00290108
2 0.5 0.5 1 1 0.0028553
1 0.5 0.5 1 1 0.00281143
2 0.5 0.5 1 1 0.00277901
0 0.5 0.5 1 1 0.00271416
0 0.469073 0.5 0.938147 1 0.00269318
2 0.469073 0.5 0.938147 1 0.00269318
1 0.585938 0.31681 0.11347 0.173491 0.0026722
0 0.5 0.5 1 1 0.00265312
1 0.471336 0.5 0.942672 1 0.00263214
2 0.572845 0.297953 0.137069 0.15625 0.00261116
0 0.5 0.5 1 1 0.00252151
1 0.453233 0.724138 0.160345 0.1875 0.00245285
0 0.5 0.5 1 1 0.00243378
2 0.5 0.5 1 1 0.00240517
2 0.5 0.5 1 1 0.002388
0 0.471336 0.5 0.942672 1 0.00235939
2 0.5 0.5 1 1 0.00234222
1 0.5 0.5 1 1 0.00230598
0 0.602425 0.389009 0.204634 0.457974 0.00229645
1 0.5 0.5 1 1 0.00228691
1 0.399569 0.727909 0.178448 0.242457 0.915039
1 0.643966 0.515086 0.0724138 0.172414 0.0267639
1 0.621821 0.524785 0.116703 0.181034 0.016983
1 0.589009 0.536099 0.179741 0.235991 0.0160217
1 0.670474 0.51778 0.0530172 0.173491 0.0149536
1 0.306466 0.456358 0.0556035 0.144397 0.00737381
1 0.690517 0.520474 0.139655 0.215517 0.00557709
1 0.699569 0.538793 0.0892242 0.137931 0.00479126
0 0.397629 0.721983 0.197845 0.226293 0.00265312
1 0.285129 0.466595 0.102802 0.170259 0.00230598
1 0.331034 0.70959 0.050431 0.206897 0.00211525
1 0.345582 0.717134 0.075 0.209052 0.00186729
2 0.400862 0.721983 0.181034 0.243535 0.00183868
1 0.297495 0.562635 0.169235 0.441541 0.00172043
0 0.297495 0.562635 0.169235 0.441541 0.00159168
1 0.702802 0.525862 0.104741 0.176724 0.00158501
0 0.615679 0.512931 0.118642 0.226293 0.00147247
2 0.478448 0.710938 0.956896 0.578125 0.00145531
0 0.478448 0.710938 0.956896 0.578125 0.00144958
1 0.336934 0.519531 0.215787 0.626886 0.00143814
1 0.478448 0.710938 0.956896 0.578125 0.00143242
2 0.589009 0.536099 0.179741 0.235991 0.00135136
2 0.490086 0.5 0.980172 1 0.00133514
1 0.506573 0.641164 0.395043 0.448276 0.00131989
2 0.46875 0.5 0.9375 1 0.00131989
1 0.430684 0.43548 0.368373 0.659213 0.00128937
0 0.442888 0.5 0.885776 1 0.00126934
1 0.397953 0.709052 0.181034 0.411638 0.00125504
0 0.5 0.5 1 1 0.00123024
2 0.5 0.5 1 1 0.00119686
2 0.442888 0.5 0.885776 1 0.00118828
1 0.46875 0.5 0.9375 1 0.00117874
0 0.490086 0.5 0.980172 1 0.00117397
0 0.46875 0.5 0.9375 1 0.0011692
1 0.562823 0.6875 0.26444 0.625 0.00116062
1 0.490086 0.5 0.980172 1 0.00115585
2 0.781897 0.75889 0.436207 0.48222 0.00114727
0 0.336934 0.519531 0.215787 0.626886 0.00112438
2 0.647252 0.784483 0.705496 0.431035 0.00111198
2 0.5 0.485991 1 0.971983 0.00110722
2 0.621821 0.524785 0.116703 0.181034 0.00109482
0 0.589009 0.536099 0.179741 0.235991 0.00109005
0 0.54833 0.318157 0.903341 0.636315 0.00109005
2 0.5 0.825431 1 0.349138 0.00109005
1 0.442888 0.5 0.885776 1 0.00107288
2 0.5 0.349677 1 0.699353 0.00106525
0 0.29806 0.560884 0.257328 0.610991 0.00105667
0 0.5 0.485991 1 0.971983 0.00105286
1 0.796121 0.5 0.407759 1 0.00104809
2 0.544612 0.791487 0.910776 0.417026 0.00104809
1 0.404418 0.714978 0.184914 0.229526 0.930176
1 0.7125 0.528556 0.108621 0.168103 0.0930176
1 0.709267 0.547414 0.0982759 0.12931 0.0670776
1 0.310991 0.476832 0.156466 0.202586 0.0458679
1 0.696336 0.520474 0.0840517 0.1875 0.0273743
2 0.397953 0.720905 0.184914 0.207974 0.0251312
2 0.553772 0.295528 0.107974 0.157866 0.0068779
1 0.735776 0.547414 0.0982759 0.157328 0.0068512
1 0.75194 0.521013 0.195259 0.206897 0.00453949
1 0.445474 0.164062 0.173922 0.204203 0.0039444
1 0.641379 0.737069 0.0646552 0.0775863 0.0039444
1 0.615517 0.735991 0.062069 0.0797414 0.00340271
0 0.444828 0.172144 0.169397 0.210668 0.00296974
1 0.390517 0.246767 0.0568965 0.0969828 0.00258064
1 0.699569 0.42403 0.0982759 0.196121 0.00253105
2 0.444828 0.172144 0.169397 0.210668 0.00243378
1 0.548922 0.290948 0.109914 0.148707 0.00237846
2 0.589009 0.301185 0.16681 0.177802 0.00216484
0 0.390517 0.246767 0.0568965 0.0969828 0.00198746
2 0.390517 0.246767 0.0568965 0.0969828 0.00181007
0 0.305738 0.464978 0.151455 0.184267 0.00174141
1 0.684052 0.727371 0.126724 0.103448 0.00167465
1 0.594181 0.640086 0.160345 0.224138 0.00165462
2 0.308971 0.463362 0.154041 0.189655 0.00161076
1 0.37694 0.732759 0.158405 0.247845 0.00151253
1 0.344289 0.510237 0.217888 0.265086 0.00149536
0 0.548922 0.290948 0.109914 0.148707 0.00138283
2 0.641379 0.737069 0.0646552 0.0775863 0.00127411
1 0.255469 0.497306 0.1007 0.211207 0.00121593
1 0.664655 0.5 0.0801724 0.174569 0.00118828
1 0.750647 0.596444 0.075 0.256466 0.00112057
2 0.715086 0.541487 0.100862 0.150862 0.00108624
0 0.315517 0.452047 0.181034 0.235991 0.00107765
0 0.715086 0.541487 0.100862 0.150862 0.00106049
1 0.594828 0.53556 0.143534 0.230603 0.00104427
1 0.315517 0.452047 0.181034 0.235991 0.00102425
1 0.242134 0.50431 0.13125 0.234914 0.00102425
1 0.402478 0.725215 0.182974 0.232759 0.967773
1 0.7125 0.542026 0.118965 0.148707 0.185913
1 0.690517 0.520474 0.0801724 0.181034 0.0960083
1 0.738362 0.557651 0.0775862 0.161638 0.0526123
1 0.675 0.519397 0.0517241 0.18319 0.033844
1 0.735776 0.557651 0.124138 0.170259 0.0243835
1 0.636207 0.740841 0.0465517 0.044181 0.0173035
2 0.636207 0.740841 0.0465517 0.044181 0.0151901
1 0.220151 0.728987 0.0420259 0.0625 0.0141144
1 0.614224 0.738147 0.0465517 0.049569 0.0122375
2 0.759698 0.860991 0.0413793 0.0797414 0.0121002
0 0.309698 0.451509 0.0452586 0.135776 0.0115509
1 0.309698 0.451509 0.0452586 0.135776 0.0105667
2 0.582543 0.310614 0.179741 0.177263 0.00905609
0 0.753879 0.657866 0.0439655 0.0894396 0.00740433
1 0.582543 0.310614 0.179741 0.177263 0.00701141
1 0.753879 0.657866 0.0439655 0.0894396 0.00701141
1 0.529526 0.296336 0.0775862 0.130388 0.00679779
1 0.622144 0.516703 0.121228 0.196121 0.00624084
0 0.319316 0.460129 0.151455 0.174569 0.00561905
0 0.332651 0.458513 0.239224 0.192888 0.00559998
1 0.925216 0.729526 0.050431 0.0775863 0.0053215
2 0.529526 0.296336 0.0775862 0.130388 0.00479126
0 0.738362 0.557651 0.0775862 0.161638 0.00479126
0 0.636207 0.740841 0.0465517 0.044181 0.00469971
0 0.759698 0.860991 0.0413793 0.0797414 0.00438309
2 0.546336 0.299569 0.102155 0.140086 0.00432968
0 0.394397 0.309806 0.0737069 0.0905172 0.00431442
1 0.346633 0.486934 0.226131 0.312769 0.00411606
0 0.722845 0.549569 0.0982759 0.141164 0.00400543
2 0.722845 0.549569 0.0982759 0.141164 0.00399017
1 0.759698 0.860991 0.0413793 0.0797414 0.0039444
0 0.582543 0.310614 0.179741 0.177263 0.00388527
0 0.925216 0.729526 0.050431 0.0775863 0.00385475
2 0.614224 0.738147 0.0465517 0.049569 0.00342941
0 0.529526 0.296336 0.0775862 0.130388 0.00338936
1 0.389871 0.779095 0.159052 0.239224 0.00337601
2 0.738362 0.557651 0.0775862 0.161638 0.00332451
1 0.205927 0.716595 0.0575431 0.122845 0.00329781
1 0.546336 0.299569 0.102155 0.140086 0.00327301
1 0.609052 0.550647 0.169397 0.24569 0.00322342
1 0.281169 0.462284 0.091972 0.144397 0.003088
0 0.365302 0.323276 0.0594828 0.0818965 0.00307465
0 0.45194 0.150054 0.177155 0.154634 0.00302696
1 0.00286907 0.88389 0.00573815 0.23222 0.00293541
0 0.346633 0.486934 0.226131 0.312769 0.00288963
1 0.960129 0.746767 0.0439655 0.0592672 0.00287819
0 0.447091 0.510776 0.367888 0.461207 0.0027256
2 0.675 0.73653 0.0478448 0.0484913 0.00268364
0 0.546336 0.299569 0.102155 0.140086 0.00266266
1 0.402802 0.721983 0.181034 0.226293 0.845703
1 0.687284 0.523168 0.0685345 0.154095 0.130737
1 0.686638 0.533405 0.0568965 0.122845 0.0479431
1 0.702155 0.550647 0.087931 0.109914 0.041626
1 0.675646 0.519397 0.0517241 0.169181 0.0230713
1 0.698276 0.530172 0.0801724 0.161638 0.0135345
1 0.715733 0.52694 0.122845 0.168103 0.00443268
2 0.405388 0.729526 0.16681 0.211207 0.00441742
0 0.299353 0.462285 0.125431 0.18319 0.00379562
1 0.309133 0.46444 0.149838 0.18319 0.00340271
1 0.606466 0.521552 0.131897 0.176724 0.00277901
2 0.686638 0.533405 0.0568965 0.122845 0.00263214
1 0.641379 0.745151 0.0310345 0.0506465 0.0024147
1 0.649138 0.50431 0.0400862 0.150862 0.00239754
0 0.405388 0.729526 0.16681 0.211207 0.00172043
0 0.686638 0.533405 0.0568965 0.122845 0.00165462
1 0.58319 0.52694 0.191379 0.193966 0.00157356
0 0.35819 0.331897 0.0323276 0.0581897 0.0014782
2 0.707328 0.552802 0.0905172 0.118534 0.00136185
2 0.35819 0.331897 0.0323276 0.0581897 0.00133514
0 0.321255 0.456897 0.168265 0.193966 0.00119686
1 0.35819 0.331897 0.0323276 0.0581897 0.0011692
2 0.299353 0.462285 0.125431 0.18319 0.00109863
2 0.641379 0.745151 0.0310345 0.0506465 0.00109863
2 0.938793 0.737069 0.0387931 0.0668104 0.00109863
2 0.58319 0.52694 0.191379 0.193966 0.00107288
1 0.615517 0.738685 0.0439655 0.0625 0.00107288
0 0.58319 0.52694 0.191379 0.193966 0.00106525
1 0.404741 0.717672 0.186207 0.224138 0.845703
1 0.677586 0.51778 0.0491379 0.173491 0.0298767
2 0.790302 0.312769 0.419397 0.625539 0.0249329
1 0.711207 0.545797 0.113793 0.132543 0.00919342
1 0.722845 0.52694 0.147414 0.185345 0.00538635
0 0.305496 0.463362 0.18556 0.219828 0.00486755
2 0.669397 0.3125 0.661207 0.625 0.0042305
2 0.795474 0.198815 0.409052 0.397629 0.00400543
2 0.707058 0.179688 0.585884 0.359375 0.00362206
2 0.535991 0.307651 0.311638 0.164871 0.00344276
0 0.535991 0.307651 0.311638 0.164871 0.00327301
0 0.765086 0.285022 0.469828 0.570043 0.003088
1 0.696983 0.52694 0.0801724 0.174569 0.00293541
0 0.554095 0.313578 0.248276 0.198276 0.00291252
2 0.404741 0.733297 0.184914 0.205819 0.00288963
2 0.645259 0.946659 0.568966 0.106681 0.00273705
2 0.554095 0.313578 0.248276 0.198276 0.00203514
0 0.669397 0.3125 0.661207 0.625 0.00179577
2 0.803233 0.5 0.393535 1 0.00174141
0 0.451616 0.170865 0.304526 0.259564 0.00168705
0 0.313658 0.424569 0.171821 0.280172 0.0016489
2 0.738416 0.334052 0.523168 0.668103 0.00160408
1 0.535991 0.543642 0.225 0.155172 0.0014782
2 0.551832 0.940733 0.56444 0.118534 0.00145531
2 0.814224 0.640625 0.371552 0.71875 0.00135612
1 0.555388 0.522091 0.257328 0.19181 0.00128937
0 0.645259 0.946659 0.568966 0.106681 0.00128937
2 0.842026 0.1184 0.315948 0.2368 0.00124454
0 0.536638 0.5 0.329741 0.292026 0.00116062
2 0.720259 0.546336 0.134483 0.142241 0.00115108
2 0.209968 0.574892 0.419935 0.850216 0.00115108
0 0.535345 0.365841 0.345259 0.307112 0.00107288
1 0.790302 0.312769 0.419397 0.625539 0.00106907
0 0.707058 0.179688 0.585884 0.359375 0.00101185
2 0.728556 0.959052 0.542888 0.0818966 0.00100803
1 0.402478 0.713362 0.177802 0.228448 0.873047
1 0.683405 0.518858 0.0543104 0.171336 0.0950317
1 0.69181 0.529095 0.075 0.140086 0.0384521
1 0.673707 0.516164 0.0465517 0.18319 0.0303345
1 0.706034 0.539871 0.100862 0.142241 0.0158997
1 0.711853 0.520474 0.121552 0.1875 0.0100555
1 0.612769 0.509698 0.121875 0.18319 0.00671768
1 0.642672 0.50431 0.0620689 0.181034 0.00455475
0 0.402155 0.712823 0.177155 0.242457 0.0020504
2 0.680011 0.806573 0.621013 0.386853 0.00187492
2 0.768642 0.313308 0.462716 0.626616 0.00174809
2 0.407004 0.719289 0.179095 0.237069 0.00133514
1 0.197845 0.507543 0.0872845 0.176724 0.00124454
2 0.431169 0.768319 0.601455 0.463362 0.00117874
2 0.323276 0.825162 0.465517 0.349677 0.0011034
2 0.322953 0.791487 0.644612 0.417026 0.00108624
0 0.353017 0.445582 0.126078 0.243534 0.00102043
1 0.402802 0.71444 0.182328 0.230603 0.930176
1 0.685345 0.520474 0.0672414 0.182112 0.0347595
1 0.959483 0.742996 0.0413793 0.0571121 0.00746155
1 0.67306 0.514009 0.0556034 0.200431 0.00634003
1 0.702802 0.550647 0.0969828 0.127155 0.00626373
1 0.943319 0.735453 0.0400862 0.0614224 0.00291252
1 0.706034 0.523168 0.118966 0.195043 0.00116062
1 0.636207 0.512931 0.0827586 0.209052 0.00106907
1 0.403448 0.721444 0.184914 0.237069 0.873047
1 0.682112 0.520474 0.0607759 0.181034 0.122131
1 0.694397 0.525862 0.0827586 0.178879 0.0249939
1 0.704741 0.545259 0.0982759 0.142241 0.0235138
1 0.686638 0.533944 0.062069 0.130388 0.014389
1 0.709914 0.527478 0.121552 0.202586 0.00769424
2 0.686638 0.533944 0.062069 0.130388 0.00209045
0 0.686638 0.533944 0.062069 0.130388 0.00168705
2 0.704741 0.545259 0.0982759 0.142241 0.00150108
1 0.649785 0.521552 0.0633621 0.206897 0.00138855
1 0.406034 0.720905 0.186207 0.221983 0.850098
1 0.684052 0.516164 0.0594828 0.172414 0.0133743
2 0.405388 0.720905 0.183621 0.219828 0.00331116
1 0.675 0.515086 0.0491379 0.181034 0.00237846
1 0.769396 0.545797 0.0387931 0.0959051 0.00181007
1 0.709267 0.545259 0.111207 0.131466 0.00174141
1 0.960776 0.741379 0.0413793 0.0571121 0.00173378
1 0.953017 0.720366 0.0439655 0.0732758 0.00146103
1 0.706034 0.56681 0.100862 0.0991379 0.00134563
2 0.769396 0.545797 0.0387931 0.0959051 0.00126457
1 0.404741 0.719828 0.18556 0.221983 0.799316
1 0.680172 0.509698 0.0620689 0.200431 0.0943604
1 0.706034 0.532328 0.108621 0.169181 0.0198669
1 0.564116 0.525862 0.0446121 0.109914 0.00443268
1 0.731897 0.532328 0.113793 0.163793 0.0042305
1 0.720259 0.518319 0.139655 0.193966 0.00421524
1 0.229364 0.503233 0.0235991 0.127155 0.00342941
1 0.659483 0.503233 0.0465518 0.18319 0.00237846
1 0.736422 0.553879 0.0853448 0.159483 0.00203514
1 0.701509 0.493535 0.1125 0.258621 0.00196457
1 0.946552 0.730603 0.0362069 0.109914 0.0018034
0 0.367888 0.469828 0.0898707 0.141164 0.00160408
1 0.602586 0.510776 0.122845 0.131466 0.00150681
1 0.587716 0.320043 0.174569 0.163793 0.00148392
0 0.757759 0.673491 0.0439655 0.170259 0.00121117
0 0.311315 0.450431 0.0381466 0.131466 0.00117397
1 0.353664 0.71875 0.09375 0.206897 0.00115585
0 0.564116 0.525862 0.0446121 0.109914 0.00115108
2 0.402155 0.720366 0.179741 0.221983 0.0011425
0 0.682759 0.523707 0.0698276 0.178879 0.00109482
1 0.566056 0.309806 0.14806 0.153017 0.00106525
1 0.938793 0.731681 0.0439655 0.125 0.00104046
1 0.403772 0.724677 0.186207 0.22306 0.896484
1 0.689871 0.515086 0.0737069 0.190733 0.303223
1 0.699569 0.529095 0.0879311 0.168103 0.122498
0 0.699569 0.525323 0.0905172 0.167026 0.00518036
1 0.690517 0.5 0.087931 0.239224 0.00441742
0 0.703448 0.548491 0.0931034 0.133621 0.00257111
1 0.720259 0.518319 0.131897 0.19181 0.00208282
2 0.396336 0.720905 0.175862 0.217672 0.00208282
1 0.740948 0.546336 0.0775862 0.140086 0.00189686
0 0.760345 0.686422 0.0336207 0.146552 0.00167465
1 0.229849 0.5 0.0219828 0.144397 0.00158501
0 0.396336 0.720905 0.175862 0.217672 0.00153065
1 0.751293 0.586207 0.0439655 0.0840517 0.00149536
1 0.402155 0.720905 0.183621 0.240302 0.81543
1 0.682759 0.509698 0.0672413 0.209052 0.229492
1 0.699569 0.553879 0.0956897 0.12931 0.024704
1 0.69569 0.529095 0.0931034 0.176724 0.0227203
2 0.399569 0.718211 0.174569 0.231681 0.00214958
0 0.689224 0.517241 0.0724138 0.202586 0.00191212
0 0.699569 0.553879 0.0956897 0.12931 0.00161648
2 0.699569 0.553879 0.0956897 0.12931 0.00143242
2 0.689224 0.517241 0.0724138 0.202586 0.00117874
1 0.752586 0.590517 0.0413793 0.0840517 0.00112057
0 0.397629 0.71875 0.178448 0.232759 0.0011158
1 0.649138 0.503772 0.062069 0.186422 0.00104809
1 0.721552 0.509698 0.15 0.229526 0.00103664
1 0.398599 0.720366 0.188793 0.219828 0.829102
1 0.681466 0.511853 0.0646552 0.200431 0.00609589
2 0.401832 0.717672 0.184267 0.219828 0.00524139
1 0.690517 0.536638 0.0594827 0.15194 0.00206757
0 0.401832 0.717672 0.184267 0.219828 0.0014267
1 0.403771 0.715517 0.181681 0.219828 0.849121
1 0.677586 0.509698 0.0568965 0.1875 0.0621033
1 0.689224 0.520474 0.0762931 0.1875 0.0150146
1 0.687931 0.537177 0.0672414 0.133621 0.0141754
1 0.700862 0.557651 0.0982759 0.12069 0.00595856
1 0.69569 0.539871 0.0931034 0.148707 0.00475693
0 0.306466 0.453664 0.0452586 0.137931 0.00106525
1 0.403772 0.716595 0.18556 0.226293 0.853027
1 0.681466 0.507543 0.0594828 0.198276 0.143188
1 0.703448 0.527478 0.100862 0.181034 0.00712204
1 0.681466 0.499461 0.0737069 0.235991 0.00284576
1 0.659483 0.501078 0.0465518 0.19181 0.00104046
1 0.402155 0.71875 0.181681 0.230603 0.879883
1 0.682759 0.509698 0.0646552 0.206897 0.0656128
1 0.698922 0.52694 0.0956897 0.1875 0.00169373
2 0.402802 0.71875 0.182328 0.221983 0.0011692
1 0.402155 0.720905 0.179741 0.226293 0.844727
1 0.680819 0.511853 0.0568966 0.189655 0.0387573
1 0.69181 0.519397 0.0775862 0.189655 0.0110703
1 0.698922 0.538254 0.0931035 0.159483 0.00316048
2 0.402802 0.71444 0.182328 0.22306 0.00103188
1 0.404418 0.720905 0.182974 0.221983 0.85791
1 0.684052 0.514009 0.0607759 0.189655 0.0800781
1 0.694396 0.521552 0.0801724 0.18319 0.0268555
1 0.701509 0.539871 0.0931035 0.153017 0.00624084
1 0.403772 0.720905 0.182974 0.221983 0.86084
1 0.682759 0.512931 0.0594827 0.19181 0.0535889
1 0.693103 0.520474 0.0788793 0.1875 0.0178528
1 0.700862 0.540948 0.0931035 0.155172 0.00388527
2 0.401509 0.720905 0.182328 0.219828 0.00106525
1 0.403772 0.720905 0.182974 0.221983 0.86084
1 0.682759 0.512931 0.0594827 0.19181 0.0538025
1 0.693103 0.520474 0.0788793 0.1875 0.0179138
1 0.700862 0.540948 0.0931035 0.155172 0.00391388
2 0.401509 0.720905 0.182328 0.219828 0.00106907
