1 0.586459 0.810976 0.197159 0.201219 0.974121
2 0.398203 0.391768 0.304318 0.294207 0.722656
0 0.398203 0.391768 0.304318 0.294207 0.24292
0 0.585974 0.813262 0.196835 0.196646 0.0806274
1 0.156691 0.767531 0.10295 0.170732 0.0566406
2 0.36421 0.370332 0.385901 0.321837 0.0498657
2 0.234228 0.384909 0.175145 0.268293 0.0409851
2 0.430577 0.376905 0.369066 0.365091 0.0348206
2 0.219174 0.356707 0.148274 0.212652 0.0310211
2 0.585974 0.807927 0.196835 0.204268 0.0246124
2 0.312411 0.37662 0.233742 0.304688 0.0209656
0 0.430577 0.376905 0.369066 0.365091 0.0193787
0 0.156691 0.767531 0.10295 0.170732 0.0154266
0 0.36421 0.370332 0.385901 0.321837 0.0123367
2 0.422484 0.406345 0.232447 0.204078 0.01017
1 0.604751 0.803354 0.174821 0.164634 0.00763702
1 0.752377 0.80564 0.134677 0.0884147 0.00734711
1 0.401441 0.383384 0.293958 0.276677 0.00731659
1 0.65137 0.79878 0.0932378 0.179878 0.00703812
2 0.156691 0.767531 0.10295 0.170732 0.00695801
1 0.63065 0.792683 0.126907 0.161585 0.00695801
1 0.822306 0.908537 0.129497 0.0884146 0.00614548
1 0.782162 0.852134 0.161871 0.103659 0.00511932
1 0.85209 0.131812 0.0362592 0.0938453 0.00468063
0 0.234228 0.384909 0.175145 0.268293 0.00450516
0 0.213508 0.349943 0.136296 0.184261 0.00443268
1 0.734248 0.794207 0.150216 0.173781 0.00421524
1 0.806766 0.908537 0.119137 0.0746952 0.00348282
2 0.284408 0.336223 0.568815 0.566883 0.00346947
2 0.369066 0.389101 0.236979 0.247713 0.00335121
2 0.453887 0.379192 0.278418 0.291921 0.00314713
2 0.255676 0.35585 0.203472 0.343178 0.00302696
2 0.5 0.5 1 1 0.00298119
2 0.5 0.547256 1 0.905488 0.0029583
0 0.5 0.5 1 1 0.00276756
1 0.800291 0.804116 0.0595686 0.0777439 0.00271416
0 0.5 0.547256 1 0.905488 0.00268364
2 0.443203 0.488948 0.886407 0.977896 0.0026722
0 0.5 0.598704 1 0.802591 0.00258064
0 0.5 0.594512 1 0.341463 0.00258064
2 0.5 0.448933 1 0.897866 0.00256157
0 0.443203 0.488948 0.886407 0.977896 0.00255013
2 0.714965 0.608041 0.57007 0.783918 0.00254059
1 0.5 0.5 1 1 0.00254059
0 0.62804 0.49314 0.74392 0.98628 0.00253105
2 0.5 0.696837 1 0.606326 0.0024929
0 0.546619 0.446646 0.906762 0.893293 0.00245285
1 0.828781 0.891768 0.121727 0.070122 0.00244331
2 0.5 0.5 1 1 0.00242424
2 0.696674 0.473323 0.606653 0.919207 0.00239754
1 0.585164 0.807927 0.191979 0.20122 0.654785
2 0.35903 0.334604 0.718061 0.463415 0.03302
0 0.35903 0.334604 0.718061 0.463415 0.0211639
2 0.328599 0.350229 0.615758 0.403201 0.0187988
0 0.357978 0.352229 0.52592 0.438834 0.0158997
2 0.586783 0.794207 0.178382 0.195122 0.00793457
1 0.37198 0.320979 0.74396 0.444931 0.00746155
1 0.357735 0.357851 0.561369 0.395579 0.00720596
1 0.157663 0.761433 0.0964752 0.192073 0.00473785
0 0.579499 0.801829 0.190361 0.210366 0.00457382
1 0.111367 0.734565 0.222735 0.494283 0.00298119
1 0.848853 0.135242 0.0323743 0.0816502 0.00193405
1 0.30626 0.279345 0.612521 0.558689 0.00166798
2 0.30626 0.279345 0.612521 0.558689 0.0016489
0 0.111367 0.734565 0.222735 0.494283 0.00161648
0 0.154263 0.76391 0.0948565 0.200838 0.00156689
1 0.5 0.635671 1 0.728658 0.00147247
0 0.5 0.635671 1 0.728658 0.00146675
2 0.5 0.635671 1 0.728658 0.00144386
0 0.30626 0.279345 0.612521 0.558689 0.00134087
0 0.446117 0.472561 0.892234 0.945122 0.00134087
2 0.620432 0.845274 0.759136 0.309451 0.00131989
1 0.263041 0.743902 0.526081 0.512195 0.00131512
1 0.620432 0.845274 0.759136 0.309451 0.00131512
2 0.743454 0.843369 0.513091 0.313262 0.00130463
1 0.5 0.792683 1 0.414634 0.0012846
2 0.5 0.792683 1 0.414634 0.00126934
2 0.481405 0.5 0.96281 1 0.0012598
2 0.446765 0.5 0.893529 1 0.00125504
2 0.446117 0.472561 0.892234 0.945122 0.00124454
1 0.450973 0.336033 0.589859 0.449886 0.00123978
1 0.743454 0.843369 0.513091 0.313262 0.00122547
1 0.5 0.83003 1 0.339939 0.0012064
1 0.164461 0.751905 0.328922 0.496189 0.00119209
2 0.255756 0.314977 0.511513 0.629954 0.00117397
0 0.263041 0.743902 0.526081 0.512195 0.00117397
1 0.446765 0.5 0.893529 1 0.00117397
0 0.446765 0.5 0.893529 1 0.00115585
2 0.5 0.83003 1 0.339939 0.00113392
2 0.5 0.42378 1 0.847561 0.00112438
0 0.763526 0.809451 0.472947 0.381098 0.0011158
1 0.448059 0.280869 0.896119 0.561738 0.00109482
1 0.446117 0.472561 0.892234 0.945122 0.00109005
0 0.5 0.364329 1 0.728658 0.00109005
0 0.450973 0.336033 0.589859 0.449886 0.00107288
0 0.752681 0.678925 0.494638 0.642149 0.00107288
0 0.481405 0.5 0.96281 1 0.00107288
0 0.5 0.83003 1 0.339939 0.00106907
0 0.620432 0.845274 0.759136 0.309451 0.00106049
1 0.481405 0.5 0.96281 1 0.00105667
1 0.585974 0.807165 0.191656 0.192073 0.848145
0 0.35385 0.348323 0.382664 0.420732 0.507812
1 0.152159 0.754573 0.0828781 0.214939 0.241455
0 0.413095 0.34718 0.273239 0.369665 0.0838623
1 0.815183 0.123857 0.0776982 0.0739329 0.0715942
1 0.343491 0.342988 0.372951 0.434451 0.0361633
1 0.358059 0.923781 0.0356117 0.0365854 0.0311432
1 0.261584 0.900153 0.0394966 0.0564024 0.0207214
1 0.795111 0.127334 0.111367 0.0692645 0.0181885
1 0.277204 0.35061 0.266602 0.402439 0.0174408
2 0.350856 0.352515 0.393833 0.462652 0.0154877
1 0.782162 0.807927 0.041439 0.0487805 0.0135345
1 0.795111 0.804878 0.0517988 0.0548781 0.0130234
1 0.83655 0.910061 0.0828781 0.0762195 0.0122375
1 0.147788 0.745427 0.110396 0.243902 0.0120544
1 0.830076 0.127096 0.0543887 0.0933689 0.0118713
2 0.399174 0.340034 0.295901 0.390053 0.0109024
1 0.742018 0.0728849 0.212375 0.14577 0.0102463
1 0.818421 0.908537 0.107482 0.0792683 0.00955963
1 0.83655 0.112853 0.044029 0.0806974 0.00871277
1 0.399174 0.340034 0.295901 0.390053 0.0086441
1 0.590344 0.759146 0.189389 0.10061 0.0086441
1 0.770507 0.907012 0.0492089 0.0670731 0.00857544
1 0.791227 0.0750762 0.315973 0.150152 0.00775528
1 0.307555 0.922256 0.0485613 0.0396342 0.00734711
1 0.386548 0.920732 0.0401441 0.035061 0.00631332
0 0.152159 0.751524 0.102303 0.237805 0.00609589
1 0.160576 0.729992 0.133706 0.296113 0.0049057
1 0.6436 0.184451 0.0543887 0.0640244 0.00475693
1 0.797701 0.790396 0.0517988 0.0594512 0.00460815
1 0.917486 0.847561 0.0582736 0.0792683 0.00438309
1 0.259075 0.882622 0.0516369 0.0487805 0.00416565
1 0.786694 0.789634 0.0556837 0.070122 0.0041008
1 0.15313 0.474848 0.086763 0.054878 0.00400543
1 0.391405 0.81936 0.0738133 0.0670731 0.00388527
1 0.140666 0.778963 0.153778 0.309451 0.00388527
0 0.267411 0.339177 0.239569 0.426067 0.00370789
1 0.369066 0.817835 0.0479139 0.0670731 0.0036068
1 0.903241 0.855945 0.0569786 0.054878 0.00356483
1 0.723888 0.0922256 0.181296 0.12843 0.00345612
1 0.348994 0.959604 0.0459714 0.0228659 0.00340271
1 0.843025 0.0338939 0.0362592 0.0556879 0.00332451
0 0.466756 0.352515 0.483185 0.415396 0.00332451
1 0.691514 0.124809 0.113957 0.0708842 0.00314713
1 0.475254 0.955793 0.0517988 0.0304878 0.00312424
1 0.63583 0.126096 0.0621585 0.0953697 0.00305176
0 0.343167 0.48971 0.4377 0.715701 0.00305176
1 0.608636 0.100705 0.0984177 0.120998 0.00298119
1 0.171907 0.478658 0.085468 0.0548781 0.00298119
1 0.748492 0.0772675 0.240864 0.154535 0.00288963
1 0.582736 0.809451 0.196835 0.195122 0.924805
1 0.144389 0.769626 0.0647485 0.165015 0.513672
1 0.189066 0.352801 0.119785 0.181593 0.402588
1 0.170127 0.743902 0.0673384 0.182927 0.291016
1 0.819068 0.129383 0.0789932 0.0830793 0.264404
1 0.153616 0.753811 0.085468 0.204268 0.20752
1 0.593096 0.510671 0.0479139 0.0464939 0.174438
1 0.186476 0.733232 0.0718708 0.167683 0.15979
1 0.354498 0.924543 0.042734 0.0396341 0.156128
1 0.411153 0.355945 0.361297 0.394817 0.14856
2 0.593096 0.510671 0.0479139 0.0464939 0.12085
1 0.168184 0.744665 0.0900004 0.202744 0.118408
1 0.195379 0.478277 0.0605398 0.035061 0.100891
1 0.260936 0.908537 0.0401441 0.054878 0.0953369
1 0.0169155 0.53125 0.0338311 0.0411586 0.0859985
1 0.920076 0.847561 0.0440289 0.0533536 0.0800781
1 0.796406 0.804878 0.0492088 0.0457317 0.0603027
1 0.83396 0.130002 0.0479139 0.0936547 0.058136
1 0.685039 0.189405 0.044029 0.0464939 0.0531921
1 0.224839 0.126905 0.0330217 0.0335366 0.0455322
1 0.765327 0.907774 0.041439 0.0503049 0.0389099
1 0.793816 0.907774 0.0569786 0.0472561 0.0380249
1 0.8495 0.911585 0.0517988 0.054878 0.0375977
0 0.593096 0.510671 0.0479139 0.0464939 0.0366211
1 0.802881 0.138148 0.0984177 0.0560213 0.029541
1 0.361377 0.347561 0.33135 0.357469 0.0284424
1 0.839788 0.0421113 0.0388491 0.0369665 0.0276947
1 0.403059 0.627287 0.0433815 0.0487805 0.0275879
1 0.810651 0.143102 0.0867629 0.111662 0.0220795
0 0.722593 0.474085 0.0505038 0.038872 0.0211182
1 0.433167 0.435594 0.220145 0.160823 0.0196381
1 0.705111 0.187881 0.0660435 0.0449695 0.0191193
1 0.796406 0.794207 0.0492088 0.0609757 0.0167847
1 0.261584 0.353277 0.0563312 0.177591 0.0162811
1 0.363239 0.823171 0.0382016 0.0609757 0.0156021
2 0.310469 0.126524 0.0459714 0.0411585 0.0146179
1 0.310469 0.126524 0.0459714 0.0411585 0.0142822
1 0.786047 0.80564 0.0517988 0.0518292 0.0141754
1 0.198778 0.362805 0.0929141 0.231707 0.0136337
2 0.224839 0.126905 0.0330217 0.0335366 0.0124283
1 0.83396 0.150915 0.0492089 0.150152 0.012146
1 0.427987 0.418445 0.260289 0.205793 0.012146
1 0.146817 0.475991 0.065396 0.0426829 0.0116882
0 0.0169155 0.53125 0.0338311 0.0411586 0.0114212
0 0.40395 0.353659 0.322609 0.397104 0.0113297
1 0.416333 0.629192 0.0517988 0.0464938 0.0112915
1 0.137914 0.753049 0.084173 0.182927 0.0110703
1 0.75691 0.53468 0.0634535 0.0503049 0.0110321
1 0.104893 0.486662 0.0336692 0.0556402 0.0104904
1 0.405326 0.822409 0.102303 0.0640244 0.0102463
1 0.585974 0.801829 0.178706 0.189024 0.838867
1 0.152159 0.762005 0.0815831 0.183308 0.560059
1 0.16867 0.751334 0.0757557 0.186357 0.474609
0 0.409534 0.341368 0.459067 0.434642 0.0614319
1 0.354822 0.927592 0.0479139 0.0442073 0.0497742
1 0.262879 0.903201 0.0369066 0.0457317 0.0293121
1 0.795759 0.804878 0.045324 0.0442073 0.0281067
2 0.0198292 0.53125 0.0315649 0.0381098 0.0232391
0 0.482052 0.402058 0.317915 0.277439 0.0210419
0 0.421189 0.415015 0.277771 0.23628 0.0202484
1 0.0198292 0.53125 0.0315649 0.0381098 0.0158997
0 0.405326 0.391006 0.116547 0.167683 0.0120087
1 0.846263 0.130526 0.0336693 0.0872713 0.0086441
1 0.786047 0.803354 0.0466189 0.0503049 0.00717545
0 0.152159 0.762005 0.0815831 0.183308 0.0051384
1 0.762737 0.907012 0.0336692 0.054878 0.00498199
1 0.106188 0.48628 0.0265469 0.0365853 0.00494385
1 0.372951 0.926067 0.0556837 0.0381097 0.00450516
1 0.228238 0.129573 0.0239569 0.0304878 0.00443268
1 0.0970822 0.17016 0.0609445 0.13186 0.00436401
1 0.32439 0.919207 0.0751083 0.0457317 0.00429916
2 0.591154 0.512195 0.044029 0.0426829 0.00397491
1 0.186476 0.477515 0.0375541 0.0396342 0.00391388
1 0.825543 0.131526 0.0556837 0.0631669 0.0036068
1 0.84691 0.0465892 0.0284894 0.0400152 0.00337601
1 0.0776982 0.188691 0.0896766 0.171399 0.00335121
1 0.355469 0.818598 0.041439 0.0548781 0.00319672
1 0.344462 0.949695 0.0660434 0.0365854 0.00319672
1 0.262879 0.88872 0.042734 0.0548781 0.00300407
1 0.41698 0.922256 0.328922 0.155488 0.00274658
1 0.151511 0.744665 0.10813 0.204268 0.0026722
0 0.348671 0.361185 0.369714 0.353849 0.00247192
1 0.591154 0.512195 0.044029 0.0426829 0.00243378
1 0.919428 0.85061 0.0453239 0.0594512 0.00235939
1 0.167375 0.783537 0.0789931 0.198171 0.00230598
1 0.104893 0.516768 0.0265469 0.0381098 0.00223351
0 0.167051 0.746761 0.0809356 0.192454 0.00219154
2 0.167051 0.746951 0.0906479 0.198171 0.00216484
1 0.14536 0.471799 0.0388491 0.035061 0.00201988
1 0.305289 0.876524 0.0479139 0.0396341 0.00200272
1 0.305937 0.13548 0.0453239 0.0339177 0.0019722
1 0.797701 0.794207 0.0492089 0.0609757 0.00194931
1 0.145684 0.43064 0.0394966 0.0342988 0.00191879
0 0.27939 0.350229 0.541297 0.506098 0.00186729
0 0.22144 0.356326 0.145037 0.214939 0.00182438
1 0.851443 0.154535 0.165756 0.261814 0.00162315
1 0.685039 0.188643 0.0466189 0.0510671 0.0015974
0 0.304884 0.341368 0.300595 0.327934 0.00156689
1 0.3927 0.87157 0.541945 0.25686 0.00156689
1 0.350289 0.772104 0.367124 0.195122 0.00149536
1 0.578851 0.804878 0.19554 0.192073 0.870605
0 0.416333 0.354516 0.312088 0.390053 0.803223
1 0.164785 0.745617 0.0725183 0.191692 0.544922
0 0.461333 0.351372 0.369714 0.431402 0.110474
1 0.164299 0.769626 0.096799 0.225991 0.0245667
2 0.164137 0.749238 0.0764032 0.207317 0.0244293
1 0.798996 0.804878 0.041439 0.0426829 0.0233307
1 0.360649 0.923018 0.0362592 0.0320122 0.0194244
0 0.164137 0.749238 0.0764032 0.207317 0.018692
0 0.393671 0.403963 0.293958 0.287348 0.016922
0 0.341872 0.334604 0.481729 0.400915 0.0161591
1 0.764032 0.903963 0.0310792 0.0640244 0.0145569
1 0.387843 0.922256 0.0349642 0.0304878 0.0106964
0 0.438347 0.389482 0.332807 0.306402 0.0105667
1 0.268706 0.907012 0.0258994 0.0396341 0.0105667
1 0.805471 0.134909 0.0582737 0.0503049 0.0088501
2 0.0208814 0.529344 0.0236332 0.0320122 0.0088501
0 0.596981 0.513719 0.0323743 0.0381098 0.00658798
2 0.416333 0.354516 0.312088 0.390053 0.006073
0 0.232123 0.961128 0.464247 0.0777438 0.00598145
0 0.164299 0.769626 0.096799 0.225991 0.00524139
0 0.449354 0.291921 0.301728 0.306402 0.00400543
1 0.158634 0.736281 0.0958278 0.246951 0.00391388
0 0.513455 0.403201 0.413095 0.427591 0.00385475
1 0.840435 0.128382 0.0323743 0.0671684 0.00379562
1 0.145037 0.47561 0.0388491 0.0320122 0.00338936
1 0.186637 0.482088 0.0362591 0.0342988 0.00324821
1 0.103921 0.51753 0.0197483 0.0320122 0.00309944
0 0.467484 0.970655 0.510218 0.058689 0.00296974
0 0.174821 0.363186 0.199425 0.214177 0.00288963
1 0.784752 0.806403 0.046619 0.0457317 0.00279999
2 0.253167 0.35061 0.506333 0.420732 0.00279045
2 0.387843 0.922256 0.0349642 0.0304878 0.00265312
1 0.232123 0.961128 0.464247 0.0777438 0.00234222
1 0.105864 0.485518 0.0203958 0.0335366 0.00219917
0 0.255028 0.38024 0.0843349 0.344703 0.00218201
1 0.800291 0.792683 0.0440289 0.0564024 0.00215721
1 0.699284 0.733232 0.0802881 0.070122 0.00211525
1 0.84432 0.0434451 0.0336693 0.0415396 0.00206757
0 0.446765 0.233422 0.273239 0.16654 0.0020504
0 0.4827 0.425972 0.30367 0.294398 0.00186729
2 0.217717 0.396723 0.435434 0.721799 0.00184631
0 0.253167 0.35061 0.506333 0.420732 0.0018177
1 0.481081 0.953506 0.0323742 0.035061 0.00181007
1 0.851443 0.907774 0.044029 0.0807927 0.00178242
2 0.144065 0.721037 0.288131 0.557927 0.00178242
1 0.288212 0.821646 0.190199 0.0564024 0.00175476
2 0.360649 0.923018 0.0362592 0.0320122 0.00173378
2 0.514427 0.977515 0.500506 0.0449695 0.00168705
0 0.26126 0.352801 0.172231 0.408727 0.00166798
1 0.582089 0.806403 0.187771 0.189024 0.864258
1 0.17644 0.736281 0.0576261 0.150915 0.59082
0 0.40921 0.333079 0.306908 0.410823 0.524414
1 0.157663 0.782012 0.0705758 0.131098 0.20752
1 0.262312 0.900915 0.0348023 0.054878 0.151001
1 0.169641 0.756288 0.0692809 0.179497 0.115967
1 0.795111 0.803354 0.044029 0.054878 0.105225
1 0.905184 0.855183 0.0440289 0.0457317 0.0484924
1 0.366153 0.922256 0.042734 0.0365854 0.0481262
0 0.427664 0.366997 0.246692 0.323171 0.0437012
1 0.160252 0.801829 0.086763 0.10061 0.0310822
1 0.84173 0.0415396 0.0375541 0.035061 0.0281067
0 0.456477 0.352134 0.283598 0.378049 0.0264587
1 0.819068 0.132241 0.0751083 0.0800305 0.0262604
1 0.839788 0.13186 0.0388491 0.0887957 0.0240479
1 0.391728 0.921494 0.041439 0.0320122 0.0228882
2 0.40921 0.333079 0.306908 0.410823 0.0222473
1 0.358383 0.821646 0.0407915 0.0472561 0.0191956
1 0.767269 0.908537 0.0349642 0.0579268 0.0155411
1 0.266764 0.885671 0.0349642 0.0487805 0.0151291
0 0.180163 0.722561 0.0631298 0.157012 0.0130234
1 0.913601 0.847561 0.0505038 0.0564024 0.0117798
0 0.507628 0.328125 0.506333 0.439787 0.0116882
0 0.336692 0.31936 0.457124 0.397866 0.0115967
1 0.907774 0.841463 0.0492088 0.0640244 0.0100937
1 0.385901 0.932927 0.0634535 0.0518292 0.00912476
1 0.151835 0.472561 0.0666909 0.0464939 0.00746155
0 0.593744 0.512957 0.0349642 0.0426829 0.00731659
1 0.85986 0.910061 0.0388491 0.0609756 0.00605011
0 0.169965 0.730945 0.0738133 0.172256 0.00570679
1 0.183238 0.479421 0.064101 0.0487805 0.00559998
2 0.0202339 0.528963 0.0268706 0.0480183 0.00553513
1 0.805471 0.910061 0.0725183 0.0579268 0.00547028
1 0.788637 0.803354 0.0543887 0.0609756 0.00534439
1 0.843673 0.117712 0.0375541 0.100705 0.00516129
1 0.813241 0.121999 0.085468 0.108899 0.00469971
2 0.56493 0.331936 0.602808 0.456555 0.00450516
0 0.207843 0.348323 0.1159 0.172256 0.00446701
1 0.107644 0.485137 0.0210433 0.0472561 0.0037365
1 0.249929 0.897866 0.0563312 0.0640244 0.00367928
0 0.491765 0.372713 0.374894 0.338415 0.00348282
0 0.407268 0.323933 0.498563 0.429116 0.00341606
1 0.131116 0.780488 0.0666909 0.131098 0.00316048
1 0.103921 0.511433 0.0220145 0.0594512 0.00302696
2 0.336692 0.31936 0.457124 0.397866 0.0029583
1 0.476549 0.952744 0.040144 0.0365854 0.00291252
0 0.188742 0.348323 0.129497 0.162348 0.00286674
2 0.494031 0.357088 0.489499 0.436738 0.0026722
2 0.407268 0.323933 0.498563 0.429116 0.00265312
1 0.423455 0.922256 0.0608636 0.0304878 0.00235939
1 0.582736 0.804116 0.190361 0.205793 0.908203
1 0.176116 0.740092 0.0592448 0.184451 0.511719
1 0.15572 0.762957 0.072842 0.184451 0.414062
1 0.165109 0.745427 0.0809356 0.213415 0.332764
1 0.795111 0.801829 0.044029 0.0457317 0.0720825
0 0.402736 0.395579 0.321152 0.283537 0.0592041
0 0.174173 0.740092 0.0757557 0.205793 0.0492249
1 0.261908 0.89939 0.0343167 0.0518292 0.028656
2 0.593096 0.511433 0.0388491 0.0411585 0.0193481
2 0.020072 0.532012 0.0258994 0.0411585 0.0192719
1 0.361297 0.923781 0.0382016 0.0365854 0.0191956
2 0.174173 0.740092 0.0757557 0.205793 0.0165863
0 0.15572 0.762957 0.072842 0.184451 0.0150757
0 0.373922 0.402439 0.258346 0.24314 0.0146713
1 0.840435 0.124571 0.0388491 0.104516 0.0135345
1 0.815831 0.123285 0.0802881 0.0849848 0.01017
1 0.918781 0.846799 0.044029 0.0579269 0.00971222
0 0.27421 0.392149 0.0796406 0.313262 0.00948334
2 0.312088 0.131098 0.0466189 0.0491616 0.00653839
1 0.904536 0.852134 0.041439 0.0518293 0.00547028
1 0.593096 0.511433 0.0388491 0.0411585 0.00479126
1 0.184695 0.476372 0.0420865 0.0411585 0.00452042
1 0.797054 0.794207 0.0466189 0.0609757 0.00429916
0 0.467484 0.388338 0.383311 0.310976 0.00403976
0 0.593096 0.511433 0.0388491 0.0411585 0.00402451
1 0.149731 0.469512 0.0456477 0.0442073 0.00355148
1 0.787342 0.804878 0.0492089 0.0503048 0.00348282
1 0.127878 0.751524 0.0621586 0.199695 0.00338936
0 0.21626 0.360518 0.10036 0.210366 0.00332451
1 0.905184 0.838415 0.0466189 0.0731707 0.00321007
0 0.302052 0.388815 0.143742 0.329078 0.00309944
1 0.153778 0.795732 0.0712233 0.160061 0.0027256
1 0.84691 0.0432546 0.0284894 0.0461128 0.00259018
1 0.0793978 0.187691 0.0723564 0.186357 0.00243378
1 0.0880579 0.169588 0.0598923 0.147866 0.00243378
1 0.476549 0.954268 0.0349642 0.0304878 0.00233269
1 0.266197 0.881098 0.0373923 0.0457317 0.00218201
1 0.762737 0.903963 0.040144 0.0716464 0.00215721
1 0.312088 0.131098 0.0466189 0.0491616 0.00209999
0 0.29064 0.389386 0.106349 0.298971 0.00200272
1 0.391405 0.921494 0.0420865 0.0335366 0.00200272
0 0.267735 0.356326 0.0925903 0.327744 0.00189686
1 0.360649 0.81936 0.0375541 0.0518292 0.00176811
1 0.020072 0.532012 0.0258994 0.0411585 0.00175476
2 0.795111 0.801829 0.044029 0.0457317 0.0017271
1 0.800939 0.128096 0.0893529 0.0852706 0.00162888
2 0.15572 0.762957 0.072842 0.184451 0.00161076
1 0.106511 0.477896 0.020072 0.0419207 0.00157356
1 0.704463 0.775724 0.0958278 0.17721 0.00156116
1 0.310145 0.86814 0.0388491 0.0304878 0.00156116
1 0.586621 0.801067 0.19813 0.210366 0.85791
1 0.173364 0.72561 0.0537412 0.14939 0.575684
1 0.176925 0.724276 0.0705758 0.167302 0.377441
1 0.15572 0.791159 0.0621585 0.109756 0.364746
1 0.168022 0.750762 0.0650722 0.181402 0.174927
2 0.595039 0.511433 0.0375541 0.0457317 0.0930176
1 0.793816 0.804878 0.045324 0.0487805 0.0803833
1 0.259318 0.900915 0.0369066 0.0487805 0.0742188
1 0.360002 0.925305 0.0375541 0.0396341 0.0579224
1 0.761442 0.907012 0.040144 0.0609756 0.0534058
1 0.14876 0.785061 0.0731658 0.137195 0.0471497
0 0.399498 0.351277 0.328922 0.373666 0.0363464
1 0.156368 0.743902 0.086763 0.192073 0.0361633
1 0.126907 0.770579 0.0602161 0.134146 0.0298767
1 0.905831 0.853659 0.0453239 0.0487805 0.0293121
0 0.687629 0.441692 0.0802881 0.125762 0.0279083
1 0.83655 0.128382 0.041439 0.0824124 0.0275879
0 0.595039 0.511433 0.0375541 0.0457317 0.0256653
0 0.259641 0.377668 0.0556837 0.329268 0.0223694
1 0.818421 0.126905 0.0699283 0.0697409 0.0182648
1 0.906479 0.838415 0.0492089 0.0670732 0.0181885
0 0.253247 0.352134 0.0632916 0.307165 0.0162201
1 0.913601 0.847561 0.0530938 0.0640244 0.0157166
0 0.407915 0.395484 0.255109 0.270008 0.0146179
1 0.260289 0.882622 0.0420865 0.0457317 0.0141144
0 0.808709 0.397485 0.0479139 0.11814 0.0115051
0 0.22921 0.345655 0.084173 0.21189 0.0114212
1 0.390433 0.923018 0.041439 0.0365853 0.00871277
0 0.718708 0.458841 0.0595686 0.0945122 0.0085144
1 0.241836 0.893293 0.0556837 0.0579269 0.00793457
2 0.0207195 0.532393 0.0258994 0.0525915 0.00784302
0 0.65655 0.388719 0.0595686 0.0655488 0.00775528
1 0.108454 0.477134 0.0233095 0.0426829 0.00743103
0 0.274534 0.391768 0.0595686 0.273628 0.00728989
2 0.399498 0.351277 0.328922 0.373666 0.00706482
1 0.786047 0.806403 0.0492089 0.0533536 0.00698471
1 0.311764 0.871951 0.0349642 0.0320122 0.00536346
1 0.794464 0.795732 0.0505038 0.0640244 0.00526047
1 0.793816 0.910061 0.0647485 0.0579268 0.00436401
0 0.806766 0.376143 0.0466189 0.163872 0.00413513
1 0.595039 0.511433 0.0375541 0.0457317 0.0041008
1 0.188418 0.47904 0.0472664 0.0419207 0.00402451
2 0.171745 0.724848 0.0764032 0.172256 0.00402451
1 0.193112 0.863567 0.0832018 0.0503048 0.00402451
1 0.375865 0.932927 0.0550362 0.0396341 0.00387001
0 0.15572 0.791159 0.0621585 0.109756 0.00385475
1 0.325037 0.922256 0.0582736 0.0365854 0.00338936
0 0.599571 0.503049 0.0466189 0.0640244 0.00336266
0 0.202663 0.345655 0.103598 0.191311 0.00327301
0 0.176278 0.730945 0.0744607 0.179878 0.00314713
1 0.584679 0.80564 0.19295 0.182927 0.788086
1 0.17304 0.745236 0.0592449 0.15282 0.651367
1 0.159281 0.77439 0.0705759 0.155488 0.539062
1 0.164461 0.755335 0.0705758 0.17378 0.274414
0 0.400469 0.375095 0.395613 0.342797 0.245117
1 0.363239 0.925305 0.0388491 0.0426829 0.104492
1 0.161062 0.785061 0.0880579 0.131098 0.101257
1 0.161871 0.769817 0.0916191 0.184451 0.0987549
1 0.822306 0.131288 0.0712233 0.0571646 0.0974121
2 0.594229 0.510671 0.033993 0.0396342 0.085083
0 0.458743 0.394436 0.393023 0.279726 0.0535889
1 0.830076 0.128239 0.0621586 0.0766006 0.0499573
1 0.262231 0.900152 0.0349642 0.0503049 0.0248871
0 0.478491 0.429497 0.468779 0.229421 0.0228882
1 0.76468 0.905488 0.0310793 0.054878 0.02211
0 0.661082 0.384909 0.0595686 0.0411586 0.0208893
0 0.594229 0.510671 0.033993 0.0396342 0.0204163
1 0.797701 0.146723 0.0530938 0.0525915 0.0166626
1 0.800291 0.137957 0.085468 0.0449695 0.0164642
0 0.327951 0.341559 0.458419 0.373285 0.0160217
1 0.900004 0.855183 0.0310792 0.0442073 0.0146713
1 0.362268 0.820122 0.0297843 0.0426829 0.014389
1 0.186476 0.475229 0.0343167 0.0266769 0.0130234
2 0.0205576 0.532012 0.0268706 0.0426829 0.0127258
0 0.680507 0.469512 0.106188 0.0670732 0.0126266
1 0.762737 0.530488 0.0673384 0.0411585 0.0102081
1 0.84173 0.0384909 0.0362592 0.035061 0.00971222
1 0.826191 0.142864 0.0764032 0.118998 0.00963593
1 0.824248 0.118902 0.0712233 0.0777439 0.00854492
0 0.403707 0.401582 0.3218 0.300495 0.00837708
0 0.675974 0.391006 0.0725183 0.0487805 0.0078125
0 0.245073 0.338034 0.475901 0.237043 0.00769424
0 0.675974 0.420732 0.085468 0.0945122 0.00763702
1 0.107159 0.478277 0.0174821 0.0320122 0.00751877
1 0.386548 0.922256 0.0330217 0.0365854 0.00728989
1 0.148112 0.472561 0.0534175 0.0289634 0.00709534
0 0.737485 0.476753 0.0815831 0.0480183 0.00664139
0 0.460362 0.378906 0.42993 0.368712 0.00658798
1 0.798996 0.909299 0.0699283 0.0609757 0.00609589
2 0.315973 0.136433 0.044029 0.0308689 0.00595856
1 0.594229 0.510671 0.033993 0.0396342 0.00591278
1 0.366476 0.936738 0.0369066 0.0396341 0.00547028
1 0.795111 0.803354 0.044029 0.0518293 0.00508118
1 0.330865 0.922256 0.0751083 0.0472561 0.0049057
0 0.925903 0.33689 0.106188 0.118902 0.00475693
0 0.549067 0.43407 0.339282 0.189787 0.00460815
1 0.140504 0.757431 0.0822306 0.180259 0.00446701
1 0.475254 0.955793 0.0330217 0.027439 0.00441742
0 0.762737 0.530488 0.0673384 0.0411585 0.00421524
0 0.923313 0.358232 0.126907 0.166159 0.00416565
1 0.585974 0.803354 0.191656 0.193598 0.816406
1 0.17126 0.733422 0.0621585 0.152058 0.656738
1 0.16349 0.754573 0.0731658 0.181402 0.311523
1 0.175792 0.739329 0.0699284 0.190549 0.093689
1 0.362592 0.926829 0.0375541 0.0426829 0.0288696
1 0.894824 0.855183 0.0362592 0.0731707 0.0134811
1 0.260613 0.896342 0.0401441 0.0670732 0.0107346
1 0.76209 0.90625 0.0453239 0.0685975 0.00967407
1 0.158958 0.781822 0.0751082 0.195503 0.0091629
2 0.599571 0.508765 0.040144 0.0586891 0.0088501
1 0.793816 0.798781 0.0517988 0.0670732 0.00790405
0 0.683744 0.423018 0.0815831 0.15625 0.0078125
0 0.418599 0.349848 0.31403 0.410061 0.00751877
1 0.162842 0.754764 0.0964752 0.19779 0.00743103
1 0.903889 0.804878 0.0543887 0.153963 0.00521851
1 0.838493 0.126858 0.0479139 0.104516 0.0050621
0 0.810003 0.353659 0.0505038 0.197409 0.0050621
1 0.826191 0.125 0.0621585 0.0895579 0.00496292
1 0.364534 0.821646 0.0336692 0.0518292 0.00471878
0 0.695399 0.386338 0.0984177 0.210556 0.00419998
0 0.811298 0.391768 0.0517988 0.13872 0.00418091
1 0.843025 0.0443979 0.0388491 0.0423018 0.00388527
0 0.599571 0.508765 0.040144 0.0586891 0.0037365
1 0.897414 0.714177 0.0828781 0.240854 0.00367928
1 0.484966 0.923018 0.0336692 0.035061 0.00351143
1 0.366476 0.9375 0.0317267 0.0457317 0.00346947
0 0.683744 0.390244 0.0802881 0.159299 0.00237846
1 0.599571 0.508765 0.040144 0.0586891 0.00237846
1 0.838493 0.137147 0.0647485 0.146437 0.00234222
1 0.110396 0.482469 0.0271944 0.0564024 0.00222588
1 0.391081 0.925305 0.0284893 0.0365854 0.00221634
1 0.482376 0.953506 0.0258994 0.0320122 0.00216484
1 0.263526 0.88872 0.0420865 0.0609756 0.00215721
1 0.10813 0.513719 0.0246044 0.0594512 0.00214958
0 0.412772 0.376524 0.270649 0.326219 0.00198746
1 0.770507 0.542683 0.0647485 0.0853659 0.00198746
1 0.784752 0.801067 0.0517988 0.0746952 0.00194168
1 0.358059 0.952744 0.0310793 0.0320122 0.00193405
1 0.315325 0.95122 0.0297843 0.0396342 0.00188923
1 0.825543 0.048971 0.0505038 0.0632622 0.00188255
0 0.705758 0.426829 0.101008 0.158537 0.00181007
1 0.322447 0.920732 0.0492089 0.054878 0.00179577
1 0.441261 0.923018 0.021367 0.0320122 0.00177479
1 0.686334 0.0809832 0.186476 0.161966 0.0017004
1 0.916838 0.723323 0.0958278 0.254573 0.00151253
1 0.269354 0.910061 0.0492088 0.131098 0.00148964
1 0.515398 0.629573 0.0323743 0.0426829 0.00139427
1 0.439642 0.958079 0.0155396 0.0289634 0.00137806
0 0.476549 0.374238 0.343167 0.334604 0.00133038
1 0.881874 0.879573 0.0388491 0.121951 0.00129414
1 0.589859 0.807927 0.190361 0.198171 0.868164
1 0.173202 0.744665 0.0624823 0.176829 0.584961
1 0.168346 0.737043 0.0832018 0.195122 0.177856
1 0.162195 0.775152 0.0887054 0.167683 0.0145035
1 0.17385 0.773056 0.0919428 0.231326 0.00225258
1 0.682449 0.0845084 0.165756 0.169017 0.00194168
1 0.827486 0.121761 0.0673384 0.102896 0.00181007
1 0.657845 0.0889863 0.126907 0.177973 0.00176811
1 0.83655 0.0415396 0.0492089 0.043064 0.00161076
1 0.792521 0.803354 0.0492089 0.0640244 0.0014782
1 0.832665 0.13205 0.0543887 0.110137 0.00129414
0 0.163328 0.750762 0.0929141 0.196646 0.00127888
1 0.361944 0.926829 0.044029 0.0487806 0.0012207
1 0.258994 0.903963 0.0394966 0.070122 0.00110722
1 0.142932 0.75 0.0916191 0.204268 0.00104046
1 0.583384 0.807927 0.187771 0.204268 0.78418
1 0.160252 0.754573 0.0634535 0.198171 0.486328
1 0.166727 0.734565 0.0624823 0.171113 0.480469
1 0.164137 0.730183 0.085468 0.207317 0.352295
0 0.441908 0.389577 0.371009 0.358041 0.0149536
1 0.156691 0.78811 0.0673384 0.176829 0.0144501
1 0.259318 0.900915 0.0394966 0.054878 0.0135345
1 0.361297 0.925305 0.0362592 0.0396341 0.0105667
0 0.164137 0.730183 0.085468 0.207317 0.00605011
1 0.793816 0.801829 0.0492089 0.054878 0.00551224
0 0.160252 0.754573 0.0634535 0.198171 0.00481033
1 0.896119 0.864329 0.0310793 0.0487805 0.00370789
0 0.423131 0.403201 0.275181 0.292683 0.00317192
1 0.839788 0.0423018 0.0388491 0.0415396 0.00250244
2 0.595848 0.513719 0.0359354 0.0442073 0.00200272
1 0.261584 0.887957 0.0453239 0.0533537 0.00194931
1 0.905184 0.837652 0.0466189 0.0853659 0.00184631
1 0.141314 0.745617 0.0903241 0.219131 0.00174141
1 0.821011 0.131669 0.0543887 0.0617378 0.00171375
1 0.826838 0.0424924 0.0505038 0.0535442 0.00167465
1 0.825543 0.109375 0.0556837 0.0815549 0.00161648
0 0.392376 0.413491 0.206548 0.259909 0.00148392
0 0.481405 0.415777 0.427987 0.264482 0.00126934
0 0.326332 0.367283 0.478491 0.414825 0.0012207
1 0.478491 0.954268 0.0271944 0.0304878 0.00107288
1 0.38493 0.923781 0.0343167 0.0335366 0.00100803
1 0.584031 0.806403 0.190361 0.201219 0.825684
1 0.167051 0.733994 0.0673384 0.176829 0.496094
1 0.160091 0.75 0.0650722 0.196646 0.417725
0 0.418923 0.368998 0.312088 0.406822 0.0276337
0 0.160091 0.75 0.0650722 0.196646 0.0115051
2 0.597628 0.510671 0.0401441 0.0472561 0.0088501
1 0.357735 0.923781 0.0407915 0.0365854 0.00861359
1 0.259318 0.897866 0.0394966 0.0518292 0.00803375
1 0.159767 0.748476 0.0909716 0.242378 0.00757599
0 0.16608 0.730945 0.0815831 0.182927 0.00734711
1 0.156368 0.775915 0.0660435 0.199695 0.0064888
0 0.481081 0.398247 0.41957 0.30564 0.00379562
0 0.597628 0.510671 0.0401441 0.0472561 0.00348282
2 0.16608 0.730945 0.0815831 0.182927 0.0024147
1 0.834608 0.0398247 0.046619 0.0339177 0.00179577
0 0.166727 0.733232 0.0615111 0.166159 0.00143814
1 0.151835 0.47561 0.0615111 0.0350609 0.00114727
0 0.450002 0.41854 0.350937 0.249809 0.00109863
1 0.260613 0.887195 0.044029 0.0503049 0.00103188
1 0.582898 0.804878 0.191332 0.195122 0.811523
1 0.168994 0.730945 0.0699284 0.155488 0.390381
1 0.159605 0.755335 0.0644247 0.175305 0.242188
1 0.162519 0.748285 0.0916191 0.180259 0.0495911
1 0.357088 0.926829 0.041439 0.0396341 0.0049057
0 0.167699 0.729421 0.0699284 0.155488 0.00349617
0 0.468131 0.352896 0.410505 0.401677 0.00302696
2 0.16867 0.729421 0.0796406 0.169207 0.00276756
2 0.595524 0.512957 0.0417628 0.0449695 0.00275803
1 0.83914 0.0443026 0.044029 0.0358232 0.0026722
0 0.159605 0.755335 0.0644247 0.175305 0.00261116
1 0.259075 0.900915 0.0399822 0.0503049 0.00251198
1 0.826191 0.106993 0.0569787 0.0847942 0.00215721
1 0.826838 0.0437309 0.0517988 0.0443979 0.00196457
1 0.157501 0.807927 0.0715471 0.140244 0.00190449
1 0.823601 0.130907 0.0543887 0.0708841 0.00156689
1 0.793816 0.804116 0.0517988 0.0564024 0.00121593
1 0.582898 0.808689 0.191332 0.196646 0.856934
1 0.169965 0.737995 0.0718708 0.194741 0.443604
0 0.418599 0.365473 0.33475 0.40625 0.24292
0 0.487232 0.358994 0.439642 0.401677 0.0651245
1 0.259318 0.900915 0.0401441 0.0579269 0.0104065
1 0.796406 0.804116 0.0492088 0.0564024 0.00669098
2 0.599409 0.513719 0.0417628 0.0472561 0.00568771
1 0.160091 0.744665 0.104569 0.240854 0.00526047
1 0.84173 0.0415396 0.0349642 0.0339177 0.00445175
1 0.359354 0.926067 0.0401441 0.0426829 0.00349617
0 0.169479 0.734756 0.0861155 0.204268 0.00324821
2 0.169479 0.734756 0.0861155 0.204268 0.00317192
1 0.161547 0.778963 0.0802881 0.204268 0.00307465
1 0.177735 0.736281 0.0705758 0.228659 0.00287819
2 0.418599 0.365473 0.33475 0.40625 0.00144386
0 0.473959 0.387862 0.367771 0.306593 0.00141048
2 0.487232 0.358994 0.439642 0.401677 0.00134087
1 0.418599 0.365473 0.33475 0.40625 0.00130463
1 0.798996 0.794207 0.0569786 0.0716463 0.00126934
1 0.765327 0.908537 0.0362592 0.0609756 0.00113392
1 0.584031 0.804878 0.19554 0.202744 0.812988
1 0.161709 0.75019 0.0776982 0.216082 0.498047
0 0.408887 0.36128 0.328922 0.4375 0.398926
0 0.465542 0.352515 0.400146 0.402439 0.139404
1 0.173526 0.742378 0.0751082 0.219512 0.107788
2 0.164137 0.740663 0.0857917 0.225991 0.0106125
0 0.161709 0.75019 0.0776982 0.216082 0.0104065
1 0.158796 0.742378 0.102626 0.246951 0.0030632
1 0.441504 0.36128 0.389948 0.4375 0.00265312
1 0.795111 0.803354 0.0543887 0.0670731 0.00188255
1 0.156206 0.719512 0.11849 0.314024 0.00176144
2 0.418923 0.357565 0.349642 0.437309 0.0015974
2 0.602161 0.51029 0.044029 0.0617378 0.00155449
0 0.412124 0.392149 0.308203 0.309451 0.00150108
1 0.26126 0.89939 0.044029 0.0807927 0.0014267
1 0.833313 0.0423018 0.0517988 0.0474466 0.00134563
0 0.207681 0.342607 0.146008 0.252287 0.00103188
1 0.584679 0.804116 0.189066 0.198171 0.817383
1 0.168994 0.734756 0.0608636 0.167683 0.480469
1 0.161224 0.75019 0.0686334 0.185594 0.312256
1 0.1609 0.737995 0.0925903 0.200838 0.0111618
1 0.17903 0.733994 0.0731658 0.214939 0.00737381
1 0.260208 0.902439 0.039011 0.0518293 0.00275803
1 0.15831 0.79878 0.0776982 0.160061 0.00177479
2 0.599409 0.512195 0.0391728 0.0480183 0.00174809
0 0.400793 0.39396 0.247339 0.280678 0.00162315
0 0.161224 0.75019 0.0686334 0.185594 0.00146103
1 0.795111 0.803354 0.0543887 0.0609756 0.00136662
2 0.166242 0.734756 0.0747845 0.184451 0.00123978
1 0.586621 0.804878 0.187771 0.196646 0.813965
1 0.164623 0.74314 0.0747845 0.192073 0.515625
1 0.162842 0.745427 0.0925903 0.222561 0.00482941
1 0.1609 0.775915 0.084173 0.204268 0.00298119
1 0.260613 0.901677 0.0394966 0.0518292 0.00264168
1 0.178544 0.737043 0.075432 0.233232 0.00253105
0 0.162195 0.749809 0.0757557 0.204649 0.00194931
1 0.795759 0.804878 0.0505038 0.0518293 0.0018177
0 0.422484 0.387576 0.280361 0.313262 0.00168133
1 0.361297 0.923781 0.0466189 0.0396342 0.00143814
2 0.165432 0.743903 0.086763 0.208841 0.00139904
1 0.832665 0.0432546 0.0543887 0.0426829 0.00108624
2 0.599571 0.512195 0.040144 0.0442073 0.00107765
1 0.585974 0.807165 0.190361 0.196646 0.822266
1 0.165109 0.745617 0.0718708 0.191692 0.482422
1 0.162842 0.745236 0.0912954 0.219893 0.00834656
1 0.160576 0.778773 0.0802881 0.198552 0.00359344
1 0.260936 0.902439 0.0401441 0.0579268 0.00293541
1 0.178058 0.739329 0.0738133 0.228659 0.00277901
0 0.162519 0.751715 0.0725183 0.200838 0.00192642
0 0.427987 0.402058 0.291368 0.287348 0.00153637
1 0.359678 0.924543 0.0459714 0.0426829 0.00150681
1 0.83396 0.0425876 0.0492089 0.0413491 0.00139904
1 0.795759 0.804878 0.0505038 0.0548781 0.00132465
2 0.165271 0.742378 0.0844968 0.202744 0.00115108
1 0.585974 0.807165 0.190361 0.196646 0.822266
1 0.165109 0.744665 0.0718708 0.192073 0.482422
1 0.162842 0.745236 0.0912954 0.219893 0.00834656
1 0.160576 0.778773 0.0802881 0.198552 0.00356483
1 0.260936 0.902439 0.0401441 0.0579268 0.00298119
1 0.178058 0.739329 0.074137 0.228659 0.00275803
0 0.162519 0.751715 0.0725183 0.200838 0.00192642
0 0.427987 0.402058 0.291368 0.287348 0.00156116
1 0.359678 0.924543 0.0459714 0.0426829 0.0015192
1 0.83396 0.0424924 0.0492089 0.0411585 0.00141621
1 0.795759 0.804878 0.0505038 0.0548781 0.00133038
2 0.165271 0.741616 0.0844968 0.202744 0.0011425
