2 0.813802 0.567308 0.169271 0.171474 0.98584
2 0.557292 0.821314 0.30599 0.251603 0.704102
2 0.93099 0.569311 0.109375 0.153045 0.554688
2 0.851563 0.569311 0.242188 0.161058 0.476562
2 0.719401 0.144631 0.153646 0.219151 0.455078
2 0.512695 0.823718 0.220703 0.217949 0.188354
0 0.813802 0.567308 0.167969 0.166667 0.104492
0 0.554036 0.833333 0.308594 0.25 0.101257
2 0.602865 0.817308 0.222656 0.221154 0.0736694
2 0.66276 0.15019 0.151042 0.21885 0.0616455
2 0.785156 0.561699 0.208333 0.169872 0.0574951
0 0.720052 0.148838 0.153646 0.229567 0.0515442
2 0.108683 0.775641 0.0697428 0.19391 0.0399475
2 0.133423 0.41226 0.163493 0.361378 0.0241394
2 0.690755 0.161659 0.195313 0.22516 0.0205231
1 0.550456 0.820513 0.305339 0.227564 0.0200958
1 0.813802 0.567308 0.169271 0.171474 0.0191193
0 0.93099 0.569311 0.109375 0.153045 0.0182648
0 0.105957 0.778045 0.0748698 0.190705 0.0153046
2 0.109375 0.407452 0.21875 0.401442 0.0133286
2 0.604818 0.648237 0.0677083 0.0945513 0.0127258
0 0.133423 0.41226 0.163493 0.361378 0.0117798
2 0.622396 0.166466 0.188802 0.21274 0.0113297
2 0.682292 0.142829 0.235677 0.285657 0.00985718
1 0.512695 0.823718 0.220703 0.217949 0.00930023
2 0.925781 0.577724 0.135417 0.193109 0.00871277
0 0.690755 0.161659 0.195313 0.22516 0.00857544
1 0.602865 0.817308 0.222656 0.221154 0.00844574
2 0.769531 0.136819 0.252604 0.266426 0.00844574
0 0.489583 0.835737 0.190104 0.206731 0.00656509
2 0.421875 0.0912961 0.0807292 0.0770232 0.00634003
0 0.602865 0.817308 0.222656 0.221154 0.00598145
0 0.836589 0.574519 0.220052 0.200321 0.00582123
2 0.154582 0.415765 0.252035 0.339944 0.00577545
2 0.169922 0.403946 0.330078 0.392428 0.00575256
0 0.109375 0.407452 0.21875 0.401442 0.00572968
0 0.782552 0.559295 0.195313 0.165064 0.00542831
0 0.769531 0.136819 0.252604 0.266426 0.0050621
2 0.148763 0.393429 0.141276 0.290064 0.0049057
0 0.154582 0.415765 0.252035 0.339944 0.00455475
1 0.700521 0.14363 0.179688 0.217548 0.00445175
2 0.601562 0.232772 0.153646 0.0777243 0.00441742
1 0.143229 0.402244 0.151693 0.329327 0.00441742
1 0.108683 0.775641 0.0697428 0.19391 0.00439835
2 0.674642 0.789263 0.353841 0.326923 0.00402451
2 0.577474 0.764223 0.378906 0.445913 0.0039444
1 0.426107 0.378205 0.0423177 0.0801282 0.00392914
0 0.169922 0.403946 0.330078 0.392428 0.00391388
1 0.930339 0.568109 0.110677 0.151442 0.00369263
0 0.674642 0.789263 0.353841 0.326923 0.00369263
2 0.815104 0.572115 0.158854 0.147436 0.785156
0 0.567708 0.819712 0.300781 0.225962 0.546875
2 0.559896 0.823718 0.3125 0.214744 0.173828
0 0.1014 0.773237 0.110026 0.19391 0.148071
2 0.105957 0.777043 0.0664062 0.176683 0.140869
2 0.417643 0.0889423 0.061849 0.0625 0.106689
2 0.923177 0.56891 0.104167 0.155449 0.0953369
2 0.717448 0.54968 0.0807291 0.116186 0.092041
1 0.559896 0.823718 0.3125 0.214744 0.058136
2 0.899089 0.568109 0.121094 0.157051 0.0531921
2 0.627604 0.154297 0.178385 0.234675 0.0514526
0 0.500651 0.809295 0.178385 0.221154 0.0462952
1 0.1014 0.773237 0.110026 0.19391 0.044342
2 0.643229 0.165915 0.122396 0.193009 0.0402527
2 0.889974 0.570112 0.0651042 0.153045 0.0401001
0 0.0986328 0.76843 0.0797526 0.189103 0.0374756
1 0.603027 0.658654 0.0621745 0.0849359 0.0343628
2 0.696615 0.14979 0.0807292 0.210036 0.0189819
2 0.500651 0.809295 0.178385 0.221154 0.0182953
2 0.623047 0.211739 0.145833 0.107372 0.0172424
2 0.1014 0.773237 0.110026 0.19391 0.0167847
1 0.573568 0.754006 0.21224 0.291667 0.0163422
2 0.558594 0.23718 0.0507813 0.056891 0.0136871
2 0.678385 0.147035 0.0833334 0.220353 0.0115967
1 0.629557 0.661058 0.0585938 0.0753205 0.0103302
2 0.711589 0.14363 0.102865 0.21875 0.00971222
2 0.846354 0.886218 0.0494791 0.0384615 0.00926971
1 0.817057 0.574119 0.158854 0.157853 0.00706482
1 0.105957 0.777043 0.0664062 0.176683 0.0069046
2 0.935547 0.566506 0.128906 0.206731 0.00669098
2 0.471354 0.0785256 0.0429688 0.0488782 0.00661469
2 0.523438 0.241987 0.0429687 0.0600962 0.00634003
2 0.321289 0.520833 0.0664062 0.137019 0.00595856
2 0.939453 0.572115 0.101563 0.142628 0.00547028
2 0.423503 0.38141 0.0423177 0.0673077 0.00530243
0 0.563477 0.791867 0.347005 0.291266 0.0051384
2 0.567708 0.794872 0.35026 0.328526 0.00492477
2 0.228516 0.835737 0.0361328 0.0400641 0.00482941
1 0.589681 0.660256 0.0784505 0.0961539 0.00475693
0 0.201335 0.455929 0.402669 0.484776 0.00403976
2 0.573568 0.754006 0.21224 0.291667 0.00397491
2 0.726563 0.140425 0.140625 0.232772 0.0039444
2 0.822917 0.883013 0.0390625 0.0320512 0.0039444
2 0.118978 0.0540865 0.0423177 0.0472756 0.00367928
1 0.423503 0.38141 0.0423177 0.0673077 0.00365067
1 0.671224 0.669872 0.10026 0.0657052 0.00351143
0 0.321289 0.520833 0.0664062 0.137019 0.00346947
0 0.178711 0.385016 0.357422 0.380609 0.00344276
0 0.113241 0.77484 0.0749512 0.184295 0.00329781
0 0.573568 0.754006 0.21224 0.291667 0.00319672
2 0.815104 0.5625 0.161458 0.152244 0.889648
0 0.108887 0.780449 0.0729167 0.208333 0.660156
0 0.109701 0.775641 0.101563 0.222756 0.344238
0 0.55306 0.820513 0.30013 0.205128 0.293457
1 0.55306 0.820513 0.30013 0.205128 0.181274
1 0.186849 0.577724 0.0572917 0.0889423 0.0872803
1 0.489583 0.823718 0.179688 0.173077 0.0812378
1 0.817708 0.566506 0.158854 0.157051 0.0710449
2 0.759115 0.539263 0.153646 0.129808 0.0518494
1 0.595703 0.661058 0.0677083 0.0785257 0.0470886
2 0.412109 0.0833333 0.078125 0.0641026 0.0437012
2 0.926432 0.565305 0.0820313 0.145032 0.0340881
2 0.938151 0.572917 0.123698 0.15625 0.033844
2 0.652995 0.151442 0.111979 0.204327 0.0327148
2 0.690104 0.153846 0.09375 0.210737 0.0316162
0 0.303711 0.481571 0.195313 0.108974 0.0303345
0 0.103027 0.387119 0.206055 0.411659 0.0301514
1 0.0992839 0.773237 0.0992839 0.1875 0.0301056
1 0.413411 0.0897436 0.0742188 0.0645032 0.0299835
1 0.042806 0.280248 0.085612 0.160657 0.0290833
1 0.132202 0.365485 0.146403 0.241787 0.0243378
2 0.55306 0.820513 0.30013 0.205128 0.0211182
0 0.0992839 0.773237 0.0992839 0.1875 0.0206909
0 0.127563 0.683894 0.108154 0.0985577 0.0189819
1 0.0605469 0.292268 0.121094 0.183894 0.0188293
2 0.70638 0.544071 0.0807292 0.120994 0.0175171
1 0.554362 0.775641 0.220703 0.116987 0.0170441
1 0.0926107 0.386318 0.185221 0.426082 0.0170441
2 0.71875 0.153245 0.09375 0.218349 0.0168457
1 0.267253 0.470353 0.153646 0.110577 0.0164642
0 0.322917 0.502805 0.122396 0.138622 0.0162201
2 0.108887 0.780449 0.0729167 0.208333 0.0162201
1 0.478516 0.236779 0.0794271 0.0769231 0.0141754
1 0.51888 0.511218 0.046875 0.0560898 0.0138474
0 0.123983 0.357372 0.152425 0.241186 0.0125275
1 0.46224 0.807692 0.147135 0.136218 0.0123367
2 0.861979 0.563301 0.182292 0.153846 0.0120544
2 0.846354 0.884615 0.0546875 0.0512821 0.0120544
1 0.846354 0.884615 0.0546875 0.0512821 0.0115051
0 0.42513 0.373397 0.0507813 0.082532 0.0103683
0 0.0650228 0.780449 0.113118 0.189103 0.0103302
2 0.0947266 0.777043 0.101237 0.211939 0.0103302
0 0.409831 0.0886418 0.0755209 0.0639022 0.0102921
0 0.0452474 0.280449 0.0904948 0.164263 0.00963593
1 0.42513 0.373397 0.0507813 0.082532 0.00945282
1 0.635417 0.668269 0.0520834 0.0721154 0.00908661
2 0.716797 0.115435 0.0989583 0.136919 0.00905609
1 0.102824 0.810897 0.0938314 0.128205 0.0088501
0 0.0605469 0.292268 0.121094 0.183894 0.00871277
0 0.554362 0.775641 0.220703 0.116987 0.00857544
1 0.552734 0.824519 0.303385 0.222756 0.845703
2 0.813802 0.573718 0.158854 0.158654 0.823242
2 0.716146 0.152294 0.119792 0.220252 0.371094
0 0.109538 0.776442 0.0751953 0.209936 0.240723
1 0.184408 0.584936 0.0592448 0.0641026 0.147583
2 0.406901 0.0865385 0.0794271 0.0645032 0.0966797
2 0.109538 0.776442 0.0751953 0.209936 0.0960083
2 0.561849 0.227965 0.0546875 0.0548878 0.0957031
2 0.552734 0.824519 0.303385 0.222756 0.0910645
1 0.604004 0.664663 0.0576172 0.0721153 0.0888062
0 0.0995687 0.789263 0.0769043 0.198718 0.0783691
2 0.932943 0.577724 0.114583 0.160256 0.0723877
0 0.0927734 0.761418 0.0745443 0.172676 0.0658569
2 0.604818 0.477965 0.0559896 0.0544872 0.0605164
1 0.109701 0.0504808 0.031901 0.0560897 0.0544128
1 0.0594076 0.289864 0.118815 0.177484 0.044342
2 0.467773 0.247997 0.0527344 0.0769231 0.0360107
2 0.48112 0.240986 0.0852865 0.0709135 0.033844
2 0.483073 0.0646034 0.046875 0.0426683 0.0335999
1 0.721354 0.157853 0.109375 0.224359 0.0328369
1 0.478516 0.243189 0.0820313 0.0737179 0.0327148
1 0.467773 0.247997 0.0527344 0.0769231 0.0325928
2 0.955729 0.152644 0.0572916 0.0729167 0.0324097
0 0.325521 0.500801 0.0651042 0.123397 0.0313721
0 0.478516 0.243189 0.0820313 0.0737179 0.0305634
1 0.936198 0.578526 0.106771 0.155449 0.0257568
1 0.814453 0.575321 0.160156 0.158654 0.0250854
2 0.109701 0.0504808 0.031901 0.0560897 0.024704
0 0.315104 0.487981 0.0716146 0.100962 0.0231476
0 0.354492 0.50601 0.102865 0.123397 0.0228882
2 0.504232 0.237981 0.124349 0.0697115 0.0218658
1 0.585938 0.651442 0.0807292 0.0913462 0.0217743
2 0.503255 0.248397 0.109375 0.0853365 0.0205688
1 0.0458984 0.272636 0.0917969 0.148638 0.0200958
2 0.0995687 0.789263 0.0769043 0.198718 0.019165
0 0.339844 0.496795 0.0833334 0.102564 0.0186157
0 0.948568 0.147436 0.0572917 0.0592949 0.0184021
2 0.845052 0.883013 0.0520833 0.0320512 0.0183411
1 0.259196 0.475962 0.171712 0.105769 0.0179138
1 0.0995687 0.789263 0.0769043 0.198718 0.0178528
1 0.404948 0.0889423 0.0703125 0.0645032 0.0175781
2 0.966146 0.14363 0.0520833 0.0661058 0.0172424
0 0.555339 0.824519 0.304688 0.217949 0.0156708
0 0.718099 0.148237 0.13151 0.216346 0.0154877
1 0.818359 0.88141 0.0429688 0.0320513 0.0137939
2 0.586589 0.227564 0.0585938 0.0576923 0.0137405
2 0.847005 0.576122 0.183594 0.168269 0.0137405
2 0.818359 0.88141 0.0429688 0.0320513 0.0137405
1 0.45638 0.836538 0.110677 0.176282 0.0133286
1 0.188314 0.548077 0.0530599 0.120192 0.0131226
0 0.557292 0.811699 0.299479 0.214744 0.976074
0 0.105509 0.782853 0.0812988 0.209936 0.831055
2 0.811198 0.566506 0.15625 0.139423 0.640625
0 0.479492 0.240785 0.0859375 0.0665064 0.180664
0 0.0455729 0.284856 0.0911458 0.173878 0.174438
0 0.403646 0.825321 0.0794271 0.153846 0.130737
2 0.935547 0.574519 0.115885 0.155449 0.121277
0 0.0953369 0.794872 0.0788574 0.176282 0.11438
2 0.71875 0.148988 0.127604 0.21244 0.0708008
0 0.416667 0.825321 0.138021 0.157051 0.049408
2 0.474609 0.23718 0.0878906 0.0733173 0.0358887
2 0.560547 0.814103 0.299479 0.219551 0.03125
1 0.41276 0.085637 0.0885417 0.0614984 0.0268555
2 0.41276 0.085637 0.0885417 0.0614984 0.026062
0 0.712891 0.148838 0.135417 0.215545 0.0218658
0 0.71875 0.813301 0.0559896 0.128205 0.0216217
0 0.0506185 0.316106 0.101237 0.201122 0.0206451
0 0.822917 0.88141 0.0416666 0.036859 0.0206451
0 0.410807 0.0890425 0.0885417 0.0683093 0.0189056
1 0.111328 0.0526843 0.03125 0.0514824 0.0181885
1 0.559896 0.815705 0.291667 0.214744 0.0177155
0 0.845052 0.887019 0.046875 0.0384615 0.0163422
0 0.391276 0.828526 0.126302 0.157051 0.0156021
2 0.845052 0.887019 0.046875 0.0384615 0.0152512
0 0.314453 0.488782 0.0748698 0.0849359 0.0148392
2 0.048584 0.283253 0.097168 0.138622 0.0142288
2 0.960938 0.146635 0.0494792 0.0653045 0.0135345
2 0.111328 0.0526843 0.03125 0.0514824 0.0131226
2 0.0452474 0.285657 0.0904948 0.175481 0.0130234
2 0.705729 0.548077 0.0911459 0.104167 0.0125275
0 0.433919 0.380208 0.0625 0.0745192 0.0123825
1 0.845052 0.887019 0.046875 0.0384615 0.0118713
1 0.822917 0.88141 0.0416666 0.036859 0.0118256
0 0.0342611 0.834936 0.0600586 0.0544872 0.0113297
1 0.044515 0.280449 0.08903 0.165865 0.00971222
2 0.699219 0.149389 0.0911458 0.180389 0.00871277
2 0.822917 0.88141 0.0416666 0.036859 0.00837708
0 0.314779 0.513622 0.0735677 0.134615 0.00828552
1 0.479492 0.240785 0.0859375 0.0665064 0.00787354
2 0.609375 0.471955 0.0416667 0.0552885 0.00787354
0 0.480794 0.822917 0.192708 0.177885 0.00717545
0 0.115845 0.758814 0.106201 0.216346 0.00714874
0 0.0926107 0.342849 0.139648 0.216546 0.00706482
2 0.493815 0.238782 0.11263 0.0757212 0.00703812
2 0.478841 0.066907 0.0305989 0.0394631 0.00695801
0 0.493815 0.238782 0.11263 0.0757212 0.00661469
0 0.941406 0.154647 0.0364583 0.0552885 0.00614548
0 0.697917 0.811699 0.0286459 0.123397 0.00614548
1 0.102214 0.775641 0.094401 0.198718 0.00572968
0 0.542318 0.790865 0.31901 0.285256 0.00568771
0 0.552083 0.818109 0.298177 0.224359 0.98584
2 0.809896 0.572115 0.161458 0.163462 0.891113
0 0.100586 0.770032 0.0843099 0.209936 0.791992
2 0.10319 0.774038 0.0820313 0.216346 0.129395
2 0.552083 0.818109 0.298177 0.224359 0.0930176
0 0.0533854 0.280449 0.106771 0.18109 0.0853882
1 0.551432 0.820513 0.295573 0.224359 0.0827026
2 0.705729 0.538061 0.0859375 0.138622 0.0786133
2 0.0568034 0.279848 0.113607 0.179888 0.0700684
2 0.929688 0.576122 0.122396 0.182692 0.0643921
0 0.31901 0.491186 0.0885417 0.104167 0.0497742
2 0.109375 0.054387 0.0273438 0.0426683 0.0375977
0 0.319987 0.499199 0.0683594 0.129808 0.0367737
0 0.402995 0.817308 0.0507813 0.144231 0.0314941
0 0.644369 0.152845 0.19043 0.215144 0.0282135
2 0.0674642 0.320112 0.134928 0.264423 0.0166626
0 0.820313 0.887821 0.0442708 0.0320512 0.0157776
0 0.585286 0.655849 0.0820313 0.0881411 0.0126266
2 0.725912 0.152845 0.139323 0.23758 0.0116882
0 0.180013 0.579728 0.061849 0.0841346 0.0111618
1 0.820313 0.887821 0.0442708 0.0320512 0.0110321
0 0.264486 0.982772 0.528971 0.0344551 0.0104904
2 0.820313 0.887821 0.0442708 0.0320512 0.0104065
0 0.766276 0.985176 0.467448 0.0296474 0.00971222
0 0.181966 0.614583 0.0605469 0.110577 0.00955963
0 0.6875 0.156601 0.190104 0.231671 0.00912476
2 0.0620931 0.399139 0.124186 0.422877 0.00891876
2 0.0730794 0.354968 0.146159 0.330929 0.00857544
2 0.650391 0.155048 0.16276 0.207532 0.00844574
2 0.845052 0.886218 0.046875 0.036859 0.00728989
2 0.404622 0.0903446 0.0735677 0.0709135 0.00723267
0 0.0613607 0.307592 0.122721 0.205329 0.0069313
1 0.096639 0.770833 0.0866699 0.214744 0.0069046
1 0.109375 0.054387 0.0273438 0.0426683 0.00674438
0 0.485352 0.240785 0.0807292 0.0737179 0.00651169
0 0.317057 0.522436 0.0664062 0.145833 0.0064888
0 0.0874024 0.38151 0.174805 0.390825 0.00614548
2 0.785156 0.98718 0.416667 0.025641 0.00614548
2 0.647787 0.15605 0.221354 0.221154 0.00582123
2 0.6875 0.156601 0.190104 0.231671 0.00564194
0 0.643392 0.149639 0.249675 0.238381 0.00542831
1 0.0547689 0.260216 0.109538 0.145433 0.00527954
0 0.0674642 0.320112 0.134928 0.264423 0.00524139
0 0.845052 0.886218 0.046875 0.036859 0.00518036
2 0.416667 0.0821314 0.0911459 0.0637019 0.0050621
0 0.166667 0.588141 0.0566406 0.0576923 0.00494385
0 0.351237 0.980769 0.531901 0.0384615 0.00486755
0 0.819662 0.985978 0.360677 0.0280448 0.00482941
0 0.725912 0.152845 0.139323 0.23758 0.00475693
0 0.211589 0.665064 0.0820313 0.107372 0.00468063
0 0.557292 0.8125 0.304688 0.235577 0.913086
2 0.813151 0.564904 0.161458 0.152244 0.771973
0 0.107056 0.770032 0.072347 0.222756 0.613281
0 0.0950521 0.772436 0.0800781 0.206731 0.197388
0 0.726563 0.146184 0.122396 0.234876 0.0598755
0 0.564453 0.798878 0.222656 0.206731 0.055603
0 0.815104 0.566106 0.161458 0.159455 0.0427246
0 0.69401 0.142428 0.166667 0.237981 0.0163422
1 0.815104 0.566106 0.161458 0.159455 0.0154266
2 0.936849 0.574119 0.109375 0.148237 0.00985718
2 0.557292 0.8125 0.304688 0.235577 0.00941467
0 0.417318 0.820513 0.0989583 0.173077 0.00908661
2 0.970052 0.155048 0.0494792 0.068109 0.008255
2 0.0958659 0.78125 0.0869141 0.185897 0.00769424
0 0.482422 0.242788 0.0859375 0.0793269 0.00717545
2 0.708333 0.540865 0.0859375 0.134615 0.00674438
0 0.636719 0.666667 0.0572917 0.0673077 0.00579834
2 0.727865 0.147887 0.122396 0.233874 0.00498199
0 0.708333 0.540865 0.0859375 0.134615 0.00479126
2 0.842448 0.564103 0.161458 0.152244 0.00475693
0 0.12207 0.746795 0.0983073 0.206731 0.00453949
0 0.664063 0.80609 0.114583 0.166667 0.00387001
2 0.107056 0.770032 0.072347 0.222756 0.00385475
0 0.946615 0.156651 0.0507813 0.0576923 0.00365067
1 0.825521 0.886218 0.0494792 0.0352564 0.00337601
0 0.615723 0.663462 0.0680339 0.0721153 0.00332451
0 0.18457 0.578526 0.0527344 0.0689102 0.00328636
0 0.574219 0.841346 0.308594 0.317308 0.00323486
0 0.825521 0.886218 0.0494792 0.0352564 0.00286674
2 0.919271 0.564103 0.108073 0.152244 0.00281143
1 0.10791 0.0542869 0.0279948 0.0508814 0.00265312
0 0.635417 0.809295 0.173177 0.157051 0.00254059
2 0.480469 0.0651042 0.0390625 0.0416667 0.00229645
0 0.482422 0.822115 0.174479 0.205128 0.00226974
0 0.724609 0.807692 0.0572917 0.141026 0.00223351
0 0.424154 0.0803285 0.0885417 0.0604968 0.00217438
2 0.720703 0.553285 0.0807292 0.14343 0.00197983
0 0.0537923 0.283053 0.107585 0.190305 0.00188255
0 0.760417 0.142678 0.184896 0.240284 0.00182438
0 0.966797 0.154247 0.0507813 0.0600962 0.00168133
0 0.480469 0.0651042 0.0390625 0.0416667 0.00167465
0 0.40332 0.0928986 0.0690104 0.0666066 0.00162888
1 0.00634766 0.166066 0.0126953 0.332131 0.00160408
0 0.66276 0.900641 0.674479 0.198718 0.00159168
1 0.970052 0.155048 0.0494792 0.068109 0.00156116
2 0.10791 0.0542869 0.0279948 0.0508814 0.00155449
0 0.744792 0.133013 0.510417 0.266026 0.00155449
1 0.846354 0.888622 0.0442709 0.0400641 0.00143814
0 0.338542 0.483974 0.0917969 0.0977564 0.00139427
0 0.10791 0.0542869 0.0279948 0.0508814 0.00138855
0 0.55599 0.822115 0.292969 0.232372 0.931641
2 0.813151 0.563301 0.161458 0.157051 0.90918
0 0.101196 0.772636 0.0996908 0.233574 0.638672
2 0.105143 0.770633 0.0836589 0.23758 0.251709
2 0.934896 0.571314 0.117188 0.174679 0.0734253
2 0.39974 0.0913462 0.0690104 0.0592949 0.0359497
2 0.108073 0.0488782 0.030599 0.0492788 0.0358276
0 0.102539 0.785256 0.0738932 0.229167 0.0348816
0 0.721354 0.147837 0.136719 0.230369 0.0318604
2 0.488607 0.237981 0.0983073 0.0761218 0.028656
2 0.728516 0.147887 0.126302 0.234675 0.0259552
0 0.488607 0.237981 0.0983073 0.0761218 0.0196381
2 0.708333 0.540064 0.0885417 0.136218 0.0173798
0 0.419271 0.828526 0.115234 0.208333 0.0164642
2 0.942708 0.150641 0.0416667 0.0544872 0.0163422
1 0.555339 0.820513 0.290365 0.221154 0.0145035
0 0.691406 0.146184 0.190104 0.223658 0.014389
1 0.814453 0.5625 0.16276 0.165064 0.0130234
0 0.556641 0.796675 0.257812 0.195112 0.0115051
2 0.555339 0.820513 0.290365 0.221154 0.0102463
2 0.96875 0.145232 0.0403646 0.0620994 0.01017
2 0.954427 0.14403 0.0390625 0.0629006 0.00978088
2 0.691406 0.146184 0.190104 0.223658 0.00831604
0 0.820313 0.884615 0.0377604 0.0320513 0.00831604
2 0.181315 0.574519 0.0553385 0.0721154 0.00717545
2 0.413411 0.0850361 0.0813802 0.0635016 0.00605011
2 0.970052 0.135417 0.0377604 0.0641026 0.00566483
0 0.620443 0.661458 0.108073 0.0849359 0.00544739
2 0.523763 0.520032 0.0358073 0.0416667 0.00521851
1 0.108073 0.0488782 0.030599 0.0492788 0.00502014
0 0.694662 0.153446 0.265625 0.220353 0.00496292
1 0.0992432 0.770833 0.100342 0.232372 0.00479126
2 0.820313 0.884615 0.0377604 0.0320513 0.00479126
1 0.313151 0.990385 0.626302 0.0192308 0.00453949
2 0.313151 0.990385 0.626302 0.0192308 0.00441742
0 0.942708 0.150641 0.0416667 0.0544872 0.00403976
0 0.11556 0.939904 0.0488281 0.0769231 0.00399017
0 0.39974 0.0913462 0.0690104 0.0592949 0.00374985
0 0.140462 0.964744 0.0432943 0.0641026 0.00362206
0 0.181315 0.574519 0.0553385 0.0721154 0.00348282
2 0.694662 0.153446 0.265625 0.220353 0.00340271
2 0.166341 0.586538 0.0572917 0.0641026 0.00335121
2 0.113281 0.75621 0.118815 0.240785 0.00332451
2 0.666667 0.15605 0.148438 0.206731 0.00328636
1 0.954427 0.14403 0.0390625 0.0629006 0.00311089
2 0.847656 0.884615 0.0390625 0.036859 0.00293541
1 0.820313 0.884615 0.0377604 0.0320513 0.00291252
0 0.847656 0.884615 0.0390625 0.036859 0.0028553
0 0.815104 0.565705 0.164063 0.165865 0.00273705
2 0.705729 0.532452 0.127604 0.170673 0.00269318
2 0.8125 0.569712 0.157552 0.157051 0.855957
0 0.101278 0.773237 0.0819499 0.219551 0.831055
2 0.557943 0.823718 0.291667 0.219551 0.638672
2 0.723958 0.14984 0.111979 0.222756 0.484375
0 0.559245 0.8123 0.292969 0.23117 0.478516
2 0.10258 0.769431 0.0806478 0.230369 0.121704
2 0.933594 0.58093 0.111979 0.176282 0.117554
1 0.104492 0.0525841 0.0266927 0.0488782 0.0142288
2 0.88151 0.572115 0.140625 0.159455 0.0122375
2 0.848307 0.879808 0.0377604 0.0384615 0.0116882
0 0.120768 0.758814 0.111654 0.24359 0.008255
2 0.941406 0.154247 0.0442708 0.0592949 0.00769424
2 0.403971 0.0919471 0.078776 0.0649038 0.00669098
1 0.559245 0.8123 0.292969 0.23117 0.00664139
0 0.723958 0.145633 0.123698 0.234776 0.00634003
0 0.185059 0.564103 0.0667318 0.115385 0.00612259
0 0.822917 0.88141 0.0390625 0.0352564 0.00534439
2 0.70638 0.549279 0.0924479 0.114583 0.0053215
0 0.848307 0.879808 0.0377604 0.0384615 0.00518036
2 0.104492 0.0525841 0.0266927 0.0488782 0.0051384
0 0.941406 0.154247 0.0442708 0.0592949 0.0051384
2 0.822917 0.88141 0.0390625 0.0352564 0.00486755
0 0.403971 0.0919471 0.078776 0.0649038 0.0046463
2 0.964844 0.153045 0.0494792 0.0677083 0.00385475
0 0.483724 0.823718 0.160156 0.213141 0.00367928
0 0.0640462 0.757212 0.115397 0.227564 0.00356483
0 0.591797 0.658654 0.0833333 0.0865385 0.00348282
2 0.592448 0.660256 0.0833334 0.0785256 0.00340271
0 0.731771 0.817308 0.0729167 0.121795 0.00340271
0 0.413086 0.834936 0.0644531 0.185897 0.00300407
0 0.714844 0.149639 0.0963542 0.19351 0.00291252
1 0.848307 0.879808 0.0377604 0.0384615 0.00282288
1 0.592448 0.660256 0.0833334 0.0785256 0.00257111
0 0.191081 0.606571 0.0748698 0.170673 0.00256157
2 0.63737 0.151793 0.153646 0.21885 0.00253105
0 0.0882568 0.783454 0.0812988 0.260016 0.00226974
0 0.209147 0.665064 0.0927734 0.142628 0.00226021
0 0.188802 0.544872 0.0651042 0.142628 0.00224304
1 0.813802 0.569311 0.161458 0.15625 0.00219917
0 0.109863 0.786659 0.0852865 0.276042 0.00217438
0 0.488281 0.236178 0.101563 0.0845352 0.00211525
2 0.691406 0.541667 0.117188 0.0945513 0.00182438
2 0.415365 0.0883413 0.0859375 0.0677083 0.00177479
0 0.23763 0.833333 0.0423177 0.0464744 0.00172043
1 0.822917 0.88141 0.0390625 0.0352564 0.00167465
2 0.923177 0.540865 0.109375 0.221154 0.0016613
0 0.208171 0.633013 0.0895182 0.173077 0.0016489
0 0.168945 0.58093 0.063151 0.0961538 0.00162888
0 0.120117 0.354567 0.111979 0.245192 0.00162315
0 0.933594 0.58093 0.111979 0.176282 0.00161076
0 0.560221 0.825321 0.301432 0.213141 0.885742
2 0.815104 0.566106 0.14974 0.140224 0.804199
0 0.101888 0.776442 0.0768229 0.206731 0.65332
2 0.725912 0.148638 0.117188 0.216346 0.251709
2 0.102254 0.771635 0.0708822 0.224359 0.0891113
2 0.957031 0.148237 0.0416667 0.0600962 0.0503235
2 0.55957 0.820513 0.301432 0.211538 0.0455322
2 0.404948 0.0879407 0.0677083 0.0588942 0.0448608
0 0.117798 0.752404 0.108805 0.185897 0.0292053
0 0.481445 0.239984 0.0813802 0.0689103 0.0282135
2 0.932292 0.576122 0.117188 0.153846 0.0188293
2 0.481445 0.239984 0.0813802 0.0689103 0.0186157
2 0.820313 0.883013 0.0338542 0.0272435 0.013588
1 0.596354 0.663462 0.0807291 0.0721153 0.0115967
2 0.41862 0.0847356 0.0683594 0.0556891 0.0104065
1 0.820313 0.883013 0.0338542 0.0272435 0.0103302
0 0.0976563 0.754808 0.0927734 0.173077 0.0100937
1 0.481445 0.239984 0.0813802 0.0689103 0.00974274
2 0.613281 0.475962 0.0442708 0.0472757 0.0085144
0 0.718099 0.141627 0.10026 0.185497 0.00728989
2 0.945313 0.155849 0.0364583 0.042468 0.00714874
2 0.85026 0.56891 0.130208 0.154647 0.00712204
2 0.849609 0.88141 0.0351562 0.0288462 0.00638962
0 0.567057 0.814103 0.214844 0.189103 0.00605011
2 0.524414 0.520833 0.0332031 0.0344552 0.00600433
0 0.324219 0.500801 0.0722656 0.099359 0.00498199
1 0.555013 0.819712 0.306641 0.208333 0.00494385
1 0.107096 0.0514824 0.0234375 0.0452724 0.00482941
0 0.945313 0.155849 0.0364583 0.042468 0.00471878
1 0.815755 0.569712 0.153646 0.141026 0.00468063
1 0.638021 0.667869 0.0963542 0.0681089 0.00455475
2 0.487305 0.0705128 0.031901 0.036859 0.00443268
1 0.957031 0.148237 0.0416667 0.0600962 0.00432968
2 0.971354 0.154247 0.0364584 0.0432692 0.00403976
2 0.104492 0.766827 0.0924479 0.19391 0.00400543
0 0.401693 0.0908954 0.0722656 0.0585938 0.00362206
0 0.957031 0.148237 0.0416667 0.0600962 0.00351143
0 0.322591 0.487179 0.0826823 0.0929487 0.00337601
2 0.557943 0.523237 0.0286458 0.03125 0.00314713
0 0.0506185 0.281651 0.101237 0.157853 0.00290108
0 0.722656 0.146635 0.122396 0.219952 0.00282288
2 0.638021 0.473558 0.0572917 0.0464743 0.00269318
1 0.849609 0.88141 0.0351562 0.0288462 0.00268364
2 0.979818 0.223357 0.0221354 0.0348558 0.00259018
2 0.752604 0.144431 0.177083 0.206731 0.00259018
2 0.596354 0.663462 0.0807291 0.0721153 0.00235939
0 0.343099 0.499599 0.141927 0.108974 0.00220871
0 0.33724 0.486779 0.102865 0.0841346 0.00217438
0 0.820313 0.883013 0.0338542 0.0272435 0.00214005
0 0.593913 0.659455 0.0804037 0.0849359 0.00213242
0 0.552734 0.822115 0.286458 0.227564 0.827637
2 0.813802 0.5625 0.161458 0.161859 0.773438
0 0.103516 0.773237 0.0872396 0.230769 0.62793
0 0.11849 0.755609 0.113932 0.261218 0.125488
2 0.936198 0.577724 0.117188 0.164263 0.113586
2 0.563477 0.814904 0.296224 0.233974 0.102661
2 0.105754 0.771635 0.0834147 0.248397 0.0933228
2 0.723958 0.148237 0.117188 0.238782 0.0708008
1 0.553711 0.816506 0.311849 0.229167 0.0337219
0 0.406901 0.821314 0.0638021 0.1875 0.0231476
1 0.589193 0.661859 0.0911458 0.0961538 0.014389
0 0.589193 0.661859 0.0911458 0.0961538 0.0113297
2 0.792969 0.553285 0.153646 0.147436 0.0106506
0 0.210124 0.673077 0.0999349 0.166667 0.00971222
2 0.709635 0.546474 0.09375 0.144231 0.00861359
0 0.113647 0.783854 0.0884603 0.284856 0.00857544
0 0.106405 0.758013 0.0612793 0.24359 0.00800323
2 0.861979 0.568109 0.145833 0.164263 0.00720596
0 0.206706 0.637821 0.0983073 0.214744 0.00717545
2 0.761719 0.558093 0.123698 0.154647 0.006073
0 0.482747 0.242989 0.0904948 0.0813301 0.00584412
0 0.154134 0.760417 0.152669 0.261218 0.00584412
0 0.725912 0.14984 0.126302 0.236779 0.00548935
1 0.81901 0.884615 0.0416666 0.0416667 0.00438309
1 0.104858 0.774038 0.0773926 0.264423 0.00424957
1 0.482747 0.242989 0.0904948 0.0813301 0.00391388
0 0.267904 0.852564 0.0807292 0.107372 0.00345612
2 0.936198 0.600962 0.122396 0.23718 0.00340271
1 0.206706 0.637821 0.0983073 0.214744 0.00282288
1 0.936198 0.577724 0.117188 0.164263 0.00275803
1 0.815104 0.566907 0.167969 0.171474 0.00274658
2 0.0956624 0.75641 0.0853679 0.192308 0.0024147
1 0.210124 0.673077 0.0999349 0.166667 0.00233269
1 0.107096 0.052484 0.0338542 0.0588942 0.00231361
0 0.339193 0.524038 0.123047 0.177885 0.00230598
0 0.936198 0.577724 0.117188 0.164263 0.00222588
0 0.265055 0.733974 0.0948893 0.211538 0.00220871
0 0.401042 0.737981 0.111979 0.331731 0.00211525
0 0.942708 0.145833 0.0546875 0.0737179 0.0020752
0 0.267904 0.872596 0.0787761 0.112179 0.00202751
0 0.369792 0.786058 0.0976563 0.24359 0.0019722
0 0.35026 0.682292 0.102865 0.278045 0.00191879
1 0.19222 0.569712 0.0703125 0.129808 0.00190449
1 0.0956624 0.75641 0.0853679 0.192308 0.00186729
0 0.193197 0.734175 0.127279 0.284856 0.00186729
0 0.114543 0.335036 0.131592 0.243389 0.00174141
0 0.486654 0.823718 0.173828 0.237179 0.0016613
2 0.588704 0.659455 0.0908203 0.107372 0.0015974
1 0.0489095 0.271835 0.097819 0.164663 0.00153637
2 0.483398 0.244792 0.0911459 0.0701122 0.00150681
2 0.816406 0.564103 0.164063 0.158654 0.726562
0 0.553385 0.825321 0.283854 0.225962 0.723145
0 0.107788 0.782252 0.0734863 0.227163 0.710449
2 0.559245 0.822115 0.289062 0.224359 0.113159
2 0.109212 0.777043 0.0722656 0.23758 0.0574951
2 0.726563 0.148438 0.0924479 0.195913 0.0104523
2 0.47526 0.243189 0.0755209 0.0729167 0.00967407
2 0.0960287 0.780649 0.077474 0.220753 0.00677109
1 0.561849 0.823718 0.295573 0.235577 0.00593567
2 0.932292 0.583333 0.119792 0.161859 0.00521851
1 0.0518392 0.284856 0.102051 0.16266 0.00469971
0 0.121053 0.764423 0.0951335 0.248397 0.00391388
2 0.726563 0.152043 0.121094 0.229167 0.00358009
1 0.0622559 0.301282 0.124512 0.160256 0.00349617
1 0.103231 0.782853 0.0760905 0.225962 0.00319672
1 0.817708 0.573718 0.165365 0.165064 0.00263214
0 0.0518392 0.284856 0.102051 0.16266 0.00254059
2 0.710938 0.547676 0.0794271 0.108173 0.00219917
2 0.408203 0.0860377 0.0703125 0.0610978 0.00215721
0 0.0895182 0.762821 0.0869141 0.211538 0.00181007
2 0.682292 0.153646 0.166667 0.216346 0.00148964
2 0.0622559 0.301282 0.124512 0.160256 0.00143814
2 0.0518392 0.284856 0.102051 0.16266 0.00138283
0 0.47526 0.243189 0.0755209 0.0729167 0.00130463
2 0.64209 0.164663 0.127279 0.19992 0.00126457
0 0.725912 0.153646 0.113281 0.222356 0.00124931
0 0.566406 0.823718 0.311198 0.224359 0.906738
2 0.814453 0.572516 0.157552 0.183494 0.789062
0 0.103882 0.773838 0.0793457 0.23758 0.771973
2 0.563802 0.825321 0.311198 0.221154 0.134766
2 0.103882 0.773838 0.0793457 0.23758 0.0923462
0 0.114583 0.769231 0.109375 0.253205 0.0618896
2 0.932292 0.579327 0.121094 0.176282 0.0343628
1 0.560547 0.814904 0.307292 0.232372 0.00731659
1 0.587891 0.659055 0.0898438 0.0857372 0.00564194
1 0.100871 0.773237 0.102946 0.235577 0.0041008
0 0.0792643 0.774038 0.117839 0.230769 0.00257111
2 0.71224 0.546074 0.0833333 0.122596 0.00255013
0 0.403646 0.832532 0.0514323 0.176282 0.00221634
1 0.0967204 0.767428 0.0754395 0.227965 0.0020752
2 0.587891 0.659055 0.0898438 0.0857372 0.00194168
2 0.636719 0.471154 0.0403646 0.0352564 0.00191212
2 0.415365 0.0841346 0.0787761 0.0616987 0.00186062
2 0.723958 0.149639 0.119792 0.225561 0.00166798
2 0.686198 0.540064 0.109375 0.0977564 0.00154305
0 0.587402 0.654647 0.0830078 0.0945513 0.00139904
2 0.114583 0.769231 0.109375 0.253205 0.00134563
0 0.0888672 0.783654 0.0768229 0.25 0.00130463
2 0.40625 0.0888422 0.0690104 0.0659055 0.0012846
0 0.0851237 0.336538 0.108073 0.23718 0.00127888
0 0.0515137 0.284455 0.103027 0.19391 0.00121117
0 0.0722656 0.307592 0.129883 0.192508 0.0011692
2 0.626953 0.434295 0.0377604 0.0769231 0.00107765
0 0.560547 0.822115 0.298177 0.230769 0.827637
0 0.10258 0.773838 0.0826009 0.234375 0.759277
2 0.815104 0.570112 0.166667 0.167468 0.757812
2 0.101888 0.777043 0.0911458 0.22476 0.113159
2 0.556315 0.81891 0.294922 0.227564 0.0560303
0 0.11377 0.769031 0.113932 0.253606 0.0149536
2 0.710287 0.55008 0.0833333 0.120994 0.00847626
2 0.932292 0.576923 0.114583 0.175481 0.00641251
1 0.558594 0.81891 0.300781 0.221154 0.00298119
0 0.317708 0.516426 0.0605469 0.10016 0.00181007
2 0.613932 0.475561 0.0403646 0.0384615 0.00174809
2 0.416667 0.0843349 0.0859375 0.0564904 0.00153065
2 0.624349 0.445513 0.0338542 0.0608974 0.00152493
0 0.310547 0.477564 0.0807292 0.0817308 0.00151253
2 0.634115 0.471955 0.0494792 0.0336538 0.00150108
2 0.525391 0.52484 0.0397136 0.0432692 0.00107765
2 0.689453 0.546074 0.125 0.112179 0.00103188
2 0.592448 0.655449 0.0859375 0.0833333 0.00101662
0 0.558594 0.823718 0.289062 0.224359 0.918945
0 0.100098 0.774239 0.0810547 0.214343 0.861328
2 0.815104 0.568109 0.164063 0.163462 0.78418
2 0.0986735 0.780449 0.0865072 0.209936 0.064209
0 0.113241 0.763622 0.11141 0.258013 0.0623169
2 0.933594 0.576522 0.117188 0.170673 0.0520325
1 0.565104 0.817308 0.292969 0.221154 0.0414734
0 0.729818 0.139824 0.135417 0.238782 0.0152512
2 0.554362 0.825321 0.287109 0.219551 0.00524139
2 0.71224 0.548878 0.0833333 0.116987 0.00387001
0 0.566732 0.803686 0.235026 0.216346 0.00359344
1 0.0986735 0.773838 0.0956217 0.221554 0.00340271
2 0.609375 0.477564 0.0390625 0.0400641 0.00298119
2 0.527995 0.528446 0.0416667 0.0472757 0.00279999
0 0.0792643 0.777244 0.107747 0.211538 0.00232315
2 0.72526 0.14363 0.132812 0.223558 0.00216484
1 0.588542 0.660256 0.0872396 0.0865385 0.00216484
2 0.688802 0.546474 0.130208 0.110577 0.0020504
0 0.684896 0.154046 0.184896 0.206731 0.00196457
2 0.632813 0.474359 0.0520833 0.036859 0.00173378
2 0.555339 0.53125 0.0429688 0.0432692 0.00164223
2 0.630859 0.448718 0.0403646 0.0528846 0.00153637
0 0.479818 0.241787 0.0846354 0.0645032 0.00136662
2 0.113241 0.763622 0.11141 0.258013 0.00118828
0 0.318034 0.530048 0.0585938 0.114583 0.00112915
2 0.430339 0.536859 0.0481771 0.0649038 0.00105667
0 0.564779 0.824519 0.311849 0.232372 0.859863
2 0.813802 0.569712 0.161458 0.166667 0.759277
0 0.0981445 0.778045 0.0836589 0.229167 0.705566
2 0.101888 0.775641 0.0807292 0.233974 0.0997925
2 0.561198 0.823718 0.304688 0.233974 0.0505066
0 0.117147 0.767428 0.119222 0.269631 0.0322266
2 0.933594 0.577324 0.119792 0.164263 0.0244293
1 0.559245 0.823718 0.307292 0.230769 0.00769424
2 0.710287 0.553285 0.0846354 0.13141 0.00720596
2 0.635417 0.475962 0.0442709 0.0352564 0.0050621
2 0.84375 0.572516 0.184896 0.173077 0.00413513
2 0.690755 0.54968 0.122396 0.121795 0.00390053
2 0.611979 0.478365 0.0377604 0.0384615 0.00312424
2 0.526367 0.527244 0.0371093 0.0400641 0.00293541
1 0.0996501 0.777444 0.0975749 0.230369 0.0020504
2 0.484375 0.240385 0.0820313 0.0576923 0.00191212
2 0.117147 0.767428 0.119222 0.269631 0.00176144
1 0.593099 0.661058 0.0846354 0.088141 0.00139904
2 0.931641 0.607372 0.122396 0.235577 0.00132465
2 0.55957 0.530048 0.0371094 0.0392628 0.00130939
2 0.435547 0.536458 0.0442708 0.0536859 0.00115585
2 0.415365 0.0849359 0.0807292 0.0584936 0.00110722
2 0.0818685 0.777244 0.105143 0.227564 0.00101185
0 0.561849 0.819712 0.307292 0.235577 0.892578
0 0.0985921 0.775441 0.0860189 0.23758 0.816406
2 0.813802 0.569712 0.16276 0.177885 0.764648
0 0.11263 0.762019 0.113281 0.290064 0.0646362
2 0.93099 0.577724 0.11849 0.171474 0.0528259
2 0.1014 0.779647 0.0839844 0.25 0.0456848
2 0.557292 0.819712 0.302083 0.225962 0.0289764
2 0.852865 0.572115 0.153646 0.18109 0.0132217
2 0.728516 0.144681 0.130208 0.222656 0.005867
1 0.557292 0.815906 0.307292 0.230369 0.00391388
0 0.199056 0.624199 0.0921224 0.248397 0.00286674
2 0.933594 0.608173 0.121094 0.253205 0.00277901
2 0.0576986 0.279447 0.115397 0.184696 0.00221634
1 0.104329 0.769031 0.070638 0.22476 0.00160408
0 0.132812 0.409856 0.201172 0.418269 0.0014782
0 0.729167 0.143229 0.132812 0.235978 0.00130939
0 0.203776 0.657853 0.09375 0.184295 0.00121117
0 0.0571289 0.282051 0.114258 0.193109 0.0011425
2 0.638672 0.473157 0.0546875 0.0416667 0.00113392
0 0.403646 0.81891 0.0761719 0.214744 0.00112057
2 0.586589 0.652244 0.0885416 0.11859 0.0011034
0 0.559896 0.820312 0.298177 0.234375 0.901367
0 0.101196 0.77484 0.0749512 0.225962 0.829102
2 0.813802 0.570513 0.160156 0.170673 0.713867
2 0.102702 0.774038 0.0771484 0.230769 0.16394
2 0.932943 0.579728 0.11849 0.167468 0.140381
0 0.116374 0.766026 0.105469 0.270833 0.0769653
1 0.55957 0.817308 0.296224 0.229167 0.00974274
1 0.100423 0.778646 0.0865886 0.234375 0.00857544
2 0.935547 0.603766 0.119792 0.231571 0.00443268
0 0.400716 0.826923 0.0598958 0.182692 0.00309944
2 0.556641 0.819712 0.295573 0.233974 0.00288963
2 0.851563 0.575321 0.153646 0.173077 0.00216484
2 0.116374 0.766026 0.105469 0.270833 0.00169373
0 0.201172 0.634215 0.0872396 0.186699 0.00126457
1 0.587891 0.655449 0.0794271 0.0961539 0.00125504
0 0.561523 0.821314 0.298828 0.229167 0.894043
0 0.0997721 0.775441 0.0833334 0.227965 0.81543
2 0.813802 0.570913 0.161458 0.173878 0.789062
2 0.934896 0.58093 0.121094 0.167468 0.329346
0 0.115397 0.767829 0.11263 0.265625 0.0872803
2 0.102702 0.773237 0.0839844 0.238782 0.0859985
1 0.560547 0.818109 0.300781 0.230769 0.0201721
2 0.560872 0.81891 0.296224 0.224359 0.00674438
2 0.865885 0.576122 0.205729 0.174679 0.00658798
1 0.103027 0.777244 0.0979818 0.23718 0.00548935
2 0.416016 0.0848357 0.0859375 0.0679087 0.00418091
2 0.0620931 0.284455 0.124186 0.185096 0.00219917
0 0.409505 0.0872396 0.0898438 0.0723157 0.0017271
2 0.727865 0.150441 0.130208 0.221955 0.00161076
2 0.115397 0.767829 0.11263 0.265625 0.00137234
0 0.402995 0.830128 0.0657552 0.176282 0.00104809
0 0.564453 0.822115 0.304688 0.233974 0.864258
2 0.813802 0.572115 0.161458 0.173077 0.795898
0 0.0989583 0.777444 0.0817057 0.227163 0.774414
2 0.934245 0.580529 0.11849 0.169071 0.10968
2 0.101074 0.777244 0.0820313 0.232372 0.106323
1 0.560221 0.81891 0.301432 0.230769 0.041626
2 0.560872 0.820513 0.297526 0.224359 0.0180511
0 0.114583 0.770032 0.111654 0.261218 0.0147858
1 0.0985921 0.779046 0.0918783 0.230369 0.00643921
2 0.936198 0.608173 0.122396 0.238782 0.00498199
2 0.415365 0.0847356 0.0872396 0.0677083 0.00130463
2 0.729167 0.151893 0.127604 0.221054 0.00118828
2 0.0605469 0.282452 0.121094 0.175481 0.00108624
0 0.564453 0.821314 0.304688 0.232372 0.864258
2 0.813802 0.572115 0.161458 0.173077 0.795898
0 0.0989583 0.777444 0.0817057 0.227163 0.774414
2 0.934245 0.58093 0.11849 0.168269 0.109314
2 0.101074 0.777244 0.0820313 0.232372 0.105957
1 0.560221 0.81891 0.301432 0.230769 0.0414734
2 0.560872 0.820513 0.297526 0.224359 0.0180511
0 0.114543 0.770032 0.11141 0.261218 0.0147324
1 0.0986328 0.779046 0.0917969 0.230369 0.0064888
2 0.936198 0.608173 0.122396 0.238782 0.00498199
2 0.415365 0.0847356 0.0872396 0.0677083 0.00129414
2 0.729167 0.151793 0.127604 0.220453 0.0012064
2 0.0605469 0.282452 0.121094 0.175481 0.00109005
