1 0.589552 0.691225 0.179599 0.200331 0.989746
1 0.173742 0.711093 0.116479 0.216887 0.476562
2 0.17179 0.710265 0.119082 0.216887 0.314941
0 0.173742 0.711093 0.116479 0.216887 0.299072
2 0.408001 0.49048 0.148364 0.105132 0.243652
0 0.591016 0.692881 0.17667 0.203642 0.0769653
0 0.421016 0.493378 0.12624 0.107616 0.0325928
1 0.421016 0.493378 0.12624 0.107616 0.0189819
1 0.627294 0.682533 0.175694 0.168046 0.012825
2 0.343255 0.168874 0.085895 0.0885762 0.0078125
2 0.588088 0.690397 0.177321 0.206954 0.00775528
2 0.341628 0.179015 0.115177 0.119205 0.0051384
0 0.389131 0.492136 0.169187 0.107616 0.00498199
2 0.416461 0.498344 0.121034 0.147351 0.00498199
0 0.168699 0.691639 0.124613 0.308775 0.00479126
0 0.416461 0.498344 0.121034 0.147351 0.0039444
1 0.389131 0.492136 0.169187 0.107616 0.0037365
2 0.168699 0.691639 0.124613 0.308775 0.00367928
2 0.37937 0.225993 0.19912 0.228477 0.00359344
1 0.343255 0.168874 0.085895 0.0885762 0.00338936
2 0.5 0.5 1 1 0.00309944
2 0.431427 0.498344 0.118431 0.112583 0.00302696
2 0.5 0.5 1 1 0.00292397
0 0.5 0.5 1 1 0.00286674
2 0.5 0.5 1 1 0.00274658
2 0.5 0.5 1 1 0.00269318
0 0.343255 0.168874 0.085895 0.0885762 0.00265312
0 0.5 0.5 1 1 0.00265312
1 0.5 0.5 1 1 0.00265312
0 0.5 0.451987 1 0.903974 0.00263214
2 0.5 0.5 1 1 0.00260162
0 0.5 0.5 1 1 0.00257111
1 0.5 0.5 1 1 0.00251198
1 0.5 0.5 1 1 0.00248146
0 0.5 0.5 1 1 0.00247192
2 0.5 0.451987 1 0.903974 0.00246239
2 0.611924 0.516556 0.776152 0.966887 0.00246239
2 0.717744 0.305878 0.353992 0.366722 0.00244331
0 0.611924 0.516556 0.776152 0.966887 0.00230598
1 0.5 0.5 1 1 0.00226974
2 0.5 0.5 1 1 0.00223351
1 0.5 0.451987 1 0.903974 0.00216484
0 0.5 0.5 1 1 0.00209045
1 0.611924 0.516556 0.776152 0.966887 0.00204277
0 0.341628 0.179015 0.115177 0.119205 0.00203514
1 0.720998 0.678808 0.150967 0.147351 0.00203514
1 0.157312 0.698676 0.12201 0.215232 0.00202751
0 0.5 0.5 1 1 0.00202751
1 0.5 0.5 1 1 0.00199509
1 0.168699 0.691639 0.124613 0.308775 0.0019722
1 0.16691 0.700745 0.115177 0.221026 0.786621
1 0.577839 0.693295 0.17179 0.202815 0.782715
1 0.172115 0.726821 0.0989094 0.195364 0.393311
2 0.402796 0.494619 0.0754835 0.0877483 0.0603027
2 0.16691 0.700745 0.115177 0.221026 0.0204163
2 0.381973 0.495861 0.0937036 0.0927153 0.0123367
1 0.187733 0.720199 0.0943544 0.210265 0.00818634
0 0.16756 0.711921 0.116479 0.230132 0.00760651
2 0.588251 0.694536 0.158776 0.203642 0.00577545
1 0.409628 0.490894 0.108019 0.115894 0.00516129
2 0.407351 0.283527 0.10802 0.0968543 0.00500107
2 0.173092 0.724959 0.0995601 0.195778 0.00352478
1 0.446963 0.657699 0.499916 0.413079 0.00349617
1 0.404097 0.493378 0.0774357 0.0860927 0.00327301
0 0.402796 0.494619 0.0754835 0.0877483 0.00298119
0 0.580442 0.692467 0.169187 0.202815 0.00277901
1 0.353666 0.673013 0.322106 0.326159 0.00239754
0 0.407351 0.283527 0.10802 0.0968543 0.00225258
1 0.583045 0.66846 0.161379 0.298841 0.0018034
2 0.409628 0.490894 0.108019 0.115894 0.00178242
2 0.361475 0.287252 0.0631198 0.0794702 0.0016489
1 0.381973 0.495861 0.0937036 0.0927153 0.00158501
0 0.409628 0.490894 0.108019 0.115894 0.00152493
1 0.373513 0.542219 0.203025 0.221854 0.00150108
0 0.176996 0.680878 0.114201 0.250828 0.00144958
0 0.46559 0.789735 0.93118 0.42053 0.00138855
1 0.46559 0.789735 0.93118 0.42053 0.00135612
2 0.46559 0.789735 0.93118 0.42053 0.00133514
0 0.437934 0.47351 0.875869 0.94702 0.00130463
2 0.5 0.621689 1 0.756623 0.00129986
0 0.5 0.385762 1 0.771523 0.00126457
2 0.5 0.385762 1 0.771523 0.00124454
2 0.5 0.5 1 1 0.00124454
2 0.4067 0.282906 0.152268 0.10803 0.00123978
2 0.437934 0.47351 0.875869 0.94702 0.00122547
0 0.5 0.621689 1 0.756623 0.00122547
2 0.493896 0.5 0.987793 1 0.00119686
2 0.767609 0.834851 0.464783 0.330298 0.00118828
2 0.373513 0.542219 0.203025 0.221854 0.00117397
2 0.650316 0.828021 0.699367 0.343957 0.00113392
2 0.5 0.850993 1 0.298013 0.00112057
2 0.353666 0.673013 0.322106 0.326159 0.0011158
0 0.71669 0.194536 0.566621 0.389073 0.00110722
1 0.5 0.621689 1 0.756623 0.00110722
2 0.5 0.337748 1 0.675497 0.00109482
1 0.934356 0.956126 0.131289 0.0877484 0.00109005
0 0.5 0.337748 1 0.675497 0.00107765
0 0.5 0.5 1 1 0.00107765
1 0.767609 0.834851 0.464783 0.330298 0.00107288
1 0.5 0.850993 1 0.298013 0.00106907
1 0.583696 0.688742 0.166584 0.195364 0.774414
1 0.167072 0.716887 0.109646 0.226821 0.680664
2 0.404748 0.490894 0.0676749 0.0927153 0.0133286
0 0.155685 0.715232 0.121359 0.25 0.00746155
1 0.404748 0.490894 0.0676749 0.0927153 0.00679779
1 0.147225 0.716887 0.144785 0.266556 0.0055542
2 0.167398 0.698262 0.129819 0.245861 0.00521851
1 0.925974 0.364135 0.0989094 0.164114 0.00450516
1 0.829668 0.518212 0.0663735 0.0993378 0.00450516
0 0.404748 0.490894 0.0676749 0.0927153 0.00301552
2 0.933132 0.358858 0.114527 0.182119 0.00296974
2 0.938585 0.261176 0.12283 0.394868 0.00293541
1 0.169187 0.686258 0.143809 0.264901 0.00292397
1 0.590854 0.656457 0.143158 0.172185 0.00286674
0 0.412556 0.279387 0.0937037 0.105132 0.00283432
2 0.380671 0.489652 0.106718 0.0976821 0.0026722
1 0.939887 0.362169 0.120227 0.202815 0.00265312
1 0.921419 0.373344 0.122335 0.19702 0.00253105
2 0.412556 0.279387 0.0937037 0.105132 0.00246239
1 0.339025 0.180464 0.0845936 0.128311 0.00230598
0 0.347484 0.236755 0.104115 0.188742 0.00226974
2 0.592806 0.687086 0.176996 0.18543 0.00194931
1 0.938585 0.261176 0.12283 0.394868 0.00176811
0 0.933783 0.361652 0.109321 0.172392 0.00138283
0 0.339676 0.192053 0.0897993 0.147351 0.00137806
2 0.347484 0.236755 0.104115 0.188742 0.00136662
2 0.339025 0.180464 0.0845936 0.128311 0.00131512
1 0.412556 0.279387 0.0937037 0.105132 0.00130463
1 0.337724 0.22144 0.0989094 0.206954 0.00127888
2 0.428824 0.282699 0.0995601 0.106788 0.00124454
1 0.834223 0.505381 0.0754836 0.137417 0.00123978
1 0.853094 0.490894 0.113225 0.178808 0.00122547
1 0.607772 0.637417 0.179599 0.183775 0.00113773
0 0.34358 0.281043 0.107369 0.115894 0.00113392
1 0.0874405 0.760555 0.174881 0.478891 0.0011158
0 0.380671 0.489652 0.106718 0.0976821 0.00109005
2 0.682605 0.247517 0.252479 0.232616 0.00108147
2 0.667639 0.220199 0.292824 0.282285 0.00107288
1 0.0205383 0.804636 0.0410767 0.390729 0.00103188
1 0.570031 0.725166 0.152268 0.271523 0.00100803
1 0.581744 0.697848 0.170489 0.192053 0.921387
1 0.161704 0.705712 0.124288 0.239238 0.845703
1 0.925324 0.358444 0.111924 0.166391 0.339844
2 0.414834 0.5 0.0787371 0.0811258 0.291748
2 0.412556 0.276904 0.113225 0.0943709 0.216064
1 0.826414 0.524007 0.0715792 0.0761589 0.137085
2 0.43403 0.28394 0.112575 0.105132 0.133423
0 0.224173 0.397351 0.065072 0.0927153 0.11554
1 0.224173 0.397351 0.065072 0.0927153 0.100525
0 0.817304 0.212334 0.0702777 0.155629 0.0991211
2 0.378719 0.273179 0.110622 0.120861 0.0528259
2 0.37091 0.288493 0.0819907 0.0951987 0.0483093
1 0.410604 0.494205 0.0832921 0.0860927 0.0456848
1 0.43403 0.28394 0.112575 0.105132 0.0384521
1 0.34781 0.169495 0.0637706 0.0844371 0.037323
0 0.376116 0.281871 0.0767849 0.0927152 0.0348816
1 0.816003 0.833609 0.0494547 0.10596 0.0307922
1 0.314948 0.963576 0.0435982 0.0529802 0.0256653
1 0.18334 0.715232 0.10379 0.218543 0.0252686
0 0.933132 0.356788 0.122335 0.173841 0.0241394
1 0.412556 0.276904 0.113225 0.0943709 0.0225372
1 0.0052871 0.0827815 0.0105742 0.165563 0.0224609
2 0.387829 0.492136 0.116479 0.089404 0.0213623
1 0.376116 0.281871 0.0767849 0.0927152 0.0209656
2 0.224173 0.397351 0.065072 0.0927153 0.0208893
1 0.0188709 0.66308 0.0377418 0.119205 0.0181274
0 0.412556 0.276904 0.113225 0.0943709 0.0177155
2 0.314948 0.963576 0.0435982 0.0529802 0.0166626
0 0.410604 0.494205 0.0832921 0.0860927 0.0145035
1 0.806893 0.682533 0.0338374 0.044702 0.014389
1 0.924673 0.105184 0.0533591 0.0752276 0.0139542
1 0.028469 0.640315 0.056938 0.156457 0.0139542
1 0.0821534 0.535596 0.0719045 0.0596027 0.0118713
1 0.347484 0.971026 0.0637705 0.0496688 0.0117798
1 0.338049 0.184189 0.0819907 0.120861 0.0112457
1 0.819907 0.202401 0.0715792 0.131623 0.0112457
0 0.378719 0.273179 0.110622 0.120861 0.0112457
1 0.00374164 0.129346 0.00748328 0.258692 0.0104065
2 0.924673 0.105184 0.0533591 0.0752276 0.0103302
1 0.0621438 0.548427 0.106067 0.0927153 0.00971222
1 0.00890673 0.113204 0.0178135 0.226407 0.00955963
1 0.0391245 0.606788 0.0782491 0.18543 0.00955963
0 0.810797 0.219371 0.0963065 0.162252 0.00937653
0 0.43403 0.28394 0.112575 0.105132 0.00926971
1 0.672844 0.0530836 0.0989095 0.102856 0.00912476
1 0.0575887 0.634106 0.0989094 0.15894 0.00905609
1 0.575236 0.0586714 0.114527 0.116101 0.00898743
1 0.832271 0.499172 0.0793878 0.134106 0.00891876
1 0.0527083 0.610099 0.105417 0.218543 0.00871277
2 0.52383 0.0726407 0.222546 0.145281 0.00867462
1 0.587112 0.690397 0.17667 0.200331 0.844727
1 0.171465 0.723303 0.093053 0.199089 0.841797
1 0.162029 0.705298 0.11713 0.218543 0.633301
0 0.799084 0.221027 0.124938 0.182119 0.0753174
0 0.429475 0.281871 0.109321 0.0827815 0.0430298
0 0.812098 0.209851 0.0884979 0.163079 0.0367737
0 0.393035 0.495447 0.0806893 0.0753311 0.0321045
0 0.351389 0.173841 0.065072 0.080298 0.0127258
1 0.228565 0.403146 0.0680002 0.109271 0.00871277
1 0.430451 0.285389 0.109972 0.0914735 0.00812531
2 0.393035 0.495447 0.0806893 0.0753311 0.0078125
0 0.171465 0.723303 0.093053 0.199089 0.00775528
2 0.351389 0.173841 0.065072 0.080298 0.00679779
2 0.312996 0.963576 0.0364403 0.0413907 0.00634003
1 0.312996 0.963576 0.0364403 0.0413907 0.00629044
0 0.228565 0.403146 0.0680002 0.109271 0.00614548
1 0.812098 0.209851 0.0884979 0.163079 0.00588989
1 0.393035 0.495447 0.0806893 0.0753311 0.00568771
1 0.351389 0.173841 0.065072 0.080298 0.00540543
0 0.375465 0.284768 0.0924022 0.0778146 0.00526047
2 0.937037 0.363411 0.111924 0.177152 0.0046463
0 0.927927 0.358858 0.114527 0.17053 0.00450516
1 0.178948 0.702815 0.119732 0.241722 0.00432968
2 0.429475 0.281871 0.109321 0.0827815 0.00416565
0 0.377418 0.297599 0.101512 0.0860927 0.00250244
2 0.812098 0.209437 0.101512 0.162252 0.00239754
0 0.38848 0.493791 0.110622 0.0885762 0.00228691
0 0.341628 0.192467 0.0852443 0.127897 0.00226021
2 0.228565 0.403146 0.0680002 0.109271 0.00211525
2 0.171465 0.723303 0.093053 0.199089 0.00209045
2 0.342929 0.181291 0.076785 0.100166 0.00195694
2 0.407351 0.292632 0.154871 0.136589 0.00191212
0 0.79583 0.25207 0.137953 0.256623 0.00181007
1 0.810797 0.687086 0.0286317 0.0513245 0.00179577
2 0.38848 0.493791 0.110622 0.0885762 0.00164223
2 0.387178 0.285182 0.101512 0.162252 0.00148964
2 0.810797 0.687086 0.0286317 0.0513245 0.00141621
1 0.799084 0.221027 0.124938 0.182119 0.00133514
2 0.163168 0.70447 0.115828 0.220199 0.00131512
2 0.336422 0.970199 0.0670242 0.0430464 0.00116062
0 0.234259 0.407285 0.0826414 0.129139 0.00106907
0 0.163168 0.70447 0.115828 0.220199 0.00102043
1 0.585648 0.687914 0.174393 0.201987 0.848145
1 0.167235 0.700745 0.106718 0.221026 0.656738
2 0.163656 0.703642 0.109321 0.228477 0.0838623
0 0.423944 0.285182 0.119732 0.110099 0.0268555
2 0.423944 0.285182 0.119732 0.110099 0.0267639
0 0.76785 0.221233 0.196517 0.196606 0.0225372
0 0.793878 0.215025 0.140556 0.180877 0.021286
0 0.810797 0.215232 0.0937037 0.175497 0.0173798
0 0.818606 0.209023 0.0676749 0.156871 0.0143356
2 0.376116 0.489652 0.106718 0.104305 0.0115051
0 0.740519 0.224338 0.286317 0.213576 0.00948334
1 0.423619 0.285182 0.12624 0.110099 0.00912476
0 0.168048 0.707368 0.094029 0.224338 0.00898743
2 0.926625 0.359272 0.100211 0.169702 0.00775528
2 0.0741821 0.549255 0.0930529 0.116722 0.00572968
2 0.164469 0.722682 0.328939 0.554636 0.00548935
2 0.819503 0.321296 0.360993 0.443502 0.00519943
0 0.379695 0.495447 0.0937037 0.0968543 0.0051384
2 0.0750768 0.540563 0.0847563 0.0894039 0.00492477
2 0.74117 0.26904 0.326661 0.316225 0.00468063
2 0.78892 0.573676 0.422161 0.68543 0.00429916
0 0.770452 0.256209 0.229053 0.288079 0.00426483
2 0.403446 0.268626 0.158776 0.156457 0.0039444
2 0.771103 0.301738 0.326661 0.386589 0.00385475
0 0.385552 0.260762 0.189359 0.165563 0.00376511
2 0.936633 0.362686 0.126734 0.196813 0.0037365
0 0.74117 0.26904 0.326661 0.316225 0.0037365
2 0.19424 0.285803 0.38848 0.571606 0.00353813
1 0.0750768 0.540563 0.0847563 0.0894039 0.00294685
2 0.231331 0.390729 0.0475025 0.0745033 0.00282288
2 0.408001 0.490894 0.0806893 0.102649 0.00279999
2 0.167398 0.718129 0.334795 0.563742 0.00270462
1 0.15357 0.673013 0.106067 0.172185 0.00266266
2 0.396288 0.496275 0.0950051 0.0951987 0.00261116
2 0.15357 0.673013 0.106067 0.172185 0.00243378
0 0.771103 0.301738 0.326661 0.386589 0.00243378
2 0.816575 0.374586 0.36685 0.576987 0.00214958
1 0.511791 0.206747 0.0468518 0.0616722 0.00211525
2 0.389456 0.284147 0.201723 0.132864 0.00200272
2 0.768097 0.460265 0.463807 0.736755 0.00198746
2 0.0228972 0.743378 0.0457944 0.513245 0.0018177
2 0.265494 0.264487 0.530987 0.528974 0.00179577
2 0.716364 0.956954 0.567271 0.0860927 0.00176811
0 0.327963 0.234272 0.122335 0.225993 0.00174809
0 0.231331 0.390729 0.0475025 0.0745033 0.00174141
2 0.769151 0.237997 0.203025 0.235927 0.00173378
0 0.389456 0.284147 0.201723 0.132864 0.0017271
2 0.325035 0.963576 0.0507561 0.044702 0.00169373
1 0.231331 0.390729 0.0475025 0.0745033 0.00157356
2 0.171302 0.227442 0.342604 0.454884 0.00155449
1 0.582394 0.687914 0.167886 0.203642 0.905762
1 0.165608 0.699503 0.108996 0.215232 0.803223
0 0.82251 0.208816 0.0702777 0.169288 0.0592041
0 0.393686 0.495033 0.0806893 0.0960265 0.0460205
0 0.437284 0.284147 0.110622 0.12293 0.0275879
0 0.172115 0.712748 0.0911008 0.206954 0.0227966
0 0.823161 0.225579 0.0845936 0.195364 0.0207977
1 0.830319 0.516556 0.0624692 0.0976821 0.0182648
0 0.227264 0.40149 0.0673495 0.112583 0.0164642
1 0.147388 0.659354 0.0950051 0.128311 0.0142288
0 0.410604 0.5 0.0728806 0.0860927 0.0141754
0 0.398891 0.282906 0.065072 0.107202 0.0135345
0 0.376767 0.491308 0.107369 0.108444 0.0107346
2 0.419714 0.5 0.0663734 0.0844371 0.0086441
1 0.012201 0.209023 0.024402 0.418046 0.0078125
1 0.0833328 0.532699 0.0838615 0.0968543 0.00763702
2 0.394987 0.49255 0.0819907 0.0976821 0.00751877
0 0.584346 0.684603 0.169187 0.215232 0.00725937
0 0.830319 0.516556 0.0624692 0.0976821 0.0064888
0 0.79518 0.222889 0.137953 0.204884 0.00595856
1 0.149503 0.689156 0.100211 0.201159 0.00542831
1 0.182527 0.70447 0.100862 0.22351 0.0049057
1 0.821209 0.836921 0.0364403 0.0745033 0.00450516
0 0.92207 0.354305 0.105417 0.168046 0.0039444
0 0.0833328 0.532699 0.0838615 0.0968543 0.00374985
1 0.0792252 0.559603 0.103139 0.162252 0.00367928
2 0.372212 0.489652 0.106718 0.112583 0.00367928
0 0.00597849 0.21606 0.011957 0.432119 0.00333786
2 0.821209 0.836921 0.0364403 0.0745033 0.00322342
0 0.482834 0.227235 0.0364403 0.0587749 0.00307465
0 0.44314 0.415563 0.300633 0.281457 0.00265312
0 0.428824 0.306705 0.148364 0.176325 0.00256157
0 0.543026 0.284147 0.137302 0.125414 0.00239754
0 0.471121 0.311155 0.239465 0.198882 0.00239754
1 0.0658854 0.597682 0.117455 0.241722 0.00232315
2 0.0106555 0.823676 0.0213111 0.352649 0.00225258
0 0.833572 0.257864 0.0937037 0.289735 0.00223351
0 0.391083 0.453642 0.278508 0.193709 0.00221634
0 0.463313 0.495033 0.166584 0.112583 0.00219917
0 0.51049 0.21606 0.0540097 0.0612583 0.00216484
0 0.459408 0.506622 0.118431 0.0877483 0.00214958
1 0.0389619 0.612169 0.0779237 0.227649 0.00208282
1 0.104115 0.600166 0.0855697 0.228477 0.00198746
0 0.0133398 0.267384 0.0266795 0.534768 0.00194931
0 0.00431102 0.824503 0.00862204 0.350993 0.00182438
0 0.366681 0.282285 0.14446 0.138245 0.00171375
0 0.0044737 0.297185 0.0089474 0.594371 0.0017004
1 0.921419 0.352649 0.106718 0.165563 0.00168705
0 0.728806 0.236548 0.275905 0.248758 0.00168133
0 0.791926 0.298013 0.232958 0.356788 0.0016489
1 0.583696 0.690811 0.175694 0.214404 0.891602
1 0.169187 0.704884 0.105417 0.225993 0.864258
0 0.816003 0.214611 0.0780864 0.178394 0.208862
2 0.403446 0.495861 0.0663734 0.0827815 0.125122
1 0.1578 0.681291 0.122335 0.200331 0.025177
0 0.808194 0.222682 0.109321 0.206954 0.0123367
0 0.922721 0.354719 0.106718 0.156457 0.0117798
1 0.816003 0.214611 0.0780864 0.178394 0.0085144
2 0.378394 0.491722 0.0982587 0.0968543 0.00809479
1 0.924022 0.355236 0.104115 0.155422 0.00763702
2 0.922721 0.354719 0.106718 0.156457 0.00695801
0 0.405398 0.495033 0.0663735 0.0844371 0.00679779
2 0.163656 0.702815 0.121685 0.235099 0.00674438
0 0.171302 0.713162 0.0966319 0.211093 0.0053215
1 0.323082 0.962748 0.053359 0.0430464 0.00332451
1 0.405398 0.495033 0.0663735 0.0844371 0.00327301
2 0.816003 0.214611 0.0780864 0.178394 0.00302696
2 0.323082 0.962748 0.053359 0.0430464 0.00221634
2 0.227752 0.406457 0.0611677 0.122517 0.00219917
0 0.228077 0.406043 0.0618184 0.125828 0.00199509
0 0.1578 0.681291 0.122335 0.200331 0.00183868
0 0.815352 0.244205 0.0884979 0.241722 0.00172043
0 0.826414 0.249172 0.163981 0.254967 0.00150108
0 0.933132 0.366308 0.119732 0.187086 0.00146675
1 0.420365 0.285182 0.104115 0.104305 0.00144386
0 0.420365 0.285182 0.104115 0.104305 0.00134087
1 0.081828 0.548841 0.08134 0.124172 0.00131512
2 0.420365 0.285182 0.104115 0.104305 0.00121593
2 0.349437 0.968543 0.0637706 0.0430464 0.0011425
0 0.890185 0.311258 0.158776 0.255795 0.00104427
2 0.933132 0.366308 0.119732 0.187086 0.00103664
1 0.332843 0.225579 0.107369 0.225166 0.00101185
1 0.584346 0.687914 0.176996 0.210265 0.869629
1 0.173092 0.704056 0.100862 0.219371 0.760742
2 0.402796 0.49048 0.0735313 0.0943708 0.112793
0 0.818606 0.219164 0.0780864 0.18005 0.0844727
0 0.930529 0.35834 0.114527 0.193916 0.0297546
2 0.930529 0.35834 0.114527 0.193916 0.021698
2 0.421667 0.288907 0.136651 0.125828 0.0200195
0 0.421016 0.287252 0.136651 0.121689 0.0183411
2 0.159426 0.700331 0.119732 0.238411 0.0182648
0 0.800385 0.223717 0.124938 0.215646 0.0167847
0 0.172603 0.70447 0.0992348 0.230132 0.0115051
0 0.40182 0.490894 0.0709285 0.0927153 0.0111618
2 0.38002 0.487997 0.100211 0.104305 0.00955963
1 0.926625 0.352649 0.111924 0.17798 0.0068512
0 0.819907 0.237997 0.0937037 0.264073 0.00479126
0 0.229541 0.414735 0.0680002 0.14404 0.00419998
2 0.395638 0.277525 0.185455 0.150248 0.00397491
2 0.8134 0.221027 0.0754835 0.179636 0.00348282
0 0.395638 0.277525 0.185455 0.150248 0.00245285
1 0.157312 0.700745 0.120383 0.239238 0.00242424
0 0.386853 0.488411 0.0982587 0.0985099 0.00237846
2 0.388805 0.237376 0.206278 0.236341 0.00226974
2 0.330891 0.503725 0.0670242 0.093543 0.0020504
0 0.388805 0.237376 0.206278 0.236341 0.00204277
2 0.459083 0.514901 0.154871 0.122517 0.00204277
2 0.350738 0.493378 0.11713 0.0877484 0.00186729
2 0.229704 0.414735 0.0819907 0.160596 0.0017271
0 0.24402 0.418046 0.0761342 0.160596 0.00167465
1 0.421016 0.287252 0.136651 0.121689 0.00160408
1 0.821208 0.217301 0.0819907 0.17798 0.00151253
0 0.774357 0.24048 0.169187 0.269868 0.00148964
0 0.836175 0.261589 0.097608 0.292219 0.00134563
2 0.24402 0.418046 0.0761342 0.160596 0.00131989
1 0.583045 0.694536 0.178297 0.18543 0.850098
1 0.174068 0.706954 0.0917515 0.195364 0.771973
0 0.820558 0.198675 0.0663734 0.129139 0.126343
2 0.430777 0.285182 0.106718 0.0951987 0.0878906
0 0.819907 0.221854 0.0728806 0.171358 0.0544128
2 0.169187 0.703642 0.101512 0.211921 0.0255585
2 0.926625 0.353063 0.109321 0.169702 0.0199432
0 0.435982 0.284561 0.097608 0.093957 0.0195007
0 0.924022 0.350062 0.104115 0.160803 0.0164032
1 0.929228 0.348406 0.102814 0.179015 0.0115967
1 0.155847 0.662252 0.111273 0.150662 0.0106506
0 0.796481 0.22144 0.122335 0.187086 0.00945282
1 0.435982 0.284561 0.097608 0.093957 0.00905609
2 0.398891 0.489238 0.0806893 0.0976821 0.00878143
0 0.175369 0.710679 0.0884979 0.199503 0.00784302
2 0.311695 0.961921 0.0318853 0.039735 0.00717545
2 0.825113 0.204884 0.0780864 0.15149 0.0050621
2 0.392384 0.290563 0.136651 0.0902318 0.00462723
0 0.808845 0.212748 0.0924022 0.166391 0.00445175
2 0.583696 0.692467 0.174393 0.196192 0.00335121
2 0.378719 0.489652 0.114527 0.101821 0.00327301
1 0.820558 0.198675 0.0663734 0.129139 0.00312424
2 0.155847 0.662252 0.111273 0.150662 0.00301552
2 0.231168 0.397351 0.0543351 0.0927153 0.00298119
2 0.422968 0.283113 0.121685 0.120861 0.0026722
1 0.311695 0.961921 0.0318853 0.039735 0.0026207
0 0.231168 0.397351 0.0543351 0.0927153 0.00225258
0 0.16691 0.68957 0.0904501 0.206954 0.00206757
1 0.506585 0.205919 0.0448997 0.0538079 0.0020504
0 0.422968 0.283113 0.121685 0.120861 0.0020504
0 0.842682 0.227649 0.147063 0.196192 0.00194931
1 0.154546 0.696606 0.110622 0.224338 0.00188255
0 0.402145 0.49048 0.065072 0.0885762 0.00176811
0 0.155847 0.662252 0.111273 0.150662 0.00172043
2 0.486739 0.224131 0.0338374 0.0666391 0.00163555
2 0.908405 0.0637417 0.0533591 0.127483 0.0015974
2 0.506585 0.205919 0.0448997 0.0538079 0.0014782
1 0.82251 0.21875 0.0806892 0.174255 0.00145531
2 0.921419 0.0647765 0.0598662 0.129553 0.00144958
0 0.397265 0.289528 0.148364 0.0906457 0.00144958
0 0.743122 0.229305 0.221245 0.200331 0.00141048
2 0.762644 0.0539114 0.0416461 0.0420116 0.00137234
1 0.486739 0.224131 0.0338374 0.0666391 0.00130939
1 0.176182 0.708195 0.0881725 0.20447 0.812988
1 0.5876 0.692881 0.176996 0.192053 0.806641
0 0.818606 0.218336 0.0741821 0.172599 0.405518
0 0.229053 0.413907 0.069627 0.140728 0.0219421
1 0.82251 0.221854 0.0793878 0.182947 0.0137939
0 0.435332 0.288907 0.111924 0.0985099 0.0126266
1 0.83162 0.504139 0.0676749 0.135762 0.0112457
1 0.183178 0.698676 0.1129 0.246689 0.00871277
1 0.133398 0.650662 0.0767849 0.124172 0.00669098
1 0.835524 0.483444 0.0728807 0.182119 0.00634003
2 0.435332 0.288907 0.111924 0.0985099 0.00568771
1 0.439561 0.290149 0.106067 0.0927153 0.00521851
0 0.896041 0.648593 0.0559619 0.209437 0.00479126
1 0.231982 0.415563 0.0618184 0.135762 0.0046463
1 0.164795 0.688742 0.115503 0.243377 0.00397491
1 0.486088 0.225993 0.0338375 0.0529801 0.0039444
1 0.924673 0.345199 0.111924 0.192881 0.00247192
2 0.829668 0.224752 0.0950051 0.168874 0.00231361
1 0.836826 0.429222 0.0780864 0.236755 0.00192642
1 0.826414 0.834437 0.0520576 0.107616 0.00187492
2 0.408327 0.491722 0.0826414 0.0960265 0.00176811
0 0.821208 0.231374 0.0819907 0.230132 0.00167465
0 0.401494 0.487169 0.0754835 0.101821 0.00138855
1 0.228891 0.418046 0.0797132 0.150662 0.00116062
1 0.896041 0.648593 0.0559619 0.209437 0.00106525
1 0.829668 0.445364 0.0715792 0.182119 0.00105667
0 0.88563 0.60596 0.0689763 0.22351 0.00105286
1 0.401494 0.487169 0.0754835 0.101821 0.00100422
1 0.586299 0.691225 0.17179 0.203642 0.833496
1 0.172115 0.707368 0.106067 0.227649 0.813965
0 0.17602 0.707781 0.0956558 0.226821 0.00208282
1 0.933132 0.363411 0.11713 0.18957 0.00138855
1 0.826414 0.504967 0.0585648 0.134106 0.00133514
0 0.821209 0.224131 0.0676749 0.179222 0.00127888
2 0.170163 0.707781 0.110622 0.230132 0.00127411
1 0.169838 0.70447 0.0956558 0.238411 0.78418
1 0.581744 0.691225 0.17179 0.211921 0.769043
0 0.820558 0.215646 0.0676749 0.183775 0.0414734
2 0.155034 0.706126 0.116804 0.251656 0.00403976
0 0.922721 0.352649 0.100211 0.179636 0.00362206
0 0.169838 0.70447 0.0956558 0.238411 0.00291252
0 0.234585 0.416391 0.0624691 0.149007 0.00226021
0 0.805591 0.220199 0.0884979 0.206954 0.00219154
2 0.395312 0.487583 0.0748328 0.100993 0.00203514
2 0.924673 0.357202 0.111924 0.192053 0.00154877
1 0.924673 0.357202 0.111924 0.192053 0.00115108
0 0.909706 0.328746 0.109321 0.195157 0.00114727
1 0.581093 0.690397 0.170489 0.208609 0.844727
1 0.169675 0.701573 0.0989094 0.229305 0.668945
0 0.817304 0.216267 0.0806893 0.186672 0.125122
0 0.16935 0.703642 0.0992348 0.228477 0.0142822
2 0.16935 0.703642 0.0992348 0.228477 0.0139542
0 0.929879 0.354408 0.0989094 0.185224 0.00651169
0 0.231656 0.412252 0.0709285 0.152318 0.00291252
2 0.929879 0.354408 0.0989094 0.185224 0.00206757
2 0.818606 0.217508 0.0884979 0.190811 0.00188255
0 0.39759 0.490066 0.0741821 0.0968543 0.00188255
0 0.83162 0.23096 0.119733 0.177152 0.00176144
0 0.899946 0.316639 0.121034 0.236755 0.00108624
2 0.399542 0.489652 0.074182 0.0968543 0.00107765
1 0.582394 0.684189 0.170489 0.197848 0.82666
1 0.169187 0.700331 0.100536 0.205298 0.760742
0 0.819907 0.222475 0.0754835 0.182533 0.00945282
0 0.170814 0.712748 0.097608 0.192053 0.00277901
2 0.16756 0.703642 0.102814 0.213576 0.00243378
0 0.231656 0.407699 0.0598662 0.114238 0.00127411
2 0.924022 0.348924 0.104115 0.160596 0.00116539
1 0.581093 0.688328 0.17179 0.202815 0.818848
1 0.166584 0.703229 0.107369 0.229305 0.616699
0 0.819907 0.224338 0.0715792 0.190397 0.00593567
0 0.170489 0.706126 0.100211 0.216887 0.00419998
2 0.170489 0.706126 0.100211 0.216887 0.00167465
1 0.581093 0.683775 0.176996 0.208609 0.779785
1 0.164957 0.703642 0.104766 0.238411 0.663574
0 0.168374 0.708195 0.0982587 0.224338 0.0161591
0 0.817304 0.218129 0.0832921 0.195364 0.00981903
2 0.168374 0.708195 0.0982587 0.224338 0.00460815
0 0.232795 0.41101 0.0693017 0.153146 0.00335121
1 0.582882 0.686258 0.172115 0.203642 0.810547
1 0.17179 0.701159 0.0937037 0.213576 0.729492
0 0.816653 0.218957 0.0715792 0.17053 0.018692
0 0.232958 0.413907 0.0598662 0.13245 0.0108185
2 0.929228 0.346751 0.0884979 0.179015 0.00784302
0 0.171302 0.707781 0.0953305 0.208609 0.0064888
1 0.82251 0.50745 0.0572633 0.104305 0.00281143
2 0.171302 0.707781 0.0953305 0.208609 0.00253105
0 0.806893 0.221026 0.0832921 0.191225 0.00211525
0 0.232307 0.416805 0.0748328 0.153974 0.0017004
1 0.232958 0.413907 0.0598662 0.13245 0.00136662
2 0.232958 0.413907 0.0598662 0.13245 0.0012064
0 0.929228 0.346751 0.0884979 0.179015 0.00119209
1 0.583696 0.68957 0.174393 0.203642 0.838867
1 0.167235 0.702815 0.10867 0.228477 0.744629
0 0.171139 0.705298 0.0992348 0.218543 0.00638962
2 0.931831 0.350993 0.0937037 0.181291 0.003088
0 0.232307 0.412666 0.0644213 0.138245 0.00263214
0 0.818606 0.222889 0.0780864 0.176738 0.00194168
2 0.171139 0.705298 0.0992348 0.218543 0.00148964
1 0.823811 0.508692 0.0572633 0.101821 0.00134563
1 0.58272 0.689983 0.175044 0.206126 0.813965
1 0.166096 0.705298 0.106718 0.228477 0.730957
0 0.171139 0.708609 0.097608 0.215232 0.00963593
2 0.171139 0.708609 0.097608 0.215232 0.00223351
2 0.927927 0.352649 0.0937037 0.181291 0.0016489
1 0.824462 0.509106 0.0572633 0.104305 0.00121593
1 0.58272 0.689983 0.175044 0.206126 0.813965
1 0.166259 0.70447 0.106718 0.228477 0.730957
0 0.171139 0.708609 0.097608 0.215232 0.00955963
2 0.171139 0.708609 0.097608 0.215232 0.00222588
2 0.927927 0.352649 0.0937037 0.181291 0.00165462
1 0.824462 0.509106 0.0572633 0.104305 0.00122547
