2 0.510989 0.75 0.251084 0.169271 0.622559
1 0.511668 0.751302 0.253798 0.171875 0.39502
1 0.0436852 0.542969 0.0873704 0.178385 0.104126
2 0.510311 0.466146 0.158794 0.0833333 0.0812378
0 0.511668 0.751302 0.253798 0.171875 0.0637207
2 0.549331 0.480794 0.113327 0.0748698 0.0524292
2 0.0386805 0.344727 0.077361 0.0976562 0.0428772
1 0.406824 0.098348 0.0624317 0.0572103 0.0405273
0 0.0386805 0.344727 0.077361 0.0976562 0.0402527
1 0.789217 0.483073 0.05836 0.0690104 0.036499
1 0.582922 0.752604 0.111291 0.164063 0.0328369
1 0.510311 0.466146 0.158794 0.0833333 0.0325928
2 0.510311 0.452799 0.139793 0.0664062 0.0313721
2 0.236154 0.397786 0.192045 0.153646 0.03125
2 0.0487747 0.178874 0.0975494 0.19043 0.0302124
1 0.551027 0.751302 0.173723 0.161458 0.0297546
1 0.425146 0.0898031 0.0888973 0.0677897 0.0271759
1 0.549331 0.480794 0.113327 0.0748698 0.0269623
1 0.438379 0.200195 0.23344 0.143229 0.0266571
0 0.510311 0.466146 0.158794 0.0833333 0.02211
1 0.0386805 0.344727 0.077361 0.0976562 0.0217743
1 0.357964 0.18457 0.11197 0.154297 0.0207214
1 0.510311 0.452799 0.139793 0.0664062 0.0204163
2 0.611932 0.47819 0.076343 0.0748698 0.0197906
2 0.406824 0.098348 0.0624317 0.0572103 0.0189056
0 0.0419038 0.53776 0.0800754 0.171875 0.0186157
2 0.425146 0.0898031 0.0888973 0.0677897 0.0184784
0 0.549331 0.480794 0.113327 0.0748698 0.0156021
2 0.226484 0.745931 0.381037 0.34668 0.0154266
1 0.388501 0.200521 0.163544 0.184245 0.0147858
1 0.785824 0.522135 0.0570028 0.0768229 0.0143356
2 0.444825 0.0870768 0.0963619 0.0768229 0.0139542
2 0.519811 0.477865 0.160151 0.104167 0.0132217
1 0.611932 0.47819 0.076343 0.0748698 0.0128708
1 0.396305 0.155111 0.128935 0.183268 0.0125275
1 0.74443 0.097168 0.0542884 0.0621745 0.0106506
0 0.0487747 0.178874 0.0975494 0.19043 0.0104065
1 0.44245 0.476888 0.0651461 0.0917969 0.00974274
2 0.233779 0.405599 0.259227 0.21224 0.00926971
1 0.655532 0.455729 0.0570028 0.0611979 0.00898743
0 0.406824 0.098348 0.0624317 0.0572103 0.00844574
1 0.703713 0.226237 0.0705749 0.0761719 0.00844574
0 0.226484 0.745931 0.381037 0.34668 0.00831604
1 0.439736 0.22347 0.236154 0.121419 0.00763702
1 0.707106 0.201986 0.103148 0.128581 0.00757599
2 0.61753 0.470052 0.0434307 0.0690104 0.00751877
2 0.655532 0.455729 0.0570028 0.0611979 0.00748825
1 0.755287 0.527344 0.0502167 0.0455729 0.00746155
2 0.48656 0.0790202 0.173044 0.0870768 0.00740433
2 0.0419038 0.53776 0.0800754 0.171875 0.00740433
1 0.51574 0.747396 0.252441 0.19401 0.517578
2 0.0329123 0.349609 0.0631102 0.0794271 0.0254669
1 0.788539 0.478516 0.0488595 0.0533854 0.0140076
1 0.377304 0.463542 0.0814326 0.078125 0.0118256
1 0.0393591 0.540365 0.0787182 0.161458 0.0112457
2 0.5154 0.747396 0.244976 0.195312 0.0109024
1 0.633817 0.461589 0.0705749 0.078125 0.0106506
1 0.650103 0.458984 0.0570028 0.0572917 0.0105286
0 0.512347 0.736979 0.256513 0.213542 0.0104904
0 0.0329123 0.349609 0.0631102 0.0794271 0.00619125
2 0.650103 0.458984 0.0570028 0.0572917 0.00614548
1 0.624486 0.466146 0.0783789 0.0651042 0.00566483
1 0.0391894 0.535482 0.0783789 0.179036 0.00542831
1 0.436343 0.097819 0.0651461 0.0511068 0.00524139
1 0.519133 0.445964 0.0556456 0.0364584 0.00434875
1 0.576135 0.480469 0.0461451 0.0520833 0.00395966
1 0.520151 0.484375 0.295193 0.14974 0.00341606
2 0.436343 0.097819 0.0651461 0.0511068 0.00337601
1 0.405806 0.0989176 0.032573 0.0437012 0.00312424
2 0.467559 0.09729 0.0529312 0.0430501 0.00288963
1 0.516418 0.713704 0.271442 0.291341 0.00268364
2 0.576135 0.480469 0.0461451 0.0520833 0.00263214
1 0.0329123 0.349609 0.0631102 0.0794271 0.00259018
2 0.519133 0.445964 0.0556456 0.0364584 0.00255013
2 0.624486 0.466146 0.0783789 0.0651042 0.0024929
2 0.539152 0.0935872 0.054967 0.0485026 0.0024147
1 0.0537794 0.565755 0.0722714 0.109375 0.0024147
2 0.0317248 0.151042 0.0634496 0.106445 0.00234222
2 0.0537794 0.565755 0.0722714 0.109375 0.00230598
2 0.557813 0.0947266 0.0407163 0.0465495 0.00219917
1 0.467559 0.09729 0.0529312 0.0430501 0.00209999
1 0.475363 0.742188 0.172366 0.174479 0.00209045
1 0.497757 0.441081 0.0407163 0.0338541 0.00203514
1 0.15099 0.516602 0.301979 0.249349 0.00203514
2 0.633817 0.461589 0.0705749 0.078125 0.00198746
2 0.497757 0.441081 0.0407163 0.0338541 0.00192642
1 0.341253 0.46224 0.272969 0.15625 0.00188923
1 0.536098 0.47526 0.112648 0.0390625 0.00184631
1 0.776324 0.549479 0.0461452 0.0436198 0.0018034
2 0.0391894 0.535482 0.0783789 0.179036 0.00178242
0 0.650103 0.458984 0.0570028 0.0572917 0.00170708
2 0.405806 0.0989176 0.032573 0.0437012 0.00167465
0 0.633817 0.461589 0.0705749 0.078125 0.00165462
2 0.372554 0.461914 0.0746465 0.0774739 0.0016489
1 0.5 0.794922 1 0.410156 0.00154877
0 0.5 0.794922 1 0.410156 0.00154305
2 0.5 0.794922 1 0.410156 0.00154305
2 0.520151 0.484375 0.295193 0.14974 0.00150108
1 0.424128 0.482422 0.0454665 0.0507812 0.00145531
2 0.5 0.526042 1 0.947917 0.00144386
1 0.507936 0.738932 0.243619 0.175781 0.854004
1 0.430914 0.0974935 0.0651461 0.0592448 0.188354
2 0.251847 0.395833 0.185768 0.147135 0.112793
1 0.412592 0.0992839 0.0502167 0.0579427 0.112
1 0.496739 0.442057 0.0617531 0.0442709 0.076416
2 0.047163 0.143555 0.0943261 0.123372 0.0609741
1 0.562563 0.0909831 0.0427521 0.0582682 0.0589905
1 0.0483506 0.145996 0.0967012 0.134766 0.0474243
1 0.434307 0.0888672 0.0719321 0.0696615 0.0446777
1 0.484524 0.760417 0.188652 0.134115 0.0390625
1 0.377983 0.462891 0.0882186 0.0820312 0.0359497
1 0.591065 0.0711263 0.0787182 0.0751953 0.035675
2 0.268728 0.386719 0.200867 0.18099 0.0342407
1 0.780396 0.478516 0.0597172 0.0592448 0.0327148
1 0.658925 0.450846 0.0570028 0.0579427 0.0321045
1 0.652818 0.45638 0.0624316 0.0664062 0.0306702
1 0.390537 0.474609 0.0902544 0.0807292 0.0293121
1 0.535419 0.0928141 0.0624316 0.0513509 0.0270691
1 0.269745 0.424805 0.1554 0.156901 0.0244293
1 0.5741 0.480469 0.05836 0.0611979 0.024231
1 0.0529312 0.550781 0.0722714 0.144531 0.0235138
1 0.465523 0.0960286 0.0665033 0.0504557 0.0214539
2 0.033803 0.346354 0.067606 0.0872396 0.0207214
1 0.509971 0.470703 0.137757 0.0898438 0.0199432
1 0.506579 0.440755 0.0760037 0.0520833 0.0195007
1 0.297908 0.453125 0.0990763 0.0872396 0.0184021
1 0.255155 0.405599 0.179152 0.156901 0.0180511
1 0.434307 0.08903 0.0936475 0.0794271 0.0161591
1 0.513025 0.233073 0.0746465 0.0455729 0.0146713
1 0.0472479 0.542969 0.088049 0.174479 0.014389
1 0.334552 0.174967 0.0719321 0.139648 0.0141144
0 0.033803 0.346354 0.067606 0.0872396 0.0136337
1 0.033803 0.346354 0.067606 0.0872396 0.0131226
0 0.839302 0.330811 0.321395 0.408691 0.0123825
1 0.420056 0.482422 0.0556456 0.0716146 0.012146
1 0.609387 0.466797 0.0814326 0.0729167 0.0120544
2 0.0490292 0.156413 0.0980584 0.164388 0.0120544
1 0.739001 0.0961914 0.0502167 0.0589193 0.0113297
1 0.352196 0.264404 0.0502168 0.0532227 0.0109024
1 0.623638 0.0456543 0.134364 0.0913086 0.0108185
1 0.711178 0.202637 0.0732893 0.118164 0.0104065
1 0.761395 0.479818 0.0922903 0.0546875 0.00941467
2 0.0495382 0.178874 0.0990763 0.212565 0.00933838
2 0.222752 0.394531 0.144882 0.141927 0.00888062
1 0.348464 0.202799 0.054967 0.16862 0.00878143
1 0.760716 0.535156 0.0692177 0.0755208 0.0086441
1 0.0317248 0.496745 0.0634496 0.101562 0.00818634
1 0.0380867 0.169759 0.0761734 0.185221 0.00731659
1 0.036475 0.522786 0.07295 0.147135 0.00723267
1 0.542884 0.0817057 0.0637889 0.0608724 0.00714874
1 0.505561 0.748698 0.245655 0.177083 0.872559
1 0.0498775 0.567383 0.0709142 0.111328 0.470703
1 0.382733 0.47168 0.101112 0.0885417 0.347656
1 0.0402073 0.526042 0.0804147 0.16276 0.318359
1 0.782431 0.482422 0.0570028 0.0533854 0.252441
1 0.0502168 0.536133 0.076343 0.179036 0.247314
1 0.555099 0.0917969 0.0529312 0.0579427 0.206909
1 0.506239 0.242513 0.0922903 0.0592448 0.178955
1 0.574778 0.488281 0.0502168 0.0514323 0.158203
1 0.493006 0.444661 0.0488595 0.0377604 0.12854
1 0.400716 0.103353 0.0461451 0.0390625 0.119629
0 0.0335909 0.349609 0.0671819 0.0826823 0.104858
1 0.363732 0.47526 0.0814326 0.078125 0.0943604
1 0.0407163 0.146973 0.0814326 0.114258 0.092041
1 0.540169 0.0908203 0.0610744 0.0485026 0.0907593
1 0.441432 0.750651 0.11672 0.191406 0.0836182
1 0.770895 0.55306 0.0597172 0.0540364 0.0823975
1 0.349821 0.265299 0.0590386 0.046224 0.0820923
1 0.373911 0.461589 0.090933 0.0911459 0.0792236
2 0.23819 0.411784 0.105862 0.100911 0.0623169
1 0.0335909 0.349609 0.0671819 0.0826823 0.0572815
1 0.74918 0.482422 0.10722 0.0481771 0.0566406
1 0.562563 0.0847982 0.0651461 0.0712891 0.0539856
1 0.655532 0.451172 0.0542884 0.0520833 0.0505066
1 0.688105 0.0297852 0.0624316 0.0595703 0.0484924
1 0.510989 0.444336 0.0610744 0.0377604 0.0476074
1 0.0611593 0.578776 0.0819415 0.0794271 0.0440063
1 0.736286 0.0996094 0.0502167 0.0546875 0.0438538
1 0.0244298 0.144206 0.0488595 0.104818 0.0406189
1 0.399698 0.481771 0.0936475 0.0703125 0.0399475
1 0.761395 0.559896 0.0732893 0.0533854 0.0399475
1 0.52999 0.476562 0.0909331 0.0859375 0.0389099
1 0.203624 0.179403 0.306645 0.192627 0.037323
1 0.601244 0.1639 0.101791 0.0882161 0.036499
1 0.319284 0.460938 0.0712535 0.0794271 0.0339661
1 0.903902 0.570312 0.0488595 0.0572917 0.0325928
1 0.433968 0.103353 0.0488596 0.0374349 0.0310211
1 0.255155 0.549479 0.0454665 0.0455729 0.0302124
1 0.396305 0.480469 0.126221 0.10026 0.0280151
1 0.774967 0.536784 0.0651461 0.078776 0.0280151
2 0.0322337 0.357422 0.0644675 0.0807292 0.0279541
1 0.656889 0.460286 0.0542884 0.0611979 0.026062
1 0.597172 0.486003 0.0665033 0.0527344 0.0258636
1 0.598699 0.494792 0.059378 0.0625 0.0256653
0 0.0498775 0.567383 0.0709142 0.111328 0.0249939
1 0.275174 0.479167 0.127578 0.0598959 0.0232391
1 0.701677 0.474935 0.0488595 0.0429688 0.0226288
1 0.23853 0.551432 0.0488595 0.0416666 0.0222931
1 0.582582 0.492839 0.0603958 0.0690104 0.021698
1 0.741036 0.601562 0.0447879 0.0260417 0.021286
1 0.508954 0.744792 0.248369 0.179688 0.775879
1 0.494703 0.445964 0.0461451 0.0390625 0.146606
1 0.0282469 0.507812 0.0564938 0.109375 0.140869
1 0.377983 0.462891 0.0895758 0.09375 0.11438
1 0.784467 0.479167 0.0597172 0.0559896 0.107422
1 0.0333365 0.521484 0.0666729 0.122396 0.0783691
1 0.0490292 0.58724 0.0668426 0.0559896 0.0579224
1 0.503186 0.447266 0.0678605 0.0403646 0.0467224
1 0.0434307 0.527995 0.0651461 0.140625 0.0358276
1 0.396984 0.104818 0.0386805 0.0358073 0.0325928
2 0.0349481 0.352214 0.0698963 0.0852865 0.0307922
0 0.0349481 0.352214 0.0698963 0.0852865 0.0293121
1 0.650103 0.454753 0.0624317 0.0572916 0.0284424
2 0.0391894 0.146159 0.0783789 0.11849 0.026062
1 0.580546 0.480143 0.0373233 0.0527344 0.0233307
0 0.0490292 0.58724 0.0668426 0.0559896 0.0195007
1 0.63721 0.466146 0.0692177 0.0631511 0.0164032
1 0.0421583 0.147461 0.0843166 0.119141 0.0157166
1 0.538134 0.0895182 0.0624317 0.0553385 0.0141144
1 0.231404 0.77474 0.366447 0.239583 0.0110703
2 0.0490292 0.58724 0.0668426 0.0559896 0.0105286
0 0.0391894 0.146159 0.0783789 0.11849 0.00912476
1 0.0349481 0.352214 0.0698963 0.0852865 0.00905609
2 0.0327427 0.532227 0.0654854 0.136068 0.00787354
1 0.771574 0.544596 0.077361 0.0878906 0.00740433
1 0.548313 0.0905355 0.061753 0.0656738 0.00682449
1 0.329463 0.176758 0.0753251 0.114583 0.00579834
1 0.225297 0.479818 0.0346088 0.03125 0.00551224
1 0.599208 0.473958 0.0597172 0.0572917 0.0053215
1 0.774967 0.524414 0.0746465 0.0957031 0.00510025
0 0.0480113 0.541016 0.0692177 0.147135 0.0050621
1 0.523883 0.463542 0.0814326 0.0585938 0.00482941
1 0.691498 0.0272624 0.0502167 0.0545247 0.0046463
2 0.396984 0.104818 0.0386805 0.0358073 0.00460815
0 0.368822 0.463542 0.0780396 0.0729166 0.0045929
2 0.494703 0.445964 0.0461451 0.0390625 0.00429916
2 0.368822 0.463542 0.0780396 0.0729166 0.00344276
1 0.766823 0.482422 0.0624316 0.0520833 0.00340271
0 0.0327427 0.532227 0.0654854 0.136068 0.00332451
1 0.506918 0.239258 0.0855042 0.0559896 0.00302696
1 0.368822 0.463542 0.0780396 0.0729166 0.00298119
1 0.0596324 0.583171 0.0887276 0.0654297 0.00292397
1 0.232083 0.552083 0.0441093 0.0429688 0.00290108
1 0.49131 0.458333 0.10722 0.0651042 0.00269318
0 0.63721 0.466146 0.0692177 0.0631511 0.00264168
1 0.776324 0.499023 0.0895758 0.125 0.00256157
2 0.206296 0.767578 0.412592 0.220052 0.00255013
0 0.377983 0.462891 0.0895758 0.09375 0.0024147
1 0.56426 0.461589 0.0488595 0.0585938 0.0024147
0 0.771574 0.544596 0.077361 0.0878906 0.00239754
1 0.510989 0.748047 0.245655 0.1875 0.858887
1 0.787182 0.478516 0.051574 0.0481771 0.121704
0 0.165919 0.63151 0.188652 0.106771 0.0446777
2 0.0346937 0.533854 0.0693873 0.200521 0.0323486
0 0.184199 0.352865 0.336673 0.288411 0.0313721
0 0.169651 0.634115 0.259906 0.11849 0.0195007
1 0.0381715 0.53125 0.076343 0.177083 0.0159607
1 0.655532 0.447917 0.0461451 0.0533854 0.0124817
2 0.0477568 0.524089 0.0758341 0.196615 0.0119629
1 0.513704 0.441081 0.0570028 0.0364584 0.0113297
0 0.0368143 0.529948 0.0736286 0.182292 0.0110703
1 0.492667 0.441406 0.0352875 0.0286458 0.0107346
1 0.165919 0.63151 0.188652 0.106771 0.0103302
2 0.165919 0.63151 0.188652 0.106771 0.00952148
2 0.0439397 0.204427 0.0878793 0.310547 0.00871277
2 0.652987 0.965495 0.610405 0.0690104 0.00775528
2 0.844392 0.253743 0.311216 0.507487 0.00731659
2 0.838624 0.374268 0.322752 0.496257 0.00717545
2 0.655532 0.447917 0.0461451 0.0533854 0.00658798
0 0.492667 0.441406 0.0352875 0.0286458 0.00577545
2 0.200697 0.625651 0.199849 0.108073 0.00564194
1 0.538812 0.0895182 0.0597172 0.0572917 0.00559998
1 0.551706 0.0900065 0.0665033 0.070638 0.00551224
1 0.57885 0.481771 0.032573 0.0442708 0.00547028
2 0.258209 0.966797 0.516418 0.0664062 0.00547028
2 0.0346088 0.345052 0.0607351 0.0885417 0.00510025
2 0.237172 0.372721 0.474345 0.301432 0.00510025
2 0.0313006 0.150716 0.0626013 0.151693 0.00473785
1 0.353892 0.267904 0.0359661 0.0358073 0.00460815
2 0.169651 0.634115 0.259906 0.11849 0.00446701
0 0.655532 0.447917 0.0461451 0.0533854 0.00445175
2 0.492667 0.441406 0.0352875 0.0286458 0.00428009
2 0.184199 0.352865 0.336673 0.288411 0.00426483
1 0.169651 0.634115 0.259906 0.11849 0.00407028
0 0.200697 0.625651 0.199849 0.108073 0.00403976
0 0.247351 0.376221 0.231404 0.276204 0.00397491
2 0.734797 0.964844 0.530405 0.0703125 0.00397491
0 0.513704 0.441081 0.0570028 0.0364584 0.00391388
2 0.0517436 0.262777 0.103487 0.427572 0.00379562
2 0.0320641 0.157715 0.0641282 0.175456 0.00367928
2 0.347785 0.96875 0.604637 0.0625 0.00358009
2 0.513704 0.441081 0.0570028 0.0364584 0.00355148
2 0.0278652 0.577474 0.0557304 0.30599 0.00351143
0 0.225127 0.347331 0.236494 0.277995 0.00333786
1 0.403091 0.106445 0.0380019 0.0332031 0.00328636
2 0.218171 0.400716 0.436343 0.511068 0.00325966
2 0.0647219 0.590007 0.129444 0.356445 0.00324821
1 0.688105 0.379232 0.0407163 0.0820313 0.00323486
2 0.0386805 0.525391 0.077361 0.220052 0.00305176
1 0.776324 0.520508 0.0665033 0.0651042 0.00298119
1 0.506239 0.744141 0.241583 0.190104 0.773438
1 0.788539 0.478516 0.0542884 0.0611979 0.246582
0 0.0597172 0.577474 0.0648068 0.0768229 0.139404
1 0.0385957 0.521484 0.0771913 0.165365 0.125977
0 0.0559849 0.533203 0.0671819 0.170573 0.0572815
1 0.689463 0.0265299 0.0542884 0.0452474 0.0311432
1 0.401055 0.10612 0.0447879 0.046224 0.0259552
0 0.034524 0.522135 0.069048 0.183594 0.0243378
1 0.0401225 0.520182 0.0578511 0.139323 0.0241394
0 0.0659943 0.586589 0.0688784 0.0572916 0.0226288
1 0.648068 0.452474 0.0610744 0.0651042 0.0195007
0 0.0374081 0.347331 0.0748162 0.0924479 0.0189819
1 0.745108 0.0966797 0.0488595 0.0641276 0.0168457
1 0.534741 0.745443 0.198153 0.164062 0.0142822
0 0.251084 0.547852 0.061753 0.0683594 0.0140076
0 0.650103 0.451823 0.0624317 0.0585938 0.0118256
0 0.240396 0.547852 0.0620924 0.0703125 0.0115967
1 0.611423 0.0362956 0.108577 0.0725911 0.0114212
1 0.726107 0.176432 0.0488595 0.0507812 0.0107346
2 0.0597172 0.577474 0.0648068 0.0768229 0.0102081
1 0.55917 0.094401 0.0502167 0.0540365 0.00881195
1 0.0597172 0.577474 0.0648068 0.0768229 0.00812531
1 0.791253 0.482422 0.0705749 0.0729167 0.00812531
1 0.0559849 0.533203 0.0671819 0.170573 0.00809479
1 0.731536 0.158203 0.0461452 0.0423177 0.00793457
1 0.512686 0.239583 0.0848256 0.0520833 0.00787354
1 0.542205 0.0932617 0.0597172 0.0511068 0.00740433
1 0.32573 0.174805 0.0780395 0.114583 0.00619125
0 0.776324 0.552083 0.0542884 0.0559896 0.00614548
1 0.713892 0.185221 0.0624316 0.0709635 0.0049057
1 0.781753 0.505208 0.0610744 0.0716146 0.00486755
0 0.198831 0.608073 0.162865 0.110677 0.00460815
0 0.0435155 0.807292 0.0436004 0.0598959 0.00438309
1 0.4282 0.107422 0.0556456 0.0403646 0.00407028
1 0.753251 0.602214 0.051574 0.0273438 0.00405502
1 0.30164 0.446615 0.0916116 0.117188 0.00397491
1 0.759359 0.478516 0.0868614 0.0664062 0.0039444
0 0.0401225 0.520182 0.0578511 0.139323 0.00392914
0 0.506918 0.744792 0.240226 0.179688 0.00376511
1 0.90933 0.569987 0.0434308 0.0514323 0.0037365
1 0.468237 0.0981445 0.0651461 0.047526 0.00366402
1 0.251084 0.547852 0.061753 0.0683594 0.00365067
1 0.275853 0.445312 0.129614 0.122396 0.00363541
1 0.238869 0.474609 0.0658247 0.0494792 0.00356483
1 0.708463 0.212077 0.0651461 0.0777995 0.00345612
1 0.882186 0.473958 0.0434307 0.0533854 0.00342941
1 0.776324 0.552083 0.0542884 0.0559896 0.00336266
0 0.975702 0.764323 0.048596 0.153646 0.00331116
0 0.0406315 0.150716 0.0812629 0.132812 0.00312424
1 0.921545 0.585286 0.0461451 0.0533854 0.00311089
1 0.507257 0.746094 0.244976 0.1875 0.909668
1 0.785824 0.479818 0.0542884 0.0572917 0.21936
0 0.0487747 0.531901 0.0805843 0.199219 0.182373
2 0.0512347 0.533529 0.0797361 0.184245 0.108948
0 0.0413949 0.532552 0.0827898 0.208333 0.0616455
2 0.0408011 0.532552 0.0816022 0.213542 0.0562439
2 0.0372384 0.34668 0.0575118 0.0729167 0.0524292
1 0.55917 0.0924479 0.0529312 0.0664062 0.0522461
1 0.514382 0.440755 0.0475024 0.0377604 0.0405273
1 0.40852 0.103231 0.0488595 0.0480957 0.0335999
0 0.96688 0.77474 0.0662397 0.177083 0.021698
0 0.779038 0.552083 0.0488595 0.0442708 0.0191956
0 0.653496 0.453451 0.0461451 0.0585938 0.0184021
2 0.653496 0.453451 0.0461451 0.0585938 0.0183411
2 0.55917 0.0924479 0.0529312 0.0664062 0.0149536
1 0.428878 0.102824 0.0624316 0.0508626 0.0146179
1 0.0512347 0.533529 0.0797361 0.184245 0.0144501
2 0.0469934 0.145833 0.0939868 0.122396 0.014389
2 0.40852 0.103231 0.0488595 0.0480957 0.0137405
0 0.0372384 0.34668 0.0575118 0.0729167 0.0136871
1 0.352875 0.266276 0.0461451 0.0416667 0.0134277
1 0.0408011 0.532552 0.0816022 0.213542 0.0131226
1 0.544241 0.0934652 0.0651461 0.0650228 0.0129242
0 0.514382 0.440755 0.0475024 0.0377604 0.0125275
2 0.0594628 0.154989 0.118926 0.156169 0.0118713
1 0.64196 0.457031 0.0434307 0.0507812 0.0117798
0 0.55917 0.0924479 0.0529312 0.0664062 0.00967407
0 0.905259 0.566406 0.0461451 0.0625 0.00901794
1 0.779038 0.552083 0.0488595 0.0442708 0.00790405
2 0.514382 0.440755 0.0475024 0.0377604 0.00728989
1 0.742394 0.0950521 0.0434307 0.0664063 0.00698471
2 0.0434307 0.794271 0.0363054 0.078125 0.0069046
1 0.692856 0.0263672 0.0502168 0.0478516 0.00679779
0 0.973666 0.768229 0.0526676 0.195313 0.00634003
1 0.881508 0.474284 0.0407163 0.0423177 0.00595856
0 0.236494 0.544922 0.0542884 0.0651042 0.00591278
2 0.0567483 0.557943 0.0904241 0.134115 0.005867
2 0.428878 0.102824 0.0624316 0.0508626 0.00582123
1 0.96688 0.77474 0.0662397 0.177083 0.00544739
0 0.64196 0.457031 0.0434307 0.0507812 0.00521851
1 0.460094 0.0946859 0.0834684 0.0638835 0.00502014
2 0.230386 0.484375 0.0495382 0.0455729 0.00502014
1 0.236494 0.544922 0.0542884 0.0651042 0.00496292
0 0.0567483 0.557943 0.0904241 0.134115 0.0049057
1 0.620245 0.0378825 0.120792 0.075765 0.00471878
0 0.750537 0.604167 0.0407163 0.0260416 0.00436401
2 0.460094 0.0946859 0.0834684 0.0638835 0.00432968
1 0.608709 0.0478516 0.115363 0.0957031 0.00431442
1 0.496739 0.440755 0.0434307 0.0377604 0.00426483
2 0.544241 0.0934652 0.0651461 0.0650228 0.00403976
1 0.509971 0.746745 0.23819 0.179688 0.803223
0 0.0417342 0.527344 0.0814326 0.200521 0.368408
2 0.0351178 0.529297 0.0702356 0.188802 0.187744
2 0.0417342 0.527344 0.0814326 0.200521 0.185913
1 0.0419887 0.533203 0.0839773 0.19401 0.0658569
0 0.0351178 0.529297 0.0702356 0.188802 0.0374756
1 0.784467 0.478841 0.0610744 0.0605469 0.0335999
1 0.342695 0.182292 0.0631102 0.147135 0.0264587
1 0.495382 0.439128 0.0434307 0.0410156 0.02211
1 0.72475 0.168294 0.051574 0.0761719 0.0195618
1 0.332177 0.180013 0.0665033 0.126953 0.0189056
1 0.513025 0.440755 0.0576814 0.0397136 0.0135345
1 0.735608 0.47526 0.111291 0.0638021 0.0133286
1 0.321998 0.182129 0.084147 0.147461 0.0109863
1 0.70507 0.179688 0.077361 0.109375 0.0108185
1 0.560528 0.0900065 0.0705749 0.0751953 0.00878143
0 0.975702 0.766927 0.048596 0.164062 0.00754929
0 0.97163 0.768229 0.0567392 0.140625 0.00669098
2 0.0322337 0.152832 0.0644675 0.13737 0.00510025
1 0.701677 0.186686 0.0827898 0.151367 0.00482941
1 0.543562 0.0914307 0.0685391 0.0593262 0.00481033
2 0.509971 0.746745 0.23819 0.179688 0.00382423
2 0.97163 0.768229 0.0567392 0.140625 0.00359344
0 0.033082 0.54069 0.066164 0.240234 0.00351143
0 0.509971 0.746745 0.23819 0.179688 0.00314713
1 0.401734 0.10612 0.0434307 0.0449219 0.00284576
2 0.0461451 0.164673 0.0922903 0.171305 0.00277901
1 0.722036 0.468099 0.111291 0.0690104 0.0026722
2 0.033082 0.54069 0.066164 0.240234 0.00253105
2 0.2236 0.364258 0.141828 0.24349 0.00247192
1 0.650103 0.451823 0.0556456 0.0598959 0.00244331
1 0.609387 0.0465495 0.124863 0.093099 0.00239754
0 0.902544 0.566406 0.0542884 0.0598958 0.00235939
2 0.55442 0.0939128 0.05836 0.070638 0.00230598
2 0.180509 0.364583 0.0963619 0.236328 0.00230598
0 0.0322337 0.152832 0.0644675 0.13737 0.00229645
0 0.180509 0.364583 0.0963619 0.236328 0.00216484
2 0.975363 0.766927 0.0492746 0.171875 0.00213242
1 0.0507257 0.526042 0.0943261 0.217448 0.0020752
1 0.728143 0.471354 0.134364 0.0878906 0.00196457
2 0.0333789 0.544596 0.0667578 0.240234 0.00196457
0 0.650103 0.451823 0.0556456 0.0598959 0.00193405
1 0.348803 0.169922 0.0990763 0.166667 0.00183868
2 0.650103 0.451823 0.0556456 0.0598959 0.00183868
2 0.0449576 0.803385 0.0356268 0.0989584 0.00181007
1 0.811611 0.481445 0.111291 0.0540364 0.00175476
1 0.352535 0.267253 0.051574 0.0514323 0.00174809
2 0.224279 0.416667 0.0956833 0.134115 0.0017004
0 0.0449576 0.803385 0.0356268 0.0989584 0.00163555
1 0.874043 0.479167 0.05836 0.0546875 0.0015974
1 0.503864 0.747396 0.239548 0.164062 0.794434
1 0.493685 0.442057 0.0393591 0.0338541 0.0984497
2 0.0513195 0.582357 0.0666729 0.0683594 0.0838623
1 0.406484 0.103678 0.051574 0.0504557 0.0715942
1 0.785824 0.479492 0.0570028 0.0585938 0.0658569
1 0.512007 0.441406 0.0495382 0.0325521 0.0483093
1 0.708463 0.218099 0.0434307 0.0677083 0.0460205
1 0.655532 0.451823 0.0488595 0.0455729 0.0383301
1 0.713892 0.208659 0.0407163 0.0924479 0.0341797
1 0.427521 0.104004 0.0597172 0.0429688 0.0324707
0 0.0513195 0.582357 0.0666729 0.0683594 0.0314941
1 0.614646 0.231445 0.0464844 0.0351562 0.0297546
1 0.538473 0.0911865 0.0631102 0.0474447 0.0211182
0 0.0502168 0.536133 0.0665033 0.169922 0.0202484
1 0.0363054 0.510417 0.0726107 0.130208 0.0190582
2 0.032573 0.347656 0.0651461 0.0800781 0.0189056
2 0.655532 0.451823 0.0488595 0.0455729 0.0181274
1 0.0300283 0.496094 0.0600565 0.106771 0.0173035
0 0.978416 0.765625 0.0431672 0.138021 0.0170441
1 0.0425825 0.531576 0.0732893 0.172526 0.0164032
2 0.0502168 0.536133 0.0665033 0.169922 0.0164032
1 0.726107 0.473307 0.0922903 0.0559896 0.0157776
1 0.57885 0.483724 0.039359 0.0559896 0.0144501
1 0.556456 0.0917562 0.0542884 0.0554199 0.0143356
1 0.713214 0.192708 0.0488595 0.0768229 0.0141754
2 0.0475023 0.809896 0.0366447 0.0442708 0.0138474
1 0.03164 0.528646 0.0632799 0.179688 0.0132217
1 0.0513195 0.582357 0.0666729 0.0683594 0.0104904
1 0.5741 0.0770671 0.0665033 0.0467122 0.0100937
1 0.743751 0.478841 0.0922902 0.0598958 0.00993347
1 0.726107 0.173991 0.0447879 0.055013 0.00963593
1 0.978416 0.765625 0.0431672 0.138021 0.00963593
1 0.475023 0.0958659 0.0502168 0.0410156 0.00955963
2 0.0277804 0.142253 0.0555608 0.103516 0.00926971
0 0.032573 0.347656 0.0651461 0.0800781 0.00905609
0 0.0368143 0.532878 0.0712535 0.166016 0.00905609
2 0.406484 0.103678 0.051574 0.0504557 0.00901794
0 0.191536 0.620443 0.174741 0.102865 0.00894928
1 0.326748 0.166667 0.0597172 0.0917969 0.00891876
1 0.609217 0.0347494 0.111631 0.0694987 0.00881195
1 0.64196 0.455729 0.0502168 0.0507812 0.00871277
1 0.731536 0.163737 0.0380019 0.0520833 0.00737381
1 0.35491 0.268229 0.0468237 0.0397135 0.00717545
0 0.0277804 0.142253 0.0555608 0.103516 0.00679779
0 0.0300283 0.496094 0.0600565 0.106771 0.00674438
2 0.427521 0.104004 0.0597172 0.0429688 0.00661469
2 0.0363054 0.510417 0.0726107 0.130208 0.00643921
1 0.517775 0.238281 0.0793968 0.046875 0.00634003
1 0.692177 0.0272217 0.0542884 0.0544434 0.00629044
2 0.493685 0.442057 0.0393591 0.0338541 0.00602722
1 0.509971 0.742188 0.242262 0.182292 0.777344
1 0.0504712 0.529622 0.0744769 0.192057 0.158691
1 0.0362205 0.527995 0.0724411 0.200521 0.104858
0 0.0504712 0.529622 0.0744769 0.192057 0.0175781
0 0.968916 0.768229 0.0621681 0.179688 0.0171814
1 0.785824 0.477214 0.0597172 0.0742188 0.012146
2 0.0542036 0.538737 0.0751555 0.167318 0.0104065
1 0.975363 0.759115 0.0492746 0.174479 0.0103683
1 0.968916 0.768229 0.0621681 0.179688 0.00963593
1 0.493346 0.443359 0.0407163 0.0416667 0.00793457
0 0.0371536 0.526042 0.0743072 0.183594 0.00746155
0 0.975702 0.764323 0.048596 0.161458 0.005867
1 0.0603958 0.580729 0.0872007 0.0885416 0.0050621
0 0.509632 0.740885 0.241583 0.184896 0.00436401
1 0.401734 0.105143 0.0393591 0.0416667 0.0042305
2 0.0371536 0.526042 0.0743072 0.183594 0.00348282
1 0.658247 0.451172 0.0542884 0.0813802 0.00286674
1 0.728822 0.174805 0.0461451 0.0576172 0.00266266
2 0.968916 0.768229 0.0621681 0.179688 0.00259018
1 0.734929 0.473958 0.101791 0.078125 0.00245285
1 0.707106 0.217122 0.0515739 0.0716146 0.00219917
1 0.212361 0.197632 0.287813 0.232341 0.00216484
1 0.517775 0.444987 0.0542884 0.0397135 0.00214005
1 0.779038 0.496745 0.0732893 0.126302 0.00201988
1 0.73425 0.165365 0.0407163 0.0533854 0.00201035
2 0.510311 0.740234 0.244298 0.184896 0.00178909
1 0.974006 0.789063 0.051989 0.223958 0.0017271
1 0.714571 0.189453 0.0542884 0.0768229 0.00166798
1 0.774288 0.544922 0.0746466 0.0748698 0.00151253
1 0.66639 0.383464 0.0597172 0.10612 0.00142097
1 0.745108 0.0979411 0.0461451 0.0593262 0.00137234
1 0.532705 0.0950928 0.0529312 0.0474447 0.00131512
1 0.878793 0.41276 0.0502167 0.140625 0.00126934
1 0.89983 0.556641 0.0651461 0.111979 0.00125504
0 0.0603958 0.580729 0.0872007 0.0885416 0.00125504
1 0.840113 0.390625 0.0814326 0.222005 0.00115585
1 0.720678 0.466146 0.0950047 0.078125 0.00111198
1 0.764788 0.559896 0.0651461 0.0572917 0.00110722
1 0.507936 0.745443 0.254477 0.190104 0.854004
1 0.044279 0.535807 0.0797361 0.205729 0.0755615
0 0.0536098 0.535807 0.0712535 0.196615 0.0179901
0 0.979774 0.769531 0.0404527 0.177083 0.0142288
1 0.979774 0.769531 0.0404527 0.177083 0.0111618
1 0.789896 0.483073 0.0624316 0.0690104 0.00787354
0 0.0387653 0.531576 0.0775306 0.202474 0.00518036
1 0.0590386 0.541016 0.0817719 0.235677 0.00457382
0 0.507596 0.746094 0.247012 0.192708 0.00327301
2 0.0545429 0.535156 0.0700659 0.191406 0.00275803
1 0.789896 0.473633 0.0732893 0.0878906 0.00265312
1 0.0451272 0.150879 0.0770217 0.138997 0.00243378
2 0.979774 0.769531 0.0404527 0.177083 0.00206757
2 0.507596 0.746094 0.247012 0.192708 0.00170708
1 0.344731 0.183268 0.05836 0.147786 0.00156116
1 0.694213 0.0291341 0.0461451 0.0533854 0.00119686
1 0.402413 0.108724 0.0447879 0.047526 0.00102425
1 0.332516 0.182617 0.0597172 0.132812 0.00101185
1 0.509971 0.742188 0.240905 0.19401 0.754883
1 0.0393591 0.529948 0.0787182 0.214844 0.083313
1 0.787182 0.479818 0.0678605 0.0690104 0.0261536
0 0.983845 0.768229 0.0323095 0.171875 0.0238647
0 0.0467389 0.529297 0.0744769 0.196615 0.0201721
1 0.0467389 0.529297 0.0744769 0.196615 0.0196381
1 0.983845 0.768229 0.0323095 0.171875 0.00723267
0 0.0373233 0.531576 0.0746465 0.203776 0.0064888
1 0.696249 0.0257161 0.0434307 0.0445964 0.00457382
2 0.0507257 0.529948 0.0756644 0.1875 0.00337601
1 0.609217 0.0330404 0.103487 0.0654297 0.00235939
1 0.719321 0.197917 0.0339303 0.0839844 0.00225258
1 0.0573421 0.529622 0.0855042 0.218099 0.00189686
2 0.983845 0.768229 0.0323095 0.171875 0.00179577
1 0.731536 0.173828 0.0352874 0.0524089 0.00178242
1 0.977059 0.77474 0.0458816 0.200521 0.00168133
2 0.0373233 0.527669 0.0746465 0.201172 0.00162315
1 0.346767 0.180013 0.0624317 0.147786 0.00156689
0 0.977738 0.778646 0.0445243 0.190104 0.00143242
0 0.509971 0.742188 0.240905 0.19401 0.00129986
1 0.401055 0.104818 0.0393591 0.0455729 0.00129414
1 0.584279 0.0708008 0.0651461 0.0410156 0.00116062
1 0.0439397 0.204061 0.0878793 0.279378 0.00113773
1 0.735608 0.164714 0.032573 0.0537109 0.00106525
1 0.507257 0.742188 0.25312 0.192708 0.841797
0 0.0429218 0.529297 0.0715928 0.1875 0.0227203
2 0.0482658 0.529297 0.0731197 0.18099 0.0226288
1 0.0419038 0.525391 0.0838077 0.216146 0.0214539
1 0.0429218 0.529297 0.0715928 0.1875 0.0180206
0 0.981131 0.761719 0.0377383 0.190104 0.0126724
2 0.0419038 0.525391 0.0838077 0.216146 0.00712204
0 0.0419038 0.525391 0.0838077 0.216146 0.00591278
2 0.0352026 0.528971 0.0704053 0.186849 0.00559998
1 0.787182 0.479167 0.0732893 0.0677084 0.00388527
1 0.981131 0.761719 0.0377383 0.190104 0.00349617
0 0.507596 0.740885 0.249727 0.197917 0.00223351
1 0.791932 0.472005 0.0868614 0.0846354 0.0011034
1 0.510989 0.739583 0.245655 0.196615 0.829102
0 0.0456362 0.529622 0.077361 0.188151 0.0433655
1 0.040377 0.52474 0.080754 0.204427 0.0327148
2 0.0480961 0.530273 0.0809236 0.181641 0.0115051
1 0.977738 0.763021 0.0445243 0.195312 0.00584412
0 0.977738 0.763021 0.0445243 0.195312 0.00559998
1 0.784467 0.481771 0.0678604 0.0651042 0.00518036
2 0.040377 0.52474 0.080754 0.204427 0.00370789
1 0.0480961 0.530273 0.0809236 0.181641 0.0012846
0 0.510989 0.739583 0.245655 0.196615 0.00121117
1 0.694891 0.0272624 0.0407163 0.034668 0.0011692
1 0.506918 0.74349 0.252441 0.200521 0.84082
1 0.0439397 0.527995 0.0878793 0.207031 0.0653687
1 0.974345 0.761719 0.0513105 0.203125 0.0294189
0 0.0490292 0.534505 0.0790575 0.197917 0.0220337
2 0.0511498 0.53418 0.0826201 0.192057 0.0178528
1 0.785146 0.484049 0.0624316 0.0546875 0.0137405
0 0.973666 0.760417 0.0526676 0.203125 0.0114212
2 0.039868 0.529948 0.0797361 0.203125 0.00740433
2 0.5154 0.44694 0.054967 0.0332031 0.00664139
0 0.0402922 0.53125 0.0805843 0.208333 0.00624084
1 0.0576814 0.533854 0.0851649 0.227865 0.00559998
2 0.496399 0.444661 0.0427521 0.0325521 0.00453949
1 0.523544 0.0935872 0.0529312 0.0364583 0.00298119
1 0.908652 0.569661 0.0420735 0.0494792 0.00253105
2 0.658247 0.455404 0.0420735 0.0598958 0.00224304
1 0.921545 0.585938 0.0366447 0.0598958 0.00217438
1 0.5154 0.44694 0.054967 0.0332031 0.00205803
2 0.0468237 0.528646 0.0936475 0.25 0.00174809
1 0.694891 0.025472 0.0420735 0.0388997 0.00139904
2 0.402752 0.106771 0.0400377 0.0377604 0.00112915
2 0.973666 0.760417 0.0526676 0.203125 0.00112438
1 0.504543 0.734375 0.259906 0.21875 0.78125
1 0.0414797 0.530924 0.0829594 0.224609 0.127197
0 0.0459755 0.53125 0.0855042 0.214844 0.076416
2 0.049114 0.532878 0.0877097 0.208984 0.0280151
1 0.785824 0.48112 0.0678605 0.0755209 0.0158386
1 0.972988 0.763021 0.0540248 0.244792 0.0115509
1 0.0548822 0.52474 0.0873704 0.244792 0.0109024
2 0.0473327 0.533203 0.0946654 0.278646 0.00575256
1 0.780396 0.490234 0.0787182 0.104818 0.00475693
0 0.769538 0.534505 0.0855042 0.105469 0.00263214
2 0.652818 0.455404 0.0488595 0.0989583 0.00188255
0 0.0473327 0.533203 0.0946654 0.278646 0.00181007
1 0.527276 0.0927734 0.0590386 0.0432943 0.00179577
2 0.515061 0.446615 0.0637889 0.0429688 0.00169373
0 0.780396 0.490234 0.0787182 0.104818 0.00161076
0 0.764109 0.548503 0.0760037 0.0904948 0.00138283
1 0.920188 0.576172 0.0488595 0.09375 0.00122547
1 0.791253 0.473307 0.090933 0.09375 0.00109482
1 0.769538 0.534505 0.0855042 0.105469 0.00107765
2 0.501489 0.443685 0.0529312 0.0410156 0.00103188
1 0.509632 0.740885 0.240226 0.192708 0.809082
1 0.0385957 0.530599 0.0771913 0.21224 0.165649
0 0.0447031 0.531901 0.0714232 0.192708 0.0334778
1 0.975702 0.764323 0.048596 0.169271 0.0219116
1 0.784467 0.481771 0.0651461 0.0638021 0.0172424
2 0.0475023 0.533203 0.0770216 0.183594 0.0158997
1 0.0475023 0.533203 0.0770216 0.183594 0.0121002
1 0.903902 0.564128 0.0515739 0.0696615 0.00828552
1 0.915438 0.576823 0.0461451 0.0768229 0.00796509
0 0.975702 0.764323 0.048596 0.169271 0.00479126
2 0.0373233 0.529297 0.0746465 0.197917 0.00421524
1 0.496739 0.444661 0.0461451 0.0377604 0.00322342
1 0.780396 0.494466 0.0732893 0.0970052 0.00263214
1 0.655532 0.45638 0.0434307 0.0598958 0.00250244
2 0.655532 0.45638 0.0434307 0.0598958 0.00237846
1 0.512347 0.447266 0.0631102 0.0390625 0.00225258
2 0.0443638 0.538086 0.0887276 0.248047 0.00223351
1 0.0568332 0.524089 0.0831291 0.21224 0.00188255
2 0.975702 0.764323 0.048596 0.169271 0.00153637
1 0.527955 0.0943604 0.0556456 0.0358887 0.0014782
0 0.773609 0.551758 0.0678605 0.0579427 0.00146675
0 0.655532 0.45638 0.0434307 0.0598958 0.00127888
1 0.979095 0.754557 0.04181 0.199219 0.00123024
0 0.903902 0.564128 0.0515739 0.0696615 0.00119209
1 0.773609 0.551758 0.0678605 0.0579427 0.00115585
1 0.762752 0.481771 0.0705749 0.0585938 0.00114727
0 0.915438 0.576823 0.0461451 0.0768229 0.00104809
1 0.509971 0.740885 0.249048 0.197917 0.838867
1 0.0400377 0.52832 0.0800754 0.211589 0.107422
1 0.785824 0.483398 0.0651461 0.0598958 0.0162811
0 0.0447879 0.531576 0.076343 0.202474 0.0157776
1 0.977738 0.76237 0.0445243 0.167969 0.0110321
1 0.513025 0.447266 0.05836 0.0351562 0.00658798
2 0.0406315 0.527344 0.0812629 0.221354 0.005867
0 0.977738 0.76237 0.0445243 0.167969 0.00538635
2 0.654854 0.455404 0.0407163 0.0533854 0.0049057
1 0.497078 0.444336 0.0475024 0.0345052 0.00453949
1 0.903902 0.565104 0.0515739 0.0598959 0.00344276
1 0.916116 0.580078 0.0461452 0.0651042 0.00300407
1 0.527276 0.0934245 0.0570028 0.0341797 0.00251198
1 0.780396 0.498372 0.0760037 0.0891927 0.00209999
1 0.654854 0.455404 0.0407163 0.0533854 0.00177479
0 0.774967 0.553385 0.0705749 0.0527344 0.00156689
1 0.402413 0.104818 0.0420735 0.0371094 0.00148392
2 0.513025 0.447266 0.05836 0.0351562 0.00139904
1 0.760716 0.483724 0.0800754 0.0546875 0.0012846
1 0.436343 0.107096 0.0488595 0.0299479 0.00124454
1 0.0554759 0.523438 0.0858435 0.226562 0.00123501
2 0.497078 0.444336 0.0475024 0.0345052 0.00112438
2 0.977738 0.76237 0.0445243 0.167969 0.00109863
1 0.509632 0.742839 0.247012 0.199219 0.817383
1 0.0405466 0.529948 0.076343 0.205729 0.0872803
0 0.0459755 0.533529 0.0722714 0.198568 0.0150146
1 0.784467 0.483073 0.0651461 0.0625 0.00985718
1 0.978416 0.76237 0.0431672 0.166667 0.00891876
1 0.496739 0.445312 0.0475024 0.0377604 0.00720596
1 0.903223 0.565755 0.0502167 0.0638021 0.00593567
1 0.511329 0.447917 0.0590386 0.0377604 0.00564194
1 0.914759 0.579427 0.0461452 0.0677083 0.00521851
2 0.0388501 0.531901 0.0777002 0.214844 0.00408554
0 0.978416 0.76237 0.0431672 0.166667 0.00403976
2 0.0490292 0.533854 0.0783789 0.191406 0.00399017
2 0.654854 0.455404 0.0393591 0.0553386 0.00309944
1 0.654854 0.455404 0.0393591 0.0553386 0.00182438
1 0.044279 0.534505 0.0885579 0.247396 0.00162888
1 0.780396 0.496745 0.0746466 0.0911459 0.00148964
1 0.757323 0.483398 0.084147 0.0572917 0.00135136
1 0.402413 0.10612 0.0434307 0.0400391 0.00131512
1 0.525919 0.094401 0.0563242 0.0341797 0.00119686
1 0.0561546 0.526367 0.0834684 0.219401 0.0011425
0 0.774967 0.554036 0.0678605 0.0527344 0.00110722
1 0.711856 0.477865 0.0705749 0.0494792 0.00107765
1 0.509632 0.742839 0.247012 0.199219 0.817383
1 0.0405466 0.529948 0.076343 0.205729 0.0872803
0 0.0459755 0.533529 0.0722714 0.198568 0.0150146
1 0.784467 0.483073 0.0651461 0.0625 0.0100098
1 0.978416 0.76237 0.0431672 0.166667 0.00898743
1 0.496739 0.445638 0.0475024 0.0371094 0.00728989
1 0.903223 0.565755 0.0502167 0.0638021 0.00600433
1 0.511668 0.447917 0.0597172 0.0377604 0.00572968
1 0.914759 0.579427 0.0461452 0.0677083 0.00526047
2 0.0388501 0.531901 0.0777002 0.214844 0.00407028
0 0.978416 0.76237 0.0431672 0.166667 0.00403976
2 0.0490292 0.533854 0.0783789 0.191406 0.00397491
2 0.654854 0.455404 0.0393591 0.0553386 0.00314713
1 0.654854 0.455404 0.0393591 0.0553386 0.00186729
1 0.044279 0.534505 0.0885579 0.247396 0.00162315
1 0.780396 0.496745 0.0746466 0.0911459 0.00150681
1 0.757323 0.483073 0.084147 0.0572916 0.00136662
1 0.402413 0.10612 0.0434307 0.0400391 0.00132465
1 0.525919 0.0945638 0.0563242 0.0338542 0.00119686
1 0.0560697 0.526367 0.083638 0.219401 0.0011425
0 0.774967 0.554036 0.0678605 0.0527344 0.0011158
1 0.711856 0.477865 0.0705749 0.0481771 0.00109482
