1 0.212069 0.514547 0.135129 0.186422 0.905762
1 0.483944 0.475754 0.0594828 0.164871 0.194946
1 0.499784 0.479526 0.0956897 0.168103 0.117981
1 0.195744 0.521552 0.106358 0.150862 0.092041
0 0.212069 0.514547 0.135129 0.186422 0.088501
2 0.260641 0.196659 0.0373384 0.0883621 0.0393372
1 0.260641 0.196659 0.0373384 0.0883621 0.0340881
2 0.212069 0.518858 0.135129 0.179957 0.0236969
0 0.483944 0.475754 0.0594828 0.164871 0.0194244
0 0.260641 0.196659 0.0373384 0.0883621 0.0124817
0 0.499784 0.479526 0.0956897 0.168103 0.0124283
1 0.490086 0.510776 0.0788793 0.25431 0.0104065
1 0.456142 0.489763 0.0859914 0.157328 0.00479126
2 0.247468 0.190194 0.0636853 0.0883621 0.00387001
2 0.5 0.5 1 1 0.00366402
0 0.5 0.5 1 1 0.00346947
1 0.5 0.5 1 1 0.00335121
2 0.484267 0.475216 0.062069 0.174569 0.00329781
1 0.440302 0.603448 0.0730603 0.0840517 0.00329781
2 0.5 0.5 1 1 0.00325966
1 0.431897 0.436961 0.104095 0.193966 0.00307465
0 0.5 0.5 1 1 0.00305176
1 0.515302 0.477371 0.115086 0.1875 0.00293541
0 0.5 0.5 1 1 0.00293541
1 0.247468 0.190194 0.0636853 0.0883621 0.00290108
2 0.188147 0.258621 0.0303879 0.0625 0.00286674
0 0.477802 0.5 0.955603 1 0.00266266
1 0.5 0.5 1 1 0.00265312
0 0.195744 0.521552 0.106358 0.150862 0.00264168
2 0.422845 0.5 0.84569 1 0.00264168
1 0.5 0.5 1 1 0.00264168
2 0.5 0.5 1 1 0.00261116
2 0.5 0.5 1 1 0.00260162
2 0.5 0.5 1 1 0.00260162
1 0.5 0.5 1 1 0.00259018
0 0.5 0.5 1 1 0.00253105
0 0.5 0.5 1 1 0.00251198
2 0.499784 0.479526 0.0956897 0.168103 0.00239754
2 0.501078 0.484375 0.1125 0.227371 0.00230598
1 0.16681 0.5 0.333621 1 0.00230598
2 0.26347 0.206897 0.0471983 0.116379 0.00223351
1 0.16879 0.505927 0.222333 0.144397 0.00219917
1 0.188147 0.258621 0.0303879 0.0625 0.00213242
0 0.501078 0.484375 0.1125 0.227371 0.00209045
0 0.5 0.5 1 1 0.00209045
1 0.422845 0.5 0.84569 1 0.00205803
1 0.385991 0.458513 0.20431 0.209052 0.00204277
2 0.232759 0.216056 0.0918103 0.114224 0.00201988
1 0.5 0.5 1 1 0.00200272
2 0.5 0.5 1 1 0.00198746
1 0.210776 0.527478 0.126724 0.173491 0.868652
1 0.48556 0.481681 0.0620689 0.178879 0.205566
1 0.472306 0.470905 0.0523707 0.159483 0.0853882
1 0.473922 0.488147 0.0659483 0.198276 0.0105667
1 0.176832 0.52694 0.0685345 0.172414 0.00837708
2 0.472306 0.470905 0.0523707 0.159483 0.0039444
0 0.206735 0.516164 0.11347 0.19181 0.00378036
1 0.541164 0.478987 0.182328 0.225216 0.00351143
1 0.442888 0.435345 0.0853448 0.198276 0.00312424
0 0.205119 0.53556 0.136099 0.192888 0.00298119
1 0.460345 0.48653 0.0762931 0.176724 0.00288963
2 0.205119 0.53556 0.136099 0.192888 0.0024929
1 0.56347 0.458109 0.22306 0.301455 0.0024147
2 0.206735 0.516164 0.11347 0.19181 0.00214005
1 0.481358 0.520474 0.0530173 0.219828 0.00158501
0 0.484591 0.478987 0.0575431 0.168103 0.00156116
1 0.405711 0.403017 0.0627155 0.0732758 0.00151253
0 0.472306 0.470905 0.0523707 0.159483 0.00145531
0 0.481681 0.696121 0.963362 0.607759 0.00131512
2 0.260237 0.188578 0.0297414 0.0484914 0.0012846
2 0.48556 0.481681 0.0620689 0.178879 0.0012846
2 0.481681 0.696121 0.963362 0.607759 0.00127411
1 0.481681 0.696121 0.963362 0.607759 0.0012598
2 0.473922 0.488147 0.0659483 0.198276 0.00124454
1 0.173963 0.556034 0.208109 0.213362 0.00120163
1 0.257893 0.53125 0.194127 0.243534 0.00120163
0 0.449353 0.5 0.898707 1 0.00118351
2 0.449353 0.5 0.898707 1 0.00116062
0 0.5 0.405442 1 0.810884 0.00114727
2 0.775431 0.774785 0.449138 0.450431 0.00114727
2 0.5 0.475216 1 0.950431 0.00113392
0 0.140625 0.341595 0.250216 0.661638 0.0011158
0 0.5 0.475216 1 0.950431 0.00111198
1 0.205927 0.491379 0.11444 0.209052 0.00108624
0 0.173963 0.556034 0.208109 0.213362 0.00108624
2 0.5 0.43319 1 0.866379 0.00108147
2 0.5 0.5 1 1 0.00108147
2 0.5 0.839709 1 0.320582 0.00107765
2 0.5 0.49569 1 0.991379 0.00105667
2 0.5 0.5 1 1 0.00105667
1 0.442565 0.615302 0.0633621 0.0894397 0.00104427
2 0.5 0.405442 1 0.810884 0.00104046
1 0.5 0.839709 1 0.320582 0.00104046
1 0.427371 0.658405 0.0439655 0.0603449 0.00103664
0 0.473922 0.488147 0.0659483 0.198276 0.00103188
0 0.5 0.49569 1 0.991379 0.00103188
0 0.775431 0.774785 0.449138 0.450431 0.00103188
0 0.5 0.43319 1 0.866379 0.00102043
0 0.209321 0.630388 0.418642 0.739224 0.00101662
2 0.619612 0.81708 0.760776 0.365841 0.00100803
1 0.212716 0.522629 0.129957 0.200431 0.894043
1 0.486207 0.479526 0.0575431 0.168103 0.310791
2 0.217241 0.52694 0.128017 0.185345 0.00905609
1 0.476509 0.508621 0.0840517 0.161638 0.00891876
1 0.472953 0.480603 0.0801724 0.198276 0.00831604
1 0.355927 0.415948 0.0355603 0.0818965 0.00530243
1 0.501401 0.477371 0.0859914 0.200431 0.00457382
1 0.43125 0.645474 0.0556035 0.0905172 0.00431442
1 0.482974 0.550647 0.0672414 0.200431 0.00362206
1 0.442888 0.627155 0.0646552 0.0991379 0.00286674
1 0.257974 0.196659 0.0420259 0.0813577 0.00284576
1 0.35625 0.434806 0.0349138 0.080819 0.00237846
1 0.22403 0.889547 0.124138 0.220905 0.00198746
1 0.259186 0.219558 0.0635237 0.112069 0.00157356
1 0.156102 0.609375 0.234779 0.335129 0.00156689
1 0.24181 0.195582 0.062069 0.0889009 0.00147247
1 0.229203 0.47306 0.156466 0.235991 0.00147247
2 0.257974 0.196659 0.0420259 0.0813577 0.00135612
0 0.217241 0.52694 0.128017 0.185345 0.00120163
2 0.472953 0.480603 0.0801724 0.198276 0.00118351
2 0.210614 0.501078 0.125754 0.19181 0.00112915
1 0.568319 0.467672 0.228879 0.21444 0.00109482
2 0.22403 0.889547 0.124138 0.220905 0.00104809
1 0.0425108 0.066945 0.0850215 0.13389 0.00104427
1 0.417672 0.453664 0.116379 0.137931 0.00101662
1 0.381465 0.41056 0.050431 0.0969827 0.00101185
1 0.211099 0.530172 0.131897 0.193966 0.90918
1 0.479741 0.480603 0.0568965 0.198276 0.57373
1 0.488147 0.494612 0.0737069 0.230603 0.158203
1 0.347198 0.423491 0.0362069 0.0851293 0.0368958
0 0.426078 0.64278 0.0517241 0.0969828 0.029541
1 0.426078 0.64278 0.0517241 0.0969828 0.0270691
2 0.426078 0.64278 0.0517241 0.0969828 0.0198669
1 0.255711 0.195043 0.0381465 0.0565733 0.0162811
1 0.43319 0.630388 0.0646552 0.122845 0.0127258
1 0.486853 0.564655 0.0678879 0.170259 0.00854492
0 0.43319 0.630388 0.0646552 0.122845 0.00706482
0 0.255711 0.195043 0.0381465 0.0565733 0.00595856
1 0.0029903 0.869612 0.0059806 0.260776 0.0039444
1 0.0690194 0.506466 0.0326509 0.112069 0.00380898
1 0.367888 0.483836 0.0814655 0.19181 0.00379562
1 0.490733 0.525862 0.0814655 0.209052 0.00376511
2 0.347198 0.423491 0.0362069 0.0851293 0.00307465
0 0.415733 0.640625 0.0530173 0.100216 0.00279999
1 0.259591 0.226832 0.0349138 0.0829741 0.00271416
0 0.486853 0.564655 0.0678879 0.170259 0.00260162
1 0.451293 0.514009 0.113793 0.253233 0.00254059
2 0.21417 0.529095 0.128987 0.192888 0.00251198
1 0.503987 0.466595 0.111207 0.284483 0.00230598
2 0.217888 0.919181 0.0918103 0.137931 0.00221634
1 0.415733 0.640625 0.0530173 0.100216 0.00198746
2 0.415733 0.640625 0.0530173 0.100216 0.00198746
1 0.460345 0.480065 0.0633621 0.192888 0.00195694
1 0.00189925 0.792026 0.00379849 0.415948 0.00195694
0 0.0029903 0.869612 0.0059806 0.260776 0.00189686
0 0.212716 0.51778 0.122845 0.190733 0.0018177
0 0.228233 0.883082 0.0911638 0.233836 0.0018034
0 0.347198 0.423491 0.0362069 0.0851293 0.00161076
1 0.228233 0.883082 0.0911638 0.233836 0.0015974
2 0.228233 0.883082 0.0911638 0.233836 0.0015974
2 0.255711 0.195043 0.0381465 0.0565733 0.00157356
1 0.217888 0.919181 0.0918103 0.137931 0.00157356
2 0.477478 0.481681 0.0659482 0.157328 0.00144386
0 0.217888 0.919181 0.0918103 0.137931 0.00136662
0 0.259591 0.226832 0.0349138 0.0829741 0.00135612
1 0.455819 0.505388 0.0698276 0.262931 0.00134087
0 0.490733 0.525862 0.0814655 0.209052 0.00130939
1 0.257328 0.0575162 0.0465517 0.0627694 0.00127411
1 0.382759 0.407866 0.0581896 0.09375 0.00127411
1 0.750216 0.0929418 0.499569 0.185884 0.00127411
2 0.257328 0.0575162 0.0465517 0.0627694 0.00126934
2 0.243588 0.0541487 0.0578664 0.0673491 0.00124931
2 0.444181 0.626078 0.0827586 0.131465 0.00124931
1 0.455172 0.450431 0.0756466 0.200431 0.00121593
0 0.444181 0.626078 0.0827586 0.131465 0.00121593
2 0.43319 0.630388 0.0646552 0.122845 0.00119686
1 0.212392 0.52694 0.13125 0.178879 0.824219
1 0.479095 0.476293 0.0536638 0.170259 0.430176
1 0.469397 0.482759 0.0594828 0.153017 0.0212402
2 0.258621 0.197198 0.0394397 0.0549569 0.0200958
1 0.258621 0.197198 0.0394397 0.0549569 0.0177765
1 0.0698276 0.508621 0.0239224 0.0797414 0.0112915
0 0.258621 0.197198 0.0394397 0.0549569 0.00593567
1 0.471983 0.515086 0.0568965 0.228448 0.00557709
1 0.436746 0.625 0.0510776 0.0969827 0.00319672
1 0.492026 0.478448 0.0775862 0.221983 0.00312424
1 0.25854 0.0549569 0.0441272 0.0519935 0.00302696
1 0.20722 0.509698 0.108621 0.18319 0.00302696
2 0.197198 0.944235 0.0484914 0.0770474 0.00293541
2 0.25854 0.0549569 0.0441272 0.0519935 0.00271416
1 0.428017 0.641164 0.050431 0.0926724 0.00214958
0 0.428017 0.641164 0.050431 0.0926724 0.00208282
1 0.471983 0.580819 0.0640086 0.114224 0.00188255
2 0.469397 0.482759 0.0594828 0.153017 0.00174809
0 0.197198 0.944235 0.0484914 0.0770474 0.00168133
2 0.224353 0.90194 0.0853448 0.176724 0.00168133
2 0.210291 0.52694 0.11153 0.150862 0.0016613
2 0.243427 0.0492996 0.0478448 0.059806 0.00157928
1 0.501078 0.511315 0.121552 0.210129 0.00155449
2 0.245043 0.189655 0.0452586 0.0625 0.00144958
0 0.224353 0.90194 0.0853448 0.176724 0.00137806
1 0.197198 0.944235 0.0484914 0.0770474 0.0012846
1 0.11642 0.521552 0.0975485 0.137931 0.00121117
2 0.428017 0.641164 0.050431 0.0926724 0.00115585
1 0.243427 0.0492996 0.0478448 0.059806 0.00109005
0 0.436746 0.625 0.0510776 0.0969827 0.00104809
1 0.355603 0.414871 0.0284483 0.0743535 0.00102043
1 0.212069 0.524246 0.123491 0.176724 0.770508
1 0.475215 0.478448 0.0452586 0.165948 0.507812
1 0.471659 0.481681 0.0659483 0.155172 0.100159
1 0.48653 0.479526 0.0704741 0.181034 0.0206451
1 0.349461 0.413793 0.024569 0.0581896 0.00878143
2 0.216918 0.514009 0.129957 0.165948 0.0064888
1 0.441918 0.618534 0.0459052 0.0948276 0.00434875
1 0.434483 0.629849 0.0536638 0.127155 0.0014782
1 0.459375 0.485991 0.0556035 0.172414 0.00145531
1 0.464224 0.565733 0.0581896 0.161638 0.00141621
1 0.0681304 0.508082 0.0260237 0.0797414 0.00135612
0 0.475862 0.476293 0.050431 0.168103 0.00131512
1 0.262177 0.200431 0.0303879 0.0463362 0.00119686
0 0.434483 0.629849 0.0536638 0.127155 0.00106525
1 0.259591 0.0517241 0.0426724 0.0484914 0.00104809
0 0.441918 0.618534 0.0459052 0.0948276 0.00104046
0 0.212231 0.530172 0.127047 0.176724 0.00103188
1 0.213039 0.520474 0.127371 0.178879 0.898926
1 0.480388 0.478987 0.0530172 0.15625 0.662109
1 0.488147 0.488147 0.0672414 0.165948 0.069519
1 0.0712015 0.507543 0.0273168 0.0959051 0.0249939
0 0.258944 0.204472 0.0329741 0.059806 0.012146
0 0.257974 0.0509159 0.0484914 0.0684267 0.00538635
1 0.475216 0.497845 0.0556035 0.172414 0.00477219
1 0.35625 0.418103 0.0336207 0.0905172 0.00374985
1 0.258944 0.204472 0.0329741 0.059806 0.00271416
2 0.511099 0.686422 0.608405 0.627155 0.00266266
1 0.374677 0.450431 0.158405 0.159483 0.00259018
0 0.260237 0.227371 0.0355603 0.0829741 0.00221634
0 0.24375 0.201239 0.05625 0.0845905 0.00216484
1 0.480065 0.547414 0.0530172 0.161638 0.00206757
2 0.340167 0.746228 0.641218 0.507543 0.00191212
1 0.105065 0.516164 0.0762931 0.133621 0.00188923
0 0.212877 0.521552 0.127694 0.189655 0.00178242
1 0.446767 0.607759 0.0581896 0.100216 0.00171375
1 0.260237 0.227371 0.0355603 0.0829741 0.0015974
0 0.00622306 0.825162 0.0124461 0.349677 0.0015974
2 0.498572 0.818427 0.660614 0.363147 0.00151253
0 0.247791 0.0511853 0.0643319 0.0732759 0.00150108
0 0.960776 0.0967134 0.0698276 0.0905172 0.00141048
1 0.437069 0.634698 0.0588362 0.12069 0.00130939
2 0.452586 0.706897 0.452586 0.586207 0.00129986
0 0.481681 0.483836 0.0568966 0.155172 0.00124931
0 0.35625 0.418103 0.0336207 0.0905172 0.00114727
0 0.934914 0.540409 0.0439655 0.0818965 0.00113392
0 0.0063847 0.751078 0.0127694 0.497845 0.00109863
0 0.00161638 0.265086 0.00323276 0.530172 0.00108147
0 0.521444 0.721983 0.617457 0.556035 0.00108147
1 0.257974 0.0509159 0.0484914 0.0684267 0.00103664
1 0.212554 0.523168 0.13028 0.179957 0.931152
1 0.478125 0.48222 0.0543104 0.176724 0.78125
1 0.0682112 0.503233 0.0261853 0.0862069 0.0174408
1 0.488147 0.485991 0.0698276 0.224138 0.00397491
1 0.262823 0.230603 0.0342672 0.0905172 0.0039444
1 0.261934 0.200431 0.0308728 0.0592672 0.00298119
2 0.473922 0.481142 0.0620689 0.165948 0.00286674
1 0.444828 0.608836 0.0543103 0.101293 0.00263214
0 0.473922 0.481142 0.0620689 0.165948 0.00258064
1 0.430927 0.643319 0.044612 0.09375 0.00250244
2 0.261934 0.200431 0.0308728 0.0592672 0.00240517
2 0.430927 0.643319 0.044612 0.09375 0.0020752
2 0.213362 0.522629 0.130603 0.170259 0.0018177
0 0.430927 0.643319 0.044612 0.09375 0.00151253
1 0.355927 0.422414 0.0336207 0.0883621 0.00130939
2 0.26048 0.0501078 0.0454203 0.0557651 0.00121593
0 0.261934 0.200431 0.0308728 0.0592672 0.00115585
1 0.387931 0.448141 0.106034 0.222252 0.00106525
2 0.486207 0.484914 0.0685345 0.1875 0.00102806
1 0.209483 0.532328 0.128017 0.185345 0.868164
1 0.479741 0.477371 0.0594827 0.170259 0.651367
1 0.471336 0.479526 0.0517241 0.157328 0.312256
1 0.488793 0.477371 0.0711207 0.206897 0.0195007
1 0.0685345 0.506466 0.0248922 0.0926724 0.00388527
2 0.471336 0.479526 0.0517241 0.157328 0.00387001
0 0.432543 0.640086 0.0568966 0.101293 0.00292397
2 0.20528 0.533405 0.132543 0.185345 0.00292397
2 0.432543 0.640086 0.0568966 0.101293 0.00279999
1 0.432543 0.640086 0.0568966 0.101293 0.00232315
0 0.471336 0.479526 0.0517241 0.157328 0.00170708
1 0.449353 0.617457 0.0698276 0.105603 0.00160408
1 0.465517 0.484375 0.0685345 0.18319 0.0014782
2 0.486207 0.478987 0.0685345 0.179957 0.00138855
1 0.479095 0.514009 0.062069 0.231681 0.00124454
1 0.351401 0.428879 0.0323276 0.105603 0.00115585
1 0.210291 0.525323 0.126401 0.177802 0.895508
1 0.477478 0.477371 0.0517241 0.161638 0.702637
1 0.484914 0.480603 0.0711207 0.172414 0.0273743
1 0.0707166 0.504849 0.0247306 0.09375 0.0104065
1 0.26153 0.194504 0.0284483 0.0484914 0.00450516
0 0.477155 0.478448 0.0543103 0.157328 0.00307465
2 0.26153 0.194504 0.0284483 0.0484914 0.00239754
2 0.207866 0.522091 0.134483 0.168103 0.00226021
0 0.207866 0.522091 0.134483 0.168103 0.00201988
1 0.450323 0.615302 0.0620689 0.0991379 0.0019722
0 0.26153 0.194504 0.0284483 0.0484914 0.00187492
2 0.477155 0.478448 0.0543103 0.157328 0.00185299
2 0.484914 0.480603 0.0711207 0.172414 0.0014782
0 0.450323 0.615302 0.0620689 0.0991379 0.00138283
1 0.360776 0.461207 0.0536638 0.131466 0.00111198
2 0.353664 0.415948 0.0232759 0.075431 0.00109005
1 0.211261 0.524785 0.127047 0.172414 0.817383
1 0.478448 0.473599 0.0517241 0.162716 0.684082
1 0.474569 0.463362 0.0517241 0.116379 0.250977
1 0.486853 0.475216 0.0698276 0.176724 0.0263519
1 0.0727371 0.501616 0.0284483 0.104526 0.008255
1 0.262419 0.198815 0.029903 0.0517241 0.00712204
1 0.354957 0.42403 0.0252155 0.0894397 0.00544739
1 0.111166 0.521013 0.0912446 0.150862 0.00292397
1 0.450323 0.619073 0.0588362 0.109914 0.0026722
1 0.363362 0.449353 0.0336207 0.105603 0.00258064
1 0.439655 0.634698 0.0543103 0.109914 0.00243378
1 0.188147 0.26347 0.0213362 0.0431035 0.00198746
0 0.354957 0.42403 0.0252155 0.0894397 0.00149536
0 0.846983 0.518319 0.0362069 0.0959052 0.0014782
0 0.936853 0.529634 0.0297413 0.0862069 0.00134563
1 0.266703 0.235991 0.0226293 0.0635776 0.0012598
0 0.262419 0.198815 0.029903 0.0517241 0.0011692
1 0.194612 0.949353 0.043319 0.0668104 0.00103188
2 0.215948 0.529095 0.137716 0.18319 0.00103188
1 0.210614 0.52694 0.125754 0.174569 0.888672
1 0.481358 0.482759 0.0536638 0.162716 0.789062
1 0.490086 0.477371 0.0659482 0.185345 0.02211
1 0.371121 0.460668 0.0426724 0.126078 0.0078125
0 0.480388 0.482759 0.0530172 0.159483 0.00439835
1 0.45 0.622845 0.0607759 0.0991379 0.00279999
0 0.436422 0.637931 0.049138 0.101293 0.00191212
0 0.438039 0.847791 0.450646 0.304418 0.00181007
0 0.45 0.622845 0.0607759 0.0991379 0.00175476
0 0.21417 0.522629 0.125754 0.177802 0.00152493
0 0.35431 0.419181 0.0232759 0.0840517 0.00131989
1 0.35431 0.419181 0.0232759 0.0840517 0.00129414
2 0.482328 0.476293 0.0633621 0.144397 0.00119209
2 0.21417 0.522629 0.125754 0.177802 0.00112915
1 0.210453 0.527478 0.126078 0.192888 0.791992
1 0.476185 0.478448 0.0536638 0.161638 0.741699
1 0.48556 0.480603 0.0717672 0.172414 0.0414734
1 0.449353 0.622845 0.0633621 0.109914 0.00600433
0 0.476185 0.478448 0.0536638 0.161638 0.00344276
0 0.449353 0.622845 0.0633621 0.109914 0.00329781
0 0.436422 0.634698 0.0517241 0.112069 0.00251198
2 0.436422 0.634698 0.0517241 0.112069 0.0024147
2 0.476185 0.478448 0.0536638 0.161638 0.00239754
1 0.461961 0.487608 0.0646552 0.178879 0.00222588
1 0.468103 0.52694 0.0633621 0.219828 0.00210762
2 0.48556 0.480603 0.0717672 0.172414 0.00174141
1 0.436422 0.634698 0.0517241 0.112069 0.00168705
2 0.449353 0.622845 0.0633621 0.109914 0.00162315
1 0.309698 0.484914 0.1875 0.186422 0.00107765
1 0.211584 0.528556 0.127694 0.182112 0.834473
1 0.475862 0.474677 0.0530173 0.158405 0.70752
1 0.48556 0.477371 0.0711207 0.165948 0.0196381
0 0.476832 0.474677 0.0543103 0.155172 0.00457382
1 0.448707 0.618535 0.0633621 0.103448 0.00349617
0 0.448707 0.618535 0.0633621 0.103448 0.00221634
1 0.35431 0.41056 0.024569 0.0689655 0.00201988
0 0.212231 0.526401 0.125754 0.186422 0.0015974
2 0.476832 0.474677 0.0543103 0.155172 0.00126457
1 0.471013 0.482759 0.0594828 0.209052 0.00118351
2 0.35431 0.41056 0.024569 0.0689655 0.00107288
1 0.211746 0.523707 0.124138 0.178879 0.861328
1 0.476509 0.474677 0.0556035 0.153017 0.629883
1 0.444828 0.618535 0.0594828 0.114224 0.0085144
1 0.48556 0.476293 0.0737069 0.1875 0.00701141
0 0.444828 0.618535 0.0594828 0.114224 0.00498199
0 0.476509 0.476293 0.0601293 0.150862 0.00292397
1 0.353017 0.416487 0.0239224 0.075431 0.00264168
1 0.367241 0.465517 0.0465517 0.112069 0.00257111
0 0.435129 0.632004 0.0530172 0.116379 0.00232315
2 0.353017 0.416487 0.0239224 0.075431 0.00163555
1 0.435129 0.632004 0.0530172 0.116379 0.00114727
1 0.209968 0.524785 0.130927 0.18319 0.831055
1 0.478448 0.47791 0.0543103 0.16056 0.699219
1 0.48847 0.480603 0.0711207 0.200431 0.00516129
1 0.449353 0.616379 0.0594827 0.107759 0.00502014
1 0.353987 0.418103 0.024569 0.0743534 0.00471878
1 0.362069 0.466595 0.0530173 0.131466 0.00387001
2 0.353987 0.418103 0.024569 0.0743534 0.00309944
0 0.435129 0.641164 0.0439655 0.101293 0.00230598
0 0.449353 0.616379 0.0594827 0.107759 0.00189686
0 0.478448 0.476293 0.0568965 0.155172 0.0018034
1 0.435129 0.641164 0.0439655 0.101293 0.00175476
0 0.353987 0.418103 0.024569 0.0743534 0.00112915
1 0.211422 0.525862 0.126724 0.19181 0.859863
1 0.476509 0.476293 0.0581896 0.16056 0.728027
1 0.48653 0.478987 0.0717672 0.197198 0.00494385
0 0.476509 0.476293 0.0581896 0.16056 0.00424957
1 0.353017 0.412177 0.0232759 0.0732758 0.00201988
1 0.338147 0.491379 0.142241 0.1875 0.00186729
1 0.45 0.610991 0.0640086 0.116379 0.00183105
0 0.211746 0.525323 0.126078 0.19181 0.00138855
2 0.353017 0.412177 0.0232759 0.0732758 0.00101185
1 0.211261 0.529095 0.128341 0.181034 0.820801
1 0.476509 0.481681 0.050431 0.153017 0.6875
1 0.47069 0.489224 0.0517241 0.176724 0.00365067
1 0.48556 0.481681 0.0685345 0.163793 0.00328636
1 0.353017 0.413793 0.0252155 0.0668104 0.00259018
1 0.348491 0.475216 0.0956897 0.144397 0.00179577
1 0.449353 0.612069 0.0568965 0.0948276 0.00161648
0 0.475862 0.479526 0.0530173 0.149784 0.00136662
1 0.211422 0.52694 0.128017 0.185345 0.85498
1 0.478448 0.482759 0.0530172 0.159483 0.744629
1 0.48847 0.480603 0.069181 0.19181 0.0069046
1 0.353341 0.416487 0.0252155 0.0743535 0.00441742
1 0.45194 0.613147 0.0640086 0.106681 0.00283432
1 0.357543 0.467134 0.0698276 0.132543 0.00252151
0 0.477802 0.479526 0.0556034 0.15194 0.00218201
0 0.434483 0.643319 0.0439655 0.0926724 0.00177479
1 0.434483 0.643319 0.0439655 0.0926724 0.00162315
0 0.45194 0.613147 0.0640086 0.106681 0.00108624
1 0.212069 0.526401 0.12931 0.184267 0.842773
1 0.477155 0.479526 0.0543103 0.155172 0.749023
1 0.486207 0.481142 0.0672414 0.168103 0.0110703
1 0.353017 0.416487 0.024569 0.0765086 0.00279999
1 0.451293 0.612069 0.063362 0.107759 0.00214958
0 0.477155 0.479526 0.0543103 0.155172 0.00193405
1 0.340086 0.477371 0.127371 0.159483 0.00188923
0 0.434483 0.641703 0.0452587 0.0991379 0.00143814
1 0.434483 0.641703 0.0452587 0.0991379 0.00118351
1 0.212069 0.526401 0.12931 0.184267 0.842773
1 0.477155 0.479526 0.0543103 0.155172 0.749023
1 0.485884 0.481142 0.0678879 0.168103 0.0109863
1 0.353017 0.416487 0.024569 0.0765086 0.00281143
1 0.451293 0.612069 0.063362 0.107759 0.00214958
0 0.477155 0.479526 0.0543103 0.155172 0.00193405
1 0.340086 0.477371 0.126724 0.159483 0.00189686
0 0.434483 0.641703 0.0452587 0.0991379 0.00143814
1 0.434483 0.641703 0.0452587 0.0991379 0.00117874
