1 0.183621 0.53556 0.165517 0.217672 0.963379
0 0.184591 0.534483 0.16681 0.228448 0.137085
2 0.183297 0.533944 0.16875 0.220905 0.0957031
1 0.485237 0.318966 0.111207 0.205819 0.0800781
1 0.12931 0.544181 0.0627155 0.198276 0.0258636
0 0.486207 0.314386 0.107974 0.196659 0.00837708
1 0.39472 0.463362 0.0323276 0.101293 0.00763702
1 0.314224 0.523707 0.178448 0.157328 0.00443268
2 0.5 0.5 1 1 0.00362206
1 0.5 0.5 1 1 0.00335121
1 0.5 0.5 1 1 0.00335121
0 0.5 0.5 1 1 0.00325966
0 0.5 0.5 1 1 0.00322342
1 0.52597 0.3125 0.160991 0.226293 0.0029583
2 0.5 0.5 1 1 0.0029583
0 0.5 0.5 1 1 0.00287819
1 0.33653 0.58028 0.175862 0.126078 0.00284576
2 0.5 0.5 1 1 0.00279999
1 0.5 0.5 1 1 0.00264168
0 0.5 0.5 1 1 0.00261116
0 0.5 0.5 1 1 0.00261116
2 0.5 0.5 1 1 0.00259018
2 0.5 0.5 1 1 0.00257111
0 0.402155 0.5 0.80431 1 0.00256157
2 0.402155 0.5 0.80431 1 0.00251198
0 0.5 0.5 1 1 0.0024929
0 0.5 0.5 1 1 0.00243378
2 0.5 0.5 1 1 0.0024147
1 0.326832 0.485453 0.164224 0.177802 0.00239754
1 0.482328 0.5 0.964655 1 0.00239754
1 0.5 0.5 1 1 0.00228691
0 0.48556 0.5 0.971121 1 0.00221634
2 0.48556 0.5 0.971121 1 0.00218201
2 0.5 0.5 1 1 0.00212479
2 0.840517 0.828664 0.0439655 0.109914 0.0020504
1 0.311638 0.552263 0.153233 0.150862 0.00198746
0 0.474246 0.335668 0.149353 0.227371 0.00189686
1 0.474246 0.335668 0.149353 0.227371 0.00182438
1 0.48556 0.5 0.971121 1 0.00176811
1 0.5 0.5 1 1 0.00175476
2 0.148869 0.117457 0.0543103 0.0743534 0.00174141
1 0.148869 0.117457 0.0543103 0.0743534 0.00171375
2 0.482328 0.332435 0.121552 0.189655 0.00169373
0 0.140948 0.546875 0.0821121 0.197198 0.00166798
1 0.401509 0.634159 0.0640086 0.100216 0.00155449
1 0.5 0.5 1 1 0.00148392
2 0.474246 0.335668 0.149353 0.227371 0.00139904
1 0.1757 0.497845 0.185237 0.243534 0.00137806
0 0.312931 0.330011 0.437069 0.660022 0.00133514
0 0.148869 0.117457 0.0543103 0.0743534 0.00132465
1 0.181681 0.540948 0.158405 0.221983 0.835449
2 0.17958 0.532328 0.141272 0.211207 0.00274658
2 0.5 0.5 1 1 0.00152493
0 0.174246 0.540948 0.15 0.19181 0.0015192
0 0.490086 0.735183 0.980172 0.529634 0.0015192
1 0.490086 0.735183 0.980172 0.529634 0.00151253
2 0.490086 0.735183 0.980172 0.529634 0.00150108
0 0.440625 0.5 0.88125 1 0.00139904
2 0.5 0.50431 1 0.991379 0.00139904
0 0.5 0.5 1 1 0.00136662
1 0.5 0.5 1 1 0.00135612
0 0.5 0.494612 1 0.989224 0.00134087
2 0.5 0.494612 1 0.989224 0.00134087
2 0.440625 0.5 0.88125 1 0.00129986
0 0.5 0.50431 1 0.991379 0.00129414
1 0.5 0.50431 1 0.991379 0.00124454
1 0.47069 0.5 0.941379 1 0.00119686
2 0.5 0.784483 1 0.431035 0.00117397
2 0.721767 0.769397 0.556466 0.461207 0.00116062
1 0.5 0.784483 1 0.431035 0.00109005
2 0.5 0.5 1 1 0.00108147
2 0.553017 0.784752 0.893966 0.430496 0.00108147
0 0.5 0.379849 1 0.759698 0.00107288
0 0.558836 0.403017 0.882328 0.806035 0.00106525
0 0.721767 0.769397 0.556466 0.461207 0.00106525
2 0.5 0.414871 1 0.829741 0.00103188
0 0.5 0.5 1 1 0.00102425
2 0.5 0.379849 1 0.759698 0.00100422
1 0.721767 0.769397 0.556466 0.461207 0.00100422
1 0.179418 0.52694 0.15 0.226293 0.898926
1 0.461638 0.368535 0.124138 0.167026 0.024704
1 0.400862 0.453664 0.0556035 0.116379 0.0156708
2 0.184591 0.534483 0.163578 0.215517 0.0136871
1 0.471659 0.336207 0.100862 0.147629 0.0130692
1 0.444828 0.450431 0.111207 0.133621 0.00993347
1 0.0253772 0.721983 0.0507543 0.0926724 0.00861359
1 0.410237 0.417161 0.0911638 0.159213 0.00591278
1 0.426078 0.526401 0.0517241 0.0668104 0.00486755
1 0.482004 0.311422 0.122845 0.21875 0.0046463
1 0.369504 0.451509 0.0782328 0.112069 0.00265312
1 0.480711 0.314925 0.0911638 0.195582 0.00257111
2 0.839871 0.824892 0.0400862 0.075431 0.0024147
1 0.398276 0.654634 0.075 0.131465 0.00239754
2 0.861207 0.682112 0.151293 0.135776 0.00225258
2 0.859914 0.719828 0.121552 0.165948 0.00174141
1 0.839871 0.824892 0.0400862 0.075431 0.00163555
1 0.419935 0.626616 0.0549569 0.103448 0.00158501
1 0.413146 0.643319 0.0646552 0.133621 0.00158501
1 0.405388 0.327586 0.253448 0.278017 0.00146675
2 0.858621 0.71875 0.157759 0.209052 0.00127411
2 0.0115571 0.170124 0.0231142 0.340248 0.00122547
1 0.0287715 0.639009 0.0543103 0.154095 0.00122547
1 0.415086 0.50431 0.0788793 0.1875 0.0012064
2 0.0156789 0.100081 0.0313578 0.200162 0.00109482
2 0.0256196 0.212284 0.0512392 0.424569 0.00103188
1 0.179095 0.539871 0.153879 0.215517 0.934082
2 0.80819 0.665948 0.0465518 0.0668104 0.088501
1 0.484267 0.31681 0.0905172 0.188578 0.0653687
1 0.422198 0.632543 0.0439655 0.107759 0.0607605
1 0.387284 0.450431 0.0323276 0.103448 0.0465393
1 0.0229526 0.725215 0.0459052 0.0797414 0.0403748
0 0.0229526 0.725215 0.0459052 0.0797414 0.0257568
2 0.92069 0.651401 0.0362069 0.0711207 0.024231
1 0.185237 0.0587284 0.0488147 0.078125 0.0200195
2 0.828233 0.675647 0.0543103 0.0625 0.0143356
1 0.0232759 0.699353 0.0465517 0.116379 0.0135345
2 0.715086 0.647629 0.0672414 0.0991379 0.0103302
0 0.0232759 0.699353 0.0465517 0.116379 0.00926971
2 0.783621 0.659483 0.0543104 0.0786638 0.00919342
1 0.419612 0.44181 0.0775862 0.137931 0.00871277
2 0.185237 0.0587284 0.0488147 0.078125 0.00844574
1 0.306465 0.280442 0.349784 0.428341 0.00734711
1 0.401832 0.648707 0.0568965 0.126078 0.00712204
2 0.677586 0.650323 0.0413793 0.102371 0.0069046
2 0.918103 0.625539 0.0413794 0.0829741 0.00682449
1 0.422198 0.556035 0.0517241 0.12069 0.00677109
2 0.753233 0.707974 0.169397 0.174569 0.00669098
1 0.0203664 0.62069 0.0407328 0.0711207 0.00582123
0 0.422845 0.635237 0.0426724 0.112069 0.00577545
1 0.259186 0.328125 0.432058 0.509698 0.00516129
2 0.715086 0.630927 0.0646552 0.0905172 0.00510025
2 0.837931 0.830819 0.0362069 0.0646552 0.00494385
1 0.456142 0.26347 0.134483 0.34375 0.00494385
0 0.837931 0.830819 0.0362069 0.0646552 0.00416565
2 0.905172 0.65194 0.0517241 0.0711207 0.00382423
1 0.455496 0.359375 0.14806 0.270474 0.00376511
2 0.56056 0.665948 0.275431 0.173491 0.00324821
1 0.387931 0.425647 0.050431 0.165948 0.00322342
2 0.422845 0.635237 0.0426724 0.112069 0.00312424
2 0.808836 0.645474 0.0478448 0.103448 0.00305176
0 0.401832 0.648707 0.0568965 0.126078 0.00302696
1 0.80819 0.665948 0.0465518 0.0668104 0.00300407
0 0.92069 0.651401 0.0362069 0.0711207 0.00300407
0 0.80819 0.665948 0.0465518 0.0668104 0.00294685
1 0.369181 0.45097 0.0646552 0.107759 0.00273705
1 0.499784 0.26778 0.126724 0.356681 0.00271416
1 0.837931 0.830819 0.0362069 0.0646552 0.0026722
1 0.4125 0.641164 0.0568965 0.125 0.0026207
2 0.837931 0.747845 0.0375 0.0646551 0.00259018
1 0.318427 0.341056 0.251509 0.470905 0.00255013
2 0.838578 0.851832 0.0375 0.0721983 0.00250244
1 0.92069 0.651401 0.0362069 0.0711207 0.00243378
2 0.909052 0.613147 0.0491379 0.0668103 0.00239754
1 0.243103 0.290948 0.486207 0.398707 0.00215721
1 0.00371767 0.836746 0.00743534 0.326509 0.00211525
1 0.182974 0.537716 0.158405 0.209052 0.818848
1 0.393103 0.456897 0.0258621 0.09375 0.0298767
1 0.177155 0.551724 0.137069 0.159483 0.00446701
1 0.472953 0.327317 0.101509 0.172953 0.00340271
2 0.924569 0.65194 0.0362069 0.0732759 0.00281143
1 0.425431 0.640086 0.0413793 0.114224 0.00258064
2 0.425431 0.640086 0.0413793 0.114224 0.00245285
1 0.41056 0.447198 0.067888 0.144397 0.00218201
2 0.840517 0.837284 0.0413793 0.0700432 0.00187492
0 0.425431 0.640086 0.0413793 0.114224 0.00185299
2 0.176509 0.536638 0.141595 0.181034 0.0018177
2 0.924569 0.628772 0.0362069 0.0678879 0.00155449
1 0.462284 0.362069 0.13319 0.224138 0.00132465
1 0.422845 0.461207 0.0737069 0.114224 0.00124454
1 0.0235991 0.724138 0.0384698 0.0797414 0.00114727
2 0.752586 0.868534 0.0413793 0.0538793 0.00103664
1 0.175216 0.536099 0.153233 0.200431 0.78125
1 0.393103 0.455819 0.0168103 0.0862069 0.0492249
1 0.415086 0.438578 0.0840518 0.144397 0.00228691
1 0.658836 0.324623 0.482328 0.380927 0.00201988
1 0.426078 0.454741 0.0821121 0.115302 0.00191212
2 0.381789 0.9507 0.579957 0.0985992 0.00178242
1 0.646552 0.265356 0.509483 0.386315 0.0015974
1 0.585776 0.311153 0.515948 0.288254 0.00148964
1 0.0273168 0.724138 0.0349138 0.0624999 0.00141048
2 0.621821 0.681573 0.408944 0.268319 0.00139427
1 0.506573 0.276401 0.56444 0.428879 0.00134087
1 0.392134 0.315194 0.308405 0.203664 0.00130939
1 0.456465 0.339709 0.159052 0.179418 0.00126457
0 0.381789 0.9507 0.579957 0.0985992 0.00123501
2 0.274623 0.967672 0.549246 0.0646552 0.00123024
0 0.0273168 0.724138 0.0349138 0.0624999 0.00121593
0 0.274623 0.967672 0.549246 0.0646552 0.00120163
1 0.417026 0.305226 0.430603 0.209591 0.00116539
1 0.453556 0.383621 0.14806 0.1875 0.0011425
2 0.175216 0.536099 0.153233 0.200431 0.00106907
2 0.464224 0.936961 0.589655 0.126078 0.00100803
1 0.178772 0.533944 0.157759 0.200431 0.834473
1 0.486853 0.309806 0.0918104 0.178879 0.162964
1 0.389224 0.45528 0.024569 0.116379 0.0384521
0 0.0252155 0.716056 0.0488147 0.0948276 0.00717545
1 0.47069 0.297414 0.154526 0.239224 0.0064621
1 0.421552 0.633621 0.0484914 0.135776 0.0055542
2 0.92069 0.607759 0.0336207 0.0398707 0.00494385
1 0.35722 0.444504 0.16875 0.179957 0.00419998
0 0.0178206 0.794181 0.0356412 0.411638 0.00365067
1 0.0376616 0.695043 0.0701509 0.135776 0.00349617
0 0.0275593 0.69666 0.0494612 0.108836 0.00335121
1 0.367888 0.461207 0.0659483 0.139009 0.003088
1 0.523707 0.304418 0.215948 0.259698 0.0029583
2 0.406681 0.778017 0.698276 0.443966 0.0029583
1 0.418319 0.455819 0.0646552 0.127155 0.00288963
1 0.0252155 0.716056 0.0488147 0.0948276 0.00271416
2 0.0376616 0.695043 0.0701509 0.135776 0.00257111
0 0.421552 0.633621 0.0484914 0.135776 0.00228691
1 0.426078 0.537716 0.0581897 0.0689655 0.00217438
0 0.486853 0.309806 0.0918104 0.178879 0.00204277
0 0.92069 0.607759 0.0336207 0.0398707 0.00200272
2 0.0178206 0.794181 0.0356412 0.411638 0.00195694
2 0.310345 0.748384 0.62069 0.503233 0.00195694
0 0.0072333 0.777478 0.0144666 0.445043 0.0018034
1 0.396013 0.481681 0.0510776 0.161638 0.00173378
0 0.178933 0.537716 0.153556 0.219828 0.00161076
1 0.188631 0.05132 0.0494612 0.0837823 0.0015974
2 0.919397 0.650862 0.0387931 0.0797414 0.00154305
2 0.531465 0.817619 0.667241 0.364763 0.00152493
2 0.0252155 0.716056 0.0488147 0.0948276 0.00150681
0 0.155657 0.0983297 0.0824353 0.132004 0.00141621
0 0.919397 0.650862 0.0387931 0.0797414 0.00141048
1 0.92069 0.607759 0.0336207 0.0398707 0.00135612
0 0.310345 0.748384 0.62069 0.503233 0.00134087
1 0.353664 0.244881 0.39569 0.489763 0.00124931
0 0.841164 0.827586 0.0426724 0.0689656 0.00123501
2 0.0072333 0.777478 0.0144666 0.445043 0.00112438
1 0.465194 0.373922 0.117026 0.215517 0.00109863
2 0.906466 0.606681 0.0439654 0.0474138 0.00109482
0 0.160991 0.0810884 0.0931034 0.144935 0.00109005
0 0.429634 0.794181 0.669181 0.411638 0.00109005
1 0.0275593 0.69666 0.0494612 0.108836 0.00108624
1 0.212069 0.0460668 0.0484914 0.0759698 0.00106049
1 0.339763 0.277478 0.308405 0.396552 0.00105667
1 0.31285 0.464305 0.1993 0.278287 0.00104427
1 0.0178206 0.794181 0.0356412 0.411638 0.00102806
0 0.0376616 0.695043 0.0701509 0.135776 0.00101662
1 0.179095 0.533405 0.156466 0.219828 0.906738
1 0.392134 0.452586 0.0252155 0.116379 0.0064888
1 0.0242457 0.716595 0.0439655 0.0862069 0.00521851
2 0.924569 0.60722 0.0284483 0.0387931 0.00327301
0 0.0242457 0.716595 0.0439655 0.0862069 0.00298119
1 0.924569 0.60722 0.0284483 0.0387931 0.00230598
1 0.478448 0.318696 0.0995689 0.204203 0.00194931
1 0.424138 0.643858 0.0387931 0.112069 0.0014267
1 0.841164 0.854526 0.0362069 0.0775862 0.00106525
1 0.520797 0.313847 0.184267 0.225754 0.00104046
1 0.178772 0.537716 0.155819 0.206897 0.870605
1 0.39375 0.455819 0.0271552 0.109914 0.0455322
0 0.0248114 0.705819 0.0483297 0.116379 0.0330811
1 0.421552 0.457974 0.0801724 0.115302 0.00985718
1 0.420905 0.53125 0.0607759 0.105603 0.0049057
1 0.424138 0.631466 0.0394396 0.130388 0.00450516
1 0.405388 0.492457 0.0543103 0.148707 0.00379562
1 0.0248114 0.705819 0.0483297 0.116379 0.00340271
0 0.424138 0.631466 0.0394396 0.130388 0.00298119
1 0.477802 0.333513 0.115086 0.186422 0.00223351
2 0.424138 0.631466 0.0394396 0.130388 0.00194168
1 0.448707 0.439655 0.136422 0.162716 0.00181007
2 0.0248114 0.705819 0.0483297 0.116379 0.00161076
1 0.396336 0.454741 0.0478448 0.142241 0.00150108
1 0.354957 0.467672 0.0918104 0.150862 0.0012846
2 0.923276 0.616379 0.0323276 0.0517242 0.00115108
1 0.503987 0.316541 0.143535 0.216056 0.00110722
2 0.129957 0.609375 0.259914 0.534483 0.00106049
2 0.923276 0.65625 0.0310345 0.0603448 0.00101185
1 0.180065 0.540948 0.150647 0.200431 0.869629
1 0.0257004 0.713362 0.0465517 0.0905172 0.0115051
1 0.395043 0.451509 0.0232759 0.105603 0.00614548
1 0.195905 0.044181 0.0323276 0.0635776 0.00511932
1 0.214494 0.0396013 0.0413793 0.0619612 0.00319672
0 0.0257004 0.713362 0.0465517 0.0905172 0.00263214
2 0.181519 0.537716 0.149677 0.215517 0.00208282
2 0.924569 0.606681 0.0310345 0.0344828 0.00203514
1 0.127047 0.659483 0.254095 0.224138 0.00163555
1 0.425754 0.637931 0.0342672 0.107759 0.00122547
2 0.0257004 0.713362 0.0465517 0.0905172 0.00104427
1 0.182004 0.534483 0.153879 0.200431 0.771973
1 0.393427 0.452586 0.0271552 0.116379 0.035675
1 0.0269127 0.711207 0.0444504 0.105603 0.0131226
1 0.426078 0.62931 0.0413793 0.131466 0.0125275
1 0.486207 0.318427 0.0892242 0.155172 0.00812531
1 0.194612 0.0514547 0.0342672 0.0676185 0.00582123
1 0.418966 0.453664 0.0711207 0.133621 0.00365067
1 0.681466 0.270744 0.39569 0.391703 0.00200272
1 0.420259 0.549569 0.0556034 0.174569 0.00143242
1 0.924569 0.621767 0.0284483 0.0560345 0.00137806
1 0.80819 0.539332 0.0232759 0.049569 0.00133514
1 0.922629 0.649246 0.0323277 0.0700431 0.00133514
1 0.121228 0.647629 0.241164 0.261853 0.0012598
1 0.410884 0.474138 0.0536638 0.165948 0.00113773
1 0.300647 0.377155 0.225647 0.19181 0.00110722
1 0.183297 0.539871 0.164871 0.211207 0.847168
1 0.484267 0.315463 0.0918103 0.190194 0.0162201
1 0.39375 0.457974 0.024569 0.122845 0.0142822
1 0.387284 0.467134 0.129957 0.192888 0.00374985
1 0.425431 0.456897 0.0827586 0.12931 0.00335121
2 0.182004 0.539871 0.164224 0.217672 0.00305176
1 0.396983 0.450431 0.0349138 0.142241 0.00276756
0 0.182004 0.539871 0.164224 0.217672 0.00271416
1 0.462284 0.376212 0.124138 0.198006 0.00141621
1 0.192996 0.059806 0.0342672 0.0657328 0.00125504
1 0.17861 0.537716 0.148384 0.220905 0.792969
1 0.392457 0.456897 0.0232759 0.103448 0.00881195
1 0.194612 0.045528 0.0323276 0.0689655 0.00200272
2 0.923276 0.612069 0.0310345 0.0474138 0.00130939
1 0.688093 0.301994 0.400539 0.421875 0.00124454
1 0.177802 0.533405 0.153879 0.211207 0.791992
2 0.178125 0.533405 0.149353 0.21444 0.00564194
0 0.177478 0.533944 0.151293 0.213362 0.00245285
1 0.39375 0.455819 0.0258621 0.112069 0.00217438
1 0.180711 0.532328 0.15194 0.200431 0.854004
1 0.478448 0.313308 0.0969828 0.156789 0.00327301
1 0.393103 0.458513 0.0271552 0.104526 0.00305176
1 0.178125 0.536638 0.15194 0.205819 0.842773
1 0.394397 0.453664 0.024569 0.107759 0.00653839
1 0.701509 0.311692 0.444828 0.367996 0.00170708
1 0.477478 0.318427 0.0989224 0.173491 0.00109863
1 0.178933 0.534483 0.15097 0.211207 0.866211
2 0.17764 0.53556 0.151616 0.215517 0.00428009
1 0.39278 0.45097 0.0252155 0.108836 0.00276756
1 0.478772 0.311961 0.100216 0.182112 0.00143242
1 0.17958 0.537716 0.153556 0.202586 0.841797
1 0.39181 0.453664 0.0226293 0.0948276 0.00191212
2 0.180065 0.536638 0.154526 0.212284 0.00124931
1 0.179418 0.538254 0.155819 0.210129 0.871582
1 0.393103 0.453664 0.024569 0.0980603 0.00276756
2 0.182489 0.536638 0.158082 0.204741 0.00138855
1 0.477155 0.319235 0.102802 0.163254 0.00103188
1 0.180388 0.538793 0.152586 0.204741 0.850098
1 0.393103 0.454741 0.0258621 0.101293 0.00288963
1 0.180388 0.538793 0.152586 0.204741 0.850098
1 0.393103 0.454741 0.0258621 0.101293 0.00290108
