1 0.859375 0.610026 0.158854 0.207031 0.635254
1 0.291585 0.703125 0.333496 0.200521 0.410156
1 0.565104 0.249023 0.123698 0.136719 0.193726
1 0.704427 0.875 0.101562 0.104167 0.13208
1 0.356445 0.718099 0.220052 0.199219 0.0705566
0 0.704427 0.875 0.101562 0.104167 0.0577087
2 0.28418 0.721354 0.345052 0.209635 0.0509033
2 0.703776 0.878906 0.105469 0.119792 0.0481262
0 0.290365 0.709635 0.332031 0.184896 0.0375977
1 0.445312 0.72526 0.0520833 0.15625 0.0343628
2 0.685547 0.874349 0.0872396 0.110677 0.0301056
1 0.884115 0.613932 0.221354 0.238281 0.0280151
1 0.980469 0.0467122 0.0390625 0.0934245 0.0275879
0 0.685547 0.874349 0.0872396 0.110677 0.0269623
1 0.414714 0.722656 0.110677 0.177083 0.0184021
1 0.699219 0.884115 0.109375 0.14974 0.0178528
1 0.980469 0.06722 0.0390625 0.13444 0.0139542
1 0.0564779 0.593099 0.0602213 0.0768229 0.0139542
1 0.685547 0.874349 0.0872396 0.110677 0.0139008
0 0.565104 0.249023 0.123698 0.136719 0.0134811
1 0.434896 0.140462 0.0820312 0.0647787 0.0132217
1 0.529948 0.239258 0.0351562 0.0996094 0.0127258
1 0.979818 0.0976562 0.0403646 0.195312 0.0126266
0 0.859375 0.616536 0.15625 0.204427 0.0118713
1 0.0513509 0.638184 0.0900065 0.163737 0.011734
1 0.58138 0.384115 0.0703125 0.0911459 0.00923157
0 0.699219 0.884115 0.109375 0.14974 0.00878143
1 0.457682 0.142253 0.0611979 0.0572917 0.00793457
1 0.059082 0.0859375 0.113281 0.135742 0.00769424
2 0.529948 0.239258 0.0351562 0.0996094 0.00763702
0 0.529948 0.239258 0.0351562 0.0996094 0.00754929
1 0.476888 0.78125 0.117188 0.299479 0.00748825
1 0.548828 0.244466 0.0989583 0.129557 0.00669098
1 0.457682 0.792969 0.0787761 0.277344 0.00653839
0 0.059082 0.0859375 0.113281 0.135742 0.00614548
1 0.46224 0.838542 0.0807291 0.153646 0.00593567
1 0.574219 0.39388 0.0703125 0.105469 0.00591278
0 0.0564779 0.593099 0.0602213 0.0768229 0.00502014
1 0.63151 0.653809 0.38151 0.228841 0.00498199
2 0.059082 0.0859375 0.113281 0.135742 0.00486755
1 0.67334 0.632161 0.463216 0.235677 0.00479126
2 0.250326 0.649089 0.276693 0.289062 0.0046463
2 0.283366 0.544922 0.566732 0.910156 0.00387001
1 0.56901 0.408854 0.0690104 0.135417 0.00385475
1 0.494141 0.738281 0.130208 0.148438 0.00365067
0 0.250326 0.649089 0.276693 0.289062 0.00358009
2 0.114176 0.456706 0.228353 0.482422 0.00345612
0 0.0548503 0.630208 0.104167 0.169271 0.00341606
1 0.760417 0.621745 0.299479 0.201823 0.00340271
0 0.494792 0.550781 0.302083 0.216146 0.00337601
1 0.292643 0.71224 0.345052 0.21875 0.791016
1 0.852865 0.611979 0.127604 0.199219 0.309082
2 0.289062 0.717448 0.356771 0.210938 0.164551
1 0.553385 0.245117 0.105469 0.108724 0.0266571
1 0.892253 0.602865 0.215495 0.235677 0.0174408
0 0.292643 0.71224 0.345052 0.21875 0.00891876
1 0.977865 0.0432943 0.0390625 0.0865885 0.00714874
1 0.979167 0.0878906 0.0416667 0.175781 0.0064888
1 0.0709635 0.630859 0.141927 0.170573 0.00619125
1 0.979818 0.0572917 0.0403646 0.114583 0.00593567
1 0.446615 0.72526 0.046224 0.179688 0.00486755
2 0.71875 0.880208 0.0546875 0.0807291 0.00391388
1 0.298503 0.610677 0.369141 0.411458 0.00332451
1 0.306966 0.788411 0.399089 0.39974 0.00293541
1 0.914714 0.636719 0.170573 0.291667 0.00268364
0 0.545573 0.239258 0.102865 0.110677 0.00243378
1 0.350179 0.722656 0.239746 0.182292 0.00242424
2 0.701172 0.884766 0.0872396 0.104167 0.0024147
1 0.892578 0.603516 0.214844 0.309896 0.00223351
1 0.431315 0.720703 0.0768229 0.18099 0.00221634
2 0.416016 0.753906 0.832031 0.492188 0.0019722
1 0.71875 0.880208 0.0546875 0.0807291 0.00191879
2 0.401042 0.710124 0.802083 0.579753 0.00191212
0 0.416016 0.753906 0.832031 0.492188 0.00189686
1 0.0804036 0.645833 0.160807 0.264323 0.00183105
1 0.416016 0.753906 0.832031 0.492188 0.00177479
1 0.401042 0.710124 0.802083 0.579753 0.00176811
0 0.401042 0.710124 0.802083 0.579753 0.00174809
2 0.464844 0.51237 0.929688 0.972656 0.00173378
1 0.504557 0.344727 0.242188 0.352214 0.00172043
1 0.401367 0.839193 0.802734 0.321615 0.00168705
2 0.401367 0.839193 0.802734 0.321615 0.00167465
0 0.401367 0.839193 0.802734 0.321615 0.00166798
2 0.454427 0.5 0.908854 1 0.00162315
1 0.656901 0.712077 0.459635 0.443034 0.0015974
0 0.464844 0.51237 0.929688 0.972656 0.00155449
0 0.454427 0.5 0.908854 1 0.00153065
1 0.454427 0.5 0.908854 1 0.00153065
1 0.464844 0.51237 0.929688 0.972656 0.00153065
2 0.852865 0.611979 0.127604 0.199219 0.00142097
2 0.623698 0.852865 0.752604 0.294271 0.00141621
1 0.623698 0.852865 0.752604 0.294271 0.00139904
2 0.729167 0.858724 0.541667 0.282552 0.00139427
0 0.435221 0.395508 0.870443 0.791016 0.00137234
0 0.852865 0.611979 0.127604 0.199219 0.00136662
1 0.466797 0.599609 0.690104 0.514323 0.00135136
2 0.501302 0.841797 0.997396 0.316406 0.00131512
2 0.5 0.844401 1 0.311198 0.00130463
1 0.729167 0.858724 0.541667 0.282552 0.00128937
1 0.501302 0.841797 0.997396 0.316406 0.00126934
1 0.295573 0.713542 0.333984 0.213542 0.414062
1 0.880208 0.602865 0.203125 0.209635 0.265137
2 0.295573 0.713542 0.333984 0.213542 0.10968
1 0.85026 0.610677 0.135417 0.214844 0.0872803
1 0.563151 0.251953 0.122396 0.136719 0.0541992
1 0.0588379 0.635417 0.105632 0.192708 0.012825
1 0.341797 0.726562 0.230469 0.190104 0.012291
1 0.248698 0.723307 0.24349 0.196615 0.0116882
1 0.708333 0.873698 0.0768229 0.101562 0.0114212
0 0.27474 0.717448 0.330078 0.21875 0.0113297
1 0.625651 0.0253906 0.0859375 0.0507812 0.0103683
1 0.967448 0.0448405 0.0572917 0.089681 0.00905609
1 0.302083 0.669271 0.33138 0.132812 0.00847626
1 0.889323 0.0506185 0.196615 0.101237 0.00844574
1 0.217448 0.733073 0.175781 0.1875 0.00772476
1 0.423828 0.733724 0.0820312 0.184896 0.00746155
1 0.917318 0.0452474 0.140625 0.0904948 0.00725937
1 0.0415853 0.635579 0.0789388 0.181966 0.00591278
1 0.554036 0.227865 0.102865 0.106771 0.00577545
1 0.075765 0.633464 0.147624 0.200521 0.0055542
1 0.700521 0.873698 0.0911459 0.123698 0.00475693
1 0.984375 0.0667318 0.03125 0.133464 0.00421524
2 0.708333 0.873698 0.0768229 0.101562 0.00362206
1 0.282227 0.798177 0.363932 0.403646 0.0029583
0 0.281576 0.79362 0.380208 0.41276 0.00270462
2 0.0611979 0.0911458 0.078125 0.104818 0.00246239
2 0.416992 0.967448 0.645182 0.0651042 0.00245285
1 0.979167 0.118327 0.0416667 0.236654 0.0024147
2 0.700521 0.873698 0.0911459 0.123698 0.00216484
1 0.0611979 0.0911458 0.078125 0.104818 0.00215721
2 0.0530599 0.634115 0.100911 0.19401 0.00214958
1 0.975911 0.0745443 0.0481771 0.149089 0.00181007
2 0.281576 0.79362 0.380208 0.41276 0.00179577
2 0.302083 0.669271 0.33138 0.132812 0.0017271
1 0.68099 0.759115 0.0729166 0.0625 0.00172043
1 0.714844 0.645671 0.221354 0.213867 0.0016613
1 0.539388 0.41569 0.136068 0.1875 0.00163555
1 0.0973307 0.847656 0.054362 0.111979 0.00163555
1 0.0625 0.874349 0.0797526 0.175781 0.00161648
1 0.590495 0.026123 0.178385 0.0522461 0.00160408
1 0.526693 0.703125 0.196615 0.197917 0.00156116
0 0.0588379 0.635417 0.105632 0.192708 0.00154305
1 0.901693 0.0512695 0.196615 0.102539 0.00151253
0 0.700521 0.873698 0.0911459 0.123698 0.0014267
1 0.973307 0.815755 0.0533855 0.0598959 0.00142097
2 0.294922 0.960938 0.576823 0.078125 0.00141048
1 0.211589 0.678548 0.197266 0.234049 0.00137806
2 0.605631 0.964844 0.788737 0.0703125 0.00129986
2 0.880208 0.603516 0.205729 0.21224 0.00119686
1 0.10022 0.884766 0.056722 0.11849 0.00118828
1 0.877604 0.613932 0.203125 0.21224 0.885742
1 0.289388 0.722656 0.343099 0.203125 0.867188
1 0.547526 0.254232 0.11849 0.125651 0.541016
1 0.72526 0.875 0.0520833 0.114583 0.361084
1 0.0397135 0.660807 0.0673828 0.114583 0.228149
1 0.029541 0.645182 0.059082 0.140625 0.185303
1 0.975911 0.0482585 0.0481771 0.0965169 0.180664
1 0.0379232 0.634115 0.0722656 0.164062 0.165649
1 0.0484212 0.599609 0.0525716 0.0898438 0.161865
1 0.0685221 0.635417 0.137044 0.183594 0.102295
1 0.0317383 0.619629 0.0634766 0.114909 0.0894775
1 0.701823 0.875651 0.0989583 0.138021 0.0715942
1 0.546224 0.240072 0.10026 0.0966797 0.0703125
1 0.289388 0.792318 0.358073 0.230469 0.0600891
1 0.426432 0.139974 0.0833333 0.0641276 0.0524292
1 0.976562 0.0531413 0.046875 0.106283 0.0486755
1 0.625651 0.0263672 0.0794271 0.0465495 0.0441895
1 0.570964 0.390951 0.0690104 0.11849 0.0354004
1 0.682292 0.915365 0.0625 0.0989584 0.0342407
1 0.69987 0.882812 0.076823 0.109375 0.0278473
1 0.966797 0.817057 0.0481771 0.0520833 0.0243378
1 0.5 0.359375 0.132812 0.0904948 0.0209656
1 0.085612 0.621745 0.107096 0.14974 0.0195618
1 0.46224 0.345052 0.105469 0.0859375 0.0191956
1 0.681641 0.763021 0.0638021 0.0520834 0.0191193
1 0.610677 0.026123 0.102865 0.0522461 0.0190582
1 0.0607096 0.0883789 0.0791016 0.117513 0.0189056
1 0.0812174 0.677083 0.121745 0.111979 0.0164032
1 0.980469 0.078776 0.0390625 0.157552 0.016098
1 0.922526 0.0568034 0.154948 0.113607 0.0150757
1 0.361979 0.730469 0.188802 0.184896 0.0141754
1 0.457682 0.332682 0.0989583 0.0690104 0.0131683
1 0.658854 0.090332 0.0598958 0.054362 0.0126266
1 0.94401 0.0528971 0.101562 0.105794 0.0120544
1 0.565755 0.432943 0.0651042 0.125 0.0118713
1 0.978516 0.0591634 0.0429688 0.118327 0.0116882
1 0.444987 0.325846 0.0735677 0.0592448 0.0110703
1 0.418945 0.738281 0.0917969 0.169271 0.0109024
1 0.517578 0.438802 0.0989583 0.115885 0.0108185
1 0.414062 0.143717 0.0911458 0.0768229 0.0105667
1 0.36263 0.176432 0.0429688 0.0436198 0.0104065
1 0.0392253 0.605631 0.0722656 0.111654 0.0103302
1 0.953125 0.821615 0.0442709 0.0559896 0.0102463
1 0.0691732 0.656087 0.138346 0.25293 0.0102463
1 0.382161 0.164551 0.0455729 0.0608724 0.00978088
1 0.717448 0.886719 0.0572917 0.130208 0.00963593
1 0.671875 0.0878906 0.0546875 0.0559896 0.00878143
1 0.820312 0.058431 0.346354 0.116862 0.0086441
1 0.815755 0.409505 0.0950521 0.104167 0.00844574
0 0.0607096 0.0883789 0.0791016 0.117513 0.00809479
1 0.307292 0.720052 0.322917 0.209635 0.838867
1 0.859375 0.609375 0.158854 0.223958 0.571777
1 0.555664 0.250651 0.124349 0.13737 0.222656
1 0.0351562 0.652344 0.0678711 0.140625 0.153564
1 0.0481771 0.635417 0.0761719 0.171875 0.137939
1 0.617188 0.655599 0.393229 0.273437 0.108215
1 0.0551758 0.61849 0.0947266 0.130208 0.102661
1 0.0402018 0.66862 0.0771484 0.10026 0.0970459
1 0.535807 0.244466 0.0807291 0.104818 0.0789185
1 0.0581055 0.647786 0.108724 0.179687 0.0665894
1 0.878255 0.592611 0.201823 0.241862 0.0287628
1 0.636719 0.0245768 0.0572916 0.0426432 0.0271759
1 0.0708008 0.643066 0.13737 0.208659 0.016098
1 0.977865 0.114909 0.0442709 0.229818 0.0110703
1 0.729167 0.876302 0.046875 0.0859375 0.00926971
1 0.967448 0.809896 0.046875 0.0520834 0.00831604
1 0.977865 0.0647786 0.0442709 0.129557 0.00793457
0 0.535807 0.244466 0.0807291 0.104818 0.00790405
0 0.554362 0.248047 0.123047 0.136068 0.00731659
1 0.976562 0.0458984 0.0416666 0.0917969 0.00498199
1 0.971354 0.785807 0.0442708 0.0742188 0.00468063
1 0.950521 0.8125 0.0351562 0.0442709 0.00468063
0 0.0908203 0.283936 0.108073 0.133952 0.00383949
1 0.88737 0.626953 0.22526 0.266927 0.00374985
1 0.513753 0.710286 0.590983 0.371094 0.00370789
1 0.76237 0.0675456 0.46224 0.135091 0.00279999
1 0.883464 0.60791 0.233073 0.271159 0.00244331
2 0.535807 0.244466 0.0807291 0.104818 0.00237846
1 0.0668945 0.0854492 0.0742188 0.106445 0.00232315
1 0.634277 0.739583 0.437174 0.432292 0.00228691
1 0.615234 0.629557 0.38151 0.196615 0.00212479
1 0.976562 0.0822754 0.046875 0.164551 0.00203514
0 0.0861003 0.333903 0.135091 0.250163 0.00192642
1 0.0746256 0.684245 0.149251 0.143229 0.00188923
1 0.877604 0.695312 0.244792 0.457031 0.00188255
1 0.86849 0.763021 0.263021 0.473958 0.0018034
1 0.440755 0.735677 0.0494791 0.153646 0.0017004
1 0.967448 0.139974 0.0651042 0.279948 0.00158501
1 0.858073 0.0600586 0.283854 0.120117 0.00157356
0 0.0668945 0.0854492 0.0742188 0.106445 0.00151253
1 0.0859375 0.662109 0.171549 0.24349 0.00145531
1 0.679036 0.757812 0.0546875 0.0625 0.00133514
0 0.857422 0.608073 0.153646 0.222656 0.00128937
2 0.605469 0.64974 0.407552 0.253906 0.00127888
1 0.951823 0.0489909 0.0729167 0.0979818 0.00126457
1 0.0247396 0.442383 0.0416667 0.0559896 0.00121117
1 0.709635 0.882812 0.079427 0.111979 0.00107288
1 0.568359 0.246094 0.139323 0.109375 0.00107288
2 0.526042 0.606608 0.575521 0.32845 0.00106525
1 0.0847982 0.688151 0.169596 0.264323 0.00105286
1 0.291667 0.726562 0.341146 0.216146 0.889648
1 0.86849 0.604329 0.192708 0.221029 0.801758
1 0.553711 0.253906 0.126953 0.134115 0.124207
1 0.0486654 0.61849 0.0664062 0.139323 0.119629
0 0.553385 0.25057 0.125 0.138184 0.0568542
1 0.0450846 0.634277 0.078776 0.179362 0.0499573
1 0.623861 0.643229 0.424154 0.190104 0.044342
1 0.0686035 0.635417 0.137207 0.195312 0.0282135
1 0.555339 0.236816 0.114583 0.107096 0.0268097
0 0.869141 0.604004 0.184896 0.216471 0.0147324
1 0.967448 0.807292 0.0390625 0.0546875 0.0133286
2 0.0628255 0.0852458 0.0722656 0.108805 0.0116425
1 0.970052 0.779948 0.0390625 0.061198 0.0104065
0 0.720052 0.878906 0.0572916 0.0911459 0.00878143
1 0.723958 0.876302 0.046875 0.0898438 0.00763702
2 0.0436198 0.636719 0.0755208 0.175781 0.00717545
2 0.553385 0.25057 0.125 0.138184 0.00669098
2 0.0493164 0.615885 0.063151 0.127604 0.00605011
2 0.871094 0.594889 0.192708 0.22168 0.00577545
1 0.0209147 0.446615 0.0301107 0.0429688 0.00496292
0 0.707682 0.882161 0.0846355 0.109375 0.00482941
1 0.59375 0.679036 0.425781 0.30599 0.0045929
2 0.723958 0.876302 0.046875 0.0898438 0.0041008
1 0.949219 0.814453 0.0377604 0.0481771 0.0037365
1 0.572917 0.632812 0.4375 0.158854 0.00358009
0 0.0486654 0.61849 0.0664062 0.139323 0.00319672
0 0.0415039 0.630371 0.0734049 0.174154 0.00301552
1 0.605469 0.684896 0.364583 0.221354 0.00291252
1 0.24528 0.538411 0.213867 0.0833333 0.0024929
0 0.0628255 0.0852458 0.0722656 0.108805 0.00240517
2 0.466797 0.851562 0.0872396 0.125 0.00236893
0 0.623861 0.643229 0.424154 0.190104 0.00228691
1 0.101196 0.781901 0.0619303 0.0742188 0.00217438
1 0.904948 0.0493978 0.190104 0.0987956 0.00208282
2 0.555013 0.675618 0.505859 0.276367 0.00187492
1 0.977865 0.117513 0.0442709 0.235026 0.00185299
1 0.910807 0.757975 0.178385 0.369466 0.00179577
1 0.85026 0.055013 0.294271 0.110026 0.00163555
1 0.583984 0.0263265 0.165365 0.052653 0.00162315
1 0.895833 0.0556641 0.208333 0.111328 0.00158501
2 0.705729 0.876302 0.0833333 0.101562 0.00157928
1 0.460938 0.252279 0.101562 0.0950521 0.00155449
0 0.292887 0.720052 0.353027 0.209635 0.00153637
1 0.835938 0.056071 0.328125 0.112142 0.0015192
1 0.858073 0.426107 0.0377605 0.0592448 0.0015192
0 0.0522461 0.627604 0.0927734 0.199219 0.00151253
1 0.84375 0.582682 0.122396 0.157552 0.00150681
2 0.37793 0.840495 0.291667 0.167969 0.00137806
1 0.0628255 0.0852458 0.0722656 0.108805 0.00136185
1 0.720052 0.39388 0.259115 0.108073 0.00134563
1 0.871094 0.600911 0.183594 0.229167 0.764648
1 0.291016 0.714844 0.341146 0.21875 0.605957
1 0.548177 0.253581 0.114583 0.129557 0.105957
1 0.626139 0.670736 0.416992 0.301758 0.0974121
1 0.0551758 0.597819 0.0559896 0.0804036 0.0747681
1 0.973958 0.809896 0.0442709 0.0559896 0.0420837
1 0.536458 0.250081 0.0989583 0.10791 0.0346985
1 0.0989583 0.605469 0.0901693 0.104167 0.0254669
1 0.723307 0.880208 0.0572917 0.0911459 0.0246124
1 0.0603841 0.632812 0.10026 0.164063 0.0147324
1 0.0965169 0.64209 0.100586 0.174154 0.0139542
1 0.914714 0.0480957 0.161458 0.0961914 0.0110321
0 0.872396 0.6014 0.1875 0.216471 0.0107346
0 0.723307 0.880208 0.0572917 0.0911459 0.0102081
1 0.970052 0.0393066 0.0429688 0.0786133 0.00963593
1 0.716146 0.871745 0.0677084 0.10026 0.00955963
2 0.620443 0.666016 0.41276 0.259115 0.00912476
1 0.0650228 0.619792 0.0861003 0.125 0.00898743
1 0.0738932 0.664062 0.130208 0.13151 0.0086441
1 0.369141 0.718099 0.18099 0.196615 0.00844574
1 0.0431315 0.600911 0.0673828 0.0911459 0.00787354
1 0.630859 0.0244954 0.0690104 0.0418294 0.00763702
1 0.0629883 0.0901286 0.0680339 0.101644 0.00746155
1 0.971354 0.789062 0.0520833 0.0833334 0.00728989
0 0.289144 0.717448 0.340983 0.220052 0.00609589
1 0.0930583 0.682943 0.116618 0.18099 0.00521851
1 0.622396 0.628255 0.420573 0.208333 0.0049057
1 0.0364583 0.646484 0.0651042 0.143229 0.00468063
0 0.536458 0.250081 0.0989583 0.10791 0.00438309
1 0.0511068 0.66276 0.0963542 0.122396 0.00391388
1 0.023763 0.44987 0.0292969 0.0585938 0.00379562
0 0.708333 0.880208 0.0885416 0.105469 0.00370789
0 0.624349 0.669922 0.4375 0.303385 0.00369263
1 0.708333 0.880208 0.0885416 0.105469 0.00348282
1 0.982096 0.143229 0.0358073 0.286458 0.00344276
0 0.0629883 0.0901286 0.0680339 0.101644 0.00270462
2 0.504557 0.635254 0.664062 0.307617 0.00265312
1 0.561198 0.253337 0.134115 0.153483 0.002388
0 0.616048 0.643229 0.398112 0.223958 0.002388
0 0.0551758 0.597819 0.0559896 0.0804036 0.00220871
1 0.0559896 0.0935872 0.0719401 0.151367 0.00206757
0 0.55306 0.252034 0.123047 0.135254 0.0020504
1 0.0150146 0.530273 0.0300293 0.353516 0.00201988
1 0.981771 0.0769857 0.0364584 0.153971 0.00192642
2 0.877604 0.598307 0.208333 0.238281 0.00186729
1 0.116821 0.605469 0.0710449 0.111979 0.00175476
1 0.0209961 0.46224 0.0419922 0.0885416 0.0017271
1 0.504557 0.635254 0.664062 0.307617 0.00163555
1 0.114217 0.765625 0.0632324 0.0677084 0.00153637
0 0.0431315 0.600911 0.0673828 0.0911459 0.0015192
1 0.86849 0.610677 0.184896 0.251302 0.902832
1 0.292399 0.717448 0.327962 0.229167 0.894043
1 0.555339 0.25057 0.127604 0.144694 0.345947
1 0.0519206 0.615234 0.0722656 0.139323 0.105591
0 0.72526 0.869141 0.0546875 0.104167 0.0476074
1 0.969401 0.797526 0.0416667 0.078125 0.0451965
1 0.0488281 0.63151 0.0826823 0.18099 0.0362244
0 0.0519206 0.615234 0.0722656 0.139323 0.0241394
1 0.980469 0.112793 0.0390625 0.225586 0.0200958
0 0.10612 0.341146 0.0696615 0.264974 0.0197906
0 0.103027 0.27417 0.0615234 0.110514 0.0181885
1 0.72526 0.869141 0.0546875 0.104167 0.0162811
2 0.0527344 0.609538 0.069987 0.124674 0.0158997
1 0.0771484 0.625651 0.112956 0.170573 0.0158997
1 0.980469 0.0694987 0.0390625 0.138997 0.0147324
0 0.0488281 0.63151 0.0826823 0.18099 0.0138474
0 0.546224 0.252034 0.106771 0.140462 0.0103302
1 0.975911 0.0537923 0.0364584 0.107585 0.00871277
0 0.118164 0.345703 0.0927734 0.294271 0.00751877
1 0.713542 0.86849 0.0625 0.125 0.00740433
2 0.546224 0.252034 0.106771 0.140462 0.00712204
1 0.96224 0.782552 0.0442709 0.101562 0.00619125
1 0.978516 0.0545247 0.0429688 0.109049 0.00598145
2 0.0467122 0.634766 0.0791016 0.177083 0.00536346
2 0.72526 0.869141 0.0546875 0.104167 0.00446701
0 0.0861003 0.291748 0.0725911 0.153483 0.00445175
2 0.0641276 0.0865885 0.0791016 0.120117 0.00407028
0 0.0909831 0.348877 0.0904948 0.290527 0.00391388
0 0.0976969 0.255859 0.0611165 0.0729167 0.00372124
2 0.870443 0.604329 0.19401 0.24707 0.0036068
0 0.871094 0.607422 0.1875 0.242188 0.00348282
0 0.708333 0.88151 0.0885416 0.151042 0.00332451
1 0.0724284 0.639486 0.140625 0.210612 0.00271416
0 0.713542 0.86849 0.0625 0.125 0.00270462
0 0.969401 0.797526 0.0416667 0.078125 0.00259018
1 0.0641276 0.0865885 0.0791016 0.120117 0.00257111
0 0.0777181 0.239258 0.0646159 0.047526 0.0024147
0 0.0771484 0.625651 0.112956 0.170573 0.00237846
2 0.0777181 0.239258 0.0646159 0.047526 0.00226974
1 0.629557 0.0257975 0.0742188 0.0424805 0.00219917
0 0.132161 0.360758 0.136393 0.335775 0.00176811
0 0.0641276 0.0865885 0.0791016 0.120117 0.00161648
0 0.291341 0.720052 0.330078 0.213542 0.0015974
2 0.0771484 0.625651 0.112956 0.170573 0.00154877
0 0.722656 0.878906 0.0520834 0.140625 0.00151253
2 0.0976969 0.255859 0.0611165 0.0729167 0.00147247
1 0.716146 0.875 0.0729166 0.166667 0.00131512
2 0.713542 0.86849 0.0625 0.125 0.00129414
1 0.684896 0.75651 0.0625 0.0651042 0.00127411
2 0.969401 0.797526 0.0416667 0.078125 0.0011692
1 0.29484 0.71875 0.32959 0.221354 0.813965
1 0.870443 0.608073 0.191406 0.234375 0.749023
1 0.542969 0.255859 0.111979 0.146484 0.535156
1 0.98112 0.0627441 0.0377605 0.125488 0.0510864
2 0.875651 0.606934 0.195312 0.234049 0.0302124
1 0.0525716 0.635579 0.0843099 0.192383 0.0299835
1 0.718099 0.869792 0.0611979 0.119792 0.0165863
1 0.0472005 0.623535 0.0654297 0.193034 0.0122375
1 0.078776 0.625 0.116862 0.197917 0.0117798
0 0.718099 0.869792 0.0611979 0.119792 0.00926971
2 0.293701 0.724609 0.330566 0.209635 0.00695801
1 0.969401 0.786458 0.046875 0.111979 0.00609589
0 0.533203 0.25293 0.09375 0.140625 0.00609589
0 0.699219 0.873698 0.0976562 0.136719 0.0049057
1 0.0623372 0.0887044 0.0901693 0.129557 0.00471878
2 0.718099 0.869792 0.0611979 0.119792 0.00337601
0 0.0472005 0.623535 0.0654297 0.193034 0.00300407
0 0.546549 0.251302 0.115234 0.158854 0.00273705
1 0.517578 0.255534 0.0820312 0.150391 0.00269318
1 0.699219 0.873698 0.0976562 0.136719 0.0024929
1 0.98112 0.123942 0.0377605 0.247884 0.00226021
0 0.705078 0.869141 0.0716146 0.13151 0.00219917
0 0.0525716 0.635579 0.0843099 0.192383 0.00182438
2 0.0472005 0.623535 0.0654297 0.193034 0.00178909
2 0.0473633 0.636068 0.0833333 0.192708 0.0017271
2 0.535156 0.25651 0.09375 0.145182 0.00171375
2 0.059082 0.619141 0.0911458 0.173177 0.00168705
2 0.555339 0.250651 0.126302 0.160807 0.00150108
1 0.954427 0.794271 0.0494791 0.0989584 0.00144386
1 0.492839 0.298503 0.123698 0.205078 0.00139904
2 0.979818 0.0664876 0.0403646 0.132975 0.00130463
1 0.705078 0.869141 0.0716146 0.13151 0.00114727
2 0.699219 0.873698 0.0976562 0.136719 0.0011158
1 0.0498861 0.0999349 0.0942383 0.16276 0.00109005
1 0.29069 0.71875 0.332682 0.208333 0.809082
1 0.872396 0.607422 0.195312 0.236979 0.668945
1 0.555339 0.253906 0.127604 0.125 0.14856
2 0.873698 0.602214 0.200521 0.24349 0.0548096
1 0.961589 0.800781 0.0338542 0.0625 0.0240479
0 0.873698 0.602214 0.197917 0.22526 0.0143356
1 0.0555827 0.600098 0.0649414 0.114909 0.0137405
1 0.970052 0.798828 0.0416666 0.0664062 0.00763702
1 0.971354 0.78125 0.0442708 0.0833334 0.00498199
0 0.553385 0.251383 0.121094 0.120931 0.00466537
1 0.731771 0.876302 0.0364584 0.078125 0.00392914
1 0.0454102 0.609538 0.0647786 0.124674 0.00301552
1 0.0841471 0.616048 0.103841 0.158529 0.00279999
1 0.97526 0.0432943 0.0338542 0.0865885 0.00261116
1 0.0538737 0.625 0.0725911 0.170573 0.00244331
1 0.98112 0.0515137 0.0377605 0.103027 0.00213242
2 0.0555827 0.600098 0.0649414 0.114909 0.00186729
0 0.0515951 0.605469 0.0577799 0.121094 0.00183105
1 0.0410156 0.637858 0.0579427 0.133138 0.00160408
2 0.290039 0.720052 0.330078 0.209635 0.00134563
1 0.630046 0.666016 0.4222 0.255208 0.00129986
1 0.954427 0.808594 0.0416666 0.0520834 0.00118351
1 0.289714 0.716146 0.338542 0.220052 0.833496
1 0.867188 0.598958 0.1875 0.238281 0.704102
1 0.83724 0.590983 0.132812 0.250325 0.124207
1 0.727214 0.873698 0.048177 0.0885417 0.0698242
1 0.0555013 0.592448 0.0644531 0.0950521 0.0663452
1 0.525391 0.251302 0.0742187 0.144531 0.0279083
1 0.538411 0.254639 0.105469 0.133952 0.0238647
1 0.978841 0.0804036 0.0423177 0.160807 0.0145569
1 0.046875 0.608724 0.0696615 0.119792 0.00728989
1 0.109375 0.83724 0.0677083 0.161458 0.00605011
1 0.0590006 0.628255 0.0961914 0.188802 0.00584412
1 0.0812174 0.639486 0.119141 0.223633 0.00579834
1 0.0875651 0.617839 0.101888 0.165365 0.00521851
1 0.978516 0.0525716 0.0416666 0.105143 0.00370789
2 0.287109 0.715495 0.321615 0.217448 0.00353813
1 0.570638 0.393229 0.0735677 0.147786 0.00348282
1 0.979167 0.0551758 0.0416667 0.110352 0.00340271
1 0.0464681 0.638672 0.0730794 0.169271 0.00327301
1 0.57194 0.386068 0.0644531 0.108073 0.00312424
1 0.505208 0.256429 0.0605469 0.112142 0.00307465
1 0.71875 0.876302 0.0677084 0.09375 0.00276756
1 0.552734 0.248698 0.123698 0.154948 0.00265312
1 0.710286 0.877604 0.0820312 0.109375 0.00232315
1 0.0303548 0.973307 0.0607096 0.0533855 0.00226974
1 0.819661 0.0449219 0.360677 0.0898438 0.00209999
1 0.720703 0.877604 0.0794271 0.143229 0.00209045
1 0.104492 0.811198 0.0761719 0.143229 0.00206757
1 0.638021 0.0255534 0.0520834 0.0395508 0.00184631
1 0.111694 0.640625 0.0878092 0.239583 0.00182438
1 0.848958 0.0610352 0.28125 0.12207 0.00179577
1 0.863932 0.416016 0.0846355 0.132812 0.00174141
1 0.0921224 0.598307 0.0904948 0.115885 0.00174141
0 0.83724 0.590983 0.132812 0.250325 0.00162315
1 0.78776 0.412109 0.076823 0.10026 0.00147247
1 0.027181 0.448242 0.0423177 0.0670573 0.00145531
1 0.291016 0.402995 0.364583 0.371094 0.00143242
1 0.358724 0.185059 0.0325521 0.030599 0.00136185
1 0.0885417 0.431315 0.109049 0.24349 0.00132465
1 0.790365 0.0208333 0.403646 0.0416667 0.00118351
1 0.0340169 0.889323 0.0680339 0.208333 0.00117874
1 0.0649414 0.389974 0.129883 0.334635 0.00110722
1 0.779948 0.409505 0.0442708 0.0768229 0.00110722
1 0.0517578 0.407227 0.103516 0.457682 0.0011034
1 0.472005 0.857422 0.0885416 0.121094 0.00105667
1 0.971354 0.791667 0.0494792 0.0885417 0.00104427
1 0.29362 0.72526 0.340495 0.221354 0.81543
1 0.871745 0.602865 0.205729 0.244792 0.773438
1 0.524089 0.257731 0.0768229 0.129069 0.0250854
1 0.0545247 0.625 0.0683594 0.165365 0.0157776
2 0.29362 0.72526 0.340495 0.221354 0.00945282
1 0.54069 0.254639 0.107422 0.131348 0.008255
1 0.0888672 0.671224 0.111328 0.268229 0.00591278
1 0.508138 0.25529 0.0670573 0.114421 0.00388527
2 0.877604 0.600911 0.200521 0.253906 0.00363541
1 0.0603841 0.644531 0.0888672 0.210938 0.00353813
1 0.97526 0.0472819 0.03125 0.0945638 0.00293541
1 0.955078 0.752604 0.0846354 0.242188 0.00188255
1 0.0885824 0.634115 0.106038 0.192708 0.00178242
0 0.877604 0.600911 0.200521 0.253906 0.0016489
1 0.0493164 0.608724 0.0725911 0.13151 0.00141048
1 0.979818 0.0515137 0.0403646 0.103027 0.00131512
1 0.980143 0.106445 0.0397136 0.212891 0.00123501
1 0.726562 0.877604 0.0494791 0.0911458 0.00118828
1 0.106486 0.67334 0.0943196 0.288737 0.00114727
1 0.977214 0.0775553 0.045573 0.155111 0.0011425
1 0.289388 0.71875 0.345052 0.223958 0.817383
1 0.864583 0.608073 0.182292 0.227865 0.771973
1 0.539062 0.25293 0.105469 0.14388 0.0465393
1 0.0644531 0.0940348 0.0869141 0.128337 0.0406189
1 0.0547689 0.632161 0.0779622 0.203125 0.0170441
0 0.0644531 0.0855713 0.0820312 0.125732 0.00985718
1 0.728516 0.873698 0.0429688 0.0885417 0.00787354
1 0.0791016 0.639323 0.110352 0.223958 0.00653839
2 0.873698 0.602865 0.184896 0.244792 0.00376511
1 0.970052 0.039388 0.0338541 0.078776 0.00362206
0 0.536784 0.242839 0.107422 0.123698 0.0028553
0 0.0568034 0.628743 0.0722656 0.19043 0.00212479
0 0.86849 0.604004 0.1875 0.242513 0.00191212
1 0.977214 0.0820312 0.045573 0.164062 0.00153637
1 0.505534 0.251302 0.0696614 0.134115 0.00131989
1 0.639323 0.0227865 0.0494792 0.0309245 0.0011692
2 0.0644531 0.0855713 0.0820312 0.125732 0.0011158
1 0.291992 0.721354 0.337891 0.221354 0.872559
1 0.865885 0.60026 0.190104 0.251302 0.694336
2 0.871094 0.602214 0.184896 0.253906 0.00359344
0 0.865234 0.600911 0.188802 0.260417 0.00321007
2 0.292969 0.718099 0.338542 0.221354 0.00230598
1 0.726562 0.866536 0.046875 0.109375 0.00158501
1 0.0799154 0.651042 0.123698 0.257812 0.00150108
1 0.613118 0.638672 0.422201 0.226563 0.00123978
1 0.869141 0.600423 0.190104 0.239258 0.809082
1 0.294596 0.720052 0.328776 0.216146 0.799316
1 0.727865 0.869792 0.0494791 0.10026 0.00534439
1 0.528646 0.257161 0.0820312 0.126302 0.00376511
1 0.976237 0.118815 0.0475261 0.23763 0.00157928
1 0.962891 0.789062 0.0494791 0.128906 0.00112438
0 0.873698 0.597493 0.195312 0.242513 0.00104809
2 0.0574544 0.0875244 0.0999349 0.12443 0.00102043
1 0.292236 0.719401 0.337402 0.22526 0.869629
1 0.871745 0.602702 0.192708 0.255534 0.796875
1 0.527995 0.256185 0.0768229 0.134766 0.00353813
1 0.729818 0.873698 0.0455729 0.0963542 0.00261116
0 0.0995687 0.33667 0.0749512 0.248535 0.00255013
1 0.972656 0.0409342 0.0338541 0.0818685 0.00154877
1 0.638021 0.0222168 0.046875 0.027832 0.00133514
1 0.977865 0.0981445 0.0442709 0.196289 0.00131512
1 0.0908203 0.656413 0.109375 0.265299 0.0012207
2 0.876302 0.600911 0.209635 0.266927 0.00116062
1 0.288411 0.71875 0.33724 0.231771 0.801758
1 0.874349 0.589681 0.213542 0.289388 0.726562
0 0.0944417 0.349609 0.099528 0.304036 0.00609589
1 0.533854 0.245768 0.0930989 0.150391 0.00595856
1 0.0859375 0.660156 0.12207 0.299479 0.00446701
0 0.0651042 0.0836589 0.0904948 0.130859 0.00399017
2 0.875651 0.586589 0.222656 0.295573 0.00239754
0 0.0927734 0.29362 0.0947266 0.184245 0.00211525
2 0.108032 0.83724 0.087972 0.304688 0.0015192
2 0.0597331 0.0879313 0.0953776 0.137288 0.00139427
1 0.725911 0.867188 0.046875 0.109375 0.00127411
1 0.0646973 0.0825195 0.0932617 0.144206 0.00108147
1 0.287679 0.721354 0.3361 0.216146 0.832031
1 0.869792 0.602214 0.195312 0.253906 0.779785
1 0.52474 0.243815 0.0709635 0.13151 0.00317192
1 0.729167 0.877604 0.0416667 0.0755208 0.00268364
1 0.0555013 0.626302 0.0667318 0.182292 0.00178909
2 0.873698 0.601562 0.200521 0.257812 0.00146675
1 0.0838216 0.648438 0.105469 0.231771 0.0012064
1 0.596354 0.410807 0.0416667 0.0755208 0.00112438
1 0.636068 0.0229492 0.0533854 0.0260417 0.00105667
1 0.29362 0.719401 0.339844 0.214844 0.851074
1 0.871094 0.598796 0.197917 0.263346 0.842773
1 0.632812 0.0212402 0.0572916 0.0302734 0.00273705
1 0.529948 0.240234 0.0729166 0.128255 0.00192642
1 0.0660807 0.0898438 0.0924479 0.128255 0.00189686
1 0.0816243 0.649577 0.114095 0.245117 0.00122547
2 0.873047 0.599609 0.204427 0.265625 0.0011425
1 0.729167 0.876302 0.0442708 0.0755209 0.00112915
0 0.0955404 0.333008 0.0940755 0.248047 0.00112438
1 0.0603841 0.640462 0.0836589 0.219076 0.00112057
1 0.980794 0.0949707 0.0384115 0.189941 0.00101662
1 0.29069 0.721354 0.333984 0.217448 0.836426
1 0.873698 0.60026 0.199219 0.260417 0.809082
1 0.632812 0.0223796 0.0572916 0.0330404 0.00232315
1 0.525391 0.23877 0.0677083 0.12207 0.00216484
1 0.065918 0.0895182 0.0921224 0.126302 0.00163555
2 0.874349 0.600911 0.204427 0.261719 0.00157356
1 0.729167 0.876302 0.0442708 0.0807291 0.00113773
1 0.0800781 0.650879 0.114583 0.247721 0.00111198
1 0.29069 0.721354 0.333984 0.217448 0.836426
1 0.873698 0.60026 0.199219 0.260417 0.809082
1 0.632161 0.0223796 0.0572916 0.0330404 0.00234985
1 0.525391 0.23877 0.0677083 0.12207 0.00217438
1 0.065918 0.0895182 0.0921224 0.126302 0.0016489
2 0.874349 0.600911 0.204427 0.261719 0.00157356
1 0.729167 0.876302 0.0442708 0.0807291 0.0011425
1 0.0800781 0.650879 0.114583 0.247721 0.00111198
