1 0.26347 0.410695 0.125431 0.12042 0.62793
2 0.514009 0.104526 0.0775862 0.0824353 0.0680542
1 0.514009 0.104526 0.0775862 0.0824353 0.0499573
1 0.840517 0.129041 0.0336207 0.0813577 0.0372009
1 0.552802 0.0967134 0.0439655 0.0942888 0.0280151
1 0.818534 0.127155 0.0439655 0.0700431 0.0205688
2 0.552802 0.0967134 0.0439655 0.0942888 0.0201721
1 0.490086 0.108836 0.0568965 0.0835129 0.0193481
0 0.261207 0.409483 0.124138 0.126078 0.0186157
0 0.514009 0.104526 0.0775862 0.0824353 0.0165863
2 0.490086 0.108836 0.0568965 0.0835129 0.0147858
2 0.26347 0.410695 0.125431 0.12042 0.0109482
1 0.252802 0.418238 0.0846983 0.113955 0.0106506
2 0.840517 0.129041 0.0336207 0.0813577 0.00967407
0 0.552802 0.0967134 0.0439655 0.0942888 0.00878143
1 0.325862 0.410022 0.115086 0.109914 0.00818634
2 0.252802 0.418238 0.0846983 0.113955 0.00796509
1 0.391164 0.417565 0.0394397 0.0980603 0.00734711
0 0.252802 0.418238 0.0846983 0.113955 0.0069313
1 0.768103 0.119073 0.0362069 0.0409483 0.00658798
0 0.490086 0.108836 0.0568965 0.0835129 0.00638962
1 0.244397 0.380927 0.0853448 0.126078 0.00518036
0 0.840517 0.129041 0.0336207 0.0813577 0.00479126
1 0.729957 0.122575 0.0452586 0.0457974 0.00405502
2 0.524677 0.0945582 0.0905172 0.105065 0.00382423
1 0.237608 0.252694 0.221121 0.505388 0.00376511
2 0.5 0.5 1 1 0.00344276
0 0.5 0.5 1 1 0.00337601
1 0.5 0.5 1 1 0.00337601
1 0.39181 0.422414 0.0517241 0.116379 0.00332451
2 0.818534 0.127155 0.0439655 0.0700431 0.00318527
1 0.5 0.5 1 1 0.00304031
2 0.5 0.5 1 1 0.00302696
0 0.5 0.5 1 1 0.0029583
2 0.5 0.5 1 1 0.00294685
0 0.5 0.5 1 1 0.00287819
2 0.5 0.5 1 1 0.00287819
0 0.5 0.5 1 1 0.00277901
1 0.5 0.5 1 1 0.0026722
1 0.5 0.5 1 1 0.00263214
0 0.5 0.5 1 1 0.00261116
2 0.5 0.5 1 1 0.00260162
1 0.429634 0.282058 0.080819 0.0759698 0.00257111
1 0.809483 0.167026 0.0426724 0.0549569 0.00256157
0 0.5 0.5 1 1 0.00251198
0 0.5 0.5 1 1 0.00250244
0 0.63556 0.730603 0.720259 0.538793 0.00248146
1 0.465517 0.295528 0.0375 0.106142 0.00247192
1 0.69181 0.125269 0.0336207 0.0425647 0.00246239
1 0.5 0.5 1 1 0.00239754
1 0.270339 0.415948 0.105873 0.109914 0.304932
1 0.347522 0.420259 0.0730603 0.0948276 0.109314
1 0.836638 0.128233 0.0387931 0.049569 0.0994873
2 0.506897 0.101293 0.0594828 0.0867457 0.0406799
1 0.257247 0.420797 0.111369 0.131466 0.0341797
1 0.452909 0.305765 0.0323276 0.102909 0.0289764
1 0.366918 0.423491 0.0730603 0.0926724 0.0271759
1 0.506897 0.101293 0.0594828 0.0867457 0.0245209
2 0.491379 0.10695 0.0459052 0.0743534 0.0197906
1 0.759052 0.126886 0.0310345 0.0344828 0.0187683
1 0.828879 0.129849 0.0543103 0.0538793 0.0183411
1 0.491379 0.10695 0.0459052 0.0743534 0.0162201
2 0.252155 0.171336 0.0478448 0.0765086 0.0104523
2 0.54375 0.0902478 0.062069 0.096444 0.00878143
1 0.539871 0.0943561 0.0646552 0.0882274 0.00847626
2 0.516595 0.0945582 0.0698276 0.0969828 0.00793457
0 0.506897 0.101293 0.0594828 0.0867457 0.00728989
2 0.836638 0.128233 0.0387931 0.049569 0.00602722
2 0.24472 0.167026 0.0478448 0.0818966 0.005867
1 0.252155 0.171336 0.0478448 0.0765086 0.00557709
1 0.735776 0.127694 0.0336207 0.033944 0.00518036
1 0.367241 0.421336 0.100862 0.101293 0.00455475
0 0.516595 0.0945582 0.0698276 0.0969828 0.00450516
0 0.491379 0.10695 0.0459052 0.0743534 0.00400543
1 0.35625 0.405711 0.0866379 0.173491 0.00367928
0 0.252155 0.171336 0.0478448 0.0765086 0.00345612
2 0.261207 0.415948 0.1125 0.113147 0.00336266
1 0.417349 0.415948 0.0743535 0.101293 0.00335121
0 0.54375 0.0902478 0.062069 0.096444 0.00312424
0 0.262823 0.41056 0.126078 0.136853 0.00261116
1 0.24472 0.167026 0.0478448 0.0818966 0.00251198
2 0.828879 0.129849 0.0543103 0.0538793 0.00250244
1 0.52597 0.147091 0.11056 0.174569 0.002388
1 0.465517 0.295259 0.0375 0.0883621 0.00237846
1 0.421228 0.339978 0.146767 0.326509 0.00232315
2 0.250539 0.156789 0.0588362 0.0905172 0.00220871
2 0.452909 0.305765 0.0323276 0.102909 0.00218201
1 0.516595 0.0945582 0.0698276 0.0969828 0.00208282
1 0.564763 0.242996 0.234698 0.301724 0.00208282
1 0.727371 0.185884 0.0297414 0.0274784 0.0020752
2 0.240194 0.15625 0.043319 0.0851293 0.00197983
1 0.449353 0.292026 0.0413793 0.0926724 0.00187492
2 0.759052 0.126886 0.0310345 0.0344828 0.00186729
2 0.347522 0.420259 0.0730603 0.0948276 0.00186062
0 0.250539 0.156789 0.0588362 0.0905172 0.00185299
0 0.24472 0.167026 0.0478448 0.0818966 0.00176811
1 0.579149 0.0907866 0.0520474 0.0792026 0.00143242
0 0.836638 0.128233 0.0387931 0.049569 0.00141048
2 0.35625 0.405711 0.0866379 0.173491 0.00138855
1 0.837931 0.155981 0.0465517 0.078125 0.00137806
1 0.263066 0.405711 0.111369 0.127155 0.544922
1 0.233244 0.264547 0.0436423 0.0538793 0.033844
1 0.521121 0.105334 0.0724138 0.0948276 0.0324707
1 0.837285 0.121498 0.0400862 0.0711207 0.0299835
1 0.54181 0.0969828 0.063362 0.0894397 0.0227203
1 0.722845 0.130388 0.0439655 0.0506466 0.0207214
1 0.238254 0.161638 0.0640086 0.141164 0.0191956
1 0.82306 0.12931 0.0504311 0.0625 0.0163422
1 0.442241 0.303341 0.0478448 0.0840517 0.0139542
1 0.759698 0.127155 0.0400862 0.0484914 0.0126266
1 0.347198 0.407328 0.0685345 0.116379 0.0106964
1 0.696983 0.130388 0.0439655 0.0463362 0.0104904
1 0.493966 0.115302 0.0737069 0.0980604 0.00905609
1 0.441595 0.287716 0.0446121 0.080819 0.00871277
1 0.552155 0.0872845 0.050431 0.0932112 0.00706482
1 0.458728 0.298491 0.0536638 0.133621 0.00651169
1 0.466487 0.283944 0.0342673 0.0835129 0.00629044
1 0.467457 0.296875 0.0426724 0.09375 0.00460815
1 0.394397 0.323815 0.138362 0.0829742 0.00356483
1 0.584483 0.0970501 0.050431 0.0806843 0.00338936
1 0.251832 0.162177 0.102155 0.150862 0.00255013
0 0.257004 0.40625 0.117672 0.122845 0.00250244
1 0.26056 0.34375 0.122198 0.217672 0.00247192
1 0.24965 0.261584 0.0593211 0.0867457 0.00228691
2 0.257004 0.40625 0.117672 0.122845 0.00210762
1 0.409914 0.286099 0.111207 0.0894397 0.00178909
2 0.521121 0.105334 0.0724138 0.0948276 0.00163555
1 0.359483 0.414871 0.0840517 0.100216 0.00163555
1 0.369181 0.36153 0.183621 0.144397 0.00159168
0 0.235991 0.161369 0.0672414 0.135237 0.00152493
0 0.233244 0.264547 0.0436423 0.0538793 0.00144386
1 0.449677 0.126078 0.120259 0.0942888 0.00143814
2 0.235991 0.161369 0.0672414 0.135237 0.00137234
1 0.582543 0.080819 0.0581897 0.0921336 0.00125504
1 0.362716 0.418103 0.105388 0.123922 0.00122547
1 0.724138 0.183998 0.0426724 0.0328664 0.00118351
1 0.536961 0.291756 0.167457 0.146013 0.0011692
2 0.54181 0.0969828 0.063362 0.0894397 0.00115585
1 0.689224 0.183459 0.0336207 0.0328664 0.00112438
0 0.458728 0.298491 0.0536638 0.133621 0.00104809
1 0.641379 0.122306 0.075 0.0538793 0.00104046
1 0.167942 0.596983 0.335884 0.806035 0.00101662
1 0.259995 0.409617 0.118804 0.126886 0.795898
1 0.834052 0.131466 0.0439655 0.0603448 0.362061
1 0.509483 0.108365 0.0672414 0.0742188 0.0710449
1 0.490409 0.113685 0.0659483 0.0824353 0.0492249
1 0.346228 0.422414 0.0859914 0.12069 0.033844
1 0.440302 0.309267 0.0543103 0.109914 0.0235138
1 0.440302 0.291487 0.0504311 0.105603 0.0175781
1 0.715086 0.137392 0.0594828 0.0581897 0.016983
1 0.413793 0.293642 0.107328 0.253233 0.0154266
1 0.967241 0.0641164 0.0413793 0.0641164 0.0100937
1 0.41444 0.417026 0.0775862 0.108836 0.00978088
1 0.22694 0.153017 0.0517241 0.110991 0.00941467
1 0.390517 0.422953 0.0594828 0.117457 0.00800323
1 0.00363685 0.897091 0.00727371 0.205819 0.00800323
1 0.369828 0.41541 0.0814655 0.100215 0.00793457
0 0.22694 0.153017 0.0517241 0.110991 0.00748825
2 0.967241 0.0641164 0.0413793 0.0641164 0.00743103
1 0.00274784 0.822737 0.00549569 0.354526 0.00674438
2 0.509483 0.108365 0.0672414 0.0742188 0.00609589
1 0.701509 0.134698 0.0568965 0.0538793 0.00538635
1 0.303879 0.425108 0.194612 0.165948 0.00431442
1 0.222091 0.253233 0.0510776 0.0689655 0.00426483
1 0.441918 0.127694 0.102802 0.080819 0.00421524
1 0.553448 0.0999461 0.0400862 0.0716595 0.00419998
1 0.00157597 0.726293 0.00315194 0.418103 0.00390053
2 0.490409 0.113685 0.0659483 0.0824353 0.00382423
1 0.406034 0.291487 0.121552 0.125 0.00337601
1 0.286746 0.350754 0.199784 0.290948 0.00317192
0 0.00363685 0.897091 0.00727371 0.205819 0.00312424
2 0.834052 0.131466 0.0439655 0.0603448 0.00300407
0 0.249569 0.158405 0.0581897 0.114224 0.00300407
1 0.761638 0.127694 0.0465518 0.044181 0.00298119
1 0.396336 0.128502 0.130603 0.102909 0.00273705
2 0.22694 0.153017 0.0517241 0.110991 0.00261116
1 0.587069 0.103516 0.0478448 0.0645205 0.00257111
1 0.219504 0.0747575 0.0517241 0.0983297 0.00255013
1 0.514655 0.0938173 0.0711207 0.101158 0.00252151
1 0.249569 0.158405 0.0581897 0.114224 0.00251198
1 0.000686961 0.573276 0.00137392 0.390086 0.0024147
1 0.343642 0.323006 0.256681 0.342134 0.00214958
1 0.402802 0.371228 0.125431 0.178879 0.00208282
1 0.396336 0.592672 0.0387931 0.0711207 0.00206757
0 0.00274784 0.822737 0.00549569 0.354526 0.00203514
1 0.469073 0.295797 0.0375 0.0991379 0.00195694
1 0.283513 0.279162 0.398922 0.419046 0.00193405
0 0.396336 0.592672 0.0387931 0.0711207 0.00189686
1 8.0819e-05 0.4309 0.000161638 0.370959 0.00188255
2 0.715086 0.137392 0.0594828 0.0581897 0.00184631
1 0.56347 0.0824353 0.0459052 0.0862069 0.00176811
2 0.396336 0.592672 0.0387931 0.0711207 0.00168705
1 0.263793 0.412177 0.118319 0.110991 0.62793
1 0.834698 0.130927 0.0452586 0.0619612 0.418701
1 0.247953 0.417565 0.100862 0.09375 0.0859985
1 0.826293 0.130388 0.0491379 0.0646552 0.0490417
1 0.691164 0.135776 0.0413793 0.0484914 0.0405273
1 0.718965 0.134698 0.0362069 0.0474138 0.0379028
1 0.346552 0.423491 0.0775862 0.0991379 0.0239563
1 0.229041 0.261853 0.0313578 0.0474138 0.0142288
1 0.508836 0.104526 0.0594828 0.0743534 0.0124283
1 0.37403 0.418103 0.0678879 0.0797414 0.00714874
2 0.230011 0.140086 0.0384698 0.0711207 0.0068512
1 0.484591 0.107759 0.0407328 0.0716595 0.00624084
2 0.508836 0.104526 0.0594828 0.0743534 0.00582123
1 0.468427 0.292026 0.0316811 0.0862069 0.00413513
1 0.32069 0.421336 0.13319 0.107759 0.00399017
1 0.764224 0.128233 0.0258621 0.0409483 0.00372124
1 0.230011 0.140086 0.0384698 0.0711207 0.00366402
1 0.544397 0.101899 0.0523707 0.0742188 0.00353813
1 0.699569 0.147629 0.0413793 0.0571121 0.00340271
2 0.484591 0.107759 0.0407328 0.0716595 0.00333786
1 0.693103 0.17403 0.0439655 0.0517241 0.00293541
1 0.45194 0.313847 0.0491379 0.114763 0.00286674
1 0.267672 0.396013 0.118966 0.15194 0.00282288
0 0.230011 0.140086 0.0384698 0.0711207 0.00275803
2 0.237769 0.175377 0.0417026 0.106142 0.00269318
1 0.592403 0.112338 0.041056 0.0581897 0.00233269
1 0.39375 0.420259 0.109914 0.0926724 0.00226021
2 0.229041 0.261853 0.0313578 0.0474138 0.00219917
2 0.834698 0.130927 0.0452586 0.0619612 0.0019722
2 0.699569 0.147629 0.0413793 0.0571121 0.0019722
2 0.544397 0.101899 0.0523707 0.0742188 0.00175476
0 0.237769 0.175377 0.0417026 0.106142 0.00171375
1 0.849569 0.144935 0.0724138 0.0862069 0.00170708
0 0.229041 0.261853 0.0313578 0.0474138 0.00166798
2 0.691164 0.135776 0.0413793 0.0484914 0.00161076
1 0.7125 0.177263 0.0517241 0.0511853 0.00159168
1 0.237769 0.175377 0.0417026 0.106142 0.00144958
1 0.788793 0.148168 0.0801724 0.0635776 0.00137234
2 0.247953 0.417565 0.100862 0.09375 0.00134563
2 0.718965 0.134698 0.0362069 0.0474138 0.00133514
2 0.260641 0.411503 0.0981142 0.0994073 0.00130939
0 0.508836 0.104526 0.0594828 0.0743534 0.00130463
2 0.849569 0.144935 0.0724138 0.0862069 0.00128937
1 0.551832 0.085264 0.0543103 0.0837823 0.00126457
1 0.374353 0.422953 0.0918103 0.104526 0.00126457
2 0.971121 0.0616918 0.0362068 0.0770474 0.00118828
2 0.221444 0.0751616 0.043319 0.0797414 0.0011692
2 0.341379 0.657328 0.602586 0.685345 0.00113773
2 0.592403 0.112338 0.041056 0.0581897 0.00104809
1 0.259914 0.417565 0.124138 0.113147 0.662109
1 0.837931 0.125539 0.0336207 0.0420259 0.0907593
1 0.231466 0.262931 0.031681 0.0398707 0.0108566
2 0.511422 0.103718 0.0568966 0.0716595 0.00353813
1 0.328448 0.421336 0.108621 0.114224 0.00300407
1 0.764224 0.124461 0.0310345 0.0334052 0.0028553
1 0.826293 0.126886 0.0465517 0.0431034 0.00277901
2 0.837931 0.125539 0.0336207 0.0420259 0.00273705
1 0.395043 0.300647 0.135129 0.105603 0.00250244
2 0.179903 0.29472 0.359806 0.58944 0.00244331
1 0.300727 0.412716 0.156304 0.103448 0.0024147
2 0.177478 0.535022 0.354957 0.929957 0.00228691
1 0.35625 0.414332 0.100216 0.0829741 0.00226021
1 0.726078 0.126078 0.0375 0.0366379 0.00211525
1 0.373707 0.293103 0.173276 0.103448 0.00194168
2 0.172468 0.641299 0.344935 0.717403 0.00178242
1 0.349865 0.301724 0.235183 0.140086 0.00170708
2 0.181843 0.419181 0.363685 0.838362 0.00169373
1 0.511422 0.103718 0.0568966 0.0716595 0.00152493
1 0.469397 0.295259 0.0310345 0.0980604 0.00151253
2 0.182651 0.192349 0.365302 0.384698 0.00144386
2 0.751832 0.989763 0.496336 0.0204742 0.00138855
1 0.46681 0.28556 0.0310345 0.0818965 0.00130463
0 0.751832 0.989763 0.496336 0.0204742 0.00117874
1 0.383405 0.417565 0.140948 0.112069 0.00113773
1 0.248114 0.267241 0.0746767 0.0581897 0.00106907
2 0.488793 0.108836 0.0556034 0.0732759 0.00100803
1 0.26153 0.41056 0.11444 0.126078 0.81543
1 0.834698 0.129849 0.0413793 0.0678879 0.680664
1 0.440302 0.287716 0.0594828 0.102371 0.178955
1 0.82694 0.128233 0.0517241 0.0721983 0.125977
1 0.709914 0.148168 0.0439655 0.0571121 0.0761108
1 0.722845 0.133082 0.0375 0.049569 0.0579224
1 0.442241 0.302263 0.0543104 0.101293 0.0552063
1 0.229526 0.266164 0.0420259 0.0581897 0.0306702
1 0.700862 0.134159 0.0491379 0.049569 0.0289764
1 0.774569 0.14278 0.118966 0.0689655 0.0245667
1 0.417672 0.302263 0.0969828 0.117457 0.0191193
1 0.349784 0.427802 0.0775862 0.0991379 0.0139542
1 0.505927 0.108297 0.0620689 0.0883621 0.0108566
1 0.346552 0.411638 0.0711207 0.0948276 0.0108185
0 0.505927 0.108297 0.0620689 0.0883621 0.0107346
2 0.505927 0.108297 0.0620689 0.0883621 0.00985718
1 0.488793 0.113685 0.063362 0.0921336 0.00945282
1 0.762284 0.126078 0.0413793 0.0544181 0.00837708
0 0.488793 0.113685 0.063362 0.0921336 0.00769424
1 0.594989 0.11611 0.0462284 0.0608836 0.00595856
1 0.456789 0.208244 0.0795259 0.255927 0.00561905
1 0.972414 0.0573815 0.0310345 0.0662716 0.0055542
1 0.310991 0.405038 0.184267 0.116649 0.00510025
2 0.488793 0.113685 0.063362 0.0921336 0.00455475
1 0.464871 0.289871 0.0297414 0.0813578 0.00439835
1 0.847629 0.137931 0.0762931 0.0851293 0.00400543
1 0.627155 0.153017 0.0465517 0.0635776 0.00383949
0 0.229526 0.266164 0.0420259 0.0581897 0.00309944
1 0.693103 0.175108 0.0400862 0.0511853 0.00305176
1 0.717026 0.169989 0.0465518 0.0608836 0.00300407
1 0.546013 0.102371 0.0517241 0.0845905 0.00290108
0 0.514332 0.10264 0.0808189 0.115302 0.00288963
0 0.972414 0.0573815 0.0310345 0.0662716 0.00286674
2 0.722845 0.133082 0.0375 0.049569 0.00269318
2 0.834698 0.129849 0.0413793 0.0678879 0.00235939
0 0.722845 0.133082 0.0375 0.049569 0.00234222
2 0.594989 0.11611 0.0462284 0.0608836 0.00214958
2 0.709914 0.148168 0.0439655 0.0571121 0.00214958
0 0.559914 0.0843211 0.0426724 0.0856681 0.00213242
0 0.546013 0.102371 0.0517241 0.0845905 0.00209045
2 0.431897 0.699353 0.471983 0.601293 0.00209045
1 0.834052 0.144397 0.0504311 0.104526 0.00200272
2 0.546013 0.102371 0.0517241 0.0845905 0.00198746
2 0.680711 0.828125 0.638578 0.34375 0.0019722
1 0.360453 0.290948 0.20625 0.148707 0.00191212
0 0.431897 0.699353 0.471983 0.601293 0.00178909
1 0.378879 0.411099 0.0452586 0.0678879 0.00173378
0 0.00618265 0.832435 0.0123653 0.335129 0.00171375
1 0.535345 0.138739 0.050431 0.0765086 0.00166798
2 0.559914 0.0843211 0.0426724 0.0856681 0.0016489
1 0.261207 0.414332 0.115733 0.113147 0.864258
1 0.836638 0.127694 0.0387931 0.0603448 0.560059
1 0.438362 0.312231 0.0517241 0.119073 0.0317383
1 0.228556 0.261853 0.0375 0.0538793 0.0248871
1 0.722845 0.131196 0.0439655 0.0511853 0.0115051
1 0.412177 0.307381 0.106034 0.137392 0.00651169
1 0.827586 0.12931 0.0491379 0.0592672 0.00595856
2 0.722845 0.131196 0.0439655 0.0511853 0.0050621
2 0.511099 0.102909 0.0756465 0.0851293 0.00460815
1 0.704741 0.134429 0.0672414 0.0576509 0.00416565
0 0.836638 0.127694 0.0387931 0.0603448 0.00397491
2 0.836638 0.127694 0.0387931 0.0603448 0.00382423
1 0.759052 0.125808 0.0362069 0.044181 0.0037365
1 0.395043 0.414332 0.0426724 0.0743535 0.00359344
1 0.261207 0.394397 0.120905 0.155172 0.00325966
1 0.464871 0.295259 0.0297414 0.101832 0.0024929
1 0.233082 0.16972 0.0413793 0.0905172 0.00247192
1 0.343319 0.422414 0.0872845 0.105603 0.00245285
1 0.226616 0.139547 0.0381466 0.0748922 0.00230598
2 0.226616 0.139547 0.0381466 0.0748922 0.00230598
2 0.493966 0.108836 0.0737069 0.0862069 0.00178909
1 0.252155 0.264817 0.0646552 0.0716595 0.00178242
0 0.722845 0.131196 0.0439655 0.0511853 0.00161076
2 0.704741 0.134429 0.0672414 0.0576509 0.0014782
0 0.228556 0.261853 0.0375 0.0538793 0.00133038
1 0.416703 0.405172 0.0737069 0.075431 0.00126457
0 0.226616 0.139547 0.0381466 0.0748922 0.00124931
1 0.395043 0.424569 0.0491379 0.105603 0.00122547
2 0.263066 0.413793 0.115248 0.110991 0.00115585
2 0.228556 0.261853 0.0375 0.0538793 0.00110722
2 0.438362 0.312231 0.0517241 0.119073 0.00101662
1 0.2625 0.416891 0.11444 0.112338 0.816406
1 0.834698 0.12931 0.0413793 0.0603448 0.0665894
1 0.341703 0.424569 0.0963362 0.105603 0.0193481
1 0.426724 0.302802 0.0814655 0.113685 0.0109863
1 0.344612 0.412716 0.0814655 0.0948276 0.00658798
1 0.406681 0.307112 0.118966 0.146552 0.00471878
1 0.442241 0.28556 0.0581896 0.132004 0.00232315
1 0.409267 0.40854 0.108621 0.103179 0.00223351
1 0.395043 0.415948 0.0633621 0.0797414 0.00216484
2 0.834698 0.12931 0.0413793 0.0603448 0.0020752
1 0.82694 0.127155 0.0530172 0.0625 0.00204277
1 0.237446 0.277478 0.071444 0.104526 0.00186729
1 0.400862 0.336207 0.135129 0.165948 0.00171375
1 0.259914 0.400323 0.120259 0.16056 0.00157356
2 0.341703 0.424569 0.0963362 0.105603 0.00153637
1 0.387931 0.422414 0.0659483 0.112069 0.0014782
2 0.261853 0.424704 0.118319 0.126886 0.00137806
1 0.347926 0.331358 0.235183 0.266164 0.00102806
1 0.262581 0.412177 0.112338 0.113147 0.812988
1 0.835345 0.127694 0.0387932 0.0592672 0.313965
1 0.82694 0.12931 0.049138 0.0635776 0.024231
1 0.44903 0.295797 0.0342672 0.0905172 0.0125275
1 0.336207 0.42403 0.0969828 0.105603 0.0104523
1 0.231304 0.26347 0.0332974 0.0484914 0.00547028
1 0.341379 0.409617 0.0859914 0.103179 0.00428009
1 0.402802 0.41541 0.0452586 0.0775862 0.00426483
2 0.835345 0.127694 0.0387932 0.0592672 0.00403976
2 0.488793 0.107489 0.0517241 0.0775862 0.00253105
1 0.418319 0.414871 0.0762931 0.0797414 0.00247192
2 0.721552 0.126886 0.0387931 0.0457974 0.00243378
1 0.764871 0.126886 0.0284482 0.044181 0.0020504
1 0.721552 0.126886 0.0387931 0.0457974 0.00191212
2 0.510776 0.101024 0.0737069 0.0845905 0.00189686
2 0.82694 0.12931 0.049138 0.0635776 0.00187492
1 0.356169 0.315194 0.219989 0.176724 0.0017004
1 0.444504 0.309537 0.0465518 0.0921336 0.00163555
2 0.228879 0.135776 0.031681 0.0549569 0.0014267
1 0.466164 0.292565 0.0271552 0.0969828 0.00138855
1 0.402478 0.423491 0.0575431 0.103448 0.00100803
1 0.261853 0.413254 0.117672 0.117457 0.645996
1 0.839224 0.130927 0.0349137 0.0630388 0.376709
1 0.72931 0.12931 0.0258621 0.044181 0.0379028
1 0.451293 0.282328 0.0219828 0.0657328 0.0264587
1 0.827586 0.130927 0.0465517 0.0646552 0.0246124
1 0.700216 0.135776 0.0258621 0.0721983 0.0193481
1 0.234375 0.264009 0.0342672 0.0581897 0.0165253
1 0.69181 0.131466 0.0284483 0.0431034 0.0156708
1 0.345905 0.425647 0.0866379 0.101293 0.0110703
1 0.482328 0.113079 0.0439655 0.0658675 0.00891876
1 0.44806 0.289601 0.0362069 0.0921336 0.00723267
1 0.466164 0.29041 0.0278017 0.0894397 0.00591278
1 0.977586 0.0563039 0.0310345 0.0668103 0.00519943
1 0.196713 0.582435 0.0417026 0.0969828 0.00475693
1 0.561853 0.101293 0.0375 0.0743534 0.00471878
1 0.333621 0.421336 0.117026 0.112069 0.00443268
1 0.764224 0.128772 0.0232759 0.044181 0.00337601
1 0.416379 0.288254 0.0827586 0.105603 0.00288963
1 0.514655 0.104256 0.0517241 0.0716595 0.00253105
1 0.269289 0.396552 0.117026 0.148707 0.00250244
1 0.848922 0.133621 0.0568965 0.0926724 0.00246239
1 0.226778 0.144397 0.0326509 0.0797414 0.0024147
1 0.597414 0.111261 0.0310345 0.0571121 0.00234985
1 0.254418 0.262662 0.0523707 0.0721983 0.00190449
1 0.837285 0.149246 0.0465517 0.0969827 0.00183105
1 0.7875 0.135237 0.0439655 0.0883621 0.00137234
1 0.391164 0.421875 0.0290948 0.0786638 0.00134563
1 0.342672 0.661638 0.0375 0.0603448 0.00126457
1 0.56444 0.0905172 0.0310345 0.0905172 0.00125504
1 0.237769 0.167565 0.0442888 0.105603 0.00116539
1 0.397629 0.341056 0.0821121 0.0991379 0.00109005
1 0.44903 0.126616 0.0375 0.0603448 0.00108147
1 0.197198 0.546336 0.0394396 0.127155 0.00104046
1 0.262581 0.413254 0.109752 0.113147 0.829102
1 0.833405 0.138739 0.0439655 0.0792026 0.31665
1 0.326509 0.418103 0.139655 0.122845 0.0505066
1 0.459052 0.298491 0.0336206 0.0765086 0.0285492
1 0.700862 0.160022 0.0362069 0.0775862 0.0210114
1 0.347198 0.424569 0.0924569 0.103448 0.0144501
0 0.700862 0.160022 0.0362069 0.0775862 0.00812531
1 0.264763 0.395609 0.1125 0.157058 0.00486755
0 0.718965 0.13847 0.0362069 0.0581897 0.00482941
1 0.445151 0.306843 0.0484914 0.09375 0.00450516
1 0.46778 0.298491 0.0252155 0.0991379 0.00439835
0 0.828879 0.137123 0.0543103 0.0792026 0.00322342
1 0.830819 0.146013 0.0530172 0.101293 0.00312424
1 0.375 0.425647 0.0685345 0.101293 0.00309944
0 0.698276 0.137392 0.0439655 0.0571121 0.00301552
0 0.709914 0.172953 0.0517241 0.0581897 0.0024929
1 0.383405 0.423491 0.0420259 0.0883621 0.00245285
1 0.718965 0.13847 0.0362069 0.0581897 0.00237846
1 0.844397 0.141703 0.0672414 0.0969827 0.00229645
0 0.696336 0.176185 0.0439655 0.0528017 0.00202751
1 0.418319 0.417026 0.075 0.0872845 0.00178242
1 0.235345 0.265625 0.0387931 0.0625 0.00176811
0 0.259591 0.41285 0.111207 0.126886 0.00176811
2 0.700862 0.160022 0.0362069 0.0775862 0.00170708
2 0.262581 0.416083 0.113631 0.11611 0.00144386
1 0.417026 0.295797 0.0969828 0.122845 0.00131512
1 0.797198 0.148168 0.049138 0.100216 0.00131512
1 0.698276 0.137392 0.0439655 0.0571121 0.00126457
1 0.762931 0.132812 0.0258621 0.0544181 0.00120163
0 0.590302 0.108567 0.0387931 0.0646552 0.00106049
2 0.828879 0.137123 0.0543103 0.0792026 0.00100803
1 0.261853 0.412177 0.113793 0.12069 0.700684
1 0.835345 0.132004 0.0426723 0.0732759 0.21936
1 0.345582 0.423491 0.0827586 0.105603 0.0621033
1 0.827586 0.132543 0.0517241 0.0689655 0.00598145
1 0.23389 0.2632 0.0371767 0.0565733 0.00502014
1 0.456465 0.293642 0.0310345 0.0581897 0.00426483
1 0.444181 0.302532 0.0413793 0.0905172 0.00407028
1 0.722845 0.129849 0.0362069 0.0479526 0.00362206
1 0.467457 0.296875 0.0271552 0.0926724 0.00216484
1 0.763578 0.128772 0.0336206 0.0506466 0.00175476
1 0.407004 0.291487 0.108621 0.122306 0.00139904
1 0.369828 0.425647 0.0672414 0.101293 0.00112057
1 0.703448 0.144935 0.0439655 0.0625 0.00103188
1 0.700862 0.128233 0.0491379 0.0420259 0.00102806
1 0.264359 0.408405 0.110075 0.109914 0.820801
1 0.834698 0.132543 0.0426724 0.0625 0.0524292
1 0.31285 0.416083 0.143696 0.11611 0.0267639
1 0.333297 0.425647 0.103448 0.0991379 0.00923157
2 0.834698 0.132543 0.0426724 0.0625 0.00793457
1 0.825 0.131466 0.0517241 0.0592672 0.00572968
1 0.230496 0.262931 0.0336207 0.0484914 0.00388527
1 0.452586 0.294181 0.0355604 0.0786638 0.00312424
2 0.825 0.131466 0.0517241 0.0592672 0.00277901
2 0.506897 0.101562 0.0575431 0.0646552 0.00248146
1 0.441595 0.286369 0.0420259 0.0905172 0.00243378
0 0.834698 0.132543 0.0426724 0.0625 0.0017271
1 0.697629 0.153287 0.0349138 0.0501078 0.0015974
1 0.720905 0.130388 0.0323276 0.044181 0.00139904
2 0.490086 0.106142 0.0478448 0.0673491 0.00138855
1 0.444181 0.304418 0.0400862 0.0894396 0.00123978
1 0.46875 0.297414 0.0310345 0.09375 0.00107288
2 0.720905 0.130388 0.0323276 0.044181 0.00105667
0 0.230496 0.262931 0.0336207 0.0484914 0.00101185
1 0.259267 0.411099 0.116379 0.110991 0.729492
1 0.831466 0.130119 0.049138 0.0711207 0.146118
1 0.346875 0.414871 0.0795259 0.0959052 0.0611877
1 0.460021 0.297953 0.0323276 0.0517241 0.0182648
0 0.825 0.131466 0.0543103 0.0721983 0.00643921
1 0.704741 0.161369 0.0336207 0.0501078 0.00538635
1 0.718965 0.132004 0.0387931 0.0538793 0.00400543
0 0.505603 0.100822 0.0646552 0.0849946 0.00390053
0 0.718965 0.132004 0.0387931 0.0538793 0.00342941
1 0.446767 0.288793 0.0362069 0.0905173 0.00314713
0 0.48847 0.107287 0.0530172 0.0871498 0.00239754
1 0.232435 0.265356 0.0420259 0.0554957 0.00233269
2 0.831466 0.130119 0.049138 0.0711207 0.00214958
1 0.445474 0.300647 0.0413793 0.0969827 0.00214958
1 0.463901 0.295797 0.0323276 0.09375 0.00203514
2 0.505603 0.100822 0.0646552 0.0849946 0.00185299
0 0.592403 0.103179 0.0488147 0.0705819 0.00171375
0 0.224838 0.139009 0.0397629 0.0894397 0.00161648
0 0.232435 0.265356 0.0420259 0.0554957 0.0014782
1 0.407974 0.283405 0.111207 0.113147 0.00147247
0 0.696983 0.131735 0.0439655 0.0544181 0.00145531
0 0.704741 0.161369 0.0336207 0.0501078 0.00139427
1 0.696983 0.131735 0.0439655 0.0544181 0.00133514
1 0.264116 0.396686 0.125431 0.150593 0.00129986
2 0.48847 0.107287 0.0530172 0.0871498 0.00124454
1 0.385022 0.419181 0.05625 0.0862069 0.00107765
0 0.554741 0.0967134 0.0478448 0.0802802 0.00105286
1 0.26056 0.413793 0.118319 0.110991 0.777344
1 0.835345 0.135237 0.0439655 0.0689655 0.143188
1 0.342672 0.424569 0.0931035 0.101293 0.0499573
1 0.826293 0.134698 0.0543103 0.0700431 0.0153656
1 0.453879 0.295528 0.0342672 0.0802802 0.00905609
0 0.835345 0.135237 0.0439655 0.0689655 0.00891876
1 0.465841 0.297414 0.0303879 0.0969827 0.0045929
0 0.826293 0.134698 0.0543103 0.0700431 0.00439835
1 0.446121 0.293642 0.0413793 0.102371 0.00388527
0 0.720259 0.134698 0.0387931 0.0528017 0.00275803
1 0.374353 0.292565 0.182328 0.126078 0.00243378
1 0.704741 0.160022 0.0362069 0.0646552 0.00243378
1 0.263874 0.396013 0.122683 0.15625 0.0024147
2 0.835345 0.135237 0.0439655 0.0689655 0.00209999
1 0.720259 0.134698 0.0387931 0.0528017 0.00185299
1 0.762931 0.133621 0.0284483 0.0560345 0.00183868
1 0.233244 0.265625 0.0352371 0.0506466 0.00175476
0 0.704741 0.160022 0.0362069 0.0646552 0.00150681
1 0.382112 0.421875 0.0530173 0.0851293 0.00132465
2 0.826293 0.134698 0.0543103 0.0700431 0.0012846
0 0.716379 0.176455 0.0465518 0.0511854 0.00122547
1 0.349138 0.316541 0.246983 0.20097 0.00105667
1 0.262581 0.40854 0.117511 0.118265 0.782715
1 0.830819 0.130927 0.0517241 0.0765086 0.0298767
1 0.454849 0.291487 0.0323276 0.0711207 0.0243835
1 0.346552 0.421875 0.0840517 0.109914 0.0173035
0 0.827586 0.131196 0.0581896 0.0765086 0.00624084
1 0.444828 0.291487 0.0413793 0.102371 0.00279045
1 0.387931 0.289871 0.153879 0.125539 0.00174809
1 0.232435 0.262931 0.0355603 0.0517241 0.00161076
1 0.390517 0.415948 0.0465517 0.0862069 0.00161076
1 0.309698 0.416891 0.200431 0.140356 0.00146675
1 0.466164 0.295259 0.0310345 0.0991379 0.00137234
2 0.257651 0.41056 0.113147 0.110991 0.00113392
2 0.827586 0.131196 0.0581896 0.0765086 0.00105667
1 0.261853 0.41056 0.115086 0.0991379 0.644043
1 0.832112 0.134698 0.0491379 0.0657328 0.0803833
1 0.346875 0.415948 0.0814655 0.0818965 0.0469055
1 0.454526 0.292026 0.0349138 0.0646552 0.0145035
1 0.321983 0.420259 0.139655 0.101293 0.01297
1 0.233082 0.264278 0.0342672 0.0452586 0.00307465
1 0.445474 0.290409 0.0413793 0.0862069 0.0030632
0 0.827586 0.134429 0.0543104 0.0668103 0.00174141
1 0.379203 0.418103 0.0517241 0.0732758 0.0015974
1 0.389224 0.28583 0.146121 0.0996767 0.00143242
1 0.26347 0.384698 0.115733 0.132543 0.00108147
1 0.202371 0.406789 0.0452586 0.104526 0.00108147
1 0.704741 0.156789 0.0362069 0.0538793 0.00101185
1 0.262823 0.412177 0.111853 0.106681 0.770508
1 0.831466 0.133082 0.049138 0.0700431 0.0980835
1 0.346552 0.416487 0.0827586 0.0905172 0.0490417
1 0.455172 0.286099 0.0336206 0.0721983 0.0184326
1 0.314952 0.419181 0.157597 0.121767 0.0171814
0 0.831466 0.133082 0.049138 0.0700431 0.00854492
1 0.441272 0.291487 0.0504311 0.09375 0.00426483
1 0.373707 0.290948 0.184914 0.114224 0.00385475
1 0.374353 0.420259 0.0640086 0.0797414 0.00218201
1 0.704095 0.152478 0.0297414 0.049569 0.00206757
1 0.234698 0.26347 0.0387931 0.0474138 0.00200272
1 0.263874 0.392107 0.117511 0.146821 0.00163555
1 0.351643 0.310884 0.241972 0.184267 0.00120163
0 0.704095 0.152478 0.0297414 0.049569 0.00116539
0 0.828233 0.143858 0.063362 0.105603 0.00102806
1 0.262581 0.411099 0.113631 0.107759 0.760742
1 0.831466 0.132543 0.049138 0.0743534 0.0528259
1 0.340733 0.414871 0.0911638 0.0926724 0.0301056
1 0.310911 0.418103 0.165679 0.12069 0.0110703
1 0.455496 0.287716 0.0349138 0.075431 0.0103683
0 0.827586 0.133621 0.0568966 0.0743534 0.0051384
1 0.439009 0.290948 0.0523707 0.0926724 0.00299263
1 0.367241 0.289332 0.199138 0.112069 0.00281143
1 0.233405 0.264547 0.0368535 0.049569 0.00219154
1 0.375647 0.418642 0.0568965 0.0808189 0.00124931
1 0.350754 0.306843 0.244397 0.175108 0.00104046
1 0.262177 0.411099 0.113793 0.107759 0.760742
1 0.831466 0.132543 0.049138 0.0743534 0.0528259
1 0.340733 0.414871 0.0918103 0.0926724 0.0298767
1 0.310668 0.418103 0.166164 0.12069 0.0110703
1 0.455496 0.287716 0.0349138 0.075431 0.0104523
0 0.827586 0.133621 0.0568966 0.0743534 0.00511932
1 0.439009 0.290948 0.0523707 0.0926724 0.00300407
1 0.367241 0.289332 0.199138 0.112069 0.00282288
1 0.233567 0.264547 0.0365302 0.049569 0.00219917
1 0.37597 0.419181 0.0568965 0.0797414 0.0012598
1 0.350754 0.306573 0.244397 0.174569 0.00104427
