2 0.863281 0.452257 0.0364583 0.114005 0.0086441
1 0.863281 0.452257 0.0364583 0.114005 0.00751877
0 0.863281 0.452257 0.0364583 0.114005 0.00453949
0 0.869792 0.441551 0.0325521 0.105903 0.00355148
2 0.869792 0.441551 0.0325521 0.105903 0.00342941
1 0.5 0.5 1 1 0.00328636
0 0.5 0.5 1 1 0.00319672
2 0.5 0.5 1 1 0.00311089
2 0.5 0.5 1 1 0.00298119
2 0.5 0.5 1 1 0.00296974
0 0.5 0.5 1 1 0.00293541
0 0.5 0.5 1 1 0.00273705
2 0.878906 0.455729 0.0703125 0.124421 0.00269318
2 0.5 0.5 1 1 0.00269318
1 0.5 0.5 1 1 0.00265312
1 0.5 0.5 1 1 0.00263214
2 0.973307 0.750579 0.0481771 0.0798611 0.00244331
2 0.5 0.5 1 1 0.00232315
0 0.5 0.5 1 1 0.00228691
0 0.878906 0.455729 0.0703125 0.124421 0.00225258
0 0.973307 0.750579 0.0481771 0.0798611 0.00225258
1 0.5 0.5 1 1 0.00224304
1 0.878906 0.455729 0.0703125 0.124421 0.00185299
1 0.5 0.5 1 1 0.00182438
2 0.953125 0.746528 0.0442708 0.0694444 0.00178909
1 0.973307 0.750579 0.0481771 0.0798611 0.00178909
1 0.5 0.5 1 1 0.00172043
1 0.5 0.5 1 1 0.00170708
1 0.869792 0.441551 0.0325521 0.105903 0.00168133
0 0.5 0.5 1 1 0.00161076
2 0.5 0.5 1 1 0.00157928
0 0.953125 0.746528 0.0442708 0.0694444 0.00117874
1 0.953125 0.746528 0.0442708 0.0694444 0.00104427
2 0.973958 0.706019 0.0520833 0.0891204 0.00103188
2 0.967448 0.760417 0.0416667 0.0532407 0.0713501
1 0.967448 0.760417 0.0416667 0.0532407 0.0153046
1 0.964193 0.725694 0.0338542 0.0740741 0.0134277
2 0.964193 0.725694 0.0338542 0.0740741 0.0133743
2 0.960938 0.751157 0.0533854 0.0763889 0.0122375
0 0.964193 0.725694 0.0338542 0.0740741 0.00871277
1 0.147461 0.533565 0.03125 0.0381944 0.00831604
2 0.147461 0.533565 0.03125 0.0381944 0.00772476
2 0.972656 0.715856 0.0442708 0.0717593 0.00492477
1 0.861328 0.4511 0.0299479 0.0758102 0.00473785
0 0.967448 0.760417 0.0416667 0.0532407 0.00298119
2 0.177734 0.536458 0.0358073 0.0358796 0.00288963
1 0.177734 0.536458 0.0358073 0.0358796 0.0024147
1 0.960938 0.751157 0.0533854 0.0763889 0.00228691
2 0.958333 0.716435 0.0833333 0.1875 0.0018034
2 0.95638 0.719329 0.0442708 0.0821759 0.00174809
1 0.844401 0.119792 0.0364583 0.0619213 0.00171375
0 0.147461 0.533565 0.03125 0.0381944 0.00167465
2 0.5 0.530671 1 0.938657 0.00148392
2 0.5 0.666956 1 0.666088 0.00147247
0 0.960938 0.751157 0.0533854 0.0763889 0.00146675
2 0.861328 0.4511 0.0299479 0.0758102 0.00144386
0 0.460938 0.5 0.921875 1 0.00139904
0 0.5 0.666956 1 0.666088 0.00139427
0 0.958333 0.716435 0.0833333 0.1875 0.00138855
2 0.5 0.5 1 1 0.00133514
0 0.5 0.530671 1 0.938657 0.00130463
0 0.5 0.5 1 1 0.0012846
2 0.440104 0.5 0.880208 1 0.00127411
1 0.5 0.666956 1 0.666088 0.00127411
2 0.5 0.72338 1 0.553241 0.00127411
0 0.929036 0.599682 0.141927 0.400174 0.00126457
2 0.929036 0.599682 0.141927 0.400174 0.00121117
1 0.5 0.530671 1 0.938657 0.00121117
2 0.743978 0.722946 0.512044 0.554109 0.0012064
1 0.460938 0.5 0.921875 1 0.00120163
0 0.613932 0.354456 0.772135 0.708912 0.00118351
2 0.5 0.5 1 1 0.0011425
2 0.5 0.375 1 0.75 0.00111198
0 0.80599 0.599537 0.388021 0.800926 0.00111198
0 0.752604 0.674769 0.494792 0.650463 0.00111198
2 0.613932 0.354456 0.772135 0.708912 0.00109482
0 0.5 0.5 1 1 0.00108147
0 0.772461 0.444444 0.455078 0.520833 0.00108147
1 0.958333 0.716435 0.0833333 0.1875 0.00107765
0 0.5 0.72338 1 0.553241 0.00107765
2 0.453125 0.5 0.90625 1 0.00106907
1 0.5 0.5 1 1 0.00105667
1 0.5 0.72338 1 0.553241 0.00104809
0 0.5 0.375 1 0.75 0.00102806
2 0.964844 0.747685 0.0520833 0.087963 0.231567
2 0.971354 0.739583 0.0572917 0.145833 0.0853882
1 0.838542 0.116609 0.0494792 0.0639468 0.0287628
1 0.964844 0.747685 0.0520833 0.087963 0.0214539
1 0.829427 0.117477 0.0520833 0.0653935 0.0128708
2 0.967448 0.733796 0.0585938 0.111111 0.00993347
1 0.839844 0.130208 0.0494792 0.0815972 0.0078125
1 0.971354 0.739583 0.0572917 0.145833 0.00664139
1 0.861979 0.447917 0.0520833 0.109954 0.00400543
0 0.964844 0.747685 0.0520833 0.087963 0.00370789
1 0.826172 0.132523 0.0481771 0.0787037 0.00298119
0 0.971354 0.739583 0.0572917 0.145833 0.0029583
2 0.811523 0.851852 0.376953 0.296296 0.00288963
1 0.347005 0.393519 0.046875 0.0983796 0.00283432
2 0.959635 0.747685 0.0807292 0.224537 0.00283432
1 0.14681 0.522569 0.0445964 0.0671296 0.00242424
1 0.390299 0.471065 0.0442708 0.0671296 0.00225258
1 0.354167 0.442419 0.0455729 0.0885417 0.00223351
1 0.890625 0.454282 0.0716146 0.123843 0.00208282
2 0.944661 0.843171 0.110677 0.313657 0.00188923
1 0.97526 0.613426 0.046875 0.0787037 0.00181007
2 0.967773 0.77662 0.0644531 0.138889 0.00178242
2 0.959635 0.788194 0.0768229 0.115741 0.00149536
0 0.959635 0.747685 0.0807292 0.224537 0.00148964
2 0.795573 0.910301 0.408854 0.179398 0.00137234
1 0.0206706 0.13151 0.0413411 0.263021 0.00121117
1 0.0138346 0.375289 0.0276693 0.750579 0.0012064
1 0.501628 0.284433 0.235026 0.302083 0.00118351
0 0.97526 0.613426 0.046875 0.0787037 0.00115108
2 0.919596 0.864583 0.160807 0.270833 0.00114727
1 0.872396 0.41985 0.0677083 0.11169 0.00113392
1 0.0135091 0.304398 0.0270182 0.608796 0.00112438
1 0.0450846 0.184172 0.0901693 0.368345 0.00112057
1 0.967448 0.733796 0.0585938 0.111111 0.00112057
1 0 0.746672 0 0.506655 0.0011158
2 0.829427 0.117477 0.0520833 0.0653935 0.00109863
1 0.00594076 0.163339 0.0118815 0.326678 0.00107765
1 0.959635 0.747685 0.0807292 0.224537 0.00107288
2 0.98763 0.827546 0.0247396 0.344907 0.00106049
1 0.485026 0.306713 0.205729 0.229167 0.00102806
0 0 0.123987 0 0.247975 0.00102425
2 0.97526 0.613426 0.046875 0.0787037 0.00101662
1 0.00671387 0.680556 0.0134277 0.638889 0.00101662
2 0.964844 0.763889 0.0494792 0.0578704 0.331055
2 0.966146 0.751736 0.0625 0.104167 0.0541992
2 0.958333 0.756944 0.0572917 0.0810185 0.0539856
1 0.851563 0.447917 0.0416667 0.127315 0.0479431
1 0.840495 0.119502 0.0481771 0.072338 0.0477905
1 0.139648 0.520255 0.0416667 0.0648148 0.024704
1 0.964844 0.763889 0.0494792 0.0578704 0.0172424
1 0.863281 0.449363 0.046875 0.108218 0.0131226
1 0.83138 0.115596 0.0611979 0.0726273 0.0104904
2 0.970052 0.723958 0.0507813 0.128472 0.0103683
0 0.964844 0.763889 0.0494792 0.0578704 0.00806427
1 0.846354 0.132378 0.046875 0.087963 0.00790405
1 0.966146 0.751736 0.0625 0.104167 0.00709534
1 0.348307 0.384838 0.0481771 0.112269 0.00577545
1 0.88151 0.451678 0.0598958 0.134838 0.00572968
2 0.863281 0.449363 0.046875 0.108218 0.0055542
0 0.851563 0.447917 0.0416667 0.127315 0.00508118
1 0.388346 0.476562 0.0397135 0.0700231 0.00500107
1 0.00252279 0.83044 0.00504557 0.33912 0.00460815
1 0.0167643 0.409144 0.0335286 0.0694444 0.00367928
1 0.0171712 0.464699 0.0343424 0.0729167 0.00362206
0 0.966146 0.751736 0.0625 0.104167 0.00351143
2 0.840495 0.119502 0.0481771 0.072338 0.00346947
1 0.169108 0.526042 0.0559896 0.0555556 0.00345612
2 0.139648 0.520255 0.0416667 0.0648148 0.00324821
0 0.139648 0.520255 0.0416667 0.0648148 0.00321007
0 0.958333 0.756944 0.0572917 0.0810185 0.00287819
1 0.119141 0.519531 0.039388 0.0604745 0.00284576
1 0.0166829 0.527778 0.0333659 0.0625 0.00261116
1 0.359701 0.427951 0.0442708 0.136574 0.00259018
1 0.395833 0.513889 0.0351562 0.0625 0.00257111
0 0.863281 0.449363 0.046875 0.108218 0.00218201
1 0.958333 0.756944 0.0572917 0.0810185 0.00216484
1 0.00610352 0.768519 0.012207 0.462963 0.00214958
0 0.00252279 0.83044 0.00504557 0.33912 0.00214958
2 0.83138 0.115596 0.0611979 0.0726273 0.00209999
1 0.00227865 0.75 0.00455729 0.5 0.00206757
2 0.851563 0.447917 0.0416667 0.127315 0.0019722
1 0.00268555 0.594329 0.00537109 0.383102 0.00192642
0 0.599121 0.373264 0.0491536 0.14294 0.00166798
0 0.88151 0.451678 0.0598958 0.134838 0.00162888
2 0.968099 0.702546 0.0638021 0.326389 0.00161076
1 0.427083 0.527778 0.0436198 0.0439815 0.00158501
1 0.826823 0.138889 0.0690104 0.0978009 0.00135136
2 0.972656 0.626157 0.0494792 0.0925926 0.00132465
0 0.970052 0.723958 0.0507813 0.128472 0.00131989
1 0.640625 0.461516 0.046875 0.0509259 0.00131512
0 0.640625 0.461516 0.046875 0.0509259 0.00129986
1 0.00537109 0.548756 0.0107422 0.62934 0.00129986
1 0.834635 0.449074 0.0638021 0.114583 0.0012846
2 0.966146 0.766204 0.0442708 0.0625 0.119629
2 0.953125 0.760417 0.0442708 0.0659722 0.0585632
1 0.823568 0.12037 0.0533854 0.0665509 0.0321045
1 0.966146 0.766204 0.0442708 0.0625 0.0147324
2 0.968099 0.739583 0.0638021 0.0902778 0.00878143
1 0.953125 0.760417 0.0442708 0.0659722 0.0078125
2 0.858724 0.456019 0.0338542 0.104167 0.00518036
1 0.858724 0.456019 0.0338542 0.104167 0.00428009
1 0.1875 0.185475 0.0384115 0.0584491 0.00419998
2 0.863281 0.453704 0.0598958 0.125 0.00388527
1 0.968099 0.739583 0.0638021 0.0902778 0.0026722
2 0.823568 0.12037 0.0533854 0.0665509 0.00260162
1 0.835286 0.133391 0.0520833 0.0758102 0.00235939
0 0.966146 0.766204 0.0442708 0.0625 0.00225258
0 0.968099 0.739583 0.0638021 0.0902778 0.00222588
0 0.953125 0.760417 0.0442708 0.0659722 0.00220871
0 0.858724 0.456019 0.0338542 0.104167 0.00211525
2 0.971354 0.736111 0.0416667 0.12037 0.00171375
0 0.863281 0.453704 0.0598958 0.125 0.00167465
1 0.863281 0.453704 0.0598958 0.125 0.00119686
1 0.180827 0.225767 0.0403646 0.0519387 0.00116062
2 0.83724 0.45978 0.0703125 0.10706 0.00107288
2 0.96875 0.763889 0.0377604 0.0509259 0.213379
2 0.964193 0.734375 0.046875 0.0648148 0.0109482
2 0.957682 0.764468 0.046875 0.0590278 0.0102921
1 0.96875 0.763889 0.0377604 0.0509259 0.00695801
2 0.971354 0.719907 0.0416667 0.0949074 0.0053215
1 0.836589 0.117043 0.0533854 0.0668403 0.00408554
1 0.964193 0.734375 0.046875 0.0648148 0.00312424
2 0.179362 0.994213 0.358724 0.0115741 0.00214005
0 0.96875 0.763889 0.0377604 0.0509259 0.00192642
0 0.964193 0.734375 0.046875 0.0648148 0.00143242
1 0.179362 0.994213 0.358724 0.0115741 0.00142097
2 0.0917155 0.304398 0.183431 0.608796 0.00141621
2 0.231283 0.987847 0.457357 0.0243056 0.00135612
1 0.78125 0.114873 0.151042 0.0703125 0.00131512
2 0.0646973 0.347801 0.129395 0.695602 0.00102806
2 0.967448 0.759259 0.0442708 0.0798611 0.427246
2 0.960286 0.758102 0.0572917 0.0902778 0.0539856
1 0.13623 0.515625 0.0390625 0.068287 0.035553
1 0.348958 0.430556 0.0572917 0.106481 0.0327148
2 0.97526 0.746528 0.0494792 0.0914352 0.0275269
1 0.838542 0.117766 0.0442708 0.0584491 0.0254669
0 0.967448 0.759259 0.0442708 0.0798611 0.0177765
1 0.359701 0.434317 0.0716146 0.0792824 0.0163422
1 0.967448 0.759259 0.0442708 0.0798611 0.0160217
1 0.346354 0.405671 0.0520833 0.09375 0.0154877
1 0.829427 0.119358 0.0546875 0.0668403 0.0150146
1 0.130534 0.550926 0.0351562 0.0671296 0.012291
0 0.960286 0.758102 0.0572917 0.0902778 0.00937653
1 0.394531 0.471354 0.0377604 0.0561343 0.00919342
0 0.13623 0.515625 0.0390625 0.068287 0.00712204
0 0.348958 0.430556 0.0572917 0.106481 0.00629044
0 0.346354 0.405671 0.0520833 0.09375 0.00624084
1 0.856771 0.123843 0.0677083 0.0752315 0.00568771
1 0.97526 0.746528 0.0494792 0.0914352 0.0053215
1 0.869792 0.452257 0.0664062 0.109375 0.00443268
0 0.00423177 0.717593 0.00846354 0.564815 0.0041008
1 0.434896 0.527778 0.0390625 0.0416667 0.00379562
0 0.861979 0.457465 0.0442708 0.119792 0.00358009
2 0.973958 0.732639 0.0455729 0.113426 0.00353813
1 0.839844 0.138021 0.0442708 0.0694444 0.00351143
1 0.401042 0.521846 0.0351562 0.0489005 0.00312424
1 0.337891 0.430556 0.0703125 0.109954 0.0027256
1 0.356445 0.523148 0.046875 0.0532407 0.00253105
0 0.97526 0.746528 0.0494792 0.0914352 0.00252151
1 0.123535 0.516782 0.0478516 0.0740741 0.0024147
0 0.359701 0.434317 0.0716146 0.0792824 0.00237846
1 0.960286 0.758102 0.0572917 0.0902778 0.00226021
0 0.0049235 0.279514 0.00984701 0.559028 0.00219917
2 0.627604 0.416667 0.0546875 0.0659722 0.00197983
1 0.81901 0.122975 0.0820313 0.0815972 0.00192642
0 0.130534 0.550926 0.0351562 0.0671296 0.00190449
0 0.123535 0.516782 0.0478516 0.0740741 0.00184631
2 0.684896 0.418113 0.109375 0.0758102 0.00183868
0 0.869792 0.452257 0.0664062 0.109375 0.00176144
1 0.182292 0.228877 0.0494792 0.0619213 0.00175476
0 0.337891 0.430556 0.0703125 0.109954 0.00174141
1 0.478841 0.537616 0.0436198 0.037037 0.00168133
2 0.996745 0.83044 0.00651042 0.33912 0.00161648
1 0.828125 0.13831 0.0520833 0.0711806 0.00158501
1 0.182454 0.523727 0.0367839 0.0543981 0.00156116
1 0.19043 0.185764 0.0501302 0.0578704 0.00145531
1 0.155273 0.239583 0.0325521 0.0636574 0.00145531
2 0.359701 0.434317 0.0716146 0.0792824 0.00144958
1 0.683594 0.370949 0.143229 0.15162 0.00143814
1 0.684896 0.418113 0.109375 0.0758102 0.00143242
2 0.966146 0.757523 0.0416667 0.0578704 0.0980835
2 0.953776 0.758681 0.0442708 0.0659722 0.0440063
1 0.844401 0.118056 0.0364583 0.0625 0.0147324
1 0.966146 0.757523 0.0416667 0.0578704 0.0108185
1 0.953776 0.758681 0.0442708 0.0659722 0.0069313
1 0.955078 0.739583 0.0403646 0.0810185 0.00636292
2 0.955078 0.739583 0.0403646 0.0810185 0.00612259
1 0.830078 0.116609 0.0520833 0.0636574 0.00510025
0 0.966146 0.757523 0.0416667 0.0578704 0.00494385
0 0.953776 0.758681 0.0442708 0.0659722 0.00452042
2 0.973958 0.710648 0.0364583 0.0856481 0.0030632
0 0.955078 0.739583 0.0403646 0.0810185 0.00144958
1 0.138997 0.522569 0.0432943 0.0659722 0.00124454
2 0.844401 0.118056 0.0364583 0.0625 0.00117397
2 0.966146 0.762731 0.0442708 0.0648148 0.269043
2 0.958333 0.758681 0.0494792 0.0659722 0.0614319
2 0.961589 0.743056 0.0299479 0.0671296 0.0484009
1 0.961589 0.743056 0.0299479 0.0671296 0.00616837
1 0.966146 0.762731 0.0442708 0.0648148 0.00534439
2 0.969401 0.72338 0.0494792 0.0972222 0.00439835
0 0.966146 0.762731 0.0442708 0.0648148 0.0024929
2 1 0.741898 0 0.516204 0.00235939
1 0.958333 0.758681 0.0494792 0.0659722 0.0020504
2 0.989258 0.762731 0.0214844 0.18287 0.00154305
0 0.961589 0.743056 0.0299479 0.0671296 0.00153637
0 0.958333 0.758681 0.0494792 0.0659722 0.00144386
2 0.970703 0.789931 0.0585938 0.116898 0.00124931
2 0.970052 0.759259 0.0416667 0.068287 0.335449
2 0.966146 0.744213 0.0494792 0.0949074 0.122131
2 0.960286 0.76331 0.0533854 0.0729167 0.036499
2 0.97526 0.709491 0.0442708 0.0763889 0.0241394
0 0.966146 0.744213 0.0494792 0.0949074 0.00182438
1 0.966146 0.744213 0.0494792 0.0949074 0.0014782
2 0.983398 0.762153 0.0332031 0.0972222 0.00110722
2 0.974609 0.788194 0.0442708 0.115741 0.00105667
2 0.96224 0.730903 0.0546875 0.112269 0.00103188
2 0.971354 0.760995 0.0442708 0.0671296 0.21936
2 0.959635 0.759259 0.0494792 0.0763889 0.0259552
2 0.967448 0.745949 0.0429688 0.0949074 0.0241852
1 0.137695 0.512731 0.0328776 0.0694444 0.0147324
1 0.971354 0.760995 0.0442708 0.0671296 0.005867
2 0.977214 0.71875 0.0455729 0.087963 0.00429916
1 0.865885 0.446181 0.0364583 0.104167 0.00365067
1 0.139974 0.498843 0.030599 0.0810185 0.00304031
1 0.400391 0.523148 0.0247396 0.0474537 0.00291252
1 0.023112 0.41088 0.0314128 0.0821759 0.00257111
1 0.120443 0.511574 0.0403646 0.0752315 0.00239754
1 0.861328 0.439236 0.0299479 0.119213 0.00216484
1 0.967448 0.745949 0.0429688 0.0949074 0.00206757
1 0.357422 0.423611 0.0390625 0.126736 0.00168133
1 0.0529785 1 0.105957 0 0.00165462
1 0.396484 0.476852 0.0234375 0.0555556 0.0015974
1 0.154622 0.237558 0.0266927 0.0601852 0.00157928
2 0.603516 0.371238 0.0455729 0.0954861 0.00156116
1 0.0213216 0.447049 0.0322266 0.117477 0.00153637
1 0.847656 0.121238 0.0325521 0.0665509 0.00148392
1 0.359375 0.533565 0.0247396 0.0347222 0.00145531
0 0.971354 0.760995 0.0442708 0.0671296 0.00143242
1 0.193359 0.186921 0.0354818 0.0596065 0.00138283
1 0.186361 0.230613 0.0367839 0.0555556 0.00134563
1 0.347005 0.397569 0.0481771 0.107639 0.00134087
0 0.967448 0.745949 0.0429688 0.0949074 0.00131989
1 0.846354 0.140914 0.0364583 0.0665509 0.00124931
1 0.826823 0.142795 0.0442708 0.067419 0.0011692
1 0.959635 0.759259 0.0494792 0.0763889 0.0011692
1 0.828125 0.118056 0.0416667 0.0659722 0.00116539
2 0.966146 0.769097 0.0494792 0.0833333 0.280518
2 0.967448 0.75463 0.0625 0.111111 0.15979
0 0.967448 0.75463 0.0625 0.111111 0.00787354
0 0.962891 0.763889 0.0585938 0.087963 0.00139427
1 0.966146 0.769097 0.0494792 0.0833333 0.00126934
2 0.966146 0.759259 0.0442708 0.0856481 0.412109
0 0.970052 0.751157 0.0442708 0.101852 0.0152512
2 0.972656 0.731481 0.0455729 0.108796 0.00570679
1 0.136882 0.519676 0.0354818 0.0590278 0.00279999
1 0.966146 0.759259 0.0442708 0.0856481 0.00174141
1 0.397786 0.52662 0.0260417 0.0393519 0.00149536
2 0.966146 0.778935 0.0494792 0.125 0.00131989
2 0.960286 0.737847 0.0533854 0.121528 0.00109005
0 0.959635 0.758102 0.0520833 0.0868056 0.00100803
2 0.965495 0.758102 0.0442708 0.0740741 0.271973
2 0.958333 0.755787 0.0494792 0.0740741 0.0427246
0 0.96224 0.75 0.0416667 0.0925926 0.00905609
2 0.969401 0.725116 0.0455729 0.0925926 0.0042305
1 0.96224 0.75 0.0416667 0.0925926 0.00171375
1 0.397135 0.523148 0.0286458 0.0439815 0.00118828
2 1 0.767361 0 0.168981 0.00104046
2 0.967448 0.762731 0.046875 0.0752315 0.313232
2 0.959635 0.760417 0.0520833 0.0810185 0.083313
0 0.968099 0.751157 0.0455729 0.0856481 0.0136337
0 0.959635 0.760417 0.0520833 0.0810185 0.00564194
2 0.970703 0.732639 0.0520833 0.108796 0.00221634
1 0.967448 0.762731 0.046875 0.0752315 0.0017004
0 0.352214 0.456887 0.0416667 0.0613426 0.00123501
2 0.96875 0.76331 0.0442708 0.0694444 0.251709
2 0.96224 0.752315 0.046875 0.0925926 0.069519
2 0.958333 0.759838 0.0494792 0.0717593 0.0339661
0 0.96224 0.752315 0.046875 0.0925926 0.0165253
0 0.96875 0.76331 0.0442708 0.0694444 0.00288963
0 0.958333 0.759838 0.0494792 0.0717593 0.00193405
2 0.971354 0.727431 0.046875 0.099537 0.00168705
2 1 0.777199 0 0.146991 0.00142097
2 0.967448 0.756944 0.0442708 0.0763889 0.273682
2 0.962891 0.748264 0.0429688 0.0833333 0.0630493
0 0.962891 0.748264 0.0429688 0.0833333 0.00475693
2 0.96875 0.729167 0.0481771 0.108796 0.00376511
0 0.967448 0.756944 0.0442708 0.0763889 0.0016613
2 1 0.777778 0 0.168981 0.00122547
2 0.967448 0.761574 0.0442708 0.0659722 0.325928
2 0.966146 0.75 0.046875 0.0856481 0.0367737
2 0.960938 0.758102 0.0520833 0.0729167 0.0281067
0 0.966146 0.75 0.046875 0.0856481 0.00171375
2 0.970052 0.725694 0.0494792 0.0949074 0.00135612
0 0.967448 0.761574 0.0442708 0.0659722 0.00127888
0 0.960938 0.758102 0.0520833 0.0729167 0.00117397
2 1 0.783565 0 0.157407 0.0011158
2 0.967448 0.759259 0.0442708 0.0625 0.455078
2 0.966146 0.747685 0.046875 0.0844907 0.102661
2 0.959635 0.756944 0.0520833 0.0717593 0.0572815
0 0.966146 0.747685 0.046875 0.0844907 0.00317192
2 0.969401 0.722222 0.0481771 0.087963 0.00175476
0 0.967448 0.759259 0.0442708 0.0625 0.00136185
2 1 0.787037 0 0.165509 0.00132465
0 0.959635 0.756944 0.0520833 0.0717593 0.00126457
2 0.967448 0.760417 0.0442708 0.0694444 0.34082
2 0.960286 0.758102 0.0533854 0.0740741 0.0358276
0 0.967448 0.75463 0.046875 0.0925926 0.00215721
2 0.969401 0.722222 0.046875 0.0891204 0.00100422
2 0.967448 0.760417 0.0442708 0.0694444 0.339844
2 0.960286 0.758102 0.0533854 0.0740741 0.0359497
0 0.967448 0.75463 0.046875 0.0925926 0.00214958
