1 0.210776 0.396686 0.102802 0.215248 0.896973
1 0.619558 0.637931 0.206573 0.243534 0.850098
1 0.73125 0.606681 0.0788793 0.181034 0.064209
0 0.210776 0.396686 0.102802 0.215248 0.0490417
1 0.751293 0.603448 0.108621 0.142241 0.0411377
1 0.739009 0.608836 0.109914 0.189655 0.0283356
0 0.620043 0.637931 0.209483 0.243534 0.0257568
1 0.187177 0.403017 0.140948 0.22306 0.0220337
2 0.216272 0.386315 0.0989224 0.227371 0.0207214
1 0.717026 0.610991 0.0918104 0.202586 0.0178528
2 0.620043 0.637931 0.209483 0.243534 0.0154266
1 0.614062 0.591595 0.20722 0.344828 0.0142288
0 0.207866 0.405172 0.0575431 0.242457 0.0110703
2 0.207866 0.405172 0.0575431 0.242457 0.00941467
1 0.207866 0.405172 0.0575431 0.242457 0.00871277
1 0.76681 0.612069 0.13319 0.159483 0.00831604
1 0.603879 0.547953 0.177155 0.261853 0.00629044
1 0.538578 0.646013 0.0607759 0.231681 0.00536346
1 0.553448 0.654095 0.0905172 0.25 0.00400543
1 0.532435 0.658405 0.0556034 0.275862 0.00400543
1 0.280603 0.369612 0.131897 0.242457 0.00382423
2 0.187177 0.403017 0.140948 0.22306 0.0037365
1 0.723491 0.628233 0.120259 0.265086 0.00366402
1 0.5 0.5 1 1 0.00329781
2 0.5 0.5 1 1 0.00324821
1 0.300647 0.332435 0.0956897 0.146552 0.00317192
0 0.18653 0.399785 0.143534 0.230603 0.00317192
1 0.188147 0.5 0.376293 1 0.00316048
1 0.433836 0.1217 0.117672 0.143454 0.00309944
2 0.5 0.5 1 1 0.00300407
1 0.286746 0.350754 0.107328 0.197198 0.00282288
0 0.5 0.5 1 1 0.00279999
0 0.5 0.5 1 1 0.00279999
2 0.836853 0.286638 0.326293 0.573276 0.00279045
2 0.5 0.5 1 1 0.00268364
1 0.786369 0.270205 0.421228 0.444504 0.0026722
2 0.629472 0.5 0.741056 1 0.00263214
2 0.64806 0.371498 0.703879 0.742996 0.00260162
2 0.5 0.5 1 1 0.00257111
0 0.5 0.5 1 1 0.00255013
2 0.786369 0.270205 0.421228 0.444504 0.00254059
0 0.836853 0.286638 0.326293 0.573276 0.00254059
2 0.39375 0.5 0.7875 1 0.00251198
2 0.5 0.5 1 1 0.00250244
0 0.64806 0.371498 0.703879 0.742996 0.00245285
0 0.512716 0.267241 0.9 0.534483 0.00244331
0 0.629472 0.5 0.741056 1 0.00244331
0 0.5 0.5 1 1 0.00243378
1 0.836853 0.286638 0.326293 0.573276 0.00243378
2 0.5 0.5 1 1 0.0024147
1 0.61875 0.640086 0.205603 0.286638 0.808105
1 0.217888 0.391299 0.0892242 0.2368 0.513672
2 0.20722 0.392241 0.107974 0.234914 0.0102081
1 0.746121 0.606681 0.0956896 0.157328 0.00971222
1 0.229526 0.405172 0.0872845 0.216595 0.00751877
2 0.623922 0.608836 0.203017 0.311422 0.00494385
1 0.192996 0.39965 0.119612 0.241649 0.0042305
0 0.217888 0.391299 0.0892242 0.2368 0.00413513
1 0.576401 0.518858 0.104095 0.192888 0.00379562
1 0.694397 0.613685 0.35819 0.309267 0.00355148
1 0.724138 0.612608 0.0672413 0.179957 0.00324821
0 0.61681 0.604526 0.193966 0.334052 0.00298119
1 0.619558 0.561961 0.24278 0.460129 0.00270462
1 0.756466 0.623922 0.481035 0.359914 0.00251198
1 0.757759 0.616379 0.118966 0.122845 0.00195694
1 0.15792 0.612608 0.206573 0.72306 0.00162315
2 0.5 0.54014 1 0.91972 0.00147247
1 0.571552 0.480065 0.0827586 0.117457 0.00146675
1 0.306142 0.365841 0.228233 0.330819 0.00146103
0 0.5 0.54014 1 0.91972 0.00143242
0 0.192996 0.39965 0.119612 0.241649 0.00137234
1 0.5 0.54014 1 0.91972 0.00136662
0 0.450647 0.5 0.901293 1 0.0012598
2 0.489763 0.5 0.979526 1 0.00125504
2 0.74375 0.783675 0.5125 0.432651 0.00121593
2 0.450647 0.5 0.901293 1 0.00119686
2 0.5 0.493534 1 0.987069 0.00119686
2 0.5 0.708244 1 0.583513 0.00119686
0 0.5 0.493534 1 0.987069 0.00118351
2 0.560614 0.78125 0.878772 0.4375 0.00118351
1 0.5 0.708244 1 0.583513 0.00117397
1 0.7625 0.679957 0.475 0.640086 0.00113773
0 0.489763 0.5 0.979526 1 0.00112438
1 0.74375 0.783675 0.5125 0.432651 0.00111198
1 0.816595 0.625943 0.362069 0.687769 0.00110722
2 0.5 0.451778 1 0.903556 0.00110722
2 0.488793 0.315194 0.977586 0.630388 0.00109863
1 0.489763 0.5 0.979526 1 0.00109863
0 0.16875 0.5 0.3375 1 0.00109482
0 0.70722 0.231681 0.58556 0.463362 0.00108624
1 0.442322 0.380388 0.483459 0.615302 0.00108147
0 0.770097 0.757274 0.459806 0.485453 0.00107765
1 0.560614 0.78125 0.878772 0.4375 0.00107288
1 0.73195 0.409752 0.536099 0.819504 0.00105286
0 0.488793 0.315194 0.977586 0.630388 0.00104809
2 0.627155 0.229256 0.740948 0.458513 0.00104809
0 0.457839 0.425108 0.495097 0.764009 0.00104427
1 0.450647 0.5 0.901293 1 0.00103664
2 0.70722 0.231681 0.58556 0.463362 0.00103188
0 0.132705 0.437231 0.265409 0.874461 0.00102806
1 0.619397 0.628772 0.209483 0.262931 0.832031
1 0.204795 0.384833 0.090194 0.249731 0.629883
1 0.621821 0.551724 0.204634 0.265086 0.398926
1 0.191056 0.396013 0.122198 0.248922 0.30249
1 0.863793 0.592134 0.0620689 0.0915949 0.0201721
1 0.874138 0.590517 0.0568966 0.0862069 0.0192719
1 0.213039 0.359375 0.0782328 0.231681 0.0138474
0 0.874138 0.590517 0.0568966 0.0862069 0.00993347
2 0.863793 0.592134 0.0620689 0.0915949 0.00971222
1 0.572198 0.478987 0.0905172 0.116379 0.00937653
0 0.863793 0.592134 0.0620689 0.0915949 0.00891876
1 0.144989 0.420393 0.222091 0.284213 0.00844574
1 0.751293 0.59375 0.0840517 0.144397 0.00605011
2 0.874138 0.590517 0.0568966 0.0862069 0.00498199
2 0.190086 0.398572 0.129957 0.245959 0.0049057
1 0.808836 0.592134 0.169397 0.128233 0.00416565
0 0.190733 0.395339 0.117672 0.252425 0.00390053
1 0.880603 0.559267 0.075 0.153017 0.00253105
1 0.199946 0.360453 0.124461 0.246767 0.00251198
1 0.584483 0.503233 0.144828 0.168103 0.00233269
0 0.871552 0.566272 0.0775862 0.149784 0.00233269
1 0.62861 0.627694 0.224677 0.53125 0.00232315
1 0.575754 0.681034 0.137715 0.315733 0.00225258
0 0.144989 0.420393 0.222091 0.284213 0.00138855
1 0.88319 0.572198 0.12931 0.251078 0.00134563
1 0.729957 0.33028 0.0581897 0.167026 0.00124931
1 0.458405 0.657328 0.164224 0.174569 0.00118828
2 0.871552 0.566272 0.0775862 0.149784 0.00116539
1 0.757759 0.294989 0.108621 0.170797 0.00116062
2 0.144989 0.420393 0.222091 0.284213 0.00116062
1 0.166649 0.393319 0.197522 0.253233 0.00110722
1 0.132058 0.612069 0.264116 0.775862 0.00109005
0 0.404741 0.114494 0.184914 0.162177 0.00102425
1 0.870259 0.501616 0.0801724 0.145474 0.00102425
1 0.617457 0.635776 0.214655 0.271552 0.912598
1 0.22403 0.390086 0.0653017 0.233836 0.749023
1 0.201724 0.399246 0.103448 0.233836 0.729492
1 0.188147 0.417565 0.116379 0.205819 0.196167
1 0.875431 0.596444 0.0413793 0.0592672 0.130737
1 0.744828 0.609914 0.0982759 0.178879 0.0957031
1 0.555388 0.647629 0.0918104 0.265086 0.0907593
1 0.865086 0.60291 0.0336206 0.0969828 0.0562439
1 0.865086 0.590517 0.0465517 0.0775862 0.0319824
0 0.18944 0.706897 0.0627155 0.109914 0.0197144
1 0.632328 0.277748 0.193966 0.179418 0.0125275
0 0.206088 0.707974 0.0617457 0.115302 0.0124817
1 0.976293 0.044181 0.0439655 0.0883621 0.0119629
1 0.765517 0.602371 0.124138 0.125 0.00926971
1 0.486853 0.792026 0.0724138 0.116379 0.00912476
2 0.865086 0.60291 0.0336206 0.0969828 0.00905609
1 0.731897 0.327586 0.0413793 0.168103 0.0088501
0 0.875431 0.596444 0.0413793 0.0592672 0.0085144
2 0.875431 0.596444 0.0413793 0.0592672 0.0085144
0 0.632328 0.277748 0.193966 0.179418 0.00844574
1 0.881897 0.403017 0.0362069 0.0625 0.00746155
1 0.597414 0.297144 0.266379 0.27209 0.00706482
1 0.565086 0.527478 0.0956896 0.198276 0.00695801
0 0.408621 0.121296 0.0775862 0.133486 0.0068512
1 0.15097 0.40625 0.177802 0.260776 0.00653839
1 0.418319 0.134092 0.0969827 0.116514 0.00614548
0 0.0953664 0.5625 0.0488147 0.142241 0.00612259
1 0.755819 0.331897 0.0633621 0.179957 0.00591278
2 0.865086 0.590517 0.0465517 0.0775862 0.00572968
2 0.175539 0.404634 0.125431 0.220905 0.00561905
1 0.561207 0.595905 0.107328 0.3125 0.00561905
0 0.418319 0.134092 0.0969827 0.116514 0.00559998
1 0.0657058 0.461746 0.0350754 0.0969828 0.00534439
1 0.760991 0.627155 0.111207 0.134698 0.00482941
1 0.00404095 0.877155 0.0080819 0.24569 0.00431442
1 0.225162 0.391164 0.0992457 0.241379 0.00413513
1 0.514655 0.752694 0.0730603 0.221983 0.0041008
1 0.408621 0.121296 0.0775862 0.133486 0.00408554
1 0.539224 0.676724 0.075 0.375 0.00403976
0 0.0657058 0.461746 0.0350754 0.0969828 0.00392914
2 0.632328 0.277748 0.193966 0.179418 0.00351143
0 0.865086 0.590517 0.0465517 0.0775862 0.00349617
1 0.295474 0.327856 0.062069 0.105065 0.00340271
1 0.661422 0.318966 0.146121 0.165948 0.00316048
1 0.602586 0.608836 0.178448 0.355603 0.003088
0 0.39569 0.306304 0.0452586 0.113685 0.00307465
0 0.583836 0.269935 0.165517 0.179957 0.00298119
1 0.848276 0.403556 0.0685345 0.0883621 0.00286674
0 0.427371 0.140086 0.121552 0.133621 0.00277901
1 0.740948 0.355065 0.0866379 0.239224 0.0026722
1 0.617942 0.634698 0.209806 0.271552 0.697754
1 0.221121 0.391029 0.069181 0.217942 0.602051
1 0.863793 0.596983 0.0413794 0.0775862 0.042572
1 0.872845 0.603448 0.0413794 0.0625 0.0281067
0 0.863793 0.596983 0.0413794 0.0775862 0.0144501
1 0.181519 0.400727 0.123168 0.207166 0.0118713
2 0.863793 0.596983 0.0413794 0.0775862 0.0116882
2 0.181519 0.400727 0.123168 0.207166 0.0086441
2 0.872845 0.603448 0.0413794 0.0625 0.0078125
1 0.210453 0.390625 0.106034 0.224138 0.00775528
1 0.743535 0.606142 0.0931035 0.189655 0.00760651
1 0.561853 0.484375 0.0633621 0.0797414 0.00658798
0 0.872845 0.603448 0.0413794 0.0625 0.00534439
1 0.868966 0.587823 0.049138 0.101293 0.00400543
1 0.234052 0.386315 0.0769397 0.228448 0.00261116
2 0.868966 0.587823 0.049138 0.101293 0.00252151
0 0.192026 0.686961 0.05625 0.09375 0.00243378
0 0.21611 0.39278 0.0740302 0.220905 0.00223351
2 0.620043 0.633082 0.195259 0.268319 0.00189686
1 0.793966 0.591056 0.155172 0.115302 0.00183105
1 0.973707 0.0352909 0.0284482 0.0705819 0.00182438
2 0.0688578 0.476293 0.031681 0.0926724 0.00164223
2 0.22597 0.40194 0.0614224 0.196121 0.00147247
1 0.329741 0.361261 0.159052 0.212823 0.00143242
1 0.974353 0.0385911 0.0349138 0.0771821 0.00141621
1 0.363039 0.387931 0.247629 0.28556 0.00113392
0 0.1875 0.695582 0.0856681 0.148707 0.00113392
1 0.565733 0.606681 0.115086 0.273707 0.0011034
2 0.215625 0.389952 0.0788793 0.220097 0.00103188
1 0.21805 0.379176 0.0707974 0.245959 0.779785
1 0.616164 0.64278 0.210776 0.255388 0.757812
0 0.2132 0.380388 0.0753233 0.253233 0.0254669
2 0.215625 0.387931 0.0814655 0.266164 0.0184784
1 0.209644 0.378367 0.0947198 0.269127 0.0175781
1 0.876078 0.596983 0.0400862 0.0689655 0.0151291
1 0.861207 0.596444 0.062069 0.0915948 0.0115051
1 0.554741 0.487069 0.0943965 0.103448 0.0100937
1 0.550539 0.52694 0.145474 0.197198 0.00568771
0 0.397629 0.211207 0.236638 0.372845 0.00518036
2 0.861207 0.596444 0.062069 0.0915948 0.00344276
0 0.876078 0.596983 0.0400862 0.0689655 0.00312424
2 0.876078 0.596983 0.0400862 0.0689655 0.00279999
2 0.429957 0.949892 0.587069 0.100216 0.00277901
2 0.176185 0.386315 0.142888 0.274784 0.00253105
0 0.861207 0.596444 0.062069 0.0915948 0.00247192
0 0.374919 0.124529 0.279472 0.219693 0.0024147
0 0.398922 0.119343 0.224353 0.183728 0.0024147
0 0.387931 0.278287 0.252155 0.252694 0.00240517
2 0.617942 0.63847 0.209806 0.259698 0.00231361
1 0.784914 0.597522 0.183621 0.182112 0.00230598
1 0.749353 0.614224 0.121552 0.224138 0.00191879
2 0.735022 0.932112 0.529957 0.135776 0.00161076
0 0.404741 0.106277 0.263147 0.212554 0.00156689
2 0.175216 0.570043 0.350431 0.859914 0.00156116
1 0.858513 0.321659 0.282974 0.272629 0.00153637
2 0.554741 0.487069 0.0943965 0.103448 0.00152493
1 0.336934 0.375135 0.244235 0.260506 0.00145531
0 0.429957 0.949892 0.587069 0.100216 0.00141048
2 0.237284 0.5 0.474569 1 0.00122547
1 0.854957 0.292295 0.290086 0.390625 0.0012064
0 0.359564 0.106412 0.378718 0.212823 0.00115585
1 0.379445 0.380388 0.318265 0.295259 0.00113773
2 0.301859 0.954741 0.588524 0.0905173 0.00108147
1 0.744828 0.603987 0.103448 0.179957 0.00107288
1 0.176185 0.386315 0.142888 0.274784 0.00102806
1 0.223707 0.381466 0.0672414 0.227371 0.820801
1 0.619235 0.635237 0.204634 0.275862 0.749023
2 0.789655 0.805496 0.42069 0.389009 0.0279083
0 0.215625 0.391703 0.0730603 0.242457 0.00566483
0 0.447414 0.126616 0.109267 0.126078 0.00518036
1 0.744828 0.594828 0.0982759 0.204741 0.00453949
0 0.434483 0.123922 0.129957 0.146552 0.00426483
1 0.730603 0.328664 0.0258621 0.15194 0.00379562
1 0.789655 0.805496 0.42069 0.389009 0.00322342
1 0.876724 0.592134 0.0439654 0.0818965 0.00305176
0 0.0693427 0.46444 0.0326509 0.0991379 0.00296974
1 0.0693427 0.46444 0.0326509 0.0991379 0.00245285
0 0.422845 0.108904 0.157112 0.18952 0.00234222
1 0.213685 0.368535 0.0814655 0.240302 0.00229645
2 0.844612 0.779095 0.310776 0.44181 0.00226974
1 0.753879 0.338901 0.0594828 0.171336 0.0020504
0 0.789655 0.805496 0.42069 0.389009 0.00203514
0 0.411207 0.142511 0.181034 0.221983 0.00199509
2 0.0693427 0.46444 0.0326509 0.0991379 0.00195694
0 0.876724 0.592134 0.0439654 0.0818965 0.00193405
1 0.86444 0.587285 0.0517241 0.103448 0.00174141
1 0.378798 0.475081 0.390679 0.261045 0.00163555
2 0.0186692 0.275323 0.0373384 0.102371 0.00151253
1 0.975 0.0373114 0.0232759 0.0746228 0.00150108
2 0.899569 0.804957 0.200862 0.390086 0.00146103
0 0.86444 0.587285 0.0517241 0.103448 0.00143814
2 0.686692 0.828664 0.626616 0.342672 0.00138283
1 0.237608 0.383486 0.0672414 0.222252 0.00137234
0 0.0168912 0.823007 0.0337823 0.353987 0.00130939
1 0.842457 0.342134 0.24181 0.252155 0.0012598
1 0.863147 0.579203 0.120259 0.134698 0.00121593
1 0.180388 0.427667 0.0924569 0.181304 0.00116539
2 0.585614 0.716056 0.584806 0.567888 0.00113773
0 0.224353 0.382678 0.062069 0.202317 0.00113392
1 0.815302 0.348599 0.201724 0.219828 0.00112915
1 0.341703 0.56452 0.48556 0.422683 0.00105286
2 0.0156789 0.784483 0.0313578 0.431035 0.00104809
0 0.677748 0.706897 0.540194 0.586207 0.00103188
1 0.614386 0.635776 0.214332 0.280172 0.882324
1 0.215302 0.38416 0.0814655 0.253233 0.866211
2 0.211422 0.397495 0.0775862 0.25889 0.0236511
1 0.745474 0.610453 0.0982759 0.235991 0.0223694
1 0.863793 0.591595 0.0478448 0.0883621 0.0190582
0 0.0994073 0.552263 0.0517241 0.184267 0.0184021
0 0.863793 0.591595 0.0478448 0.0883621 0.0119171
1 0.872845 0.592672 0.0439655 0.0775862 0.00985718
2 0.863793 0.591595 0.0478448 0.0883621 0.00971222
0 0.214655 0.385911 0.0788793 0.258351 0.00572968
0 0.872845 0.592672 0.0439655 0.0775862 0.00572968
1 0.865086 0.596444 0.0336206 0.104526 0.00530243
0 0.193319 0.672414 0.0556035 0.0948276 0.0037365
2 0.872845 0.592672 0.0439655 0.0775862 0.00324821
2 0.188793 0.394935 0.118966 0.268319 0.00309944
0 0.427694 0.120622 0.140302 0.157462 0.0029583
1 0.56347 0.627694 0.109267 0.301724 0.0024929
1 0.188793 0.394935 0.118966 0.268319 0.00235939
0 0.347522 0.590517 0.0471983 0.0829742 0.00216484
0 0.203825 0.677802 0.0753233 0.12069 0.00203514
1 0.774569 0.592134 0.12931 0.157328 0.00196457
2 0.865086 0.596444 0.0336206 0.104526 0.00183105
1 0.605011 0.575431 0.212392 0.428879 0.00157356
2 0.427694 0.120622 0.140302 0.157462 0.00156116
0 0.0759698 0.476293 0.0459052 0.114224 0.00151253
0 0.103165 0.585129 0.0626347 0.234914 0.00142097
0 0.192187 0.628772 0.0594827 0.0894396 0.00138855
0 0.193642 0.685345 0.0717672 0.146552 0.00137806
2 0.437716 0.126347 0.128017 0.12069 0.00137234
0 0.0808998 0.52694 0.0538254 0.193966 0.00137234
1 0.568965 0.521013 0.0995689 0.196121 0.00130463
0 0.210938 0.677802 0.0966595 0.165948 0.00126457
1 0.761638 0.601832 0.118965 0.207974 0.00124454
2 0.0994073 0.552263 0.0517241 0.184267 0.00123978
0 0.411207 0.190261 0.175862 0.306977 0.0012207
2 0.61681 0.635776 0.212069 0.28556 0.00118351
2 0.514009 0.257004 0.0452586 0.118534 0.0011425
1 0.973707 0.0385237 0.025862 0.0770474 0.0011158
1 0.722198 0.618534 0.0620689 0.247845 0.00110722
1 0.0759698 0.476293 0.0459052 0.114224 0.00105667
0 0.35625 0.679957 0.0439655 0.0474138 0.00103188
1 0.604526 0.598599 0.179741 0.345905 0.00101662
1 0.582058 0.637931 0.154849 0.262931 0.00101185
1 0.219181 0.387392 0.0743534 0.246767 0.811523
1 0.618265 0.632543 0.206573 0.271552 0.753418
0 0.095326 0.535022 0.0673222 0.229526 0.331055
0 0.216272 0.3816 0.080819 0.249731 0.0264587
0 0.0987608 0.552802 0.0850215 0.297414 0.0174408
2 0.211907 0.380927 0.0662715 0.240302 0.0152512
1 0.749353 0.603448 0.106034 0.243534 0.0138474
0 0.0856681 0.5 0.0594828 0.168103 0.0102463
0 0.863793 0.590517 0.0517241 0.0818965 0.00978088
2 0.095326 0.535022 0.0673222 0.229526 0.00941467
0 0.876078 0.59375 0.0439655 0.0711207 0.00793457
2 0.190409 0.393858 0.11444 0.256466 0.00723267
1 0.876078 0.59375 0.0439655 0.0711207 0.00619125
2 0.863793 0.590517 0.0517241 0.0818965 0.00559998
1 0.863793 0.590517 0.0517241 0.0818965 0.00547028
0 0.206735 0.682112 0.0979526 0.170259 0.00534439
2 0.0922953 0.503098 0.0992457 0.323545 0.0046463
2 0.876078 0.59375 0.0439655 0.0711207 0.00446701
1 0.734483 0.337285 0.0310345 0.173491 0.00426483
0 0.0922953 0.503098 0.0992457 0.323545 0.00400543
0 0.20528 0.684267 0.0762931 0.132543 0.00397491
2 0.0856681 0.5 0.0594828 0.168103 0.00288963
2 0.868966 0.582974 0.0310346 0.0862069 0.00264168
2 0.618103 0.633621 0.209483 0.271552 0.00255013
0 0.118279 0.584052 0.0918912 0.161638 0.00255013
1 0.760345 0.351832 0.0788793 0.206897 0.00250244
0 0.194612 0.676724 0.0685345 0.118534 0.00239754
1 0.190409 0.393858 0.11444 0.256466 0.00231361
1 0.289655 0.366245 0.0982759 0.2632 0.00224304
1 0.740948 0.347522 0.0543103 0.202586 0.00223351
1 0.565086 0.521552 0.0969828 0.185345 0.0020752
1 0.095326 0.535022 0.0673222 0.229526 0.00183105
1 0.868966 0.582974 0.0310346 0.0862069 0.00162315
1 0.780388 0.594828 0.144828 0.170259 0.00141621
0 0.345582 0.591595 0.0601293 0.09375 0.00137806
0 0.427694 0.125 0.143534 0.186422 0.00135612
0 0.087931 0.592672 0.0775862 0.237069 0.00134087
0 0.202532 0.454203 0.0759698 0.203664 0.00129414
1 0.805603 0.340517 0.175862 0.248922 0.00117874
0 0.146444 0.641164 0.0872845 0.153017 0.00109482
0 0.190894 0.630927 0.0646552 0.0915948 0.00104809
1 0.222737 0.387931 0.0711207 0.230603 0.779785
1 0.614871 0.639009 0.213362 0.24569 0.760742
1 0.869612 0.59375 0.0362068 0.0862069 0.0107803
1 0.875431 0.589978 0.0387931 0.0646552 0.00818634
2 0.869612 0.59375 0.0362068 0.0862069 0.00818634
1 0.575754 0.639009 0.133836 0.237069 0.00695801
2 0.615679 0.633621 0.211746 0.243534 0.0068779
0 0.433836 0.116447 0.134483 0.137796 0.00664139
0 0.095528 0.573276 0.0442888 0.125 0.00553513
0 0.21708 0.382004 0.078556 0.240302 0.00475693
0 0.0934267 0.522629 0.0510776 0.163793 0.00418091
2 0.221444 0.377155 0.0640086 0.241379 0.00385475
0 0.865086 0.58944 0.0439655 0.075431 0.00372124
0 0.875431 0.589978 0.0387931 0.0646552 0.00370789
2 0.875431 0.589978 0.0387931 0.0646552 0.00237846
2 0.187338 0.391703 0.107004 0.244612 0.00230598
2 0.074111 0.463362 0.0337823 0.101293 0.00223351
0 0.208351 0.693965 0.0940733 0.122845 0.00198746
0 0.074111 0.463362 0.0337823 0.101293 0.00177479
0 0.195259 0.68319 0.0546336 0.103448 0.0017271
1 0.976293 0.028556 0.0232759 0.0571121 0.00160408
0 0.208998 0.69181 0.0672414 0.122845 0.00145531
2 0.09375 0.473599 0.0662716 0.115302 0.00115585
1 0.731897 0.327856 0.0271552 0.151401 0.00111198
1 0.214009 0.368535 0.0853448 0.24569 0.00109863
0 0.09375 0.473599 0.0662716 0.115302 0.00104809
1 0.221121 0.383755 0.0717672 0.217403 0.851074
1 0.618103 0.639009 0.209483 0.255388 0.694336
1 0.537284 0.639009 0.0594828 0.234914 0.0195618
1 0.563793 0.485453 0.0737069 0.105603 0.00837708
1 0.874138 0.581358 0.0465517 0.0840517 0.00415039
1 0.865086 0.580819 0.0439655 0.0905172 0.00353813
1 0.757759 0.353179 0.0685345 0.206358 0.00307465
1 0.739655 0.345366 0.0491379 0.190733 0.00302696
1 0.735776 0.333513 0.0336207 0.167026 0.00286674
1 0.58319 0.521552 0.122845 0.168103 0.00228691
1 0.977586 0.0347522 0.0297414 0.0695043 0.00199509
0 0.865086 0.580819 0.0439655 0.0905172 0.00195694
1 0.884483 0.405711 0.0387931 0.0872844 0.00189686
1 0.160506 0.393858 0.0568966 0.197198 0.00181007
0 0.0921336 0.544181 0.05625 0.221983 0.00157356
1 0.557974 0.505388 0.0956896 0.150862 0.00151253
1 0.859806 0.29472 0.280388 0.338362 0.00142097
1 0.977586 0.028556 0.0258621 0.0571121 0.00139904
1 0.0735453 0.467672 0.0345905 0.125 0.00138855
0 0.874138 0.581358 0.0465517 0.0840517 0.00134563
1 0.834698 0.321929 0.226293 0.26778 0.00126934
1 0.828233 0.400323 0.104741 0.113147 0.0012064
2 0.160506 0.393858 0.0568966 0.197198 0.00120163
1 0.514655 0.262392 0.0413793 0.118534 0.00119209
1 0.221929 0.389143 0.0792026 0.234644 0.856934
1 0.619558 0.639547 0.216918 0.266164 0.796875
1 0.870259 0.58944 0.0400862 0.0905172 0.0110703
1 0.235668 0.386853 0.0769397 0.233836 0.0107346
0 0.874138 0.59375 0.0413794 0.0797414 0.0104065
0 0.865086 0.592134 0.0452586 0.0883621 0.00521851
2 0.870259 0.58944 0.0400862 0.0905172 0.00510025
2 0.220151 0.385911 0.0769397 0.251886 0.00287819
0 0.199138 0.695043 0.0659483 0.131465 0.00185299
1 0.276158 0.349946 0.105873 0.167565 0.00171375
2 0.618265 0.634698 0.216918 0.278017 0.00164223
1 0.181681 0.398707 0.107974 0.224138 0.00148964
2 0.181681 0.398707 0.107974 0.224138 0.00148392
0 0.877371 0.56681 0.0375 0.112069 0.00145531
0 0.195905 0.680496 0.0536638 0.122845 0.00130463
1 0.210614 0.37069 0.097306 0.251078 0.0011692
0 0.215948 0.392107 0.0795259 0.230873 0.00115108
0 0.193157 0.632543 0.0533405 0.0883621 0.0011034
1 0.565733 0.641703 0.113793 0.25 0.00104046
1 0.212877 0.385776 0.0830819 0.25 0.803223
1 0.614871 0.637931 0.199138 0.257543 0.640625
2 0.190733 0.393454 0.120259 0.258351 0.00293541
0 0.0985991 0.546336 0.0549569 0.204741 0.00284576
2 0.874784 0.586207 0.0439655 0.0797414 0.00256157
1 0.874784 0.586207 0.0439655 0.0797414 0.00242424
0 0.874784 0.586207 0.0439655 0.0797414 0.00209999
1 0.190733 0.393454 0.120259 0.258351 0.00200272
2 0.616164 0.633082 0.201724 0.272629 0.00161648
2 0.865733 0.586207 0.0439654 0.0894396 0.00119209
1 0.216595 0.386315 0.0788793 0.230603 0.81543
1 0.616972 0.630927 0.209159 0.272629 0.806641
0 0.213524 0.382543 0.0753233 0.240302 0.00837708
2 0.213524 0.382543 0.0753233 0.240302 0.00609589
2 0.616164 0.634698 0.213362 0.269397 0.00188255
0 0.616972 0.626078 0.214332 0.278017 0.00183105
1 0.214978 0.382678 0.0834052 0.223869 0.835449
1 0.619235 0.62931 0.20722 0.258621 0.756348
0 0.865086 0.581358 0.0465517 0.0915948 0.00787354
0 0.872198 0.584591 0.0478448 0.0818966 0.00441742
2 0.876078 0.588362 0.0362068 0.0732758 0.00413513
2 0.865086 0.581358 0.0465517 0.0915948 0.00363541
0 0.213039 0.385911 0.0840517 0.228179 0.00195694
1 0.872198 0.584591 0.0478448 0.0818966 0.00187492
2 0.872198 0.584591 0.0478448 0.0818966 0.00176144
1 0.865086 0.581358 0.0465517 0.0915948 0.00173378
1 0.876078 0.588362 0.0362068 0.0732758 0.0016489
2 0.214009 0.383621 0.080819 0.226293 0.00123978
1 0.742241 0.592672 0.0905172 0.189655 0.00101662
1 0.21708 0.384698 0.0811422 0.231681 0.786621
1 0.616972 0.634698 0.209159 0.262931 0.785156
0 0.863793 0.584052 0.0439655 0.0872845 0.00898743
2 0.871552 0.588362 0.0362069 0.0894397 0.00570679
0 0.874138 0.587285 0.0439655 0.0775862 0.00502014
2 0.863793 0.584052 0.0439655 0.0872845 0.00273705
1 0.975 0.0348869 0.025862 0.0697737 0.00219917
1 0.863793 0.584052 0.0439655 0.0872845 0.00217438
1 0.874138 0.587285 0.0439655 0.0775862 0.00211525
1 0.743535 0.600216 0.0943965 0.212284 0.00154305
0 0.214978 0.382543 0.0814655 0.238147 0.00146103
1 0.214655 0.384159 0.0788793 0.237069 0.812988
1 0.615356 0.628233 0.209806 0.271552 0.777344
0 0.213039 0.382004 0.0769397 0.240302 0.00579834
2 0.213039 0.382004 0.0769397 0.240302 0.00257111
2 0.616164 0.633621 0.210776 0.275862 0.00143242
0 0.618103 0.634698 0.210776 0.262931 0.00108147
1 0.217565 0.386988 0.0737069 0.217403 0.79834
1 0.618103 0.626616 0.203017 0.268319 0.785156
0 0.214978 0.382004 0.0743534 0.226293 0.00134087
2 0.21417 0.389009 0.0746767 0.235991 0.00105286
1 0.217565 0.387931 0.0814655 0.228448 0.824219
1 0.618103 0.632004 0.205603 0.255388 0.795898
0 0.215787 0.384698 0.0798491 0.228448 0.00185299
2 0.21805 0.382543 0.0804957 0.238147 0.00117874
1 0.21708 0.385911 0.0811422 0.226024 0.799316
1 0.61875 0.632004 0.20431 0.264009 0.778809
0 0.215787 0.384833 0.078556 0.232489 0.00195694
1 0.216918 0.385911 0.080819 0.226024 0.799316
1 0.61875 0.632004 0.20431 0.264009 0.779785
0 0.215787 0.384833 0.078556 0.232489 0.00194931
