1 0.399003 0.27694 0.306304 0.344828 0.5
1 0.501724 0.286369 0.129957 0.268858 0.0600891
1 0.10761 0.866379 0.0770205 0.116379 0.0564575
1 0.719612 0.348599 0.362069 0.466595 0.0538025
1 0.889655 0.415814 0.0543103 0.237338 0.0333252
1 0.80431 0.34806 0.191379 0.311422 0.0319824
2 0.399569 0.276401 0.304526 0.355603 0.0288696
2 0.10761 0.866379 0.0770205 0.116379 0.0269623
0 0.404741 0.268252 0.284483 0.374057 0.0257568
1 0.309698 0.273976 0.109914 0.322737 0.0189819
0 0.10761 0.866379 0.0770205 0.116379 0.0173798
1 0.131573 0.849677 0.0646552 0.128233 0.0158386
1 0.797198 0.340787 0.256034 0.504849 0.0151901
0 0.721713 0.365302 0.359159 0.420259 0.014389
1 0.374353 0.292026 0.227586 0.303879 0.0126724
2 0.112177 0.866379 0.0303879 0.0862069 0.00963593
1 0.0840921 0.877694 0.123411 0.117457 0.0088501
1 0.12236 0.863146 0.0850215 0.12931 0.00878143
0 0.112177 0.866379 0.0303879 0.0862069 0.00871277
1 0.838578 0.420124 0.140948 0.194235 0.00828552
2 0.721713 0.365302 0.359159 0.420259 0.00818634
1 0.932328 0.425647 0.13319 0.405172 0.00806427
2 0.0840921 0.877694 0.123411 0.117457 0.00723267
1 0.531142 0.270474 0.0885776 0.270474 0.00544739
1 0.287069 0.274784 0.069181 0.303879 0.00542831
0 0.12236 0.850215 0.0876078 0.131466 0.00534439
2 0.12236 0.863146 0.0850215 0.12931 0.00530243
2 0.801724 0.35291 0.190086 0.341595 0.00526047
0 0.78944 0.37702 0.223707 0.472252 0.00524139
1 0.333944 0.282058 0.158405 0.307651 0.00518036
1 0.539547 0.273707 0.118319 0.300647 0.00488663
1 0.628287 0.28583 0.56153 0.48653 0.00448608
1 0.464871 0.282328 0.3375 0.336207 0.00388527
2 0.670474 0.292026 0.306465 0.340517 0.00383949
2 0.131573 0.849677 0.0646552 0.128233 0.0037365
1 0.112177 0.866379 0.0303879 0.0862069 0.00362206
0 0.464871 0.282328 0.3375 0.336207 0.00348282
2 0.330307 0.313039 0.606627 0.626078 0.00333786
1 0.670474 0.292026 0.306465 0.340517 0.00332451
1 0.0432381 0.249461 0.0686961 0.0700431 0.00329781
2 0.464871 0.282328 0.3375 0.336207 0.00329781
1 0.813362 0.302532 0.318103 0.302263 0.00329781
2 0.78944 0.37702 0.223707 0.472252 0.00328636
2 0.882759 0.11153 0.234483 0.22306 0.00324821
1 0.800431 0.111261 0.323276 0.222522 0.00323486
1 0.5 0.5 1 1 0.00322342
0 0.800431 0.111261 0.323276 0.222522 0.00314713
2 0.5 0.5 1 1 0.00314713
2 0.5 0.5 1 1 0.00314713
1 0.885776 0.387796 0.113793 0.409752 0.00312424
1 0.401509 0.287715 0.289655 0.385776 0.57666
1 0.119289 0.859914 0.0779095 0.122845 0.0108185
2 0.400216 0.289332 0.294828 0.363147 0.00919342
0 0.401509 0.287715 0.289655 0.385776 0.00731659
2 0.119289 0.859914 0.0779095 0.122845 0.00221634
2 0.458405 0.5 0.91681 1 0.00191879
1 0.458405 0.5 0.91681 1 0.00187492
0 0.458405 0.5 0.91681 1 0.00178242
2 0.476509 0.607759 0.953017 0.784483 0.00171375
0 0.476509 0.607759 0.953017 0.784483 0.00168133
1 0.476509 0.607759 0.953017 0.784483 0.00161076
0 0.425108 0.5 0.850216 1 0.00157356
1 0.436988 0.284483 0.388093 0.489224 0.00150108
2 0.5 0.5 1 1 0.0014782
1 0.928017 0.43548 0.143966 0.445851 0.00146675
1 0.114278 0.857759 0.228556 0.284483 0.00146103
2 0.5 0.62931 1 0.741379 0.00146103
2 0.425108 0.5 0.850216 1 0.00144386
1 0.474246 0.249192 0.497198 0.498384 0.00141621
2 0.5 0.5 1 1 0.00140476
0 0.382031 0.242457 0.335075 0.484914 0.00136185
1 0.5 0.62931 1 0.741379 0.00136185
1 0.425108 0.5 0.850216 1 0.00135136
2 0.516164 0.765356 0.967672 0.469289 0.00131512
0 0.5 0.546606 1 0.906789 0.0012846
0 0.5 0.5 1 1 0.00127411
1 0.5 0.5 1 1 0.00125504
1 0.618966 0.257004 0.762069 0.514009 0.00121117
2 0.5 0.5 1 1 0.0012064
1 0.5 0.5 1 1 0.00119209
1 0.516164 0.765356 0.967672 0.469289 0.00117874
0 0.516164 0.765356 0.967672 0.469289 0.0011692
0 0.5 0.5 1 1 0.00116539
2 0.5 0.449353 1 0.898707 0.00115585
0 0.119289 0.859914 0.0779095 0.122845 0.0011425
0 0.5 0.449353 1 0.898707 0.00111198
2 0.5 0.5 1 1 0.00109863
0 0.5 0.393319 1 0.786638 0.00109482
1 0.5 0.5 1 1 0.00106049
0 0.713524 0.648707 0.572953 0.702586 0.00105667
0 0.5 0.5 1 1 0.00104809
0 0.474246 0.249192 0.497198 0.498384 0.00104427
2 0.5 0.5 1 1 0.00104046
1 0.809052 0.5 0.381897 1 0.00102806
2 0.5 0.393319 1 0.786638 0.00102806
1 0.5 0.449353 1 0.898707 0.00102425
0 0.643534 0.399785 0.712931 0.799569 0.00101185
1 0.401509 0.271013 0.266379 0.340517 0.908691
1 0.387608 0.306035 0.239871 0.262931 0.202393
1 0.345259 0.32166 0.15 0.225216 0.0159607
1 0.933836 0.341864 0.132328 0.564116 0.00948334
2 0.406681 0.272091 0.276724 0.358836 0.00806427
1 0.935129 0.407328 0.129741 0.366379 0.00740433
1 0.718966 0.841595 0.0724138 0.0969828 0.00524139
1 0.0957301 0.857759 0.0988416 0.114224 0.00323486
1 0.75194 0.373922 0.0801724 0.113147 0.00294685
1 0.0276401 0.248922 0.0471983 0.0872845 0.00277901
1 0.768103 0.852909 0.0853448 0.0775863 0.00243378
1 0.709914 0.835668 0.0517241 0.0948276 0.00217438
1 0.0813039 0.869612 0.123168 0.116379 0.00210762
2 0.0276401 0.248922 0.0471983 0.0872845 0.00201035
2 0.508836 0.959052 0.810776 0.0818966 0.00155449
2 0.144989 0.195582 0.0400862 0.0840517 0.00153065
1 0.772629 0.321121 0.135776 0.196121 0.00152493
0 0.402155 0.286907 0.267672 0.309806 0.00150681
2 0.0957301 0.857759 0.0988416 0.114224 0.00137806
1 0.792672 0.364089 0.152586 0.148976 0.00131989
0 0.0276401 0.248922 0.0471983 0.0872845 0.00129986
2 0.390517 0.920259 0.768103 0.159483 0.00126934
2 0.569504 0.948276 0.860991 0.103448 0.00123501
1 0.782974 0.851293 0.0918103 0.0797414 0.00117874
2 0.0813039 0.869612 0.123168 0.116379 0.0011425
1 0.129634 0.841056 0.0536638 0.109914 0.00112438
2 0.0630388 0.875 0.117672 0.114224 0.00108624
1 0.748707 0.264817 0.111207 0.134698 0.00104809
1 0.792672 0.832974 0.0969827 0.0905172 0.00104809
0 0.922198 0.335129 0.155604 0.670259 0.00104427
2 0.604095 0.927802 0.79181 0.144397 0.00103664
1 0.362392 0.275593 0.195905 0.324892 0.00102043
1 0.401185 0.286638 0.267026 0.340517 0.89502
1 0.105711 0.860453 0.062069 0.0894396 0.174438
1 0.713793 0.846983 0.0465517 0.0775862 0.14856
1 0.734483 0.388874 0.0362069 0.0649246 0.14563
1 0.13125 0.84375 0.0491379 0.109914 0.0888062
1 0.761638 0.397629 0.0775862 0.0668104 0.0863037
1 0.0237608 0.881465 0.0475216 0.0603448 0.083313
1 0.705388 0.856681 0.0465518 0.0775863 0.0750122
1 0.0273168 0.24542 0.0439655 0.0641164 0.0630493
1 0.89806 0.40625 0.0659483 0.251078 0.0621033
1 0.905172 0.409483 0.0827586 0.292026 0.0541992
1 0.107004 0.871228 0.0788793 0.113147 0.0349426
1 0.924569 0.664871 0.0336206 0.0581897 0.0317383
1 0.766164 0.3618 0.270259 0.283944 0.0305634
1 0.0591595 0.881465 0.0795259 0.0668104 0.0302124
1 0.777802 0.338362 0.130603 0.167026 0.0285492
1 0.850862 0.801724 0.0439655 0.0603449 0.0284424
0 0.0273168 0.24542 0.0439655 0.0641164 0.0281067
1 0.122522 0.852371 0.0672414 0.117457 0.0269623
1 0.752586 0.372306 0.336207 0.341595 0.0263062
1 0.363039 0.280442 0.203664 0.331358 0.0259552
1 0.878017 0.788254 0.0413793 0.0668104 0.0250854
1 0.0454203 0.24542 0.0449353 0.0554957 0.0196381
1 0.302909 0.287446 0.0821121 0.315194 0.0190582
1 0.678879 0.195043 0.0336207 0.0668104 0.0187683
1 0.0407732 0.875539 0.0815463 0.128233 0.0166626
1 0.748707 0.865302 0.116379 0.0991379 0.0154266
0 0.924569 0.664871 0.0336206 0.0581897 0.0153046
1 0.432543 0.798491 0.0362069 0.0646552 0.0126266
1 0.808836 0.829741 0.0362069 0.0635776 0.0120544
1 0.932543 0.429957 0.134914 0.321121 0.0114212
2 0.705388 0.856681 0.0465518 0.0775863 0.0109863
0 0.0454203 0.24542 0.0449353 0.0554957 0.0108185
1 0.807543 0.390625 0.162931 0.164871 0.00978088
1 0.759698 0.859914 0.0478448 0.0528018 0.00941467
1 0.746121 0.285022 0.0892242 0.121767 0.00772476
1 0.778448 0.297414 0.147414 0.123922 0.00746155
2 0.924569 0.664871 0.0336206 0.0581897 0.00728989
1 0.800431 0.356142 0.179741 0.217672 0.00723267
2 0.0273168 0.24542 0.0439655 0.0641164 0.00712204
1 0.706034 0.835129 0.0543104 0.0905172 0.00712204
1 0.812715 0.391298 0.162931 0.271282 0.00629044
0 0.0914871 0.345366 0.0417026 0.0711207 0.00614548
1 0.831465 0.46444 0.118965 0.101293 0.00542831
1 0.330711 0.274784 0.141595 0.298491 0.00540543
1 0.894181 0.380927 0.0672414 0.345905 0.00526047
1 0.799784 0.859375 0.0375 0.0528017 0.00526047
0 0.713793 0.846983 0.0465517 0.0775862 0.00518036
2 0.734483 0.388874 0.0362069 0.0649246 0.00496292
1 0.463578 0.797414 0.0543103 0.0732759 0.00479126
1 0.408621 0.282328 0.276724 0.330819 0.866211
1 0.0264278 0.884698 0.0412177 0.0517241 0.0891113
1 0.0279634 0.249731 0.0413793 0.0662715 0.0605164
1 0.104782 0.871767 0.0497037 0.0743534 0.0568542
1 0.0606142 0.884698 0.0497845 0.0560345 0.0235138
1 0.137716 0.84375 0.0439655 0.0948276 0.0159607
2 0.0264278 0.884698 0.0412177 0.0517241 0.0131226
2 0.0279634 0.249731 0.0413793 0.0662715 0.0100098
1 0.771336 0.350216 0.253448 0.174569 0.00643921
0 0.0279634 0.249731 0.0413793 0.0662715 0.00631332
1 0.896121 0.406115 0.0607759 0.237338 0.00619125
1 0.0400862 0.255927 0.0546336 0.0614224 0.00588989
2 0.0606142 0.884698 0.0497845 0.0560345 0.00486755
1 0.717672 0.849138 0.0387931 0.0711207 0.00403976
1 0.852802 0.803879 0.0310345 0.0581896 0.00391388
1 0.702155 0.838362 0.0387931 0.0581896 0.00383949
1 0.125593 0.849677 0.065625 0.105603 0.00379562
2 0.104782 0.871767 0.0497037 0.0743534 0.00365067
2 0.702155 0.838362 0.0387931 0.0581896 0.00363541
2 0.781034 0.844828 0.0568966 0.0668104 0.00324821
1 0.809483 0.416083 0.191379 0.238955 0.00302696
0 0.711853 0.836746 0.0439655 0.0646551 0.00288963
1 0.682112 0.203125 0.0323276 0.0689655 0.00274658
1 0.711853 0.836746 0.0439655 0.0646551 0.00270462
2 0.717672 0.849138 0.0387931 0.0711207 0.0026722
0 0.852802 0.803879 0.0310345 0.0581896 0.00265312
2 0.682112 0.203125 0.0323276 0.0689655 0.00259018
1 0.781034 0.844828 0.0568966 0.0668104 0.00256157
2 0.711853 0.836746 0.0439655 0.0646551 0.00247192
0 0.0264278 0.884698 0.0412177 0.0517241 0.00247192
1 0.915517 0.418103 0.100862 0.284483 0.00223351
0 0.104782 0.871767 0.0497037 0.0743534 0.00211525
0 0.717672 0.849138 0.0387931 0.0711207 0.00209999
1 0.701509 0.394531 0.373707 0.210938 0.0020752
0 0.408621 0.282328 0.276724 0.330819 0.00198746
0 0.781034 0.844828 0.0568966 0.0668104 0.00185299
0 0.813362 0.830819 0.0387931 0.0581896 0.00176811
2 0.852802 0.803879 0.0310345 0.0581896 0.0017271
1 0.931897 0.421202 0.136207 0.377425 0.0016613
0 0.702155 0.838362 0.0387931 0.0581896 0.00157928
1 0.446767 0.288254 0.200431 0.286638 0.00145531
1 0.697629 0.82597 0.0439655 0.0646551 0.00143242
2 0.0400862 0.255927 0.0546336 0.0614224 0.00137806
1 0.150647 0.878772 0.254741 0.231681 0.00130463
0 0.0606142 0.884698 0.0497845 0.0560345 0.00129414
2 0.295474 0.273168 0.590948 0.546336 0.00128937
2 0.697629 0.82597 0.0439655 0.0646551 0.00124454
1 0.146282 0.204741 0.046875 0.0678879 0.00122547
1 0.461638 0.269666 0.156466 0.237608 0.00121117
1 0.762931 0.319504 0.258621 0.230603 0.00115585
1 0.405388 0.27667 0.272845 0.35291 0.939941
1 0.400862 0.326778 0.266379 0.244073 0.0970459
2 0.0302263 0.889009 0.0442888 0.0560345 0.0240479
2 0.0323276 0.252155 0.0355603 0.0625 0.0143356
0 0.702155 0.306304 0.382759 0.255927 0.0100098
2 0.0454203 0.889009 0.0669181 0.0603449 0.00908661
1 0.0302263 0.889009 0.0442888 0.0560345 0.008255
1 0.0454203 0.889009 0.0669181 0.0603449 0.00479126
0 0.404095 0.277209 0.276724 0.36153 0.00471878
1 0.13222 0.839978 0.0475216 0.0915948 0.00469971
0 0.0323276 0.252155 0.0355603 0.0625 0.00318527
1 0.755334 0.319504 0.483297 0.335129 0.00316048
1 0.711207 0.830819 0.0413793 0.0646552 0.00305176
1 0.0323276 0.252155 0.0355603 0.0625 0.00293541
1 0.0809806 0.868534 0.104095 0.0840517 0.00276756
0 0.709914 0.310884 0.237931 0.216595 0.00265312
1 0.699569 0.311422 0.389224 0.253233 0.00255013
2 0.0809806 0.868534 0.104095 0.0840517 0.0024147
2 0.0463901 0.251347 0.0404095 0.0603448 0.00237846
1 0.852155 0.806035 0.0336207 0.049569 0.00218201
2 0.707705 0.9507 0.584591 0.0985992 0.00214958
1 0.694235 0.292026 0.31584 0.226293 0.00202751
0 0.711207 0.830819 0.0413793 0.0646552 0.00189686
2 0.795474 0.307651 0.409052 0.615302 0.00185299
1 0.716379 0.841056 0.0336207 0.0883621 0.00177479
0 0.755334 0.319504 0.483297 0.335129 0.00171375
2 0.755334 0.319504 0.483297 0.335129 0.00170708
0 0.0463901 0.251347 0.0404095 0.0603448 0.00161076
2 0.594828 0.956358 0.581897 0.0872845 0.0015974
0 0.852155 0.806035 0.0336207 0.049569 0.00154877
2 0.645259 0.221175 0.115086 0.12069 0.00154305
2 0.694235 0.292026 0.31584 0.226293 0.00152493
1 0.892241 0.378772 0.0594828 0.296336 0.00148392
0 0.13222 0.839978 0.0475216 0.0915948 0.00138283
0 0.733244 0.95097 0.533513 0.0980604 0.00137806
1 0.0463901 0.251347 0.0404095 0.0603448 0.00132465
0 0.0302263 0.889009 0.0442888 0.0560345 0.00124454
1 0.664655 0.267511 0.178448 0.199892 0.0012207
0 0.645259 0.221175 0.115086 0.12069 0.00121593
2 0.779472 0.942349 0.441056 0.115302 0.00119686
1 0.709914 0.310884 0.237931 0.216595 0.00117397
1 0.645259 0.221175 0.115086 0.12069 0.00115585
2 0.664655 0.267511 0.178448 0.199892 0.00110722
0 0.664655 0.267511 0.178448 0.199892 0.00109482
0 0.634914 0.953664 0.587069 0.0926724 0.00103664
2 0.711207 0.830819 0.0413793 0.0646552 0.00101662
1 0.409267 0.266164 0.271552 0.364224 0.794434
1 0.892241 0.396686 0.0517241 0.221713 0.0283356
0 0.0332974 0.246767 0.0442888 0.0700431 0.0229797
1 0.880603 0.394262 0.0491379 0.179149 0.0198669
1 0.0332974 0.246767 0.0442888 0.0700431 0.0115967
0 0.409914 0.271552 0.274138 0.366379 0.0105667
0 0.851509 0.801724 0.0387931 0.0678879 0.00584412
2 0.0332974 0.246767 0.0442888 0.0700431 0.00559998
1 0.905819 0.400862 0.0814655 0.235991 0.0055542
1 0.0444504 0.27694 0.043319 0.0862069 0.00521851
0 0.118966 0.858836 0.0672414 0.114224 0.00475693
1 0.024569 0.882543 0.0478448 0.0775862 0.00358009
1 0.751509 0.295259 0.496983 0.31681 0.00356483
0 0.128664 0.851293 0.0630388 0.122845 0.00353813
1 0.751293 0.328125 0.292241 0.207974 0.00340271
2 0.024569 0.882543 0.0478448 0.0775862 0.00304031
0 0.0439655 0.245959 0.0436422 0.0678879 0.00301552
0 0.024569 0.882543 0.0478448 0.0775862 0.00299263
1 0.0439655 0.245959 0.0436422 0.0678879 0.00230598
1 0.84569 0.373384 0.0788793 0.243534 0.00194931
2 0.0444504 0.27694 0.043319 0.0862069 0.00171375
1 0.793319 0.345366 0.1875 0.220905 0.00168705
1 0.714925 0.383082 0.375323 0.211207 0.00167465
1 0.14305 0.20555 0.0465517 0.0635776 0.0016489
0 0.00836476 0.203664 0.0167295 0.407328 0.0015192
0 0.76875 0.322468 0.243103 0.212823 0.0015192
1 0.894828 0.440598 0.0698277 0.25458 0.00136662
1 0.432543 0.277748 0.222414 0.310884 0.00109482
0 0.0444504 0.27694 0.043319 0.0862069 0.00106049
0 0.0336207 0.237877 0.0539871 0.110453 0.00105667
1 0.413793 0.322198 0.285776 0.299569 0.00102425
0 0.158769 0.883082 0.206169 0.233836 0.00101185
2 0.00836476 0.203664 0.0167295 0.407328 0.00100422
1 0.402155 0.279095 0.271552 0.349138 0.896973
1 0.893534 0.40396 0.0646552 0.306304 0.0665894
1 0.703448 0.840517 0.0336206 0.0689655 0.0451965
1 0.030792 0.245151 0.0397629 0.0673491 0.0402527
1 0.7125 0.836207 0.0387931 0.0732758 0.0391846
1 0.766164 0.327586 0.130604 0.196121 0.0164032
1 0.022306 0.885237 0.0404095 0.0657327 0.0137405
1 0.0482489 0.244073 0.0342672 0.0592672 0.0122375
0 0.030792 0.245151 0.0397629 0.0673491 0.0108566
1 0.887069 0.382004 0.0568966 0.248922 0.0105286
0 0.852155 0.797414 0.0336207 0.0732759 0.00793457
1 0.791379 0.853987 0.0646551 0.0646551 0.00787354
1 0.703448 0.832974 0.0504311 0.0818965 0.00709534
2 0.022306 0.885237 0.0404095 0.0657327 0.00695801
1 0.133998 0.841595 0.0510776 0.116379 0.00641251
1 0.108297 0.859914 0.050431 0.105603 0.00621796
1 0.774569 0.31681 0.196552 0.231681 0.00614548
0 0.703448 0.840517 0.0336206 0.0689655 0.00577545
1 0.0327317 0.262392 0.0609375 0.118534 0.00553513
2 0.030792 0.245151 0.0397629 0.0673491 0.00551224
0 0.799784 0.856681 0.0439655 0.0603448 0.00538635
0 0.7125 0.836207 0.0387931 0.0732758 0.00486755
1 0.905172 0.418642 0.0827586 0.31681 0.0046463
0 0.87931 0.78125 0.0362069 0.0840517 0.00432968
0 0.0863551 0.369612 0.0542295 0.12069 0.00429916
0 0.812069 0.834052 0.0336207 0.0625 0.00391388
2 0.703448 0.840517 0.0336206 0.0689655 0.00376511
1 0.124623 0.846983 0.0575431 0.116379 0.00348282
1 0.799784 0.856681 0.0439655 0.0603448 0.00344276
1 0.868966 0.359375 0.086638 0.230603 0.00342941
0 0.0482489 0.244073 0.0342672 0.0592672 0.00318527
2 0.0710399 0.886853 0.058028 0.0711207 0.00291252
0 0.022306 0.885237 0.0404095 0.0657327 0.00261116
0 0.108297 0.859914 0.050431 0.105603 0.00246239
0 0.791379 0.853987 0.0646551 0.0646551 0.00237846
0 0.133998 0.841595 0.0510776 0.116379 0.00235939
1 0.810776 0.188578 0.025862 0.0420259 0.00234222
2 0.108297 0.859914 0.050431 0.105603 0.00219154
1 0.0710399 0.886853 0.058028 0.0711207 0.00205803
2 0.0482489 0.244073 0.0342672 0.0592672 0.00201988
0 0.880603 0.765625 0.0362068 0.0786638 0.00196457
0 0.124623 0.846983 0.0575431 0.116379 0.00188923
2 0.7125 0.836207 0.0387931 0.0732758 0.00178909
1 0.730603 0.328394 0.155172 0.207435 0.00171375
1 0.701024 0.323276 0.426401 0.282328 0.0017004
1 0.856034 0.400323 0.0724138 0.300647 0.00164223
0 0.0210938 0.283944 0.0366918 0.121767 0.00149536
2 0.0327317 0.262392 0.0609375 0.118534 0.00149536
1 0.775862 0.356681 0.221121 0.232759 0.00141621
1 0.0863551 0.369612 0.0542295 0.12069 0.00137806
1 0.409914 0.278287 0.270259 0.334591 0.870605
1 0.893534 0.399785 0.0646552 0.266164 0.162964
1 0.71056 0.836746 0.0452586 0.0743534 0.125488
1 0.884483 0.392241 0.0543103 0.247845 0.0974121
1 0.706034 0.835129 0.0336207 0.0625 0.02948
2 0.0315194 0.247575 0.0459052 0.0792026 0.0210419
0 0.0315194 0.247575 0.0459052 0.0792026 0.0172424
1 0.905172 0.387931 0.0943965 0.315733 0.0163422
1 0.117349 0.859914 0.0685345 0.102371 0.0154266
1 0.13125 0.844828 0.0530172 0.116379 0.00993347
0 0.857328 0.797414 0.0362068 0.0592672 0.00751877
0 0.706034 0.835129 0.0336207 0.0625 0.00666809
1 0.0315194 0.247575 0.0459052 0.0792026 0.00570679
2 0.0413793 0.247306 0.0494612 0.0732759 0.00527954
0 0.117349 0.859914 0.0685345 0.102371 0.00413513
2 0.028125 0.884698 0.0546336 0.075431 0.00351143
0 0.0413793 0.247306 0.0494612 0.0732759 0.00348282
1 0.028125 0.884698 0.0546336 0.075431 0.00331116
2 0.706034 0.835129 0.0336207 0.0625 0.00294685
2 0.409591 0.271282 0.270905 0.348599 0.00275803
1 0.76875 0.361261 0.140948 0.141703 0.0026722
1 0.857328 0.797414 0.0362068 0.0592672 0.00234222
1 0.0838901 0.877155 0.0927802 0.0883621 0.00225258
0 0.124138 0.846983 0.0653017 0.116379 0.00219917
2 0.117349 0.859914 0.0685345 0.102371 0.00201988
0 0.0331358 0.282328 0.0533405 0.136315 0.0019722
0 0.87931 0.790409 0.0362069 0.0614224 0.00195694
1 0.704095 0.840517 0.0543103 0.0926723 0.00193405
1 0.870905 0.399785 0.0620689 0.283405 0.00192642
2 0.0312769 0.24569 0.0531789 0.125 0.00184631
1 0.0413793 0.247306 0.0494612 0.0732759 0.00176811
2 0.0838901 0.877155 0.0927802 0.0883621 0.0017271
2 0.124138 0.846983 0.0653017 0.116379 0.00136662
1 0.907112 0.439116 0.0918104 0.301724 0.00126457
0 0.028125 0.884698 0.0546336 0.075431 0.00118828
0 0.0312769 0.24569 0.0531789 0.125 0.00115108
0 0.71056 0.836746 0.0452586 0.0743534 0.00113392
0 0.884483 0.392241 0.0543103 0.247845 0.0011034
1 0.400862 0.284483 0.274138 0.309267 0.766113
1 0.0328125 0.248384 0.0378233 0.0549569 0.0272675
1 0.853448 0.801724 0.0310346 0.0538793 0.0205688
1 0.888362 0.393184 0.0543104 0.239494 0.0130692
2 0.0328125 0.248384 0.0378233 0.0549569 0.00828552
1 0.732543 0.328933 0.321983 0.225754 0.00706482
1 0.0463901 0.245151 0.0439655 0.0528017 0.00701141
0 0.853448 0.801724 0.0310346 0.0538793 0.00674438
1 0.809483 0.185614 0.0206897 0.0344828 0.0050621
1 0.717672 0.831896 0.0297414 0.0668104 0.0046463
1 0.0248922 0.884698 0.0429957 0.0646551 0.0042305
1 0.119289 0.857759 0.059806 0.0969828 0.00366402
0 0.0328125 0.248384 0.0378233 0.0549569 0.00331116
1 0.878017 0.359914 0.0556034 0.226293 0.00276756
1 0.751293 0.35291 0.261207 0.219828 0.00251198
2 0.402802 0.278287 0.287069 0.30334 0.0024929
2 0.683405 0.201509 0.0284482 0.0635776 0.00247192
2 0.0248922 0.884698 0.0429957 0.0646551 0.00231361
1 0.136746 0.841056 0.0413793 0.110991 0.00230598
0 0.734483 0.336746 0.310345 0.226293 0.00226021
2 0.0463901 0.245151 0.0439655 0.0528017 0.00201988
2 0.809483 0.185614 0.0206897 0.0344828 0.00170708
2 0.853448 0.801724 0.0310346 0.0538793 0.0015192
0 0.400862 0.284483 0.274138 0.309267 0.00150108
1 0.805603 0.859914 0.0323276 0.0549569 0.00132465
0 0.764224 0.565733 0.201724 0.118534 0.00130463
0 0.802371 0.528017 0.0672414 0.0678879 0.00129414
1 0.0691002 0.877694 0.0764547 0.0765086 0.00129414
0 0.752586 0.552802 0.256034 0.153017 0.00115585
2 0.717672 0.831896 0.0297414 0.0668104 0.00113773
0 0.755819 0.533944 0.171983 0.0926724 0.00112438
1 0.700216 0.826509 0.0478448 0.075431 0.00112438
1 0.667241 0.336207 0.418966 0.235991 0.0011034
0 0.0463901 0.245151 0.0439655 0.0528017 0.00109482
1 0.126239 0.844828 0.0610991 0.112069 0.00107288
1 0.880603 0.792026 0.0336206 0.0538793 0.00100803
1 0.407328 0.288524 0.272845 0.285022 0.818848
1 0.893534 0.393858 0.0607759 0.247845 0.0528259
1 0.118642 0.854526 0.0536638 0.0969827 0.0391846
1 0.874784 0.337285 0.0310345 0.144397 0.0292053
1 0.880603 0.391703 0.0465517 0.259698 0.0278015
1 0.718965 0.836207 0.0310345 0.0775863 0.0196381
1 0.854741 0.790948 0.0362069 0.0862069 0.0193481
1 0.13917 0.845366 0.0358836 0.100216 0.0170441
1 0.129634 0.845905 0.0546336 0.103448 0.0117798
1 0.885776 0.369477 0.0594828 0.284752 0.00624084
1 0.902586 0.407462 0.0801724 0.277748 0.00460815
1 0.0303879 0.251078 0.0363685 0.0732759 0.00416565
1 0.340733 0.306034 0.134483 0.234914 0.00340271
1 0.0234375 0.880927 0.0358836 0.0743534 0.00259018
1 0.731897 0.386315 0.0336207 0.0657328 0.00219917
1 0.702802 0.829203 0.0284483 0.0678879 0.00206757
1 0.0798491 0.866918 0.0633621 0.09375 0.00198746
1 0.866379 0.37931 0.0439655 0.240302 0.00195694
1 0.702802 0.828125 0.0478448 0.0829742 0.00175476
1 0.439332 0.794181 0.0290948 0.0711207 0.00157928
1 0.820474 0.820043 0.0362069 0.0732759 0.00130463
1 0.279957 0.294989 0.0375 0.241918 0.00129986
1 0.811422 0.188039 0.0219828 0.0420258 0.0012598
1 0.143534 0.221983 0.0510776 0.158405 0.00123501
1 0.685345 0.195582 0.0219828 0.0484914 0.0012064
2 0.288685 0.918373 0.559267 0.163254 0.00100803
1 0.406034 0.278556 0.271552 0.317888 0.874023
1 0.894828 0.397629 0.0556034 0.243534 0.0334778
1 0.11347 0.866379 0.0594828 0.103448 0.0306702
1 0.889655 0.375539 0.0517241 0.215517 0.018158
1 0.123653 0.859375 0.0572198 0.123922 0.0135345
1 0.711207 0.838362 0.0439655 0.0818965 0.00948334
1 0.132866 0.846983 0.0459052 0.114224 0.00582123
0 0.406034 0.278556 0.271552 0.317888 0.00521851
1 0.0442888 0.887931 0.0837284 0.0905173 0.00482941
1 0.0667565 0.883621 0.0953664 0.0948276 0.00471878
1 0.903879 0.393319 0.0814655 0.278017 0.00436401
0 0.703448 0.835129 0.0336206 0.0721982 0.00426483
1 0.889655 0.375 0.0672414 0.299569 0.0042305
0 0.711207 0.838362 0.0439655 0.0818965 0.00332451
1 0.703448 0.835129 0.0336206 0.0721982 0.00331116
1 0.704741 0.832435 0.0543104 0.0829741 0.00305176
0 0.033459 0.25 0.0421875 0.0775862 0.00277901
2 0.406034 0.278556 0.271552 0.317888 0.00218201
0 0.889655 0.391164 0.0556034 0.215517 0.00201988
0 0.850862 0.801724 0.0413794 0.0926724 0.00201035
1 0.681466 0.196659 0.0232759 0.0592672 0.00173378
0 0.813362 0.834052 0.0465517 0.0818966 0.00172043
1 0.868966 0.393858 0.0517241 0.248922 0.00154877
2 0.703448 0.835129 0.0336206 0.0721982 0.0015192
0 0.856681 0.780172 0.0387931 0.101293 0.00139427
0 0.786853 0.846444 0.0840517 0.0797414 0.00120163
0 0.0449353 0.24569 0.0457435 0.0700431 0.00112438
0 0.87931 0.772629 0.0375 0.0883621 0.00104809
1 0.413146 0.287177 0.28319 0.314655 0.810547
1 0.890948 0.394397 0.0517241 0.238147 0.0271759
1 0.88319 0.388874 0.0465517 0.252425 0.0218658
1 0.108621 0.863685 0.05625 0.102371 0.0100937
1 0.118642 0.859914 0.0601293 0.122845 0.00268364
2 0.0319235 0.25 0.0389547 0.0743534 0.0024929
1 0.861853 0.389009 0.0465517 0.256466 0.00223351
1 0.0722522 0.880388 0.0960129 0.0948276 0.00203514
1 0.903879 0.396013 0.0827586 0.255388 0.00201988
1 0.0319235 0.25 0.0389547 0.0743534 0.00200272
1 0.888362 0.376078 0.0724138 0.304957 0.00167465
1 0.80819 0.189655 0.0232759 0.0398707 0.00126457
2 0.409914 0.282866 0.279957 0.320043 0.00119209
1 0.682112 0.192888 0.0219828 0.0528017 0.00115108
1 0.404741 0.280711 0.272845 0.30819 0.883301
1 0.884483 0.390625 0.0581897 0.21875 0.0171814
2 0.0290948 0.254041 0.0387931 0.0759698 0.00526047
2 0.405711 0.28125 0.275431 0.307112 0.00265312
0 0.404741 0.280711 0.272845 0.30819 0.00190449
1 0.906466 0.390221 0.102155 0.292834 0.00124454
1 0.870259 0.382408 0.0568965 0.245959 0.00104046
1 0.408297 0.279634 0.270905 0.295259 0.832031
1 0.889655 0.387392 0.0594828 0.22306 0.0147858
2 0.0271552 0.255927 0.0387931 0.0743534 0.00919342
1 0.866379 0.371767 0.0452586 0.221983 0.00157928
1 0.903879 0.384564 0.0905172 0.261045 0.00141048
2 0.0367726 0.878233 0.0703125 0.0948276 0.00133514
0 0.0271552 0.255927 0.0387931 0.0743534 0.00113392
1 0.807543 0.188578 0.024569 0.0431034 0.00104046
1 0.72931 0.386988 0.0336207 0.0600754 0.00102425
1 0.403772 0.284483 0.274784 0.306035 0.873047
1 0.893534 0.390086 0.0594828 0.242457 0.100525
1 0.892241 0.380253 0.0775863 0.282597 0.0102921
1 0.870259 0.388066 0.0594828 0.251886 0.00595856
1 0.906466 0.396013 0.0814654 0.246767 0.00307465
2 0.0292565 0.251078 0.0358836 0.0705819 0.00213242
1 0.808836 0.1875 0.0232759 0.0452586 0.00153637
0 0.717672 0.838362 0.0387931 0.0732759 0.00151253
0 0.889655 0.377155 0.0620689 0.22306 0.00149536
1 0.405065 0.278017 0.277371 0.30819 0.804199
1 0.888362 0.387392 0.0594828 0.244612 0.0129242
2 0.402802 0.278556 0.278017 0.307112 0.00468063
1 0.892241 0.380523 0.0788793 0.292834 0.00282288
0 0.405065 0.279095 0.276078 0.303879 0.00161076
1 0.870259 0.384833 0.0556035 0.258351 0.00131989
2 0.0284483 0.250269 0.0362069 0.0770474 0.00118828
1 0.405388 0.273707 0.271552 0.3125 0.853027
1 0.888362 0.38847 0.0530172 0.231681 0.00605011
2 0.0287715 0.25431 0.0358836 0.0625 0.00302696
0 0.405388 0.273707 0.271552 0.3125 0.00123501
1 0.408621 0.28125 0.274138 0.292026 0.889648
2 0.0298222 0.250539 0.0373384 0.0614224 0.00634003
1 0.890948 0.393319 0.0517241 0.221983 0.00391388
1 0.883836 0.397091 0.0439655 0.239224 0.00275803
1 0.407974 0.279903 0.274138 0.303341 0.870605
1 0.890948 0.392376 0.0543103 0.226024 0.00584412
2 0.0289332 0.252694 0.0355603 0.0657328 0.00287819
1 0.407974 0.279903 0.274138 0.303341 0.870605
1 0.890948 0.392241 0.0543103 0.226293 0.00584412
2 0.0289332 0.252694 0.0355603 0.0657328 0.00291252
