2 0.68099 0.671296 0.0716146 0.099537 0.0275879
2 0.751953 0.520978 0.273438 0.471933 0.0126266
2 0.722656 0.650463 0.171875 0.150463 0.0125275
2 0.720052 0.570023 0.190104 0.320602 0.0104904
0 0.751953 0.520978 0.273438 0.471933 0.00831604
1 0.68099 0.671296 0.0716146 0.099537 0.005867
2 0.71224 0.462963 0.125 0.122685 0.00542831
1 0.893229 0.603009 0.046875 0.0949074 0.00469971
1 0.720703 0.652199 0.154948 0.145833 0.00405502
1 0.484375 0.697917 0.0390625 0.0625 0.00379562
2 0.763021 0.520255 0.140625 0.292824 0.00359344
0 0.68099 0.671296 0.0716146 0.099537 0.00353813
2 0.738281 0.639468 0.135417 0.158565 0.00318527
0 0.5 0.5 1 1 0.00290108
0 0.5 0.5 1 1 0.00286674
1 0.399414 0.532407 0.047526 0.0648148 0.0028553
1 0.261068 0.324074 0.0677083 0.0810185 0.00279045
2 0.5 0.5 1 1 0.00275803
2 0.5 0.5 1 1 0.00273705
0 0.5 0.5 1 1 0.00273705
1 0.5 0.5 1 1 0.0027256
2 0.486328 0.5 0.972656 1 0.00268364
0 0.486328 0.5 0.972656 1 0.00266266
0 0.5 0.5 1 1 0.00264168
2 0.5 0.5 1 1 0.00263214
1 0.859375 0.618056 0.0807292 0.0787037 0.0026207
2 0.5 0.5 1 1 0.00261116
1 0.815104 0.621528 0.0625 0.0902778 0.00255013
1 0.751953 0.520978 0.273438 0.471933 0.00245285
1 0.480469 0.329282 0.03125 0.087963 0.0024147
0 0.722656 0.650463 0.171875 0.150463 0.00237846
0 0.720052 0.570023 0.190104 0.320602 0.00237846
1 0.479818 0.353299 0.0338542 0.113426 0.00231361
1 0.5 0.5 1 1 0.00231361
0 0.5 0.5 1 1 0.00230598
1 0.5 0.5 1 1 0.00222588
1 0.738281 0.639468 0.135417 0.158565 0.00219917
1 0.738281 0.5693 0.161458 0.301215 0.00219154
1 0.71224 0.462963 0.125 0.122685 0.00214958
2 0.5 0.5 1 1 0.00206757
1 0.5 0.5 1 1 0.0020504
1 0.9375 0.604167 0.0677083 0.0706019 0.00201988
1 0.0533854 0.918981 0.0553385 0.118056 0.00200272
2 0.766927 0.462095 0.354167 0.612847 0.00199509
1 0.486328 0.5 0.972656 1 0.0019722
0 0.5 0.5 1 1 0.00196457
0 0.5 0.5 1 1 0.00195694
2 0.677083 0.458333 0.476563 0.916667 0.00178242
2 0.815104 0.621528 0.0625 0.0902778 0.00177479
1 0.5 0.5 1 1 0.00176811
2 0.71224 0.39171 0.278646 0.479311 0.0600891
2 0.667318 0.427662 0.361979 0.637731 0.0310211
0 0.71224 0.39171 0.278646 0.479311 0.0156021
1 0.0568848 0.0917245 0.0345052 0.0462963 0.0129242
2 0.789063 0.291594 0.130208 0.205006 0.0118713
2 0.932943 0.16088 0.0429688 0.0416667 0.0111618
0 0.683594 0.439236 0.333333 0.604167 0.0100937
2 0.904948 0.162905 0.0286458 0.0335648 0.00844574
1 0.489583 0.699074 0.0286458 0.0555556 0.00743103
1 0.672526 0.44184 0.346354 0.618634 0.00740433
1 0.354492 0.0313947 0.0279948 0.0434028 0.00661469
1 0.566732 0.697917 0.0325521 0.0462963 0.00638962
1 0.510417 0.699653 0.0403646 0.0520833 0.00631332
1 0.932943 0.16088 0.0429688 0.0416667 0.005867
2 0.932292 0.102431 0.0351562 0.0402199 0.00572968
1 0.185384 0.865741 0.0445964 0.113426 0.00572968
2 0.682943 0.676505 0.0533854 0.0729167 0.00540543
1 0.904948 0.162905 0.0286458 0.0335648 0.00516129
1 0.71224 0.39171 0.278646 0.479311 0.00468063
1 0.682943 0.676505 0.0533854 0.0729167 0.00397491
2 0.848307 0.365162 0.303385 0.586806 0.0039444
1 0.435547 0.859375 0.518229 0.28125 0.00356483
2 0.779948 0.385417 0.134115 0.407407 0.00344276
1 0.264242 0.187789 0.0600586 0.0729167 0.00329781
2 0.731771 0.532986 0.203125 0.302083 0.00288963
2 0.729818 0.291956 0.0494792 0.170718 0.00277901
1 0.392578 0.0432581 0.0397135 0.0625 0.00271416
2 0.765625 0.494792 0.141927 0.234954 0.00247192
2 0.780273 0.370081 0.439453 0.58044 0.00239754
0 0.115723 0.765625 0.231445 0.46875 0.00233269
1 0.321615 0.026114 0.0292969 0.0374711 0.00230598
2 0.665365 0.69213 0.0533854 0.0555556 0.00225258
1 0.511393 0.728588 0.0410156 0.0821759 0.00222588
2 0.690104 0.465278 0.0520833 0.106481 0.00211525
1 0.0947673 0.0934606 0.0467936 0.0396412 0.00210762
1 0.138346 0.165365 0.0351562 0.036169 0.00206757
1 0.932292 0.102431 0.0351562 0.0402199 0.00203514
1 0.247721 0.176215 0.0481771 0.0491898 0.00201988
2 0.910156 0.100116 0.0364583 0.0399306 0.00201035
1 0.0597331 0.138021 0.0330404 0.0769676 0.00200272
1 0.0539551 0.912037 0.0364583 0.0787037 0.00200272
1 0.349284 0.833333 0.57487 0.333333 0.00198746
1 0.14388 0.0967882 0.0266927 0.0298032 0.0019722
1 0.623535 0.837384 0.734701 0.325231 0.0019722
1 0.883464 0.392361 0.233073 0.596065 0.00191212
2 0.909505 0.2636 0.179688 0.383681 0.00187492
0 0.435547 0.859375 0.518229 0.28125 0.00185299
1 0.909505 0.2636 0.179688 0.383681 0.00183868
2 0.964193 0.159722 0.046875 0.041956 0.0018177
2 0.683594 0.651042 0.0520833 0.104167 0.0018177
1 0.714844 0.556713 0.210938 0.326389 0.108948
1 0.714193 0.475622 0.260417 0.567274 0.0587769
1 0.643229 0.146557 0.0390625 0.0726273 0.0477905
0 0.712077 0.447917 0.268555 0.59838 0.0428162
1 0.442057 0.16956 0.0377604 0.0543981 0.0427246
1 0.472005 0.151765 0.0507813 0.0642361 0.0322266
1 0.262695 0.184462 0.0611979 0.0778356 0.0304413
1 0.245117 0.180266 0.047526 0.0619213 0.0296478
1 0.0582682 0.0868056 0.0390625 0.0584491 0.0270691
1 0.933594 0.104311 0.0416667 0.0477431 0.0222015
1 0.397135 0.176939 0.0351562 0.0477431 0.0206451
1 0.730469 0.158854 0.0494792 0.0555556 0.0204163
1 0.671875 0.671296 0.09375 0.108796 0.0204163
1 0.132487 0.0817419 0.0511068 0.0465856 0.0181885
1 0.792969 0.291594 0.135417 0.196904 0.016983
1 0.903646 0.159433 0.0364583 0.0509259 0.016922
1 0.807292 0.167101 0.0598958 0.0570023 0.0164642
1 0.931641 0.151042 0.0507813 0.0587384 0.0162201
1 0.507812 0.155093 0.0559896 0.0590278 0.0151901
1 0.658203 0.688657 0.0703125 0.0891204 0.0136337
1 0.47819 0.113426 0.061849 0.0572917 0.0132217
1 0.766276 0.166811 0.0520833 0.0601852 0.0131226
2 0.931641 0.151042 0.0507813 0.0587384 0.0116882
1 0.393555 0.0334925 0.0553385 0.0643808 0.0110703
1 0.565755 0.690972 0.0442708 0.0659722 0.0106506
1 0.711589 0.472512 0.188802 0.131366 0.00959778
1 0.0522461 0.908565 0.0527344 0.104167 0.00941467
1 0.104167 0.0827546 0.0605469 0.0509259 0.00908661
1 0.611979 0.16059 0.0455729 0.0665509 0.00901794
2 0.903646 0.159433 0.0364583 0.0509259 0.00891876
2 0.789063 0.29456 0.136719 0.195023 0.00871277
1 0.851563 0.164062 0.0351562 0.0431134 0.00854492
1 0.529297 0.447917 0.0390625 0.0653935 0.0085144
1 0.517578 0.693287 0.047526 0.0671296 0.0085144
1 0.447266 0.0860822 0.0742188 0.0552662 0.00815582
1 0.523438 0.411458 0.0481771 0.0885417 0.00806427
1 0.476563 0.248553 0.0416667 0.0474537 0.0068512
1 0.484701 0.690972 0.0325521 0.0717593 0.00651169
1 0.261637 0.206019 0.0626628 0.0978009 0.00634003
1 0.678385 0.158131 0.0859375 0.0763889 0.00629044
1 0.817708 0.295139 0.192708 0.230903 0.006073
1 0.477865 0.324074 0.03125 0.0729167 0.00577545
1 0.642578 0.128472 0.0390625 0.0836227 0.00570679
1 0.394206 0.467014 0.0358073 0.0486111 0.00564194
1 0.242188 0.103877 0.0449219 0.0462963 0.0055542
1 0.358073 0.0218822 0.0950521 0.0437645 0.00551224
2 0.933594 0.104311 0.0416667 0.0477431 0.00548935
2 0.722656 0.541667 0.208333 0.296296 0.00542831
1 0.911458 0.106047 0.0442708 0.0489005 0.00530243
1 0.553385 0.186777 0.0638021 0.0714699 0.00526047
1 0.395182 0.53588 0.0481771 0.0601852 0.0423889
2 0.93099 0.152488 0.0520833 0.0572917 0.0386047
1 0.0493978 0.0863715 0.0402018 0.0587384 0.0352783
1 0.0403646 0.923611 0.0611979 0.101852 0.033844
2 0.90625 0.160301 0.0416667 0.046875 0.0314941
2 0.692708 0.465856 0.0807292 0.122685 0.0243378
2 0.932292 0.121528 0.046875 0.0821759 0.0192719
1 0.474609 0.696181 0.0416667 0.0671296 0.0155411
1 0.639974 0.157407 0.0390625 0.056713 0.0150146
1 0.51237 0.161314 0.046875 0.0610532 0.0145035
0 0.146973 0.677083 0.0654297 0.0740741 0.0143356
2 0.531901 0.405671 0.0911458 0.208333 0.0138474
2 0.71875 0.465278 0.0833333 0.126157 0.0134277
0 0.166992 0.672454 0.078776 0.106481 0.0133286
1 0.0294596 0.146701 0.0589193 0.175347 0.012291
2 0.944661 0.153646 0.0664062 0.100694 0.0121002
2 0.595215 0.471933 0.24707 0.586227 0.0118713
1 0.352214 0.807292 0.0429688 0.0787037 0.0116882
1 0.512044 0.407986 0.0696615 0.101852 0.0115051
1 0.347656 0.780093 0.0559896 0.0902778 0.0113754
1 0.470703 0.161169 0.0611979 0.0665509 0.0102463
1 0.531901 0.405671 0.0911458 0.208333 0.0102463
0 0.395182 0.53588 0.0481771 0.0601852 0.01017
1 0.559896 0.23235 0.0377604 0.0590278 0.00997162
1 0.486654 0.339699 0.0488281 0.114583 0.00993347
1 0.146973 0.677083 0.0654297 0.0740741 0.00985718
2 0.967448 0.155961 0.0416667 0.0474537 0.00933838
1 0.450846 0.166377 0.0546875 0.0555556 0.0086441
1 0.0314941 0.0895544 0.0463867 0.0833333 0.00787354
2 0.769531 0.652199 0.0742188 0.105324 0.00769424
1 0.178711 0.859954 0.0553385 0.099537 0.00746155
2 0.700521 0.663194 0.153646 0.125 0.00734711
2 0.816406 0.291088 0.0651042 0.170139 0.00728989
1 0.549479 0.448495 0.0390625 0.0538194 0.00712204
2 0.802083 0.658565 0.0455729 0.0729167 0.00674438
1 0.338542 0.319734 0.11263 0.123843 0.00661469
1 0.548828 0.415509 0.0416667 0.0746528 0.00661469
1 0.00390625 0.847222 0.0078125 0.305556 0.00631332
1 0.734375 0.163773 0.0611979 0.0668403 0.00614548
1 0.166992 0.672454 0.078776 0.106481 0.00600433
2 0.450846 0.166377 0.0546875 0.0555556 0.00591278
2 0.67513 0.68287 0.106771 0.0902778 0.00577545
1 0.388021 0.487269 0.0533854 0.0810185 0.00572968
1 0.263672 0.179688 0.061849 0.0706019 0.00564194
2 0.723958 0.41059 0.0638021 0.157986 0.00564194
0 0.16276 0.655093 0.0885417 0.125 0.00564194
0 0.0196126 0.688079 0.0392253 0.0763889 0.0055542
1 0.392578 0.41059 0.0859375 0.087963 0.00553513
2 0.784505 0.293692 0.113281 0.161458 0.00534439
1 0.345052 0.39728 0.105469 0.0966435 0.00521851
1 0.0525716 0.10272 0.0328776 0.0665509 0.0207214
1 0.0395508 0.15191 0.0458984 0.114005 0.0160217
1 0.030599 0.0943649 0.0390625 0.0797888 0.0155411
2 0.958333 0.137876 0.046875 0.0755208 0.0133286
1 0.0335286 0.924769 0.0605469 0.0925926 0.0118713
1 0.484049 0.699074 0.0286458 0.0671296 0.0100098
1 0.897135 0.16059 0.0234375 0.046875 0.00812531
2 0.938802 0.156829 0.0325521 0.0572917 0.00728989
1 0.480143 0.333333 0.0377604 0.113426 0.00717545
2 0.858724 0.626736 0.046875 0.0590278 0.00674438
1 0.572591 0.707176 0.0761719 0.0671296 0.00664139
2 0.897135 0.16059 0.0234375 0.046875 0.00579834
1 0.479818 0.258102 0.0325521 0.0752315 0.00579834
1 0.0365397 0.945602 0.0662435 0.104167 0.00572968
1 0.400065 0.547454 0.0371094 0.0671296 0.00542831
2 0.815104 0.62963 0.0364583 0.0555556 0.00534439
1 0.958333 0.137876 0.046875 0.0755208 0.00510025
1 0.435547 0.177662 0.0377604 0.0625 0.00486755
2 0.970052 0.155671 0.0377604 0.0607639 0.00479126
1 0.0533854 0.149016 0.0328776 0.068287 0.00475693
1 0.938802 0.156829 0.0325521 0.0572917 0.00452042
1 0.142253 0.0983796 0.0325521 0.0422454 0.00450516
1 0.267008 0.321759 0.0493164 0.068287 0.00446701
1 0.352214 0.0302373 0.0449219 0.0471644 0.00439835
1 0.512044 0.700231 0.0436198 0.0601852 0.00413513
1 0.773438 0.159722 0.0299479 0.0630787 0.00379562
1 0.0301107 0.156395 0.0364583 0.0720486 0.00333786
1 0.323568 0.0253183 0.0520833 0.0489005 0.0029583
1 0.640625 0.15625 0.0364583 0.0607639 0.00288963
2 0.929688 0.614005 0.0416667 0.0590278 0.00274658
1 0.0258789 0.0440538 0.0436198 0.0753762 0.00265312
2 0.0395508 0.15191 0.0458984 0.114005 0.00260162
2 0.682943 0.673611 0.105469 0.087963 0.00236893
0 0.958333 0.137876 0.046875 0.0755208 0.00227928
1 0.670573 0.689815 0.0846354 0.0671296 0.00214958
2 0.675781 0.472222 0.0872396 0.128472 0.00208282
2 0.893229 0.623843 0.0403646 0.0578704 0.00208282
1 0.479167 0.3614 0.0390625 0.127894 0.00203514
2 0.670573 0.689815 0.0846354 0.0671296 0.0018034
1 0.36263 0.80787 0.0390625 0.0787037 0.00174141
1 0.858724 0.626736 0.046875 0.0590278 0.00171375
1 0.929688 0.614005 0.0416667 0.0590278 0.00168133
1 0.36263 0.779514 0.0364583 0.0717593 0.00163555
1 0.970052 0.155671 0.0377604 0.0607639 0.0015974
1 0.519857 0.738426 0.0540365 0.0972222 0.00157928
1 0.809896 0.175781 0.0481771 0.0622106 0.00156689
0 0.858724 0.626736 0.046875 0.0590278 0.00156116
1 0.736328 0.163918 0.0403646 0.0587384 0.00154877
1 0.391602 0.0363137 0.0540365 0.0601852 0.0015192
1 0.559245 0.23206 0.0364583 0.0677083 0.00148964
0 0.411784 0.993634 0.416016 0.0127315 0.0836182
0 0.357747 0.986111 0.469401 0.0277778 0.0646362
0 0.26945 0.981481 0.458496 0.037037 0.0564575
0 0.49707 1 0.352214 0 0.0548096
1 0.26945 0.981481 0.458496 0.037037 0.0484924
1 0.357747 0.986111 0.469401 0.0277778 0.0403748
0 0.209635 0.980903 0.419271 0.0381944 0.0396423
0 0.30599 0.963542 0.507812 0.0729167 0.0375977
1 0.209635 0.980903 0.419271 0.0381944 0.0323486
1 0.411784 0.993634 0.416016 0.0127315 0.0299835
0 0.162435 0.986111 0.32487 0.0277778 0.0230713
1 0.49707 1 0.352214 0 0.0228882
0 0.415365 0.966435 0.377604 0.0671296 0.0228882
2 0.31779 0.982639 0.462077 0.0347222 0.0197144
2 0.23112 0.980903 0.454427 0.0381944 0.0192719
0 0.486654 0.974537 0.267578 0.0509259 0.0190887
2 0.388672 0.989583 0.46224 0.0208333 0.0179138
1 0.290283 0.957755 0.489746 0.0844907 0.0177155
0 0.694173 0.987269 0.458008 0.025463 0.0173035
1 0.0498047 0.0910012 0.0358073 0.0454282 0.0171814
1 0.737142 0.985532 0.458008 0.0289352 0.0171051
0 0.181966 0.969329 0.363932 0.0613426 0.0164642
1 0.162435 0.986111 0.32487 0.0277778 0.0132217
0 0.761882 0.948495 0.476237 0.103009 0.0128708
0 0.772949 0.984954 0.454102 0.0300926 0.0125275
0 0.613281 0.997685 0.429688 0.00462963 0.0123825
2 0.450846 0.997685 0.382161 0.00462963 0.0113297
2 0.737142 0.985532 0.458008 0.0289352 0.0106506
1 0.415365 0.966435 0.377604 0.0671296 0.0103302
2 0.186198 0.981481 0.372396 0.037037 0.00985718
1 0.332031 0.0303096 0.0859375 0.0486111 0.00905609
0 0.703776 0.470486 0.592448 0.644676 0.0086441
0 0.684733 0.959491 0.528971 0.0810185 0.00857544
2 0.553385 1 0.380208 0 0.00857544
1 0.141927 0.0870949 0.0358073 0.0364583 0.00834656
1 0.657552 0.990741 0.447917 0.0185185 0.00800323
1 0.486654 0.974537 0.267578 0.0509259 0.00669098
1 0.0341797 0.0944734 0.0397135 0.0581597 0.00609589
2 0.657552 0.990741 0.447917 0.0185185 0.00582123
1 0.0372721 0.133681 0.046875 0.0856481 0.00579834
1 0.289795 0.0304543 0.140462 0.0542535 0.00553513
1 0.181966 0.969329 0.363932 0.0613426 0.00445175
2 0.30599 0.963542 0.507812 0.0729167 0.00445175
1 0.761882 0.948495 0.476237 0.103009 0.00407028
0 0.785645 0.920718 0.428711 0.158565 0.00391388
2 0.332031 0.0303096 0.0859375 0.0486111 0.00376511
2 0.761882 0.948495 0.476237 0.103009 0.00370789
0 0.696615 0.563079 0.210938 0.354167 0.00356483
2 0.20752 0.965856 0.415039 0.068287 0.00319672
1 0.0506185 0.146412 0.0367839 0.0642361 0.00312424
1 0.0444336 0.135417 0.0364583 0.0665509 0.12085
0 0.412435 0.929398 0.682943 0.141204 0.0668335
1 0.0343424 0.0955223 0.0525716 0.0977286 0.0639648
1 0.0442708 0.912616 0.0537109 0.0983796 0.0572815
0 0.546224 0.939236 0.714844 0.121528 0.0535889
1 0.0528971 0.144676 0.0332031 0.0711806 0.0463867
0 0.433919 0.980324 0.422526 0.0393519 0.0441895
1 0.0493164 0.0954861 0.0358073 0.0613426 0.0397949
1 0.482422 0.704861 0.0377604 0.0763889 0.0305634
2 0.966146 0.139757 0.0390625 0.0613426 0.0301514
1 0.53776 0.41956 0.0598958 0.072338 0.0301056
0 0.630859 0.870949 0.738281 0.258102 0.02948
0 0.364014 0.967593 0.452962 0.0648148 0.028656
1 0.0365397 0.915509 0.0651042 0.121528 0.0284424
1 0.270915 0.317419 0.0519206 0.0596065 0.0266571
2 0.947917 0.152199 0.0442708 0.0633681 0.025177
1 0.512044 0.696759 0.0481771 0.0601852 0.0223694
0 0.505859 0.986111 0.385417 0.0277778 0.02211
1 0.0348307 0.141638 0.0501302 0.0882523 0.0219421
1 0.460286 0.729167 0.078776 0.118056 0.0175781
1 0.141927 0.0921586 0.030599 0.0367477 0.0167236
0 0.5625 0.981481 0.395833 0.037037 0.0166626
0 0.68278 0.827546 0.63444 0.344907 0.0153046
0 0.279948 0.965856 0.444661 0.068287 0.0149536
2 0.412435 0.929398 0.682943 0.141204 0.0119629
1 0.966146 0.139757 0.0390625 0.0613426 0.0115967
1 0.476237 0.344618 0.0292969 0.110532 0.0109482
1 0.947917 0.152199 0.0442708 0.0633681 0.0104065
0 0.365234 0.936921 0.472656 0.126157 0.0104065
0 0.6875 0.667245 0.117188 0.108796 0.0102081
1 0.440755 0.172743 0.0494792 0.0619213 0.00978088
0 0.441406 0.95081 0.429688 0.0983796 0.00971222
0 0.437174 0.877315 0.658203 0.24537 0.00963593
2 0.546224 0.939236 0.714844 0.121528 0.00955963
1 0.284831 0.270833 0.0553385 0.0821759 0.00941467
1 0.365234 0.809028 0.0436198 0.0810185 0.00912476
2 0.969401 0.150463 0.0364583 0.0636574 0.00891876
0 0.65625 0.974537 0.434896 0.0509259 0.0086441
0 0.947917 0.152199 0.0442708 0.0633681 0.00748825
1 0.515625 0.732639 0.0572917 0.104167 0.00728989
1 0.0320638 0.0510706 0.0582682 0.0978009 0.00709534
2 0.630859 0.870949 0.738281 0.258102 0.0068779
1 0.932292 0.608796 0.0390625 0.0509259 0.00609589
1 0.472005 0.364583 0.0325521 0.127315 0.00564194
0 0.566732 0.850694 0.671224 0.298611 0.0055542
2 0.398438 0.967593 0.4375 0.0648148 0.00553513
1 0.570312 0.703704 0.0846354 0.0648148 0.00530243
0 0.512695 0.963252 0.396484 0.0734954 0.00530243
1 0.52474 0.276042 0.0807292 0.184606 0.00527954
1 0.091512 0.127315 0.130127 0.106192 0.0049057
1 0.468424 0.983218 0.598307 0.0335648 0.11554
1 0.315837 0.962384 0.630046 0.0752315 0.081543
1 0.0385742 0.132812 0.0338542 0.0746528 0.0708008
1 0.501302 1 0.341146 0 0.0432129
1 0.438477 1 0.409505 0 0.0370483
1 0.572266 1 0.384115 0 0.0324707
1 0.639974 0.146267 0.0338542 0.0622106 0.0321045
1 0.0518392 0.140046 0.035319 0.0763889 0.0298767
1 0.0524089 0.0950521 0.03125 0.0593171 0.0294189
2 0.468424 0.983218 0.598307 0.0335648 0.0239105
2 0.94401 0.146991 0.0442708 0.0688657 0.0218658
1 0.656413 0.997106 0.43457 0.00578704 0.0205688
1 0.0320638 0.0936053 0.046224 0.0908565 0.0186157
2 0.315837 0.962384 0.630046 0.0752315 0.0155411
1 0.952474 0.136863 0.0390625 0.072338 0.0153046
1 0.627767 0.976852 0.554362 0.0462963 0.0150757
1 0.354248 1 0.468587 0 0.0141144
1 0.241374 1 0.435221 0 0.0104065
0 0.94401 0.146991 0.0442708 0.0688657 0.0091629
1 0.241536 0.962384 0.483073 0.0752315 0.0088501
1 0.0439453 0.956019 0.0615234 0.0717593 0.00818634
1 0.739583 0.146991 0.0703125 0.0810185 0.00796509
1 0.94401 0.146991 0.0442708 0.0688657 0.00793457
2 0.627767 0.976852 0.554362 0.0462963 0.0077858
1 0.627767 0.972222 0.40332 0.0555556 0.00746155
2 0.572266 1 0.384115 0 0.00709534
1 0.0517578 0.918981 0.0426432 0.0798611 0.00695801
1 0.0297852 0.138021 0.0457357 0.0943287 0.00679779
1 0.030599 0.957176 0.0579427 0.0740741 0.00643921
1 0.0366211 0.928241 0.0683594 0.106481 0.00636292
1 0.609375 0.533565 0.0325521 0.0509259 0.005867
2 0.952474 0.136863 0.0390625 0.072338 0.005867
1 0.145508 0.09375 0.0309245 0.0381944 0.00572968
1 0.557943 0.980903 0.355469 0.0381944 0.00572968
0 0.501302 1 0.341146 0 0.00564194
2 0.501302 1 0.341146 0 0.00564194
2 0.656413 0.997106 0.43457 0.00578704 0.0050621
1 0.467448 0.976852 0.377604 0.0462963 0.00494385
1 0.734375 0.997685 0.450521 0.00462963 0.00473785
0 0.572266 1 0.384115 0 0.0046463
2 0.969401 0.147425 0.0351562 0.0659722 0.00429916
0 0.438477 1 0.409505 0 0.00424957
1 0.736979 0.126736 0.0885417 0.0914352 0.00403976
2 0.900391 0.154225 0.0403646 0.0636574 0.00397491
2 0.438477 1 0.409505 0 0.00397491
1 0.438802 0.1739 0.0416667 0.0607639 0.00370789
1 0.182292 1 0.364583 0 0.00370789
1 0.300456 0.97309 0.438151 0.0538194 0.00352478
2 0.94401 0.125145 0.0416667 0.098669 0.00329781
1 0.610026 0.840278 0.0377604 0.0648148 0.00319672
1 0.0474447 0.0860822 0.0392253 0.0651042 0.0544128
1 0.0403646 0.113715 0.0351562 0.0821759 0.0446777
1 0.0348307 0.0865524 0.0458984 0.0913628 0.0405273
2 0.947266 0.154369 0.0429688 0.0564236 0.0175781
1 0.0515951 0.151765 0.0361328 0.072338 0.0142822
2 0.969401 0.153646 0.0338542 0.0555556 0.0124817
2 0.958984 0.136719 0.0299479 0.0570023 0.0108185
1 0.144531 0.088831 0.031901 0.0439815 0.00930023
1 0.517904 0.695602 0.0442708 0.0532407 0.00734711
1 0.0330404 0.139757 0.0455729 0.10706 0.00698471
1 0.575521 0.702546 0.0585938 0.0601852 0.00629044
1 0.607422 0.53588 0.03125 0.0486111 0.00551224
1 0.520182 0.168692 0.046875 0.0549769 0.00547028
1 0.439779 0.175347 0.0455729 0.0543981 0.0046463
2 0.897786 0.162471 0.03125 0.051794 0.00436401
1 0.488281 0.688657 0.0364583 0.0509259 0.00436401
2 0.891927 0.618056 0.0390625 0.0555556 0.00419998
1 0.958984 0.136719 0.0299479 0.0570023 0.00391388
2 0.679688 0.671296 0.0807292 0.0833333 0.00363541
1 0.529948 0.240741 0.0455729 0.0555556 0.00349617
2 0.0403646 0.113715 0.0351562 0.0821759 0.00346947
1 0.639323 0.155093 0.0338542 0.0578704 0.00340271
1 0.0318197 0.0543981 0.050293 0.0983796 0.00323486
2 0.865885 0.622106 0.0546875 0.0625 0.00319672
2 0.0189616 0.680556 0.0330404 0.0717593 0.00301552
1 0.947266 0.154369 0.0429688 0.0564236 0.00259018
1 0.117513 0.087963 0.0501302 0.0445602 0.00251198
0 0.0403646 0.113715 0.0351562 0.0821759 0.0024929
2 0.940104 0.607639 0.0494792 0.0555556 0.00247192
1 0.559245 0.237847 0.0325521 0.0497685 0.00243378
1 0.478841 0.162616 0.0423177 0.0543981 0.002388
1 0.598307 0.704861 0.0507813 0.0601852 0.00230598
1 0.0389811 0.922454 0.0701497 0.125 0.00211525
2 0.738281 0.657407 0.0872396 0.106481 0.00202751
1 0.0465495 0.920139 0.0585938 0.101852 0.00193405
2 0.808594 0.593171 0.0559896 0.125 0.00172043
1 0.897786 0.162471 0.03125 0.051794 0.00171375
1 0.401693 0.539352 0.0299479 0.0532407 0.00170708
1 0.265625 0.309317 0.0507813 0.0491898 0.00167465
0 0.0189616 0.680556 0.0330404 0.0717593 0.00166798
2 0.806641 0.445312 0.0690104 0.375579 0.00162888
0 0.679688 0.671296 0.0807292 0.0833333 0.00162315
2 0.69401 0.470486 0.0442708 0.0752315 0.00160408
2 0.661458 0.690972 0.0625 0.0636574 0.00153065
0 0.947266 0.154369 0.0429688 0.0564236 0.00149536
2 0.598307 0.704861 0.0507813 0.0601852 0.00148964
0 0.958984 0.136719 0.0299479 0.0570023 0.00148392
1 0.0476888 0.0487558 0.0507813 0.0795718 0.00143814
1 0.617188 0.163484 0.046875 0.0549769 0.00141048
1 0.0189616 0.680556 0.0330404 0.0717593 0.00139904
1 0.0392253 0.127315 0.0325521 0.0630787 0.0538025
2 0.957682 0.142361 0.03125 0.0653935 0.0367126
1 0.0476888 0.0836227 0.0390625 0.0555556 0.0289764
1 0.0349121 0.0878183 0.0449219 0.0775463 0.028656
2 0.948568 0.152488 0.0377604 0.0532407 0.021698
1 0.528646 0.24103 0.0410156 0.0480324 0.0195007
1 0.957682 0.142361 0.03125 0.0653935 0.0194244
1 0.0553385 0.152922 0.0292969 0.068287 0.0165253
2 0.698568 0.469329 0.0442708 0.09375 0.0164032
1 0.141602 0.0859375 0.0286458 0.0428241 0.0159607
2 0.894531 0.159144 0.0286458 0.0445602 0.0134277
2 0.970052 0.149595 0.03125 0.0541088 0.0133286
1 0.359375 0.811343 0.03125 0.0659722 0.0114212
2 0.860026 0.622685 0.0338542 0.0486111 0.0112457
1 0.441406 0.175781 0.0390625 0.0546875 0.0109024
1 0.608073 0.534722 0.0286458 0.0462963 0.00898743
1 0.521159 0.170573 0.0494792 0.0520833 0.0085144
1 0.47526 0.329282 0.0221354 0.0555556 0.00837708
2 0.895833 0.616898 0.0286458 0.0416667 0.0069046
1 0.894531 0.159144 0.0286458 0.0445602 0.00629044
1 0.488281 0.694444 0.0338542 0.0543981 0.00629044
1 0.556641 0.236979 0.0299479 0.0445602 0.00605011
1 0.119629 0.0836227 0.0465495 0.0474537 0.00551224
2 0.9375 0.607639 0.0286458 0.0393519 0.00534439
1 0.948568 0.152488 0.0377604 0.0532407 0.00530243
1 0.554688 0.456308 0.0397135 0.0405093 0.0050621
1 0.109049 0.171152 0.0302734 0.0581597 0.00486755
2 0.732422 0.46441 0.0794271 0.119792 0.00482941
1 0.542318 0.426794 0.0338542 0.0630787 0.00473785
2 0.682292 0.678241 0.0651042 0.0671296 0.00445175
1 0.0364583 0.927083 0.0634766 0.101852 0.00441742
2 0.441406 0.175781 0.0390625 0.0546875 0.00426483
1 0.0327148 0.153501 0.0410156 0.0815972 0.00416565
1 0.531576 0.459201 0.0325521 0.0387731 0.00411606
1 0.483073 0.245081 0.0234375 0.0387731 0.00376511
1 0.404297 0.540509 0.0273438 0.0509259 0.00370789
1 0.606771 0.471933 0.0260417 0.0480324 0.00369263
1 0.477214 0.375289 0.0260417 0.0763889 0.00363541
1 0.573242 0.70544 0.0605469 0.0625 0.00348282
1 0.9375 0.607639 0.0286458 0.0393519 0.00342941
1 0.18099 0.859375 0.0494792 0.0763889 0.00337601
2 0.813802 0.625 0.0364583 0.0509259 0.00329781
1 0.513672 0.702546 0.046875 0.0613426 0.00327301
1 0.478516 0.161458 0.0364583 0.0538194 0.00291252
2 0.658854 0.695602 0.0598958 0.0578704 0.00288963
1 0.322917 0.819444 0.0429688 0.0532407 0.00288963
2 0.813151 0.165509 0.0481771 0.0520833 0.0027256
1 0.860026 0.622685 0.0338542 0.0486111 0.0027256
2 0.856771 0.165509 0.0442708 0.046875 0.00243378
1 0.0338542 0.0471644 0.0481771 0.083044 0.00237846
1 0.0504557 0.0752315 0.0380859 0.0784144 0.0261536
1 0.035319 0.0743996 0.0501302 0.106988 0.0167236
1 0.0566406 0.148438 0.0338542 0.0804398 0.00812531
1 0.0358073 0.0502025 0.050944 0.088831 0.00766754
1 0.0348307 0.110243 0.039388 0.101273 0.00658798
1 0.140625 0.0872396 0.0332031 0.0636574 0.00551224
1 0.0385742 0.90625 0.069987 0.152778 0.00551224
1 0.0481771 0.0460793 0.0498047 0.0768229 0.0039444
1 0.357422 0.797454 0.0455729 0.113426 0.00337601
1 0.11377 0.164062 0.0302734 0.0648148 0.00253105
1 0.121257 0.0815972 0.0432943 0.0714699 0.00201988
1 0.0408529 0.905671 0.0817057 0.188657 0.00198746
1 0.0600586 1 0.120117 0 0.00179577
1 0.0333659 0.141204 0.0472005 0.109954 0.00175476
1 0.532552 0.240162 0.0423177 0.0653935 0.00139904
1 0.140625 0.0355903 0.104818 0.0711806 0.00137806
2 0.376628 1 0.473307 0 0.00132465
1 0.0335286 0.878472 0.0664062 0.164352 0.0011425
1 0.13737 0.156539 0.0364583 0.0662616 0.00111198
2 0.606771 0.00484664 0.325521 0.00969329 0.00108147
1 0.0433757 0.0787037 0.0483398 0.0734954 0.00367928
1 0.0357259 0.0815611 0.0499674 0.104239 0.00327301
2 0.377279 1 0.485026 0 0.0019722
1 0.0478516 0.152633 0.046875 0.0870949 0.0011692
1 0.0349935 0.0489005 0.0507813 0.0928819 0.00115585
1 0.418945 0.982639 0.538411 0.0347222 0.0104065
0 0.418945 0.982639 0.538411 0.0347222 0.00631332
1 0.303711 0.979167 0.55599 0.0416667 0.00527954
1 0.513021 0.984954 0.5625 0.0300926 0.00466537
1 0.379557 0.965278 0.511719 0.0694444 0.00432968
1 0.227539 0.978588 0.455078 0.0428241 0.00407028
1 0.186849 0.982639 0.373698 0.0347222 0.00376511
0 0.334554 0.976852 0.645996 0.0462963 0.00359344
0 0.379557 0.965278 0.511719 0.0694444 0.00341606
1 0.598307 0.980903 0.552083 0.0381944 0.00312424
2 0.334554 0.976852 0.645996 0.0462963 0.00302696
0 0.247559 0.978588 0.495117 0.0428241 0.00281143
1 0.138672 0.0902778 0.0354818 0.0497685 0.0026722
0 0.513021 0.984954 0.5625 0.0300926 0.00234985
0 0.186849 0.982639 0.373698 0.0347222 0.00219917
2 0.418945 0.982639 0.538411 0.0347222 0.00213242
1 0.0559896 0.0865162 0.0279948 0.0503472 0.00192642
0 0.598307 0.980903 0.552083 0.0381944 0.00178242
2 0.943359 0.155671 0.03125 0.052662 0.00176144
1 0.263509 0.962963 0.527018 0.0740741 0.00150108
0 0.584798 0.96441 0.489258 0.0711806 0.00146675
1 0.692546 0.980903 0.541992 0.0381944 0.00132465
1 0.584798 0.96441 0.489258 0.0711806 0.0012846
0 0.189128 0.967593 0.378255 0.0648148 0.00124454
1 0.491536 0.973958 0.454427 0.0520833 0.00121593
0 0.229167 0.0353009 0.40625 0.0706019 0.00112915
2 0.247559 0.978588 0.495117 0.0428241 0.00112438
2 0.973958 0.154225 0.0260417 0.0607639 0.00105286
2 0.692708 0.474537 0.0390625 0.0694444 0.00214958
2 0.858724 0.621528 0.0403646 0.0486111 0.00166798
1 0.414063 0.994792 0.544271 0.0104167 0.00129414
2 0.813151 0.615741 0.0325521 0.0393519 0.00119209
2 0.94401 0.153935 0.03125 0.0486111 0.00102043
1 0.447184 1 0.601725 0 0.00370789
0 0.447184 1 0.601725 0 0.00366402
2 0.447184 1 0.601725 0 0.00191212
1 0.268229 1 0.536458 0 0.00130463
1 0.0323893 0.0954499 0.0436198 0.100767 0.00122547
1 0.578125 1 0.584635 0 0.00106907
1 0.0546875 0.152488 0.0289714 0.0752315 0.00212479
2 0.695313 0.472222 0.0416667 0.0775463 0.00150108
1 0.139323 0.0869502 0.0332031 0.057581 0.00137234
2 0.637858 0.005136 0.450846 0.010272 0.00130939
1 0.0519206 0.0943287 0.0325521 0.0659722 0.00129414
2 0.39445 1 0.540527 0 0.00123501
2 0.252279 0.0110677 0.403646 0.0221354 0.00122547
2 0.315755 0.0057147 0.394531 0.0114294 0.00101662
2 0.720215 0.00802951 0.442383 0.016059 0.00100422
0 0.440755 0.998843 0.545573 0.00231481 0.00298119
1 0.440755 0.998843 0.545573 0.00231481 0.00255013
2 0.407552 0.998843 0.55599 0.00231481 0.00153637
2 0.311849 0.0217737 0.483073 0.0435475 0.00139904
1 0.618327 0.999421 0.53418 0.00115741 0.00103188
1 0.445313 1 0.486979 0 0.00519943
2 0.690104 0.476852 0.0429688 0.0659722 0.00492477
0 0.445313 1 0.486979 0 0.00344276
1 0.34668 0.0237992 0.560547 0.0475984 0.00232315
1 0.531901 1 0.41276 0 0.00194931
1 0.610677 1 0.484375 0 0.00160408
1 0.365885 1 0.53776 0 0.00156689
1 0.472331 0.026548 0.647786 0.0530961 0.00143242
1 0.647135 0.0218461 0.588542 0.0436921 0.00130463
2 0.856771 0.622685 0.046875 0.0486111 0.00117397
1 0.527344 0.241898 0.0416667 0.0497685 0.0011692
1 0.391195 0.967014 0.57959 0.0659722 0.00106907
0 0.690104 0.476852 0.0429688 0.0659722 0.00102806
2 0.691406 0.475116 0.0442708 0.068287 0.00664139
1 0.434326 1 0.527181 0 0.00275803
1 0.526042 0.240741 0.0429688 0.0509259 0.00243378
1 0.0489909 0.0831887 0.0390625 0.0639468 0.00194931
1 0.137533 0.0866609 0.0374349 0.0509259 0.00192642
2 0.858073 0.624421 0.0442708 0.0520833 0.00150681
1 0.034668 0.0875289 0.0458984 0.100694 0.00131512
0 0.526042 0.240741 0.0429688 0.0509259 0.00123024
0 0.434326 1 0.527181 0 0.00119686
1 0.552083 0.446759 0.0455729 0.0532407 0.00110722
2 0.400716 1 0.539714 0 0.00109005
1 0.0528971 0.149595 0.039388 0.0734954 0.00106525
2 0.690104 0.475694 0.0442708 0.0717593 0.00252151
1 0.525391 0.242477 0.0416667 0.0532407 0.00155449
1 0.301107 0.0230758 0.479818 0.0461516 0.00151253
1 0.137533 0.0868056 0.0367839 0.0541088 0.00143814
1 0.640788 0.0209057 0.609049 0.0418113 0.00143242
2 0.335938 0.0262587 0.553385 0.0525174 0.00139904
2 0.856771 0.626157 0.046875 0.0555556 0.00127888
1 0.0496419 0.0856481 0.0367839 0.0691551 0.00109005
1 0.427734 1 0.522135 0 0.00100422
2 0.690104 0.476273 0.0442708 0.0717593 0.00252151
1 0.525391 0.242477 0.0416667 0.0532407 0.00157356
1 0.301107 0.0230758 0.479818 0.0461516 0.00152493
1 0.137533 0.0868056 0.0367839 0.0538194 0.00144386
1 0.639974 0.0209057 0.609375 0.0418113 0.00142097
2 0.335938 0.0262587 0.553385 0.0525174 0.00139904
2 0.856771 0.626157 0.046875 0.0555556 0.0012846
1 0.0497233 0.0856843 0.0366211 0.0693721 0.0011034
1 0.427734 1 0.522135 0 0.00100803
