1 0.470906 0.733073 0.381174 0.182292 0.660156
1 0.565087 0.73112 0.197261 0.165365 0.443604
1 0.399065 0.74349 0.223773 0.169271 0.338135
1 0.2247 0.326823 0.120137 0.11263 0.2854
1 0.249728 0.322591 0.152395 0.115234 0.0224609
0 0.2247 0.326823 0.120137 0.11263 0.0172424
2 0.219509 0.331055 0.119024 0.123047 0.0170441
1 0.648144 0.71875 0.105305 0.140625 0.0120544
1 0.648886 0.722005 0.148317 0.139323 0.0114212
0 0.461265 0.720052 0.375241 0.166667 0.0108566
1 0.750483 0.710938 0.240273 0.158854 0.00831604
2 0.226925 0.323486 0.146092 0.147298 0.0069046
0 0.226925 0.323486 0.146092 0.147298 0.00591278
1 0.468681 0.330078 0.158699 0.0846354 0.00502014
2 0.463861 0.735677 0.373758 0.184896 0.00500107
1 0.30924 0.744141 0.0652594 0.140625 0.00400543
1 0.789787 0.718099 0.307016 0.178385 0.00344276
0 0.564345 0.731771 0.200228 0.171875 0.00337601
2 0.5 0.573568 1 0.852865 0.00312424
1 0.530974 0.331055 0.16389 0.111328 0.00311089
1 0.5 0.5 1 1 0.00304031
1 0.462378 0.695964 0.405646 0.136719 0.00298119
0 0.5 0.642741 1 0.714518 0.00298119
2 0.708385 0.649577 0.58323 0.700846 0.00296974
2 0.5 0.5 1 1 0.0029583
2 0.5 0.642741 1 0.714518 0.00293541
2 0.5 0.5 1 1 0.00288963
0 0.5 0.573568 1 0.852865 0.00284576
0 0.5 0.408203 1 0.816406 0.00276756
0 0.5 0.5 1 1 0.00274658
1 0.575642 0.500326 0.848717 0.38737 0.00271416
0 0.39786 0.740885 0.221734 0.166667 0.0026722
1 0.5 0.408203 1 0.816406 0.0026722
0 0.5 0.775879 1 0.448242 0.00266266
0 0.708385 0.649577 0.58323 0.700846 0.00265312
2 0.708014 0.548828 0.583971 0.696615 0.00263214
1 0.5 0.5 1 1 0.00261116
0 0.162592 0.238607 0.325185 0.477214 0.00260162
2 0.241015 0.274414 0.170564 0.325521 0.00257111
2 0.5 0.416667 1 0.833333 0.00257111
1 0.5 0.5 1 1 0.00256157
1 0.494266 0.33138 0.146092 0.106771 0.00255013
2 0.5 0.507161 1 0.985677 0.00255013
1 0.20134 0.330078 0.119395 0.114583 0.00252151
1 0.708014 0.548828 0.583971 0.696615 0.0024929
2 0.617356 0.717936 0.765289 0.564128 0.0024929
2 0.5 0.5 1 1 0.00248146
1 0.617356 0.717936 0.765289 0.564128 0.0024147
1 0.708385 0.649577 0.58323 0.700846 0.0024147
2 0.5 0.5 1 1 0.00240517
1 0.470164 0.71875 0.379691 0.226562 0.565918
2 0.47276 0.738932 0.377466 0.191406 0.0534058
1 0.225256 0.335286 0.0967767 0.10026 0.0152512
0 0.473131 0.728516 0.390073 0.214844 0.0149002
1 0.474984 0.686849 0.399714 0.308594 0.00669098
1 0.665559 0.592611 0.668883 0.549154 0.00200272
1 0.815742 0.882812 0.139418 0.109375 0.00195694
2 0.5 0.744792 1 0.510417 0.00194931
1 0.553963 0.72526 0.209127 0.169271 0.00189686
2 0.5 0.636719 1 0.726562 0.00186729
0 0.5 0.744792 1 0.510417 0.00182438
1 0.72082 0.724609 0.44495 0.286458 0.0018177
1 0.515401 0.600423 0.514659 0.533529 0.00179577
0 0.474984 0.686849 0.399714 0.308594 0.00176811
1 0.5 0.744792 1 0.510417 0.0017271
2 0.5 0.5 1 1 0.00171375
1 0.722303 0.876953 0.143867 0.0807292 0.0017004
1 0.5 0.855469 1 0.289062 0.00168705
2 0.5 0.855469 1 0.289062 0.00168705
0 0.5 0.636719 1 0.726562 0.0016613
1 0.5 0.636719 1 0.726562 0.0016613
0 0.5 0.855469 1 0.289062 0.0016613
0 0.434568 0.623047 0.471647 0.454427 0.00157356
1 0.5 0.5 1 1 0.00154877
0 0.5 0.5 1 1 0.00149536
1 0.48583 0.772135 0.422517 0.330729 0.00146675
1 0.755105 0.896159 0.48979 0.207682 0.00146103
0 0.5 0.466471 1 0.932943 0.00146103
2 0.225256 0.335286 0.0967767 0.10026 0.00144958
2 0.696891 0.847005 0.606219 0.30599 0.00143242
1 0.754932 0.880859 0.112721 0.0820312 0.00141048
2 0.597333 0.846354 0.805334 0.307292 0.00139904
1 0.597333 0.846354 0.805334 0.307292 0.00136662
1 0.696891 0.847005 0.606219 0.30599 0.00133514
1 0.330005 0.346273 0.548772 0.595215 0.00131512
1 0.808128 0.700358 0.383744 0.463867 0.00131512
1 0.5 0.466471 1 0.932943 0.00131512
2 0.5 0.865885 1 0.268229 0.00130939
1 0.71061 0.860677 0.57878 0.278646 0.00130463
0 0.725442 0.830078 0.549117 0.339844 0.00129986
0 0.793667 0.765625 0.412666 0.46875 0.0012846
2 0.5 0.466471 1 0.932943 0.00126934
0 0.597333 0.846354 0.805334 0.307292 0.0012598
1 0.5 0.865885 1 0.268229 0.00124454
1 0.746391 0.89974 0.507218 0.200521 0.00123024
0 0.72229 0.792318 0.55542 0.415365 0.00118351
1 0.910096 0.947917 0.179808 0.104167 0.00117397
0 0.5 0.201172 1 0.402344 0.00115108
2 0.72229 0.792318 0.55542 0.415365 0.00114727
2 0.5 0.350911 1 0.701823 0.00112438
1 0.469423 0.729167 0.366342 0.177083 0.640625
1 0.405646 0.747396 0.232857 0.15625 0.388672
1 0.229891 0.336914 0.100114 0.108724 0.149536
2 0.469423 0.729167 0.366342 0.177083 0.0261536
1 0.329356 0.0909831 0.0576581 0.0703125 0.0104523
1 0.246206 0.333008 0.111979 0.113281 0.00857544
1 0.203379 0.930339 0.0737876 0.0963542 0.00746155
1 0.718039 0.878906 0.0915856 0.0768229 0.00638962
1 0.549514 0.72526 0.209868 0.171875 0.00538635
1 0.170147 0.934896 0.107622 0.114583 0.00436401
1 0.750297 0.717448 0.24361 0.158854 0.00416565
1 0.138352 0.846354 0.0673914 0.0755208 0.00325966
1 0.246762 0.313721 0.139789 0.164225 0.00255013
1 0.157957 0.890625 0.0893609 0.130208 0.0024147
1 0.324072 0.0908203 0.0763831 0.0826823 0.00213242
2 0.045283 0.154297 0.0905659 0.308594 0.00205803
1 0.220436 0.929036 0.0760124 0.102865 0.00176144
0 0.475263 0.727865 0.359112 0.200521 0.00169373
1 0.33705 0.115397 0.0593267 0.132487 0.00167465
1 0.0623857 0.561849 0.122547 0.279948 0.00161076
1 0.233228 0.237264 0.140901 0.326253 0.00154877
1 0.722303 0.902344 0.309982 0.161458 0.0015192
1 0.336679 0.0838216 0.0711921 0.0777995 0.00149536
1 0.350398 0.268229 0.353736 0.459635 0.00147247
1 0.725454 0.889323 0.153879 0.104167 0.00144386
0 0.228037 0.338542 0.101597 0.109375 0.00143814
2 0.0596512 0.138672 0.119302 0.277344 0.00141048
2 0.228037 0.338542 0.101597 0.109375 0.00138283
2 0.443374 0.963867 0.617183 0.0722656 0.00137806
2 0.400084 0.751953 0.221734 0.143229 0.00137234
2 0.454962 0.804036 0.432343 0.391927 0.0012207
2 0.329356 0.0909831 0.0576581 0.0703125 0.00113392
1 0.132744 0.83724 0.0978891 0.175781 0.00113392
2 0.0351325 0.121989 0.0702651 0.243978 0.00112915
2 0.603451 0.969401 0.793098 0.0611979 0.00112057
1 0.268639 0.239258 0.174643 0.308594 0.00109005
1 0.787562 0.717448 0.329263 0.183594 0.00109005
1 0.279763 0.190145 0.165744 0.312419 0.00106525
1 0.386365 0.714193 0.218026 0.167969 0.00101662
2 0.644609 0.964518 0.710782 0.0709635 0.00101662
1 0.755674 0.884115 0.161665 0.0989583 0.00100803
1 0.872103 0.885417 0.215059 0.166667 0.00100803
1 0.463861 0.733724 0.36041 0.173177 0.882324
1 0.327409 0.0940348 0.0652594 0.0788574 0.418701
1 0.196891 0.330729 0.0711921 0.102865 0.303223
1 0.465344 0.33138 0.111238 0.078776 0.222046
1 0.220992 0.330729 0.0986307 0.115885 0.195557
1 0.215059 0.931641 0.0600683 0.0807292 0.190063
1 0.270307 0.325521 0.112721 0.0846354 0.184814
1 0.278094 0.334635 0.0949227 0.105469 0.163452
1 0.208756 0.940104 0.0704505 0.102865 0.100891
1 0.710437 0.895833 0.062293 0.0442708 0.0930176
1 0.455333 0.759766 0.327038 0.154948 0.0872803
1 0.135293 0.855469 0.0742511 0.0885417 0.0761108
1 0.246947 0.372721 0.0815742 0.0755208 0.0600891
1 0.494266 0.822266 0.246206 0.0481771 0.0574951
1 0.850597 0.861328 0.0667425 0.0533854 0.0484924
1 0.227666 0.317057 0.0719336 0.111979 0.0397949
1 0.327038 0.117513 0.0808326 0.125326 0.0397949
1 0.470906 0.34375 0.105305 0.106771 0.0336609
1 0.29033 0.386719 0.0645178 0.0520833 0.0328369
1 0.245464 0.336589 0.150542 0.125 0.0324097
1 0.800911 0.863932 0.0919564 0.0481771 0.0280151
1 0.484254 0.327474 0.137935 0.0989583 0.0266571
1 0.710252 0.873698 0.0596975 0.0507812 0.024231
1 0.800911 0.884766 0.0800911 0.0703125 0.024231
1 0.397118 0.746094 0.218767 0.171875 0.0227966
1 0.764573 0.785156 0.0637762 0.0546875 0.0227966
1 0.219509 0.9375 0.0704505 0.109375 0.02211
1 0.146138 0.44401 0.0696162 0.0449219 0.021286
1 0.268268 0.315755 0.122732 0.114583 0.0196381
1 0.367177 0.765625 0.154064 0.140625 0.0196381
1 0.3326 0.157878 0.0563604 0.105469 0.0180511
1 0.197076 0.449219 0.0700797 0.0507812 0.0158997
1 0.909182 0.794271 0.0593267 0.0533854 0.0155411
1 0.359668 0.604818 0.105305 0.0507812 0.0147858
1 0.579919 0.826172 0.0919564 0.0416667 0.0137405
1 0.849855 0.893229 0.0563604 0.0807292 0.0134277
1 0.20579 0.365885 0.100855 0.102865 0.0124283
1 0.0525598 0.626953 0.0678549 0.0898438 0.0123367
1 0.565087 0.733073 0.18243 0.167969 0.0117798
2 0.359668 0.604818 0.105305 0.0507812 0.0114212
1 0.146834 0.892578 0.106417 0.214844 0.0113297
1 0.303864 0.332682 0.0930688 0.0859375 0.0109863
1 0.522817 0.227051 0.048203 0.0615234 0.0107346
1 0.186323 0.856771 0.0437534 0.0572917 0.0106506
1 0.525783 0.260417 0.053394 0.0865885 0.00993347
0 0.465344 0.33138 0.111238 0.078776 0.00985718
1 0.962576 0.1014 0.053394 0.0361328 0.00967407
1 0.165744 0.94694 0.116058 0.10612 0.00919342
1 0.0720263 0.621745 0.107344 0.10026 0.00912476
1 0.817967 0.928385 0.053394 0.0377604 0.0088501
1 0.473131 0.731771 0.369309 0.182292 0.813965
1 0.209868 0.334635 0.0726752 0.0976562 0.0437012
1 0.324443 0.0955404 0.0556188 0.0761719 0.0161591
1 0.224885 0.329753 0.0904732 0.109375 0.0157776
1 0.143867 0.855469 0.0674841 0.0703125 0.0110703
1 0.129592 0.85612 0.0745292 0.0885417 0.00400543
1 0.209312 0.935547 0.0630346 0.0807292 0.00376511
1 0.556188 0.727865 0.201711 0.169271 0.00351143
1 0.138305 0.869792 0.0723044 0.0911458 0.00314713
1 0.14498 0.443359 0.0652594 0.0533854 0.00312424
1 0.766056 0.811198 0.0400455 0.03125 0.00309944
1 0.185211 0.859375 0.0396747 0.0494792 0.00298119
1 0.21302 0.323568 0.0878777 0.125 0.00277901
1 0.328522 0.115926 0.0548772 0.119059 0.00269318
0 0.224885 0.329753 0.0904732 0.109375 0.00250244
1 0.314246 0.0917562 0.055248 0.072998 0.00243378
1 0.178166 0.940104 0.136822 0.104167 0.0024147
1 0.348915 0.607422 0.0845406 0.0403646 0.00216484
1 0.254549 0.327474 0.131631 0.104167 0.00191212
1 0.186323 0.942057 0.136081 0.0794271 0.00179577
1 0.238419 0.348307 0.104193 0.114583 0.0017271
1 0.133485 0.859375 0.103451 0.119792 0.0017004
0 0.208014 0.335938 0.0674841 0.0950521 0.00164223
1 0.789045 0.90625 0.120137 0.0963542 0.00130463
2 0.241015 0.347982 0.104563 0.141927 0.00124454
2 0.324443 0.0955404 0.0556188 0.0761719 0.00109005
0 0.241015 0.347982 0.104563 0.141927 0.00107765
1 0.465807 0.72526 0.375056 0.174479 0.908691
1 0.221548 0.320312 0.107159 0.128906 0.0228882
1 0.323979 0.0921631 0.0550626 0.0734863 0.00806427
1 0.208941 0.327474 0.083799 0.114583 0.00793457
1 0.248431 0.320964 0.143126 0.111979 0.0068512
2 0.225442 0.32194 0.109754 0.124349 0.00614548
1 0.188362 0.85612 0.0422703 0.0364583 0.00602722
1 0.350028 0.607422 0.0578435 0.0325521 0.00582123
1 0.330005 0.22347 0.0415287 0.0485026 0.00547028
2 0.207087 0.324219 0.0771247 0.115885 0.00453949
1 0.527637 0.721354 0.25288 0.165365 0.00426483
2 0.323979 0.0921631 0.0550626 0.0734863 0.00314713
1 0.367826 0.608073 0.0778663 0.0364583 0.00302696
2 0.248431 0.320964 0.143126 0.111979 0.00300407
2 0.350028 0.607422 0.0578435 0.0325521 0.00287819
0 0.223217 0.321615 0.0990014 0.121094 0.00273705
1 0.146648 0.440755 0.0537648 0.0364583 0.00259018
0 0.430211 0.412109 0.382472 0.3125 0.00253105
0 0.323979 0.0921631 0.0550626 0.0734863 0.00251198
2 0.769764 0.809896 0.0385624 0.0260417 0.00239754
2 0.803877 0.808594 0.0711921 0.0338542 0.00209999
1 0.769764 0.809896 0.0385624 0.0260417 0.00183868
2 0.146648 0.440755 0.0537648 0.0364583 0.00183105
1 0.145165 0.854818 0.0596975 0.0598958 0.0017004
1 0.330376 0.185872 0.0459782 0.0826823 0.00168705
2 0.761964 0.569661 0.476071 0.665365 0.00149536
2 0.367826 0.608073 0.0778663 0.0364583 0.00146103
1 0.803877 0.808594 0.0711921 0.0338542 0.00138855
2 0.761408 0.320312 0.477183 0.640625 0.00135136
1 0.324072 0.104167 0.0615515 0.117188 0.0012207
0 0.208941 0.327474 0.083799 0.114583 0.00119686
1 0.243981 0.333903 0.126069 0.172038 0.00118828
0 0.146648 0.440755 0.0537648 0.0364583 0.00113392
0 0.776611 0.973307 0.446778 0.0533854 0.00109863
2 0.695791 0.865885 0.103451 0.0546875 0.00108147
0 0.248431 0.320964 0.143126 0.111979 0.00106049
1 0.470906 0.724609 0.371534 0.186198 0.680664
1 0.325926 0.0979818 0.0600683 0.0667318 0.0143356
1 0.550626 0.721354 0.208385 0.164062 0.00717545
0 0.470906 0.724609 0.371534 0.186198 0.00626373
1 0.865428 0.856771 0.0548772 0.0520833 0.00462723
1 0.214132 0.334635 0.0767539 0.111979 0.00385475
1 0.21543 0.928385 0.066001 0.0859375 0.00327301
1 0.780888 0.867188 0.0860237 0.0494792 0.00205803
1 0.803877 0.863281 0.0949227 0.0494792 0.00195694
0 0.325926 0.0979818 0.0600683 0.0667318 0.00172043
1 0.200969 0.936198 0.111238 0.117188 0.00168133
1 0.216172 0.350586 0.0934396 0.113932 0.00134563
1 0.241756 0.349284 0.106788 0.117839 0.00126934
2 0.325926 0.0979818 0.0600683 0.0667318 0.00126457
1 0.143126 0.857422 0.0812034 0.0833333 0.00112438
1 0.465066 0.731771 0.361708 0.195312 0.92627
1 0.211722 0.323568 0.0949227 0.138021 0.0753174
2 0.215059 0.326172 0.10753 0.151042 0.0343628
1 0.141828 0.848958 0.0723044 0.0755208 0.0245209
0 0.21784 0.322591 0.0982599 0.13737 0.0180511
1 0.326204 0.0932617 0.0550626 0.0777995 0.0168457
1 0.349286 0.604818 0.0741584 0.0442708 0.00643921
1 0.143311 0.854167 0.081945 0.0963542 0.00631332
1 0.209497 0.933594 0.0726752 0.114583 0.00598145
1 0.357443 0.74349 0.1498 0.184896 0.00564194
1 0.211351 0.929688 0.062293 0.0911458 0.00561905
1 0.17798 0.852865 0.0593267 0.0677083 0.00455475
0 0.141828 0.848958 0.0723044 0.0755208 0.00337601
2 0.349286 0.604818 0.0741584 0.0442708 0.00335121
0 0.208014 0.927083 0.0615515 0.0976562 0.002388
1 0.062293 0.618652 0.0723044 0.124674 0.00229645
0 0.473779 0.73112 0.360595 0.188802 0.00225258
1 0.140901 0.438802 0.0567312 0.0507812 0.00189686
1 0.768281 0.867188 0.062293 0.0507812 0.00188923
0 0.144192 0.860677 0.086858 0.119792 0.00186062
1 0.328614 0.109538 0.056175 0.132812 0.00181007
0 0.326204 0.0932617 0.0550626 0.0777995 0.00173378
1 0.727494 0.864583 0.0682257 0.0442708 0.00161076
2 0.802394 0.804688 0.0889901 0.0546875 0.00157356
1 0.780888 0.80599 0.0711921 0.0442708 0.00148392
1 0.910665 0.796875 0.0682257 0.0729167 0.00145531
1 0.771247 0.875 0.0711921 0.0677083 0.00144386
2 0.326204 0.0932617 0.0550626 0.0777995 0.00141621
2 0.363747 0.606771 0.112721 0.0429688 0.00135136
2 0.141828 0.848958 0.0723044 0.0755208 0.00125504
1 0.529862 0.733073 0.246947 0.190104 0.00123978
1 0.13761 0.869792 0.0992795 0.151042 0.00123501
1 0.207273 0.782552 0.221734 0.302083 0.00118828
1 0.802394 0.804688 0.0889901 0.0546875 0.00116062
2 0.910665 0.796875 0.0682257 0.0729167 0.00109005
0 0.17798 0.852865 0.0593267 0.0677083 0.00108624
2 0.780888 0.80599 0.0711921 0.0442708 0.00107765
2 0.244723 0.325521 0.126811 0.125 0.00106525
1 0.337421 0.224935 0.0400455 0.0514323 0.00105667
1 0.786079 0.789062 0.106788 0.0598958 0.00104427
2 0.17798 0.852865 0.0593267 0.0677083 0.00101662
1 0.363747 0.606771 0.112721 0.0429688 0.00100422
1 0.463119 0.735677 0.34632 0.182292 0.867188
1 0.213576 0.327474 0.0904732 0.127604 0.157715
1 0.211351 0.932943 0.0697089 0.0989583 0.0284424
1 0.323979 0.097168 0.0609953 0.0791016 0.0230713
2 0.216542 0.325521 0.0889901 0.13151 0.01017
0 0.21543 0.327148 0.0882485 0.128906 0.00746155
1 0.216913 0.934896 0.0993722 0.11849 0.00378036
2 0.473131 0.734375 0.350028 0.184896 0.00359344
1 0.175014 0.927083 0.126069 0.127604 0.00345612
1 0.224329 0.33138 0.109013 0.153646 0.00328636
1 0.910665 0.788411 0.0682257 0.0872396 0.00313568
1 0.14294 0.858073 0.083799 0.0885417 0.00311089
1 0.156474 0.882161 0.105676 0.132812 0.0029583
1 0.324721 0.109212 0.0639616 0.131185 0.00282288
1 0.178722 0.867188 0.0749 0.0807292 0.00275803
1 0.868395 0.805339 0.0563604 0.0664062 0.00227928
1 0.323701 0.0992839 0.0734168 0.0957031 0.00202751
1 0.725269 0.860677 0.0504277 0.0338542 0.0019722
1 0.775697 0.808594 0.0548772 0.0364583 0.00172043
1 0.857271 0.858073 0.044495 0.0572917 0.00162315
1 0.812776 0.811849 0.0741584 0.0429688 0.00150108
2 0.323979 0.097168 0.0609953 0.0791016 0.00136662
1 0.774955 0.863932 0.0593267 0.0429688 0.00130463
2 0.247689 0.323242 0.125328 0.136068 0.00115108
1 0.809068 0.863932 0.0845406 0.0481771 0.00113773
0 0.323979 0.097168 0.0609953 0.0791016 0.00112438
1 0.0649813 0.604167 0.0991868 0.16276 0.00105286
2 0.910665 0.788411 0.0682257 0.0872396 0.00101662
1 0.472018 0.730469 0.368567 0.183594 0.830078
1 0.204121 0.328776 0.0700797 0.11849 0.00857544
1 0.962576 0.104329 0.044495 0.0325521 0.00519943
1 0.190216 0.855469 0.035596 0.0416667 0.00510025
1 0.355219 0.604818 0.0682257 0.0390625 0.00475693
1 0.327409 0.0950928 0.0563604 0.0617676 0.00388527
1 0.147019 0.854167 0.073046 0.0598958 0.00300407
1 0.233599 0.328776 0.11717 0.123698 0.00298119
1 0.147622 0.440104 0.0651667 0.0455729 0.00191212
1 0.914373 0.799479 0.0548772 0.0520833 0.00161648
1 0.204863 0.343099 0.083799 0.119792 0.00160408
2 0.473131 0.730469 0.369309 0.1875 0.00157928
2 0.190216 0.855469 0.035596 0.0416667 0.00138855
1 0.947744 0.80599 0.0326297 0.0442708 0.00136185
2 0.233599 0.328776 0.11717 0.123698 0.00134563
2 0.355219 0.604818 0.0682257 0.0390625 0.00131512
2 0.147019 0.854167 0.073046 0.0598958 0.00107765
2 0.261408 0.323893 0.143867 0.11263 0.00104427
0 0.233784 0.327799 0.113462 0.121094 0.00100803
1 0.466456 0.730469 0.352994 0.1875 0.809082
1 0.207643 0.333984 0.0797203 0.125 0.0441895
1 0.360781 0.606934 0.0956643 0.0491536 0.00769424
1 0.192441 0.856771 0.0370792 0.0585938 0.00413513
1 0.307016 0.740885 0.0637762 0.167969 0.00391388
1 0.307387 0.75 0.0964059 0.188802 0.00331116
1 0.212278 0.936198 0.0637762 0.108073 0.00327301
1 0.858754 0.863281 0.053394 0.078125 0.0029583
1 0.142338 0.858073 0.0890828 0.109375 0.00277901
1 0.142338 0.854167 0.0787006 0.0833333 0.00253105
1 0.771247 0.880208 0.053394 0.0625 0.00243378
1 0.539873 0.723958 0.240273 0.182292 0.00235939
1 0.859496 0.878906 0.0548772 0.109375 0.00228691
2 0.363469 0.606771 0.109569 0.0494792 0.00204277
1 0.0630578 0.591797 0.0874605 0.154948 0.00197983
1 0.766798 0.86849 0.044495 0.046875 0.00188255
1 0.219694 0.33431 0.11235 0.150391 0.00185299
1 0.14498 0.440755 0.0711921 0.0638021 0.00175476
1 0.329263 0.0993245 0.0608099 0.0786947 0.0016489
1 0.434197 0.740234 0.269937 0.174479 0.00150108
1 0.338904 0.229492 0.0400455 0.0416667 0.00148392
1 0.913631 0.791667 0.0682257 0.0794271 0.00146675
1 0.340016 0.182943 0.0430119 0.0670573 0.00144386
1 0.349657 0.752604 0.126811 0.179688 0.00135612
1 0.33603 0.120443 0.056175 0.14388 0.00130939
1 0.0712847 0.583984 0.115131 0.160156 0.00129414
1 0.826124 0.893229 0.062293 0.0833333 0.0012846
1 0.203936 0.82487 0.0815742 0.132812 0.00114727
1 0.121991 0.854818 0.0608099 0.0989583 0.00106907
1 0.162036 0.359375 0.0897316 0.115885 0.00102425
1 0.0347617 0.594889 0.0695235 0.242513 0.00100803
1 0.470906 0.733073 0.368567 0.190104 0.822266
2 0.471647 0.730469 0.368567 0.190104 0.0116882
1 0.210239 0.334635 0.0723044 0.121094 0.00763702
1 0.21061 0.33138 0.0871361 0.144531 0.00390053
0 0.476004 0.730469 0.365045 0.192708 0.00157928
1 0.474984 0.730469 0.364859 0.184896 0.854004
1 0.209127 0.329427 0.0719336 0.119792 0.00926971
1 0.184284 0.855469 0.0437534 0.0546875 0.00279999
1 0.912148 0.790365 0.0593267 0.078125 0.0024929
1 0.143682 0.853516 0.0789787 0.0703125 0.00198746
1 0.205419 0.938151 0.0593267 0.10026 0.00170708
0 0.214318 0.327474 0.0793495 0.123698 0.00168705
1 0.213205 0.328125 0.0889901 0.142578 0.00130939
2 0.358927 0.607422 0.0919564 0.0429688 0.00100803
1 0.470535 0.730469 0.367826 0.192708 0.870605
1 0.21302 0.325195 0.0871361 0.14388 0.0105667
0 0.215801 0.322591 0.0860237 0.145182 0.00492477
0 0.471277 0.729818 0.365601 0.19401 0.0012064
2 0.215801 0.322591 0.0860237 0.145182 0.00110722
1 0.470906 0.733073 0.358185 0.190104 0.866211
1 0.207643 0.329753 0.0852821 0.125 0.00919342
0 0.214318 0.328125 0.0934396 0.128255 0.00137806
1 0.328522 0.0885417 0.0645178 0.0738932 0.0012064
1 0.912148 0.794271 0.062293 0.078125 0.00102806
1 0.47174 0.735026 0.375056 0.204427 0.891113
1 0.205419 0.333333 0.0741584 0.122396 0.00443268
1 0.188548 0.860677 0.0648886 0.0742188 0.00319672
1 0.333342 0.118978 0.0526525 0.123047 0.0019722
1 0.385624 0.227539 0.0489445 0.0384115 0.00193405
2 0.188548 0.860677 0.0648886 0.0742188 0.00151253
1 0.330098 0.0992839 0.056175 0.0901693 0.0014782
1 0.212093 0.933594 0.0678549 0.119792 0.00138855
1 0.21061 0.329427 0.101597 0.154297 0.0012598
1 0.335196 0.224935 0.044495 0.0423177 0.00122547
2 0.385624 0.227539 0.0489445 0.0384115 0.00112438
1 0.915115 0.792969 0.062293 0.0703125 0.00104046
1 0.464232 0.732422 0.379691 0.21224 0.896973
1 0.207273 0.327799 0.0797203 0.13737 0.00542831
1 0.187621 0.877604 0.0860237 0.148438 0.00296974
0 0.213205 0.328125 0.0808326 0.141927 0.00282288
2 0.187621 0.877604 0.0860237 0.148438 0.0024929
2 0.384882 0.224609 0.0489445 0.047526 0.00125504
1 0.211722 0.920573 0.0734168 0.145833 0.00122547
1 0.384882 0.224609 0.0489445 0.047526 0.0011158
1 0.219138 0.333659 0.0982599 0.159505 0.00109005
1 0.3326 0.121582 0.0556188 0.128581 0.00105286
1 0.470906 0.730469 0.367826 0.190104 0.847168
1 0.208385 0.333333 0.0734168 0.11849 0.0167236
1 0.909182 0.792969 0.062293 0.078125 0.00526047
1 0.217284 0.329427 0.0823158 0.138021 0.00429916
1 0.183542 0.855469 0.0585851 0.0651042 0.0024147
1 0.384882 0.225911 0.0563604 0.0455729 0.00214958
1 0.332971 0.13147 0.0526525 0.0964355 0.00213242
0 0.216172 0.332031 0.0749 0.122396 0.00185299
1 0.209497 0.93099 0.057102 0.0976562 0.00162888
1 0.328892 0.0957031 0.0548772 0.0729167 0.00158501
1 0.333713 0.227214 0.0489445 0.0426432 0.00129414
1 0.470535 0.731771 0.362635 0.1875 0.875977
1 0.210981 0.333008 0.0763831 0.119141 0.00985718
1 0.910665 0.794271 0.062293 0.0664062 0.00251198
1 0.38859 0.2264 0.057102 0.0384115 0.00182438
1 0.334084 0.130697 0.0541356 0.0970052 0.00152493
1 0.329356 0.0961914 0.0576581 0.0745443 0.00150681
1 0.185025 0.858073 0.0593267 0.0638021 0.00149536
1 0.469793 0.734375 0.359668 0.192708 0.869629
1 0.209683 0.333984 0.0760124 0.119792 0.012825
1 0.910665 0.794271 0.062293 0.0729167 0.00309944
1 0.333342 0.123535 0.0541356 0.109375 0.00192642
1 0.183542 0.858073 0.0593267 0.0677083 0.00191212
1 0.329171 0.0958659 0.0565458 0.0804036 0.00187492
1 0.38859 0.227376 0.0563604 0.0403646 0.00149536
1 0.469793 0.734375 0.359668 0.192708 0.870605
1 0.209683 0.333984 0.0760124 0.119792 0.0129242
1 0.910665 0.794271 0.062293 0.0729167 0.00312424
1 0.333342 0.123739 0.0541356 0.109294 0.00192642
1 0.183542 0.858073 0.0593267 0.0677083 0.00189686
1 0.329171 0.095988 0.0565458 0.0801595 0.00186062
1 0.388961 0.227376 0.0556188 0.0403646 0.00150108
