2 0.229526 0.654095 0.201078 0.295259 0.668945
2 0.291595 0.658405 0.340086 0.331897 0.220703
2 0.289009 0.579876 0.334914 0.568696 0.216064
2 0.265086 0.591056 0.272198 0.488147 0.0611877
0 0.289009 0.579876 0.334914 0.568696 0.0455933
2 0.369181 0.489224 0.192672 0.371767 0.0450134
0 0.276078 0.657328 0.307759 0.336207 0.0408325
0 0.230172 0.653017 0.193966 0.30819 0.0304413
2 0.0496228 0.328933 0.0966595 0.477909 0.0282135
2 0.393103 0.455819 0.200431 0.328664 0.0271759
2 0.755172 0.459052 0.0775862 0.168103 0.0217743
2 0.347117 0.548491 0.207058 0.496767 0.0215302
2 0.310991 0.480469 0.265733 0.340787 0.0146713
2 0.80431 0.463362 0.139655 0.162716 0.0125275
1 0.229041 0.647629 0.194289 0.310345 0.0086441
2 0.768103 0.457974 0.104741 0.181034 0.00837708
2 0.289655 0.574353 0.460345 0.59806 0.00682449
2 0.844397 0.475754 0.0724138 0.108836 0.00661469
2 0.480711 0.433728 0.228233 0.282328 0.00658798
2 0.422764 0.515086 0.615679 0.790948 0.00572968
2 0.247629 0.471444 0.310991 0.324353 0.00488663
2 0.420259 0.43319 0.196552 0.290948 0.00439835
0 0.289655 0.574353 0.460345 0.59806 0.00429916
0 0.422764 0.515086 0.615679 0.790948 0.0037365
0 0.755172 0.459052 0.0775862 0.168103 0.00362206
2 0.258621 0.386315 0.493965 0.688578 0.00345612
0 0.5 0.5 1 1 0.00342941
2 0.647845 0.457435 0.522414 0.297414 0.00337601
2 0.818534 0.408944 0.16681 0.283405 0.00321007
1 0.5 0.5 1 1 0.00319672
2 0.521121 0.570043 0.843103 0.737069 0.00314713
2 0.5 0.5 1 1 0.00302696
2 0.659483 0.491918 0.535345 0.744612 0.00300407
0 0.265086 0.591056 0.272198 0.488147 0.00298119
2 0.5 0.5 1 1 0.0029583
2 0.5 0.5 1 1 0.00294685
0 0.35528 0.485991 0.195905 0.364224 0.00286674
0 0.5 0.5 1 1 0.0028553
2 0.5 0.5 1 1 0.00283432
1 0.5 0.5 1 1 0.00279999
0 0.5 0.5 1 1 0.00279045
2 0.5 0.5 1 1 0.00277901
2 0.887069 0.476293 0.0788794 0.105603 0.00275803
1 0.5 0.5 1 1 0.00273705
2 0.5 0.5 1 1 0.00269318
0 0.0483297 0.325431 0.0960129 0.459052 0.00268364
0 0.5 0.5 1 1 0.00258064
2 0.113631 0.480603 0.227263 0.961207 0.00257111
1 0.5 0.5 1 1 0.00257111
2 0.5 0.5 1 1 0.00252151
2 0.229687 0.647629 0.170366 0.282328 0.304932
2 0.386638 0.433728 0.131897 0.207974 0.0451965
2 0.295393 0.605603 0.310506 0.359914 0.0450134
2 0.350108 0.444504 0.193965 0.225216 0.0386047
2 0.302667 0.458917 0.155011 0.25889 0.0342407
2 0.288281 0.409483 0.1243 0.15194 0.0264587
2 0.146282 0.662716 0.052694 0.215517 0.0229797
2 0.287069 0.522764 0.302586 0.482489 0.0218201
2 0.747414 0.461207 0.0594828 0.142241 0.0212097
2 0.58125 0.713901 0.343966 0.332974 0.0155411
2 0.86056 0.480065 0.0362069 0.0786638 0.014389
2 0.316487 0.480738 0.233405 0.316541 0.0136871
2 0.459698 0.688578 0.0607759 0.0883621 0.0134277
2 0.60792 0.386315 0.403125 0.423491 0.0115967
2 0.252155 0.556035 0.209483 0.487069 0.00898743
2 0.801724 0.469828 0.117672 0.105603 0.00878143
2 0.762931 0.415005 0.20431 0.254041 0.00828552
2 0.462608 0.727371 0.0575431 0.0797413 0.00731659
2 0.874138 0.478448 0.0491379 0.0797414 0.00701141
2 0.406034 0.420797 0.104741 0.226293 0.00664139
2 0.519828 0.685345 0.0614224 0.0711207 0.00602722
2 0.0532597 0.327586 0.106519 0.455819 0.00570679
2 0.592888 0.391164 0.0375 0.0538793 0.00568771
2 0.345582 0.554957 0.20625 0.482759 0.00450516
2 0.620851 0.41972 0.423815 0.586207 0.00418091
2 0.827586 0.440733 0.120259 0.148707 0.00416565
2 0.446121 0.689655 0.0581896 0.140086 0.00370789
2 0.511099 0.650323 0.428664 0.282328 0.00367928
2 0.0792834 0.271282 0.158567 0.542565 0.00362206
1 0.233728 0.65194 0.176509 0.273707 0.00359344
2 0.515948 0.735991 0.0762931 0.0646552 0.00337601
2 0.04243 0.266164 0.0796875 0.288793 0.00313568
1 0.86056 0.480065 0.0362069 0.0786638 0.00309944
2 0.469397 0.665948 0.0653017 0.148707 0.00307465
2 0.565086 0.390625 0.0905172 0.106681 0.00300407
2 0.775862 0.455819 0.100862 0.146552 0.00296974
2 0.600162 0.532328 0.39278 0.778017 0.00281143
1 0.874138 0.478448 0.0491379 0.0797414 0.00255013
2 0.556035 0.68319 0.0323276 0.0581897 0.00253105
2 0.501401 0.66972 0.0898707 0.162716 0.00250244
2 0.114723 0.66056 0.0931843 0.213362 0.00237846
1 0.747414 0.461207 0.0594828 0.142241 0.00213242
1 0.827586 0.440733 0.120259 0.148707 0.00208282
1 0.58125 0.713901 0.343966 0.332974 0.00198746
2 0.298384 0.690733 0.42931 0.618535 0.00195694
2 0.0404903 0.298491 0.0809806 0.354526 0.00185299
2 0.283836 0.686961 0.298707 0.216595 0.00183868
0 0.573815 0.719828 0.340733 0.344828 0.00182438
2 0.330388 0.69181 0.198491 0.168103 0.00171375
2 0.099569 0.653556 0.131897 0.228448 0.00168705
2 0.231466 0.635776 0.183621 0.28556 0.187134
2 0.376293 0.422953 0.144828 0.195043 0.168335
2 0.285776 0.637931 0.288362 0.290948 0.0583496
2 0.852155 0.480065 0.0465517 0.0797414 0.0319824
1 0.231142 0.648168 0.18556 0.268319 0.0257568
2 0.282543 0.570178 0.285129 0.435075 0.0237732
2 0.367888 0.446255 0.156466 0.251886 0.0220337
2 0.0336207 0.421336 0.0585129 0.190733 0.0184021
2 0.340086 0.689116 0.177155 0.154095 0.0179138
2 0.742241 0.456897 0.075 0.12931 0.0158997
2 0.347845 0.518454 0.201078 0.398437 0.0141144
1 0.178933 0.650862 0.107328 0.241379 0.0113297
2 0.56347 0.665948 0.0394396 0.0581897 0.0111618
2 0.348572 0.479661 0.202856 0.279903 0.0110703
1 0.382759 0.418642 0.130603 0.197198 0.01017
2 0.821121 0.474677 0.0982759 0.0980603 0.0100098
0 0.852155 0.480065 0.0465517 0.0797414 0.00985718
1 0.852155 0.480065 0.0465517 0.0797414 0.00978088
2 0.371767 0.6875 0.12931 0.154095 0.00959778
0 0.0353987 0.397495 0.0572198 0.215787 0.00844574
0 0.742241 0.456897 0.075 0.12931 0.00844574
1 0.283109 0.660022 0.285937 0.240302 0.00809479
2 0.187823 0.653017 0.127371 0.230603 0.00772476
2 0.288039 0.397091 0.109914 0.102371 0.00740433
2 0.30194 0.690733 0.263793 0.170259 0.00734711
2 0.0398437 0.44181 0.0657866 0.184267 0.00728989
2 0.874138 0.476832 0.0491379 0.0818965 0.00701141
2 0.0378233 0.385776 0.0617457 0.266164 0.00629044
1 0.742241 0.456897 0.075 0.12931 0.00624084
0 0.821121 0.474677 0.0982759 0.0980603 0.0049057
2 0.455172 0.667026 0.086638 0.12931 0.00450516
2 0.324246 0.506331 0.167457 0.340787 0.0042305
2 0.0398437 0.341595 0.0657866 0.330819 0.0041008
2 0.913578 0.476293 0.0931034 0.075431 0.00395966
2 0.491379 0.665948 0.138362 0.135776 0.00379562
1 0.56347 0.665948 0.0394396 0.0581897 0.00349617
1 0.238254 0.599138 0.182328 0.37069 0.00348282
2 0.846983 0.32166 0.0801724 0.102371 0.00345612
0 0.874138 0.476832 0.0491379 0.0818965 0.00342941
0 0.178933 0.650862 0.107328 0.241379 0.00341606
2 0.838578 0.492996 0.0659483 0.0915948 0.00325966
1 0.874138 0.476832 0.0491379 0.0818965 0.00319672
1 0.0336207 0.421336 0.0585129 0.190733 0.00317192
2 0.0415409 0.288793 0.0766164 0.328664 0.00314713
2 0.932328 0.346713 0.0775862 0.0845905 0.00313568
1 0.367888 0.446255 0.156466 0.251886 0.00307465
2 0.587716 0.393319 0.0801724 0.0959052 0.00302696
2 0.878017 0.332166 0.0814655 0.0899784 0.00300407
0 0.231142 0.648168 0.18556 0.268319 0.00298119
1 0.340086 0.689116 0.177155 0.154095 0.00282288
2 0.453879 0.725754 0.087931 0.126078 0.321777
2 0.850862 0.47791 0.0530172 0.0872844 0.223389
2 0.384375 0.431035 0.150647 0.22306 0.192505
2 0.741595 0.466595 0.0853448 0.135776 0.190674
2 0.454849 0.699353 0.0853448 0.16056 0.185913
2 0.412177 0.423491 0.100216 0.21444 0.182373
2 0.281897 0.626616 0.0950431 0.313578 0.145142
2 0.764224 0.459052 0.0853448 0.131466 0.112793
2 0.443211 0.694504 0.0821121 0.227371 0.103394
2 0.587716 0.394935 0.0439655 0.0678879 0.0953369
2 0.556681 0.665948 0.0400862 0.0883621 0.0570679
2 0.82306 0.472522 0.0995689 0.107759 0.0503235
2 0.254418 0.631465 0.24375 0.372845 0.0403748
2 0.87931 0.328664 0.0375 0.0571121 0.0389099
2 0.849569 0.467672 0.0620689 0.114224 0.0350647
2 0.307112 0.429014 0.0827586 0.1743 0.0346069
2 0.0264278 0.405711 0.0528556 0.21875 0.0333252
2 0.259833 0.396552 0.0492995 0.0732758 0.0330811
2 0.845043 0.317349 0.0711206 0.0786638 0.0282135
2 0.872845 0.477371 0.0517241 0.0797414 0.0273743
2 0.145959 0.661638 0.0623922 0.21875 0.025177
2 0.80819 0.316002 0.0323276 0.0700431 0.0244293
1 0.587716 0.394935 0.0439655 0.0678879 0.0236053
2 0.491379 0.681035 0.139655 0.1875 0.0235138
2 0.0344289 0.341595 0.0688578 0.448276 0.0230255
0 0.0407328 0.293642 0.0782328 0.381466 0.02211
2 0.907759 0.47306 0.087931 0.0797414 0.0211182
1 0.741595 0.466595 0.0853448 0.135776 0.0201721
2 0.479095 0.726832 0.120259 0.119612 0.0198669
0 0.0298222 0.335668 0.0596444 0.346983 0.0191956
1 0.850862 0.47791 0.0530172 0.0872844 0.0191193
2 0.29806 0.556035 0.0769397 0.375 0.018692
2 0.259591 0.639009 0.106681 0.273707 0.016098
2 0.0298222 0.335668 0.0596444 0.346983 0.0153656
2 0.241487 0.63847 0.160345 0.296336 0.0147324
1 0.141595 0.661638 0.0568966 0.206897 0.0147324
0 0.0264278 0.405711 0.0528556 0.21875 0.0144501
2 0.817241 0.487069 0.0943965 0.117457 0.0142288
2 0.314224 0.515625 0.087931 0.365302 0.0135345
2 0.139332 0.66056 0.0549569 0.189655 0.0132217
0 0.741595 0.466595 0.0853448 0.135776 0.0128708
0 0.850862 0.47791 0.0530172 0.0872844 0.0127258
2 0.690517 0.46444 0.0530172 0.105603 0.0117798
2 0.369181 0.459995 0.171983 0.284752 0.0115967
2 0.841164 0.345905 0.0724138 0.140086 0.0108566
2 0.28028 0.660022 0.344612 0.345905 0.0108185
2 0.245528 0.389951 0.0514009 0.0757004 0.0100937
2 0.0383486 0.32139 0.0766972 0.467134 0.0100555
2 0.0402478 0.314116 0.0698276 0.369612 0.00945282
2 0.720259 0.455819 0.0672413 0.125 0.00941467
2 0.45194 0.686422 0.0775862 0.107759 0.107422
0 0.857327 0.477909 0.0297414 0.075431 0.0917358
2 0.779741 0.471983 0.0672414 0.134698 0.0766602
2 0.857327 0.477909 0.0297414 0.075431 0.0673218
2 0.865733 0.466595 0.0387931 0.118534 0.0643921
2 0.747414 0.463362 0.0788793 0.135776 0.0609741
2 0.0288524 0.436422 0.0507543 0.144397 0.0401001
2 0.381465 0.429418 0.128017 0.21444 0.0354004
2 0.269935 0.396417 0.0601293 0.0778556 0.0307922
0 0.747414 0.463362 0.0788793 0.135776 0.029541
2 0.450646 0.689116 0.0775862 0.154095 0.0272675
2 0.744828 0.463362 0.0995689 0.159483 0.021286
2 0.683405 0.474677 0.0413793 0.113147 0.0192719
2 0.812069 0.476832 0.111207 0.0969828 0.0173798
0 0.812069 0.476832 0.111207 0.0969828 0.0142822
2 0.884483 0.33486 0.0426724 0.0522629 0.0133286
0 0.964655 0.774785 0.0568966 0.1875 0.0133286
0 0.0288524 0.436422 0.0507543 0.144397 0.0117798
2 0.589655 0.393858 0.0387931 0.0635776 0.0113297
0 0.874138 0.479526 0.0491379 0.075431 0.0113297
2 0.267026 0.697198 0.128664 0.165948 0.00881195
2 0.304203 0.448815 0.279957 0.227371 0.00881195
2 0.805603 0.329203 0.0232759 0.0506465 0.00857544
2 0.246983 0.578125 0.0782327 0.140086 0.00815582
2 0.0411369 0.454741 0.0607759 0.153017 0.00787354
2 0.874138 0.479526 0.0491379 0.075431 0.00784302
2 0.923276 0.460129 0.0931034 0.116379 0.00728989
2 0.270582 0.553879 0.364655 0.440733 0.00723267
2 0.30396 0.411638 0.118804 0.142241 0.00717545
1 0.857327 0.477909 0.0297414 0.075431 0.00717545
2 0.907759 0.478987 0.087931 0.080819 0.00612259
0 0.810776 0.494073 0.0956896 0.101293 0.00582123
2 0.26452 0.626078 0.392942 0.340517 0.00542831
2 0.363362 0.476293 0.169397 0.311422 0.00516129
2 0.684052 0.476293 0.0530172 0.134698 0.00508118
2 0.964655 0.774785 0.0568966 0.1875 0.0050621
1 0.964655 0.773707 0.0594828 0.170259 0.00494385
2 0.810776 0.494073 0.0956896 0.101293 0.0046463
2 0.24278 0.648707 0.161638 0.278017 0.00453949
2 0.263147 0.603448 0.0717672 0.196121 0.00452042
0 0.683405 0.474677 0.0413793 0.113147 0.00443268
0 0.734483 0.464978 0.103448 0.162716 0.00429916
0 0.955603 0.766164 0.0672413 0.146552 0.00419998
0 0.834698 0.489763 0.0737069 0.100216 0.0041008
2 0.252721 0.63847 0.111369 0.283405 0.00372124
0 0.246983 0.578125 0.0782327 0.140086 0.00314713
2 0.33944 0.524246 0.164224 0.383621 0.00309944
0 0.907759 0.478987 0.087931 0.080819 0.00307465
2 0.95819 0.798491 0.0711207 0.168103 0.00292397
0 0.0431573 0.459591 0.0646552 0.139009 0.00291252
2 0.329176 0.495555 0.236476 0.392511 0.396973
2 0.265733 0.535695 0.371121 0.525593 0.192505
2 0.227909 0.631466 0.209483 0.3125 0.115173
2 0.326509 0.463497 0.219828 0.288524 0.10968
2 0.288443 0.631466 0.317942 0.336207 0.0495911
2 0.28319 0.471444 0.338147 0.345905 0.0422363
2 0.261934 0.546201 0.280442 0.461476 0.0405273
2 0.0445313 0.325431 0.0741918 0.492457 0.0360718
2 0.72931 0.464978 0.103448 0.181034 0.0262604
2 0.239547 0.446659 0.440948 0.368535 0.0180969
2 0.75 0.46444 0.116379 0.174569 0.0178528
0 0.760722 0.981681 0.478556 0.0366379 0.0109863
2 0.852802 0.480065 0.0400862 0.0840517 0.0105667
2 0.844397 0.465517 0.0775862 0.121767 0.0102081
2 0.221767 0.342672 0.443534 0.474138 0.00775528
2 0.0771013 0.336746 0.13222 0.498922 0.00712204
0 0.852802 0.480065 0.0400862 0.0840517 0.00653839
2 0.375647 0.429418 0.143534 0.270474 0.00600433
0 0.726724 0.462823 0.106034 0.184267 0.00462723
2 0.803017 0.472522 0.118966 0.142241 0.00457382
2 0.63556 0.539332 0.465517 0.479526 0.00457382
0 0.333297 0.514009 0.229526 0.421336 0.00434875
2 0.033459 0.346444 0.0669181 0.62931 0.00413513
1 0.332004 0.481142 0.228233 0.340517 0.00391388
2 0.471983 0.667565 0.0439655 0.0689655 0.00365067
0 0.675 0.978987 0.5625 0.0420259 0.00356483
2 0.563793 0.667026 0.0310345 0.0517242 0.00351143
2 0.0456627 0.371228 0.0913254 0.594828 0.00342941
0 0.286422 0.527478 0.333621 0.493535 0.00340271
2 0.807543 0.33028 0.0206896 0.0501078 0.00327301
2 0.683405 0.56681 0.557328 0.631466 0.00312424
1 0.314224 0.5066 0.268319 0.448006 0.00251198
2 0.578664 0.385911 0.298707 0.161369 0.00245285
0 0.866379 0.477371 0.0620689 0.0883621 0.00234222
0 0.75 0.46444 0.116379 0.174569 0.00226021
0 0.0412177 0.339507 0.0788793 0.525727 0.00201988
0 0.803017 0.472522 0.118966 0.142241 0.00187492
1 0.75 0.46444 0.116379 0.174569 0.00169373
2 0.866379 0.477371 0.0620689 0.0883621 0.00165462
2 0.516918 0.556573 0.570905 0.602371 0.0016489
1 0.28319 0.471444 0.338147 0.345905 0.00145531
1 0.283513 0.528556 0.367888 0.544181 0.00144958
1 0.261934 0.546201 0.280442 0.461476 0.00141048
1 0.202371 0.0557651 0.404741 0.11153 0.00140476
2 0.110399 0.352101 0.20722 0.551185 0.00138855
1 0.852802 0.480065 0.0400862 0.0840517 0.00130463
1 0.739547 0.979526 0.520905 0.0409483 0.00130463
0 0.326509 0.463497 0.219828 0.288524 0.00123024
1 0.23195 0.634698 0.20722 0.327586 0.00121593
2 0.738362 0.416487 0.137069 0.220905 0.00121117
2 0.460345 0.681573 0.0614224 0.0797414 0.166138
2 0.406358 0.422414 0.0969827 0.190733 0.122498
0 0.849569 0.474677 0.0594828 0.123922 0.101562
0 0.964655 0.770474 0.0594828 0.193966 0.0907593
2 0.278987 0.397629 0.0866379 0.102371 0.0665894
0 0.80431 0.462285 0.13319 0.159483 0.0587769
2 0.781034 0.466595 0.12931 0.15625 0.0460205
2 0.342349 0.448276 0.206897 0.231681 0.0441895
0 0.0322468 0.376616 0.0565733 0.309267 0.0417786
0 0.0409752 0.319774 0.0722522 0.39709 0.0393372
0 0.875431 0.471983 0.0530172 0.109914 0.0367737
0 0.771983 0.457435 0.111207 0.172414 0.0362244
2 0.226131 0.635776 0.194289 0.301724 0.0350037
2 0.375647 0.422414 0.152586 0.202586 0.0346985
2 0.448384 0.698276 0.0892242 0.12931 0.0272675
2 0.290302 0.643319 0.298707 0.293103 0.0268555
2 0.0322468 0.376616 0.0565733 0.309267 0.0264587
0 0.221767 0.639009 0.194612 0.301724 0.0198669
2 0.567349 0.661099 0.031681 0.0538793 0.0189819
2 0.330388 0.69666 0.243103 0.171336 0.0187225
2 0.589009 0.387931 0.0387931 0.0765086 0.014061
0 0.827586 0.477371 0.109914 0.136853 0.0136871
2 0.966595 0.426724 0.0387932 0.0668104 0.0131683
2 0.80431 0.462285 0.13319 0.159483 0.0127258
2 0.343238 0.478448 0.212231 0.355603 0.0122375
2 0.438039 0.691272 0.09375 0.163793 0.0122375
2 0.814009 0.323006 0.0336207 0.0824353 0.0118256
2 0.849569 0.474677 0.0594828 0.123922 0.0114212
2 0.0409752 0.319774 0.0722522 0.39709 0.0108185
1 0.966595 0.793103 0.0452586 0.118534 0.00806427
2 0.834698 0.455819 0.107328 0.12069 0.00763702
0 0.700862 0.721444 0.0827586 0.136853 0.00740433
2 0.370797 0.690733 0.146767 0.171336 0.00723267
2 0.875431 0.471983 0.0530172 0.109914 0.00712204
0 0.914224 0.462285 0.087931 0.0969828 0.00679779
2 0.303879 0.538658 0.284483 0.487338 0.00658798
0 0.826293 0.450431 0.108621 0.145474 0.00631332
0 0.966595 0.793103 0.0452586 0.118534 0.00631332
0 0.0471983 0.382678 0.0782328 0.353179 0.00614548
2 0.872198 0.321121 0.0556035 0.126078 0.00602722
2 0.352371 0.544181 0.186207 0.466595 0.00518036
0 0.814009 0.323006 0.0336207 0.0824353 0.00510025
2 0.846983 0.321659 0.0737069 0.0980603 0.0050621
2 0.390517 0.432651 0.136422 0.242457 0.0050621
0 0.880603 0.484375 0.0659483 0.12069 0.0049057
1 0.460345 0.681573 0.0614224 0.0797414 0.00482941
2 0.440302 0.420797 0.134483 0.201509 0.00481033
2 0.964009 0.345905 0.0387931 0.0765086 0.00475693
0 0.846983 0.321659 0.0737069 0.0980603 0.00471878
2 0.966595 0.793103 0.0452586 0.118534 0.00469971
2 0.276724 0.540409 0.347845 0.49569 0.162354
2 0.0585937 0.328125 0.10361 0.471983 0.0930176
2 0.328772 0.507543 0.235345 0.425647 0.0838623
2 0.0412177 0.35722 0.0772629 0.386853 0.0766602
2 0.77069 0.459052 0.160345 0.178879 0.0698242
2 0.46681 0.669181 0.0530172 0.0625 0.062561
2 0.352694 0.428879 0.18944 0.215517 0.0568542
2 0.342996 0.444908 0.211422 0.282597 0.0503235
2 0.587716 0.382004 0.0400862 0.0732759 0.0354004
2 0.2684 0.474677 0.382597 0.336207 0.0327759
2 0.279957 0.62069 0.311638 0.349138 0.03125
2 0.752586 0.459995 0.15 0.207166 0.0287628
2 0.854741 0.47306 0.0413793 0.101293 0.0182648
0 0.854741 0.47306 0.0413793 0.101293 0.0167236
0 0.764224 0.459591 0.162931 0.19181 0.0164032
0 0.782328 0.459052 0.155172 0.162716 0.0159607
2 0.395043 0.423491 0.152586 0.201509 0.0157776
2 0.310668 0.451643 0.146767 0.243265 0.0138474
2 0.522414 0.381331 0.16681 0.0972522 0.0135345
0 0.0601293 0.29472 0.0940733 0.386853 0.0110321
2 0.882543 0.328664 0.0400862 0.0581897 0.0109863
2 0.227909 0.626616 0.225 0.334052 0.0088501
0 0.88319 0.471983 0.0724137 0.101293 0.00806427
2 0.45 0.423357 0.249569 0.202856 0.00800323
2 0.0480873 0.347522 0.0961746 0.460129 0.00728989
2 0.88319 0.471983 0.0724137 0.101293 0.00698471
0 0.297091 0.536099 0.300647 0.514009 0.00656509
0 0.342996 0.444908 0.211422 0.282597 0.00609589
1 0.46681 0.669181 0.0530172 0.0625 0.00609589
2 0.0666756 0.392241 0.128502 0.367457 0.00605011
0 0.328772 0.507543 0.235345 0.425647 0.005867
2 0.562177 0.663793 0.0310345 0.0409483 0.00572968
2 0.726724 0.46444 0.121552 0.178879 0.00564194
2 0.84569 0.325431 0.0724137 0.0765086 0.00524139
2 0.905172 0.467672 0.0956897 0.0991379 0.00496292
2 0.817241 0.327856 0.0413793 0.0738146 0.00479126
2 0.325296 0.505253 0.184752 0.377425 0.00471878
1 0.28319 0.559267 0.331681 0.478448 0.00455475
2 0.297091 0.554957 0.194612 0.407328 0.00436401
0 0.905172 0.467672 0.0956897 0.0991379 0.00399017
0 0.827586 0.481142 0.107328 0.136853 0.00387001
2 0.493319 0.421336 0.203017 0.186422 0.00369263
1 0.279957 0.62069 0.311638 0.349138 0.00359344
2 0.0974677 0.368535 0.194289 0.399784 0.00344276
2 0.0271148 0.340787 0.0542295 0.527478 0.00291252
2 0.819828 0.461207 0.131897 0.144397 0.00273705
2 0.469397 0.641164 0.0581897 0.0905172 0.0026722
2 0.451616 0.689116 0.0853448 0.139009 0.00265312
2 0.0736261 0.287177 0.112985 0.390086 0.00260162
0 0.859914 0.614224 0.106034 0.112069 0.00248146
2 0.389224 0.434806 0.131897 0.228448 0.248657
2 0.378233 0.457435 0.153879 0.309267 0.127197
2 0.457112 0.676724 0.0866379 0.112069 0.126343
2 0.844397 0.479526 0.0646552 0.0883621 0.125488
2 0.814655 0.476293 0.116379 0.125 0.119202
2 0.799138 0.46875 0.12931 0.153017 0.118408
2 0.456789 0.68319 0.0950431 0.157328 0.0789185
2 0.779741 0.467672 0.111207 0.172414 0.0495911
2 0.326509 0.489359 0.137069 0.320851 0.0484924
2 0.0278017 0.394262 0.0484914 0.261045 0.0476074
2 0.587716 0.387796 0.0375 0.0649246 0.0448608
2 0.454526 0.422414 0.239224 0.210129 0.0309143
2 0.0311153 0.329741 0.0517241 0.427802 0.0284424
2 0.295151 0.425781 0.0943965 0.146282 0.0232391
0 0.844397 0.479526 0.0646552 0.0883621 0.0213623
2 0.298384 0.592672 0.120905 0.381466 0.0191956
2 0.293454 0.538658 0.091972 0.487338 0.0179901
2 0.0439655 0.337015 0.0751616 0.468211 0.0165863
2 0.512069 0.387392 0.184914 0.0969828 0.016098
2 0.748707 0.466595 0.113793 0.178879 0.0154266
2 0.319477 0.630388 0.180873 0.301724 0.0154266
2 0.438362 0.679957 0.0685345 0.150862 0.0145035
2 0.321013 0.508755 0.258621 0.363955 0.0124817
2 0.340652 0.425108 0.191541 0.176724 0.0120087
2 0.257004 0.625 0.137716 0.321121 0.01017
2 0.874138 0.478448 0.0594828 0.0818965 0.0100098
2 0.822414 0.331358 0.0517241 0.0775862 0.00948334
2 0.043319 0.403556 0.0733836 0.311422 0.00919342
2 0.368534 0.541083 0.160345 0.49111 0.00919342
2 0.238901 0.633621 0.133836 0.286638 0.00898743
0 0.812069 0.477371 0.121552 0.144397 0.008255
0 0.0311153 0.329741 0.0517241 0.427802 0.00800323
2 0.837931 0.330819 0.0788793 0.0775862 0.00787354
0 0.0278017 0.394262 0.0484914 0.261045 0.00772476
2 0.147737 0.65625 0.0846983 0.247845 0.00763702
2 0.280038 0.584591 0.10458 0.367457 0.00757599
0 0.874138 0.478448 0.0594828 0.0818965 0.00746155
2 0.499461 0.422414 0.215302 0.199353 0.00706482
0 0.792672 0.469828 0.144828 0.159483 0.00674438
0 0.82306 0.487608 0.122845 0.112069 0.00658798
2 0.213685 0.633621 0.192672 0.304957 0.00653839
0 0.0439655 0.337015 0.0751616 0.468211 0.0064621
2 0.352694 0.678879 0.176509 0.193966 0.00526047
2 0.37306 0.685345 0.15 0.172414 0.00498199
0 0.875431 0.493535 0.0646552 0.102371 0.00341606
2 0.0226697 0.345366 0.0453394 0.561422 0.00294685
2 0.0806573 0.406115 0.127371 0.299838 0.00284576
2 0.404741 0.42403 0.122845 0.190733 0.00277901
2 0.0835668 0.330011 0.154849 0.503772 0.00275803
2 0.707974 0.47306 0.0801724 0.144397 0.0024929
2 0.587716 0.38416 0.0387931 0.0646552 0.0713501
2 0.390517 0.424434 0.121552 0.194235 0.0592041
2 0.0303071 0.435345 0.0517241 0.170259 0.0411377
2 0.284483 0.395474 0.0698276 0.0743535 0.0359497
2 0.857974 0.480603 0.0400863 0.0818965 0.0304413
2 0.880603 0.47791 0.0543104 0.0797414 0.02211
2 0.950431 0.443966 0.0387931 0.0797414 0.0215759
2 0.0400862 0.398572 0.0682112 0.282597 0.0131226
2 0.293211 0.533405 0.311638 0.375 0.0129242
2 0.293534 0.481142 0.290948 0.28556 0.0109863
2 0.936207 0.47306 0.0413793 0.0646551 0.0108185
2 0.301293 0.412716 0.100862 0.136853 0.0104904
2 0.812069 0.476293 0.12931 0.118534 0.00981903
2 0.0483297 0.460129 0.0788793 0.178879 0.00971222
2 0.813362 0.324892 0.0284483 0.0484914 0.00837708
2 0.552802 0.382678 0.103448 0.0816271 0.00793457
2 0.779741 0.462285 0.165517 0.148707 0.00763702
2 0.286099 0.530172 0.310991 0.251078 0.00746155
0 0.857974 0.480603 0.0400863 0.0818965 0.00734711
2 0.751293 0.450431 0.100862 0.133621 0.00706482
2 0.884483 0.33055 0.0336207 0.0436422 0.0069046
2 0.696336 0.464978 0.0491379 0.106681 0.0064888
2 0.377586 0.443427 0.146767 0.246767 0.0064621
2 0.411853 0.423491 0.131897 0.200431 0.00591278
2 0.458405 0.672953 0.0711207 0.0786638 0.00572968
2 0.965948 0.341056 0.0310345 0.0571121 0.00566483
2 0.846983 0.328664 0.062069 0.0522629 0.00534439
2 0.854741 0.453125 0.0543103 0.101293 0.00519943
2 0.965948 0.463362 0.0297414 0.0538793 0.0051384
2 0.310668 0.459995 0.111853 0.248114 0.00510025
0 0.880603 0.47791 0.0543104 0.0797414 0.0046463
2 0.799138 0.451509 0.100862 0.114224 0.00443268
2 0.0817888 0.422953 0.118966 0.104526 0.00388527
2 0.585614 0.453125 0.0779095 0.0969828 0.00353813
2 0.347845 0.470366 0.207543 0.31681 0.00352478
2 0.967888 0.395474 0.0258621 0.0614224 0.00332451
2 0.969828 0.775862 0.0413794 0.146552 0.00332451
2 0.425431 0.425108 0.1875 0.189655 0.00296974
2 0.137716 0.40194 0.0375 0.0603448 0.00271416
2 0.942672 0.341056 0.0426724 0.0538793 0.00263214
2 0.240194 0.397629 0.0420259 0.0646551 0.00230598
1 0.587716 0.38416 0.0387931 0.0646552 0.00214958
2 0.11149 0.401401 0.216676 0.248922 0.00214958
2 0.454849 0.674569 0.0762931 0.12931 0.00208282
2 0.0807381 0.468211 0.123653 0.162716 0.00192642
0 0.812069 0.476293 0.12931 0.118534 0.00185299
2 0.837931 0.488147 0.106034 0.107759 0.00184631
0 0.936207 0.47306 0.0413793 0.0646551 0.00183868
2 0.243427 0.442888 0.400216 0.244612 0.00174141
2 0.512716 0.448276 0.184914 0.12069 0.00171375
2 0.041056 0.317349 0.0683728 0.457974 0.125488
2 0.743535 0.469828 0.0853448 0.176724 0.0742188
2 0.0484914 0.289601 0.0814655 0.377694 0.0710449
2 0.0560884 0.353448 0.0985991 0.418103 0.0501404
2 0.240194 0.615841 0.184267 0.34806 0.0322266
2 0.290383 0.626078 0.123976 0.318965 0.0313721
2 0.3 0.547414 0.167457 0.479526 0.0293121
2 0.475215 0.683728 0.0387931 0.0538793 0.0272675
2 0.810776 0.316541 0.0336207 0.065194 0.0271759
2 0.587716 0.38847 0.0439655 0.0678879 0.0239563
2 0.274219 0.402478 0.058028 0.0818965 0.0227966
0 0.859914 0.473599 0.0413793 0.126078 0.0224609
2 0.345582 0.459591 0.215302 0.283405 0.0196381
2 0.324003 0.449219 0.153718 0.233028 0.0185394
2 0.285453 0.582974 0.331034 0.418103 0.0165253
2 0.344612 0.486126 0.221121 0.396282 0.0164032
0 0.797198 0.470366 0.146121 0.16056 0.014389
2 0.86056 0.460129 0.0362069 0.131466 0.0143356
2 0.0541487 0.425647 0.0976293 0.269397 0.0139008
1 0.968534 0.762931 0.0543103 0.185345 0.013588
0 0.753233 0.46875 0.1125 0.174569 0.0132217
2 0.797198 0.470366 0.146121 0.16056 0.0125275
0 0.884483 0.46875 0.0659482 0.125 0.0124283
2 0.327802 0.522764 0.254741 0.544989 0.0104904
0 0.968534 0.762931 0.0543103 0.185345 0.0102463
2 0.779741 0.460129 0.116379 0.158405 0.0102463
2 0.695043 0.471983 0.0620689 0.155172 0.00941467
2 0.073222 0.333513 0.130927 0.479526 0.00740433
2 0.262823 0.565733 0.139009 0.456897 0.00701141
2 0.569612 0.66056 0.0349138 0.0538793 0.0064888
2 0.382435 0.436961 0.151293 0.224138 0.00634003
2 0.882543 0.325431 0.0426724 0.0641164 0.00609589
0 0.827586 0.475216 0.118966 0.142241 0.00595856
2 0.307112 0.489763 0.137716 0.309267 0.00526047
2 0.4125 0.41056 0.0840517 0.18319 0.00516129
1 0.587716 0.38847 0.0439655 0.0678879 0.00460815
0 0.955603 0.761315 0.0711206 0.186422 0.00443268
0 0.949138 0.774246 0.0491379 0.175647 0.00436401
2 0.463901 0.724677 0.0594828 0.0657328 0.00424957
0 0.907759 0.461207 0.0956897 0.12069 0.00397491
2 0.0778287 0.454607 0.125916 0.226562 0.00385475
2 0.856034 0.318966 0.0568966 0.0770474 0.00344276
2 0.277694 0.52694 0.119612 0.49569 0.00314713
2 0.0926185 0.485991 0.119289 0.170259 0.00307465
2 0.128381 0.346175 0.248842 0.371228 0.00271416
0 0.885129 0.446121 0.0607759 0.137931 0.00265312
2 0.703448 0.46444 0.0620689 0.172414 0.00263214
0 0.0418642 0.362069 0.0737069 0.369612 0.00253105
2 0.949138 0.774246 0.0491379 0.175647 0.00240517
0 0.0484914 0.289601 0.0814655 0.377694 0.00222588
2 0.0516433 0.336746 0.0822737 0.454741 0.115967
2 0.871552 0.462285 0.0465517 0.121767 0.0495911
2 0.413147 0.422279 0.0872845 0.164062 0.0268555
2 0.258944 0.405711 0.0426724 0.0786638 0.0184784
0 0.048653 0.340787 0.084375 0.478987 0.0179901
2 0.46681 0.685345 0.0497845 0.0560345 0.0158997
2 0.325862 0.421336 0.116379 0.149784 0.0134277
2 0.721552 0.46444 0.0672414 0.125 0.0132217
2 0.345905 0.471444 0.144828 0.262931 0.0112
2 0.777155 0.465517 0.0982759 0.137931 0.0108185
2 0.861207 0.482759 0.0362069 0.0969827 0.0104065
2 0.380172 0.441272 0.151293 0.210129 0.0103302
2 0.358836 0.428745 0.169397 0.172683 0.0102463
2 0.867672 0.375 0.0956897 0.224138 0.00948334
2 0.452586 0.715517 0.0459052 0.0883621 0.00898743
2 0.75 0.47306 0.0853448 0.153017 0.00837708
2 0.585938 0.388874 0.0462285 0.0757004 0.00831604
2 0.0515625 0.393184 0.0931034 0.358028 0.00602722
2 0.876724 0.478448 0.0543103 0.0969828 0.00575256
2 0.396336 0.4309 0.121552 0.183459 0.00527954
2 0.333297 0.447737 0.204957 0.226293 0.00527954
2 0.35431 0.473599 0.174569 0.326509 0.00524139
2 0.0704741 0.367996 0.127047 0.438578 0.0051384
2 0.806897 0.328933 0.0336206 0.0630388 0.00455475
1 0.0533405 0.33944 0.078556 0.455819 0.00405502
2 0.73319 0.47306 0.103448 0.165948 0.00353813
0 0.861207 0.482759 0.0362069 0.0969827 0.00345612
2 0.340409 0.517376 0.201078 0.383351 0.00340271
2 0.292241 0.69181 0.0840517 0.174569 0.00305176
2 0.813362 0.480603 0.116379 0.125 0.00299263
2 0.457112 0.730603 0.0646552 0.0625 0.00288963
2 0.0368939 0.349677 0.0737877 0.477371 0.00251198
2 0.938147 0.45528 0.0607759 0.119612 0.00245285
0 0.740302 0.475216 0.115086 0.15194 0.00216484
2 0.932974 0.47306 0.0530173 0.0818965 0.00211525
2 0.0743534 0.432651 0.123491 0.297414 0.0019722
2 0.704741 0.47791 0.0672414 0.143319 0.00189686
0 0.876724 0.478448 0.0543103 0.0969828 0.00186729
2 0.880603 0.340787 0.0413794 0.0738146 0.00181007
2 0.45097 0.685345 0.062069 0.0797414 0.00179577
2 0.743535 0.394262 0.193966 0.248114 0.00169373
2 0.245366 0.407328 0.0510776 0.0775862 0.00168705
2 0.277047 0.446121 0.0911638 0.176724 0.00163555
0 0.0515625 0.393184 0.0931034 0.358028 0.00153065
2 0.775862 0.328664 0.0607759 0.0528017 0.00149536
2 0.851509 0.336746 0.0646552 0.0765086 0.00136662
2 0.295474 0.574892 0.0956897 0.41056 0.00136662
2 0.956897 0.791487 0.0517241 0.144397 0.00135136
0 0.813362 0.480603 0.116379 0.125 0.00116539
2 0.323599 0.533405 0.147414 0.487069 0.00107288
2 0.87931 0.471983 0.0646551 0.108836 0.0352783
2 0.475539 0.678879 0.0375 0.0387931 0.0340881
2 0.0350754 0.371767 0.0614224 0.356681 0.033844
2 0.854095 0.47791 0.0465517 0.119612 0.0236969
0 0.043319 0.346175 0.080819 0.488685 0.0202942
2 0.0517241 0.367457 0.0956897 0.398707 0.0189056
2 0.586907 0.385237 0.0442888 0.075431 0.0182648
2 0.924569 0.474138 0.0581896 0.0862069 0.0177155
0 0.87931 0.471983 0.0646551 0.108836 0.0170441
0 0.854095 0.47791 0.0465517 0.119612 0.016922
2 0.288362 0.701509 0.0788793 0.148707 0.0157166
2 0.263227 0.397495 0.0373384 0.0713901 0.0154877
2 0.80819 0.476832 0.126724 0.142241 0.0134277
2 0.882543 0.326509 0.0387931 0.0528018 0.0131683
2 0.80819 0.325162 0.0284482 0.0490302 0.0124283
2 0.7875 0.47306 0.162931 0.170259 0.0118713
0 0.80819 0.476832 0.126724 0.142241 0.0117798
2 0.762931 0.469828 0.087931 0.176724 0.0114212
2 0.0405711 0.351832 0.0724138 0.454741 0.0108185
0 0.779741 0.475754 0.177155 0.165948 0.0104065
2 0.289009 0.640086 0.0872845 0.282328 0.00923157
2 0.568966 0.664871 0.0336207 0.0452586 0.00837708
2 0.853448 0.46444 0.0698276 0.157328 0.00740433
0 0.0350754 0.347522 0.0604526 0.427802 0.00723267
2 0.367241 0.435884 0.17069 0.21444 0.00706482
2 0.400539 0.412716 0.107974 0.192888 0.00577545
0 0.924569 0.474138 0.0581896 0.0862069 0.00577545
2 0.351078 0.477505 0.178448 0.325162 0.00547028
2 0.271552 0.54472 0.372414 0.479526 0.00530243
2 0.304526 0.549569 0.106034 0.462285 0.00503922
0 0.0517241 0.367457 0.0956897 0.398707 0.00498199
2 0.0706358 0.379849 0.136746 0.409483 0.00484848
2 0.560237 0.443966 0.129957 0.118534 0.00443268
2 0.323276 0.408944 0.15 0.131466 0.00441742
2 0.350431 0.420259 0.193966 0.163793 0.00424957
2 0.245851 0.502155 0.416056 0.357759 0.00413513
2 0.855388 0.325431 0.0517241 0.0522629 0.00372124
2 0.0564925 0.412581 0.101024 0.301994 0.00340271
2 0.166164 0.655172 0.0976293 0.241379 0.00331116
2 0.965948 0.46444 0.0323276 0.0689655 0.00329781
0 0.965948 0.760776 0.0439655 0.163793 0.00327301
0 0.853448 0.46444 0.0698276 0.157328 0.00318527
1 0.043319 0.346175 0.080819 0.488685 0.003088
2 0.739009 0.46875 0.0943965 0.193965 0.00300407
2 0.0745151 0.449353 0.130603 0.247845 0.00288963
2 0.772629 0.328664 0.0465518 0.0398707 0.00279045
2 0.731897 0.478448 0.126724 0.18319 0.00257111
0 0.731897 0.478448 0.126724 0.18319 0.00234222
0 0.956897 0.784483 0.0387931 0.142241 0.00231361
2 0.468103 0.730603 0.0491379 0.0495689 0.00228691
2 0.471983 0.673491 0.0362069 0.0387931 0.058136
2 0.0319235 0.373384 0.0570582 0.334052 0.0211182
2 0.567672 0.663793 0.0375 0.0452586 0.0145035
2 0.856034 0.480603 0.0413794 0.0926724 0.0112
2 0.0457435 0.384564 0.0792026 0.358028 0.00658798
0 0.0434806 0.344019 0.0640086 0.407866 0.00566483
2 0.814655 0.482759 0.118965 0.116379 0.00450516
2 0.938793 0.477371 0.0413794 0.0743535 0.00413513
2 0.584321 0.386853 0.0520474 0.0765086 0.00391388
0 0.856034 0.480603 0.0413794 0.0926724 0.00362206
2 0.88319 0.32597 0.0387931 0.0484914 0.00324821
2 0.263147 0.399785 0.0368535 0.0581897 0.00324821
2 0.687931 0.477371 0.0439655 0.118534 0.00319672
2 0.792672 0.475754 0.15 0.144397 0.003088
2 0.882543 0.478987 0.0711206 0.0872845 0.00296974
2 0.810776 0.327047 0.0284483 0.0463362 0.00288963
2 0.771336 0.455819 0.0892241 0.142241 0.00288963
2 0.0434806 0.344019 0.0640086 0.407866 0.0026722
2 0.450647 0.671336 0.05625 0.0603448 0.0024929
2 0.520474 0.669181 0.0387931 0.0344827 0.00201988
0 0.0323276 0.353987 0.0565733 0.384698 0.00168705
2 0.577371 0.455819 0.103448 0.0851293 0.00165462
0 0.814655 0.482759 0.118965 0.116379 0.00154305
2 0.466487 0.725754 0.0484913 0.0560345 0.00134087
0 0.567672 0.663793 0.0375 0.0452586 0.00133038
0 0.0457435 0.384564 0.0792026 0.358028 0.0012598
0 0.882543 0.478987 0.0711206 0.0872845 0.00119686
2 0.936207 0.511853 0.0413793 0.0689655 0.00119209
2 0.796552 0.438578 0.103448 0.107759 0.00118351
2 0.470366 0.682651 0.0446121 0.0463363 0.0380249
0 0.041945 0.337284 0.0761315 0.4375 0.0362244
2 0.26056 0.40194 0.0420259 0.0646552 0.0234222
2 0.0324084 0.372306 0.0614224 0.321121 0.0233307
0 0.0324084 0.372306 0.0614224 0.321121 0.0199432
2 0.859267 0.476293 0.0349138 0.0883621 0.0142288
2 0.384052 0.428341 0.147414 0.206897 0.0119629
2 0.749353 0.463362 0.104741 0.163793 0.00978088
2 0.0426724 0.333782 0.0830819 0.459591 0.00912476
2 0.881897 0.475216 0.0672414 0.0926724 0.0088501
2 0.583351 0.385237 0.0565733 0.0786638 0.0078125
2 0.924569 0.478448 0.0672414 0.0797414 0.00658798
2 0.881896 0.33028 0.0439655 0.0538793 0.00419998
2 0.555065 0.460129 0.153233 0.0969828 0.00397491
0 0.859267 0.476293 0.0349138 0.0883621 0.00397491
2 0.774569 0.476832 0.15 0.158405 0.00378036
2 0.87931 0.469289 0.0465517 0.118534 0.00374985
2 0.320043 0.424434 0.126724 0.142511 0.00332451
0 0.756465 0.466056 0.126724 0.167026 0.00263214
2 0.768103 0.449353 0.12931 0.133621 0.00257111
2 0.567026 0.669181 0.0349138 0.0474138 0.00230598
2 0.69569 0.472522 0.0543103 0.132543 0.00228691
2 0.0465517 0.43319 0.0895474 0.253233 0.00212479
2 0.809483 0.329203 0.0310345 0.0538793 0.00210762
2 0.359483 0.442753 0.1875 0.217942 0.00209999
0 0.881897 0.475216 0.0672414 0.0926724 0.0020504
0 0.784914 0.476832 0.152586 0.132543 0.0017004
2 0.24375 0.403017 0.0465517 0.0668103 0.00151253
2 0.529526 0.378772 0.182328 0.105603 0.00136185
0 0.924569 0.478448 0.0672414 0.0797414 0.00112438
2 0.531466 0.446121 0.206897 0.144397 0.00109005
2 0.0701509 0.396552 0.127047 0.298491 0.00108147
2 0.462608 0.72306 0.0575431 0.0614224 0.00108147
2 0.961422 0.469828 0.0387931 0.0678879 0.00106525
1 0.859267 0.476293 0.0349138 0.0883621 0.00105667
2 0.0425108 0.324892 0.0850215 0.447198 0.0841675
2 0.468427 0.679957 0.0439655 0.0431035 0.0628052
0 0.0475216 0.33028 0.0918103 0.450431 0.0341797
2 0.0375 0.356681 0.0672414 0.368535 0.0253754
2 0.797845 0.476832 0.124138 0.167026 0.0246582
2 0.266056 0.403017 0.0459052 0.0732758 0.0231476
2 0.769396 0.468211 0.135776 0.170259 0.0199432
2 0.857328 0.478448 0.0362068 0.0991379 0.0182648
2 0.0533405 0.307112 0.0853448 0.396552 0.0133286
2 0.579957 0.383621 0.0620689 0.0862069 0.00800323
2 0.222899 0.635776 0.205927 0.324353 0.00748825
2 0.86444 0.474138 0.0400863 0.137931 0.00674438
2 0.334914 0.439655 0.175862 0.189655 0.00602722
2 0.931035 0.47306 0.0568966 0.0872845 0.00584412
2 0.568966 0.665948 0.0323276 0.0474138 0.00547028
2 0.721552 0.475216 0.108621 0.159483 0.00443268
2 0.546336 0.443427 0.199138 0.157328 0.00403976
0 0.857328 0.478448 0.0362068 0.0991379 0.0039444
2 0.738362 0.474138 0.134483 0.181034 0.0039444
2 0.284402 0.558324 0.340248 0.497575 0.00358009
2 0.884483 0.333513 0.0387931 0.0549569 0.00336266
2 0.457112 0.731142 0.0646552 0.0625 0.00284576
2 0.88319 0.478448 0.0698276 0.0948276 0.00282288
2 0.809483 0.326509 0.0310345 0.0571121 0.00260162
0 0.792672 0.475216 0.15 0.140086 0.00228691
2 0.0502694 0.413793 0.0889009 0.303879 0.00226021
0 0.776509 0.471983 0.174569 0.165948 0.00219917
2 0.821767 0.482759 0.122845 0.125 0.00218201
0 0.0375 0.356681 0.0672414 0.368535 0.00195694
2 0.352371 0.457435 0.195259 0.243534 0.00191879
2 0.037298 0.346444 0.0745959 0.471983 0.00183105
2 0.280603 0.650862 0.307112 0.280172 0.0017004
2 0.682759 0.481142 0.244396 0.196121 0.00159168
2 0.0712015 0.342942 0.132381 0.480065 0.00156116
0 0.931035 0.47306 0.0568966 0.0872845 0.00148392
2 0.947845 0.470905 0.0362068 0.125 0.00142097
2 0.11056 0.32597 0.219828 0.457974 0.00137234
2 0.339359 0.522091 0.221282 0.434267 0.00134563
1 0.0475216 0.33028 0.0918103 0.450431 0.00132465
2 0.513362 0.67403 0.0349138 0.0387931 0.0012207
2 0.964655 0.463362 0.0336206 0.0775862 0.00115108
2 0.517241 0.380388 0.192672 0.109914 0.00105286
1 0.468427 0.679957 0.0439655 0.0431035 0.00100803
2 0.467134 0.677802 0.0446121 0.0452586 0.196777
2 0.0396013 0.322198 0.0766164 0.457974 0.0420837
2 0.758405 0.462823 0.108621 0.170259 0.036499
0 0.0481681 0.342942 0.0795259 0.468211 0.0146179
0 0.761638 0.467134 0.131897 0.179957 0.0135345
2 0.568966 0.662716 0.0336207 0.049569 0.0130692
2 0.857328 0.474138 0.0336206 0.102371 0.0123367
0 0.784914 0.469828 0.147414 0.154095 0.00963593
2 0.784914 0.469828 0.147414 0.154095 0.00930023
0 0.857328 0.474138 0.0336206 0.102371 0.00923157
2 0.0535022 0.325431 0.0801724 0.438578 0.00912476
2 0.931035 0.471444 0.0581897 0.0915948 0.00857544
2 0.268319 0.398168 0.0459052 0.0689655 0.0085144
2 0.447414 0.67403 0.0646552 0.0765086 0.0085144
2 0.808836 0.323276 0.0284483 0.0614224 0.00787354
2 0.455172 0.721983 0.0646552 0.0668103 0.00682449
2 0.586422 0.384698 0.0452586 0.0721983 0.00669098
2 0.742888 0.466595 0.120259 0.1875 0.00658798
2 0.883836 0.330011 0.0426723 0.0614224 0.00591278
2 0.453233 0.702047 0.0387931 0.0721983 0.00511932
2 0.868319 0.463901 0.0362068 0.132543 0.00439835
2 0.716379 0.473599 0.100862 0.161638 0.00400543
0 0.734483 0.46875 0.12931 0.198276 0.00372124
0 0.931035 0.471444 0.0581897 0.0915948 0.00352478
0 0.0377425 0.35291 0.0654634 0.380388 0.00346947
2 0.353017 0.431035 0.1875 0.18319 0.00288963
2 0.322629 0.420259 0.148707 0.147629 0.00255013
2 0.45 0.724138 0.0672414 0.0840517 0.00254059
2 0.962069 0.460129 0.0362069 0.0840517 0.00252151
2 0.885776 0.474138 0.0775862 0.103448 0.00250244
0 0.568966 0.662716 0.0336207 0.049569 0.00237846
2 0.949138 0.462823 0.0336206 0.106681 0.00214958
2 0.0493804 0.394935 0.0851832 0.34375 0.00211525
2 0.109591 0.320043 0.219181 0.465517 0.00202751
0 0.885776 0.474138 0.0775862 0.103448 0.00186729
1 0.0436422 0.333244 0.084375 0.468211 0.00183105
2 0.511422 0.671875 0.0387931 0.0409483 0.00176811
2 0.280603 0.5625 0.347198 0.525862 0.00170708
2 0.350431 0.461746 0.199138 0.265086 0.00157928
2 0.588524 0.450431 0.0669181 0.0905172 0.00157928
2 0.227263 0.633621 0.212715 0.331897 0.00156689
2 0.404741 0.41056 0.0982759 0.192888 0.00137806
0 0.928448 0.503233 0.0517241 0.0948276 0.00135612
2 0.928448 0.503233 0.0517241 0.0948276 0.00133514
2 0.845043 0.375539 0.109914 0.216595 0.00126457
0 0.836638 0.481142 0.087931 0.128233 0.00115108
2 0.836638 0.481142 0.087931 0.128233 0.00114727
2 0.0641703 0.349138 0.112823 0.49569 0.00113773
2 0.334186 0.545124 0.231627 0.506735 0.00113773
2 0.372414 0.438712 0.160991 0.230334 0.00109863
2 0.471659 0.676724 0.0381465 0.0344828 0.0651245
2 0.0320043 0.374461 0.0543103 0.295259 0.0585632
2 0.0353987 0.333782 0.0572198 0.382004 0.0528259
2 0.0442888 0.338901 0.0746767 0.434267 0.0484924
0 0.859914 0.476293 0.0387931 0.0862069 0.0131683
0 0.0478448 0.342134 0.0753233 0.459052 0.0125275
2 0.752586 0.459052 0.0982759 0.150862 0.00974274
2 0.938793 0.470905 0.0465517 0.0818965 0.00796509
2 0.859914 0.476293 0.0387931 0.0862069 0.00737381
0 0.752586 0.46875 0.113793 0.159483 0.00717545
2 0.586422 0.389143 0.0452586 0.0643858 0.00679779
0 0.0353987 0.333782 0.0572198 0.382004 0.00669098
2 0.883836 0.332974 0.0413794 0.0576509 0.00643921
2 0.265005 0.403556 0.041541 0.0560345 0.00643921
0 0.878017 0.474677 0.0672414 0.0915948 0.0051384
0 0.938793 0.470905 0.0465517 0.0818965 0.0051384
0 0.786853 0.475216 0.146121 0.135776 0.0050621
0 0.0320043 0.374461 0.0543103 0.295259 0.00453949
2 0.878017 0.474677 0.0672414 0.0915948 0.00413513
2 0.810129 0.323815 0.0297414 0.0560345 0.0041008
2 0.567996 0.667026 0.031681 0.0409483 0.00376511
2 0.771983 0.438578 0.117672 0.114224 0.00309944
2 0.0502694 0.426724 0.0804957 0.262931 0.00309944
2 0.696336 0.474138 0.0607759 0.125 0.0029583
2 0.950431 0.456897 0.0349137 0.0948276 0.00282288
2 0.786853 0.475216 0.146121 0.135776 0.00252151
2 0.442888 0.673491 0.0478448 0.0517242 0.00201035
2 0.859914 0.364359 0.0801724 0.189386 0.00192642
0 0.933621 0.506466 0.0439655 0.0840517 0.00188255
2 0.363362 0.41541 0.158405 0.128233 0.00181007
0 0.771983 0.438578 0.117672 0.114224 0.00178909
2 0.322629 0.41056 0.117672 0.0969827 0.00175476
2 0.962069 0.460129 0.0387931 0.0797414 0.00151253
0 0.734483 0.471983 0.126724 0.176724 0.00150681
2 0.868966 0.461207 0.0362069 0.12069 0.00148392
0 0.567996 0.667026 0.031681 0.0409483 0.00143814
2 0.772629 0.464978 0.0943965 0.155172 0.00143814
2 0.0725754 0.357759 0.117349 0.407328 0.0014267
1 0.471659 0.676724 0.0381465 0.0344828 0.00132465
0 0.850216 0.484914 0.0672414 0.114224 0.00131989
2 0.967241 0.768858 0.0400863 0.154095 0.00131512
2 0.33556 0.470366 0.128017 0.221983 0.0012064
2 0.514978 0.672953 0.0394396 0.0323275 0.00120163
2 0.5882 0.454741 0.0727371 0.075431 0.00119209
2 0.853448 0.329203 0.0568965 0.0635776 0.00110722
1 0.859914 0.476293 0.0387931 0.0862069 0.0011034
2 0.933621 0.506466 0.0439655 0.0840517 0.00107288
2 0.467457 0.731142 0.0465517 0.0452586 0.00104809
2 0.397306 0.420797 0.113793 0.161638 0.00104427
0 0.696336 0.474138 0.0607759 0.125 0.00103664
2 0.470366 0.675647 0.0375 0.0366379 0.117188
2 0.769396 0.455819 0.134483 0.144397 0.0497742
2 0.0478448 0.331358 0.0834052 0.442888 0.0423889
2 0.857328 0.47791 0.0387932 0.0840517 0.0394897
2 0.0366918 0.366245 0.0614224 0.327856 0.0386047
2 0.940086 0.470905 0.0465517 0.0732758 0.0271759
2 0.786207 0.475754 0.157759 0.127155 0.0256653
2 0.882543 0.329741 0.0387931 0.0506465 0.0237732
0 0.857328 0.47791 0.0387932 0.0840517 0.0210419
0 0.786207 0.475754 0.157759 0.127155 0.0193481
2 0.811422 0.322198 0.0310344 0.0506466 0.0137405
2 0.586422 0.384698 0.0439655 0.0668103 0.0123367
2 0.262823 0.401401 0.0381465 0.0528017 0.0122375
2 0.87931 0.476293 0.0659483 0.0851293 0.011734
2 0.953017 0.450431 0.0297414 0.0797414 0.0102081
0 0.940086 0.470905 0.0465517 0.0732758 0.00919342
2 0.962069 0.461207 0.0387931 0.0646551 0.00894928
0 0.0460668 0.338901 0.0746767 0.427802 0.0088501
2 0.568966 0.661099 0.0349138 0.044181 0.0078125
2 0.795259 0.46444 0.118966 0.142241 0.00695801
0 0.771983 0.470366 0.164224 0.158405 0.00661469
0 0.87931 0.476293 0.0659483 0.0851293 0.00634003
2 0.698276 0.472522 0.0646552 0.127155 0.00614548
0 0.769396 0.455819 0.134483 0.144397 0.00473785
2 0.854741 0.338901 0.0801724 0.130388 0.00390053
2 0.855388 0.326509 0.0543103 0.0554957 0.00382423
0 0.0366918 0.366245 0.0614224 0.327856 0.00379562
2 0.0525323 0.412716 0.0856681 0.294181 0.00367928
2 0.867672 0.460668 0.0297414 0.113147 0.00328636
2 0.771983 0.470366 0.164224 0.158405 0.00298119
2 0.31875 0.41541 0.118966 0.0991379 0.00279999
2 0.363685 0.424434 0.161638 0.140356 0.00259018
0 0.746121 0.470905 0.142241 0.172414 0.00258064
2 0.448384 0.672414 0.05625 0.0560345 0.00255013
2 0.746121 0.470905 0.142241 0.172414 0.00236893
0 0.934914 0.510776 0.0426724 0.0711207 0.00213242
2 0.0716056 0.353987 0.122522 0.421336 0.00209999
0 0.953017 0.450431 0.0297414 0.0797414 0.00204277
2 0.574784 0.452586 0.1125 0.0969828 0.00194931
0 0.568966 0.661099 0.0349138 0.044181 0.00192642
2 0.464224 0.727371 0.0517241 0.049569 0.00192642
2 0.39375 0.424569 0.122845 0.165948 0.00183868
2 0.375647 0.44181 0.162931 0.199353 0.00172043
0 0.962069 0.461207 0.0387931 0.0646551 0.00163555
2 0.934914 0.510776 0.0426724 0.0711207 0.00154877
2 0.341379 0.478448 0.138362 0.213362 0.00147247
2 0.933621 0.342942 0.0543104 0.0695043 0.00131512
2 0.357543 0.462823 0.186207 0.217672 0.00125504
1 0.470366 0.675647 0.0375 0.0366379 0.00125504
2 0.550862 0.382408 0.116379 0.0843211 0.00124931
2 0.46875 0.677802 0.0387931 0.0398707 0.0847778
2 0.0359644 0.375 0.0596444 0.310345 0.0189056
2 0.856034 0.477371 0.0387931 0.0862069 0.016922
2 0.0413793 0.334052 0.0730603 0.419181 0.0158997
2 0.938793 0.473599 0.0452586 0.0775862 0.0111618
2 0.768103 0.456358 0.12931 0.143319 0.008255
2 0.788147 0.477371 0.157759 0.122845 0.00793457
2 0.87931 0.476293 0.0672414 0.0883621 0.00658798
2 0.88319 0.331897 0.0387931 0.0549569 0.00641251
2 0.568319 0.662177 0.0336207 0.0463362 0.00600433
0 0.856034 0.477371 0.0387931 0.0862069 0.00557709
0 0.788147 0.477371 0.157759 0.122845 0.00426483
2 0.775862 0.438578 0.131897 0.107759 0.00416565
2 0.953017 0.462285 0.0297414 0.101293 0.00397491
2 0.264116 0.40194 0.0420259 0.0571121 0.00332451
2 0.812069 0.323815 0.0336207 0.0538793 0.00317192
2 0.584483 0.385776 0.050431 0.0732759 0.00291252
0 0.938793 0.473599 0.0452586 0.0775862 0.00287819
2 0.0535022 0.319504 0.0788793 0.411638 0.00282288
2 0.962069 0.462284 0.0375 0.0689655 0.00268364
0 0.0440463 0.342134 0.0698276 0.412716 0.00239754
2 0.0472791 0.333513 0.0945582 0.491379 0.00228691
0 0.87931 0.476293 0.0672414 0.0883621 0.00221634
2 0.867672 0.467672 0.0310345 0.122845 0.00198746
2 0.696336 0.47306 0.0620689 0.125 0.00178909
0 0.568319 0.662177 0.0336207 0.0463362 0.00173378
2 0.797845 0.468211 0.118966 0.150862 0.0015974
2 0.0518858 0.417969 0.0863147 0.291218 0.00155449
2 0.448707 0.675646 0.0543103 0.0581896 0.00150108
0 0.77069 0.471444 0.159052 0.15625 0.0014782
0 0.0359644 0.375 0.0596444 0.310345 0.00146675
2 0.514009 0.671336 0.0387931 0.0366379 0.00136662
0 0.933621 0.510776 0.0413794 0.0732759 0.00134563
2 0.463254 0.726293 0.0523707 0.0517241 0.00131512
2 0.853448 0.328664 0.0568965 0.0603448 0.00121117
1 0.46875 0.677802 0.0387931 0.0398707 0.0012064
2 0.933621 0.510776 0.0413794 0.0732759 0.00119686
2 0.46875 0.677802 0.0387931 0.0409482 0.0838623
2 0.0359644 0.374865 0.0596444 0.310614 0.0189819
2 0.856034 0.477371 0.0387931 0.0862069 0.0170441
2 0.0413793 0.334052 0.0727371 0.419181 0.0160217
2 0.938793 0.473599 0.0452586 0.0775862 0.0111618
2 0.768103 0.456358 0.12931 0.143319 0.00834656
2 0.788147 0.477371 0.157759 0.122845 0.00806427
2 0.87931 0.476293 0.0672414 0.0883621 0.00653839
2 0.88319 0.331897 0.0387931 0.0549569 0.00638962
2 0.568319 0.662177 0.0336207 0.0463362 0.00595856
0 0.856034 0.477371 0.0387931 0.0862069 0.00559998
0 0.788147 0.477371 0.157759 0.122845 0.00431442
2 0.775862 0.438578 0.131897 0.107759 0.00418091
2 0.953017 0.462285 0.0297414 0.101293 0.0039444
2 0.264116 0.40194 0.0420259 0.0581897 0.00333786
2 0.812069 0.323815 0.0336207 0.0538793 0.00314713
2 0.584483 0.385237 0.050431 0.0732759 0.00293541
2 0.0535022 0.319504 0.0788793 0.411638 0.00287819
0 0.938793 0.473599 0.0452586 0.0775862 0.00287819
2 0.962069 0.462284 0.0375 0.0689655 0.00265312
0 0.0440463 0.342134 0.0698276 0.412716 0.0024147
2 0.0472791 0.333782 0.0945582 0.490841 0.00229645
0 0.87931 0.476293 0.0672414 0.0883621 0.00221634
2 0.867672 0.467672 0.0310345 0.122845 0.00198746
2 0.696336 0.47306 0.0620689 0.125 0.0018034
0 0.568319 0.662177 0.0336207 0.0463362 0.0017271
2 0.797845 0.467672 0.118966 0.150862 0.00162315
2 0.0518858 0.418642 0.0863147 0.292026 0.00155449
0 0.77069 0.471444 0.160345 0.15625 0.00149536
2 0.448707 0.675646 0.0543103 0.0581896 0.00148964
0 0.0359644 0.374865 0.0596444 0.310614 0.00146103
2 0.514009 0.671336 0.0387931 0.0366379 0.00136185
0 0.933621 0.510776 0.0413794 0.0732759 0.00134563
2 0.463578 0.726293 0.0517241 0.0517241 0.00130463
2 0.853448 0.328664 0.0568965 0.0603448 0.00121117
1 0.46875 0.677802 0.0387931 0.0409482 0.0012064
2 0.933621 0.510776 0.0413794 0.0732759 0.00118828
