2 0.361142 0.581055 0.235305 0.301432 0.618652
0 0.361142 0.581055 0.235305 0.301432 0.102295
2 0.393539 0.58724 0.25031 0.260417 0.0970459
2 0.955605 0.654785 0.0887897 0.213867 0.0836182
2 0.461403 0.612142 0.157552 0.213216 0.0437012
2 0.957651 0.646484 0.0846975 0.217448 0.0384521
2 0.347842 0.554688 0.199157 0.221354 0.0225372
2 0.934462 0.66276 0.131076 0.231771 0.0116882
0 0.393539 0.58724 0.25031 0.260417 0.00806427
2 0.944692 0.664714 0.110615 0.315104 0.00757599
1 0.358755 0.58724 0.244854 0.285156 0.00709534
2 0.913318 0.388672 0.173363 0.184896 0.00658798
2 0.655165 0.509115 0.68967 0.690104 0.00551224
2 0.60088 0.576172 0.713418 0.384115 0.00534439
0 0.961061 0.654948 0.077877 0.217448 0.00530243
2 0.368218 0.541016 0.266168 0.378906 0.0051384
0 0.461403 0.612142 0.157552 0.213216 0.00477219
0 0.60088 0.576172 0.713418 0.384115 0.00397491
2 0.451513 0.585286 0.194382 0.28776 0.00379562
0 0.944692 0.664714 0.110615 0.315104 0.00378036
2 0.37717 0.33138 0.160962 0.152344 0.00363541
2 0.616459 0.519531 0.767082 0.498698 0.00362206
2 0.299076 0.544922 0.12686 0.209635 0.00349617
0 0.368218 0.541016 0.266168 0.378906 0.00345612
2 0.5 0.576172 1 0.847656 0.00340271
2 0.866257 0.518799 0.267485 0.563965 0.00327301
2 0.352958 0.327474 0.134363 0.144531 0.00314713
0 0.5 0.5 1 1 0.00309944
0 0.63334 0.49471 0.733321 0.500163 0.00301552
2 0.908544 0.486979 0.182912 0.395833 0.00298119
0 0.5 0.448568 1 0.897135 0.00284576
1 0.5 0.5 1 1 0.0027256
2 0.96379 0.645833 0.0724207 0.223958 0.00264168
2 0.5 0.431641 1 0.863281 0.00264168
1 0.5 0.5 1 1 0.0026207
2 0.712457 0.619792 0.575087 0.386719 0.00251198
2 0.5 0.505208 1 0.989583 0.00250244
1 0.5 0.5 1 1 0.00243378
0 0.5 0.505208 1 0.989583 0.002388
2 0.894903 0.477865 0.210193 0.429688 0.00232315
0 0.578373 0.572917 0.803447 0.522135 0.00221634
2 0.707853 0.54069 0.584294 0.557943 0.00214958
2 0.5 0.498047 1 0.996094 0.00214958
0 0.894903 0.477865 0.210193 0.429688 0.00213242
1 0.5 0.448568 1 0.897135 0.00209999
0 0.655165 0.509115 0.68967 0.690104 0.00204277
1 0.5 0.570964 1 0.858073 0.00204277
2 0.5 0.5 1 1 0.00201988
0 0.712457 0.619792 0.575087 0.386719 0.00194168
1 0.5 0.5 1 1 0.00194168
2 0.364552 0.582682 0.2203 0.259115 0.790527
2 0.349206 0.544271 0.184152 0.184896 0.117554
2 0.301463 0.528646 0.10026 0.154948 0.0362244
2 0.977431 0.636068 0.045139 0.234375 0.0340271
2 0.426277 0.613281 0.113219 0.196615 0.0294189
2 0.770601 0.634115 0.458798 0.244792 0.024231
2 0.352958 0.327474 0.077753 0.111979 0.0229797
2 0.331473 0.333333 0.122768 0.125 0.021286
2 0.383991 0.626953 0.181424 0.179688 0.0147324
2 0.208194 0.355143 0.416388 0.352214 0.0109482
2 0.720641 0.681641 0.558718 0.388021 0.0106506
2 0.448785 0.610514 0.103671 0.198242 0.0100098
2 0.22371 0.513021 0.166419 0.195312 0.00971222
2 0.965836 0.641276 0.0683284 0.296875 0.0088501
2 0.369668 0.325521 0.0675223 0.10612 0.00837708
2 0.922123 0.634766 0.144593 0.221354 0.00806427
2 0.429688 0.63737 0.103671 0.14974 0.00746155
2 0.266338 0.516276 0.078435 0.173177 0.00669098
2 0.965154 0.641764 0.0696925 0.187826 0.00661469
2 0.966518 0.640625 0.0669643 0.200521 0.00631332
2 0.71706 0.598958 0.565879 0.442708 0.00548935
1 0.360119 0.579427 0.226438 0.278646 0.00547028
2 0.971292 0.652995 0.0574157 0.182292 0.00429916
2 0.245195 0.400065 0.333519 0.343099 0.00411606
2 0.923549 0.434814 0.152902 0.42985 0.00383949
2 0.364893 0.482747 0.229167 0.465495 0.00367928
1 0.721664 0.655599 0.556672 0.378906 0.00355148
2 0.4273 0.587891 0.173921 0.233073 0.00341606
2 0.871652 0.645833 0.234623 0.229167 0.00337601
2 0.80692 0.613932 0.386161 0.378906 0.00314713
2 0.207 0.452148 0.414 0.474609 0.00304031
2 0.921844 0.382161 0.156312 0.269531 0.00293541
2 0.920821 0.389323 0.158358 0.134115 0.00286674
2 0.207682 0.489909 0.415365 0.306641 0.00271416
2 0.195406 0.332031 0.390811 0.14974 0.00261116
1 0.965836 0.652344 0.0683284 0.257813 0.00253105
2 0.182447 0.514974 0.240761 0.204427 0.00239754
2 0.259177 0.599121 0.518353 0.52832 0.00232315
2 0.71348 0.699056 0.573041 0.601888 0.00230598
2 0.334201 0.339762 0.160962 0.226725 0.00219917
2 0.920139 0.520182 0.159722 0.572917 0.00209045
2 0.364893 0.326823 0.0859375 0.122396 0.00208282
2 0.207171 0.380778 0.414342 0.51709 0.00203514
2 0.325335 0.475911 0.189608 0.485677 0.00201035
2 0.966859 0.577148 0.0662823 0.408203 0.0019722
2 0.97402 0.723958 0.0519594 0.394531 0.00184631
2 0.217231 0.30013 0.434462 0.60026 0.00163555
1 0.705295 0.527344 0.58941 0.548177 0.00161648
2 0.250225 0.346354 0.278444 0.169271 0.00156689
2 0.739056 0.525716 0.521887 0.513672 0.00154305
2 0.360801 0.540039 0.211434 0.177734 0.457031
2 0.362847 0.578125 0.209387 0.259115 0.257568
2 0.918031 0.38737 0.136409 0.121094 0.0541992
2 0.927641 0.379232 0.144717 0.134766 0.053009
2 0.969246 0.601562 0.061508 0.313802 0.0324707
2 0.423208 0.623535 0.0893477 0.153971 0.0284424
2 0.969246 0.644531 0.061508 0.205729 0.0281067
2 0.969246 0.654297 0.061508 0.190104 0.0230713
2 0.926959 0.369792 0.146081 0.157552 0.0222931
2 0.364893 0.621745 0.199839 0.166667 0.0166626
1 0.967882 0.604818 0.0642361 0.316406 0.0164032
2 0.968905 0.660807 0.06219 0.179688 0.0163422
2 0.966518 0.634766 0.0669643 0.253906 0.0131683
1 0.361483 0.51888 0.201885 0.132812 0.0125732
2 0.391493 0.52474 0.264633 0.169271 0.0118713
2 0.298394 0.52474 0.107081 0.164062 0.00905609
2 0.897569 0.38737 0.103671 0.132812 0.00800323
2 0.961061 0.667806 0.077877 0.185221 0.00793457
1 0.362847 0.578125 0.209387 0.259115 0.0068512
2 0.328745 0.327474 0.0948041 0.109375 0.00671768
1 0.968564 0.660156 0.062872 0.25651 0.00614548
1 0.926959 0.369792 0.146081 0.157552 0.0039444
2 0.926277 0.296224 0.147445 0.319661 0.00382423
1 0.929005 0.384766 0.141989 0.121094 0.00372124
2 0.965154 0.577799 0.0696925 0.422526 0.00335121
1 0.927641 0.379232 0.144717 0.134766 0.00329781
2 0.355686 0.578125 0.25031 0.311198 0.00312424
2 0.450149 0.629557 0.0988963 0.147135 0.00288963
2 0.927641 0.485026 0.144717 0.39974 0.00273705
2 0.918031 0.360026 0.155506 0.171875 0.00244331
2 0.321584 0.523438 0.152096 0.186198 0.00232315
2 0.302913 0.338216 0.153971 0.121745 0.00230598
1 0.968905 0.660807 0.06219 0.179688 0.00209999
2 0.385355 0.323568 0.0600199 0.107422 0.00176144
1 0.391493 0.52474 0.264633 0.169271 0.00156116
2 0.295325 0.321615 0.178013 0.156901 0.00154305
1 0.424572 0.632812 0.0797991 0.136719 0.00152493
2 0.922123 0.413086 0.136409 0.138021 0.00144386
2 0.329086 0.58138 0.187562 0.240885 0.00138855
0 0.959697 0.639486 0.0806052 0.234049 0.00138855
2 0.924851 0.65625 0.133681 0.223958 0.00137234
2 0.420821 0.482422 0.32056 0.21875 0.00134563
1 0.328745 0.327474 0.0948041 0.109375 0.00123024
2 0.46072 0.617025 0.10026 0.164388 0.00115585
1 0.9672 0.739746 0.0656003 0.387695 0.00109005
2 0.948785 0.562174 0.102431 0.439453 0.00108147
2 0.697793 0.687337 0.604415 0.325846 0.00104427
0 0.356709 0.584798 0.226438 0.249674 0.00102806
2 0.366598 0.582357 0.239397 0.271484 0.684082
2 0.964472 0.653809 0.0710566 0.254883 0.1427
2 0.962767 0.670573 0.0744668 0.261719 0.100891
2 0.964813 0.639974 0.0703745 0.335937 0.0794678
2 0.364552 0.539714 0.220982 0.174479 0.0531921
2 0.946739 0.663411 0.106523 0.292969 0.0350037
2 0.294302 0.553711 0.0893477 0.23112 0.0322266
2 0.405134 0.613444 0.175967 0.226237 0.0234222
2 0.443669 0.632812 0.111855 0.195313 0.0188293
2 0.926277 0.391927 0.147445 0.164062 0.0157776
2 0.315786 0.322184 0.151414 0.1486 0.0144501
2 0.926959 0.392253 0.146081 0.169271 0.0102081
2 0.291915 0.320231 0.201203 0.165527 0.00844574
2 0.9273 0.434245 0.145399 0.259115 0.00828552
2 0.967882 0.731608 0.0642361 0.393555 0.00524139
2 0.967882 0.584473 0.0642361 0.364909 0.00469971
2 0.274778 0.524089 0.0779235 0.217448 0.00460815
2 0.183129 0.535156 0.200521 0.170573 0.00436401
1 0 0.910807 0 0.178385 0.00428009
2 0.926959 0.381836 0.146081 0.23763 0.00419998
1 0 0.870443 0 0.259115 0.00400543
1 0.364893 0.583333 0.234623 0.278646 0.0039444
2 0.857391 0.163086 0.285218 0.155599 0.00372124
2 0.369668 0.31901 0.0736607 0.14388 0.00351143
2 0.185175 0.512695 0.218936 0.223307 0.00351143
1 0 0.811849 0 0.286458 0.00317192
2 0.152479 0.508464 0.303424 0.233073 0.00307465
2 0.886657 0.153971 0.18006 0.12207 0.00293541
1 0.962767 0.670573 0.0744668 0.261719 0.00288963
2 0.851191 0.623698 0.289186 0.28776 0.00264168
2 0.8812 0.382812 0.125496 0.182292 0.00259018
2 0.255084 0.253255 0.283048 0.285807 0.00255013
2 0.880518 0.384766 0.0954861 0.164063 0.00215721
2 0.671131 0.751628 0.649306 0.496745 0.00205803
2 0.962767 0.574544 0.0744668 0.421224 0.00196457
1 0.96379 0.641276 0.0724207 0.317708 0.00193405
2 0.40718 0.322266 0.113219 0.143229 0.00182438
1 0 0.719401 0 0.34375 0.00162315
2 0.510169 0.650391 0.240079 0.234375 0.00155449
2 0.887339 0.395508 0.222346 0.228516 0.00153637
1 0.0106143 0.794271 0.0212286 0.411458 0.00148964
2 0.931052 0.449544 0.137897 0.426432 0.00143814
1 0.964472 0.653809 0.0710566 0.254883 0.00138855
2 0.219448 0.514323 0.166078 0.230469 0.00131512
0 0 0.910807 0 0.178385 0.0012598
2 0.92048 0.322591 0.15904 0.307292 0.00125504
1 0 0.617188 0 0.333333 0.00124931
2 0.616567 0.527669 0.62748 0.580078 0.00119686
2 0.864149 0.14388 0.151414 0.102865 0.00117397
1 0.967882 0.731608 0.0642361 0.393555 0.00115108
2 0.361483 0.579753 0.236669 0.258464 0.720215
2 0.346478 0.541016 0.175285 0.167969 0.0946655
2 0.96379 0.633952 0.0724207 0.289388 0.0283356
2 0.965154 0.6486 0.0696925 0.231445 0.0142822
2 0.922867 0.388997 0.154266 0.132161 0.0109482
0 0.862847 0.179036 0.274306 0.188802 0.0109024
0 0.819196 0.208333 0.361607 0.25 0.00800323
2 0.40718 0.641276 0.145957 0.141927 0.00800323
2 0.71751 0.660807 0.534722 0.295573 0.00769424
1 0.346478 0.541016 0.175285 0.167969 0.0068779
2 0.793899 0.644531 0.387401 0.276042 0.005867
0 0.356709 0.584798 0.244172 0.236654 0.00577545
2 0.185516 0.517904 0.223028 0.216797 0.00553513
2 0.907118 0.383789 0.124132 0.123047 0.00530243
2 0.923208 0.386393 0.153584 0.144531 0.00353813
0 0.871714 0.206217 0.256572 0.258138 0.00351143
1 0.364211 0.573242 0.215526 0.23763 0.00349617
2 0.759115 0.620931 0.476066 0.310221 0.00309944
0 0.877108 0.161784 0.199157 0.138021 0.00263214
2 0.448444 0.640788 0.102989 0.145508 0.00247192
2 0.320219 0.320964 0.130952 0.115885 0.00208282
2 0.685454 0.709798 0.607019 0.411133 0.00205803
2 0.919798 0.557292 0.160404 0.417969 0.00183868
2 0.314422 0.55013 0.156188 0.190104 0.00167465
2 0.965836 0.696615 0.0683284 0.316406 0.0016613
2 0.345796 0.621745 0.263269 0.191406 0.00151253
2 0.954241 0.666667 0.0915179 0.199219 0.00142097
2 0.966518 0.639323 0.0669643 0.234375 0.00139904
1 0.96379 0.633952 0.0724207 0.289388 0.00128937
2 0.791171 0.707682 0.396949 0.317708 0.0012598
0 0.793899 0.644531 0.387401 0.276042 0.00107288
1 0.169786 0.516276 0.26199 0.217448 0.00103188
2 0.352617 0.581706 0.244854 0.26888 0.903809
2 0.69091 0.653809 0.596106 0.296549 0.175537
0 0.86756 0.153646 0.210069 0.13151 0.0987549
2 0.668403 0.51888 0.622024 0.516927 0.0505066
2 0.634983 0.394613 0.577009 0.330566 0.0495911
2 0.65408 0.344971 0.581101 0.326986 0.0359497
1 0.63413 0.388102 0.573258 0.344889 0.0117798
0 0.821181 0.165039 0.338294 0.16569 0.00948334
2 0.788613 0.643392 0.400701 0.267904 0.0091629
2 0.684152 0.291748 0.631696 0.439941 0.00834656
2 0.152096 0.55957 0.304191 0.482422 0.008255
1 0.645043 0.487712 0.595083 0.519368 0.00734711
2 0.154142 0.478841 0.308284 0.516276 0.00588989
2 0.934803 0.641276 0.130394 0.307292 0.00570679
1 0.86756 0.157227 0.204613 0.128906 0.0050621
2 0.898996 0.289062 0.202009 0.442708 0.00400543
1 0.362506 0.576497 0.24349 0.272786 0.00369263
1 0.686818 0.65625 0.611111 0.309896 0.00323486
1 0.635665 0.3243 0.583829 0.390462 0.00314713
2 0.924913 0.381836 0.150174 0.171875 0.00298119
2 0.735817 0.970052 0.528367 0.0598959 0.00275803
2 0.161474 0.386068 0.322948 0.596354 0.00265312
2 0.909846 0.63265 0.165055 0.25293 0.00246239
2 0.927641 0.306071 0.144717 0.38916 0.0024147
2 0.920821 0.390951 0.158358 0.172526 0.00225258
2 0.86756 0.157227 0.204613 0.128906 0.00221634
2 0.156188 0.69515 0.312376 0.609701 0.00214005
0 0.735817 0.970052 0.528367 0.0598959 0.00203514
0 0.797371 0.184082 0.405258 0.206055 0.00201988
2 0.923549 0.454427 0.152902 0.476562 0.00201035
2 0.709899 0.597005 0.580202 0.382812 0.00197983
2 0.815104 0.198405 0.369792 0.224284 0.00194931
1 0.713139 0.972005 0.573723 0.0559896 0.00194168
2 0.767981 0.682943 0.4406 0.230469 0.00192642
2 0.916729 0.541992 0.166543 0.513672 0.00192642
2 0.162667 0.263835 0.325335 0.527669 0.00186729
2 0.717572 0.220215 0.564856 0.262044 0.00178909
2 0.950831 0.629557 0.0983384 0.261719 0.00175476
2 0.756448 0.991211 0.487103 0.0175781 0.00147247
2 0.439918 0.612142 0.118676 0.239258 0.00146675
0 0.692274 0.662109 0.601562 0.321615 0.00146675
2 0.843068 0.173991 0.313864 0.189128 0.00146103
2 0.889447 0.626302 0.221106 0.276042 0.00141048
0 0.65732 0.313151 0.625093 0.423177 0.00141048
2 0.963108 0.652181 0.0737848 0.25293 0.00136185
2 0.161644 0.514648 0.323289 0.225911 0.00119209
0 0.657661 0.766927 0.474361 0.213542 0.00118828
2 0.796689 0.281982 0.406622 0.407389 0.00116062
0 0.645895 0.972656 0.609747 0.0546875 0.00115108
2 0.706427 0.372396 0.415024 0.244792 0.00113773
2 0.358755 0.575846 0.242126 0.264974 0.830078
2 0.356027 0.552083 0.208705 0.210938 0.0495911
2 0.968564 0.641276 0.062872 0.208333 0.0406799
2 0.966518 0.638021 0.0669643 0.209635 0.0306702
2 0.97061 0.645996 0.0587798 0.218424 0.0232391
2 0.925595 0.383464 0.14881 0.125 0.0187683
2 0.335565 0.323242 0.117312 0.123047 0.0177765
0 0.356112 0.573893 0.233088 0.266276 0.0159607
2 0.969587 0.738444 0.0608259 0.387695 0.00800323
2 0.220812 0.508138 0.155847 0.198568 0.0069313
1 0.364211 0.578776 0.237351 0.265625 0.0055542
2 0.901662 0.380534 0.109127 0.126302 0.00553513
2 0.689035 0.585775 0.605314 0.414388 0.00553513
2 0.900298 0.386068 0.077753 0.11849 0.00498199
2 0.654762 0.329102 0.598834 0.469401 0.00443268
2 0.194553 0.505859 0.211775 0.213542 0.00439835
2 0.660048 0.338867 0.603268 0.317057 0.00411606
2 0.926277 0.380208 0.147445 0.147135 0.00370789
2 0.668573 0.498372 0.61077 0.516276 0.00355148
2 0.465836 0.619141 0.167783 0.188802 0.00317192
2 0.210581 0.290039 0.39047 0.220703 0.00298119
2 0.302231 0.314453 0.183981 0.147786 0.00277901
2 0.712054 0.663411 0.56746 0.304687 0.0026722
2 0.966518 0.604818 0.0669643 0.31901 0.00253105
2 0.358073 0.322266 0.0886657 0.120443 0.00213242
2 0.746156 0.617188 0.499256 0.276042 0.00206757
2 0.927641 0.373698 0.144717 0.160156 0.0020504
2 0.693127 0.669108 0.602586 0.432617 0.00201035
2 0.812314 0.653646 0.366939 0.221354 0.0017271
2 0.671193 0.265055 0.657614 0.490723 0.00168705
0 0.00963387 0.182617 0.0192677 0.365234 0.0014782
2 0.804874 0.832031 0.390253 0.335938 0.00147247
1 0.335565 0.323242 0.117312 0.123047 0.00143242
2 0.395926 0.596354 0.191654 0.22526 0.00137806
2 0.302145 0.597493 0.303509 0.250326 0.00133038
2 0.26881 0.293701 0.250822 0.19515 0.00131989
2 0.628162 0.320312 0.542907 0.225911 0.00127411
2 0.930308 0.641927 0.113219 0.21224 0.00119209
2 0.154483 0.482422 0.308966 0.269531 0.00116062
1 0.356027 0.552083 0.208705 0.210938 0.00116062
2 0.266082 0.513672 0.0762184 0.184896 0.00111198
2 0.607189 0.351888 0.504371 0.214193 0.00109863
2 0.924231 0.4375 0.151538 0.283854 0.00104046
2 0.697111 0.884766 0.605779 0.230469 0.00103664
2 0.357988 0.575195 0.253891 0.277995 0.791992
2 0.966518 0.641764 0.0669643 0.28418 0.136597
1 0.359096 0.576497 0.247582 0.283203 0.0766602
2 0.964131 0.645833 0.0717387 0.25651 0.0115051
2 0.478795 0.616536 0.192336 0.203125 0.0102921
2 0.360119 0.558594 0.222346 0.220052 0.00905609
0 0.36387 0.572266 0.251674 0.261719 0.00723267
2 0.337271 0.31958 0.117994 0.147298 0.00547028
2 0.920139 0.384115 0.159722 0.146484 0.00370789
1 0.360119 0.558594 0.222346 0.220052 0.00316048
2 0.900298 0.380208 0.125496 0.145833 0.00291252
1 0.965154 0.660156 0.0696925 0.28776 0.00273705
1 0.478795 0.616536 0.192336 0.203125 0.00208282
2 0.927579 0.639323 0.133681 0.289062 0.0020752
2 0.314422 0.323893 0.162326 0.176432 0.00196457
1 0.337271 0.31958 0.117994 0.147298 0.00115108
2 0.378534 0.323893 0.077753 0.136719 0.00111198
2 0.401042 0.321615 0.107763 0.146484 0.00109005
2 0.366598 0.580078 0.241443 0.270833 0.792969
2 0.967882 0.607422 0.0642361 0.296875 0.216064
2 0.353299 0.532552 0.203249 0.161458 0.126831
2 0.966859 0.621745 0.0662823 0.269531 0.0950317
2 0.452536 0.622559 0.115947 0.179362 0.0344849
2 0.334542 0.322917 0.107763 0.127604 0.0146179
2 0.435144 0.614583 0.111855 0.188802 0.0130234
2 0.895523 0.379557 0.107763 0.148437 0.0103302
2 0.398996 0.323242 0.0913938 0.124349 0.0068512
2 0.309733 0.325521 0.160792 0.143229 0.00526047
1 0.359096 0.580078 0.235987 0.264323 0.00494385
2 0.964472 0.636882 0.0710566 0.257487 0.0046463
2 0.423208 0.325195 0.138455 0.13151 0.00382423
2 0.515625 0.632161 0.226438 0.195312 0.00259018
2 0.339317 0.563802 0.201203 0.246094 0.00237846
2 0.924572 0.386719 0.150856 0.14974 0.00203514
2 0.284753 0.312419 0.218254 0.186361 0.00186729
2 0.473338 0.336263 0.257812 0.167969 0.00158501
0 0.362847 0.578451 0.240079 0.270182 0.00135136
0 0.967882 0.634766 0.0642361 0.252604 0.00119209
1 0.452536 0.622559 0.115947 0.179362 0.00104809
0 0.967882 0.61849 0.0642361 0.292969 0.00103664
2 0.361142 0.579753 0.239397 0.250651 0.700684
2 0.964472 0.652344 0.0710566 0.207031 0.0492249
2 0.959015 0.647135 0.0819693 0.233073 0.023819
2 0.923549 0.38444 0.152902 0.129557 0.0168457
2 0.353299 0.548177 0.204613 0.18099 0.0155411
2 0.9672 0.646484 0.0656003 0.197917 0.0147858
2 0.924851 0.375 0.125496 0.121094 0.00457382
2 0.359778 0.325521 0.0736607 0.114583 0.00212479
2 0.461744 0.624837 0.165055 0.180013 0.00169373
0 0.886657 0.160156 0.177331 0.124349 0.00123024
0 0.964472 0.652344 0.0710566 0.207031 0.00122547
2 0.422185 0.617188 0.130952 0.18099 0.0012064
2 0.931052 0.360677 0.137897 0.197917 0.00106049
2 0.366257 0.576823 0.256448 0.263021 0.808105
2 0.356027 0.56901 0.203249 0.221354 0.117188
2 0.967882 0.65625 0.0642361 0.213542 0.0794678
2 0.9672 0.643229 0.0656003 0.239583 0.0334778
2 0.452877 0.630371 0.128224 0.158529 0.0202484
2 0.384332 0.328125 0.0716146 0.127604 0.0122375
2 0.925595 0.391602 0.14881 0.132161 0.00775528
2 0.924851 0.378906 0.130952 0.134115 0.00664139
2 0.435144 0.640625 0.114583 0.127604 0.00452042
2 0.37376 0.326497 0.0736607 0.11849 0.00338936
2 0.406498 0.333008 0.109127 0.140625 0.0029583
2 0.426618 0.338867 0.158916 0.163411 0.00256157
2 0.500279 0.632812 0.199839 0.190104 0.00198746
2 0.964472 0.694661 0.0710566 0.251302 0.00185299
2 0.9672 0.638184 0.0656003 0.228841 0.00183868
2 0.958333 0.692057 0.0833333 0.238281 0.00145531
2 0.390811 0.33724 0.094122 0.16276 0.0012207
0 0.896205 0.15446 0.166419 0.127279 0.00116062
1 0.896205 0.15446 0.166419 0.127279 0.0011425
2 0.361568 0.573242 0.246729 0.26237 0.824219
2 0.969587 0.63265 0.0608259 0.281576 0.0213318
2 0.968905 0.660156 0.06219 0.216146 0.0173035
2 0.918713 0.390951 0.121404 0.134766 0.00763702
0 0.892113 0.171875 0.178695 0.174479 0.00342941
0 0.878472 0.187988 0.215526 0.208659 0.00324821
0 0.892795 0.160482 0.160962 0.130859 0.00317192
2 0.391834 0.339193 0.0743428 0.121094 0.00245285
2 0.456287 0.632161 0.13027 0.173177 0.00226974
2 0.964813 0.651204 0.0703745 0.244466 0.00219917
2 0.937128 0.654297 0.111855 0.226563 0.00213242
1 0.892795 0.160482 0.160962 0.130859 0.00192642
2 0.902344 0.645833 0.175967 0.236979 0.00190449
2 0.923487 0.63151 0.136409 0.28125 0.00176811
2 0.709325 0.638672 0.523809 0.264323 0.00144386
0 0.855283 0.203084 0.267361 0.241618 0.00143242
2 0.478113 0.632975 0.165055 0.192383 0.00133514
1 0.365575 0.578125 0.242125 0.260417 0.00109863
1 0.858011 0.208008 0.242808 0.240234 0.00109482
1 0.892113 0.171875 0.178695 0.174479 0.00109005
2 0.401042 0.336589 0.103671 0.122396 0.00108147
2 0.359437 0.580078 0.239397 0.269531 0.876465
2 0.692274 0.66276 0.600198 0.315104 0.0153046
2 0.965836 0.647786 0.0683284 0.269531 0.00551224
2 0.90098 0.659993 0.195065 0.265951 0.00518036
2 0.928261 0.66276 0.125496 0.230469 0.00494385
2 0.196088 0.519531 0.184834 0.207031 0.00300407
0 0.902344 0.157552 0.143229 0.129232 0.00298119
2 0.950831 0.666667 0.0983384 0.220052 0.00245285
1 0.90098 0.158203 0.137773 0.128906 0.0012207
2 0.962426 0.667969 0.0751488 0.214844 0.0012064
2 0.363529 0.574544 0.244172 0.283203 0.894043
2 0.96379 0.657389 0.0724207 0.229492 0.00243378
2 0.961061 0.659017 0.077877 0.223633 0.00198746
2 0.464472 0.626465 0.137773 0.179362 0.00189686
2 0.96379 0.656413 0.0724207 0.234049 0.0012846
2 0.365575 0.564453 0.245536 0.263021 0.812988
2 0.931672 0.662598 0.133681 0.200846 0.00115108
2 0.363529 0.576172 0.234623 0.272135 0.850098
2 0.964813 0.658854 0.0703745 0.22526 0.0296478
2 0.928323 0.386719 0.143353 0.13151 0.0134811
2 0.965836 0.666667 0.0683284 0.221354 0.0127258
2 0.963108 0.650391 0.0737848 0.259115 0.00542831
2 0.937128 0.655111 0.114583 0.21582 0.0050621
2 0.691654 0.644531 0.616692 0.322917 0.00277901
1 0.560981 0.343424 0.408544 0.160807 0.00225258
2 0.645213 0.365234 0.617932 0.230469 0.00106525
2 0.360801 0.578451 0.240079 0.267578 0.773438
2 0.956628 0.658691 0.0867436 0.224284 0.00588989
2 0.935764 0.656087 0.111855 0.226888 0.00477219
2 0.958674 0.649577 0.0826513 0.260742 0.00385475
2 0.923487 0.384115 0.136409 0.126302 0.00150108
2 0.361142 0.57487 0.24349 0.276042 0.811523
2 0.961403 0.660807 0.0771949 0.21224 0.00419998
2 0.929346 0.386719 0.141307 0.130208 0.0026722
2 0.960038 0.64974 0.0799232 0.244792 0.00246239
2 0.964472 0.669271 0.0710566 0.210937 0.00152493
2 0.480159 0.622396 0.155506 0.182292 0.00139427
2 0.942584 0.658854 0.106399 0.217448 0.0012064
2 0.359096 0.573893 0.246218 0.267578 0.836426
2 0.961744 0.658854 0.0765129 0.234375 0.00874329
2 0.963108 0.667969 0.0737848 0.22526 0.00335121
2 0.960379 0.649902 0.0792411 0.252279 0.00284576
2 0.943266 0.65625 0.109127 0.231771 0.00194168
2 0.929005 0.38737 0.141989 0.128255 0.00191212
2 0.476749 0.625 0.154142 0.179688 0.00174809
2 0.363529 0.578125 0.240079 0.265625 0.851074
2 0.9539 0.668132 0.0922 0.208008 0.00503922
2 0.963449 0.669271 0.0731027 0.216146 0.00198746
2 0.9344 0.664225 0.125496 0.210612 0.00183105
2 0.959015 0.651204 0.0819693 0.249674 0.00176811
2 0.929688 0.389323 0.140625 0.130208 0.0012598
2 0.363529 0.578451 0.240079 0.264974 0.852051
2 0.9539 0.668132 0.0922 0.208008 0.00510025
2 0.963449 0.669271 0.0731027 0.216146 0.00201988
2 0.9344 0.664225 0.125496 0.210612 0.00183868
2 0.959015 0.651204 0.0819693 0.249674 0.00177479
2 0.929688 0.389323 0.140625 0.130208 0.00125504
