2 0.453215 0.944661 0.21624 0.110677 0.0182648
2 0.181481 0.865885 0.21911 0.268229 0.00526047
2 0.137094 0.857747 0.274188 0.284505 0.00429916
2 0.681434 0.904622 0.637131 0.190755 0.00333786
2 0.661309 0.27474 0.321398 0.210938 0.00332451
2 0.475062 0.855469 0.770911 0.289062 0.00329781
0 0.5 0.5 1 1 0.00318527
2 0.208649 0.854818 0.399526 0.290365 0.00300407
2 0.5 0.522135 1 0.955729 0.0029583
2 0.610582 0.914714 0.52653 0.170573 0.00290108
2 0.5 0.484375 1 0.96875 0.00275803
2 0.5 0.503255 1 0.99349 0.00275803
2 0.751046 0.29069 0.497908 0.309245 0.00273705
1 0.453215 0.944661 0.21624 0.110677 0.00269318
2 0.672918 0.644531 0.654164 0.710938 0.00266266
2 0.5 0.5 1 1 0.00261116
0 0.5 0.470052 1 0.940104 0.00260162
0 0.5 0.501302 1 0.997396 0.00259018
2 0.638723 0.491211 0.225867 0.219401 0.00255013
2 0.5 0.5 1 1 0.00252151
1 0.5 0.5 1 1 0.0024929
1 0.5 0.5 1 1 0.00242424
0 0.610582 0.914714 0.52653 0.170573 0.00240517
0 0.5 0.5 1 1 0.00240517
0 0.672918 0.644531 0.654164 0.710938 0.002388
2 0.535416 0.865234 0.899025 0.269531 0.00235939
0 0.681434 0.904622 0.637131 0.190755 0.00233269
0 0.475062 0.855469 0.770911 0.289062 0.00231361
2 0.673288 0.855143 0.653423 0.289714 0.00228691
1 0.5 0.501302 1 0.997396 0.00221634
0 0.208649 0.854818 0.399526 0.290365 0.00214958
2 0.361758 0.372396 0.723516 0.744792 0.00213242
1 0.5 0.503255 1 0.99349 0.00212479
2 0.347317 0.28776 0.694634 0.575521 0.00211525
1 0.5 0.470052 1 0.940104 0.0020752
0 0.587755 0.589844 0.82449 0.820312 0.00201035
2 0.5 0.5 1 1 0.00200272
0 0.375458 0.238932 0.626504 0.416667 0.00195694
2 0.375458 0.238932 0.626504 0.416667 0.00195694
0 0.5 0.520182 1 0.959635 0.00194168
0 0.751046 0.29069 0.497908 0.309245 0.00192642
2 0.587755 0.589844 0.82449 0.820312 0.00191212
0 0.661309 0.758138 0.632428 0.483724 0.00188255
2 0.661309 0.758138 0.632428 0.483724 0.00187492
2 0.599844 0.797526 0.665012 0.404948 0.00183868
1 0.5 0.5 1 1 0.00183868
0 0.347317 0.28776 0.694634 0.575521 0.00178242
0 0.599844 0.797526 0.665012 0.404948 0.00174809
2 0.379901 0.810547 0.759802 0.378906 0.00174809
0 0.673288 0.855143 0.653423 0.289714 0.00174809
2 0.437664 0.946615 0.185137 0.106771 0.20813
2 0.161069 0.867188 0.322138 0.236979 0.026062
2 0.47321 0.935547 0.271041 0.128906 0.014389
2 0.460621 0.951823 0.214759 0.0963542 0.00878143
2 0.152877 0.858073 0.191895 0.195312 0.00857544
0 0.437664 0.946615 0.185137 0.106771 0.00709534
2 0.22309 0.865234 0.44618 0.269531 0.00536346
2 0.728699 0.914062 0.062206 0.0664062 0.00521851
0 0.161069 0.867188 0.322138 0.236979 0.00479126
2 0.434702 0.934245 0.20291 0.13151 0.00475693
2 0.601325 0.513021 0.109601 0.117188 0.0037365
2 0.558744 0.901042 0.450994 0.197917 0.0037365
2 0.579109 0.52474 0.0777576 0.0807292 0.00370789
1 0.161069 0.867188 0.322138 0.236979 0.00325966
1 0.448772 0.949219 0.199948 0.101562 0.00279999
2 0.550227 0.863281 0.466545 0.273438 0.00227928
2 0.339726 0.353516 0.679453 0.457031 0.00220871
2 0.95988 0.541016 0.0802392 0.125 0.00206757
2 0.912485 0.498047 0.175029 0.201823 0.00200272
2 0.697596 0.917969 0.124412 0.106771 0.00198746
2 0.204206 0.867188 0.204021 0.213542 0.00195694
2 0.460991 0.840495 0.285111 0.31901 0.00195694
2 0.557633 0.916341 0.487281 0.167318 0.00187492
2 0.3114 0.875651 0.59392 0.248698 0.0016613
2 0.173659 0.859375 0.124782 0.192708 0.00165462
0 0.152877 0.858073 0.191895 0.195312 0.00161076
2 0.169586 0.332031 0.339171 0.664062 0.00161076
2 0.0901617 0.169596 0.0929388 0.110026 0.0015192
2 0.302884 0.445231 0.605768 0.55485 0.00151253
2 0.381012 0.932292 0.402858 0.135417 0.00150681
2 0.113859 0.859375 0.227719 0.205729 0.0014782
0 0.5 0.826172 1 0.347656 0.00143814
2 0.721479 0.897135 0.0736845 0.114583 0.00143242
2 0.422112 0.274251 0.844225 0.548503 0.00143242
0 0.5 0.876302 1 0.247396 0.00141048
2 0.5 0.826172 1 0.347656 0.00136662
1 0.5 0.826172 1 0.347656 0.00135612
2 0.5 0.597656 1 0.804688 0.00135136
0 0.434702 0.934245 0.20291 0.13151 0.00133514
2 0.0727357 0.172526 0.100391 0.116536 0.00132465
1 0.217906 0.86263 0.435813 0.27474 0.00130939
0 0.5 0.402018 1 0.804036 0.00128937
2 0.5 0.5 1 1 0.0012846
2 0.614044 0.359701 0.771911 0.491536 0.00127888
2 0.856574 0.522135 0.286852 0.242188 0.00127888
0 0.5 0.597656 1 0.804688 0.00127411
2 0.676621 0.905599 0.646759 0.188802 0.00124931
2 0.5 0.402018 1 0.804036 0.00124454
2 0.5 0.876302 1 0.247396 0.00124454
2 0.68884 0.836589 0.62232 0.326823 0.00123501
2 0.455437 0.951172 0.211797 0.0976562 0.109314
2 0.967656 0.560221 0.0646877 0.202474 0.0358276
2 0.726478 0.910156 0.0666493 0.0625 0.0240479
1 0.458399 0.950195 0.205132 0.0996094 0.0216217
2 0.965434 0.547526 0.069131 0.125 0.0184021
1 0.983208 0.325846 0.0335847 0.36849 0.0162811
1 0.724441 0.91276 0.0677601 0.0625 0.0158386
2 0.0888658 0.165527 0.0884955 0.130534 0.0131683
2 0.965434 0.590983 0.069131 0.263346 0.0114212
1 0.964324 0.556966 0.0713527 0.166016 0.00861359
2 0.453956 0.957357 0.255489 0.0852865 0.0085144
1 0.965805 0.565755 0.0683905 0.214844 0.00806427
2 0.939015 0.777995 0.091828 0.0690104 0.00793457
2 0.950994 0.52474 0.0980124 0.260417 0.00751877
2 0.188469 0.864583 0.199207 0.25 0.00643921
0 0.188469 0.864583 0.199207 0.25 0.00638962
2 0.927296 0.437826 0.145407 0.432943 0.00582123
2 0.930258 0.503255 0.139483 0.289062 0.00582123
1 0.787888 0.983724 0.424224 0.0325521 0.00579834
2 0.758266 0.975911 0.483468 0.0481771 0.00557709
1 0.980616 0.255208 0.0387685 0.38737 0.00519943
1 0.737901 0.975586 0.524198 0.0488281 0.00510025
2 0.0725737 0.166178 0.0788684 0.129232 0.00502014
2 0.0454511 0.177124 0.0909023 0.195231 0.00453949
2 0.928647 0.788411 0.133299 0.0885417 0.00453949
2 0.914577 0.529297 0.158477 0.119792 0.0042305
1 0.732902 0.988281 0.534195 0.0234375 0.00421524
2 0.964324 0.556966 0.0713527 0.166016 0.0041008
1 0.95914 0.626465 0.0817203 0.338216 0.00407028
1 0.458399 0.952474 0.2429 0.0950521 0.00391388
1 0.560595 0.305257 0.228089 0.1486 0.00388527
2 0.969507 0.46224 0.060985 0.421875 0.0037365
2 0.325749 0.217122 0.580775 0.434245 0.00370789
1 0.59429 0.275309 0.187359 0.151204 0.00359344
0 0.268078 0.386068 0.085163 0.110677 0.00351143
1 0.971729 0.363281 0.0565417 0.422526 0.00337601
2 0.925815 0.502604 0.14837 0.204427 0.00335121
2 0.813122 0.829427 0.106639 0.0755208 0.00332451
2 0.602066 0.76888 0.117007 0.0638021 0.00325966
2 0.923594 0.511719 0.152813 0.154948 0.00322342
0 0.323249 0.395833 0.203651 0.152344 0.00312424
2 0.891009 0.811198 0.217981 0.127604 0.0029583
1 0.856944 0.975911 0.286112 0.0481771 0.00292397
2 0.60799 0.268555 0.191061 0.161458 0.00282288
0 0.933961 0.454427 0.132078 0.371094 0.00277901
0 0.60799 0.268555 0.191061 0.161458 0.00269318
1 0.964324 0.555664 0.0713527 0.146484 0.00269318
2 0.0492464 0.135417 0.0984929 0.270833 0.0026722
2 0.984689 0.308268 0.0306225 0.335286 0.00265312
1 0.489132 0.316732 0.0955307 0.13151 0.00261116
2 0.430258 0.959635 0.12145 0.0807292 0.204346
2 0.721294 0.902995 0.0710926 0.0898438 0.195557
2 0.414707 0.951823 0.112563 0.0963542 0.154541
1 0.626504 0.274821 0.263635 0.204264 0.149048
2 0.0859962 0.168294 0.0964564 0.130208 0.112427
2 0.440996 0.94987 0.155515 0.10026 0.0950317
2 0.70204 0.901042 0.0947902 0.0833333 0.0897827
2 0.575036 0.528646 0.0799792 0.061849 0.072876
2 0.0636871 0.165039 0.127374 0.142578 0.0690308
1 0.752397 0.279622 0.479875 0.219401 0.0653687
2 0.962102 0.542318 0.0757959 0.125 0.0648804
1 0.652793 0.277913 0.319176 0.155111 0.0614319
0 0.575036 0.528646 0.0799792 0.061849 0.0531921
1 0.961361 0.55957 0.077277 0.166016 0.0514526
0 0.602806 0.531576 0.118488 0.0670573 0.0455322
0 0.0510053 0.794271 0.0514681 0.0546875 0.0409851
2 0.278446 0.388672 0.0733143 0.110677 0.0390625
2 0.340282 0.439128 0.167364 0.173828 0.0358276
1 0.979135 0.288737 0.0417307 0.24349 0.0352783
2 0.343614 0.410156 0.159218 0.11849 0.0339661
2 0.596882 0.770833 0.128855 0.0729167 0.0318604
0 0.175834 0.872396 0.136353 0.197917 0.0318604
1 0.980245 0.322184 0.0395091 0.261882 0.0305634
2 0.0571611 0.165039 0.114322 0.157878 0.0303345
2 0.179583 0.256185 0.0666493 0.0820312 0.0303345
2 0.713888 0.898438 0.0784981 0.106771 0.0292053
0 0.657607 0.282227 0.319917 0.162109 0.0274811
2 0.162504 0.813151 0.120061 0.110677 0.0253754
0 0.627244 0.531576 0.10812 0.061849 0.024704
2 0.062854 0.80013 0.0903469 0.0794271 0.0245209
2 0.733143 0.908854 0.0710926 0.0729167 0.0223694
1 0.721294 0.902995 0.0710926 0.0898438 0.0198669
2 0.928647 0.965495 0.0859036 0.0507812 0.0198669
2 0.206983 0.2618 0.131818 0.100098 0.0193481
1 0.498389 0.307861 0.100715 0.140788 0.0191193
2 0.927907 0.969401 0.0710926 0.0611979 0.0191193
0 0.195505 0.860677 0.247343 0.247396 0.0184326
2 0.325841 0.669271 0.0496167 0.0520833 0.0179138
2 0.943458 0.964844 0.0814603 0.0546875 0.0174408
2 0.0510053 0.794271 0.0514681 0.0546875 0.0170441
2 0.657607 0.282227 0.319917 0.162109 0.0166626
2 0.681304 0.901042 0.130336 0.106771 0.0164032
2 0.167179 0.845052 0.118117 0.177083 0.0160217
1 0.575036 0.528646 0.0799792 0.061849 0.0156021
0 0.604658 0.539714 0.120709 0.0963542 0.0153046
2 0.602806 0.531576 0.118488 0.0670573 0.0151901
0 0.643536 0.483073 0.0740548 0.0585938 0.0142288
0 0.626504 0.274821 0.263635 0.204264 0.0136337
2 0.261043 0.379557 0.102566 0.127604 0.0131683
2 0.917299 0.513997 0.165402 0.160807 0.0128708
0 0.18884 0.863281 0.18958 0.231771 0.449463
0 0.683526 0.277913 0.274003 0.161621 0.0577087
0 0.234383 0.864583 0.236235 0.238281 0.0577087
2 0.724997 0.914062 0.0562817 0.0598958 0.0375977
0 0.438775 0.951172 0.163661 0.0976562 0.0362244
0 0.733883 0.28125 0.170326 0.160156 0.0257568
2 0.438775 0.951172 0.163661 0.0976562 0.0198669
0 0.335561 0.461589 0.216055 0.253906 0.0145569
0 0.159958 0.864583 0.161069 0.223958 0.0138474
0 0.79109 0.29069 0.242529 0.176432 0.00959778
2 0.0633169 0.170247 0.126634 0.117188 0.00955963
2 0.0861813 0.177572 0.0762765 0.114583 0.00948334
1 0.724997 0.914062 0.0562817 0.0598958 0.00926971
0 0.894582 0.501302 0.192543 0.183594 0.008255
0 0.588736 0.526693 0.145147 0.0768229 0.00728989
0 0.724997 0.914062 0.0562817 0.0598958 0.00634003
2 0.981356 0.336507 0.0372874 0.233236 0.00600433
2 0.0857184 0.172201 0.103677 0.128255 0.00542831
0 0.620579 0.526693 0.13478 0.0820312 0.00521851
2 0.733143 0.919271 0.0725737 0.0494792 0.00469971
2 0.911374 0.522786 0.177251 0.191406 0.00400543
0 0.377772 0.475586 0.312326 0.267578 0.00395966
1 0.438775 0.951172 0.163661 0.0976562 0.00365067
0 0.911374 0.522786 0.177251 0.191406 0.00335121
0 0.0566519 0.796875 0.0507275 0.0651042 0.00302696
0 0.646869 0.491862 0.18884 0.172526 0.0029583
2 0.187359 0.863932 0.166253 0.221354 0.00282288
2 0.0672047 0.168945 0.134409 0.14974 0.00265312
0 0.546154 0.46875 0.325101 0.201823 0.00253105
0 0.616506 0.492839 0.185878 0.158854 0.002388
0 0.922723 0.487305 0.14811 0.150391 0.00221634
2 0.883974 0.960938 0.232052 0.0716146 0.00217438
0 0.52727 0.496094 0.303625 0.191406 0.00213242
2 0.218091 0.870443 0.234013 0.235677 0.00210762
1 0.331118 0.453776 0.216055 0.239583 0.0020752
0 0.825156 0.302083 0.31066 0.211589 0.00198746
2 0.94655 0.566732 0.106899 0.246745 0.00194168
2 0.894582 0.501302 0.192543 0.183594 0.00193405
1 0.187359 0.863932 0.166253 0.221354 0.00192642
2 0.859906 0.964193 0.280187 0.0716146 0.00174141
0 0.550597 0.53125 0.203651 0.0820312 0.0016489
2 0.683526 0.27596 0.257711 0.156413 0.00160408
0 0.63539 0.276367 0.296219 0.169271 0.00155449
0 0.0550783 0.789062 0.0597993 0.0703125 0.00154877
2 0.925075 0.613281 0.149851 0.320312 0.0015192
0 0.12705 0.825521 0.122098 0.135417 0.0015192
2 0.326489 0.452474 0.22235 0.240885 0.00151253
1 0.733143 0.919271 0.0725737 0.0494792 0.0014782
0 0.503573 0.77474 0.281408 0.285156 0.00146103
2 0.968026 0.589193 0.0639472 0.233073 0.00144386
0 0.171807 0.860677 0.16218 0.239583 0.113159
1 0.173335 0.861328 0.170233 0.236979 0.0265503
0 0.778446 0.98112 0.443108 0.0377604 0.0197906
0 0.208464 0.859375 0.22957 0.247396 0.0158997
2 0.173335 0.861328 0.170233 0.236979 0.0153656
0 0.234383 0.873698 0.274743 0.252604 0.0150757
0 0.426185 0.945964 0.563557 0.108073 0.014389
2 0.857314 0.932943 0.285371 0.134115 0.0120544
0 0.393601 0.945964 0.210316 0.108073 0.0108185
0 0.845836 0.85612 0.308328 0.28776 0.0105667
2 0.393601 0.945964 0.210316 0.108073 0.00985718
0 0.857314 0.932943 0.285371 0.134115 0.00734711
2 0.434609 0.944661 0.286037 0.110677 0.00731659
1 0.208464 0.859375 0.22957 0.247396 0.00643921
2 0.184211 0.875651 0.138112 0.248698 0.00638962
2 0.426185 0.945964 0.563557 0.108073 0.00624084
2 0.384344 0.945638 0.315473 0.108724 0.00551224
2 0.819732 0.853516 0.360537 0.292969 0.00548935
1 0.854722 0.825521 0.290555 0.216146 0.00534439
0 0.853111 0.815755 0.276965 0.184896 0.00526047
0 0.384344 0.945638 0.315473 0.108724 0.0051384
2 0.754008 0.983724 0.491984 0.0325521 0.00421524
1 0.853982 0.865234 0.292036 0.269531 0.00413513
2 0.0514681 0.265055 0.102936 0.50765 0.00405502
0 0.819176 0.946289 0.361648 0.107422 0.00387001
0 0.430906 0.981771 0.554115 0.0364583 0.00385475
2 0.0942347 0.893555 0.188469 0.212891 0.0037365
2 0.294923 0.411458 0.589847 0.513021 0.0037365
2 0.858425 0.867513 0.283149 0.264974 0.00365067
2 0.0696115 0.319987 0.139223 0.617839 0.00363541
2 0.0264283 0.904948 0.0528566 0.190104 0.00335121
0 0.739752 0.991536 0.520495 0.0169271 0.00332451
0 0.434609 0.944661 0.286037 0.110677 0.00327301
2 0.234383 0.873698 0.274743 0.252604 0.00323486
2 0.189951 0.854167 0.218091 0.270833 0.00317192
0 0.83732 0.830729 0.325361 0.221354 0.00298119
1 0.857314 0.932943 0.285371 0.134115 0.00298119
2 0.430906 0.981771 0.554115 0.0364583 0.00288963
0 0.325193 0.931641 0.294553 0.136719 0.00283432
0 0.655385 0.277018 0.336209 0.164714 0.00281143
2 0.125615 0.386393 0.251231 0.638672 0.00269318
2 0.687729 0.979167 0.624542 0.0416667 0.00265312
2 0.0543377 0.217285 0.108675 0.43457 0.00255013
2 0.819176 0.946289 0.361648 0.107422 0.00236893
0 0.687729 0.979167 0.624542 0.0416667 0.00225258
2 0.325193 0.931641 0.294553 0.136719 0.00225258
0 0.791646 0.292236 0.410264 0.195475 0.00224304
0 0.700373 0.280924 0.266968 0.178385 0.00223351
2 0.854722 0.825521 0.290555 0.216146 0.00216484
1 0.426185 0.945964 0.563557 0.108073 0.00206757
0 0.177361 0.860677 0.159958 0.233073 0.222046
0 0.419891 0.947917 0.132558 0.104167 0.201172
2 0.0664642 0.136393 0.132928 0.240885 0.0479431
2 0.086459 0.165365 0.104788 0.130859 0.0472412
2 0.0570222 0.16862 0.114044 0.163411 0.0456848
0 0.62169 0.259115 0.267338 0.184896 0.0333252
0 0.231745 0.855469 0.218554 0.226562 0.029541
2 0.0634094 0.16569 0.126819 0.134115 0.0288696
2 0.441367 0.945964 0.17625 0.108073 0.0236969
2 0.727218 0.910156 0.0651682 0.0729167 0.0234222
0 0.727218 0.908854 0.0651682 0.0703125 0.0230713
0 0.873106 0.960938 0.250305 0.0742188 0.0164642
2 0.419891 0.947917 0.139223 0.10026 0.0153046
2 0.0560502 0.231445 0.1121 0.279297 0.0150757
2 0.054708 0.136719 0.109416 0.273438 0.0132217
0 0.782204 0.296875 0.209945 0.193359 0.012146
1 0.727218 0.910156 0.0651682 0.0729167 0.0107346
0 0.268078 0.365234 0.105898 0.151042 0.0104065
0 0.743325 0.286784 0.160329 0.176432 0.00908661
0 0.344725 0.434896 0.192543 0.210938 0.00898743
0 0.407301 0.94987 0.119969 0.0859375 0.00806427
0 0.690931 0.275716 0.262154 0.178385 0.00717545
0 0.265486 0.324951 0.171067 0.239421 0.00658798
1 0.419891 0.947917 0.132558 0.104167 0.00629044
0 0.387307 0.907227 0.194024 0.185547 0.00605011
0 0.882733 0.802734 0.225127 0.164062 0.00566483
2 0.0528566 0.268473 0.105713 0.403158 0.00564194
1 0.733883 0.916016 0.0710926 0.0572917 0.00538635
0 0.890139 0.962891 0.177732 0.0742188 0.00536346
2 0.733883 0.916016 0.0710926 0.0572917 0.00486755
2 0.0102982 0.0704753 0.0205965 0.140951 0.00466537
0 0.335468 0.404297 0.20291 0.182292 0.00457382
0 0.916188 0.495117 0.167624 0.182943 0.00450516
0 0.579849 0.503906 0.154775 0.130208 0.0039444
0 0.733883 0.916016 0.0710926 0.0572917 0.00392914
0 0.67575 0.907552 0.156256 0.101562 0.00370789
2 0.465064 0.940104 0.254749 0.119792 0.00355148
2 0.652423 0.916667 0.204391 0.127604 0.00346947
0 0.301773 0.336589 0.206613 0.261719 0.00345612
2 0.103862 0.169596 0.126263 0.128581 0.00324821
0 0.255489 0.861979 0.293998 0.263021 0.00309944
0 0.388417 0.449219 0.26956 0.252604 0.003088
2 0.873106 0.960938 0.250305 0.0742188 0.00284576
0 0.606509 0.51237 0.131818 0.111979 0.00259018
0 0.27752 0.855469 0.234383 0.208333 0.00243378
0 0.443496 0.462565 0.294923 0.302734 0.00230598
0 0.46275 0.939453 0.311215 0.121094 0.00213242
0 0.232162 0.305013 0.178472 0.192708 0.00208282
2 0.677602 0.92513 0.299181 0.147135 0.00203514
2 0.67575 0.907552 0.156256 0.101562 0.00198746
0 0.189951 0.863932 0.195875 0.248698 0.204956
1 0.194209 0.863281 0.186248 0.244792 0.118774
1 0.438775 0.945312 0.179953 0.109375 0.0739746
2 0.44655 0.944661 0.197726 0.110677 0.0484924
0 0.24327 0.867839 0.315473 0.252604 0.0360107
0 0.873236 0.807292 0.253527 0.171875 0.0289764
1 0.873236 0.807292 0.253527 0.171875 0.0230713
0 0.44655 0.944661 0.197726 0.110677 0.0227203
2 0.194209 0.863281 0.186248 0.244792 0.0162811
2 0.725737 0.914062 0.0651682 0.0625 0.0122375
2 0.465805 0.941406 0.265116 0.117188 0.00908661
1 0.645017 0.266927 0.346577 0.178385 0.00828552
1 0.465805 0.941406 0.265116 0.117188 0.00757599
1 0.226608 0.860026 0.301403 0.277344 0.00674438
0 0.650201 0.271484 0.334728 0.176432 0.00600433
0 0.465805 0.941406 0.265116 0.117188 0.00553513
2 0.24327 0.867839 0.315473 0.252604 0.00479126
1 0.725737 0.914062 0.0651682 0.0625 0.00468063
2 0.982097 0.318359 0.0358063 0.283854 0.00415039
2 0.871755 0.817057 0.25649 0.191406 0.00387001
0 0.825101 0.979167 0.349799 0.0416667 0.00370789
0 0.711667 0.290283 0.309549 0.199382 0.00342941
0 0.868793 0.959635 0.262414 0.078125 0.00298119
2 0.103677 0.815104 0.192172 0.317708 0.00288963
0 0.984318 0.321615 0.0313631 0.240885 0.00279045
1 0.825101 0.979167 0.349799 0.0416667 0.00255013
0 0.725737 0.914062 0.0651682 0.0625 0.00209999
0 0.359814 0.919271 0.364535 0.157552 0.00200272
0 0.833617 0.817708 0.332766 0.183594 0.0019722
2 0.063502 0.156901 0.127004 0.201172 0.00195694
1 0.438034 0.94043 0.428037 0.119141 0.00182438
1 0.868793 0.959635 0.262414 0.078125 0.00164223
0 0.103677 0.815104 0.192172 0.317708 0.00154305
0 0.866942 0.854167 0.266117 0.278646 0.00147247
1 0.982837 0.355143 0.0343253 0.347656 0.00141621
0 0.793682 0.304118 0.343985 0.212077 0.00135612
2 0.650201 0.271484 0.334728 0.176432 0.00134563
0 0.50348 0.938151 0.420816 0.123698 0.00133514
1 0.50348 0.938151 0.420816 0.123698 0.0012846
2 0.0603778 0.791667 0.0632706 0.0859375 0.00126457
2 0.868793 0.959635 0.262414 0.078125 0.00125504
0 0.484689 0.944661 0.366571 0.110677 0.0012207
2 0.758451 0.988932 0.483097 0.0221354 0.00121117
2 0.78363 0.951823 0.43274 0.0963542 0.0012064
0 0.0603778 0.791667 0.0632706 0.0859375 0.00119686
1 0.984318 0.321615 0.0313631 0.240885 0.0011158
2 0.825101 0.979167 0.349799 0.0416667 0.00109005
2 0.0567445 0.182129 0.113489 0.364258 0.00107288
1 0.103677 0.815104 0.192172 0.317708 0.00103188
2 0.422112 0.946615 0.133299 0.104167 0.306641
2 0.722034 0.908854 0.0740548 0.0729167 0.105957
2 0.730366 0.916016 0.0796089 0.0572917 0.0347595
2 0.582071 0.527669 0.0799792 0.0546875 0.0346069
0 0.186618 0.865885 0.164402 0.239583 0.0259552
2 0.399155 0.945312 0.143666 0.0976562 0.023819
2 0.981727 0.3007 0.0365469 0.247559 0.0197144
2 0.344447 0.924479 0.184952 0.138021 0.0167847
2 0.379253 0.941406 0.190876 0.109375 0.0167847
1 0.722034 0.908854 0.0740548 0.0729167 0.0152512
2 0.604287 0.527995 0.109601 0.0625 0.0102081
2 0.186618 0.865885 0.164402 0.239583 0.00993347
2 0.490243 0.942057 0.278446 0.115885 0.00867462
0 0.73592 0.281169 0.166253 0.174642 0.00740433
1 0.730366 0.916016 0.0796089 0.0572917 0.00593567
2 0.0838671 0.159831 0.099974 0.14974 0.00582123
2 0.956918 0.541667 0.0861636 0.132812 0.00568771
2 0.561335 0.533854 0.0488762 0.0442708 0.00508118
0 0.582071 0.527669 0.0799792 0.0546875 0.00494385
2 0.0562817 0.794271 0.0529492 0.0625 0.00475693
0 0.722034 0.908854 0.0740548 0.0729167 0.00385475
0 0.561335 0.533854 0.0488762 0.0442708 0.00351143
0 0.604287 0.527995 0.109601 0.0625 0.00348282
2 0.559114 0.527344 0.0799792 0.0494792 0.00319672
2 0.290665 0.395508 0.0962713 0.102865 0.00314713
2 0.0655385 0.77474 0.0655385 0.109375 0.0030632
2 0.929388 0.539714 0.13478 0.119792 0.00301552
2 0.980245 0.339193 0.0395091 0.332682 0.00294685
2 0.705187 0.904297 0.100344 0.0963542 0.00279999
0 0.218091 0.863932 0.200689 0.248698 0.00275803
2 0.261089 0.861979 0.285018 0.257812 0.0024929
2 0.979875 0.243001 0.0402496 0.418945 0.00248146
0 0.985059 0.313151 0.029882 0.250651 0.00244331
0 0.425815 0.947917 0.137742 0.104167 0.0024147
0 0.670196 0.268962 0.278446 0.178223 0.00228691
2 0.0562817 0.790365 0.0599844 0.0833333 0.00227928
1 0.420631 0.947266 0.128855 0.104167 0.00226974
0 0.0562817 0.794271 0.0529492 0.0625 0.00213242
2 0.624282 0.525391 0.136261 0.0690104 0.0020504
2 0.33732 0.400391 0.179953 0.117188 0.00201988
2 0.218091 0.863932 0.200689 0.248698 0.00201988
2 0.457659 0.934896 0.208835 0.130208 0.00196457
0 0.730366 0.916016 0.0796089 0.0572917 0.00176144
2 0.268819 0.388021 0.111823 0.114583 0.0017271
0 0.624282 0.525391 0.136261 0.0690104 0.00168705
0 0.829414 0.296305 0.336209 0.193848 0.00157356
2 0.0139778 0.0250651 0.0279557 0.0501302 0.00156116
2 0.697596 0.894531 0.0829414 0.0963542 0.00155449
2 0.416095 0.942057 0.351205 0.115885 0.00151253
2 0.0644277 0.172526 0.128855 0.174479 0.00141048
0 0.183239 0.867839 0.152645 0.221354 0.225464
2 0.416929 0.949219 0.13478 0.101562 0.0522461
0 0.659088 0.276367 0.312511 0.158854 0.0374756
2 0.444329 0.948568 0.180694 0.102865 0.0282135
0 0.718517 0.275391 0.43211 0.166667 0.0152512
0 0.426556 0.942708 0.142185 0.110677 0.0116425
0 0.738326 0.287028 0.167364 0.156413 0.00955963
0 0.767208 0.298177 0.201429 0.171875 0.00757599
2 0.179213 0.865885 0.156256 0.210938 0.00706482
2 0.0827563 0.168294 0.0925685 0.125651 0.00695801
2 0.487281 0.947266 0.281408 0.10026 0.00669098
2 0.87829 0.809896 0.239938 0.153646 0.00598145
2 0.724256 0.907552 0.0681304 0.0755208 0.00582123
0 0.87829 0.809896 0.239938 0.153646 0.00494385
2 0.881252 0.790365 0.219202 0.114583 0.0046463
0 0.807197 0.298503 0.294738 0.171875 0.00353813
0 0.230634 0.856771 0.261506 0.21875 0.00340271
0 0.620209 0.51888 0.154775 0.0898438 0.00284576
2 0.862128 0.829427 0.275744 0.200521 0.00277901
2 0.87829 0.96224 0.214759 0.0546875 0.00273705
0 0.862128 0.829427 0.275744 0.200521 0.00265312
2 0.916799 0.535807 0.159958 0.0924479 0.0026207
2 0.953826 0.527344 0.091828 0.0911458 0.00243378
1 0.416929 0.949219 0.13478 0.101562 0.00226021
0 0.602806 0.524414 0.118488 0.0683594 0.00211525
0 0.906431 0.539388 0.162921 0.078776 0.00178909
1 0.87829 0.809896 0.239938 0.153646 0.00176811
2 0.655385 0.275716 0.2977 0.164714 0.0017271
0 0.633169 0.508464 0.17625 0.115234 0.0017004
0 0.910134 0.505534 0.161439 0.144531 0.0015974
2 0.734809 0.914714 0.0855333 0.0611979 0.00157356
0 0.881252 0.790365 0.219202 0.114583 0.00150108
2 0.980616 0.307373 0.0387685 0.206868 0.00144386
2 0.586514 0.931641 0.45914 0.136719 0.00144386
2 0.546154 0.951823 0.379901 0.0911458 0.00142097
2 0.916799 0.50651 0.165883 0.141276 0.00135612
2 0.90495 0.773438 0.165883 0.0755208 0.00134087
1 0.444329 0.948568 0.180694 0.102865 0.00125504
2 0.888658 0.959635 0.219202 0.0729167 0.00124931
2 0.602806 0.524414 0.118488 0.0683594 0.00121117
1 0.191432 0.863281 0.165142 0.203125 0.00116539
2 0.670196 0.917969 0.173288 0.119792 0.00115108
2 0.332414 0.412109 0.194209 0.132812 0.00108624
0 0.184026 0.867839 0.167364 0.24349 0.482422
0 0.752397 0.292887 0.14811 0.156413 0.0847778
2 0.483578 0.945312 0.245862 0.109375 0.042572
2 0.194579 0.856771 0.185137 0.252604 0.0419312
0 0.732402 0.283203 0.174769 0.155599 0.037323
2 0.430258 0.945312 0.143666 0.106771 0.0313721
0 0.665753 0.277913 0.300663 0.160319 0.0175781
2 0.722034 0.905599 0.0710926 0.0833333 0.0115967
2 0.582071 0.52474 0.0710926 0.0611979 0.0104065
0 0.582071 0.52474 0.0710926 0.0611979 0.00818634
2 0.956918 0.524089 0.0861636 0.117839 0.00643921
2 0.462102 0.947266 0.170326 0.105469 0.00609589
2 0.953215 0.544922 0.0935691 0.139323 0.00564194
0 0.956918 0.524089 0.0861636 0.117839 0.00477219
0 0.601325 0.524089 0.111082 0.0800781 0.00471878
1 0.953956 0.556966 0.092088 0.159505 0.00399017
0 0.938775 0.5 0.12245 0.166667 0.00370789
1 0.722034 0.905599 0.0710926 0.0833333 0.00356483
0 0.613174 0.273438 0.275484 0.161458 0.00336266
0 0.916188 0.501302 0.167624 0.177083 0.00332451
2 0.0873847 0.161133 0.085163 0.136068 0.00325966
2 0.493946 0.957682 0.285852 0.0846354 0.00314713
0 0.183332 0.847656 0.134687 0.1875 0.00312424
1 0.181805 0.867839 0.163661 0.233073 0.00291252
0 0.613174 0.511068 0.130336 0.113281 0.0028553
0 0.63465 0.514323 0.152553 0.104167 0.00282288
0 0.640574 0.501302 0.130336 0.113281 0.00277901
0 0.582071 0.519531 0.0829414 0.0794271 0.00234222
2 0.955437 0.509766 0.0891258 0.170573 0.00232315
0 0.953215 0.544922 0.0935691 0.139323 0.00224304
0 0.888658 0.791667 0.195505 0.117188 0.00218201
2 0.327693 0.669922 0.0496167 0.0507812 0.00214958
2 0.28326 0.390299 0.0718332 0.093099 0.00191212
2 0.711667 0.895833 0.077017 0.104167 0.00191212
2 0.728514 0.914714 0.089236 0.0677083 0.00179577
0 0.278446 0.390625 0.0836819 0.0989583 0.00168705
2 0.601325 0.524089 0.111082 0.0800781 0.00168705
2 0.0147184 0.0210775 0.0294368 0.0421549 0.00165462
0 0.955437 0.509766 0.0891258 0.170573 0.0016489
2 0.920631 0.538411 0.158737 0.130208 0.00164223
0 0.462102 0.947266 0.170326 0.105469 0.00161076
2 0.938775 0.5 0.12245 0.166667 0.00153065
2 0.0646128 0.166341 0.129226 0.139323 0.00150108
0 0.336116 0.396159 0.185322 0.113932 0.00150108
1 0.582811 0.182129 0.045914 0.054362 0.00147247
0 0.923463 0.782552 0.131818 0.0963542 0.00141048
0 0.722034 0.905599 0.0710926 0.0833333 0.00140476
1 0.613174 0.273438 0.275484 0.161458 0.00132465
0 0.490613 0.947266 0.273262 0.105469 0.00128937
0 0.950123 0.509115 0.0992334 0.208333 0.00126934
0 0.201846 0.86849 0.199115 0.244792 0.680664
2 0.204808 0.859375 0.204299 0.252604 0.19812
0 0.734439 0.284831 0.166253 0.159505 0.0155411
0 0.913836 0.501302 0.162921 0.167969 0.0112457
0 0.744806 0.283773 0.495056 0.166829 0.00974274
0 0.764246 0.298747 0.225127 0.17334 0.0068512
2 0.576887 0.53125 0.0725737 0.0559896 0.0068512
1 0.203095 0.86263 0.198097 0.25 0.00577545
2 0.927296 0.500977 0.145407 0.172526 0.00510025
2 0.420261 0.947917 0.139223 0.101562 0.00419998
0 0.678342 0.28068 0.26956 0.162598 0.00395966
0 0.339819 0.362549 0.244566 0.278809 0.00388527
0 0.884214 0.804688 0.228089 0.153646 0.00379562
2 0.436923 0.943359 0.198467 0.102865 0.00317192
0 0.889398 0.792969 0.205872 0.117188 0.00271416
0 0.334728 0.417318 0.184396 0.152344 0.00263214
0 0.287518 0.392904 0.0855333 0.103516 0.0024147
0 0.33806 0.436198 0.190321 0.236979 0.00230598
0 0.301403 0.339518 0.146629 0.223307 0.00217438
0 0.627614 0.276611 0.291035 0.160319 0.00188923
2 0.0886806 0.167806 0.0996037 0.14388 0.00176144
2 0.917539 0.964844 0.091828 0.0651042 0.00163555
0 0.576887 0.53125 0.0725737 0.0559896 0.00161076
2 0.33732 0.358724 0.208094 0.238281 0.00158501
2 0.854593 0.96224 0.211797 0.0572917 0.00141048
2 0.921372 0.524089 0.157256 0.148438 0.00139904
2 0.881252 0.959635 0.186618 0.0703125 0.00139904
2 0.847928 0.96875 0.12145 0.0572917 0.00136185
0 0.826267 0.311523 0.346947 0.204427 0.00135612
2 0.884214 0.804688 0.228089 0.153646 0.0012064
0 0.58059 0.53125 0.085163 0.0709635 0.00112915
2 0.745732 0.296794 0.173288 0.165527 0.00109863
0 0.275114 0.331706 0.181434 0.238932 0.00108624
2 0.744806 0.283773 0.495056 0.166829 0.00108147
2 0.595401 0.532552 0.0947902 0.0638021 0.00104809
2 0.287518 0.392904 0.0855333 0.103516 0.00102806
0 0.183332 0.869792 0.173196 0.244792 0.679199
2 0.182869 0.863281 0.171159 0.242188 0.0794678
2 0.411004 0.942708 0.188099 0.102865 0.0783691
0 0.724201 0.292318 0.551598 0.201823 0.0418396
0 0.416929 0.94401 0.170326 0.111979 0.024704
0 0.233088 0.860677 0.29659 0.257812 0.0184021
0 0.953826 0.556315 0.091828 0.173828 0.00871277
2 0.943218 0.539062 0.113564 0.166667 0.0086441
0 0.795349 0.299479 0.266597 0.186198 0.00844574
0 0.943218 0.539062 0.113564 0.166667 0.00821686
0 0.912355 0.517578 0.156996 0.171875 0.00769424
0 0.867182 0.80599 0.226608 0.135417 0.00526047
0 0.73629 0.288493 0.171437 0.17041 0.0051384
2 0.387307 0.936849 0.200689 0.121094 0.0051384
2 0.464324 0.941406 0.268078 0.102865 0.00419998
2 0.915317 0.541341 0.151072 0.152995 0.00418091
2 0.953826 0.556315 0.091828 0.173828 0.00416565
1 0.186618 0.865885 0.178472 0.244792 0.00411606
0 0.582071 0.527018 0.091828 0.0865885 0.00391388
1 0.429888 0.942057 0.196986 0.104167 0.00391388
0 0.608731 0.525391 0.117007 0.0963542 0.00387001
2 0.357037 0.936198 0.312326 0.127604 0.00353813
0 0.887177 0.799479 0.192543 0.106771 0.00335121
0 0.387307 0.936849 0.200689 0.121094 0.00332451
0 0.268078 0.86849 0.417669 0.261719 0.00311089
0 0.906431 0.534505 0.142185 0.123698 0.00302696
0 0.922723 0.556641 0.142185 0.166667 0.0029583
2 0.233088 0.860677 0.29659 0.257812 0.00259018
0 0.912355 0.959635 0.077017 0.0625 0.00255013
0 0.665513 0.299398 0.668975 0.237142 0.00255013
0 0.32797 0.433594 0.201614 0.209635 0.00253105
2 0.924204 0.514974 0.151072 0.175781 0.00240517
2 0.724201 0.292318 0.551598 0.201823 0.00226974
0 0.357037 0.936198 0.312326 0.127604 0.00226974
0 0.667234 0.277995 0.263635 0.167318 0.00223351
0 0.866441 0.959635 0.165883 0.0572917 0.00198746
0 0.919761 0.845052 0.127374 0.0651042 0.00186062
2 0.866441 0.959635 0.165883 0.0572917 0.00182438
0 0.273447 0.384115 0.0988632 0.109375 0.0018034
2 0.912355 0.959635 0.077017 0.0625 0.00175476
1 0.953826 0.556315 0.091828 0.173828 0.0017271
0 0.615395 0.516927 0.142926 0.123047 0.00158501
0 0.26382 0.341227 0.131447 0.206868 0.00153065
2 0.268078 0.86849 0.417669 0.261719 0.00149536
2 0.894582 0.958333 0.165883 0.0598958 0.0014267
2 0.887177 0.799479 0.192543 0.106771 0.00129414
0 0.956178 0.533203 0.0876447 0.216146 0.00127411
0 0.638352 0.526042 0.149591 0.111979 0.00124454
0 0.421464 0.936849 0.238271 0.110677 0.00119686
2 0.867182 0.80599 0.226608 0.135417 0.0011692
0 0.181434 0.864583 0.166253 0.242188 0.62793
2 0.186618 0.859375 0.171807 0.239583 0.120422
2 0.425815 0.941406 0.180694 0.117188 0.025177
0 0.425815 0.941406 0.180694 0.117188 0.00948334
2 0.505424 0.932943 0.354723 0.128906 0.00948334
0 0.856074 0.802083 0.278446 0.153646 0.00751877
0 0.822008 0.297607 0.312511 0.188639 0.00723267
0 0.955307 0.532552 0.077017 0.15625 0.00666809
2 0.716851 0.911458 0.0859036 0.0833333 0.00619125
0 0.413133 0.93099 0.223831 0.130208 0.00598145
0 0.614655 0.526693 0.119969 0.0911458 0.00557709
0 0.696115 0.281576 0.234013 0.160807 0.00534439
2 0.413133 0.93099 0.223831 0.130208 0.00521851
0 0.323249 0.363932 0.228089 0.175781 0.00519943
0 0.330284 0.39388 0.182175 0.115885 0.00519943
0 0.728514 0.293294 0.530603 0.198568 0.0051384
0 0.59466 0.527995 0.105158 0.0807292 0.00498199
2 0.95877 0.533854 0.0824609 0.147135 0.00479126
0 0.586884 0.519206 0.101455 0.107422 0.00460815
0 0.619098 0.515625 0.143666 0.117188 0.00413513
0 0.732957 0.284831 0.172177 0.165365 0.00411606
2 0.661309 0.914062 0.198467 0.138021 0.00365067
0 0.634279 0.529948 0.125153 0.0898438 0.00322342
0 0.853111 0.958333 0.257711 0.078125 0.00322342
2 0.847928 0.96224 0.250305 0.0625 0.00300407
0 0.286962 0.388672 0.110342 0.110677 0.00296974
2 0.578368 0.942708 0.499129 0.108073 0.00293541
0 0.270485 0.38151 0.102566 0.114583 0.00288963
2 0.646499 0.895182 0.223646 0.110677 0.00286674
0 0.712592 0.902995 0.0944199 0.0846354 0.00277901
0 0.334635 0.333333 0.284556 0.226562 0.00273705
0 0.4995 0.942708 0.336949 0.113281 0.00271416
0 0.298996 0.344076 0.201799 0.202474 0.0026722
2 0.856074 0.802083 0.278446 0.153646 0.00226974
0 0.933091 0.556641 0.124412 0.164062 0.00214958
2 0.450253 0.917969 0.26956 0.15625 0.0020504
0 0.599103 0.89974 0.345095 0.148438 0.0020504
0 0.646499 0.895182 0.223646 0.110677 0.00188255
0 0.575406 0.86849 0.395453 0.122396 0.00186062
2 0.819176 0.964844 0.361648 0.0598958 0.00183105
0 0.450253 0.917969 0.26956 0.15625 0.00181007
2 0.323249 0.363932 0.228089 0.175781 0.00176811
2 0.745176 0.954427 0.393601 0.0755208 0.00176144
0 0.653904 0.276123 0.336209 0.165202 0.00172043
0 0.848428 0.898438 0.303144 0.171875 0.00169373
0 0.627244 0.880859 0.25623 0.10026 0.0016613
2 0.66242 0.278646 0.299922 0.164062 0.00165462
0 0.339264 0.413737 0.18199 0.141927 0.0016489
2 0.867922 0.953125 0.254749 0.0885417 0.00162888
0 0.819176 0.964844 0.361648 0.0598958 0.00160408
0 0.185878 0.860677 0.158477 0.217448 0.284668
2 0.182499 0.865234 0.157829 0.209635 0.0380249
2 0.417669 0.942708 0.133299 0.109375 0.0122375
0 0.752527 0.287028 0.494946 0.178548 0.0108185
0 0.700744 0.280273 0.230681 0.158854 0.0064888
2 0.446921 0.939453 0.182915 0.115885 0.00572968
1 0.752527 0.287028 0.494946 0.178548 0.00564194
0 0.909393 0.50293 0.158477 0.162109 0.00471878
2 0.911615 0.52474 0.155515 0.139323 0.00457382
0 0.589106 0.522135 0.104417 0.0898438 0.00376511
0 0.731661 0.283529 0.167364 0.15625 0.00329781
2 0.912355 0.500977 0.162921 0.166016 0.00319672
2 0.936923 0.514323 0.126153 0.138021 0.00302696
0 0.907171 0.530599 0.152553 0.117188 0.00279999
0 0.901988 0.828125 0.139223 0.0976562 0.00269318
0 0.41915 0.942708 0.139223 0.111979 0.00237846
0 0.884214 0.808594 0.207353 0.122396 0.00227928
2 0.943458 0.53418 0.112563 0.134766 0.00202751
1 0.669455 0.277669 0.288814 0.160156 0.0019722
0 0.658347 0.276042 0.303625 0.154948 0.00193405
2 0.469507 0.933594 0.238456 0.127604 0.00188255
0 0.754063 0.291992 0.156626 0.17513 0.00186729
0 0.935312 0.509115 0.122931 0.173177 0.00184631
1 0.901988 0.828125 0.139223 0.0976562 0.00161648
0 0.449513 0.940104 0.186618 0.117188 0.00123978
1 0.182499 0.865234 0.157829 0.209635 0.00123501
0 0.603547 0.528971 0.122931 0.0761719 0.00123024
0 0.271226 0.379557 0.102566 0.105469 0.00122547
2 0.384992 0.9375 0.167549 0.115885 0.00117397
1 0.41915 0.942708 0.139223 0.111979 0.0011692
0 0.607249 0.515625 0.13478 0.109375 0.0011692
0 0.890879 0.958333 0.12145 0.0651042 0.00115585
2 0.589106 0.522135 0.104417 0.0898438 0.00104427
0 0.191478 0.864583 0.172455 0.234375 0.332764
0 0.750175 0.288086 0.496167 0.184245 0.270508
0 0.659088 0.278646 0.321398 0.16276 0.138428
2 0.191478 0.864583 0.172455 0.234375 0.0448608
2 0.420631 0.940104 0.137742 0.109375 0.0428772
2 0.659458 0.27832 0.308809 0.166016 0.0201721
2 0.750175 0.288086 0.496167 0.184245 0.0155411
2 0.462102 0.944661 0.208835 0.110677 0.0143356
2 0.388417 0.936849 0.186618 0.119792 0.00763702
2 0.494686 0.9375 0.289554 0.117188 0.00669098
1 0.750175 0.288086 0.496167 0.184245 0.00658798
0 0.781834 0.296549 0.264005 0.176432 0.005867
1 0.659458 0.27832 0.308809 0.166016 0.00521851
2 0.720553 0.912109 0.0814603 0.0794271 0.0037365
2 0.545784 0.941406 0.370274 0.106771 0.00362206
2 0.683896 0.923177 0.147369 0.125 0.00263214
0 0.423964 0.946615 0.142926 0.106771 0.00209999
2 0.712222 0.931641 0.219573 0.121094 0.0020752
0 0.646258 0.285726 0.707483 0.225423 0.00170708
0 0.217027 0.855469 0.242067 0.231771 0.00161648
2 0.0666493 0.165853 0.133299 0.139648 0.00161076
2 0.741289 0.951172 0.231051 0.0807292 0.00144958
2 0.436183 0.936198 0.21624 0.121094 0.00133514
0 0.882733 0.798177 0.213278 0.130208 0.00131989
2 0.633539 0.932943 0.341393 0.119792 0.00130939
2 0.899025 0.959635 0.118488 0.0651042 0.00124931
2 0.634279 0.927083 0.255489 0.138021 0.00121593
0 0.0820388 0.792969 0.132882 0.190104 0.00113773
2 0.953956 0.55306 0.092088 0.155599 0.00109482
0 0.868423 0.80599 0.263155 0.153646 0.00103664
2 0.957659 0.52474 0.0846825 0.141927 0.00100422
0 0.18398 0.860677 0.160051 0.236979 0.600098
0 0.667974 0.287435 0.318436 0.186198 0.167725
0 0.727033 0.284424 0.178102 0.164225 0.028656
2 0.418039 0.938802 0.13552 0.114583 0.0239563
2 0.18074 0.85612 0.157644 0.238281 0.0133286
2 0.45988 0.942708 0.207353 0.114583 0.0100937
0 0.41915 0.944661 0.136261 0.110677 0.00695801
2 0.496167 0.932292 0.308068 0.127604 0.00614548
0 0.879031 0.807292 0.228089 0.148438 0.00538635
0 0.912355 0.519206 0.159958 0.184245 0.00502014
2 0.660569 0.278076 0.302144 0.165202 0.00429916
0 0.949383 0.55013 0.100715 0.173177 0.00379562
2 0.716851 0.913411 0.0814603 0.0911458 0.0037365
2 0.392861 0.932292 0.159958 0.122396 0.00362206
2 0.677602 0.920573 0.154034 0.138021 0.00333786
0 0.45988 0.942708 0.207353 0.114583 0.00302696
0 0.887177 0.791667 0.204391 0.114583 0.00299263
0 0.921002 0.549154 0.157997 0.164714 0.00281143
2 0.569852 0.936198 0.468767 0.126302 0.00275803
0 0.690561 0.294271 0.421372 0.208984 0.00273705
2 0.605768 0.923177 0.342133 0.148438 0.00225258
0 0.896063 0.959635 0.139223 0.0703125 0.00225258
0 0.209899 0.852865 0.217073 0.236979 0.00203514
2 0.698337 0.923177 0.268078 0.138021 0.00201035
0 0.430258 0.9375 0.186618 0.119792 0.00174809
2 0.928777 0.511719 0.142445 0.196615 0.00174141
0 0.504313 0.945312 0.316955 0.106771 0.00171375
0 0.384344 0.933594 0.169586 0.126302 0.0016613
2 0.430258 0.9375 0.186618 0.119792 0.00161076
2 0.721294 0.90625 0.0666493 0.0768229 0.00151253
2 0.944329 0.533203 0.111342 0.179688 0.00148392
2 0.741844 0.946615 0.246232 0.0885417 0.00141621
2 0.657607 0.907552 0.183656 0.11849 0.00138855
0 0.716851 0.913411 0.0814603 0.0911458 0.00138855
0 0.586884 0.525391 0.105898 0.0911458 0.00131989
0 0.93161 0.513346 0.118488 0.215495 0.0012846
2 0.896063 0.959635 0.139223 0.0703125 0.00118828
0 0.752397 0.296794 0.162921 0.182454 0.00116539
0 0.593549 0.912109 0.329544 0.160156 0.00116062
0 0.873106 0.854167 0.247343 0.223958 0.00115585
1 0.660569 0.278076 0.302144 0.165202 0.00114727
2 0.724997 0.283203 0.180694 0.160807 0.00100422
0 0.180323 0.864583 0.141074 0.234375 0.73584
0 0.411745 0.946615 0.143666 0.106771 0.0634766
0 0.708705 0.281169 0.199948 0.159017 0.0402527
2 0.183332 0.865885 0.149498 0.234375 0.0218658
0 0.455437 0.942708 0.205872 0.113281 0.0193481
2 0.953826 0.540365 0.0888658 0.143229 0.0167236
0 0.670566 0.27832 0.280668 0.162109 0.0157166
2 0.409523 0.942708 0.143666 0.105469 0.0156708
0 0.906431 0.501302 0.154034 0.174479 0.011467
0 0.420631 0.940104 0.194024 0.114583 0.0112457
0 0.385085 0.941406 0.168845 0.109375 0.01017
0 0.907912 0.526693 0.146629 0.147135 0.00963593
0 0.954566 0.525391 0.0888658 0.135417 0.008255
0 0.952345 0.554688 0.0888658 0.154948 0.00787354
2 0.450253 0.940104 0.205872 0.111979 0.00760651
0 0.94642 0.514323 0.0947902 0.182292 0.00734711
2 0.907912 0.526693 0.146629 0.147135 0.00661469
0 0.587625 0.526367 0.108861 0.0859375 0.00551224
2 0.94642 0.514323 0.0947902 0.182292 0.0051384
0 0.889398 0.808594 0.170326 0.136719 0.00469971
2 0.4858 0.933594 0.282149 0.122396 0.00469971
2 0.906431 0.501302 0.154034 0.174479 0.00446701
0 0.749435 0.289062 0.143666 0.161458 0.00436401
0 0.207724 0.855469 0.201799 0.235677 0.00400543
0 0.457288 0.928385 0.236235 0.135417 0.00337601
0 0.925685 0.55306 0.127374 0.14388 0.00323486
2 0.719072 0.911458 0.0755359 0.0755208 0.00317192
0 0.928647 0.514974 0.115526 0.197917 0.00273705
0 0.519494 0.926432 0.39175 0.147135 0.00252151
0 0.911615 0.78776 0.149591 0.0963542 0.00247192
0 0.904209 0.959635 0.102196 0.0677083 0.00214958
2 0.930869 0.503906 0.133299 0.167969 0.00214005
0 0.719072 0.911458 0.0755359 0.0755208 0.00188923
0 0.603176 0.513346 0.125893 0.115234 0.00188255
0 0.0840522 0.809896 0.128115 0.231771 0.00185299
2 0.523938 0.942708 0.305846 0.104167 0.0017271
2 0.925685 0.55306 0.127374 0.14388 0.00155449
0 0.330655 0.405924 0.185878 0.119141 0.00141621
0 0.282889 0.859375 0.345095 0.276042 0.00140476
2 0.957659 0.552083 0.0846825 0.154948 0.00139427
0 0.699077 0.28776 0.388047 0.195312 0.00130463
2 0.693153 0.919271 0.115526 0.117188 0.00129414
1 0.952345 0.554688 0.0888658 0.154948 0.0012598
2 0.711667 0.935547 0.164402 0.109375 0.00114727
1 0.181805 0.861979 0.14811 0.226562 0.00109005
2 0.739808 0.957031 0.195505 0.0651042 0.00104809
0 0.179213 0.864583 0.153664 0.234375 0.712402
0 0.711667 0.281982 0.20291 0.158691 0.0359497
0 0.684266 0.286458 0.28437 0.170573 0.0344849
0 0.457288 0.938802 0.233273 0.114583 0.0320435
2 0.471729 0.94401 0.239938 0.111979 0.0220337
2 0.182545 0.860026 0.156996 0.230469 0.0210419
2 0.429518 0.942708 0.170326 0.104167 0.0197906
0 0.416929 0.94401 0.188099 0.109375 0.0179138
0 0.952345 0.516927 0.0888658 0.164062 0.0123367
0 0.206798 0.855469 0.208094 0.21875 0.00905609
0 0.953586 0.55599 0.0928285 0.148438 0.00828552
0 0.52653 0.933594 0.389528 0.130208 0.00818634
2 0.954326 0.541667 0.0913475 0.135417 0.00800323
0 0.915317 0.531901 0.151072 0.138021 0.00784302
0 0.914577 0.503906 0.161439 0.170573 0.0078125
2 0.952345 0.516927 0.0888658 0.164062 0.0068512
2 0.530973 0.934896 0.358425 0.119792 0.00651169
0 0.746472 0.290365 0.152553 0.161458 0.00521851
2 0.719998 0.91276 0.0766467 0.0729167 0.00421524
2 0.915317 0.531901 0.151072 0.138021 0.00415039
0 0.886436 0.809896 0.195505 0.135417 0.00395966
2 0.401377 0.9375 0.177732 0.109375 0.00359344
0 0.0700049 0.795573 0.0840059 0.166667 0.00324821
0 0.93161 0.555339 0.136261 0.139323 0.00312424
0 0.939015 0.511393 0.100715 0.188151 0.0029583
2 0.914577 0.503906 0.161439 0.170573 0.00279999
0 0.90495 0.958333 0.127374 0.0703125 0.00275803
0 0.695375 0.287435 0.383604 0.194661 0.00271416
2 0.68945 0.923177 0.128855 0.114583 0.00239754
0 0.910874 0.790365 0.156996 0.0963542 0.00231361
2 0.728884 0.929688 0.242529 0.119792 0.00209999
0 0.271087 0.855469 0.358333 0.270833 0.00191212
0 0.406931 0.927083 0.215499 0.138021 0.00169373
0 0.719998 0.91276 0.0766467 0.0729167 0.0015974
2 0.939015 0.511393 0.100715 0.188151 0.0015974
2 0.90495 0.958333 0.127374 0.0703125 0.00151253
2 0.605028 0.93099 0.331766 0.130208 0.00143814
2 0.757025 0.955729 0.221794 0.0677083 0.00138855
0 0.590957 0.527669 0.108861 0.0820312 0.00136662
2 0.0700049 0.795573 0.0840059 0.166667 0.00123501
2 0.844225 0.968099 0.219202 0.0455729 0.00121117
2 0.957659 0.553385 0.0846825 0.148438 0.00120163
1 0.182545 0.860026 0.156996 0.230469 0.00117874
2 0.93161 0.555339 0.136261 0.139323 0.00109005
0 0.466175 0.889323 0.301403 0.216146 0.00106049
1 0.671307 0.278971 0.28363 0.161458 0.00102806
2 0.802014 0.96875 0.20291 0.0442708 0.00100422
0 0.184026 0.865234 0.159218 0.233073 0.611328
2 0.420261 0.941406 0.14885 0.106771 0.0214539
0 0.442477 0.939453 0.225867 0.111979 0.0213318
0 0.422112 0.945312 0.162921 0.106771 0.0166626
2 0.45951 0.94401 0.21624 0.111979 0.0150146
2 0.183286 0.860677 0.159958 0.231771 0.0132751
2 0.948032 0.52832 0.103937 0.124349 0.00861359
0 0.907912 0.50293 0.159958 0.16862 0.00818634
0 0.914577 0.530599 0.154034 0.141927 0.00793457
2 0.914577 0.530599 0.154034 0.141927 0.00740433
0 0.949383 0.517578 0.0933091 0.170573 0.00706482
0 0.707964 0.282471 0.210316 0.160319 0.0069313
2 0.482097 0.9375 0.293998 0.117188 0.00682449
2 0.949383 0.517578 0.0933091 0.170573 0.00669098
0 0.687229 0.287842 0.33769 0.175618 0.00568771
2 0.952345 0.555339 0.091828 0.148438 0.00471878
0 0.952345 0.555339 0.091828 0.148438 0.00452042
0 0.396101 0.940755 0.192728 0.110677 0.0042305
2 0.913836 0.505534 0.162921 0.16862 0.00418091
0 0.89162 0.809896 0.174769 0.135417 0.00342941
0 0.927907 0.553711 0.137742 0.139974 0.00323486
0 0.948032 0.52832 0.103937 0.124349 0.00319672
0 0.527641 0.934896 0.411004 0.130208 0.00265312
0 0.0647054 0.78776 0.0753508 0.140625 0.00254059
0 0.479875 0.945312 0.288814 0.106771 0.00237846
2 0.527641 0.934896 0.411004 0.130208 0.00223351
2 0.719813 0.912109 0.077017 0.0755208 0.00218201
2 0.927907 0.553711 0.137742 0.139974 0.00183105
2 0.68871 0.923177 0.130336 0.117188 0.0016489
0 0.747768 0.29305 0.151442 0.166504 0.0015974
0 0.934572 0.511068 0.109601 0.186198 0.00154305
0 0.912355 0.790365 0.151072 0.0989583 0.0015192
2 0.720553 0.929036 0.213278 0.123698 0.00145531
2 0.410634 0.936198 0.199948 0.117188 0.00118828
2 0.934572 0.511068 0.109601 0.186198 0.00115108
0 0.733883 0.289388 0.491724 0.202474 0.0011034
2 0.0647054 0.78776 0.0753508 0.140625 0.00108147
0 0.184026 0.865234 0.159218 0.233073 0.613281
0 0.442477 0.940104 0.225867 0.111979 0.0214844
2 0.420261 0.941406 0.14885 0.106771 0.0214539
0 0.422112 0.945312 0.162921 0.106771 0.0167847
2 0.45951 0.94401 0.21624 0.111979 0.0150757
2 0.183286 0.860677 0.159958 0.231771 0.0132751
2 0.948032 0.52832 0.103937 0.124349 0.0086441
0 0.907912 0.50293 0.159958 0.16862 0.00831604
0 0.914577 0.530599 0.154034 0.141927 0.00800323
2 0.914577 0.530599 0.154034 0.141927 0.00740433
0 0.949383 0.517578 0.091828 0.170573 0.00712204
0 0.707964 0.282878 0.210316 0.160156 0.00706482
2 0.482097 0.9375 0.293998 0.117188 0.0068512
2 0.949383 0.517578 0.091828 0.170573 0.00671768
0 0.687229 0.287842 0.336209 0.175618 0.005867
2 0.952345 0.555339 0.091828 0.148438 0.00475693
0 0.952345 0.555339 0.091828 0.148438 0.00455475
0 0.396101 0.940755 0.192728 0.110677 0.0042305
2 0.913836 0.505534 0.162921 0.16862 0.00419998
0 0.89162 0.809896 0.174769 0.135417 0.00345612
0 0.927166 0.553711 0.139223 0.139974 0.00324821
0 0.948032 0.52832 0.103937 0.124349 0.00322342
0 0.52727 0.934896 0.410264 0.130208 0.00265312
0 0.0647054 0.78776 0.075721 0.140625 0.00252151
0 0.479875 0.945312 0.288814 0.106771 0.00239754
2 0.52727 0.934896 0.410264 0.130208 0.00222588
2 0.719813 0.912109 0.077017 0.0755208 0.00218201
2 0.927166 0.553711 0.139223 0.139974 0.00183868
0 0.747954 0.29305 0.152553 0.166504 0.00163555
2 0.68871 0.923177 0.130336 0.117188 0.00163555
0 0.934572 0.511068 0.109601 0.186198 0.00154877
0 0.912355 0.790365 0.151072 0.0989583 0.00153065
2 0.720553 0.929036 0.213278 0.123698 0.00145531
2 0.410912 0.936198 0.200133 0.117188 0.00119209
2 0.934572 0.511068 0.109601 0.186198 0.00115585
0 0.733328 0.289388 0.491354 0.202474 0.00111198
2 0.0647054 0.78776 0.075721 0.140625 0.00107765
