1 0.498168 0.553879 0.0963362 0.112069 0.602051
0 0.497845 0.552263 0.106034 0.126078 0.0598755
1 0.357543 0.538793 0.0349138 0.0969828 0.042572
2 0.735776 0.204472 0.0478448 0.123384 0.0311432
1 0.500431 0.536638 0.108621 0.154095 0.0280151
2 0.497845 0.546336 0.107328 0.131466 0.0262604
1 0.647845 0.226832 0.0491379 0.101832 0.0243378
1 0.446121 0.554418 0.203017 0.127155 0.0191193
2 0.675 0.223599 0.0931035 0.108836 0.0179901
1 0.315841 0.177802 0.0497845 0.148707 0.0175781
1 0.675 0.223599 0.0931035 0.108836 0.0154266
1 0.370474 0.179957 0.130603 0.115302 0.0146713
1 0.735776 0.204472 0.0478448 0.123384 0.0139542
1 0.726078 0.214978 0.0530172 0.122845 0.0132217
1 0.420259 0.54041 0.157759 0.117457 0.0131226
2 0.726078 0.214978 0.0530172 0.122845 0.012825
2 0.689224 0.216595 0.117672 0.116379 0.0127258
2 0.647845 0.226832 0.0491379 0.101832 0.0124817
2 0.118319 0.0511853 0.071444 0.0635776 0.0111618
2 0.370474 0.179957 0.130603 0.115302 0.01017
2 0.315841 0.177802 0.0497845 0.148707 0.00955963
1 0.748707 0.197198 0.0568966 0.121767 0.00857544
1 0.416379 0.184537 0.0530173 0.0991379 0.00751877
2 0.748707 0.197198 0.0568966 0.121767 0.00743103
1 0.118319 0.0511853 0.071444 0.0635776 0.00695801
0 0.647845 0.226832 0.0491379 0.101832 0.00626373
1 0.363362 0.149515 0.124138 0.133621 0.00540543
2 0.495582 0.560345 0.0898707 0.112069 0.00536346
0 0.675 0.223599 0.0931035 0.108836 0.00534439
2 0.35625 0.197737 0.153879 0.177802 0.00530243
1 0.689224 0.216595 0.117672 0.116379 0.00527954
0 0.315841 0.177802 0.0497845 0.148707 0.00450516
1 0.274057 0.182651 0.0997306 0.144397 0.00408554
0 0.726078 0.214978 0.0530172 0.122845 0.00407028
2 0.274057 0.182651 0.0997306 0.144397 0.00379562
0 0.735776 0.204472 0.0478448 0.123384 0.00365067
1 0.5 0.5 1 1 0.00355148
0 0.5 0.5 1 1 0.00349617
1 0.354634 0.553879 0.0387931 0.118534 0.00342941
0 0.35625 0.197737 0.153879 0.177802 0.00316048
2 0.416379 0.184537 0.0530173 0.0991379 0.00314713
2 0.5 0.5 1 1 0.00296974
2 0.5 0.5 1 1 0.0029583
2 0.5 0.5 1 1 0.00292397
0 0.748707 0.197198 0.0568966 0.121767 0.00288963
2 0.5 0.5 1 1 0.00288963
2 0.368534 0.157866 0.128017 0.117996 0.00286674
0 0.274057 0.182651 0.0997306 0.144397 0.00284576
0 0.5 0.5 1 1 0.00279999
0 0.493642 0.5 0.987284 1 0.00275803
1 0.494612 0.560345 0.0892241 0.112069 0.720215
1 0.355603 0.54041 0.0336207 0.0797414 0.165649
1 0.502371 0.559267 0.0950431 0.154095 0.0984497
2 0.117026 0.059806 0.05625 0.0603448 0.0352783
1 0.117026 0.059806 0.05625 0.0603448 0.0337219
1 0.747414 0.202586 0.0543104 0.109914 0.0330811
1 0.127209 0.0607489 0.0539871 0.063847 0.0151291
2 0.127209 0.0607489 0.0539871 0.063847 0.012291
1 0.31972 0.157328 0.0310345 0.0969827 0.0111618
1 0.493966 0.539871 0.0918104 0.161638 0.0108185
1 0.366272 0.126616 0.0963362 0.0549569 0.0106506
0 0.357543 0.164332 0.12931 0.137931 0.00926971
1 0.368534 0.173491 0.125431 0.12069 0.00793457
2 0.357543 0.164332 0.12931 0.137931 0.00787354
1 0.389224 0.178341 0.0840517 0.113147 0.0077858
1 0.386638 0.130657 0.0866379 0.0565733 0.00740433
1 0.61681 0.432112 0.0362069 0.107759 0.00682449
1 0.417349 0.537716 0.142241 0.147629 0.00669098
1 0.31681 0.168642 0.0375 0.112069 0.00636292
1 0.372414 0.537716 0.0588362 0.0991379 0.00612259
2 0.744181 0.207435 0.0530172 0.123922 0.00579834
0 0.117026 0.059806 0.05625 0.0603448 0.00548935
1 0.50916 0.553879 0.105388 0.116379 0.00542831
0 0.747414 0.202586 0.0543104 0.109914 0.00439835
1 0.481681 0.553341 0.107974 0.114224 0.00345612
1 0.353664 0.557651 0.0310345 0.101293 0.00336266
0 0.127209 0.0607489 0.0539871 0.063847 0.00307465
1 0.229687 0.164871 0.0429957 0.116379 0.00265312
1 0.628448 0.421336 0.0375 0.075431 0.00258064
2 0.496875 0.554418 0.0846983 0.123922 0.0024929
1 0.415086 0.175647 0.0452586 0.0926724 0.00223351
1 0.647845 0.235453 0.0362069 0.078125 0.00219917
1 0.336207 0.163793 0.155172 0.144397 0.00201035
1 0.275512 0.173491 0.0994073 0.121767 0.00178242
1 0.521444 0.537716 0.123491 0.172414 0.00162315
1 0.603718 0.498922 0.26153 0.322198 0.00153065
1 0.901293 0.257004 0.0387931 0.0371767 0.00152493
2 0.389224 0.178341 0.0840517 0.113147 0.0014782
0 0.492672 0.553879 0.0905172 0.146552 0.00144386
2 0.901293 0.257004 0.0387931 0.0371767 0.00142097
2 0.31972 0.157328 0.0310345 0.0969827 0.00137806
0 0.398922 0.258621 0.323276 0.404095 0.00137806
2 0.92069 0.255388 0.0310345 0.0355603 0.00136662
2 0.61681 0.432112 0.0362069 0.107759 0.00133038
1 0.362716 0.0720636 0.0420259 0.0778556 0.00131512
0 0.389224 0.178341 0.0840517 0.113147 0.00130463
0 0.366272 0.126616 0.0963362 0.0549569 0.00129986
1 0.677586 0.228987 0.0724138 0.09375 0.00126457
1 0.92069 0.255388 0.0310345 0.0355603 0.00126457
0 0.5 0.699353 1 0.601293 0.00125504
1 0.491379 0.561422 0.0827586 0.0969828 0.618652
1 0.353017 0.530172 0.0310345 0.101293 0.0830078
1 0.488147 0.540948 0.0892242 0.107759 0.072876
1 0.371121 0.134429 0.113793 0.114224 0.0159607
1 0.372414 0.182651 0.125431 0.148707 0.0153656
1 0.632328 0.416487 0.0439655 0.0980603 0.0114212
1 0.495259 0.533405 0.0956896 0.157328 0.00963593
1 0.400539 0.395474 0.031681 0.0538793 0.00857544
1 0.334914 0.155711 0.0646552 0.126078 0.0085144
1 0.448707 0.560884 0.173922 0.112069 0.0078125
1 0.348491 0.50916 0.0375 0.115302 0.00757599
1 0.638793 0.420259 0.0594828 0.119612 0.00695801
1 0.755172 0.192349 0.0646552 0.119612 0.0069046
1 0.363039 0.0731412 0.0543103 0.0832435 0.0068512
1 0.352371 0.567888 0.0284483 0.101293 0.00664139
1 0.398599 0.306034 0.0523707 0.0991379 0.00653839
1 0.37306 0.107489 0.108621 0.102909 0.0064888
1 0.383082 0.535022 0.0704741 0.106681 0.00605011
1 0.331681 0.524785 0.0672414 0.110991 0.00595856
2 0.105226 0.0556304 0.0497845 0.0563039 0.00547028
1 0.105226 0.0556304 0.0497845 0.0563039 0.00518036
1 0.464224 0.545259 0.131897 0.105603 0.00418091
1 0.37306 0.20528 0.0956897 0.172414 0.00387001
1 0.632328 0.435345 0.0568965 0.122845 0.00372124
1 0.889655 0.261315 0.0517241 0.0646552 0.00351143
1 0.612284 0.415948 0.0375 0.0818965 0.00309944
1 0.377263 0.0757004 0.0704741 0.0975215 0.00242424
1 0.614224 0.432651 0.0646552 0.102371 0.002388
1 0.648491 0.304149 0.0659482 0.0985991 0.00234222
1 0.748707 0.209052 0.0685345 0.139009 0.00232315
1 0.204957 0.170797 0.18556 0.165409 0.00228691
1 0.398276 0.554418 0.102155 0.139009 0.00225258
0 0.105226 0.0556304 0.0497845 0.0563039 0.0018177
1 0.423491 0.303879 0.075 0.107759 0.00181007
2 0.123168 0.061153 0.0653017 0.0678879 0.00168705
1 0.865086 0.264547 0.0543104 0.0705819 0.00166798
0 0.495259 0.550647 0.0956896 0.0980603 0.00165462
1 0.123168 0.061153 0.0653017 0.0678879 0.00151253
1 0.536315 0.484914 0.146767 0.112069 0.0014782
1 0.413147 0.489224 0.116379 0.0969828 0.00146103
1 0.378879 0.398707 0.0840517 0.0818965 0.00127411
0 0.632328 0.435345 0.0568965 0.122845 0.00121117
1 0.50819 0.554957 0.108621 0.107759 0.0011692
2 0.488147 0.540948 0.0892242 0.107759 0.00116539
1 0.325216 0.578664 0.0788793 0.116379 0.0011425
0 0.123168 0.061153 0.0653017 0.0678879 0.00108147
1 0.645259 0.250539 0.050431 0.12069 0.00107288
1 0.497198 0.556034 0.0995689 0.118534 0.884766
1 0.499784 0.574353 0.0885776 0.133621 0.482422
1 0.349784 0.539332 0.0349138 0.0980604 0.154053
1 0.342026 0.176185 0.0943965 0.132543 0.135254
1 0.360776 0.18319 0.12931 0.145474 0.112
1 0.322629 0.174569 0.0575431 0.142241 0.108215
1 0.371444 0.167295 0.121552 0.141703 0.0628052
1 0.127694 0.0595366 0.0559267 0.0549569 0.0214539
1 0.636207 0.242188 0.0439655 0.0899784 0.0208893
1 0.387608 0.0747575 0.0704741 0.0902478 0.0183411
1 0.752586 0.203125 0.0556034 0.113147 0.0158386
1 0.349138 0.55819 0.0297414 0.133621 0.0147858
1 0.369181 0.075431 0.0775862 0.0959052 0.0142822
1 0.00622306 0.810884 0.0124461 0.378233 0.0126266
1 0.117026 0.0546875 0.0640086 0.0581897 0.0124283
1 0.227263 0.167834 0.0465517 0.139547 0.0110321
2 0.117026 0.0546875 0.0640086 0.0581897 0.0104065
1 0.607759 0.417026 0.0387931 0.0991379 0.0100937
1 0.731897 0.215517 0.0362069 0.119612 0.00981903
1 0.39375 0.397629 0.0362069 0.0517241 0.00888062
1 0.00735453 0.909483 0.0147091 0.181034 0.0088501
2 0.127694 0.0595366 0.0559267 0.0549569 0.00878143
1 0.588362 0.439116 0.087931 0.320043 0.00757599
1 0.00444504 0.727371 0.00889009 0.465517 0.00740433
1 0.742888 0.206358 0.050431 0.102371 0.00725937
1 0.365302 0.216056 0.128017 0.196121 0.00677109
0 0.355927 0.18292 0.111853 0.127694 0.00629044
1 0.888362 0.261584 0.0491379 0.0743535 0.00598145
1 0.521121 0.510776 0.151293 0.252155 0.00564194
1 0.379849 0.18292 0.118319 0.100754 0.00511932
1 0.344289 0.516703 0.0426724 0.15194 0.00482941
1 0.37694 0.539871 0.0724138 0.107759 0.00466537
1 0.329095 0.52694 0.0672414 0.125 0.00445175
0 0.0359644 0.805496 0.0719289 0.389009 0.00438309
0 0.00735453 0.909483 0.0147091 0.181034 0.00383949
0 0.888362 0.261584 0.0491379 0.0743535 0.00382423
0 0.752586 0.20528 0.0568966 0.133621 0.00379562
1 0.678879 0.233836 0.0827586 0.106681 0.00351143
1 0.600647 0.431573 0.0530172 0.108836 0.00335121
0 0.00622306 0.810884 0.0124461 0.378233 0.00327301
1 0.00161638 0.567888 0.00323276 0.421336 0.00309944
1 0.389547 0.143858 0.102802 0.108836 0.00307465
1 0.399246 0.278017 0.0575431 0.169181 0.0030632
0 0.881896 0.305496 0.0491379 0.0678879 0.00300407
1 0.528233 0.524785 0.138362 0.18319 0.00298119
1 0.257328 0.168642 0.0795259 0.15194 0.00271416
1 0.919397 0.247845 0.0349138 0.0614224 0.00269318
1 0.634267 0.42403 0.0426724 0.106681 0.00234985
1 0.410884 0.0726024 0.140948 0.111261 0.00227928
0 0.731897 0.215517 0.0362069 0.119612 0.00225258
1 0.492349 0.563578 0.0924569 0.0991379 0.801758
1 0.354957 0.538254 0.0310345 0.0818965 0.165039
1 0.104741 0.0579203 0.0375 0.0457974 0.0552063
1 0.126563 0.0633082 0.0585129 0.0517241 0.0334778
1 0.310991 0.154095 0.0465517 0.0926724 0.0259552
2 0.104741 0.0579203 0.0375 0.0457974 0.0134277
1 0.396336 0.397629 0.0297414 0.049569 0.0109024
1 0.734483 0.208513 0.0336207 0.0786638 0.008255
2 0.310991 0.154095 0.0465517 0.0926724 0.00577545
2 0.126563 0.0633082 0.0585129 0.0517241 0.00570679
1 0.75 0.208513 0.0491379 0.0894397 0.00462723
1 0.610345 0.41056 0.0310345 0.0732759 0.00382423
1 0.352694 0.563578 0.0297414 0.112069 0.00376511
1 0.359806 0.0684267 0.0362069 0.0695043 0.00327301
1 0.227909 0.15194 0.0362069 0.0915948 0.00312424
1 0.629095 0.415948 0.0362069 0.075431 0.00282288
2 0.227263 0.962284 0.0355603 0.0625 0.00275803
0 0.310991 0.154095 0.0465517 0.0926724 0.0026722
1 0.88319 0.318966 0.0413793 0.0457974 0.00258064
0 0.104741 0.0579203 0.0375 0.0457974 0.00254059
1 0.494612 0.538793 0.0956896 0.165948 0.00226974
1 0.642672 0.234375 0.0362069 0.0915948 0.00221634
1 0.641379 0.217672 0.0375 0.0775862 0.00195694
0 0.126563 0.0633082 0.0585129 0.0517241 0.00187492
1 0.614386 0.459591 0.0772629 0.179957 0.00161076
2 0.88319 0.318966 0.0413793 0.0457974 0.0015974
1 0.731897 0.221983 0.0284482 0.0991379 0.00157356
1 0.392457 0.563578 0.099569 0.103448 0.00146675
1 0.33556 0.140086 0.0698276 0.0786638 0.00139427
0 0.88319 0.318966 0.0413793 0.0457974 0.00130463
2 0.227909 0.15194 0.0362069 0.0915948 0.00126457
1 0.230011 0.169989 0.0358836 0.110453 0.00126457
1 0.227263 0.962284 0.0355603 0.0625 0.00126457
2 0.359806 0.0684267 0.0362069 0.0695043 0.00121117
2 0.230011 0.169989 0.0358836 0.110453 0.0011692
1 0.381465 0.0746228 0.0581897 0.0765086 0.00115108
0 0.734483 0.208513 0.0336207 0.0786638 0.00109482
1 0.285776 0.524784 0.547629 0.62069 0.00109005
1 0.289332 0.15625 0.0743535 0.0959052 0.00105667
2 0.287392 0.180496 0.069181 0.116379 0.00105667
1 0.0793642 0.0533405 0.0426724 0.044181 0.00104046
2 0.0793642 0.0533405 0.0426724 0.044181 0.00103664
1 0.635776 0.677263 0.728448 0.645474 0.00102043
1 0.492672 0.560345 0.0905172 0.117457 0.680664
1 0.353017 0.54041 0.0232759 0.0571121 0.149536
1 0.491379 0.556035 0.0969828 0.0797414 0.130249
2 0.210453 0.444504 0.420905 0.84806 0.00669098
1 0.490733 0.53556 0.107328 0.165948 0.00619125
1 0.39375 0.398707 0.0297414 0.0409483 0.00471878
1 0.463578 0.535022 0.174569 0.16056 0.00346947
1 0.45194 0.553879 0.162931 0.0948276 0.00309944
1 0.310022 0.137392 0.0239224 0.0592672 0.00212479
1 0.523384 0.517241 0.146767 0.189655 0.00203514
0 0.215948 0.480603 0.431897 0.700431 0.00179577
1 0.589009 0.408944 0.0698276 0.075431 0.00172043
1 0.350108 0.574353 0.0258621 0.0926724 0.00164223
1 0.420905 0.542026 0.144828 0.0926724 0.0015974
2 0.751832 0.976293 0.496336 0.0474138 0.0015192
0 0.751832 0.976293 0.496336 0.0474138 0.00137234
1 0.366918 0.0668103 0.0523707 0.0759698 0.00135612
0 0.572198 0.0894397 0.417672 0.178879 0.00135136
2 0.197845 0.360183 0.39569 0.720366 0.00131512
0 0.675 0.969828 0.575431 0.0603449 0.00129414
0 0.180711 0.519531 0.334267 0.637662 0.0012846
2 0.675 0.969828 0.575431 0.0603449 0.0012598
0 0.182489 0.534348 0.364978 0.931304 0.00119686
1 0.37694 0.0692349 0.0620689 0.0845905 0.00115108
2 0.180873 0.557651 0.361746 0.884698 0.00113392
0 0.539224 0.104526 0.287069 0.209052 0.00112915
0 0.101509 0.0541487 0.0449353 0.0474138 0.00112057
1 0.469073 0.554418 0.144181 0.116379 0.0011034
1 0.632328 0.405711 0.0362069 0.0765086 0.00109482
0 0.567672 0.0802802 0.496552 0.16056 0.00102425
1 0.496552 0.557112 0.0918103 0.118534 0.82666
1 0.353664 0.536638 0.0271552 0.101293 0.230957
1 0.612931 0.406385 0.0413793 0.107489 0.122498
1 0.315194 0.168642 0.0375 0.127155 0.0708008
1 0.603233 0.420259 0.050431 0.107759 0.0488586
0 0.122522 0.0565733 0.0704741 0.0673491 0.0193481
0 0.103772 0.0557651 0.0539871 0.0625 0.0181274
1 0.378879 0.179688 0.117672 0.121767 0.0179138
1 0.576724 0.425108 0.108621 0.132543 0.0159607
0 0.378879 0.179688 0.117672 0.121767 0.0154266
1 0.396336 0.397091 0.0323276 0.0484914 0.0119171
1 0.878017 0.289601 0.0439655 0.0684267 0.0111618
1 0.370797 0.0688308 0.0601293 0.0994073 0.0110321
1 0.350754 0.549569 0.0323276 0.135776 0.00806427
1 0.563147 0.445582 0.113793 0.158405 0.00800323
1 0.537284 0.482759 0.168103 0.229526 0.00725937
2 0.710129 0.774246 0.579741 0.451509 0.00679779
1 0.329741 0.535022 0.0685345 0.119612 0.00674438
1 0.383405 0.0697737 0.0711207 0.0980604 0.00641251
0 0.753879 0.199892 0.0543104 0.0969827 0.00602722
0 0.315841 0.173761 0.0368535 0.12931 0.00534439
0 0.375 0.214978 0.124138 0.204741 0.00496292
0 0.137029 0.0997441 0.1559 0.108702 0.00494385
0 0.88319 0.305765 0.0517241 0.0716595 0.0049057
2 0.650431 0.760776 0.682759 0.478448 0.00477219
1 0.893534 0.264278 0.0465517 0.0721983 0.00473785
0 0.227909 0.166487 0.0510776 0.144397 0.0046463
1 0.516595 0.426724 0.236638 0.18319 0.00441742
1 0.616164 0.337285 0.0659483 0.22306 0.00429916
1 0.227909 0.166487 0.0510776 0.144397 0.00419998
2 0.103772 0.0557651 0.0539871 0.0625 0.00323486
1 0.504957 0.532328 0.1125 0.161638 0.00318527
1 0.103772 0.0557651 0.0539871 0.0625 0.0030632
1 0.88319 0.305765 0.0517241 0.0716595 0.0028553
0 0.740948 0.212284 0.0465517 0.0996767 0.00274658
0 0.184591 0.16083 0.125431 0.161638 0.00256157
1 0.753879 0.199892 0.0543104 0.0969827 0.00255013
0 0.0101832 0.822737 0.0203664 0.354526 0.00254059
0 0.893534 0.264278 0.0465517 0.0721983 0.00253105
0 0.755172 0.211207 0.062069 0.127155 0.0024147
1 0.349138 0.525862 0.0336207 0.140086 0.0024147
1 0.357543 0.176724 0.117672 0.137931 0.00235939
1 0.375 0.214978 0.124138 0.204741 0.00216484
2 0.76444 0.814655 0.471121 0.37069 0.00216484
1 0.122522 0.0565733 0.0704741 0.0673491 0.00214005
0 0.678879 0.240841 0.087931 0.126078 0.0020504
1 0.629095 0.417026 0.0336207 0.0883621 0.0019722
0 0.650431 0.760776 0.682759 0.478448 0.00194931
0 0.878017 0.289601 0.0439655 0.0684267 0.00193405
1 0.386638 0.542026 0.0821121 0.109914 0.00189686
1 0.495905 0.55819 0.0892242 0.122845 0.910645
1 0.351078 0.536638 0.0284483 0.0969828 0.284668
1 0.39472 0.398168 0.031681 0.0506465 0.012146
2 0.0989628 0.0519935 0.0400054 0.046875 0.0115051
1 0.309052 0.163524 0.0362069 0.115302 0.0106125
1 0.629741 0.421336 0.0349138 0.0905172 0.00854492
1 0.0989628 0.0519935 0.0400054 0.046875 0.00775528
1 0.614224 0.429957 0.0362069 0.112069 0.00775528
0 0.0989628 0.0519935 0.0400054 0.046875 0.00671768
0 0.880603 0.308998 0.0517241 0.0668104 0.00530243
1 0.349784 0.549569 0.0284483 0.12931 0.00486755
1 0.607759 0.421336 0.0400862 0.0915948 0.0046463
1 0.880603 0.308998 0.0517241 0.0668104 0.00460815
2 0.12931 0.0537446 0.0559267 0.049569 0.00443268
1 0.634914 0.426724 0.0413793 0.105603 0.00397491
1 0.888362 0.267241 0.0465517 0.0657327 0.00362206
1 0.12931 0.0537446 0.0559267 0.049569 0.00338936
0 0.12931 0.0537446 0.0559267 0.049569 0.00293541
1 0.554095 0.502694 0.111207 0.188578 0.00283432
1 0.602586 0.430496 0.0517241 0.104526 0.00263214
1 0.329741 0.537716 0.0672414 0.107759 0.00243378
1 0.493319 0.538793 0.101509 0.165948 0.00235939
0 0.888362 0.267241 0.0465517 0.0657327 0.00199509
1 0.388578 0.545259 0.111853 0.122845 0.00195694
1 0.234375 0.168642 0.0653017 0.147629 0.00194168
1 0.380172 0.178879 0.109914 0.12069 0.00188255
2 0.309052 0.163524 0.0362069 0.115302 0.00176811
0 0.307759 0.168642 0.0362069 0.114224 0.00157928
1 0.925216 0.248922 0.0323276 0.059806 0.00144386
1 0.867026 0.301724 0.0478448 0.0915948 0.00141621
0 0.753879 0.193966 0.0543104 0.0991379 0.00131989
2 0.753879 0.193966 0.0543104 0.0991379 0.00130463
2 0.371121 0.0777209 0.062069 0.112338 0.00129414
1 0.226616 0.963362 0.030388 0.0560345 0.00127888
2 0.880603 0.308998 0.0517241 0.0668104 0.00127411
1 0.577371 0.448276 0.107328 0.16056 0.00123024
1 0.867672 0.271821 0.0646552 0.0862069 0.00115108
1 0.371121 0.0777209 0.062069 0.112338 0.00108624
2 0.0832435 0.0568427 0.0585129 0.0581897 0.00104046
0 0.867672 0.302263 0.0672414 0.0851293 0.00104046
1 0.753879 0.193966 0.0543104 0.0991379 0.00102425
0 0.380172 0.178879 0.109914 0.12069 0.00101662
1 0.497845 0.563039 0.0943965 0.115302 0.865234
1 0.351724 0.537716 0.024569 0.0915948 0.192505
1 0.313578 0.167295 0.0413793 0.127155 0.0085144
1 0.353017 0.550647 0.0284483 0.135776 0.00643921
1 0.407651 0.546336 0.125431 0.105603 0.00486755
1 0.327155 0.537716 0.0698276 0.103448 0.00462723
1 0.39278 0.403017 0.0484914 0.0721983 0.00259018
1 0.41153 0.55819 0.132543 0.142241 0.00257111
1 0.601293 0.418642 0.0543103 0.103448 0.00255013
1 0.584483 0.429418 0.0905172 0.12069 0.00235939
1 0.494935 0.542026 0.109267 0.171336 0.0019722
1 0.646552 0.426185 0.0568965 0.126078 0.00179577
2 0.986207 0.280981 0.0275863 0.561961 0.00177479
1 0.638147 0.421875 0.0478448 0.113147 0.00176811
1 0.547306 0.50431 0.137716 0.213362 0.00154305
1 0.237608 0.177263 0.0892241 0.167026 0.00128937
1 0.471983 0.557112 0.135129 0.116379 0.00121593
1 0.379526 0.557112 0.104095 0.107759 0.00109482
1 0.350431 0.664871 0.0362069 0.0926724 0.00104809
2 0.497198 0.561422 0.0995689 0.140086 0.00103664
1 0.497522 0.55819 0.0918103 0.112069 0.865234
1 0.351078 0.53556 0.0278017 0.0991379 0.275146
1 0.316164 0.158675 0.0349138 0.0959052 0.0963745
1 0.332328 0.172414 0.0685345 0.116379 0.0433655
1 0.365302 0.179688 0.12931 0.109914 0.0310211
1 0.331681 0.536638 0.0594827 0.103448 0.0100098
0 0.332328 0.172414 0.0685345 0.116379 0.00769424
0 0.365302 0.179688 0.12931 0.109914 0.00706482
1 0.396013 0.395474 0.0271552 0.0463362 0.00706482
1 0.107004 0.0503772 0.0387931 0.0409483 0.00653839
1 0.892241 0.257543 0.049138 0.0625 0.00452042
1 0.230819 0.961207 0.0336207 0.0625 0.00432968
0 0.316164 0.158675 0.0349138 0.0959052 0.0039444
2 0.107004 0.0503772 0.0387931 0.0409483 0.00379562
2 0.316164 0.158675 0.0349138 0.0959052 0.00335121
1 0.365302 0.209591 0.140948 0.186422 0.00319672
1 0.226131 0.15194 0.0384698 0.110991 0.00317192
1 0.133351 0.0514547 0.0462284 0.0436422 0.0029583
1 0.922629 0.252155 0.0297414 0.0528017 0.00292397
1 0.355603 0.54903 0.0556035 0.102371 0.00286674
2 0.230819 0.961207 0.0336207 0.0625 0.00279045
0 0.107004 0.0503772 0.0387931 0.0409483 0.00228691
0 0.365302 0.209591 0.140948 0.186422 0.00219154
1 0.609052 0.414871 0.0413793 0.0948276 0.00199509
2 0.332328 0.172414 0.0685345 0.116379 0.00195694
1 0.364332 0.0647899 0.0400862 0.0853987 0.00175476
2 0.133351 0.0514547 0.0462284 0.0436422 0.0017271
0 0.133351 0.0514547 0.0462284 0.0436422 0.00170708
1 0.530819 0.518319 0.138362 0.179957 0.00154877
1 0.349461 0.52694 0.0239224 0.133621 0.00151253
2 0.737069 0.207974 0.0362069 0.101293 0.00141048
1 0.402155 0.542565 0.109914 0.114224 0.00118351
1 0.309698 0.160022 0.0633621 0.0851293 0.0011692
1 0.631681 0.41541 0.0310345 0.0915948 0.0011425
1 0.423815 0.554957 0.136422 0.137931 0.00113773
1 0.383082 0.0681573 0.0581897 0.0932112 0.00108624
0 0.226131 0.15194 0.0384698 0.110991 0.00107288
0 0.737069 0.207974 0.0362069 0.101293 0.00103188
2 0.367565 0.180496 0.13319 0.128233 0.00102425
2 0.892241 0.257543 0.049138 0.0625 0.00100422
1 0.497198 0.558728 0.0905172 0.113147 0.756348
1 0.353341 0.537177 0.0329742 0.101293 0.21936
1 0.314224 0.157597 0.0336207 0.096444 0.0545959
1 0.227748 0.155172 0.0391164 0.119612 0.0207214
1 0.612931 0.421875 0.0362069 0.100216 0.0205688
1 0.734483 0.225754 0.0336207 0.100216 0.0152512
1 0.495905 0.536638 0.09375 0.161638 0.0149536
1 0.736422 0.211746 0.0349138 0.0872845 0.0130234
1 0.400862 0.394397 0.0310345 0.0538793 0.0129242
1 0.351401 0.548491 0.031681 0.135776 0.0129242
1 0.643319 0.245151 0.0336206 0.075431 0.00844574
1 0.607759 0.428341 0.0465518 0.108836 0.00746155
1 0.350754 0.525862 0.0239224 0.133621 0.00734711
1 0.899353 0.246228 0.0375 0.0765086 0.00643921
1 0.617457 0.414871 0.0219828 0.075431 0.00568771
1 0.630388 0.421875 0.0310345 0.0980603 0.00547028
1 0.353664 0.550647 0.050431 0.102371 0.00534439
1 0.924569 0.240571 0.0284483 0.0727371 0.00500107
1 0.557974 0.480603 0.0866379 0.135776 0.00488663
1 0.58319 0.428879 0.0879311 0.118534 0.00484848
1 0.333621 0.536638 0.0594827 0.114224 0.00426483
1 0.852155 0.268858 0.0310345 0.0899784 0.00391388
1 0.361746 0.0691002 0.0381465 0.0853987 0.00379562
1 0.865086 0.287716 0.0310345 0.0775862 0.00322342
1 0.751293 0.203394 0.0465517 0.100754 0.00312424
1 0.389871 0.173222 0.0737069 0.100754 0.00307465
1 0.22597 0.966595 0.0310345 0.0646551 0.00286674
1 0.292888 0.15625 0.0297414 0.100216 0.00250244
1 0.351724 0.670259 0.0336207 0.0668103 0.00243378
1 0.20722 0.15194 0.0297414 0.0991379 0.00161076
0 0.734483 0.225754 0.0336207 0.100216 0.0014782
1 0.647845 0.217134 0.0336207 0.0721983 0.00142097
1 0.853448 0.211207 0.0310346 0.0721983 0.00142097
1 0.528233 0.45528 0.214655 0.193966 0.00140476
0 0.314224 0.168642 0.0375 0.109914 0.00137806
1 0.888362 0.304957 0.0362068 0.0732759 0.00126457
1 0.404741 0.322198 0.0491379 0.0748922 0.0012064
1 0.393103 0.160022 0.0594827 0.0948276 0.00118828
0 0.227748 0.155172 0.0391164 0.119612 0.00117397
1 0.475862 0.428341 0.135776 0.150862 0.00115108
2 0.685991 0.803341 0.451293 0.393319 0.00115108
1 0.926509 0.217403 0.0284483 0.0721983 0.00105667
1 0.634914 0.325431 0.0284483 0.0862069 0.00104046
1 0.498168 0.558728 0.0943965 0.116379 0.838867
1 0.353664 0.54041 0.0258621 0.109914 0.0703125
1 0.623922 0.427263 0.0297414 0.0915948 0.00971222
0 0.130927 0.0600754 0.0523707 0.0576509 0.00941467
1 0.359483 0.556034 0.0543103 0.119612 0.00723267
1 0.501724 0.536638 0.106034 0.163793 0.00634003
0 0.230819 0.155711 0.0426724 0.121767 0.00591278
1 0.330388 0.538793 0.0659483 0.118534 0.00559998
1 0.349138 0.528017 0.0271552 0.142241 0.00526047
1 0.611638 0.423491 0.0387931 0.101293 0.00441742
1 0.534698 0.510776 0.13319 0.176724 0.00439835
0 0.878017 0.307651 0.0685345 0.0824354 0.0037365
0 0.122198 0.0568427 0.0649784 0.0538793 0.00335121
1 0.629741 0.422953 0.0323276 0.103448 0.00318527
1 0.568965 0.444504 0.128017 0.158405 0.00302696
1 0.353987 0.551185 0.031681 0.139009 0.00300407
0 0.749353 0.212823 0.0504311 0.116379 0.00298119
1 0.868966 0.303879 0.0413793 0.0862069 0.00239754
1 0.601293 0.432651 0.0594828 0.107759 0.00235939
0 0.866379 0.28125 0.0620689 0.104526 0.00226974
0 0.868966 0.303879 0.0413793 0.0862069 0.00224304
0 0.867026 0.301185 0.0659483 0.0883621 0.00208282
0 0.884483 0.272091 0.0646552 0.0975216 0.00195694
1 0.122198 0.0568427 0.0649784 0.0538793 0.00192642
0 0.296121 0.167565 0.0387931 0.103448 0.00190449
1 0.315517 0.158136 0.0310345 0.101293 0.00168705
2 0.130927 0.0600754 0.0523707 0.0576509 0.00154877
1 0.130927 0.0600754 0.0523707 0.0576509 0.00154305
1 0.312931 0.172953 0.0349138 0.109914 0.00143242
2 0.501078 0.561422 0.0969828 0.112069 0.00136185
2 0.122198 0.0568427 0.0649784 0.0538793 0.00135612
0 0.375647 0.158944 0.0905172 0.113147 0.00116539
0 0.312931 0.172953 0.0349138 0.109914 0.00113773
0 0.315517 0.158136 0.0310345 0.101293 0.00112438
0 0.742241 0.210129 0.0465518 0.09375 0.0011158
0 0.717026 0.815194 0.484914 0.369612 0.00105667
0 0.739655 0.22333 0.0439655 0.103448 0.00104427
1 0.492672 0.555496 0.0879311 0.122845 0.78418
1 0.352371 0.540948 0.0258621 0.0969828 0.0783691
1 0.608405 0.423491 0.0387931 0.103448 0.00538635
1 0.492672 0.540948 0.0982759 0.165948 0.00413513
1 0.364655 0.556035 0.0543103 0.107759 0.00382423
1 0.330388 0.539332 0.0594827 0.100216 0.00340271
1 0.351724 0.552802 0.0310345 0.127155 0.00329781
1 0.592888 0.427263 0.0672414 0.110991 0.00298119
1 0.631034 0.421336 0.0336207 0.0991379 0.00271416
1 0.576078 0.432112 0.103448 0.141164 0.00164223
1 0.399569 0.395474 0.0297414 0.0517241 0.00161648
1 0.476185 0.554957 0.11056 0.127155 0.00158501
1 0.621983 0.423491 0.0310345 0.0732759 0.00150681
1 0.885776 0.253772 0.0646552 0.0851293 0.00150108
1 0.921983 0.244343 0.0336207 0.0770474 0.00146675
1 0.494612 0.556573 0.0931035 0.115302 0.823242
1 0.347198 0.536638 0.0297414 0.0948276 0.137085
1 0.330388 0.535022 0.0594827 0.0980603 0.0133286
1 0.608405 0.419181 0.0349138 0.0959052 0.00366402
1 0.524353 0.500539 0.143534 0.174569 0.00213242
1 0.508836 0.564655 0.107974 0.12069 0.00211525
0 0.885129 0.30792 0.0504311 0.0641164 0.00182438
2 0.105711 0.0509159 0.0362069 0.0447198 0.00178242
1 0.536638 0.4309 0.193965 0.1382 0.00178242
2 0.311961 0.15167 0.0297414 0.0845905 0.00175476
1 0.350108 0.561422 0.0329742 0.113147 0.00161076
0 0.230496 0.14278 0.0394397 0.0959052 0.00150681
1 0.609052 0.428879 0.0543103 0.0969828 0.00149536
1 0.31875 0.518858 0.0762931 0.143319 0.00146103
1 0.594666 0.431035 0.0623922 0.105603 0.00139904
0 0.233082 0.163793 0.0530172 0.12069 0.00134563
0 0.8625 0.269397 0.049138 0.0689655 0.00133514
1 0.497198 0.536638 0.104741 0.157328 0.00133514
0 0.887069 0.265086 0.0491379 0.0657328 0.00132465
0 0.311961 0.15167 0.0297414 0.0845905 0.00130463
2 0.0979122 0.052667 0.0854257 0.0466056 0.00114727
0 0.755819 0.222522 0.0556034 0.0948276 0.00109863
0 0.105711 0.0509159 0.0362069 0.0447198 0.00106525
1 0.493319 0.557112 0.0918103 0.109914 0.741699
1 0.350431 0.539332 0.0323276 0.0872845 0.0520325
1 0.330711 0.53556 0.0607759 0.0991379 0.00614548
0 0.880603 0.304418 0.0594828 0.0840518 0.00441742
1 0.312284 0.155172 0.0329742 0.0959052 0.00407028
0 0.227425 0.151401 0.0413793 0.108836 0.00348282
1 0.610345 0.420259 0.0336207 0.0862069 0.00344276
1 0.624569 0.427802 0.0310345 0.0538793 0.00325966
1 0.227425 0.151401 0.0413793 0.108836 0.00283432
0 0.751293 0.209052 0.0607759 0.128233 0.0026722
1 0.107004 0.0528017 0.0371767 0.0503772 0.00259018
0 0.107004 0.0528017 0.0371767 0.0503772 0.00245285
0 0.858621 0.273707 0.0517241 0.0969828 0.0024147
0 0.129634 0.0536099 0.0581897 0.0554957 0.00205803
0 0.857328 0.297953 0.0543104 0.0948276 0.00203514
0 0.885776 0.259968 0.0568966 0.0867457 0.00191212
1 0.495259 0.53556 0.100862 0.157328 0.00186729
0 0.739655 0.208244 0.0465518 0.096444 0.00167465
1 0.880603 0.304418 0.0594828 0.0840518 0.00161648
0 0.127047 0.103718 0.159052 0.0975216 0.00158501
1 0.309698 0.168103 0.0400862 0.112069 0.00149536
1 0.922629 0.253502 0.0375 0.0759698 0.00146103
0 0.309698 0.168103 0.0400862 0.112069 0.00144386
0 0.726724 0.22306 0.0504311 0.122306 0.0014267
0 0.922629 0.253502 0.0375 0.0759698 0.00130463
1 0.368534 0.56681 0.0672414 0.105603 0.00130463
1 0.346552 0.51778 0.0336207 0.119612 0.00125504
1 0.627155 0.420259 0.0362069 0.0840517 0.00123024
1 0.327802 0.512931 0.0646552 0.131466 0.00118828
0 0.312284 0.155172 0.0329742 0.0959052 0.00118351
1 0.129634 0.0536099 0.0581897 0.0554957 0.00115585
1 0.885776 0.259968 0.0568966 0.0867457 0.00115108
1 0.578017 0.421336 0.103448 0.106681 0.00113773
2 0.107004 0.0528017 0.0371767 0.0503772 0.00109863
1 0.606466 0.428879 0.0439655 0.105603 0.00107288
1 0.366595 0.0726024 0.0530172 0.0891703 0.00106525
0 0.681466 0.240032 0.0879311 0.127155 0.00105667
1 0.0806573 0.0549569 0.0520474 0.0525323 0.00100803
1 0.493965 0.560345 0.0892242 0.104526 0.810547
1 0.350431 0.537177 0.0265086 0.0915948 0.143188
1 0.329418 0.533405 0.0614224 0.100216 0.00712204
1 0.610345 0.419181 0.0336207 0.0926724 0.00429916
1 0.350431 0.559267 0.0284483 0.126078 0.0029583
0 0.884483 0.317349 0.0465518 0.0576509 0.00291252
1 0.629741 0.421336 0.0362069 0.0948276 0.00271416
1 0.633621 0.425647 0.0387931 0.112069 0.00255013
1 0.314871 0.154634 0.0310345 0.0926724 0.00246239
1 0.60194 0.428879 0.0504311 0.107759 0.00206757
1 0.536315 0.424569 0.188147 0.122845 0.00201035
1 0.924569 0.251078 0.0336206 0.0668104 0.00175476
0 0.924569 0.251078 0.0336206 0.0668104 0.00150108
0 0.136099 0.0561692 0.0452586 0.0514547 0.00144958
1 0.229203 0.147091 0.0349138 0.0969828 0.00136662
1 0.345259 0.522091 0.0310345 0.12931 0.00133514
0 0.229203 0.147091 0.0349138 0.0969828 0.00123978
1 0.311638 0.169181 0.0349138 0.101293 0.00118828
1 0.370797 0.559267 0.0840517 0.131466 0.00101185
1 0.493965 0.557112 0.0905172 0.122845 0.835449
1 0.352047 0.533405 0.0239224 0.101293 0.0653687
1 0.607112 0.418642 0.0375 0.0959052 0.0050621
1 0.351078 0.552802 0.0232759 0.130388 0.00436401
1 0.329741 0.53125 0.062069 0.110991 0.00291252
0 0.129634 0.049569 0.0568965 0.0576509 0.00284576
1 0.619397 0.425108 0.0362069 0.0786638 0.00212479
1 0.554741 0.423357 0.148707 0.123114 0.00208282
0 0.1125 0.0491649 0.0452586 0.0538793 0.00183868
1 0.630388 0.419181 0.0362069 0.0969828 0.00159168
0 0.228556 0.148976 0.0420259 0.115841 0.00136662
1 0.598707 0.427802 0.0517241 0.109914 0.00133514
0 0.124784 0.092201 0.155172 0.105469 0.00129414
1 0.349138 0.520474 0.0219827 0.12931 0.00115108
0 0.872845 0.303879 0.0788794 0.0915948 0.00105286
1 0.494612 0.560345 0.0898707 0.108836 0.773438
1 0.350108 0.538793 0.0265086 0.0818965 0.0927124
1 0.227748 0.152209 0.0384698 0.0996767 0.00636292
1 0.313901 0.152478 0.0310345 0.0872845 0.00591278
1 0.609052 0.418642 0.0362069 0.0797414 0.00482941
1 0.330065 0.536099 0.0581897 0.0915949 0.00443268
0 0.227748 0.152209 0.0384698 0.0996767 0.00416565
1 0.310345 0.168642 0.0323276 0.0915948 0.00336266
1 0.107004 0.0519935 0.0365302 0.0449892 0.00220871
1 0.301293 0.164332 0.0446121 0.0738146 0.00210762
1 0.549569 0.419181 0.157759 0.101293 0.00201988
1 0.612931 0.425647 0.0530172 0.0775862 0.00178242
0 0.130603 0.0536099 0.0588362 0.049569 0.00167465
1 0.603879 0.429957 0.0465518 0.100216 0.00143242
0 0.107004 0.0519935 0.0365302 0.0449892 0.00137234
1 0.349784 0.559267 0.0258621 0.109914 0.00112438
1 0.130603 0.0536099 0.0588362 0.049569 0.00111198
1 0.101185 0.0541487 0.0908405 0.0511853 0.00107288
0 0.120097 0.0959725 0.158405 0.0925377 0.00102806
1 0.495582 0.559267 0.0898707 0.109914 0.803223
1 0.350108 0.537716 0.0271552 0.0883621 0.081543
1 0.605172 0.420259 0.0439655 0.0926724 0.00871277
0 0.130603 0.0498384 0.0627155 0.0538793 0.0068512
1 0.314871 0.153556 0.0336207 0.0948276 0.00679779
0 0.228394 0.149784 0.0384698 0.105603 0.00636292
0 0.109591 0.0487608 0.0446121 0.049569 0.00577545
1 0.329418 0.536638 0.0601293 0.0969828 0.00553513
1 0.554095 0.424569 0.153879 0.117457 0.0051384
1 0.109591 0.0487608 0.0446121 0.049569 0.0046463
1 0.228394 0.149784 0.0384698 0.105603 0.00426483
1 0.61681 0.422414 0.0439655 0.0872845 0.00305176
0 0.127977 0.095097 0.169477 0.100754 0.00259018
1 0.597575 0.429957 0.0617457 0.107759 0.00256157
1 0.310991 0.167565 0.0381465 0.0980603 0.00255013
1 0.130603 0.0498384 0.0627155 0.0538793 0.0019722
1 0.349784 0.55819 0.0278017 0.116379 0.0017004
1 0.112338 0.0532058 0.114763 0.0576509 0.00166798
0 0.877371 0.301185 0.0788794 0.0867457 0.0016489
0 0.310991 0.167565 0.0381465 0.0980603 0.0015974
0 0.314871 0.153556 0.0336207 0.0948276 0.00157356
1 0.303233 0.158944 0.0465517 0.0829741 0.00137806
2 0.109591 0.0487608 0.0446121 0.049569 0.00113392
1 0.371767 0.0734106 0.0627155 0.0977909 0.00106049
1 0.347522 0.520474 0.0258621 0.125 0.00104046
1 0.495259 0.558728 0.0918104 0.110991 0.809082
1 0.349784 0.537177 0.0284483 0.0959052 0.105591
1 0.605172 0.41972 0.0439655 0.0926724 0.00572968
1 0.330388 0.536638 0.0601293 0.101293 0.00482941
1 0.546013 0.424569 0.171336 0.116379 0.0042305
1 0.314224 0.152478 0.0336207 0.0926724 0.00316048
0 0.228233 0.148168 0.0375 0.104526 0.00237846
1 0.596767 0.428341 0.0607759 0.108836 0.00234222
0 0.13028 0.0511853 0.0614224 0.0546875 0.00225258
1 0.228233 0.148168 0.0375 0.104526 0.00211525
1 0.107651 0.0499731 0.043319 0.0503772 0.00198746
1 0.614224 0.423491 0.050431 0.0905172 0.00188923
0 0.107651 0.0499731 0.043319 0.0503772 0.0016489
0 0.128664 0.0961746 0.17069 0.103448 0.00156689
0 0.229526 0.158675 0.0459052 0.117457 0.00149536
1 0.347198 0.521552 0.0258621 0.127155 0.00122547
1 0.310991 0.168642 0.0387931 0.101293 0.00107765
1 0.495582 0.55819 0.0911638 0.109914 0.809082
1 0.349784 0.537177 0.0284483 0.0959052 0.105225
1 0.605172 0.41972 0.0439655 0.0926724 0.00572968
1 0.330388 0.536638 0.0601293 0.101293 0.00486755
1 0.546013 0.424569 0.171336 0.116379 0.00421524
1 0.314224 0.152478 0.0336207 0.0926724 0.00314713
0 0.228233 0.148168 0.0375 0.104526 0.00237846
1 0.596767 0.428341 0.0607759 0.108836 0.00234222
0 0.13028 0.0511853 0.0617457 0.0546875 0.00226974
1 0.228233 0.148168 0.0375 0.104526 0.00213242
1 0.107651 0.0499731 0.043319 0.0503772 0.00200272
1 0.614224 0.423491 0.050431 0.0905172 0.00191212
0 0.107651 0.0499731 0.043319 0.0503772 0.00165462
0 0.128664 0.0961746 0.170366 0.103448 0.00157928
0 0.229526 0.158405 0.0459052 0.117457 0.00150108
1 0.347198 0.521552 0.0258621 0.127155 0.00122547
1 0.310991 0.168642 0.0387931 0.100754 0.00107765
