2 0.672414 0.0904499 0.0918103 0.160695 0.0430298
2 0.527263 0.17403 0.0659482 0.0915948 0.0239563
2 0.559591 0.174569 0.05625 0.0840517 0.0189819
1 0.672414 0.0904499 0.0918103 0.160695 0.0175171
0 0.672414 0.0904499 0.0918103 0.160695 0.0143356
2 0.698276 0.0990706 0.139655 0.187635 0.0137405
1 0.559591 0.174569 0.05625 0.0840517 0.0116882
1 0.527263 0.17403 0.0659482 0.0915948 0.00831604
2 0.759052 0.115706 0.27931 0.231412 0.008255
0 0.759052 0.115706 0.27931 0.231412 0.00772476
1 0.698276 0.0990706 0.139655 0.187635 0.00568771
0 0.527263 0.17403 0.0659482 0.0915948 0.00534439
0 0.559591 0.174569 0.05625 0.0840517 0.00439835
2 0.724138 0.137931 0.188793 0.275862 0.00416565
2 0.76681 0.175377 0.289655 0.350754 0.00399017
2 0.518534 0.162177 0.0931035 0.119612 0.00367928
0 0.76681 0.175377 0.289655 0.350754 0.00345612
2 0.5 0.5 1 1 0.00338936
0 0.5 0.5 1 1 0.00325966
2 0.5 0.5 1 1 0.00301552
0 0.5 0.5 1 1 0.00300407
2 0.495259 0.157597 0.0892242 0.13847 0.00296974
1 0.5 0.5 1 1 0.00294685
2 0.108782 0.560345 0.217565 0.490302 0.00288963
2 0.5 0.5 1 1 0.00270462
2 0.5 0.5 1 1 0.00265312
0 0.698276 0.0990706 0.139655 0.187635 0.0024929
1 0.5 0.5 1 1 0.00243378
0 0.5 0.5 1 1 0.00239754
2 0.5 0.5 1 1 0.00230598
0 0.5 0.5 1 1 0.00227928
1 0.5 0.5 1 1 0.00219154
2 0.5 0.5 1 1 0.00218201
1 0.5 0.5 1 1 0.00216484
2 0.753879 0.157328 0.209483 0.300647 0.00213242
2 0.578987 0.173761 0.0614224 0.0878233 0.00205803
2 0.546013 0.164601 0.0898707 0.106142 0.00198746
1 0.759052 0.115706 0.27931 0.231412 0.00195694
0 0.724138 0.137931 0.188793 0.275862 0.00189686
0 0.5 0.5 1 1 0.00186729
1 0.484267 0.152209 0.0711207 0.139547 0.00178242
1 0.5 0.5 1 1 0.00178242
2 0.5 0.5 1 1 0.00176811
0 0.5 0.5 1 1 0.0016489
1 0.733836 0.144868 0.200431 0.270609 0.00162888
2 0.157112 0.515086 0.314224 0.969828 0.00162315
2 0.649785 0.181573 0.505603 0.363147 0.00156689
0 0.649785 0.181573 0.505603 0.363147 0.00156116
1 0.518534 0.162177 0.0931035 0.119612 0.00154305
2 0.657543 0.104459 0.111207 0.195178 0.00148964
2 0.558944 0.185345 0.0362069 0.0484914 0.02211
1 0.558944 0.185345 0.0362069 0.0484914 0.0149002
2 0.52597 0.185884 0.0426724 0.0501078 0.00854492
1 0.52597 0.185884 0.0426724 0.0501078 0.00682449
2 0.801724 0.587285 0.0284482 0.0474138 0.00283432
2 0.58319 0.188308 0.0504311 0.0457974 0.00223351
1 0.801724 0.587285 0.0284482 0.0474138 0.00210762
1 0.58319 0.188308 0.0504311 0.0457974 0.00209999
2 0.781034 0.58944 0.0556035 0.0517241 0.00161648
2 0.801724 0.563578 0.0310345 0.0646552 0.0014267
1 0.758405 0.615302 0.181034 0.169181 0.00139427
0 0.5 0.710129 1 0.579741 0.00134563
0 0.5 0.5 1 1 0.00133038
2 0.5 0.5 1 1 0.00131512
0 0.445151 0.5 0.890302 1 0.00130939
0 0.5 0.5 1 1 0.00125504
2 0.5 0.5 1 1 0.00124931
1 0.5 0.5 1 1 0.00124931
2 0.561207 0.149246 0.0336207 0.0668104 0.00122547
2 0.445151 0.5 0.890302 1 0.00122547
2 0.5 0.710129 1 0.579741 0.00120163
2 0.475539 0.5 0.951078 1 0.00116539
2 0.795474 0.76778 0.409052 0.46444 0.00116062
1 0.5 0.710129 1 0.579741 0.00114727
2 0.5 0.827586 1 0.344828 0.00112915
0 0.765733 0.195582 0.468535 0.391164 0.00112057
2 0.5 0.327586 1 0.655172 0.00111198
2 0.59375 0.821121 0.8125 0.357759 0.00111198
1 0.445151 0.5 0.890302 1 0.00108147
2 0.678233 0.202856 0.62069 0.405711 0.00107765
0 0.5 0.327586 1 0.655172 0.00106907
0 0.678233 0.202856 0.62069 0.405711 0.00105667
0 0.795474 0.76778 0.409052 0.46444 0.00105286
2 0.5 0.5 1 1 0.00104809
1 0.554741 0.278287 0.288362 0.556573 0.00104427
2 0.765733 0.195582 0.468535 0.391164 0.00104427
1 0.5 0.827586 1 0.344828 0.00104427
1 0.5 0.5 1 1 0.00104046
1 0.781034 0.58944 0.0556035 0.0517241 0.00102806
0 0.758405 0.615302 0.181034 0.169181 0.00102806
0 0.475539 0.5 0.951078 1 0.00102425
1 0.682112 0.0845905 0.099569 0.163793 0.105591
1 0.557328 0.181573 0.0452586 0.0689655 0.0705566
1 0.52597 0.185345 0.0497845 0.0689655 0.0703125
1 0.483621 0.180226 0.0452586 0.0856681 0.0195007
1 0.478448 0.0501078 0.0504311 0.0845905 0.0176392
1 0.791379 0.574353 0.0517241 0.0732758 0.0123367
1 0.795259 0.563039 0.0452586 0.0721983 0.00844574
1 0.585776 0.184267 0.0517241 0.0641164 0.0051384
1 0.84569 0.032597 0.0556035 0.0635776 0.00450516
1 0.774569 0.580819 0.0698276 0.0689655 0.00416565
1 0.567672 0.144397 0.0672414 0.0684267 0.0037365
1 0.782328 0.559806 0.0568966 0.0668103 0.00319672
1 0.557651 0.0576509 0.158405 0.106142 0.00309944
2 0.791379 0.574353 0.0517241 0.0732758 0.0030632
2 0.52597 0.185345 0.0497845 0.0689655 0.00265312
1 0.891595 0.278556 0.0323277 0.0840517 0.00264168
1 0.475862 0.145474 0.0439655 0.115302 0.00261116
1 0.599353 0.126078 0.113793 0.0775862 0.0024147
1 0.463578 0.049569 0.0956896 0.0856681 0.00230598
2 0.557328 0.181573 0.0452586 0.0689655 0.00226974
2 0.795259 0.563039 0.0452586 0.0721983 0.00218201
1 0.577371 0.0631735 0.173276 0.125269 0.00217438
1 0.805603 0.578664 0.0931034 0.109914 0.00213242
1 0.65431 0.157866 0.0982759 0.0969828 0.00211525
2 0.805603 0.578664 0.0931034 0.109914 0.00202751
1 0.689224 0.117188 0.100862 0.175647 0.00201988
2 0.774569 0.580819 0.0698276 0.0689655 0.00198746
1 0.713793 0.0969154 0.168103 0.180092 0.00197983
1 0.852802 0.0304418 0.0801724 0.0608836 0.00186062
1 0.716379 0.0738147 0.217241 0.147629 0.00178909
2 0.782328 0.559806 0.0568966 0.0668103 0.0017271
1 0.729957 0.598599 0.0375 0.0549569 0.0016613
2 0.677586 0.089507 0.0956897 0.15396 0.0016489
1 0.522414 0.157058 0.0620689 0.103987 0.0015974
0 0.791379 0.574353 0.0517241 0.0732758 0.0015974
1 0.728017 0.176455 0.139655 0.229526 0.00158501
2 0.0135776 0.716595 0.0271552 0.56681 0.00153065
1 0.892241 0.30334 0.0387931 0.0915948 0.00146675
1 0.713793 0.148707 0.125431 0.204203 0.00141048
1 0.838578 0.577047 0.0724138 0.0894396 0.00138855
1 0.41444 0.190194 0.222414 0.233836 0.00134563
2 0.470043 0.552802 0.0439655 0.0646552 0.00134563
2 0.729957 0.598599 0.0375 0.0549569 0.00134087
1 0.305172 0.197468 0.311638 0.276401 0.00125504
0 0.805603 0.578664 0.0931034 0.109914 0.00120163
0 0.795259 0.563039 0.0452586 0.0721983 0.00117874
1 0.843103 0.560345 0.0737068 0.0818965 0.0011692
1 0.893534 0.399785 0.0362069 0.0711207 0.00112915
1 0.726724 0.0817619 0.186207 0.163524 0.00111198
1 0.678879 0.520474 0.0413793 0.0711207 0.00109863
1 0.672414 0.0960399 0.0814655 0.19208 0.546875
1 0.526616 0.1875 0.0568965 0.0614224 0.220703
1 0.549569 0.188039 0.0465517 0.0603448 0.208862
1 0.477802 0.0626347 0.0568966 0.0918642 0.0678101
1 0.800431 0.577586 0.0362069 0.0657328 0.0428772
1 0.677586 0.124461 0.0801724 0.218211 0.0334778
1 0.519181 0.181034 0.0711206 0.105603 0.0280609
1 0.847629 0.0377155 0.0530172 0.0533405 0.0208893
1 0.791379 0.583513 0.0543104 0.0711207 0.0185394
1 0.452586 0.58028 0.0491379 0.0711207 0.0150146
2 0.791379 0.583513 0.0543104 0.0711207 0.0148392
2 0.452586 0.58028 0.0491379 0.0711207 0.0133743
1 0.494612 0.178071 0.0581896 0.0738147 0.0123367
1 0.651724 0.145205 0.0672414 0.115302 0.0117798
1 0.799138 0.565194 0.0413793 0.0732758 0.011116
1 0.580442 0.179418 0.059806 0.0635776 0.0107346
2 0.800431 0.577586 0.0362069 0.0657328 0.00847626
1 0.503664 0.059806 0.0517241 0.0813578 0.00831604
2 0.847629 0.0377155 0.0530172 0.0533405 0.00757599
1 0.888362 0.280981 0.0387931 0.0872845 0.00728989
0 0.791379 0.583513 0.0543104 0.0711207 0.00682449
1 0.874138 0.0449892 0.0711206 0.0522629 0.00679779
0 0.452586 0.58028 0.0491379 0.0711207 0.0064621
1 0.847629 0.0294989 0.0633621 0.0589978 0.00619125
2 0.328125 0.273707 0.0769397 0.0985991 0.00591278
1 0.464224 0.0673491 0.080819 0.102371 0.00542831
2 0.465517 0.577586 0.0400862 0.0646552 0.00526047
1 0.673707 0.519397 0.0362069 0.0549569 0.00477219
0 0.800431 0.577586 0.0362069 0.0657328 0.00471878
1 0.720905 0.599677 0.0284482 0.0377155 0.0045929
1 0.830172 0.577586 0.0672414 0.075431 0.00457382
2 0.874138 0.0449892 0.0711206 0.0522629 0.00453949
2 0.340086 0.289332 0.0530172 0.105603 0.00403976
1 0.667241 0.091056 0.121552 0.182112 0.0039444
1 0.339116 0.0344828 0.0517241 0.0657328 0.00392914
2 0.464224 0.5625 0.0420259 0.0689655 0.00391388
1 0.69375 0.124731 0.120259 0.226832 0.00362206
0 0.917457 0.376212 0.0400863 0.0708513 0.00362206
2 0.526616 0.1875 0.0568965 0.0614224 0.00352478
1 0.0033944 0.899515 0.00678879 0.20097 0.00352478
1 0.832759 0.560884 0.0711207 0.0797414 0.00351143
1 0.822414 0.591595 0.113793 0.0926724 0.00341606
1 0.017174 0.0595366 0.0343481 0.0721983 0.00340271
1 0.472629 0.121161 0.0543104 0.163928 0.00333786
1 0.917457 0.376212 0.0400863 0.0708513 0.00331116
2 0.443211 0.578664 0.0465518 0.0657328 0.00312424
2 0.477802 0.0626347 0.0568966 0.0918642 0.00309944
0 0.0654634 0.395339 0.0455819 0.0757004 0.00305176
1 0.328125 0.273707 0.0769397 0.0985991 0.00300407
2 0.322629 0.288254 0.0737069 0.107759 0.00300407
1 0.54569 0.188039 0.0491379 0.0689655 0.172119
1 0.528233 0.1875 0.0465518 0.0711207 0.170532
1 0.484267 0.0515894 0.0413793 0.0713901 0.0179138
1 0.840517 0.0381196 0.0465517 0.0492996 0.0177765
1 0.682759 0.101765 0.0556035 0.173626 0.00955963
2 0.792026 0.577586 0.0594828 0.0689655 0.00821686
1 0.535991 0.190733 0.0530173 0.112069 0.00806427
0 0.792026 0.577586 0.0594828 0.0689655 0.00763702
1 0.799784 0.580819 0.0400862 0.0625 0.00717545
1 0.50625 0.0568427 0.0362069 0.0657328 0.00482941
1 0.0174569 0.0478179 0.0313578 0.0622306 0.00453949
1 0.501078 0.184806 0.0633621 0.0668103 0.00452042
1 0.661422 0.0759698 0.0737069 0.135237 0.00450516
1 0.687931 0.128839 0.0646552 0.15396 0.00400543
1 0.814655 0.0452586 0.0245689 0.0414871 0.00392914
1 0.724138 0.600216 0.0258621 0.0474138 0.00390053
1 0.681466 0.129849 0.0465517 0.146552 0.0037365
1 0.577047 0.189655 0.0601293 0.0625 0.00322342
0 0.682759 0.101765 0.0556035 0.173626 0.00265312
0 0.799784 0.580819 0.0400862 0.0625 0.00263214
1 0.715733 0.100485 0.0530172 0.154634 0.00253105
2 0.799784 0.580819 0.0400862 0.0625 0.00251198
1 0.792026 0.577586 0.0594828 0.0689655 0.00243378
1 0.841164 0.0270744 0.0530172 0.0541487 0.0024147
2 0.724138 0.600216 0.0258621 0.0474138 0.00239754
0 0.681466 0.129849 0.0465517 0.146552 0.00225258
1 0.893534 0.282328 0.0413794 0.0872845 0.00214958
2 0.528233 0.1875 0.0465518 0.0711207 0.0015974
0 0.799138 0.567888 0.0465517 0.0732759 0.0015974
1 0.572845 0.192888 0.213362 0.144397 0.00153065
2 0.54569 0.188039 0.0491379 0.0689655 0.00150681
1 0.799138 0.567888 0.0465517 0.0732759 0.00144386
0 0.117026 0.521552 0.234052 0.514009 0.00134087
2 0.840517 0.0381196 0.0465517 0.0492996 0.00126457
2 0.682759 0.101765 0.0556035 0.173626 0.0011692
2 0.893534 0.282328 0.0413794 0.0872845 0.00116062
0 0.146767 0.346444 0.0523707 0.0926724 0.00113392
0 0.687931 0.128839 0.0646552 0.15396 0.00109005
2 0.0174569 0.0478179 0.0313578 0.0622306 0.00108147
2 0.799138 0.567888 0.0465517 0.0732759 0.00104809
1 0.554741 0.193427 0.0439655 0.0522629 0.0516663
1 0.528556 0.194504 0.044612 0.0463362 0.0297546
2 0.554741 0.193427 0.0439655 0.0522629 0.0296478
2 0.528556 0.194504 0.044612 0.0463362 0.0146713
0 0.755873 0.987069 0.488254 0.0258621 0.0108566
1 0.782328 0.574353 0.0349138 0.0420258 0.0108566
1 0.484267 0.0522629 0.0439655 0.0673491 0.00757599
1 0.500754 0.0546875 0.0484914 0.065194 0.00658798
0 0.672414 0.984914 0.576724 0.0301724 0.00609589
0 0.430523 0.985991 0.5743 0.0280173 0.00540543
1 0.852155 0.0412177 0.0465517 0.0382543 0.00388527
0 0.552155 0.988147 0.589655 0.0237069 0.00385475
2 0.672414 0.984914 0.576724 0.0301724 0.00379562
1 0.430523 0.985991 0.5743 0.0280173 0.00328636
2 0.430523 0.985991 0.5743 0.0280173 0.00324821
2 0.778502 0.983836 0.442996 0.0323277 0.00323486
2 0.575431 0.190194 0.0659483 0.0554957 0.00281143
0 0.761638 0.164803 0.32069 0.31048 0.00271416
1 0.71444 0.98653 0.570259 0.0269397 0.00263214
0 0.302667 0.980603 0.580442 0.0387932 0.00253105
2 0.552155 0.988147 0.589655 0.0237069 0.00252151
1 0.752586 0.164601 0.258621 0.303341 0.00250244
2 0.782328 0.574353 0.0349138 0.0420258 0.00250244
2 0.238578 0.981681 0.477155 0.0366379 0.00237846
0 0.238578 0.981681 0.477155 0.0366379 0.00225258
1 0.552155 0.988147 0.589655 0.0237069 0.00219917
2 0.750539 0.994073 0.498922 0.0118535 0.00219154
1 0.802371 0.585129 0.0297414 0.0484914 0.00218201
2 0.302667 0.980603 0.580442 0.0387932 0.00215721
0 0.782328 0.574353 0.0349138 0.0420258 0.00214958
1 0.778502 0.983836 0.442996 0.0323277 0.00211525
1 0.575431 0.190194 0.0659483 0.0554957 0.00206757
1 0.747414 0.0647899 0.227586 0.0999461 0.00192642
1 0.302667 0.980603 0.580442 0.0387932 0.00174141
2 0.484267 0.0522629 0.0439655 0.0673491 0.00169373
0 0.822629 0.975754 0.354741 0.0484914 0.00144958
1 0.238578 0.981681 0.477155 0.0366379 0.00138283
1 0.737715 0.123922 0.217241 0.237069 0.00137806
0 0.546659 0.689655 0.444181 0.260776 0.00129986
2 0.500754 0.0546875 0.0484914 0.065194 0.0012598
2 0.761638 0.164803 0.32069 0.31048 0.00121593
1 0.638147 0.996767 0.521121 0.00646559 0.00102425
2 0.077667 0.661099 0.155334 0.677802 0.00101185
1 0.557651 0.190194 0.0446121 0.0635776 0.390381
1 0.480065 0.0506466 0.0543103 0.0856681 0.286133
1 0.527263 0.191002 0.0588362 0.0646552 0.139893
1 0.671121 0.0810884 0.0775862 0.157866 0.138428
1 0.846983 0.0320582 0.0556035 0.0600754 0.0943604
1 0.801724 0.572198 0.0517241 0.0646552 0.0507202
1 0.858621 0.0305765 0.0543103 0.061153 0.0497742
1 0.464871 0.564655 0.0400862 0.0452586 0.0363464
1 0.834698 0.568427 0.0969827 0.0732758 0.0268555
1 0.806897 0.57597 0.0362069 0.075431 0.0220337
0 0.102963 0.519935 0.205927 0.519397 0.0181274
1 0.682112 0.101562 0.099569 0.166487 0.0173798
0 0.838578 0.56681 0.0827586 0.0840517 0.0142822
1 0.817241 0.567888 0.063362 0.0775862 0.0121002
1 0.471336 0.0471444 0.0523707 0.0942888 0.0120544
1 0.642026 0.1875 0.0387931 0.0398707 0.0119629
0 0.464871 0.564655 0.0400862 0.0452586 0.0115051
1 0.894828 0.278287 0.0323277 0.0899784 0.0114212
1 0.583028 0.188308 0.0572198 0.0619612 0.0109863
0 0.817241 0.567888 0.063362 0.0775862 0.0104065
1 0.496875 0.052667 0.0510776 0.0853987 0.00989532
1 0.501724 0.188039 0.0711207 0.0732759 0.00905609
1 0.848276 0.0264009 0.0594828 0.0528017 0.00844574
0 0.894828 0.278287 0.0323277 0.0899784 0.00800323
0 0.806897 0.57597 0.0362069 0.075431 0.00787354
2 0.801724 0.572198 0.0517241 0.0646552 0.00656509
0 0.801724 0.572198 0.0517241 0.0646552 0.00624084
0 0.469397 0.55819 0.0362069 0.0581896 0.00600433
1 0.465841 0.0514547 0.0730604 0.0845905 0.00595856
0 0.674353 0.0870151 0.0814655 0.17403 0.00570679
0 0.111894 0.516703 0.155738 0.453664 0.00547028
2 0.95431 0.978448 0.0543103 0.0431035 0.00544739
2 0.834698 0.568427 0.0969827 0.0732758 0.00516129
2 0.464871 0.564655 0.0400862 0.0452586 0.00510025
1 0.818534 0.0386584 0.0400862 0.0589978 0.0050621
0 0.46681 0.576509 0.0387931 0.0678879 0.00429916
1 0.874138 0.272629 0.0465517 0.0905172 0.00424957
1 0.0181439 0.0471444 0.0362877 0.0608836 0.00419998
1 0.565733 0.0546875 0.161638 0.108297 0.00388527
1 0.335237 0.0323276 0.0446121 0.0571121 0.00355148
1 0.00573815 0.217942 0.0114763 0.435884 0.00352478
1 0.0969828 0.0385237 0.046875 0.0484914 0.00344276
0 0.00589978 0.786638 0.0117996 0.426724 0.00342941
1 0.871552 0.0387931 0.0491379 0.0533405 0.00340271
0 0.116056 0.411099 0.15097 0.266164 0.00338936
1 0.730603 0.59806 0.0452586 0.0517241 0.00338936
1 0.774569 0.582974 0.0646552 0.0689655 0.00312424
1 0.527909 0.171875 0.0956897 0.0948276 0.0029583
1 0.762931 0.0762392 0.162931 0.152478 0.00290108
0 0.00711207 0.295797 0.0142241 0.591595 0.00286674
1 0.557651 0.186422 0.0497845 0.0571121 0.281494
1 0.788793 0.571121 0.0413794 0.0592672 0.115173
1 0.524353 0.1875 0.0523707 0.0538793 0.0783691
1 0.843103 0.0352909 0.0491379 0.0503772 0.0663452
1 0.797845 0.576509 0.0336206 0.0635776 0.0518494
1 0.481681 0.05132 0.0497845 0.0789332 0.0409851
1 0.803017 0.563578 0.0336207 0.0668103 0.0274811
1 0.52694 0.181573 0.0543103 0.0883621 0.0227966
1 0.453233 0.571121 0.0407327 0.0581896 0.0185852
1 0.675 0.515625 0.0336207 0.0614224 0.0158997
0 0.890948 0.289062 0.0362069 0.11153 0.0150757
0 0.788793 0.571121 0.0413794 0.0592672 0.0117798
0 0.797845 0.576509 0.0336206 0.0635776 0.0112457
0 0.453233 0.571121 0.0407327 0.0581896 0.008255
2 0.453233 0.571121 0.0407327 0.0581896 0.00793457
1 0.888362 0.0457974 0.0284483 0.0436422 0.00751877
2 0.557651 0.186422 0.0497845 0.0571121 0.00723267
1 0.503987 0.0534752 0.0381465 0.0735453 0.00664139
0 0.803017 0.563578 0.0336207 0.0668103 0.00658798
0 0.675 0.515625 0.0336207 0.0614224 0.00579834
2 0.788793 0.571121 0.0413794 0.0592672 0.00540543
1 0.890302 0.280172 0.0323276 0.0905172 0.00526047
1 0.671121 0.0900458 0.0814655 0.166891 0.00471878
1 0.580603 0.184537 0.0543104 0.0533405 0.00471878
2 0.580603 0.184537 0.0543104 0.0533405 0.00455475
2 0.643965 0.1875 0.0387931 0.0366379 0.00397491
1 0.813362 0.0398707 0.0349138 0.0517241 0.00333786
1 0.784267 0.559806 0.0478448 0.0646552 0.00332451
1 0.781034 0.580819 0.0465518 0.0581897 0.00332451
1 0.554418 0.997845 0.636853 0.00431037 0.00327301
0 0.894828 0.357489 0.0387932 0.154634 0.00319672
1 0.861207 0.0528017 0.0452586 0.105603 0.00317192
2 0.481681 0.05132 0.0497845 0.0789332 0.00314713
0 0.832759 0.560345 0.0672414 0.0743535 0.00298119
0 0.468103 0.55819 0.0336207 0.0581896 0.00259018
2 0.667241 0.0878233 0.0762931 0.153556 0.00243378
1 0.828879 0.578664 0.0775862 0.0711207 0.0024147
2 0.554418 0.997845 0.636853 0.00431037 0.00239754
0 0.557651 0.186422 0.0497845 0.0571121 0.00237846
1 0.464871 0.577586 0.0375 0.0581897 0.00228691
1 0.832759 0.560345 0.0672414 0.0743535 0.00225258
1 0.846336 0.0276805 0.0543104 0.055361 0.00223351
1 0.468103 0.55819 0.0336207 0.0581896 0.00204277
0 0.828879 0.578664 0.0775862 0.0711207 0.00203514
2 0.803017 0.563578 0.0336207 0.0668103 0.00194168
2 0.524353 0.1875 0.0523707 0.0538793 0.00184631
0 0.67306 0.089507 0.0866379 0.171202 0.00178909
0 0.464871 0.577586 0.0375 0.0581897 0.00175476
0 0.781034 0.580819 0.0465518 0.0581897 0.00171375
1 0.643965 0.1875 0.0387931 0.0366379 0.00167465
1 0.528233 0.190733 0.0556035 0.0614224 0.355713
1 0.548922 0.189655 0.0491379 0.0592672 0.342529
1 0.537284 0.189655 0.0478448 0.0856681 0.0786133
2 0.792672 0.572737 0.0336207 0.0409483 0.0455322
0 0.792672 0.572737 0.0336207 0.0409483 0.00955963
1 0.478448 0.0530711 0.0517241 0.0980603 0.00551224
2 0.797198 0.578664 0.0349138 0.0581897 0.0050621
1 0.792672 0.572737 0.0336207 0.0409483 0.00403976
2 0.798491 0.561961 0.0387931 0.0603448 0.00372124
1 0.672414 0.0932112 0.0866379 0.143858 0.00365067
2 0.548922 0.189655 0.0491379 0.0592672 0.00333786
1 0.584483 0.189116 0.0517241 0.0533405 0.00302696
2 0.528233 0.190733 0.0556035 0.0614224 0.00300407
0 0.537284 0.189655 0.0478448 0.0856681 0.0017271
1 0.797198 0.578664 0.0349138 0.0581897 0.00169373
2 0.537284 0.189655 0.0478448 0.0856681 0.00156689
2 0.584483 0.189116 0.0517241 0.0533405 0.00132465
1 0.497198 0.188039 0.0698276 0.0641164 0.00131989
1 0.643965 0.186422 0.0362069 0.0420259 0.00114727
2 0.674353 0.0875539 0.0905172 0.165409 0.00112057
2 0.643965 0.186422 0.0362069 0.0420259 0.00109005
0 0.798491 0.561961 0.0387931 0.0603448 0.00106049
2 0.720259 0.597522 0.0284482 0.0387931 0.00104046
2 0.142565 0.349138 0.0556034 0.0818965 0.00103664
1 0.551185 0.190733 0.0394397 0.0457974 0.222656
1 0.525 0.193427 0.0491379 0.0484914 0.202393
1 0.481681 0.0507812 0.0523707 0.0934806 0.0337219
2 0.551185 0.190733 0.0394397 0.0457974 0.0105667
2 0.525 0.193427 0.0491379 0.0484914 0.0085144
1 0.530172 0.184267 0.0530172 0.0851293 0.0085144
1 0.848276 0.0360991 0.049138 0.0484914 0.00728989
1 0.597414 0.191272 0.0284483 0.0393319 0.00527954
2 0.597414 0.191272 0.0284483 0.0393319 0.00332451
1 0.849569 0.0216191 0.0543104 0.0432381 0.0029583
1 0.788793 0.574892 0.0439655 0.0528017 0.00221634
2 0.149192 0.338093 0.041056 0.0608836 0.00198746
1 0.0287715 0.0545528 0.0481681 0.0670797 0.00150681
1 0.881896 0.0436422 0.0375 0.0436422 0.00133514
2 0.481681 0.0507812 0.0523707 0.0934806 0.0012846
1 0.492996 0.193427 0.0530172 0.0479526 0.00124931
2 0.641379 0.189925 0.0284482 0.0317888 0.00123024
1 0.80431 0.0956358 0.184914 0.191272 0.00105286
2 0.788793 0.574892 0.0439655 0.0528017 0.00102806
1 0.641379 0.189925 0.0284482 0.0317888 0.00102043
1 0.557328 0.191002 0.0375 0.0533405 0.233765
1 0.52694 0.193427 0.0452586 0.0549569 0.103027
1 0.478448 0.055361 0.0530172 0.0875539 0.0366211
0 0.793966 0.560345 0.0362069 0.0646552 0.0139542
1 0.675647 0.0867457 0.0827586 0.167565 0.0127716
1 0.896121 0.284752 0.0491379 0.167565 0.00728989
0 0.805603 0.565733 0.0465517 0.0732758 0.00609589
1 0.793966 0.560345 0.0362069 0.0646552 0.00582123
1 0.805603 0.565733 0.0465517 0.0732758 0.00538635
0 0.896121 0.284752 0.0491379 0.167565 0.0053215
1 0.530819 0.1875 0.0491379 0.0872845 0.00453949
1 0.650431 0.185884 0.0336207 0.0431034 0.00397491
1 0.815948 0.045528 0.0310346 0.0484914 0.00382423
0 0.897414 0.330819 0.049138 0.269397 0.00367928
1 0.482974 0.192349 0.0413793 0.0549569 0.00331116
1 0.477802 0.102977 0.0504311 0.121633 0.00288963
1 0.84569 0.0394666 0.0413793 0.0474138 0.00270462
2 0.793966 0.560345 0.0362069 0.0646552 0.00269318
1 0.476509 0.056708 0.0581896 0.113416 0.00263214
0 0.155172 0.347252 0.0439655 0.0856681 0.00259018
0 0.680172 0.508082 0.0439655 0.0872845 0.00246239
0 0.156304 0.365302 0.0539871 0.115302 0.00237846
0 0.13319 0.505253 0.191056 0.485183 0.00232315
1 0.59806 0.188039 0.0284483 0.0506465 0.00210762
1 0.897414 0.330819 0.049138 0.269397 0.00174141
1 0.680172 0.508082 0.0439655 0.0872845 0.00174141
1 0.850862 0.0206088 0.0465517 0.0412177 0.00150108
1 0.1342 0.520474 0.198411 0.497845 0.00133038
0 0.124784 0.477505 0.158405 0.402748 0.00129414
0 0.077667 0.371228 0.0502694 0.148707 0.0012064
1 0.155172 0.347252 0.0439655 0.0856681 0.00117397
0 0.786853 0.560884 0.0491379 0.0689655 0.00113392
1 0.705388 0.108365 0.130603 0.174434 0.00112438
0 0.0743534 0.38847 0.0481681 0.133621 0.00108147
1 0.457759 0.168642 0.0426724 0.108836 0.00107765
1 0.077667 0.371228 0.0502694 0.148707 0.00106907
1 0.464224 0.0627694 0.0659482 0.09375 0.00106049
2 0.452909 0.556034 0.0265086 0.0560345 0.00105286
1 0.552802 0.196659 0.0426724 0.0549569 0.123352
1 0.525647 0.198276 0.0517241 0.0571121 0.0847778
2 0.792672 0.570043 0.0439655 0.0646551 0.031311
1 0.596121 0.193427 0.0439655 0.0484914 0.00971222
1 0.480388 0.061153 0.0491379 0.0829741 0.0085144
2 0.596121 0.193427 0.0439655 0.0484914 0.00518036
0 0.792672 0.570043 0.0439655 0.0646551 0.00391388
1 0.522414 0.193966 0.0711207 0.101293 0.00369263
2 0.525647 0.198276 0.0517241 0.0571121 0.00259018
2 0.552802 0.196659 0.0426724 0.0549569 0.00247192
1 0.487823 0.193966 0.0484914 0.0517241 0.00237846
2 0.638793 0.191541 0.0387931 0.0371767 0.00227928
2 0.480388 0.061153 0.0491379 0.0829741 0.00167465
2 0.457435 0.563578 0.0329742 0.0560345 0.00160408
1 0.638793 0.191541 0.0387931 0.0371767 0.00140476
2 0.522414 0.193966 0.0711207 0.101293 0.00128937
0 0.522414 0.193966 0.0711207 0.101293 0.00119209
2 0.792672 0.564116 0.0543103 0.0689655 0.00100803
1 0.553125 0.193427 0.0407327 0.0484914 0.101562
1 0.526616 0.193966 0.0452587 0.049569 0.0450134
1 0.481681 0.0554957 0.0413793 0.075431 0.0197144
0 0.796552 0.56681 0.0439655 0.0463362 0.0120087
2 0.796552 0.56681 0.0439655 0.0463362 0.0116882
1 0.531466 0.18319 0.050431 0.0899785 0.0111618
1 0.598707 0.19208 0.0336207 0.0414871 0.00769424
1 0.84569 0.0362338 0.0413793 0.0460668 0.00609589
2 0.553125 0.193427 0.0407327 0.0484914 0.00577545
2 0.526616 0.193966 0.0452587 0.049569 0.00457382
2 0.598707 0.19208 0.0336207 0.0414871 0.00457382
1 0.670474 0.083917 0.087931 0.143588 0.00446701
1 0.812716 0.0451239 0.0219827 0.0393319 0.00388527
1 0.869612 0.0168373 0.0310345 0.0336746 0.0037365
2 0.153233 0.342672 0.0365302 0.0614224 0.00305176
1 0.636207 0.125606 0.0827586 0.136719 0.00266266
2 0.63944 0.190194 0.0336206 0.033944 0.00233269
1 0.63944 0.190194 0.0336206 0.033944 0.00221634
1 0.795259 0.575431 0.0465518 0.0689655 0.00211525
2 0.795905 0.566272 0.0543104 0.0721983 0.00194168
0 0.531466 0.18319 0.050431 0.0899785 0.00190449
2 0.795259 0.575431 0.0465518 0.0689655 0.00164223
1 0.851509 0.0199353 0.0478448 0.0398707 0.00154877
0 0.153879 0.375 0.0397629 0.0721983 0.00144958
2 0.481681 0.0554957 0.0413793 0.075431 0.00134087
2 0.153879 0.375 0.0397629 0.0721983 0.00132465
2 0.174892 0.340517 0.0420259 0.0571121 0.00126457
2 0.531466 0.18319 0.050431 0.0899785 0.00121117
1 0.48944 0.191272 0.0465517 0.0463362 0.00118828
1 0.885776 0.0398707 0.025862 0.0466056 0.0011425
0 0.153233 0.342672 0.0365302 0.0614224 0.00106525
1 0.796552 0.56681 0.0439655 0.0463362 0.00102806
2 0.103489 0.337823 0.0425916 0.0614224 0.00101185
2 0.554418 0.193966 0.0452586 0.0484914 0.0685425
1 0.554418 0.193966 0.0452586 0.0484914 0.0438538
1 0.524677 0.194235 0.0471983 0.0506465 0.0408325
2 0.524677 0.194235 0.0471983 0.0506465 0.0358276
2 0.596767 0.191541 0.0375 0.0404095 0.0149002
2 0.638147 0.190194 0.0362069 0.0344828 0.00955963
1 0.477802 0.0533405 0.0413793 0.0721983 0.00854492
2 0.788793 0.571121 0.0336207 0.0474138 0.0053215
1 0.596767 0.191541 0.0375 0.0404095 0.00263214
0 0.788793 0.571121 0.0336207 0.0474138 0.00217438
2 0.532112 0.19181 0.050431 0.0980604 0.00194168
1 0.847629 0.0371767 0.0375 0.0431034 0.0016489
2 0.477802 0.0533405 0.0413793 0.0721983 0.00137806
2 0.799138 0.565194 0.0594827 0.0689655 0.00105667
1 0.522414 0.195312 0.0504311 0.0544181 0.156128
1 0.551509 0.194504 0.0439655 0.049569 0.112427
1 0.539871 0.1875 0.0478448 0.0829741 0.0157776
1 0.479418 0.0589978 0.0433189 0.0695043 0.012146
2 0.522414 0.195312 0.0504311 0.0544181 0.0115967
2 0.594181 0.193696 0.0387931 0.0425647 0.0110703
1 0.594181 0.193696 0.0387931 0.0425647 0.0110321
2 0.551509 0.194504 0.0439655 0.049569 0.00905609
2 0.636207 0.193427 0.0387931 0.0344828 0.00679779
1 0.642672 0.164062 0.0646552 0.0802802 0.00335121
1 0.636207 0.193427 0.0387931 0.0344828 0.00255013
1 0.672414 0.101226 0.0840517 0.138066 0.00201035
2 0.796552 0.576509 0.0465517 0.0506465 0.00187492
0 0.796552 0.576509 0.0465517 0.0506465 0.00181007
2 0.539871 0.1875 0.0478448 0.0829741 0.00156116
0 0.153233 0.346983 0.0465517 0.0786638 0.00139904
1 0.492026 0.19181 0.0556035 0.0506466 0.00121117
1 0.549569 0.198276 0.0426724 0.049569 0.216675
1 0.523707 0.197468 0.0471983 0.0528017 0.212036
1 0.590787 0.194774 0.0391164 0.0452586 0.0195007
1 0.536638 0.189655 0.0491379 0.0894397 0.0124283
2 0.590787 0.194774 0.0391164 0.0452586 0.0113754
2 0.549569 0.198276 0.0426724 0.049569 0.00844574
2 0.640086 0.191541 0.0375 0.0377155 0.0068512
1 0.480388 0.0563039 0.0413793 0.0711207 0.00605011
2 0.523707 0.197468 0.0471983 0.0528017 0.00510025
1 0.640086 0.191541 0.0375 0.0377155 0.00362206
1 0.632974 0.129782 0.109914 0.166083 0.00174141
2 0.791379 0.577586 0.0413793 0.0603448 0.00168705
1 0.677586 0.0953664 0.100862 0.150862 0.00113773
1 0.846983 0.0401401 0.0362069 0.0431034 0.00108147
1 0.399569 0.175647 0.199138 0.140086 0.00106049
0 0.791379 0.577586 0.0413793 0.0603448 0.00104427
1 0.552155 0.194504 0.0452586 0.0484914 0.140869
1 0.527586 0.193696 0.0471983 0.0517241 0.0980835
2 0.552155 0.194504 0.0452586 0.0484914 0.0930176
2 0.527586 0.193696 0.0471983 0.0517241 0.0401001
2 0.6375 0.189116 0.0413793 0.0355604 0.0214539
2 0.591595 0.192349 0.0465517 0.0431034 0.0207977
1 0.537931 0.182112 0.0433189 0.0765086 0.0147858
0 0.794612 0.573276 0.0426723 0.0517241 0.00674438
1 0.479095 0.0561692 0.0452586 0.079472 0.00653839
2 0.537931 0.182112 0.0433189 0.0765086 0.00572968
1 0.591595 0.192349 0.0465517 0.0431034 0.0049057
2 0.794612 0.573276 0.0426723 0.0517241 0.00455475
0 0.537931 0.182112 0.0433189 0.0765086 0.00370789
1 0.641379 0.146552 0.0775862 0.103448 0.00312424
0 0.6375 0.189116 0.0413793 0.0355604 0.00263214
1 0.6375 0.189116 0.0413793 0.0355604 0.00234222
2 0.479095 0.0561692 0.0452586 0.079472 0.00228691
0 0.527586 0.193696 0.0471983 0.0517241 0.00178242
0 0.641379 0.146552 0.0775862 0.103448 0.00174809
0 0.552155 0.194504 0.0452586 0.0484914 0.00170708
2 0.641379 0.146552 0.0775862 0.103448 0.00133038
0 0.1243 0.52694 0.219504 0.543103 0.00127411
1 0.477478 0.107826 0.0375 0.0634429 0.00109482
1 0.551832 0.195582 0.0426724 0.0463362 0.250977
1 0.526616 0.195043 0.0491379 0.049569 0.116333
1 0.539871 0.18292 0.0530173 0.0748922 0.0171814
2 0.63944 0.190194 0.0375 0.0301724 0.0164642
1 0.480065 0.0589978 0.0459052 0.0684267 0.0158997
2 0.551832 0.195582 0.0426724 0.0463362 0.0134277
1 0.593696 0.192888 0.041056 0.0420258 0.00806427
2 0.593696 0.192888 0.041056 0.0420258 0.00800323
2 0.795259 0.568427 0.0387931 0.0431035 0.00682449
0 0.795259 0.568427 0.0387931 0.0431035 0.00616837
2 0.526616 0.195043 0.0491379 0.049569 0.00553513
1 0.63944 0.190194 0.0375 0.0301724 0.00521851
1 0.640733 0.16083 0.0724138 0.0748922 0.00374985
2 0.682759 0.177802 0.0465518 0.0501077 0.00240517
1 0.795259 0.568427 0.0387931 0.0431035 0.00183105
0 0.63944 0.190194 0.0375 0.0301724 0.00178242
1 0.684052 0.126886 0.0698276 0.116918 0.00135612
2 0.480065 0.0589978 0.0459052 0.0684267 0.00126934
2 0.539871 0.18292 0.0530173 0.0748922 0.00115585
0 0.682759 0.177802 0.0465518 0.0501077 0.00102425
1 0.550862 0.191272 0.0400862 0.0420258 0.212036
1 0.525647 0.191541 0.0478448 0.046875 0.11438
2 0.6375 0.187231 0.0362069 0.0296336 0.0279083
2 0.793966 0.567888 0.0362069 0.0409483 0.0276337
1 0.479418 0.0563039 0.0484914 0.0759698 0.0267639
2 0.550862 0.191272 0.0400862 0.0420258 0.0189819
2 0.598707 0.189116 0.0336207 0.0387931 0.0186157
1 0.540841 0.180496 0.0497845 0.0721983 0.0160217
1 0.598707 0.189116 0.0336207 0.0387931 0.0110703
1 0.640086 0.163254 0.0568965 0.0581897 0.00937653
2 0.525647 0.191541 0.0478448 0.046875 0.00790405
0 0.793966 0.567888 0.0362069 0.0409483 0.00695801
2 0.540841 0.180496 0.0497845 0.0721983 0.00390053
1 0.6375 0.187231 0.0362069 0.0296336 0.00376511
2 0.640086 0.163254 0.0568965 0.0581897 0.00342941
1 0.685345 0.124933 0.0672414 0.112204 0.0026722
0 0.6375 0.187231 0.0362069 0.0296336 0.00252151
2 0.682759 0.17403 0.0491379 0.0549569 0.00237846
2 0.479418 0.0563039 0.0484914 0.0759698 0.00153065
2 0.676293 0.0991379 0.087931 0.134698 0.00142097
2 0.794612 0.578125 0.0426723 0.0614224 0.00115108
1 0.848276 0.037042 0.0413794 0.0417565 0.00106907
1 0.793966 0.567888 0.0362069 0.0409483 0.00102806
0 0.550862 0.191272 0.0400862 0.0420258 0.00100803
1 0.550862 0.193696 0.0400862 0.046875 0.222046
1 0.525 0.194504 0.0478448 0.0511853 0.121704
2 0.640086 0.188039 0.0336207 0.0323276 0.0151291
1 0.478448 0.0587284 0.0478448 0.0786638 0.0148392
1 0.540517 0.186422 0.0543104 0.0829741 0.0145569
2 0.594666 0.190733 0.033944 0.0420259 0.0134277
2 0.550862 0.193696 0.0400862 0.046875 0.0126266
1 0.594666 0.190733 0.033944 0.0420259 0.0108185
2 0.525 0.194504 0.0478448 0.0511853 0.00658798
1 0.642672 0.165679 0.0672414 0.0727371 0.00488663
2 0.795259 0.571121 0.0400862 0.0474138 0.00479126
1 0.640086 0.188039 0.0336207 0.0323276 0.00337601
0 0.795259 0.571121 0.0400862 0.0474138 0.00200272
2 0.540517 0.186422 0.0543104 0.0829741 0.00195694
0 0.640086 0.188039 0.0336207 0.0323276 0.00173378
2 0.682759 0.16972 0.0491379 0.0689655 0.00154305
2 0.642672 0.165679 0.0672414 0.0727371 0.00123024
2 0.478448 0.0587284 0.0478448 0.0786638 0.0011034
1 0.550862 0.193696 0.0400862 0.046875 0.222046
1 0.525 0.194504 0.0478448 0.0506465 0.121277
2 0.640086 0.187769 0.0336207 0.0328664 0.0150146
1 0.478448 0.0587284 0.0478448 0.0786638 0.0149002
1 0.540517 0.186422 0.0543104 0.0829741 0.0146179
2 0.594666 0.190733 0.033944 0.0425647 0.0133286
2 0.550862 0.193696 0.0400862 0.046875 0.0125275
1 0.594666 0.190733 0.033944 0.0425647 0.0108566
2 0.525 0.194504 0.0478448 0.0506465 0.00653839
1 0.642672 0.165679 0.0672414 0.0727371 0.00482941
2 0.795259 0.571121 0.0400862 0.0474138 0.00481033
1 0.640086 0.187769 0.0336207 0.0328664 0.00337601
0 0.795259 0.571121 0.0400862 0.0474138 0.00201988
2 0.540517 0.186422 0.0543104 0.0829741 0.00192642
0 0.640086 0.187769 0.0336207 0.0328664 0.00171375
2 0.682759 0.16972 0.0491379 0.0689655 0.00152493
2 0.642672 0.165679 0.0672414 0.0727371 0.00119686
2 0.478448 0.0587284 0.0478448 0.0786638 0.00109005
