1 0.237284 0.429957 0.0387931 0.125 0.0210419
1 0.254741 0.434402 0.0775862 0.146282 0.00340271
1 0.5 0.5 1 1 0.00331116
2 0.5 0.5 1 1 0.00318527
0 0.5 0.5 1 1 0.00299263
0 0.5 0.5 1 1 0.00294685
0 0.5 0.5 1 1 0.00286674
1 0.5 0.5 1 1 0.00283432
2 0.5 0.5 1 1 0.00282288
1 0.201724 0.43319 0.1125 0.142241 0.00281143
2 0.484914 0.5 0.969828 1 0.00281143
0 0.5 0.5 1 1 0.00279045
1 0.5 0.5 1 1 0.00268364
2 0.5 0.5 1 1 0.00268364
0 0.5 0.5 1 1 0.00268364
0 0.5 0.5 1 1 0.0026722
2 0.5 0.5 1 1 0.00265312
0 0.5 0.5 1 1 0.00257111
2 0.5 0.5 1 1 0.00252151
1 0.5 0.5 1 1 0.0024929
1 0.5 0.5 1 1 0.00245285
1 0.5 0.5 1 1 0.0024147
1 0.5 0.5 1 1 0.00240517
2 0.5 0.5 1 1 0.00220871
2 0.5 0.5 1 1 0.00212479
0 0.5 0.5 1 1 0.0020504
0 0.237284 0.429957 0.0387931 0.125 0.00202751
2 0.55819 0.787177 0.883621 0.425647 0.00202751
0 0.55819 0.787177 0.883621 0.425647 0.00201988
1 0.5 0.5 1 1 0.00184631
0 0.497845 0.77694 0.782328 0.446121 0.00183868
0 0.533297 0.579741 0.933405 0.840517 0.00166798
2 0.533297 0.579741 0.933405 0.840517 0.00161076
0 0.552155 0.646552 0.84569 0.706897 0.00121117
0 0.254741 0.434402 0.0775862 0.146282 0.00112438
0 0.439978 0.762931 0.879957 0.474138 0.00110722
0 0.467457 0.615841 0.934914 0.768319 0.00108624
1 0.497845 0.77694 0.782328 0.446121 0.00107765
0 0.635291 0.5 0.729418 1 0.00107288
0 0.527155 0.603448 0.94569 0.793103 0.00107288
2 0.497845 0.77694 0.782328 0.446121 0.00106525
2 0.602586 0.592672 0.0387931 0.0344828 0.0171814
1 0.235668 0.430496 0.0323276 0.108836 0.00728989
1 0.189925 0.600216 0.0423491 0.0484914 0.00669098
1 0.602586 0.592672 0.0387931 0.0344828 0.00602722
2 0.601293 0.563039 0.0336207 0.0625 0.00176811
1 0.589817 0.671336 0.250539 0.282328 0.00154877
0 0.439978 0.735183 0.879957 0.529634 0.00142097
2 0.439978 0.735183 0.879957 0.529634 0.00136662
2 0.5 0.5 1 1 0.00134563
2 0.583836 0.590517 0.0556035 0.0431034 0.00133514
1 0.439978 0.735183 0.879957 0.529634 0.00133038
2 0.477155 0.5 0.95431 1 0.00132465
0 0.428664 0.5 0.857328 1 0.00131512
0 0.5 0.5 1 1 0.00127411
0 0.5 0.5 1 1 0.00126457
2 0.5 0.5 1 1 0.00122547
1 0.472306 0.510911 0.614871 0.814386 0.00118828
2 0.428664 0.5 0.857328 1 0.00118828
1 0.5 0.5 1 1 0.00118828
2 0.614278 0.807651 0.771444 0.384698 0.00117874
0 0.477155 0.5 0.95431 1 0.00116539
2 0.724515 0.794989 0.55097 0.410022 0.00115585
1 0.477155 0.5 0.95431 1 0.00115108
2 0.5 0.852371 1 0.295259 0.0011425
0 0.589817 0.671336 0.250539 0.282328 0.00112915
1 0.445474 0.596983 0.647845 0.806035 0.00109863
0 0.6125 0.284752 0.775 0.569504 0.00109482
2 0.5 0.5 1 1 0.00109005
0 0.276724 0.59375 0.375 0.6875 0.00108624
1 0.428664 0.5 0.857328 1 0.00107288
1 0.614278 0.807651 0.771444 0.384698 0.00105667
0 0.5 0.46444 1 0.928879 0.00104809
2 0.5 0.297144 1 0.594289 0.00104427
0 0.133351 0.60291 0.266703 0.794181 0.00103188
1 0.5 0.5 1 1 0.00102043
0 0.472306 0.510911 0.614871 0.814386 0.00101662
2 0.0931034 0.685345 0.186207 0.62931 0.00101662
0 0.722414 0.756196 0.555172 0.487608 0.00101662
0 0.381223 0.68319 0.649623 0.633621 0.00101185
0 0.5 0.297144 1 0.594289 0.00101185
2 0.6125 0.284752 0.775 0.569504 0.00100422
1 0.0851832 0.718211 0.170366 0.563578 0.0415344
1 0.220151 0.425647 0.0549569 0.140086 0.0179901
1 0.192834 0.428879 0.104741 0.146552 0.00502014
1 0.090194 0.572737 0.180388 0.854526 0.00473785
1 0.135291 0.435345 0.226616 0.230603 0.00348282
1 0.262581 0.427263 0.0632004 0.15194 0.00309944
1 0.274057 0.427667 0.091972 0.161907 0.00286674
1 0.18556 0.596983 0.0478448 0.0668103 0.00234222
0 0.0851832 0.718211 0.170366 0.563578 0.00209999
2 0.599353 0.584052 0.0465518 0.0538793 0.00183105
1 0.0930226 0.418103 0.186045 0.797414 0.00160408
1 0.0122845 0.745151 0.024569 0.509698 0.00150108
1 0.599353 0.584052 0.0465518 0.0538793 0.00144958
1 0.0302263 0.734914 0.0604526 0.530172 0.00125504
1 0.119531 0.47306 0.239063 0.946121 0.00119686
1 0.0123653 0.672414 0.0247306 0.655172 0.0011692
1 0.0511584 0.698815 0.102317 0.602371 0.0011425
1 0.297737 0.70097 0.460991 0.59806 0.00106907
1 0.342349 0.419046 0.231466 0.220097 0.00103188
1 0.192996 0.531789 0.0743534 0.117457 0.00102425
2 0.595959 0.584052 0.0494612 0.0538793 0.149536
1 0.184914 0.608836 0.0446121 0.0474138 0.0823975
1 0.12236 0.41056 0.24472 0.298491 0.0372009
1 0.0771013 0.769397 0.154203 0.461207 0.0254211
1 0.215463 0.433728 0.0675647 0.171336 0.0199432
1 0.22597 0.430496 0.0446121 0.162716 0.0171051
1 0.145151 0.432112 0.20625 0.230603 0.0146179
1 0.595959 0.584052 0.0494612 0.0538793 0.0111618
1 0.18556 0.435345 0.119612 0.185345 0.00534439
0 0.595959 0.584052 0.0494612 0.0538793 0.00400543
1 0.165517 0.667565 0.0827586 0.155172 0.00385475
1 0.0734644 0.602371 0.146929 0.454741 0.00380898
1 0.177802 0.805496 0.124784 0.389009 0.00358009
1 0.124461 0.363147 0.248922 0.462285 0.00340271
1 0.0875269 0.676185 0.175054 0.647629 0.00327301
1 0.601293 0.590517 0.0698276 0.075431 0.00305176
1 0.150808 0.700431 0.062069 0.196121 0.00304031
1 0.259995 0.433055 0.0644935 0.176994 0.00302696
1 0.16875 0.792565 0.0956896 0.40194 0.00261116
2 0.624569 0.588362 0.0439655 0.0474138 0.00255013
1 0.194612 0.798491 0.175862 0.403017 0.00255013
2 0.594989 0.568966 0.0539871 0.0797414 0.00251198
2 0.601293 0.590517 0.0698276 0.075431 0.00246239
2 0.584483 0.581358 0.0594828 0.0603448 0.00234985
1 0.174609 0.767241 0.211988 0.465517 0.00230598
1 0.0853448 0.437635 0.17069 0.400593 0.00230598
0 0.601293 0.590517 0.0698276 0.075431 0.00209999
1 0.171336 0.634159 0.0730604 0.113147 0.0019722
1 0.751185 0.0933459 0.497629 0.186692 0.00179577
1 0.0355199 0.774246 0.0710399 0.451509 0.0015974
2 0.851078 0.0288928 0.297845 0.0577856 0.00123978
1 0.189763 0.5 0.0788793 0.24569 0.00119209
1 0.335237 0.427936 0.217888 0.223869 0.00118351
1 0.282866 0.389009 0.142888 0.331897 0.00112438
0 0.0606142 0.774785 0.121228 0.450431 0.00106907
1 0.234375 0.426724 0.0297414 0.105603 0.0438538
2 0.597575 0.587285 0.0384698 0.0517242 0.0377502
1 0.597575 0.587285 0.0384698 0.0517242 0.0224609
1 0.187177 0.608836 0.0368534 0.0517241 0.0202484
1 0.259914 0.197198 0.0323276 0.0409483 0.00837708
2 0.614224 0.570043 0.0387931 0.0474138 0.0069313
1 0.614224 0.570043 0.0387931 0.0474138 0.00600433
1 0.0796067 0.766703 0.159213 0.466595 0.00479126
2 0.259914 0.197198 0.0323276 0.0409483 0.00432968
1 0.182651 0.208513 0.0362069 0.0549569 0.00256157
2 0.182651 0.208513 0.0362069 0.0549569 0.00247192
2 0.576078 0.587284 0.0439655 0.049569 0.00237846
1 0.387365 0.769397 0.564925 0.461207 0.00235939
1 0.576078 0.587284 0.0439655 0.049569 0.0019722
1 0.206088 0.428879 0.0834052 0.119612 0.00171375
0 0.614224 0.570043 0.0387931 0.0474138 0.00144958
1 0.0809806 0.720905 0.161961 0.394397 0.00144386
1 0.239386 0.504445 0.26347 0.310075 0.00133514
0 0.597575 0.587285 0.0384698 0.0517242 0.00120163
1 0.087931 0.773707 0.175862 0.452586 0.00119686
2 0.438362 0.790948 0.628448 0.418103 0.00113773
2 0.623276 0.59375 0.0491379 0.0452586 0.00103188
2 0.0779095 0.761853 0.155819 0.476293 0.0266571
1 0.603879 0.59375 0.0362069 0.0344828 0.0248871
2 0.603879 0.59375 0.0362069 0.0344828 0.0236053
1 0.0801724 0.765625 0.160345 0.46875 0.0224152
0 0.0779095 0.761853 0.155819 0.476293 0.0146713
1 0.18653 0.605603 0.0329741 0.0387931 0.00963593
0 0.0798491 0.767241 0.159698 0.465517 0.0064621
0 0.592403 0.987069 0.576401 0.0258621 0.00457382
1 0.0792026 0.734375 0.158405 0.53125 0.00443268
0 0.754741 0.981681 0.490517 0.0366379 0.00370789
1 0.125431 0.404634 0.250862 0.265086 0.00348282
0 0.773168 0.825431 0.453664 0.262931 0.00348282
2 0.0806573 0.710129 0.161315 0.579741 0.00288963
2 0.592403 0.987069 0.576401 0.0258621 0.0024929
0 0.470366 0.985453 0.587716 0.0290949 0.00223351
2 0.0801724 0.765625 0.160345 0.46875 0.00202751
2 0.430603 0.984914 0.592241 0.0301724 0.00189686
1 0.592403 0.987069 0.576401 0.0258621 0.00182438
1 0.188955 0.421471 0.112177 0.126886 0.0018177
2 0.515948 1 0.509483 0 0.00173378
0 0.0555226 0.806573 0.111045 0.386853 0.00153637
2 0.710776 0.979526 0.578448 0.0409483 0.00153637
1 0.127734 0.418103 0.247548 0.1875 0.00137806
1 0.378556 0.762931 0.504957 0.323276 0.00137806
1 0.391245 0.706896 0.501563 0.297414 0.00132465
1 0.165032 0.421336 0.158728 0.154095 0.00125504
2 0.619397 0.595905 0.0594828 0.0409483 0.00122547
1 0.439332 0.460668 0.442888 0.296336 0.00121593
2 0.0555226 0.806573 0.111045 0.386853 0.00121593
2 0.776078 0.981142 0.447845 0.0377156 0.00121593
0 0.35423 0.985991 0.583351 0.0280173 0.00117874
1 0.710776 0.979526 0.578448 0.0409483 0.0011425
1 0.430603 0.984914 0.592241 0.0301724 0.00113392
0 0.603879 0.59375 0.0362069 0.0344828 0.00112438
0 0.757166 0.77694 0.485668 0.314655 0.0011034
2 0.753772 0.998384 0.492457 0.0032328 0.00102425
2 0.0762931 0.679553 0.152586 0.640894 0.00101662
1 0.23583 0.426185 0.0294181 0.137931 0.0549927
1 0.132583 0.436961 0.236557 0.199353 0.0522461
2 0.601293 0.582435 0.0336207 0.0549569 0.0488586
1 0.192188 0.606681 0.0332974 0.0474138 0.0448608
1 0.601293 0.582435 0.0336207 0.0549569 0.0438538
1 0.229364 0.430496 0.0423491 0.150862 0.0351562
1 0.624569 0.578664 0.0439655 0.0538793 0.0265503
1 0.128017 0.405711 0.256034 0.261853 0.0192719
0 0.479741 0.778556 0.726724 0.442888 0.0166626
1 0.0806573 0.74569 0.161315 0.508621 0.0136337
2 0.624569 0.578664 0.0439655 0.0538793 0.0135345
0 0.601293 0.582435 0.0336207 0.0549569 0.0124817
1 0.388497 0.766703 0.531627 0.466595 0.0117798
1 0.0769397 0.778017 0.153879 0.443966 0.0112915
0 0.693966 0.775323 0.612069 0.449353 0.0100098
0 0.604526 0.796336 0.778448 0.407328 0.00993347
1 0.192026 0.430496 0.109267 0.175647 0.00831604
1 0.0869612 0.684267 0.173922 0.631466 0.00575256
0 0.774461 0.771013 0.451078 0.328664 0.00559998
0 0.624569 0.578664 0.0439655 0.0538793 0.00551224
0 0.732597 0.747306 0.534806 0.485991 0.00510025
2 0.479741 0.778556 0.726724 0.442888 0.00473785
0 0.756034 0.689655 0.487931 0.62069 0.00312424
0 0.378233 0.777478 0.506897 0.445043 0.00293541
2 0.604526 0.796336 0.778448 0.407328 0.00240517
0 0.675 0.752694 0.39569 0.324353 0.00236893
1 0.436746 0.319235 0.437716 0.463901 0.00209999
1 0.251509 0.427263 0.0484914 0.137931 0.0020504
0 0.594989 0.935345 0.485884 0.12931 0.00204277
0 0.773815 0.705819 0.452371 0.320043 0.00187492
1 0.0740302 0.773707 0.14806 0.392241 0.00184631
0 0.00606142 0.22306 0.0121228 0.446121 0.00183868
0 0.26056 0.196121 0.030388 0.0387931 0.00174809
1 0.425108 0.405172 0.413147 0.334052 0.00173378
2 0.624569 0.587284 0.0413793 0.049569 0.00169373
2 0.673276 0.775862 0.653448 0.448276 0.00159168
1 0.0274784 0.738685 0.0549569 0.522629 0.00150681
0 0.404418 0.823007 0.667888 0.353987 0.0014782
1 0.164224 0.630927 0.0662716 0.0948276 0.00145531
0 0.575754 0.585129 0.0497845 0.0538793 0.00139904
0 0.761638 0.801724 0.325862 0.284483 0.00133514
0 0.599353 0.981681 0.43319 0.0366379 0.00132465
1 0.128664 0.5 0.257328 1 0.00131989
1 0.575754 0.585129 0.0497845 0.0538793 0.00125504
0 0.75 0.712823 0.437069 0.240302 0.00115108
2 0.60792 0.580819 0.209159 0.09375 0.0011425
2 0.730172 0.739224 0.539655 0.521552 0.00112057
0 0.0217403 0.771552 0.0434806 0.456897 0.0011158
2 0.756034 0.689655 0.487931 0.62069 0.0011158
1 0.207543 0.605603 0.0536638 0.0560345 0.00109005
1 0.1875 0.603448 0.0352371 0.0431034 0.0497742
1 0.598707 0.586207 0.0387931 0.0452586 0.0184021
2 0.598707 0.586207 0.0387931 0.0452586 0.0175781
1 0.39278 0.813578 0.537284 0.372845 0.00245285
1 0.233244 0.424434 0.0326509 0.146821 0.00159168
2 0.597414 0.588362 0.0362069 0.044181 0.0215302
1 0.187177 0.607759 0.0465517 0.0538793 0.0165863
1 0.394316 0.402478 0.348006 0.366379 0.00312424
1 0.597414 0.588362 0.0362069 0.044181 0.0024929
1 0.375727 0.426859 0.303718 0.260506 0.00211525
1 0.141756 0.405038 0.214332 0.271821 0.00209999
1 0.0729795 0.752155 0.145959 0.49569 0.00109005
2 0.6 0.587285 0.0375 0.0420258 0.0594177
1 0.192026 0.603448 0.0323276 0.0366379 0.0350037
1 0.6 0.587285 0.0375 0.0420258 0.0133743
1 0.0779095 0.767241 0.155819 0.465517 0.00624084
1 0.614224 0.577586 0.0375 0.0463362 0.00327301
2 0.614224 0.577586 0.0375 0.0463362 0.00275803
2 0.629741 0.592672 0.0413793 0.0344828 0.00143814
2 0.576078 0.588362 0.0504311 0.0452586 0.0011692
1 0.0725754 0.738147 0.145151 0.523707 0.0579224
1 0.0766972 0.778017 0.153394 0.443966 0.0538025
1 0.193319 0.60722 0.0323276 0.0463362 0.0520325
2 0.603879 0.580819 0.0400862 0.0560345 0.0476074
1 0.237446 0.424569 0.0358836 0.130388 0.037323
1 0.603879 0.580819 0.0400862 0.0560345 0.0226288
2 0.61681 0.57166 0.0310345 0.0528017 0.0197906
1 0.61681 0.57166 0.0310345 0.0528017 0.00624084
1 0.196067 0.547414 0.0533405 0.0560345 0.00482941
1 0.200754 0.427263 0.102155 0.15194 0.00200272
1 0.131573 0.410022 0.245043 0.258621 0.00194168
1 0.254741 0.425647 0.0497845 0.133621 0.00191212
1 0.575431 0.582974 0.0413793 0.0538793 0.00171375
2 0.575431 0.582974 0.0413793 0.0538793 0.00161076
1 0.158244 0.627694 0.0478448 0.080819 0.00152493
1 0.147899 0.425108 0.204634 0.197198 0.00150681
1 0.346552 0.849677 0.444828 0.300647 0.00131989
1 0.457759 0.801185 0.638793 0.397629 0.00103188
2 0.602586 0.584052 0.0426724 0.0528017 0.259766
2 0.617457 0.582974 0.0426724 0.0657328 0.144165
1 0.191703 0.607759 0.0336207 0.0581896 0.0197144
2 0.540517 0.582974 0.0465517 0.0775862 0.01297
2 0.621983 0.585129 0.0465518 0.0517242 0.0103302
2 0.579957 0.585129 0.0581897 0.0517242 0.00723267
1 0.602586 0.584052 0.0426724 0.0528017 0.00717545
1 0.234052 0.431035 0.043319 0.150862 0.00479126
1 0.203341 0.533405 0.0814655 0.09375 0.00226021
1 0.523384 0.587284 0.0387931 0.049569 0.00218201
1 0.213039 0.608297 0.0478448 0.0549569 0.00197983
2 0.457112 0.582974 0.0465518 0.0625 0.00186729
2 0.523384 0.587284 0.0387931 0.049569 0.0017004
1 0.579957 0.585129 0.0581897 0.0517242 0.00150108
1 0.131735 0.427263 0.240841 0.269397 0.00127411
1 0.127694 0.458917 0.255388 0.407597 0.00122547
1 0.247629 0.455684 0.109914 0.248114 0.00110722
1 0.255388 0.434402 0.0614224 0.161369 0.00108147
1 0.165194 0.61584 0.0646552 0.075431 0.00104046
2 0.59806 0.584052 0.0375 0.049569 0.138428
2 0.614224 0.570043 0.0336207 0.0323276 0.0698242
1 0.191703 0.605603 0.0284483 0.0431035 0.0440063
1 0.0793642 0.753772 0.158728 0.492457 0.00834656
2 0.545366 0.568427 0.0659482 0.0431035 0.00656509
1 0.59806 0.584052 0.0375 0.049569 0.00502014
2 0.578017 0.586207 0.0491379 0.0474138 0.0037365
1 0.614224 0.570043 0.0336207 0.0323276 0.00288963
1 0.361099 0.448141 0.276078 0.252425 0.00282288
2 0.627155 0.587823 0.0387931 0.0420258 0.00201988
1 0.130603 0.425781 0.261207 0.536369 0.00175476
1 0.401185 0.41972 0.35625 0.290948 0.00171375
1 0.322629 0.603987 0.0491379 0.0387931 0.00161648
1 0.413066 0.364763 0.379041 0.390086 0.00157356
1 0.21514 0.604526 0.0387931 0.0420259 0.0015192
1 0.232759 0.427667 0.0310345 0.131735 0.00148964
1 0.12333 0.421471 0.246659 0.297144 0.00144958
1 0.226293 0.427802 0.0465517 0.145474 0.00138855
0 0.614224 0.570043 0.0336207 0.0323276 0.00129414
1 0.31875 0.488147 0.175862 0.159483 0.0011692
1 0.387931 0.604526 0.0601293 0.0387931 0.0011692
2 0.597252 0.581897 0.0391164 0.0517242 0.177246
2 0.611638 0.574353 0.0323276 0.0431035 0.0720825
1 0.189763 0.602909 0.0284483 0.0431035 0.0177765
1 0.611638 0.574353 0.0323276 0.0431035 0.0051384
2 0.627155 0.586207 0.0413793 0.0452586 0.00469971
1 0.597252 0.581897 0.0391164 0.0517242 0.00205803
1 0.450323 0.431169 0.45194 0.262662 0.00187492
2 0.57931 0.582435 0.049138 0.0517241 0.00167465
1 0.127694 0.412581 0.255388 0.306304 0.00162888
1 0.396336 0.448276 0.35431 0.242457 0.00145531
2 0.541164 0.571121 0.0556035 0.049569 0.00137234
2 0.597575 0.567888 0.0514009 0.0700431 0.00130463
1 0.126724 0.421875 0.246983 0.22306 0.00127411
1 0.228556 0.423491 0.0336207 0.122845 0.0012207
0 0.611638 0.574353 0.0323276 0.0431035 0.0012064
1 0.220797 0.433728 0.0543103 0.134698 0.00116062
2 0.598707 0.585129 0.0413793 0.049569 0.325195
2 0.619397 0.579203 0.0323276 0.0387931 0.0950317
1 0.191218 0.609914 0.033944 0.0452586 0.0152512
2 0.568319 0.578664 0.0931034 0.0538793 0.00538635
1 0.619397 0.579203 0.0323276 0.0387931 0.00332451
1 0.598707 0.585129 0.0413793 0.049569 0.0030632
2 0.624569 0.58944 0.0439655 0.044181 0.00284576
2 0.577371 0.586207 0.0478448 0.049569 0.00253105
1 0.404661 0.425108 0.342834 0.211207 0.0024147
0 0.725647 0.0440463 0.548707 0.0880927 0.00240517
0 0.619397 0.579203 0.0323276 0.0387931 0.00136662
1 0.232112 0.429957 0.0381466 0.125 0.0011692
1 0.235345 0.425108 0.0297414 0.110991 0.00109863
1 0.381142 0.459186 0.308405 0.213093 0.00106525
2 0.594828 0.586207 0.0439655 0.0517241 0.297363
2 0.612284 0.580819 0.0387931 0.049569 0.0503235
1 0.191379 0.609375 0.0310345 0.0452586 0.0143356
1 0.388901 0.447333 0.329095 0.249731 0.00985718
1 0.428664 0.430092 0.416379 0.275593 0.00926971
2 0.623922 0.592672 0.0465517 0.0409483 0.00624084
2 0.532435 0.553879 0.193319 0.0991379 0.00432968
1 0.497522 0.446255 0.538578 0.297144 0.00370789
0 0.612284 0.580819 0.0387931 0.049569 0.00307465
2 0.57931 0.584052 0.0530172 0.0538793 0.00257111
1 0.612284 0.580819 0.0387931 0.049569 0.00205803
1 0.127371 0.397764 0.254741 0.314386 0.00194168
1 0.594828 0.586207 0.0439655 0.0517241 0.00178242
1 0.532435 0.553879 0.193319 0.0991379 0.00156116
1 0.33556 0.810345 0.418966 0.288793 0.0015192
1 0.214655 0.607759 0.0426724 0.0452586 0.00107288
2 0.595474 0.584052 0.0400862 0.0538793 0.308105
2 0.613578 0.577586 0.0400862 0.0409483 0.125122
1 0.191864 0.606681 0.031681 0.0452586 0.0236053
2 0.624569 0.591595 0.0439655 0.0409483 0.0051384
2 0.565086 0.565194 0.111207 0.0646552 0.00419998
2 0.578017 0.584052 0.050431 0.0538793 0.00309944
0 0.691379 0.0721983 0.617241 0.144397 0.00201035
0 0.763793 0.751616 0.472414 0.262931 0.00196457
0 0.685237 0.157597 0.629526 0.315194 0.00184631
1 0.416703 0.418642 0.387284 0.261853 0.00146675
1 0.376293 0.443966 0.323276 0.252155 0.00135612
0 0.613578 0.577586 0.0400862 0.0409483 0.00131512
0 0.767834 0.671875 0.464332 0.16056 0.00125504
0 0.717241 0.240841 0.565517 0.481681 0.00109005
2 0.594828 0.587823 0.0387931 0.0431034 0.14563
2 0.614224 0.577586 0.0439655 0.0431035 0.0742188
1 0.191703 0.607759 0.0310345 0.0398707 0.0132217
2 0.627155 0.594289 0.0387931 0.0323276 0.00286674
2 0.553448 0.565194 0.159052 0.0635776 0.00255013
1 0.594828 0.587823 0.0387931 0.0431034 0.00211525
1 0.765086 0.670797 0.469828 0.142241 0.00134563
1 0.614224 0.577586 0.0439655 0.0431035 0.00123024
1 0.436988 0.469289 0.417834 0.296336 0.00117397
1 0.383405 0.444908 0.329741 0.243804 0.00113392
2 0.594828 0.585129 0.0387931 0.0452586 0.196167
2 0.615517 0.576509 0.0400862 0.0409483 0.190063
1 0.191056 0.606681 0.0323276 0.0409483 0.0215302
2 0.569612 0.568966 0.108621 0.0495689 0.00671768
2 0.628448 0.591595 0.0362069 0.0344828 0.00397491
1 0.594828 0.585129 0.0387931 0.0452586 0.0017004
2 0.577047 0.585129 0.0459052 0.0452586 0.0011692
1 0.381789 0.4441 0.325216 0.24111 0.0011425
1 0.615517 0.576509 0.0400862 0.0409483 0.00113392
1 0.438362 0.4934 0.431897 0.295528 0.00112057
1 0.764925 0.685345 0.470151 0.142241 0.00108147
2 0.594181 0.585129 0.0400862 0.0452586 0.212769
2 0.614224 0.579741 0.0439655 0.044181 0.11676
1 0.190248 0.608297 0.0320043 0.0431035 0.0157166
2 0.628448 0.592134 0.0349138 0.0344828 0.00468063
2 0.554418 0.569504 0.150647 0.0614224 0.00457382
1 0.594181 0.585129 0.0400862 0.0452586 0.00159168
1 0.383082 0.441676 0.330388 0.243804 0.00127888
1 0.433917 0.485453 0.435614 0.315733 0.00115108
2 0.578664 0.586207 0.0478448 0.0452586 0.00113773
1 0.614224 0.579741 0.0439655 0.044181 0.00109863
2 0.594181 0.585129 0.0400862 0.0452586 0.212036
2 0.614224 0.579741 0.0439655 0.044181 0.11676
1 0.190086 0.608836 0.0323276 0.0431035 0.0157166
2 0.628448 0.592134 0.0349138 0.0344828 0.00466537
2 0.554741 0.569504 0.15 0.0614224 0.00457382
1 0.594181 0.585129 0.0400862 0.0452586 0.0015974
1 0.383082 0.441272 0.330388 0.244612 0.00127888
1 0.434159 0.485048 0.435129 0.316541 0.00115585
2 0.578664 0.586207 0.0478448 0.0452586 0.00113392
1 0.614224 0.579741 0.0439655 0.044181 0.0011034
