2 0.710501 0.845044 0.293945 0.309911 0.911133
0 0.713912 0.842086 0.302714 0.315828 0.308105
2 0.74964 0.829142 0.248148 0.278107 0.0435181
1 0.708715 0.842825 0.296218 0.314349 0.0370483
2 0.867867 0.835059 0.153306 0.288462 0.0327148
2 0.767179 0.748521 0.380666 0.502959 0.012825
2 0.715211 0.639423 0.567751 0.366124 0.00772476
2 0.750939 0.8223 0.371572 0.355399 0.00743103
0 0.786474 0.837278 0.427052 0.325444 0.00626373
0 0.767179 0.748521 0.380666 0.502959 0.00605011
0 0.867867 0.835059 0.153306 0.288462 0.00450516
0 0.715211 0.639423 0.567751 0.366124 0.00342941
0 0.5 0.5 1 1 0.00323486
2 0.5 0.5 1 1 0.00316048
2 0.909442 0.58284 0.1637 0.298817 0.00309944
1 0.5 0.501479 1 0.997041 0.00301552
2 0.5 0.5 1 1 0.00298119
2 0.485252 0.648669 0.970504 0.702663 0.0029583
1 0.5 0.5 1 1 0.00284576
2 0.642456 0.861686 0.152007 0.244083 0.00282288
2 0.5 0.5 1 1 0.00274658
0 0.5 0.5 1 1 0.00270462
1 0.5 0.5 1 1 0.00269318
2 0.5 0.5 1 1 0.00269318
2 0.258541 0.284024 0.445626 0.519231 0.00268364
2 0.690658 0.655325 0.618684 0.553254 0.00253105
0 0.5 0.5 1 1 0.00226974
1 0.5 0.5 1 1 0.00217438
2 0.5 0.5 1 1 0.00209045
0 0.726092 0.682692 0.426463 0.383136 0.0020752
2 0.5 0.5 1 1 0.00205803
0 0.762632 0.818047 0.392359 0.363905 0.00201988
2 0.393658 0.39534 0.0675585 0.18713 0.00198746
0 0.5 0.5 1 1 0.00191212
1 0.5 0.5 1 1 0.00187492
2 0.291021 0.5 0.582043 1 0.00186729
0 0.5 0.5 1 1 0.00186729
1 0.5 0.5 1 1 0.00183868
0 0.244737 0.286982 0.468687 0.559911 0.0018177
1 0.5 0.5 1 1 0.00176811
0 0.690658 0.655325 0.618684 0.553254 0.0017271
2 0.5 0.5 1 1 0.0017004
2 0.280465 0.5 0.560931 1 0.00165462
2 0.403078 0.5 0.806155 1 0.00159168
2 0.5 0.5 1 1 0.00157928
0 0.74964 0.829142 0.248148 0.278107 0.00155449
2 0.828242 0.592456 0.265037 0.267751 0.00154305
2 0.902946 0.821006 0.189684 0.261834 0.00151253
0 0.5 0.501479 1 0.997041 0.00150681
0 0.818305 0.714497 0.363391 0.571006 0.00148964
2 0.702706 0.842456 0.293945 0.279586 0.753418
2 0.753537 0.809172 0.189684 0.227811 0.37207
0 0.214206 0.319157 0.428412 0.372781 0.0637207
2 0.212744 0.300111 0.425489 0.408654 0.0210876
0 0.702706 0.842456 0.293945 0.279586 0.0158997
1 0.214206 0.319157 0.428412 0.372781 0.0136871
2 0.779521 0.818787 0.148109 0.235207 0.0119629
2 0.307261 0.171182 0.0786017 0.0962463 0.00559998
2 0.352733 0.200629 0.144211 0.156805 0.00530243
2 0.331621 0.170904 0.136416 0.0960614 0.00526047
1 0.702706 0.842456 0.293945 0.279586 0.00477219
2 0.73275 0.79142 0.177991 0.192308 0.00359344
1 0.753537 0.809172 0.189684 0.227811 0.00318527
2 0.905351 0.83395 0.189298 0.332101 0.00266266
2 0.816681 0.845414 0.366639 0.309172 0.00234985
2 0.334626 0.302885 0.194718 0.35355 0.00218201
2 0.349485 0.229105 0.167597 0.220044 0.00206757
2 0.781957 0.835059 0.418668 0.329882 0.00205803
2 0.369623 0.222263 0.139015 0.190089 0.00190449
0 0.753537 0.809172 0.189684 0.227811 0.00182438
2 0.76455 0.836908 0.4709 0.326183 0.0018034
2 0.337143 0.83358 0.598932 0.33284 0.00170708
1 0.317655 0.806213 0.63531 0.387574 0.00165462
1 0.905351 0.83395 0.189298 0.332101 0.00159168
1 0.267148 0.349852 0.534297 0.532544 0.00154305
2 0.48785 0.669564 0.975701 0.660873 0.00153637
0 0.294919 0.254993 0.589838 0.509985 0.00153065
1 0.256105 0.485207 0.512211 0.863905 0.00153065
0 0.48785 0.669564 0.975701 0.660873 0.00148964
2 0.286474 0.172753 0.0662593 0.100499 0.00144386
1 0.294919 0.254993 0.589838 0.509985 0.00143242
2 0.731451 0.84412 0.379367 0.31176 0.00142097
1 0.48785 0.669564 0.975701 0.660873 0.00141048
2 0.267148 0.349852 0.534297 0.532544 0.00140476
2 0.845781 0.801775 0.11433 0.22929 0.00137806
0 0.278192 0.257951 0.556383 0.515902 0.00137806
2 0.261221 0.310281 0.299953 0.349852 0.00135612
0 0.331621 0.170904 0.136416 0.0960614 0.00134563
2 0.294919 0.254993 0.589838 0.509985 0.00131512
2 0.474534 0.5 0.949067 1 0.00130463
0 0.445951 0.460799 0.891902 0.921598 0.00127411
0 0.5 0.386095 1 0.772189 0.00124454
2 0.730608 0.829142 0.538783 0.341716 0.00124454
2 0.5 0.799371 1 0.401257 0.00123501
2 0.445951 0.460799 0.891902 0.921598 0.00122547
0 0.307261 0.171182 0.0786017 0.0962463 0.0012064
1 0.474534 0.5 0.949067 1 0.0012064
2 0.570807 0.831361 0.858387 0.337278 0.00118351
2 0.697672 0.740385 0.436532 0.519231 0.00117874
2 0.5 0.37574 1 0.751479 0.00117874
2 0.71716 0.834504 0.270234 0.289571 0.552734
2 0.715211 0.798817 0.255943 0.213018 0.179565
1 0.718297 0.842456 0.275756 0.315089 0.0328369
0 0.719108 0.845414 0.281927 0.309172 0.0191956
1 0.715211 0.805473 0.262439 0.224852 0.0149002
2 0.690526 0.861686 0.226061 0.276627 0.0100098
2 0.722356 0.766087 0.239053 0.148299 0.00941467
2 0.745093 0.821746 0.224762 0.25 0.00638962
2 0.642456 0.840237 0.135117 0.201183 0.00429916
0 0.373845 0.236501 0.122125 0.182322 0.00403976
0 0.715211 0.805473 0.262439 0.224852 0.00351143
2 0.661456 0.85355 0.176367 0.204142 0.00313568
1 0.682081 0.852811 0.214368 0.292899 0.0028553
0 0.682081 0.852811 0.214368 0.292899 0.00279999
2 0.904245 0.578402 0.116928 0.279586 0.00273705
2 0.918343 0.514423 0.163314 0.407544 0.00196457
1 0.722356 0.766087 0.239053 0.148299 0.00189686
0 0.131219 0.586538 0.262439 0.529586 0.00152493
2 0.890603 0.597633 0.120826 0.226331 0.00145531
2 0.904894 0.564349 0.1624 0.315089 0.00139904
1 0.0971154 0.578033 0.194231 0.543639 0.00137806
2 0.929386 0.535503 0.141227 0.378698 0.00130463
2 0.361178 0.288646 0.158503 0.384246 0.00125504
2 0.453746 0.39044 0.164349 0.202848 0.00124931
2 0.373845 0.236501 0.122125 0.182322 0.00114727
2 0.381965 0.365754 0.076653 0.240385 0.0011158
1 0.148434 0.611686 0.296868 0.542899 0.0011034
2 0.629951 0.868343 0.117253 0.213018 0.00108624
2 0.567102 0.847633 0.110432 0.214497 0.00103188
2 0.763931 0.781065 0.291021 0.315089 0.00102806
2 0.739246 0.838387 0.335194 0.323225 0.00102806
1 0.161588 0.669009 0.323177 0.661982 0.00100422
2 0.714724 0.845969 0.30109 0.308062 0.853027
1 0.280303 0.171182 0.0902946 0.113998 0.110107
0 0.387812 0.234652 0.144211 0.193417 0.0682983
2 0.282252 0.171598 0.100039 0.115754 0.0658569
2 0.176529 0.0433617 0.0483953 0.0538092 0.0594177
2 0.382615 0.399038 0.0701569 0.178994 0.0441895
2 0.292239 0.173077 0.0898074 0.0954142 0.0432129
1 0.00308561 0.835799 0.00617121 0.284024 0.0361633
0 0.281277 0.169564 0.0909442 0.117604 0.0265503
1 0.392359 0.241864 0.131219 0.178994 0.0238647
0 0.224762 0.432692 0.0604129 0.0880178 0.0233307
1 0.719109 0.842456 0.305313 0.315089 0.0212097
2 0.92893 0.637574 0.0636609 0.128698 0.016098
1 0.00312621 0.882396 0.00625241 0.235207 0.016098
2 0.40795 0.394601 0.0818497 0.136095 0.0157776
2 0.672337 0.0785873 0.0493697 0.0846893 0.0155411
2 0.349485 0.213018 0.12992 0.16716 0.0150757
2 0.37482 0.216531 0.163699 0.16605 0.0150146
1 0.37482 0.216531 0.163699 0.16605 0.0147324
1 0.672337 0.0785873 0.0493697 0.0846893 0.0129242
2 0.514484 0.519601 0.0532673 0.0525148 0.0127258
1 0.00288261 0.768491 0.00576521 0.292899 0.0125275
1 0.0974402 0.142428 0.0620369 0.113813 0.011734
2 0.224762 0.432692 0.0604129 0.0880178 0.011734
1 0.224762 0.432692 0.0604129 0.0880178 0.0115051
0 0.349485 0.213018 0.12992 0.16716 0.0109482
1 0.00783581 0.821006 0.0156716 0.357988 0.01017
2 0.403402 0.403106 0.096141 0.16568 0.00967407
2 0.201376 0.0462047 0.0948418 0.0669841 0.00941467
1 0.395607 0.191152 0.0837986 0.167992 0.00919342
2 0.166298 0.0412583 0.0565153 0.0650425 0.00891876
0 0.382615 0.399038 0.0701569 0.178994 0.00891876
2 0.68468 0.0906065 0.0792514 0.118343 0.0088501
0 0.292239 0.173077 0.0898074 0.0954142 0.00867462
0 0.0974402 0.142428 0.0620369 0.113813 0.00844574
0 0.514484 0.519601 0.0532673 0.0525148 0.00837708
1 0.292239 0.173077 0.0898074 0.0954142 0.00790405
2 0.392359 0.241864 0.131219 0.178994 0.00775528
2 0.666491 0.0705436 0.0623617 0.097818 0.00734711
0 0.359229 0.226886 0.152007 0.220784 0.00723267
2 0.341365 0.174001 0.122125 0.134246 0.00695801
1 0.341365 0.174001 0.122125 0.134246 0.00679779
2 0.395607 0.191152 0.0837986 0.167992 0.00656509
2 0.295569 0.160179 0.0844482 0.145618 0.00636292
0 0.395607 0.191152 0.0837986 0.167992 0.00616837
2 0.551836 0.522189 0.0461217 0.0532545 0.00547028
1 0.00917562 0.752219 0.0183512 0.427515 0.00540543
1 0.92893 0.637574 0.0636609 0.128698 0.00524139
1 0.0014616 0.348003 0.00292321 0.281065 0.00524139
0 0.341365 0.174001 0.122125 0.134246 0.0049057
0 0.715211 0.843935 0.281927 0.31213 0.936523
2 0.714561 0.840976 0.287124 0.310651 0.435791
0 0.377418 0.383783 0.135117 0.204327 0.0274811
0 0.39853 0.405325 0.0889954 0.155325 0.0193481
0 0.386513 0.226701 0.159802 0.206361 0.0138474
0 0.359229 0.364737 0.198778 0.26017 0.0123367
0 0.381965 0.410873 0.0909442 0.154586 0.0088501
0 0.378717 0.248105 0.185786 0.267104 0.00695801
0 0.915938 0.551035 0.155904 0.325444 0.00579834
0 0.421591 0.31213 0.138365 0.358728 0.00408554
0 0.269909 0.329512 0.281277 0.342456 0.00397491
0 0.226873 0.334412 0.381641 0.397744 0.00342941
2 0.914638 0.577663 0.12992 0.276627 0.00328636
2 0.918993 0.54253 0.162014 0.363166 0.00291252
0 0.918993 0.54253 0.162014 0.363166 0.00275803
0 0.233532 0.401257 0.143562 0.163462 0.00252151
2 0.840584 0.816568 0.103936 0.232249 0.00243378
0 0.914638 0.577663 0.12992 0.276627 0.00214958
0 0.457969 0.224852 0.184487 0.233728 0.00211525
2 0.915938 0.551035 0.155904 0.325444 0.00203514
0 0.352733 0.414201 0.135117 0.156805 0.00189686
0 0.371572 0.438609 0.076653 0.110207 0.00188255
2 0.793813 0.823225 0.168896 0.226331 0.0018177
0 0.324151 0.172152 0.131219 0.113536 0.0015974
2 0.865269 0.801775 0.106535 0.241124 0.00153637
1 0.71586 0.844859 0.270234 0.310281 0.00151253
0 0.298167 0.172152 0.083149 0.107249 0.00150681
0 0.71651 0.818047 0.19618 0.251479 0.00139904
0 0.301983 0.389793 0.243113 0.215237 0.00136662
0 0.365725 0.193463 0.166298 0.179641 0.00135136
2 0.381965 0.410873 0.0909442 0.154586 0.00130939
0 0.247985 0.390533 0.227036 0.198964 0.00126457
1 0.381965 0.410873 0.0909442 0.154586 0.00102806
2 0.722356 0.842825 0.302714 0.314349 0.941406
0 0.710501 0.839682 0.283551 0.320636 0.23584
0 0.346562 0.227441 0.215668 0.195266 0.0238647
2 0.761982 0.610207 0.385863 0.306213 0.0180206
0 0.352084 0.370192 0.170196 0.256657 0.0158386
1 0.711963 0.839127 0.288423 0.321746 0.0146179
0 0.307911 0.308617 0.294269 0.385725 0.0143356
2 0.804856 0.598743 0.298817 0.24926 0.0115051
0 0.369948 0.222633 0.150058 0.186391 0.00974274
2 0.710014 0.806213 0.285825 0.242604 0.00809479
0 0.311484 0.337278 0.216967 0.330621 0.00614548
0 0.307911 0.310836 0.615822 0.405695 0.00473785
0 0.218266 0.325074 0.436532 0.382396 0.00443268
0 0.774974 0.599852 0.368973 0.241124 0.00405502
0 0.367025 0.402367 0.101338 0.170858 0.00382423
2 0.306287 0.297707 0.577495 0.392012 0.00342941
2 0.158503 0.613166 0.317005 0.60503 0.00307465
2 0.238566 0.279956 0.477132 0.440089 0.00283432
1 0.762469 0.590976 0.460242 0.218935 0.00274658
2 0.762469 0.590976 0.460242 0.218935 0.00266266
2 0.122937 0.526997 0.245874 0.426775 0.00247192
2 0.352084 0.370192 0.170196 0.256657 0.00212479
0 0.73275 0.182692 0.454721 0.365385 0.00197983
1 0.346562 0.227441 0.215668 0.195266 0.00195694
2 0.0571649 0.54068 0.11433 0.452663 0.00189686
1 0.307911 0.308617 0.294269 0.385725 0.00183105
2 0.363452 0.400888 0.0915938 0.168639 0.00178909
2 0.184649 0.694896 0.369298 0.610207 0.00176144
1 0.755486 0.608728 0.387162 0.294379 0.00168133
2 0.904702 0.755362 0.190597 0.489275 0.00158501
2 0.13057 0.275148 0.26114 0.550296 0.00156689
1 0.352084 0.370192 0.170196 0.256657 0.00156116
2 0.897099 0.585429 0.132519 0.275888 0.00152493
0 0.349485 0.196006 0.166298 0.174556 0.00142097
0 0.286149 0.326183 0.403402 0.448225 0.00139904
0 0.289803 0.171598 0.231096 0.131287 0.00129986
0 0.342989 0.401627 0.132519 0.173077 0.00128937
0 0.759516 0.231509 0.480969 0.442308 0.0012846
2 0.906194 0.585059 0.0974402 0.258876 0.0011692
1 0.734699 0.22855 0.475508 0.442308 0.00111198
2 0.329348 0.412352 0.159152 0.174556 0.00106907
2 0.673149 0.605769 0.566127 0.315089 0.00105286
2 0.0414933 0.226331 0.0829866 0.452663 0.00104809
0 0.403078 0.341346 0.235805 0.320266 0.00104427
1 0.307911 0.310836 0.615822 0.405695 0.00104427
2 0.228984 0.318047 0.404702 0.402367 0.00103188
0 0.168572 0.898669 0.337143 0.202663 0.00101662
1 0.804856 0.598743 0.298817 0.24926 0.00100803
0 0.714724 0.837648 0.290697 0.324704 0.879883
2 0.713262 0.838942 0.292321 0.322115 0.42627
0 0.761333 0.834504 0.197479 0.316198 0.0396423
2 0.775624 0.827108 0.174093 0.289571 0.0182648
0 0.383265 0.408284 0.0760034 0.149408 0.0158386
0 0.388786 0.20784 0.133818 0.247041 0.0112457
0 0.394308 0.329512 0.106535 0.328402 0.00841522
2 0.865269 0.803254 0.109133 0.236686 0.00572968
0 0.344857 0.210984 0.226224 0.253328 0.0051384
0 0.401454 0.405695 0.0987394 0.160503 0.0050621
0 0.0108402 0.813794 0.0216804 0.372411 0.00482941
0 0.252045 0.336169 0.318305 0.309911 0.00304031
0 0.368324 0.197162 0.154605 0.217363 0.00263214
0 0.226386 0.311391 0.39106 0.386834 0.00235939
0 0.26187 0.367234 0.281765 0.238905 0.00222588
0 0.369623 0.407544 0.0915938 0.159763 0.00206757
2 0.00304501 0.188794 0.00609001 0.377589 0.00192642
0 0.38229 0.424186 0.0545665 0.108728 0.00183868
0 0.331946 0.326923 0.215018 0.33432 0.00177479
0 0.418993 0.299186 0.136416 0.392012 0.00168705
2 0.839934 0.801036 0.0857474 0.238166 0.00160408
0 0.00304501 0.188794 0.00609001 0.377589 0.00103664
2 0.713912 0.839497 0.288423 0.321006 0.607422
1 0.717322 0.834319 0.298492 0.331361 0.535156
0 0.386838 0.20747 0.153955 0.267012 0.0509033
0 0.713912 0.840052 0.29362 0.319896 0.0497742
1 0.385863 0.211122 0.148109 0.259708 0.01017
0 0.381965 0.397929 0.105235 0.180473 0.00933838
2 0.864619 0.797152 0.11433 0.237056 0.00769424
0 0.366375 0.393121 0.106535 0.196746 0.0069046
0 0.387162 0.33395 0.140314 0.337278 0.00488663
2 0.366375 0.393121 0.106535 0.196746 0.00482941
0 0.398855 0.406065 0.105235 0.170118 0.00388527
2 0.384564 0.400888 0.111731 0.184172 0.00376511
1 0.384564 0.400888 0.111731 0.184172 0.00353813
1 0.355657 0.398761 0.115629 0.19804 0.00327301
1 0.864619 0.797152 0.11433 0.237056 0.00235939
0 0.864619 0.797152 0.11433 0.237056 0.00161076
2 0.381316 0.208765 0.158503 0.267382 0.00143814
0 0.405351 0.361686 0.131219 0.272929 0.0012064
0 0.375469 0.24963 0.144861 0.29068 0.00118351
0 0.342015 0.316476 0.207223 0.374445 0.00115108
2 0.887355 0.798632 0.161101 0.254808 0.00113773
1 0.669739 0.727811 0.342989 0.328402 0.00113773
0 0.266255 0.324334 0.301577 0.394231 0.00108624
0 0.351109 0.343565 0.145511 0.360947 0.00102043
2 0.717322 0.838757 0.30109 0.322485 0.924805
2 0.873714 0.79216 0.124723 0.252959 0.0377502
2 0.359554 0.405973 0.102637 0.19693 0.00643921
0 0.722194 0.837463 0.30174 0.325074 0.00605011
2 0.379367 0.404586 0.0688577 0.180473 0.00486755
0 0.39106 0.21519 0.158503 0.280418 0.0046463
2 0.900347 0.796043 0.176692 0.27182 0.00453949
2 0.87956 0.767012 0.145511 0.315089 0.00416565
2 0.394633 0.402367 0.0714561 0.176036 0.00392914
2 0.411847 0.401535 0.089645 0.1777 0.003088
2 0.324476 0.398576 0.173444 0.226516 0.00203514
1 0.717809 0.837833 0.305313 0.324334 0.00199509
0 0.375794 0.265163 0.161751 0.385355 0.0017271
2 0.400154 0.342548 0.103936 0.308987 0.0014267
2 0.935426 0.575814 0.107834 0.324704 0.00139427
1 0.39106 0.21519 0.158503 0.280418 0.00131512
2 0.39106 0.21519 0.158503 0.280418 0.00112915
0 0.417044 0.22194 0.187085 0.30686 0.00109863
2 0.942378 0.565828 0.115243 0.372781 0.00103664
2 0.297517 0.35392 0.22736 0.332101 0.00100422
2 0.717322 0.841346 0.295893 0.317308 0.903809
0 0.714399 0.844675 0.296543 0.309172 0.0189819
1 0.713912 0.836538 0.297517 0.326923 0.00226974
0 0.385214 0.217086 0.209172 0.241124 0.00112057
2 0.724955 0.834874 0.294919 0.330251 0.918945
1 0.724955 0.834874 0.294919 0.330251 0.0144501
2 0.381316 0.409393 0.0753537 0.150888 0.00411606
0 0.724955 0.834874 0.294919 0.330251 0.00359344
2 0.865269 0.804549 0.109133 0.237056 0.00242424
0 0.387162 0.219859 0.157853 0.224482 0.00194931
2 0.403727 0.406065 0.0857474 0.140533 0.00157928
0 0.387812 0.409763 0.0760033 0.152367 0.00107765
2 0.711801 0.840237 0.299141 0.319527 0.892578
0 0.715211 0.835059 0.297517 0.325444 0.0195007
1 0.715211 0.835059 0.297517 0.325444 0.0191193
0 0.386513 0.216392 0.171495 0.249168 0.0042305
2 0.719758 0.841716 0.301415 0.310651 0.947266
0 0.379692 0.217641 0.150058 0.22892 0.00709534
2 0.711313 0.835059 0.294919 0.309172 0.924805
2 0.717322 0.831361 0.295893 0.300296 0.921875
0 0.721707 0.834135 0.29362 0.305104 0.00714874
1 0.723006 0.830621 0.281927 0.297337 0.0041008
2 0.711801 0.840052 0.293945 0.311021 0.903809
0 0.714561 0.840976 0.288423 0.309172 0.00157356
2 0.712125 0.838757 0.290697 0.316568 0.925293
2 0.715211 0.839497 0.285825 0.315089 0.908203
0 0.719108 0.84338 0.278029 0.31324 0.00294685
2 0.713912 0.839497 0.283226 0.301775 0.954102
0 0.71586 0.837093 0.281927 0.305104 0.00115585
2 0.715698 0.840237 0.286149 0.301775 0.93457
2 0.715698 0.840237 0.286149 0.301775 0.93457
