1 0.660641 0.686291 0.215832 0.218577 0.250977
2 0.947567 0.950967 0.104865 0.0980663 0.250244
1 0.173274 0.692162 0.203255 0.242749 0.24939
1 0.202525 0.687845 0.151894 0.222376 0.218018
2 0.564733 0.180939 0.133718 0.130525 0.215332
2 0.658044 0.688536 0.218428 0.230663 0.129883
2 0.702996 0.107778 0.17656 0.173256 0.128052
2 0.173274 0.692162 0.203255 0.242749 0.0648804
0 0.173274 0.692162 0.203255 0.242749 0.0592041
2 0.897731 0.070442 0.201227 0.140884 0.0564575
0 0.660154 0.689399 0.2207 0.237224 0.0432129
0 0.691961 0.112742 0.181753 0.185083 0.037262
2 0.549154 0.20701 0.150596 0.173688 0.0367737
0 0.949012 0.949586 0.0908767 0.100829 0.035614
1 0.680926 0.650553 0.179157 0.151934 0.029541
2 0.680926 0.650553 0.179157 0.151934 0.0197144
2 0.542014 0.182838 0.15449 0.14192 0.019165
1 0.137451 0.671961 0.175587 0.209945 0.0190582
1 0.071971 0.66989 0.0595566 0.165746 0.0171814
2 0.649119 0.118612 0.2947 0.188191 0.0167847
1 0.110999 0.678867 0.110999 0.196133 0.0166626
0 0.202525 0.687845 0.151894 0.222376 0.0162811
1 0.712083 0.10808 0.164876 0.172652 0.0155411
1 0.402454 0.357389 0.0525786 0.147099 0.0154877
0 0.564733 0.180939 0.133718 0.130525 0.0137405
1 0.877608 0.0835635 0.2207 0.167127 0.0127716
1 0.949012 0.949586 0.0908767 0.100829 0.0126724
1 0.455681 0.357735 0.149946 0.14779 0.0118713
1 0.138749 0.666954 0.140534 0.182666 0.0115509
0 0.893187 0.0810601 0.212911 0.16212 0.0106506
2 0.939924 0.955801 0.114245 0.0856354 0.00985718
2 0.470611 0.657459 0.173964 0.0994475 0.00891876
1 0.895784 0.0683702 0.202525 0.13674 0.0088501
2 0.201389 0.689227 0.148324 0.225138 0.00740433
0 0.542014 0.182838 0.15449 0.14192 0.00740433
2 0.137451 0.671961 0.175587 0.209945 0.0069313
2 0.431015 0.662983 0.0908766 0.0759668 0.0068512
1 0.470611 0.657459 0.173964 0.0994475 0.00674438
2 0.877608 0.0835635 0.2207 0.167127 0.00591278
0 0.649119 0.118612 0.2947 0.188191 0.00591278
2 0.94919 0.945442 0.10162 0.109116 0.00579834
1 0.58161 0.716851 0.0752978 0.171271 0.00553513
1 0.808802 0.0811464 0.114245 0.162293 0.00547028
1 0.259323 0.174378 0.0739995 0.108425 0.00518036
1 0.650255 0.713398 0.192464 0.178177 0.00475693
2 0.954383 0.939227 0.0912338 0.121547 0.00469971
1 0.711434 0.65038 0.135017 0.149517 0.0046463
1 0.481971 0.440608 0.0720522 0.0483426 0.00446701
0 0.470611 0.657459 0.173964 0.0994475 0.00443268
1 0.8101 0.526934 0.0752978 0.100829 0.00436401
1 0.66275 0.680767 0.211613 0.229627 0.469727
1 0.183051 0.683011 0.16942 0.203039 0.280518
1 0.707539 0.101174 0.155789 0.188191 0.217285
1 0.121426 0.645718 0.093392 0.128453 0.083313
1 0.208043 0.696823 0.126578 0.21547 0.0623169
0 0.707539 0.101174 0.155789 0.188191 0.0438538
1 0.113961 0.65884 0.0966375 0.165746 0.0188293
2 0.710785 0.102383 0.135017 0.167472 0.0153046
1 0.723118 0.103419 0.137613 0.15297 0.0151291
0 0.66275 0.680767 0.211613 0.229627 0.0151291
1 0.72896 0.0992749 0.180455 0.19855 0.0134811
1 0.667943 0.657459 0.201227 0.168508 0.0121002
0 0.183051 0.683011 0.16942 0.203039 0.0100555
2 0.162645 0.684392 0.189462 0.230663 0.00717545
1 0.642465 0.709945 0.174288 0.190608 0.00709534
2 0.658206 0.689399 0.215507 0.226174 0.00677109
1 0.702996 0.104886 0.193437 0.209772 0.00469971
0 0.668592 0.10398 0.283016 0.206405 0.00400543
2 0.193275 0.689054 0.159359 0.218577 0.00383949
0 0.702996 0.104886 0.193437 0.209772 0.00380898
1 0.441725 0.741022 0.430366 0.324586 0.00356483
1 0.208043 0.729282 0.128526 0.157459 0.00337601
1 0.668592 0.10398 0.283016 0.206405 0.00332451
2 0.113961 0.65884 0.0966375 0.165746 0.00271416
0 0.205608 0.685083 0.13599 0.225138 0.00257111
1 0.181753 0.718232 0.177859 0.185083 0.00255013
1 0.120412 0.686464 0.108078 0.171271 0.00251198
1 0.638895 0.660048 0.264516 0.315262 0.00248146
1 0.601733 0.32942 0.43491 0.369475 0.00240517
1 0.730259 0.116713 0.276525 0.233425 0.00239754
1 0.653013 0.147445 0.0739995 0.0880525 0.00211525
0 0.72896 0.0992749 0.180455 0.19855 0.0020504
2 0.511506 0.396064 0.180455 0.119475 0.00177479
1 0.405375 0.723757 0.349875 0.262431 0.00176144
1 0.799714 0.0864986 0.0830872 0.167818 0.00173378
1 0.757862 0.661602 0.484275 0.31768 0.00172043
1 0.906348 0.122756 0.187303 0.245511 0.00170708
0 0.119438 0.65625 0.0941222 0.154351 0.00168705
1 0.813524 0.674724 0.372951 0.448895 0.00168133
2 0.947713 0.951657 0.0934731 0.0911602 0.00165462
2 0.571549 0.176796 0.104508 0.0994475 0.00163555
2 0.5 0.648481 1 0.703039 0.00162888
2 0.5 0.569579 1 0.860843 0.00162315
0 0.4969 0.809392 0.993801 0.381215 0.00160408
1 0.4969 0.809392 0.993801 0.381215 0.00157928
0 0.64847 0.194579 0.467366 0.389157 0.00153637
1 0.867401 0.114986 0.265198 0.229972 0.00152493
1 0.5 0.569579 1 0.860843 0.00146675
2 0.5 0.5 1 1 0.00146103
0 0.5 0.569579 1 0.860843 0.00143814
1 0.717925 0.10221 0.133718 0.165055 0.705566
1 0.661939 0.683011 0.218428 0.227901 0.694336
1 0.210314 0.69078 0.151894 0.239986 0.529297
1 0.188569 0.660912 0.182402 0.167127 0.237915
1 0.155788 0.640193 0.0902275 0.129834 0.0411377
1 0.947713 0.95442 0.0830872 0.089779 0.0255585
1 0.684171 0.147963 0.127227 0.0973757 0.0225372
2 0.550453 0.178004 0.127227 0.103936 0.0173798
1 0.0944468 0.717541 0.0613417 0.0870166 0.0143356
1 0.454059 0.0564572 0.0915258 0.0825276 0.0139542
1 0.358638 0.21547 0.043491 0.0538674 0.0129242
1 0.398559 0.310773 0.0402454 0.0607735 0.0126724
1 0.432962 0.653315 0.0499821 0.0538674 0.0117798
2 0.715978 0.10739 0.131122 0.162983 0.0111618
2 0.458278 0.0549033 0.0934731 0.0811464 0.0110321
1 0.0931891 0.683011 0.0648307 0.160221 0.0110321
1 0.122521 0.643646 0.0697803 0.10221 0.0103302
1 0.663399 0.640711 0.225893 0.168854 0.0102463
1 0.890591 0.6673 0.166174 0.239986 0.00952148
1 0.0754601 0.703039 0.0483593 0.0911602 0.00828552
2 0.662101 0.660912 0.215507 0.172652 0.00806427
1 0.0735127 0.664365 0.0652364 0.131215 0.00743103
1 0.400506 0.385014 0.0415436 0.0842541 0.00709534
1 0.714031 0.063018 0.157087 0.0963398 0.00706482
1 0.397261 0.127072 0.054526 0.054558 0.00674438
1 0.458278 0.879834 0.15449 0.198895 0.00634003
1 0.426471 0.208218 0.115543 0.0814917 0.00624084
0 0.184025 0.69337 0.187595 0.237569 0.00591278
1 0.483593 0.44337 0.0441401 0.0511049 0.00572968
1 0.554996 0.174206 0.103859 0.0984116 0.00538635
1 0.403103 0.353246 0.0454383 0.135359 0.00521851
1 0.635487 0.725138 0.16228 0.149171 0.00518036
0 0.214696 0.694579 0.134043 0.218577 0.00500107
1 0.608873 0.711326 0.119438 0.18232 0.00496292
1 0.824381 0.688018 0.109052 0.212362 0.00492477
1 0.83217 0.663674 0.160981 0.222376 0.00457382
1 0.130148 0.639503 0.081789 0.138122 0.00443268
2 0.432962 0.653315 0.0499821 0.0538674 0.00441742
1 0.152705 0.701485 0.234656 0.3125 0.00432968
0 0.550453 0.178004 0.127227 0.103936 0.00407028
1 0.826977 0.0832182 0.124631 0.165746 0.00399017
1 0.468015 0.194924 0.101263 0.117058 0.00385475
1 0.503716 0.0618094 0.0499821 0.0728591 0.00372124
2 0.503716 0.0618094 0.0499821 0.0728591 0.00365067
1 0.87631 0.219268 0.109052 0.0794199 0.00359344
1 0.520269 0.191298 0.151245 0.118094 0.00327301
1 0.527409 0.431285 0.0947713 0.0759669 0.00322342
1 0.472558 0.847376 0.190841 0.254144 0.00314713
0 0.715978 0.10739 0.131122 0.162983 0.00298119
1 0.8841 0.225138 0.120736 0.101519 0.00296974
1 0.715329 0.103936 0.145403 0.163329 0.85498
1 0.662101 0.687845 0.223297 0.225138 0.85498
1 0.201551 0.689227 0.146052 0.245856 0.79834
1 0.171692 0.687155 0.204472 0.234807 0.548828
1 0.400506 0.368785 0.04414 0.120166 0.110107
1 0.100005 0.711326 0.0713219 0.0994476 0.0977173
1 0.969783 0.194924 0.054526 0.0825276 0.0963745
1 0.578689 0.171961 0.101912 0.104972 0.0739746
1 0.0503878 0.128798 0.100776 0.257597 0.0658569
1 0.812048 0.0861533 0.114245 0.172307 0.0562439
1 0.153354 0.649862 0.0924994 0.14779 0.053009
1 0.688066 0.141575 0.145403 0.118094 0.0503235
2 0.45698 0.0624568 0.098666 0.0836499 0.0462036
1 0.100776 0.667818 0.0850346 0.180939 0.0386047
1 0.915257 0.230318 0.0701048 0.0828729 0.0372009
1 0.47126 0.445442 0.0584207 0.0400553 0.035675
1 0.359936 0.217196 0.0460874 0.0531768 0.0352783
1 0.0749732 0.674724 0.0590698 0.146409 0.0298767
1 0.907468 0.237914 0.0830872 0.070442 0.0287628
1 0.0447892 0.103073 0.0895784 0.206146 0.0284424
2 0.5894 0.406077 0.049333 0.0808011 0.0263519
1 0.838012 0.538674 0.0480348 0.073895 0.0263519
1 0.430366 0.662983 0.0454383 0.0524862 0.0239563
2 0.676382 0.434392 0.0597189 0.0428177 0.0227966
1 0.822433 0.533149 0.0415436 0.0690608 0.0216217
1 0.0631268 0.656077 0.0804907 0.165746 0.0207977
1 0.0470611 0.129834 0.0941222 0.259668 0.0206451
1 0.849047 0.54558 0.0675083 0.0759669 0.0205688
1 0.396612 0.314917 0.0441401 0.0600829 0.0191956
1 0.114529 0.649344 0.0857648 0.132251 0.0189819
1 0.630781 0.157459 0.101587 0.0856353 0.0184784
1 0.760767 0.526934 0.0532277 0.0331492 0.0173035
1 0.0808964 0.952348 0.161793 0.0953039 0.0152512
1 0.547532 0.185428 0.105806 0.111188 0.0147324
1 0.732206 0.104972 0.135017 0.200276 0.0136871
1 0.226705 0.71547 0.105482 0.218232 0.0134277
1 0.852293 0.214779 0.0636137 0.0441989 0.0132217
2 0.505014 0.0681975 0.054526 0.0735497 0.0131683
1 0.297296 0.274171 0.0558242 0.0580111 0.0130692
1 0.0535523 0.643646 0.107105 0.234807 0.012825
2 0.580961 0.170235 0.101263 0.109116 0.0126266
1 0.923047 0.22203 0.0688066 0.086326 0.0124283
1 0.29827 0.280387 0.0460874 0.0593923 0.0106506
2 0.430366 0.662983 0.0454383 0.0524862 0.0106506
1 0.73675 0.0921961 0.189543 0.180249 0.0106125
0 0.5894 0.406077 0.049333 0.0808011 0.0105667
1 0.469962 0.894337 0.122034 0.146409 0.0102921
1 0.871117 0.0795925 0.236279 0.159185 0.0100937
1 0.471585 0.389503 0.136964 0.117403 0.00933838
1 0.0623965 0.654523 0.114083 0.168854 0.00930023
1 0.663399 0.683011 0.219402 0.227901 0.824219
1 0.20285 0.694579 0.143455 0.226865 0.726562
1 0.712732 0.10562 0.155789 0.176191 0.525391
1 0.717276 0.0939227 0.137613 0.13605 0.0451965
1 0.398883 0.316989 0.0454383 0.0593923 0.0310211
1 0.158385 0.649862 0.121385 0.135359 0.0171051
0 0.917059 0.663674 0.165882 0.25 0.0165253
1 0.129661 0.648481 0.0912012 0.127072 0.014061
1 0.671189 0.150725 0.098666 0.0759668 0.0132217
1 0.402454 0.358425 0.0460874 0.132597 0.0104065
1 0.168771 0.668508 0.211613 0.168508 0.0100937
0 0.946415 0.952003 0.0947713 0.0959945 0.00871277
1 0.475155 0.445787 0.0519295 0.0366022 0.00701141
2 0.715329 0.0928867 0.147999 0.141229 0.00568771
2 0.396936 0.0416091 0.0395962 0.0341851 0.00544739
0 0.596053 0.401934 0.0697803 0.0883978 0.00479126
1 0.834767 0.0899517 0.138911 0.175069 0.00468063
0 0.919152 0.669199 0.116841 0.233425 0.00455475
2 0.456655 0.054817 0.092824 0.0581837 0.00453949
1 0.823083 0.527624 0.0389471 0.0759668 0.00385475
1 0.431664 0.66989 0.0467365 0.0566299 0.00332451
1 0.815942 0.520373 0.0558242 0.0946132 0.00322342
2 0.596053 0.401934 0.0697803 0.0883978 0.00311089
1 0.836065 0.535912 0.0467365 0.0814917 0.003088
1 0.0752978 0.67058 0.0645873 0.143646 0.00255013
2 0.304437 0.038674 0.0441401 0.0383287 0.00253105
2 0.945117 0.959254 0.0791924 0.0814917 0.00214005
1 0.0905521 0.955111 0.172016 0.0897791 0.00209999
2 0.272954 0.0385014 0.0577716 0.0476519 0.00206757
1 0.945117 0.959254 0.0791924 0.0814917 0.00206757
0 0.201876 0.689227 0.14021 0.254144 0.00201035
1 0.917059 0.663674 0.165882 0.25 0.00190449
1 0.16942 0.73895 0.224595 0.292818 0.00188923
1 0.069618 0.656077 0.0662101 0.140884 0.00185299
1 0.881033 0.0861533 0.237935 0.172307 0.00176144
1 0.806205 0.090297 0.0882801 0.164019 0.0016613
1 0.850345 0.540401 0.0778943 0.0946133 0.0016613
0 0.715329 0.0928867 0.147999 0.141229 0.00154305
1 0.668592 0.718232 0.234981 0.179558 0.0015192
2 0.221025 0.0378971 0.0512804 0.0612914 0.00150108
1 0.396936 0.0416091 0.0395962 0.0341851 0.00145531
1 0.308656 0.267265 0.049333 0.0469613 0.00144386
1 0.507611 0.381906 0.201227 0.145028 0.00142097
0 0.664535 0.687155 0.210639 0.230663 0.00141621
0 0.571224 0.397099 0.0467365 0.0925414 0.00139904
1 0.971909 0.192334 0.0561813 0.0808011 0.00130939
0 0.183376 0.694579 0.19149 0.224102 0.00130463
2 0.616014 0.406768 0.101263 0.0801105 0.00128937
1 0.563435 0.173515 0.147999 0.120511 0.00127411
1 0.834767 0.528315 0.0597189 0.114641 0.00125504
1 0.654961 0.685256 0.22849 0.239986 0.892578
1 0.197981 0.683874 0.161631 0.262086 0.804199
1 0.704943 0.10398 0.172666 0.172566 0.73877
1 0.137289 0.688536 0.108727 0.23895 0.341553
1 0.125442 0.644855 0.0798416 0.146754 0.0803833
0 0.95031 0.947514 0.0921749 0.104972 0.0726318
1 0.399533 0.313191 0.0369998 0.0504144 0.0572815
2 0.823083 0.526243 0.049333 0.0877072 0.029541
2 0.137289 0.688536 0.108727 0.23895 0.0269623
0 0.572523 0.396409 0.0636136 0.11326 0.0232391
2 0.125442 0.644855 0.0798416 0.146754 0.0197906
1 0.40148 0.354972 0.0395962 0.13674 0.0185394
1 0.0941628 0.632597 0.151164 0.236188 0.016983
2 0.181064 0.688536 0.20001 0.251381 0.0151901
0 0.198306 0.679558 0.166174 0.274862 0.0106964
1 0.87941 0.0954765 0.24118 0.190953 0.00963593
0 0.539418 0.392956 0.14021 0.131215 0.00963593
2 0.782837 0.524862 0.0675083 0.0462707 0.00933838
1 0.114894 0.660912 0.101912 0.183702 0.00919342
0 0.658206 0.683874 0.227192 0.245511 0.00898743
1 0.823083 0.526243 0.049333 0.0877072 0.0086441
0 0.899679 0.659012 0.155789 0.245511 0.00775528
2 0.0902681 0.638812 0.134286 0.205801 0.00701141
2 0.0847506 0.640711 0.0901464 0.171616 0.00674438
2 0.830872 0.528315 0.054526 0.10221 0.00664139
2 0.577391 0.395373 0.065561 0.105663 0.00619125
0 0.740498 0.987569 0.519003 0.0248619 0.00591278
0 0.274902 0.97721 0.549804 0.0455801 0.00548935
2 0.899679 0.665055 0.168771 0.276243 0.00527954
2 0.114894 0.660912 0.101912 0.183702 0.00518036
1 0.12459 0.624309 0.109782 0.252762 0.0050621
0 0.960225 0.951657 0.0795496 0.0939227 0.00498199
1 0.838012 0.0921961 0.157087 0.184392 0.00486755
0 0.125442 0.644855 0.0798416 0.146754 0.00482941
0 0.785937 0.992749 0.428126 0.0145028 0.00468063
1 0.969783 0.184047 0.0441401 0.0642265 0.0046463
1 0.643763 0.102037 0.309305 0.186464 0.00457382
0 0.137289 0.688536 0.108727 0.23895 0.00457382
2 0.960225 0.951657 0.0795496 0.0939227 0.00438309
1 0.435559 0.660221 0.0415436 0.0497238 0.00426483
1 0.95031 0.947514 0.0921749 0.104972 0.00426483
1 0.0847506 0.640711 0.0901464 0.171616 0.00424957
2 0.95031 0.947514 0.0921749 0.104972 0.0042305
2 0.804258 0.535566 0.0882802 0.111188 0.00411606
0 0.826507 0.977901 0.346987 0.0441989 0.00403976
2 0.435559 0.660221 0.0415436 0.0497238 0.00376511
2 0.969783 0.184047 0.0441401 0.0642265 0.00367928
1 0.960225 0.951657 0.0795496 0.0939227 0.00352478
0 0.230762 0.985497 0.461523 0.0290055 0.00345612
1 0.804258 0.535566 0.0882802 0.111188 0.00336266
1 0.663399 0.677486 0.218104 0.245856 0.834473
1 0.202525 0.684392 0.146701 0.245856 0.796875
1 0.715329 0.10739 0.135017 0.17058 0.449463
1 0.129824 0.653488 0.0739995 0.146064 0.177246
1 0.647658 0.109461 0.304112 0.17058 0.0518494
1 0.824381 0.537638 0.0428419 0.0587016 0.0255585
1 0.732206 0.0973325 0.0960696 0.143042 0.0213623
0 0.660803 0.678867 0.221999 0.245856 0.0130234
0 0.95031 0.945787 0.0960695 0.108425 0.00978088
1 0.139723 0.675242 0.0717276 0.21029 0.00905609
1 0.680276 0.651934 0.179157 0.19337 0.0085144
1 0.402454 0.367058 0.0428418 0.11395 0.008255
1 0.8101 0.546961 0.0675083 0.0745857 0.00766754
1 0.707539 0.103246 0.181753 0.186809 0.00605011
0 0.206582 0.675414 0.150271 0.28453 0.00538635
0 0.129824 0.653488 0.0739995 0.146064 0.00502014
1 0.403103 0.3125 0.0389471 0.0517956 0.00500107
0 0.710136 0.102037 0.158385 0.178522 0.0049057
0 0.58161 0.401934 0.0688066 0.103591 0.00488663
1 0.693908 0.103419 0.591996 0.206837 0.00385475
1 0.360261 0.215642 0.038298 0.0500691 0.0036068
1 0.124955 0.641575 0.0707539 0.107735 0.00348282
0 0.187433 0.69337 0.181429 0.243094 0.00318527
0 0.647658 0.109461 0.304112 0.17058 0.00305176
1 0.781539 0.530732 0.0973678 0.0531768 0.00290108
1 0.832819 0.538674 0.0467366 0.0628453 0.00271416
1 0.784135 0.585635 0.0804907 0.145028 0.00258064
1 0.181266 0.703039 0.192464 0.243094 0.00253105
1 0.0688066 0.68232 0.0610172 0.107735 0.00236893
1 0.554023 0.16471 0.14735 0.11326 0.00188923
0 0.933611 0.939227 0.132777 0.121547 0.0016489
0 0.967836 0.924033 0.0636137 0.149171 0.00150108
1 0.635974 0.102987 0.332673 0.205974 0.00149536
2 0.647658 0.109461 0.304112 0.17058 0.00148964
1 0.544611 0.110497 0.562137 0.220994 0.0014782
1 0.0459252 0.63674 0.0856837 0.18232 0.00146103
0 0.550453 0.169544 0.149297 0.116713 0.00144386
1 0.460225 0.446823 0.081789 0.0414365 0.00144386
1 0.0453572 0.15038 0.0907143 0.30076 0.00139904
2 0.711434 0.10044 0.153192 0.160998 0.00130939
1 0.77375 0.619475 0.0804907 0.171271 0.00130463
1 0.681575 0.139157 0.22849 0.117749 0.00123501
1 0.549804 0.0617231 0.571224 0.123446 0.00122547
1 0.0632891 0.644337 0.0791925 0.127072 0.00117874
2 0.950488 0.94337 0.0990232 0.11326 0.00115585
1 0.815293 0.513122 0.0701047 0.100829 0.00107765
1 0.431989 0.668508 0.0499821 0.0635359 0.00104427
1 0.819837 0.0887431 0.112947 0.177486 0.00102806
1 0.110999 0.669199 0.0769206 0.118784 0.00102425
1 0.656908 0.674724 0.227192 0.258287 0.934082
1 0.194411 0.689399 0.153841 0.264848 0.869629
1 0.71468 0.107562 0.133718 0.181285 0.753418
1 0.131771 0.683011 0.0727013 0.226519 0.503906
0 0.950959 0.944061 0.0934731 0.111878 0.0690308
1 0.132096 0.640884 0.0752978 0.135359 0.0564575
1 0.397585 0.350829 0.0486839 0.131215 0.0316162
1 0.397261 0.32424 0.043491 0.086326 0.0278015
1 0.823083 0.0918508 0.124631 0.183702 0.0164642
1 0.162604 0.652624 0.135017 0.255525 0.0138474
2 0.431989 0.663674 0.043491 0.0607734 0.0127716
1 0.947713 0.946823 0.0960696 0.106354 0.0122375
2 0.587452 0.394682 0.0597189 0.100829 0.0117798
1 0.0579338 0.122756 0.100289 0.245511 0.0115509
1 0.0673461 0.657631 0.0701048 0.19855 0.0104904
2 0.129824 0.6452 0.0756223 0.137776 0.00901794
1 0.856837 0.214779 0.0856836 0.0552486 0.00894928
1 0.113961 0.666954 0.0797605 0.188191 0.00837708
2 0.716627 0.109289 0.13242 0.181285 0.00751877
1 0.0756223 0.646409 0.111324 0.226519 0.00737381
1 0.431989 0.663674 0.043491 0.0607734 0.00701141
0 0.859433 0.770718 0.109052 0.190608 0.00631332
1 0.819188 0.524862 0.0519295 0.0953039 0.00616837
0 0.716627 0.109289 0.13242 0.181285 0.00605011
1 0.0597189 0.167127 0.119438 0.334254 0.00572968
1 0.859433 0.770718 0.109052 0.190608 0.0055542
2 0.0673461 0.657631 0.0701048 0.19855 0.00547028
1 0.0794359 0.195269 0.139723 0.390539 0.00538635
0 0.965889 0.925414 0.0597189 0.133978 0.00538635
2 0.675083 0.426796 0.054526 0.0476519 0.0053215
2 0.131771 0.683011 0.0727013 0.226519 0.00498199
2 0.911363 0.662293 0.123333 0.220994 0.0049057
1 0.971082 0.185083 0.0506313 0.0821823 0.00443268
0 0.573821 0.393992 0.0558242 0.111878 0.00443268
0 0.587452 0.394682 0.0597189 0.100829 0.00443268
2 0.391419 0.0441989 0.0623154 0.0504144 0.00436401
1 0.915257 0.226692 0.0675083 0.0638812 0.00416565
2 0.573821 0.393992 0.0558242 0.111878 0.00416565
0 0.911363 0.662293 0.123333 0.220994 0.00416565
1 0.83996 0.755525 0.129824 0.218232 0.00416565
1 0.802311 0.544199 0.0830872 0.128453 0.0041008
1 0.0571224 0.647617 0.103859 0.218577 0.00385475
1 0.111973 0.627762 0.13599 0.234807 0.00380898
1 0.910064 0.656077 0.142806 0.237569 0.00356483
1 0.476453 0.447514 0.0480348 0.0400553 0.00352478
1 0.833468 0.774171 0.168771 0.19337 0.00346947
2 0.458278 0.0621547 0.0921748 0.0835635 0.00335121
1 0.664048 0.148826 0.0830872 0.0935774 0.00335121
2 0.646522 0.419199 0.0727013 0.0621547 0.00325966
1 0.100654 0.219959 0.179076 0.439917 0.00323486
1 0.665996 0.678004 0.223297 0.257251 0.84375
1 0.199117 0.683702 0.150271 0.266575 0.779785
1 0.711434 0.107778 0.157087 0.184306 0.647949
1 0.131122 0.680249 0.0710785 0.225138 0.406494
1 0.12674 0.643819 0.0801662 0.135014 0.0670776
1 0.821784 0.0911602 0.122034 0.18232 0.0603027
1 0.0542826 0.109289 0.108565 0.218577 0.0598755
1 0.816591 0.531077 0.0519295 0.082873 0.0298767
1 0.394664 0.328039 0.0467366 0.0911602 0.0287628
0 0.585505 0.396409 0.0558242 0.118785 0.0244293
1 0.397261 0.357389 0.0558242 0.149171 0.0233307
1 0.845153 0.210635 0.0675084 0.0538674 0.0167236
1 0.793223 0.609116 0.106455 0.226519 0.0167236
1 0.0751355 0.661602 0.0931485 0.186464 0.016098
1 0.970611 0.195787 0.0587778 0.104282 0.0133286
1 0.0727013 0.123791 0.111324 0.247583 0.0122375
1 0.836065 0.538674 0.0519295 0.0980663 0.0115967
2 0.664048 0.683011 0.233683 0.244475 0.0115967
2 0.716627 0.109116 0.145403 0.172652 0.0115509
1 0.0955827 0.649862 0.141832 0.185083 0.0111618
2 0.427445 0.656077 0.0363506 0.0441989 0.0106506
1 0.776346 0.524171 0.114245 0.0697514 0.00993347
0 0.186784 0.687673 0.179481 0.262776 0.00930023
1 0.112947 0.667818 0.102885 0.190608 0.00871277
2 0.12674 0.643819 0.0801662 0.135014 0.0085144
2 0.0751355 0.661602 0.0931485 0.186464 0.00806427
2 0.131122 0.680249 0.0710785 0.225138 0.00803375
1 0.474506 0.447514 0.0597189 0.0428177 0.00793457
1 0.826977 0.132251 0.106455 0.139503 0.0078125
0 0.851644 0.76105 0.127227 0.21547 0.00757599
2 0.585505 0.396409 0.0558242 0.118785 0.00701141
2 0.188894 0.694751 0.17656 0.254144 0.00674438
1 0.117328 0.626381 0.120412 0.197514 0.0064888
0 0.820486 0.772099 0.18435 0.198895 0.0064888
1 0.858135 0.57424 0.106456 0.169199 0.00526047
1 0.820486 0.0965988 0.14021 0.193198 0.0049057
1 0.969134 0.191989 0.0506312 0.0835636 0.00457382
2 0.0955827 0.649862 0.141832 0.185083 0.00448608
0 0.878907 0.694061 0.114245 0.288674 0.00445175
1 0.916556 0.227728 0.0739996 0.0735497 0.00426483
0 0.705592 0.109073 0.151894 0.172738 0.00405502
1 0.83996 0.0953902 0.166174 0.19078 0.00379562
0 0.953085 0.939572 0.0938302 0.120856 0.00378036
1 0.820486 0.772099 0.18435 0.198895 0.00293541
1 0.807504 0.524171 0.0752978 0.109116 0.00291252
1 0.78089 0.625691 0.105157 0.198895 0.00284576
1 0.932784 0.219095 0.0739995 0.097721 0.00271416
1 0.427445 0.656077 0.0363506 0.0441989 0.00261116
0 0.397261 0.357389 0.0558242 0.149171 0.00256157
1 0.202038 0.628453 0.15871 0.298343 0.00237846
1 0.659342 0.681112 0.218428 0.245511 0.760742
1 0.19863 0.687155 0.152543 0.244475 0.750488
1 0.711434 0.110195 0.158385 0.168422 0.57959
2 0.193437 0.693198 0.16228 0.243439 0.0173035
1 0.127876 0.637431 0.0908766 0.127072 0.0108566
1 0.159034 0.639675 0.0915257 0.137776 0.00997162
0 0.719224 0.109461 0.142806 0.170925 0.00841522
0 0.956152 0.948895 0.0830872 0.0980663 0.0068512
1 0.0650742 0.648999 0.0577716 0.11913 0.00572968
2 0.0650742 0.648999 0.0577716 0.11913 0.00475693
1 0.821784 0.0918508 0.122034 0.183702 0.00426483
1 0.0899029 0.645718 0.145078 0.140884 0.00411606
1 0.400506 0.315262 0.0376489 0.0490332 0.00379562
1 0.163902 0.68491 0.201876 0.215815 0.00372124
1 0.702346 0.14779 0.155789 0.089779 0.00359344
1 0.402778 0.380525 0.0447892 0.0732044 0.00351143
2 0.661452 0.680767 0.2207 0.240677 0.00327301
2 0.127876 0.637431 0.0908766 0.127072 0.00322342
1 0.141792 0.671961 0.146782 0.187845 0.00317192
2 0.719224 0.109461 0.142806 0.170925 0.00313568
1 0.473857 0.446823 0.0636136 0.0414365 0.00273705
2 0.159034 0.639675 0.0915257 0.137776 0.00245285
1 0.97238 0.185428 0.049333 0.0673342 0.00233269
0 0.205122 0.682148 0.157087 0.254489 0.00225258
0 0.658206 0.680249 0.2207 0.234807 0.00214958
1 0.955503 0.949931 0.0830872 0.100138 0.00189686
1 0.13952 0.672825 0.237659 0.248273 0.00164223
2 0.395962 0.0404869 0.0441401 0.0460981 0.00161076
2 0.0722145 0.661602 0.0554997 0.153315 0.00137806
2 0.141792 0.671961 0.146782 0.187845 0.00136662
1 0.0722145 0.661602 0.0554997 0.153315 0.0012598
2 0.432962 0.660221 0.0318068 0.0441989 0.00121593
1 0.403427 0.343923 0.0441401 0.0994475 0.00116539
1 0.81789 0.0984116 0.144104 0.196823 0.00112057
2 0.954205 0.947514 0.0856836 0.10221 0.00109863
1 0.124955 0.613087 0.109701 0.188191 0.00105667
1 0.201227 0.680249 0.157736 0.266575 0.84375
1 0.661452 0.674724 0.219402 0.266575 0.831055
1 0.714031 0.1048 0.158385 0.171961 0.517578
1 0.144429 0.674206 0.0980169 0.234461 0.332764
1 0.50112 0.901934 0.0571225 0.0828729 0.101257
1 0.127552 0.632597 0.0837363 0.143646 0.0440063
1 0.69975 0.130525 0.155788 0.115332 0.0311432
1 0.0598812 0.118267 0.104508 0.236533 0.0148392
1 0.404401 0.356699 0.0551751 0.138122 0.0145035
1 0.82503 0.526934 0.0506312 0.109116 0.0136337
1 0.359612 0.912293 0.0642628 0.114641 0.0109024
1 0.0619097 0.643646 0.0712408 0.165746 0.0106964
1 0.124347 0.604282 0.100532 0.212707 0.0102463
1 0.144591 0.54489 0.0834118 0.10221 0.00787354
1 0.403752 0.337017 0.0441401 0.103591 0.00706482
1 0.816591 0.542818 0.0701048 0.142265 0.00666809
1 0.428418 0.668508 0.0415436 0.0635359 0.0055542
0 0.586803 0.395718 0.076596 0.125691 0.00481033
1 0.972883 0.194061 0.054234 0.093232 0.00475693
1 0.582909 0.394337 0.0701048 0.160221 0.0046463
1 0.0768394 0.128108 0.122521 0.256215 0.00460815
1 0.833468 0.529696 0.054526 0.120166 0.0041008
1 0.304437 0.780387 0.149297 0.345304 0.0041008
1 0.577716 0.720994 0.0869819 0.209945 0.00351143
1 0.426471 0.675414 0.0467365 0.0883978 0.00346947
1 0.482295 0.453729 0.0830872 0.077348 0.00309944
1 0.0468177 0.108512 0.0936354 0.217023 0.00282288
1 0.183051 0.550069 0.144104 0.388812 0.00261116
0 0.952906 0.946133 0.0934731 0.107735 0.0024929
1 0.855539 0.794199 0.0830872 0.127072 0.00226974
1 0.224595 0.677486 0.164876 0.291436 0.0020752
0 0.65707 0.677486 0.225569 0.273481 0.00204277
1 0.575768 0.400898 0.0714031 0.130525 0.00198746
1 0.0855214 0.639503 0.145727 0.256906 0.00194931
1 0.834767 0.527279 0.0675084 0.145718 0.00184631
1 0.491058 0.874309 0.087631 0.157459 0.0018177
1 0.14021 0.270373 0.186622 0.358425 0.0017271
1 0.516374 0.861878 0.0772451 0.176796 0.00171375
1 0.360261 0.219268 0.0402454 0.0593923 0.00168705
1 0.0490085 0.641575 0.0746486 0.14779 0.00168133
1 0.930836 0.218232 0.0882801 0.114641 0.00164223
1 0.866574 0.0925414 0.216806 0.185083 0.00162315
1 0.845802 0.216851 0.0688066 0.0628453 0.00157356
1 0.212424 0.639503 0.160657 0.374309 0.00155449
1 0.834767 0.0921098 0.144104 0.18422 0.0015192
1 0.344033 0.904696 0.0869819 0.132597 0.00150108
1 0.67768 0.145028 0.111648 0.0918508 0.00146675
1 0.937328 0.213743 0.0675084 0.101519 0.00138283
1 0.142441 0.349102 0.152624 0.232735 0.00137806
1 0.706241 0.0896927 0.275226 0.179385 0.00137234
1 0.203986 0.687845 0.145078 0.256906 0.842773
1 0.66275 0.674724 0.229788 0.256906 0.82666
1 0.710136 0.111188 0.155788 0.184047 0.592773
1 0.734802 0.108771 0.114245 0.181975 0.105591
1 0.733504 0.112612 0.168771 0.218146 0.0306702
1 0.822433 0.0953902 0.131122 0.19078 0.0202484
1 0.826328 0.535566 0.0480347 0.0842541 0.00695801
1 0.81724 0.550414 0.0675083 0.111878 0.00466537
1 0.123373 0.638812 0.0914446 0.151934 0.00356483
1 0.826977 0.523135 0.054526 0.116022 0.00335121
0 0.661452 0.677486 0.227192 0.259668 0.00245285
1 0.303138 0.77279 0.150596 0.324586 0.0018034
1 0.405699 0.365331 0.0480348 0.127072 0.00170708
1 0.791925 0.101001 0.160981 0.202003 0.00160408
1 0.114529 0.624482 0.117572 0.220649 0.00156116
2 0.71468 0.109634 0.141508 0.178522 0.00152493
1 0.0675895 0.133633 0.12739 0.267265 0.00136662
2 0.659667 0.676796 0.230762 0.267956 0.00126457
1 0.0832495 0.656077 0.104833 0.187845 0.00117874
1 0.834767 0.526243 0.0649119 0.131215 0.00104427
1 0.695855 0.131906 0.14021 0.142956 0.00100803
1 0.199279 0.69078 0.135666 0.253798 0.811523
1 0.657557 0.680939 0.214209 0.248619 0.795898
1 0.708838 0.106181 0.158385 0.193025 0.519531
1 0.691311 0.137776 0.136315 0.11395 0.0270691
1 0.82503 0.530387 0.0415435 0.0953039 0.00717545
1 0.0527409 0.103246 0.105482 0.206492 0.00582123
1 0.833468 0.535912 0.0467366 0.0883978 0.00479126
1 0.828276 0.0959945 0.137613 0.191989 0.00469971
1 0.110837 0.626899 0.11749 0.232389 0.00457382
2 0.197494 0.689917 0.143131 0.26105 0.00424957
1 0.0769206 0.646236 0.0918503 0.218577 0.00300407
2 0.432962 0.660221 0.0350524 0.0441989 0.00250244
1 0.402454 0.358425 0.0460874 0.129834 0.00237846
1 0.12102 0.637431 0.092256 0.179558 0.00224304
2 0.393041 0.0407459 0.0395962 0.0369475 0.00176811
1 0.967187 0.193715 0.0571224 0.10221 0.00175476
0 0.938626 0.946133 0.0882801 0.107735 0.00156689
1 0.739346 0.094268 0.166174 0.188536 0.00146103
2 0.65561 0.679558 0.211613 0.254144 0.00145531
1 0.0523352 0.149171 0.10467 0.298343 0.00123978
1 0.963941 0.201657 0.0402453 0.100138 0.00123978
0 0.197494 0.689917 0.143131 0.26105 0.00114727
1 0.0682386 0.663156 0.0650742 0.204075 0.00112438
0 0.65561 0.679558 0.211613 0.254144 0.00112057
1 0.202038 0.682148 0.145078 0.257251 0.852051
1 0.661452 0.671271 0.225893 0.270718 0.839844
1 0.708838 0.106181 0.155788 0.181975 0.15564
2 0.195709 0.687155 0.15449 0.263812 0.0199432
2 0.658369 0.673343 0.228165 0.283149 0.00439835
0 0.661939 0.676105 0.2392 0.267956 0.0036068
0 0.195709 0.687155 0.15449 0.263812 0.00337601
1 0.134368 0.641575 0.0827626 0.162983 0.00257111
1 0.399533 0.356008 0.0506313 0.148481 0.00139427
1 0.826977 0.102124 0.145403 0.204247 0.00131989
1 0.727841 0.989641 0.544319 0.0207183 0.00126457
1 0.071971 0.640711 0.0884424 0.213052 0.00123501
2 0.588264 0.399171 0.0619908 0.133287 0.00116062
1 0.730908 0.105145 0.153192 0.202003 0.00112438
1 0.116152 0.617231 0.110431 0.213052 0.00106907
1 0.663399 0.669199 0.224595 0.256906 0.820801
1 0.203336 0.680249 0.137938 0.251381 0.78125
1 0.712732 0.104282 0.150596 0.174724 0.179565
1 0.154166 0.677486 0.129824 0.219613 0.175537
1 0.401155 0.360497 0.049333 0.135359 0.00978088
1 0.124469 0.638294 0.0892538 0.132251 0.00723267
1 0.122359 0.620856 0.105482 0.18232 0.00309944
1 0.362208 0.912983 0.0506313 0.0939226 0.00292397
1 0.823083 0.537983 0.0415435 0.0649171 0.0026722
1 0.07546 0.644337 0.0739995 0.165746 0.00169373
1 0.0664535 0.658149 0.0569602 0.162983 0.00163555
1 0.8101 0.549724 0.0701048 0.0953038 0.00150681
2 0.586803 0.396754 0.0662101 0.125 0.00130939
1 0.825679 0.0889157 0.13242 0.177831 0.00119686
0 0.661452 0.67386 0.224595 0.248964 0.00118828
1 0.94317 0.66989 0.0649119 0.18232 0.0011692
2 0.909415 0.66989 0.124631 0.171271 0.00101662
1 0.659342 0.674724 0.226218 0.26105 0.878418
1 0.203661 0.683529 0.139236 0.260014 0.750488
1 0.714031 0.10549 0.153192 0.180249 0.19812
1 0.701048 0.124007 0.153192 0.140107 0.0210419
1 0.820486 0.0930594 0.127227 0.186119 0.0165863
2 0.19863 0.686291 0.144753 0.257251 0.00624084
1 0.823732 0.535912 0.0415436 0.0718232 0.00342941
1 0.8101 0.571823 0.0752978 0.153315 0.00299263
1 0.762065 0.101908 0.109052 0.173256 0.00263214
1 0.737399 0.105145 0.163578 0.19924 0.00213242
1 0.0737561 0.141747 0.103048 0.283494 0.00154305
1 0.860731 0.09375 0.212911 0.1875 0.00153637
1 0.791276 0.0970304 0.0973679 0.194061 0.00141621
1 0.123617 0.612569 0.107186 0.236188 0.00136662
2 0.658206 0.673343 0.225893 0.269337 0.0012207
1 0.860731 0.644337 0.0908767 0.189227 0.00115108
1 0.363506 0.907458 0.0519295 0.0994475 0.00103188
1 0.660154 0.671098 0.233683 0.276588 0.851074
1 0.203174 0.68491 0.142157 0.279351 0.789062
1 0.715978 0.104325 0.147999 0.185687 0.480469
2 0.197494 0.687673 0.148973 0.271064 0.0118713
1 0.119113 0.615331 0.100289 0.266575 0.0051384
1 0.821784 0.528315 0.0467365 0.104282 0.00400543
2 0.656908 0.672652 0.231086 0.28453 0.00382423
1 0.823732 0.0947859 0.128525 0.189572 0.00311089
1 0.797118 0.576312 0.0960695 0.198204 0.00226974
1 0.0634514 0.155387 0.126903 0.310773 0.00219917
0 0.656908 0.672652 0.231086 0.28453 0.00213242
1 0.129499 0.64779 0.0791925 0.247238 0.00200272
2 0.585667 0.401934 0.0671838 0.168508 0.00194168
0 0.204959 0.678867 0.145727 0.294199 0.00172043
2 0.119113 0.615331 0.100289 0.266575 0.00161076
1 0.402778 0.358425 0.0512804 0.149171 0.00139427
1 0.14881 0.292472 0.297621 0.584945 0.00129986
1 0.747136 0.103677 0.166174 0.207355 0.00119686
1 0.66275 0.680249 0.224595 0.25 0.853027
1 0.203661 0.690435 0.13599 0.246202 0.795898
1 0.161631 0.690608 0.105806 0.248619 0.206909
1 0.716627 0.105361 0.144104 0.175328 0.202393
1 0.823083 0.533149 0.0415435 0.0856354 0.00312424
1 0.124955 0.633805 0.0791925 0.143992 0.00312424
1 0.401805 0.365332 0.0480348 0.120166 0.00309944
0 0.660803 0.68163 0.219402 0.259668 0.00274658
2 0.197008 0.691989 0.148648 0.251381 0.0020752
1 0.119438 0.620166 0.0963941 0.198895 0.00187492
1 0.823083 0.0953039 0.119438 0.186464 0.00178909
1 0.400506 0.325967 0.0402454 0.0732044 0.0012846
1 0.812697 0.542818 0.0675084 0.10221 0.00116062
1 0.698452 0.0928436 0.168771 0.156164 0.00110722
1 0.660641 0.678004 0.221025 0.254489 0.868164
1 0.201876 0.687673 0.138911 0.254489 0.796875
1 0.717925 0.107562 0.145403 0.17576 0.39502
1 0.829574 0.0934047 0.137613 0.186809 0.00300407
1 0.822433 0.535912 0.0441401 0.0732044 0.00216484
2 0.199279 0.689227 0.143455 0.256906 0.00139904
2 0.395313 0.0452348 0.0480348 0.0417818 0.00127411
1 0.810749 0.546961 0.0739995 0.10221 0.0012064
1 0.873714 0.0925414 0.233683 0.183702 0.00118828
1 0.662101 0.681112 0.227192 0.256561 0.856934
1 0.200091 0.688018 0.142482 0.259323 0.792969
1 0.716627 0.108469 0.147999 0.17809 0.496094
1 0.821784 0.535912 0.0441401 0.0759668 0.00259018
2 0.19863 0.689399 0.14735 0.256561 0.0016613
1 0.808802 0.546616 0.0752978 0.104282 0.00157928
1 0.829574 0.0980663 0.138911 0.194751 0.00157356
1 0.66275 0.681112 0.227192 0.256561 0.856934
1 0.200091 0.688018 0.142482 0.259323 0.791992
1 0.716627 0.108469 0.147999 0.17809 0.496094
1 0.821784 0.535912 0.0441401 0.0759668 0.00261116
2 0.198468 0.689399 0.147025 0.256561 0.00167465
1 0.808802 0.546616 0.0752978 0.104282 0.0015974
1 0.829574 0.0980663 0.138911 0.194406 0.00159168
