2 0.315755 0.717014 0.0677083 0.114583 0.0910645
2 0.300456 0.72338 0.0865885 0.106481 0.0124283
1 0.315755 0.717014 0.0677083 0.114583 0.0121002
2 0.298503 0.706019 0.0898438 0.0949074 0.0108185
0 0.315755 0.717014 0.0677083 0.114583 0.0107803
2 0.264323 0.593171 0.0670573 0.12963 0.00763702
2 0.284505 0.734954 0.0273438 0.0775463 0.00548935
0 0.284505 0.734954 0.0273438 0.0775463 0.00510025
2 0.306966 0.665509 0.0592448 0.159722 0.00482941
2 0.313151 0.834491 0.0716146 0.0532407 0.00468063
2 0.861979 0.438947 0.0390625 0.0891204 0.00391388
0 0.264323 0.593171 0.0670573 0.12963 0.00376511
2 0.221354 0.892361 0.0572917 0.0694444 0.00366402
1 0.861979 0.438947 0.0390625 0.0891204 0.00355148
1 0.5 0.5 1 1 0.00351143
1 0.221354 0.892361 0.0572917 0.0694444 0.00346947
2 0.5 0.5 1 1 0.00314713
1 0.264323 0.593171 0.0670573 0.12963 0.00309944
2 0.5 0.5 1 1 0.00298119
2 0.5 0.5 1 1 0.0029583
1 0.284505 0.734954 0.0273438 0.0775463 0.00293541
0 0.5 0.5 1 1 0.00293541
1 0.5 0.5 1 1 0.00292397
1 0.5 0.5 1 1 0.00283432
0 0.5 0.5 1 1 0.00282288
0 0.5 0.5 1 1 0.00279999
2 0.307943 0.844907 0.138672 0.0740741 0.00268364
2 0.5 0.5 1 1 0.00258064
1 0.5 0.5 1 1 0.00258064
1 0.298503 0.706019 0.0898438 0.0949074 0.0024147
1 0.5 0.5 1 1 0.0024147
1 0.5 0.5 1 1 0.00239754
0 0.861979 0.438947 0.0390625 0.0891204 0.00235939
0 0.298503 0.706019 0.0898438 0.0949074 0.00230598
0 0.5 0.5 1 1 0.00230598
1 0.300456 0.72338 0.0865885 0.106481 0.00218201
2 0.5 0.5 1 1 0.00205803
1 0.194661 0.887731 0.0651042 0.0671296 0.00199509
2 0.5 0.5 1 1 0.00193405
2 0.886068 0.44213 0.0807292 0.105324 0.00192642
0 0.5 0.5 1 1 0.00191212
2 0.5 0.5 1 1 0.00188255
2 0.28125 0.884259 0.146484 0.0856481 0.00182438
2 0.194661 0.887731 0.0651042 0.0671296 0.0018034
0 0.886068 0.44213 0.0807292 0.105324 0.00176811
1 0.28125 0.884259 0.146484 0.0856481 0.0017004
2 0.191243 0.84375 0.0719401 0.111111 0.00169373
2 0.295898 0.874421 0.156901 0.104167 0.00168705
0 0.306966 0.665509 0.0592448 0.159722 0.0016613
1 0.5 0.5 1 1 0.00165462
2 0.311523 0.726273 0.0735677 0.0972222 0.144653
2 0.298177 0.695602 0.0859375 0.143519 0.0401611
2 0.286133 0.711806 0.0813802 0.104167 0.0393372
2 0.296875 0.728009 0.0833333 0.105324 0.0347595
2 0.32487 0.722222 0.0703125 0.0949074 0.02034
2 0.251302 0.595486 0.0670573 0.15625 0.0185394
2 0.307292 0.842014 0.046875 0.0358796 0.012291
1 0.858073 0.440972 0.03125 0.0717593 0.0112457
0 0.298177 0.695602 0.0859375 0.143519 0.00985718
2 0.265706 0.655093 0.140462 0.261574 0.0078125
2 0.288737 0.642361 0.0833333 0.19213 0.00643921
2 0.225586 0.900463 0.0345052 0.0486111 0.00616837
0 0.251302 0.595486 0.0670573 0.15625 0.0055542
1 0.298177 0.695602 0.0859375 0.143519 0.00510025
2 0.281901 0.837963 0.0481771 0.0347222 0.00479126
0 0.265706 0.655093 0.140462 0.261574 0.00455475
1 0.311523 0.726273 0.0735677 0.0972222 0.00416565
0 0.311523 0.721644 0.078125 0.107639 0.00411606
2 0.858073 0.440972 0.03125 0.0717593 0.00322342
0 0.286133 0.711806 0.0813802 0.104167 0.00312424
1 0.225586 0.900463 0.0345052 0.0486111 0.00259018
1 0.841146 0.118779 0.0390625 0.0610532 0.00254059
1 0.265706 0.655093 0.140462 0.261574 0.00215721
1 0.296875 0.728009 0.0833333 0.105324 0.00214958
2 0.329427 0.855903 0.0677083 0.0706019 0.00209999
2 0.254232 0.903356 0.0579427 0.0405093 0.00191212
2 0.208171 0.722222 0.290039 0.430556 0.0018034
1 0.307292 0.842014 0.046875 0.0358796 0.0017271
0 0.296875 0.728009 0.0833333 0.105324 0.00161076
1 0.323568 0.723958 0.0703125 0.0914352 0.00156116
1 0.796875 0.471644 0.226563 0.216435 0.00147247
1 0.251302 0.595486 0.0670573 0.15625 0.00144386
1 0.286133 0.711806 0.0813802 0.104167 0.00138283
0 0.5 0.603009 1 0.793981 0.00134087
2 0.309245 0.898148 0.0794271 0.0393519 0.0012598
0 0.440755 0.5 0.88151 1 0.00124931
0 0.485026 0.5 0.970052 1 0.00123978
0 0.5 0.5 1 1 0.00123501
2 0.5 0.5 1 1 0.00123501
2 0.5 0.799769 1 0.400463 0.00121593
2 0.440755 0.5 0.88151 1 0.00119686
2 0.5 0.603009 1 0.793981 0.00118828
2 0.485026 0.5 0.970052 1 0.00118351
0 0.208171 0.722222 0.290039 0.430556 0.00117397
1 0.485026 0.5 0.970052 1 0.0011425
0 0.288737 0.642361 0.0833333 0.19213 0.00113773
0 0.22168 0.729745 0.251302 0.540509 0.00113773
2 0.33195 0.662037 0.246257 0.287037 0.00113773
2 0.801432 0.703704 0.397135 0.592593 0.00112915
1 0.5 0.799769 1 0.400463 0.00112438
0 0.30013 0.71875 0.0950521 0.136574 0.0682983
1 0.242676 0.599537 0.0602214 0.152778 0.0510864
1 0.298258 0.703704 0.100098 0.148148 0.0499573
1 0.835938 0.115017 0.0520833 0.0651042 0.0477905
2 0.299805 0.716435 0.094401 0.125 0.0422363
2 0.308594 0.716435 0.0911458 0.173611 0.0379028
1 0.826823 0.117188 0.0546875 0.0665509 0.0359497
1 0.250977 0.615741 0.0605469 0.141204 0.0303345
1 0.196777 0.889468 0.0507813 0.0729167 0.0162201
0 0.242676 0.599537 0.0602214 0.152778 0.0161591
0 0.246094 0.627315 0.0651042 0.155093 0.0109863
1 0.835938 0.128472 0.0520833 0.0850694 0.0105667
1 0.216797 0.892361 0.0527344 0.0763889 0.0100098
1 0.312826 0.840278 0.0585938 0.0393519 0.00993347
2 0.312826 0.840278 0.0585938 0.0393519 0.00712204
1 0.858073 0.439815 0.0533854 0.0954861 0.00638962
2 0.216797 0.892361 0.0527344 0.0763889 0.005867
2 0.196777 0.889468 0.0507813 0.0729167 0.00584412
1 0.82487 0.130208 0.0520833 0.0815972 0.00530243
0 0.308594 0.716435 0.0911458 0.173611 0.00479126
1 0.307943 0.716435 0.103516 0.122685 0.00457382
1 0.348958 0.851852 0.03125 0.0659722 0.00436401
1 0.294596 0.672454 0.0800781 0.180556 0.00413513
0 0.312826 0.840278 0.0585938 0.0393519 0.00391388
0 0.301758 0.836806 0.0917969 0.0439815 0.00387001
2 0.301758 0.836806 0.0917969 0.0439815 0.00345612
1 0.860677 0.418113 0.0416667 0.0925926 0.00332451
0 0.255778 0.744213 0.138184 0.167824 0.00322342
1 0.301758 0.836806 0.0917969 0.0439815 0.00255013
1 0.195313 0.854167 0.0605469 0.118056 0.00251198
2 0.262695 0.906829 0.0742188 0.0497685 0.00239754
2 0.348958 0.851852 0.03125 0.0659722 0.00232315
2 0.246094 0.627315 0.0651042 0.155093 0.00215721
0 0.294596 0.672454 0.0800781 0.180556 0.00209999
2 0.242676 0.599537 0.0602214 0.152778 0.00195694
1 0.34375 0.894676 0.0572917 0.0509259 0.00194931
2 0.311849 0.902778 0.0605469 0.0416667 0.00190449
1 0.885417 0.45081 0.0651042 0.104167 0.00186729
0 0.216797 0.892361 0.0527344 0.0763889 0.00161648
0 0.196777 0.889468 0.0507813 0.0729167 0.00153637
2 0.826823 0.117188 0.0546875 0.0665509 0.00150681
1 0.311849 0.902778 0.0605469 0.0416667 0.00146675
2 0.261393 0.847222 0.19987 0.297454 0.00140476
2 0.198079 0.857639 0.145508 0.252315 0.00138855
0 0.198079 0.857639 0.145508 0.252315 0.00134087
2 0.167318 0.789931 0.334635 0.420139 0.00131512
1 0.0211589 0.130353 0.0423177 0.260706 0.00130463
1 0.255778 0.744213 0.138184 0.167824 0.00129414
2 0.34375 0.894676 0.0572917 0.0509259 0.00128937
2 0.285807 0.654514 0.123698 0.260417 0.00128937
2 0.304362 0.71875 0.100911 0.118056 0.542969
2 0.301432 0.739005 0.104167 0.145833 0.195557
1 0.847656 0.436343 0.0416667 0.103009 0.125488
1 0.241211 0.591435 0.0651042 0.173611 0.111267
0 0.239258 0.590278 0.0611979 0.171296 0.0692749
1 0.83724 0.117766 0.0494792 0.072338 0.0544128
1 0.828125 0.11603 0.0625 0.0746528 0.0298767
1 0.858073 0.453125 0.0507813 0.100694 0.0257111
1 0.111654 0.513744 0.0299479 0.0627894 0.0167847
2 0.352214 0.861111 0.0455729 0.0787037 0.0159607
1 0.0183105 0.411458 0.0366211 0.0752315 0.014061
0 0.300456 0.709491 0.117188 0.111111 0.0112
2 0.218913 0.898148 0.0423177 0.0590278 0.00955963
2 0.239258 0.590278 0.0611979 0.171296 0.00945282
2 0.317057 0.831019 0.10026 0.0625 0.00933838
0 0.111654 0.513744 0.0299479 0.0627894 0.00905609
1 0.303711 0.717593 0.108724 0.107639 0.00766754
2 0.348958 0.885417 0.0533854 0.0648148 0.00728989
1 0.84375 0.130787 0.0494792 0.0934606 0.00674438
1 0.13444 0.511719 0.0413411 0.0737847 0.00658798
0 0.847656 0.436343 0.0416667 0.103009 0.0064888
1 0.218913 0.898148 0.0423177 0.0590278 0.00626373
0 0.249023 0.594329 0.0605469 0.173611 0.00577545
1 0.0183919 0.456019 0.0367839 0.0821759 0.00547028
2 0.858073 0.453125 0.0507813 0.100694 0.00538635
2 0.847656 0.436343 0.0416667 0.103009 0.00530243
2 0.197591 0.895833 0.047526 0.0625 0.00526047
2 0.249023 0.594329 0.0605469 0.173611 0.00521851
2 0.325846 0.756944 0.113932 0.150463 0.00498199
1 0.00528971 0.82581 0.0105794 0.34838 0.00443268
1 0.833984 0.438657 0.0611979 0.0989583 0.00436401
2 0.306641 0.797454 0.104167 0.115741 0.0042305
1 0.197591 0.895833 0.047526 0.0625 0.0042305
1 0.00439453 0.905382 0.00878906 0.189236 0.00403976
0 0.218913 0.898148 0.0423177 0.0590278 0.00379562
0 0.13444 0.511719 0.0413411 0.0737847 0.0036068
0 0.301432 0.739005 0.104167 0.145833 0.00346947
1 0.301432 0.739005 0.104167 0.145833 0.00342941
1 0.878906 0.442998 0.0625 0.114005 0.00332451
2 0.330078 0.891204 0.0755208 0.0601852 0.00332451
0 0.197591 0.895833 0.047526 0.0625 0.00314713
2 0.299805 0.67419 0.115885 0.208333 0.00305176
1 0.823568 0.135417 0.0716146 0.102431 0.00298119
2 0.828125 0.11603 0.0625 0.0746528 0.00290108
0 0.185872 0.837963 0.0572917 0.127315 0.00276756
2 0.270833 0.674769 0.126302 0.270833 0.00269318
2 0.202148 0.810764 0.133464 0.236111 0.00269318
1 0.0178223 0.528935 0.0356445 0.0590278 0.00261116
2 0.83724 0.117766 0.0494792 0.072338 0.00257111
0 0.858073 0.453125 0.0507813 0.100694 0.00242424
2 0.301432 0.72338 0.0885417 0.113426 0.378418
0 0.302734 0.730324 0.111979 0.115741 0.160278
2 0.299479 0.715278 0.119792 0.108796 0.108215
1 0.822917 0.11849 0.0520833 0.0659722 0.0687866
1 0.240885 0.605903 0.0696615 0.177083 0.0598755
1 0.832031 0.121528 0.0572917 0.0688657 0.0384521
0 0.242839 0.601852 0.0625 0.177083 0.0304413
1 0.302734 0.730324 0.111979 0.115741 0.0162811
2 0.858073 0.445891 0.0351562 0.0862269 0.0145569
2 0.195313 0.890046 0.0397135 0.0671296 0.012146
1 0.195313 0.890046 0.0397135 0.0671296 0.0118713
0 0.234701 0.645833 0.0397135 0.122685 0.00993347
2 0.204753 0.86169 0.0527344 0.0787037 0.00971222
2 0.244141 0.604167 0.0735677 0.175926 0.00952148
2 0.866536 0.441262 0.0533854 0.0920139 0.00706482
1 0.858073 0.445891 0.0351562 0.0862269 0.0068512
0 0.204753 0.86169 0.0527344 0.0787037 0.00482941
2 0.215169 0.895255 0.0455729 0.068287 0.00402451
0 0.195313 0.890046 0.0397135 0.0671296 0.00391388
1 0.0214844 0.405671 0.0343424 0.0740741 0.00356483
0 0.858073 0.445891 0.0351562 0.0862269 0.00291252
2 0.822917 0.11849 0.0520833 0.0659722 0.00276756
0 0.866536 0.441262 0.0533854 0.0920139 0.00240517
1 0.215169 0.895255 0.0455729 0.068287 0.00234985
2 0.261149 0.744792 0.200358 0.172454 0.00223351
2 0.318359 0.74537 0.135417 0.150463 0.00206757
2 0.254639 0.679977 0.205566 0.354167 0.00194168
2 0.234701 0.645833 0.0397135 0.122685 0.00191212
2 0.832031 0.121528 0.0572917 0.0688657 0.00185299
1 0.83724 0.129919 0.0494792 0.0821759 0.00175476
2 0.854167 0.434606 0.0416667 0.102431 0.00174141
1 0.186849 0.184317 0.0338542 0.0572917 0.00163555
1 0.866536 0.441262 0.0533854 0.0920139 0.00161076
2 0.283854 0.802662 0.140625 0.273148 0.0015974
2 0.875 0.456887 0.0598958 0.0896991 0.00154877
0 0.215169 0.895255 0.0455729 0.068287 0.00151253
2 0.300456 0.811343 0.0885417 0.0763889 0.00148964
1 0.234701 0.645833 0.0397135 0.122685 0.00144386
0 0.292969 0.814236 0.0794271 0.0671296 0.00131512
1 0.150716 0.229167 0.0253906 0.0497685 0.00130463
1 0.204753 0.86169 0.0527344 0.0787037 0.00126934
2 0.839193 0.447917 0.0703125 0.0902778 0.00121593
1 0.847005 0.13397 0.0963542 0.131944 0.00115585
0 0.190918 0.864583 0.0530599 0.0925926 0.00114727
1 0.825521 0.129919 0.0520833 0.0821759 0.00109005
2 0.20931 0.638889 0.41862 0.722222 0.00108147
2 0.299805 0.725694 0.107422 0.137731 0.233032
2 0.277018 0.695602 0.093099 0.115741 0.0769653
2 0.250651 0.587963 0.0579427 0.173611 0.0243378
1 0.247721 0.592593 0.0611979 0.166667 0.0204926
0 0.248047 0.58912 0.0546875 0.168981 0.0167847
1 0.833333 0.115741 0.0559896 0.0662616 0.00834656
1 0.299805 0.725694 0.107422 0.137731 0.00784302
2 0.301758 0.828704 0.077474 0.0416667 0.00723267
2 0.239258 0.656829 0.0436198 0.09375 0.00551224
0 0.298258 0.725116 0.109212 0.137731 0.0050621
0 0.277018 0.695602 0.093099 0.115741 0.00391388
1 0.819661 0.114873 0.0638021 0.0671296 0.00309944
2 0.289388 0.825231 0.0651042 0.0486111 0.00298119
2 0.285482 0.648148 0.123047 0.25 0.00276756
0 0.239258 0.656829 0.0436198 0.09375 0.00275803
2 0.148275 1 0.296549 0 0.00273705
2 0.199544 0.894097 0.0416667 0.0659722 0.00264168
2 0.328776 0.835648 0.0742188 0.0763889 0.00204277
1 0.277018 0.695602 0.093099 0.115741 0.00178242
2 0.22168 0.892361 0.0361328 0.0694444 0.00174141
2 0.833333 0.115741 0.0559896 0.0662616 0.00151253
2 0.193359 0.997685 0.386719 0.00462963 0.00130939
1 0.148275 1 0.296549 0 0.00130463
2 0.0906576 0.292824 0.181315 0.585648 0.00118828
2 0.0641276 0.991319 0.128255 0.0173611 0.00116539
2 0.0981445 1 0.196289 0 0.00113392
2 0.230143 0.881366 0.111328 0.237269 0.00109482
0 0.169271 0.999421 0.338542 0.00115741 0.00105667
1 0.199544 0.894097 0.0416667 0.0659722 0.00104809
0 0.298503 0.71875 0.119141 0.150463 0.542969
2 0.301351 0.730903 0.11084 0.149306 0.37207
0 0.24528 0.599537 0.0615234 0.162037 0.184204
1 0.836589 0.116464 0.0455729 0.0587384 0.0628052
1 0.826823 0.118056 0.0572917 0.0665509 0.0514526
1 0.244792 0.596644 0.0638021 0.168981 0.0328369
1 0.298503 0.737269 0.127604 0.168981 0.0207672
2 0.304769 0.785301 0.114421 0.135417 0.0102921
0 0.24349 0.631944 0.0520833 0.173611 0.00989532
1 0.817708 0.120949 0.0755208 0.0763889 0.00763702
1 0.850911 0.12037 0.0794271 0.0833333 0.00740433
2 0.340495 0.83912 0.0677083 0.0601852 0.0069046
0 0.304769 0.785301 0.114421 0.135417 0.00629044
1 0.877604 0.435475 0.0520833 0.0711806 0.00498199
2 0.246094 0.595486 0.0677083 0.16088 0.00486755
0 0.865885 0.446759 0.0455729 0.0978009 0.00450516
2 0.310221 0.731481 0.148438 0.199074 0.00446701
2 0.877604 0.435475 0.0520833 0.0711806 0.0039444
0 0.296305 0.666088 0.110514 0.22338 0.00362206
1 0.195638 0.894676 0.0442708 0.0613426 0.00346947
0 0.877604 0.435475 0.0520833 0.0711806 0.00317192
2 0.701823 0.422454 0.0703125 0.0659722 0.0030632
2 0.214844 0.864583 0.0690104 0.0694444 0.00290108
1 0.837891 0.133247 0.0442708 0.0778356 0.00279999
2 0.373698 0.792824 0.0390625 0.196759 0.00232315
1 0.826172 0.133681 0.0546875 0.0792824 0.00226021
0 0.195638 0.894676 0.0442708 0.0613426 0.00221634
1 0.214844 0.864583 0.0690104 0.0694444 0.00194168
0 0.0012207 0.769097 0.00244141 0.461806 0.00191212
0 0.884115 0.456597 0.0611979 0.0983796 0.00182438
0 0.214844 0.864583 0.0690104 0.0694444 0.00170708
2 0.00309245 0.728009 0.0061849 0.543981 0.00165462
1 0.242025 0.583912 0.0830078 0.165509 0.00162315
2 0.626302 0.416667 0.0520833 0.0677083 0.00159168
1 0.701823 0.422454 0.0703125 0.0659722 0.00151253
2 0.396484 0.844907 0.0338542 0.0532407 0.00148392
0 0.00463867 0.280093 0.00927734 0.560185 0.0014782
0 0.340495 0.83912 0.0677083 0.0601852 0.00147247
2 0.195638 0.894676 0.0442708 0.0613426 0.00137234
0 0.701823 0.422454 0.0703125 0.0659722 0.00136185
1 0.373698 0.792824 0.0390625 0.196759 0.00120163
2 0.826823 0.118056 0.0572917 0.0665509 0.0011158
0 0.863932 0.429688 0.0416667 0.0989583 0.00109005
1 0.865885 0.446759 0.0455729 0.0978009 0.00108147
1 0.340495 0.83912 0.0677083 0.0601852 0.00107288
0 0.817708 0.120949 0.0755208 0.0763889 0.00102043
2 0.299561 0.728009 0.109212 0.141204 0.633301
1 0.84375 0.116609 0.0364583 0.0619213 0.0194244
1 0.828125 0.115741 0.0520833 0.0625 0.0110703
1 0.196289 0.894676 0.0423177 0.0532407 0.00919342
2 0.251628 0.630787 0.0703125 0.196759 0.00844574
2 0.298177 0.819444 0.0996094 0.0555556 0.00723267
2 0.241048 0.606481 0.0621745 0.173611 0.00641251
1 0.243001 0.607639 0.0673828 0.1875 0.00621796
0 0.299561 0.728009 0.109212 0.141204 0.00593567
2 0.302083 0.773148 0.0996094 0.144676 0.00432968
1 0.299561 0.728009 0.109212 0.141204 0.00362206
2 0.196289 0.894676 0.0423177 0.0532407 0.00359344
0 0.196289 0.894676 0.0423177 0.0532407 0.00269318
1 0.220703 0.894097 0.0351562 0.056713 0.002388
2 0.330404 0.833333 0.0709635 0.0671296 0.00235939
0 0.241048 0.606481 0.0621745 0.173611 0.00208282
2 0.84375 0.116609 0.0364583 0.0619213 0.00206757
2 0.220703 0.894097 0.0351562 0.056713 0.00195694
2 0.828125 0.115741 0.0520833 0.0625 0.0015974
2 0.295247 0.6875 0.115885 0.206019 0.00157356
0 0.220703 0.894097 0.0351562 0.056713 0.00157356
2 0.237956 0.667824 0.0507813 0.111111 0.00149536
2 0.260498 0.682292 0.183431 0.313657 0.0011692
1 0.213053 0.814236 0.129232 0.196759 0.00109863
2 0.213053 0.814236 0.129232 0.196759 0.00108147
1 0.0218099 0.402199 0.0362956 0.0717593 0.00102043
1 0.251628 0.630787 0.0703125 0.196759 0.00100422
2 0.300212 0.729167 0.106608 0.115741 0.692871
2 0.301432 0.823495 0.101563 0.068287 0.018692
2 0.243652 0.621528 0.0569661 0.155093 0.0185394
2 0.255941 0.645833 0.0662435 0.173611 0.0123367
2 0.327474 0.837384 0.0729167 0.0752315 0.00806427
2 0.243164 0.682292 0.0449219 0.0706019 0.00800323
2 0.304688 0.796875 0.102865 0.112269 0.00634003
2 0.249023 0.616898 0.0709635 0.194444 0.005867
2 0.206543 0.813657 0.0908203 0.189815 0.00387001
0 0.300212 0.727431 0.109212 0.119213 0.00341606
0 0.243652 0.621528 0.0569661 0.155093 0.00327301
1 0.839193 0.114294 0.0481771 0.0578704 0.00259018
2 0.195964 0.891204 0.0445964 0.0659722 0.00236893
1 0.243652 0.621528 0.0569661 0.155093 0.00223351
1 0.300212 0.729167 0.106608 0.115741 0.00208282
2 0.382161 0.752894 0.0768229 0.108796 0.00204277
1 0.244792 0.614005 0.0690104 0.189815 0.00186729
1 0.195964 0.891204 0.0445964 0.0659722 0.00171375
0 0.244792 0.614005 0.0690104 0.189815 0.00170708
2 0.297445 0.69213 0.11084 0.19213 0.00148392
1 0.825521 0.110243 0.0520833 0.0549769 0.0014782
2 0.222656 0.894097 0.0338542 0.0625 0.00146675
2 0.240397 0.738426 0.0485026 0.109954 0.00133514
0 0.243164 0.682292 0.0449219 0.0706019 0.00131989
2 0.839193 0.114294 0.0481771 0.0578704 0.00127888
2 0.394857 0.840278 0.0332031 0.0625 0.00123501
1 0.222656 0.894097 0.0338542 0.0625 0.00116062
0 0.195964 0.891204 0.0445964 0.0659722 0.00110722
1 0.206543 0.813657 0.0908203 0.189815 0.00108624
2 0.3007 0.728588 0.113444 0.119213 0.694336
2 0.299154 0.827546 0.102865 0.0532407 0.00734711
2 0.311198 0.819444 0.108073 0.099537 0.00634003
2 0.223307 0.896991 0.0332031 0.0578704 0.00619125
2 0.306641 0.815972 0.104167 0.0706019 0.00568771
1 0.826823 0.11603 0.046875 0.0659722 0.0051384
2 0.26237 0.646991 0.0768229 0.180556 0.0046463
1 0.841146 0.117766 0.0442708 0.0656829 0.00327301
1 0.223307 0.896991 0.0332031 0.0578704 0.0029583
0 0.3007 0.728588 0.113444 0.119213 0.0028553
2 0.242513 0.614005 0.0527344 0.145833 0.00275803
2 0.199544 0.902778 0.0416667 0.0578704 0.00194931
1 0.0263672 0.403356 0.0322266 0.0596065 0.00184631
2 0.377604 0.744792 0.061849 0.101852 0.00169373
2 0.227539 0.866898 0.0917969 0.101852 0.00153637
1 0.3007 0.728588 0.113444 0.119213 0.00152493
2 0.298177 0.688079 0.107422 0.193287 0.00149536
0 0.242513 0.614005 0.0527344 0.145833 0.0012207
1 0.199544 0.902778 0.0416667 0.0578704 0.0011425
2 0.299561 0.729745 0.111816 0.131944 0.453369
0 0.297852 0.725694 0.109375 0.134259 0.0957031
1 0.242188 0.606481 0.0579427 0.162037 0.0272675
0 0.242188 0.606481 0.0579427 0.162037 0.0186157
1 0.860677 0.436921 0.03125 0.0896991 0.0142288
1 0.298828 0.722801 0.111979 0.137731 0.014061
0 0.249512 0.615741 0.0654297 0.1875 0.00955963
1 0.867188 0.434317 0.0364583 0.0798611 0.00831604
1 0.249512 0.615741 0.0654297 0.1875 0.00570679
1 0.824219 0.118924 0.0429688 0.0671296 0.00345612
1 0.197266 0.899306 0.0371094 0.0625 0.00313568
0 0.243978 0.66088 0.0485026 0.125 0.00298119
1 0.226725 0.895833 0.0296224 0.0625 0.0024929
1 0.0244954 0.409722 0.0349935 0.0821759 0.00244331
1 0.846354 0.12037 0.03125 0.0671296 0.00234985
2 0.249512 0.615741 0.0654297 0.1875 0.00233269
2 0.303385 0.836806 0.0911458 0.0486111 0.00214958
1 0.824219 0.135127 0.046875 0.078125 0.00198746
0 0.860677 0.436921 0.03125 0.0896991 0.00175476
1 0.155273 0.237847 0.0289714 0.0572917 0.0017271
1 0.0513509 1 0.102702 0 0.0017271
2 0.242188 0.606481 0.0579427 0.162037 0.00152493
2 0.197266 0.899306 0.0371094 0.0625 0.00146675
2 0.226725 0.895833 0.0296224 0.0625 0.00127411
0 0.292318 0.688079 0.110677 0.207176 0.00123501
2 0.243978 0.66088 0.0485026 0.125 0.0012064
1 0.0240885 0.439815 0.0364583 0.116319 0.00116062
1 0.400716 0.523148 0.031901 0.0590278 0.00112057
1 0.243978 0.66088 0.0485026 0.125 0.00108147
1 0.185547 0.235822 0.0338542 0.0497685 0.00104809
1 0.0823568 1 0.164714 0 0.00103664
1 0.845052 0.134838 0.0364583 0.0763889 0.00100803
2 0.300781 0.731481 0.110026 0.134259 0.635254
0 0.301107 0.725694 0.108073 0.131944 0.0325928
2 0.254557 0.642361 0.0644531 0.168981 0.0039444
1 0.300781 0.731481 0.110026 0.134259 0.00342941
0 0.243001 0.613426 0.0530599 0.138889 0.00223351
0 0.254557 0.642361 0.0644531 0.168981 0.00185299
2 0.296224 0.789931 0.124349 0.25463 0.00168705
1 0.835286 0.118345 0.0546875 0.0688657 0.00152493
2 0.303385 0.820602 0.10026 0.0648148 0.00127411
2 0.263997 0.732639 0.176432 0.145833 0.00113392
1 0.243001 0.613426 0.0530599 0.138889 0.00105286
2 0.301758 0.730324 0.115234 0.12037 0.494141
2 0.297852 0.733796 0.129557 0.159722 0.202393
2 0.302083 0.836227 0.0794271 0.0451389 0.0309143
2 0.305339 0.828704 0.0963542 0.0509259 0.0210419
2 0.250326 0.623843 0.061849 0.140046 0.0148392
2 0.242188 0.676505 0.046224 0.0763889 0.0107346
0 0.299154 0.722222 0.11263 0.131944 0.00806427
2 0.226237 0.895833 0.030599 0.0555556 0.00787354
0 0.242188 0.612269 0.0546875 0.128472 0.00751877
2 0.332031 0.83912 0.0716146 0.0648148 0.00695801
0 0.242188 0.676505 0.046224 0.0763889 0.00661469
2 0.242188 0.612269 0.0546875 0.128472 0.00595856
2 0.196289 0.896412 0.0332031 0.0555556 0.00457382
1 0.242188 0.612269 0.0546875 0.128472 0.00385475
2 0.245768 0.609954 0.0696615 0.178241 0.00372124
0 0.244792 0.607639 0.061849 0.168981 0.00271416
1 0.226237 0.895833 0.030599 0.0555556 0.00260162
1 0.299154 0.722222 0.11263 0.131944 0.00218201
2 0.236979 0.746528 0.0384115 0.104167 0.00218201
1 0.244792 0.607639 0.061849 0.168981 0.00215721
0 0.250326 0.623843 0.061849 0.140046 0.00210762
1 0.824219 0.113715 0.0442708 0.0596065 0.00159168
1 0.242188 0.676505 0.046224 0.0763889 0.00158501
1 0.250326 0.623843 0.061849 0.140046 0.00149536
2 0.289388 0.689815 0.0970052 0.203704 0.0014782
0 0.226237 0.895833 0.030599 0.0555556 0.00137806
2 0.354492 0.891204 0.0286458 0.0497685 0.00132465
1 0.196289 0.896412 0.0332031 0.0555556 0.0012598
1 0.845703 0.115741 0.0351562 0.0613426 0.00112915
2 0.386068 0.746528 0.0455729 0.09375 0.00112438
2 0.313802 0.887153 0.0507813 0.0532407 0.00108624
2 0.277995 0.894676 0.0345052 0.0416667 0.00103664
2 0.302409 0.732639 0.113281 0.115741 0.635254
0 0.302409 0.732639 0.113281 0.115741 0.00701141
2 0.244466 0.674769 0.047526 0.0590278 0.00453949
2 0.191406 0.896991 0.0299479 0.0532407 0.00450516
2 0.240885 0.612269 0.0507813 0.115741 0.00391388
2 0.254557 0.632523 0.0670573 0.133102 0.00355148
0 0.244466 0.674769 0.047526 0.0590278 0.00258064
2 0.227865 0.898148 0.031901 0.0509259 0.00220871
2 0.303385 0.831019 0.0885417 0.037037 0.00179577
0 0.240885 0.612269 0.0507813 0.115741 0.00175476
2 0.30599 0.822917 0.105469 0.0486111 0.00138855
2 0.333984 0.840278 0.0664062 0.0474537 0.00138855
2 0.299479 0.731481 0.114583 0.122685 0.546875
0 0.298177 0.72338 0.111979 0.12037 0.0173035
2 0.193034 0.896412 0.0358073 0.0601852 0.00898743
2 0.222982 0.899306 0.0390625 0.0613426 0.00894928
2 0.241211 0.675926 0.047526 0.0740741 0.0069046
0 0.241211 0.675926 0.047526 0.0740741 0.00669098
0 0.300212 0.744213 0.119629 0.12963 0.00551224
0 0.239583 0.605903 0.0572917 0.137731 0.00429916
2 0.297526 0.831019 0.09375 0.0474537 0.00317192
2 0.249349 0.626157 0.0703125 0.155093 0.00247192
2 0.302734 0.820602 0.104167 0.0625 0.00222588
0 0.222982 0.899306 0.0390625 0.0613426 0.00218201
2 0.32194 0.839699 0.0904948 0.0613426 0.00183868
0 0.193034 0.896412 0.0358073 0.0601852 0.00171375
2 0.239583 0.605903 0.0572917 0.137731 0.00167465
0 0.249349 0.626157 0.0703125 0.155093 0.00123024
1 0.222982 0.899306 0.0390625 0.0613426 0.0011692
2 0.28776 0.6875 0.107422 0.199074 0.00116062
1 0.193034 0.896412 0.0358073 0.0601852 0.00112057
2 0.302083 0.732639 0.121094 0.12037 0.351318
0 0.299398 0.734375 0.123861 0.135417 0.0174408
0 0.243327 0.675926 0.0485026 0.0694444 0.00787354
2 0.223958 0.90162 0.0351562 0.0601852 0.0068512
2 0.191406 0.899306 0.0332031 0.0555556 0.00653839
2 0.243327 0.675926 0.0485026 0.0694444 0.00643921
2 0.341146 0.842593 0.0546875 0.0532407 0.00322342
2 0.303385 0.835069 0.0859375 0.0416667 0.00291252
0 0.223958 0.90162 0.0351562 0.0601852 0.00277901
2 0.307943 0.822917 0.106771 0.056713 0.00259018
0 0.241211 0.609375 0.0572917 0.131944 0.00216484
0 0.191406 0.899306 0.0332031 0.0555556 0.00171375
2 0.380859 0.747685 0.0638021 0.099537 0.00161648
1 0.838542 0.119936 0.0520833 0.0656829 0.00127411
2 0.250732 0.628472 0.0675456 0.155093 0.0011692
1 0.223958 0.90162 0.0351562 0.0601852 0.00115108
2 0.309977 0.719907 0.145671 0.185185 0.00105286
2 0.301758 0.732639 0.113932 0.131944 0.607422
0 0.301514 0.726273 0.113118 0.136574 0.0155411
2 0.30013 0.826389 0.0963542 0.0509259 0.00714874
0 0.242188 0.671875 0.0455729 0.0775463 0.00701141
2 0.225098 0.896991 0.0335286 0.0601852 0.00570679
2 0.31901 0.833333 0.0989583 0.0648148 0.0051384
2 0.242188 0.671875 0.0455729 0.0775463 0.00510025
2 0.306641 0.796875 0.105469 0.101852 0.00488663
2 0.191732 0.896991 0.0367839 0.0590278 0.00468063
0 0.240723 0.607639 0.0576172 0.131944 0.0037365
2 0.252604 0.641204 0.0690104 0.175926 0.00211525
2 0.240723 0.607639 0.0576172 0.131944 0.00131512
2 0.309896 0.71875 0.147786 0.168981 0.00121117
2 0.378255 0.746528 0.0690104 0.105324 0.0011692
0 0.225098 0.896991 0.0335286 0.0601852 0.00105667
2 0.302734 0.736111 0.114583 0.119213 0.416748
2 0.241862 0.675926 0.046224 0.0532407 0.0189819
0 0.241862 0.675926 0.046224 0.0532407 0.0159607
0 0.299479 0.72338 0.113281 0.116898 0.0110321
0 0.241211 0.609954 0.0553385 0.115741 0.00605011
2 0.324544 0.838542 0.0950521 0.0462963 0.00510025
2 0.301432 0.831597 0.0898438 0.0393519 0.00475693
2 0.307943 0.822917 0.102865 0.0509259 0.00362206
2 0.248372 0.621528 0.063151 0.122685 0.00332451
2 0.241211 0.609954 0.0553385 0.115741 0.00317192
2 0.192708 0.899884 0.0332031 0.0497685 0.00277901
2 0.224284 0.899306 0.0345052 0.0520833 0.00243378
1 0.241862 0.675926 0.046224 0.0532407 0.0015974
1 0.241211 0.609954 0.0553385 0.115741 0.00145531
2 0.398112 0.83912 0.03125 0.0509259 0.0012846
0 0.248372 0.621528 0.063151 0.122685 0.00105286
2 0.302409 0.734375 0.113932 0.12037 0.567871
0 0.302409 0.725116 0.11263 0.122685 0.00878143
2 0.319336 0.835069 0.102865 0.0590278 0.00728989
0 0.241211 0.609954 0.0566406 0.115741 0.00706482
2 0.242513 0.677083 0.046224 0.0601852 0.00658798
0 0.242513 0.677083 0.046224 0.0601852 0.00638962
2 0.302409 0.828704 0.094401 0.0439815 0.0050621
2 0.251302 0.630787 0.0644531 0.131944 0.00432968
2 0.193034 0.896991 0.0325521 0.0497685 0.00424957
2 0.224772 0.895833 0.0332031 0.0532407 0.00388527
2 0.307292 0.818287 0.104167 0.0578704 0.00362206
2 0.374349 0.75 0.078125 0.099537 0.00316048
2 0.241211 0.609954 0.0566406 0.115741 0.00288963
2 0.397786 0.836806 0.031901 0.0555556 0.00117874
1 0.83724 0.115885 0.0520833 0.0593171 0.00117397
0 0.224772 0.895833 0.0332031 0.0532407 0.00104046
2 0.302083 0.736111 0.113932 0.125 0.544922
2 0.241211 0.678819 0.0442708 0.0613426 0.00867462
2 0.319661 0.835069 0.0989583 0.0601852 0.00740433
2 0.300781 0.828704 0.0917969 0.0439815 0.00551224
0 0.241211 0.678819 0.0442708 0.0613426 0.00530243
0 0.302409 0.726852 0.11263 0.127315 0.00468063
2 0.306641 0.820023 0.102865 0.056713 0.0041008
2 0.192383 0.896991 0.0322266 0.0532407 0.00403976
2 0.223958 0.895833 0.0338542 0.0578704 0.00403976
2 0.37793 0.75 0.0683594 0.101852 0.00255013
0 0.240723 0.612269 0.055013 0.113426 0.00221634
2 0.25293 0.636574 0.0657552 0.134259 0.00218201
2 0.240723 0.612269 0.055013 0.113426 0.0017004
2 0.397461 0.837963 0.0286458 0.0578704 0.00153065
0 0.223958 0.895833 0.0338542 0.0578704 0.00117874
0 0.192383 0.896991 0.0322266 0.0532407 0.00106907
1 0.192383 0.896991 0.0322266 0.0532407 0.00100803
2 0.302083 0.736111 0.113932 0.125 0.542969
2 0.241211 0.678819 0.0442708 0.0613426 0.00871277
2 0.319661 0.835069 0.0989583 0.0601852 0.00743103
2 0.300781 0.829282 0.0917969 0.0451389 0.00559998
0 0.241211 0.678819 0.0442708 0.0613426 0.0053215
0 0.302409 0.726852 0.11263 0.127315 0.00468063
2 0.306641 0.820023 0.102865 0.056713 0.00416565
2 0.192383 0.896991 0.0322266 0.0532407 0.00403976
2 0.223958 0.895833 0.0338542 0.0578704 0.00400543
2 0.37793 0.750579 0.0683594 0.101852 0.00255013
0 0.240885 0.612269 0.0546875 0.113426 0.00223351
2 0.25293 0.636574 0.0657552 0.134259 0.00218201
2 0.240885 0.612269 0.0546875 0.113426 0.00170708
2 0.397461 0.837963 0.0286458 0.0578704 0.00154877
0 0.223958 0.895833 0.0338542 0.0578704 0.00117874
0 0.192383 0.896991 0.0322266 0.0532407 0.00106907
1 0.192383 0.896991 0.0322266 0.0532407 0.00101662
