2 0.476722 0.737772 0.306975 0.1875 0.672363
2 0.872798 0.699728 0.080646 0.15625 0.365723
2 0.542409 0.750679 0.208119 0.182065 0.135742
0 0.472494 0.737772 0.324535 0.180707 0.125977
2 0.24584 0.679348 0.260148 0.297554 0.106323
2 0.846783 0.695652 0.0832475 0.182065 0.0736694
2 0.8767 0.67731 0.0910519 0.226902 0.0600891
2 0.285838 0.73913 0.141781 0.142663 0.0411377
2 0.692645 0.721467 0.136578 0.0951086 0.033844
2 0.2408 0.695482 0.224703 0.236753 0.0314941
2 0.194298 0.67663 0.144708 0.279891 0.0293121
2 0.844181 0.703804 0.130074 0.160326 0.0261536
0 0.872798 0.699728 0.080646 0.15625 0.0256653
2 0.421115 0.755435 0.19251 0.17663 0.0243378
0 0.846783 0.695652 0.0832475 0.182065 0.0234222
2 0.668581 0.747283 0.130074 0.13587 0.0200958
1 0.478673 0.744565 0.33299 0.19837 0.0185394
0 0.24584 0.679348 0.260148 0.297554 0.0154266
2 0.251043 0.624321 0.28096 0.422554 0.0110321
2 0.162918 0.664572 0.100157 0.255095 0.0109482
2 0.753292 0.63519 0.348274 0.379076 0.00941467
2 0.186819 0.639266 0.373638 0.425272 0.00787354
2 0.693946 0.732337 0.273156 0.192935 0.00775528
2 0.773941 0.722147 0.236735 0.116848 0.00712204
0 0.285838 0.73913 0.141781 0.142663 0.00695801
0 0.542409 0.750679 0.208119 0.182065 0.00626373
2 0.843531 0.699898 0.0871497 0.257812 0.00588989
2 0.915722 0.668478 0.163893 0.26087 0.00582123
0 0.843531 0.699898 0.0871497 0.257812 0.00575256
1 0.542409 0.750679 0.208119 0.182065 0.00540543
2 0.663378 0.745924 0.195111 0.146739 0.00516129
2 0.916373 0.716033 0.162593 0.228261 0.00484848
2 0.890358 0.706522 0.120969 0.190217 0.00471878
2 0.846783 0.670516 0.128773 0.233696 0.00460815
2 0.698498 0.737772 0.156089 0.131793 0.00460815
0 0.692645 0.721467 0.136578 0.0951086 0.00453949
0 0.668581 0.747283 0.130074 0.13587 0.00407028
1 0.696547 0.724185 0.120969 0.0896739 0.00358009
1 0.875399 0.703804 0.0832475 0.141304 0.00329781
0 0.2408 0.695482 0.224703 0.236753 0.00317192
2 0.625819 0.751359 0.257222 0.152174 0.00314713
2 0.5 0.5 1 1 0.00312424
0 0.8767 0.67731 0.0910519 0.226902 0.00307465
0 0.5 0.436141 1 0.872283 0.0030632
0 0.244865 0.62483 0.286814 0.418818 0.00305176
0 0.5 0.53125 1 0.9375 0.00299263
1 0.5 0.53125 1 0.9375 0.00293541
1 0.872798 0.6875 0.0832475 0.195652 0.00291252
0 0.753292 0.63519 0.348274 0.379076 0.00291252
2 0.5 0.5 1 1 0.00288963
2 0.480949 0.751359 0.33234 0.1875 0.457031
2 0.234784 0.648098 0.260148 0.355978 0.053009
2 0.0874749 0.661855 0.17495 0.306726 0.0091629
2 0.244052 0.730978 0.226004 0.160326 0.00828552
2 0.725164 0.720109 0.0442253 0.0652174 0.00636292
2 0.299171 0.741848 0.113815 0.13587 0.00500107
1 0.480949 0.751359 0.33234 0.1875 0.00453949
2 0.752479 0.71875 0.0559319 0.0638587 0.00445175
2 0.489079 0.713485 0.356403 0.268682 0.00391388
2 0.321934 0.644191 0.428594 0.37466 0.00340271
2 0.868245 0.70856 0.0546312 0.115489 0.00329781
2 0.680938 0.737772 0.12357 0.11413 0.00291252
2 0.562896 0.756793 0.164544 0.138587 0.00263214
0 0.49103 0.747283 0.306975 0.192935 0.00244331
1 0.725164 0.720109 0.0442253 0.0652174 0.00230598
2 0.429976 0.628906 0.458999 0.435122 0.0019722
2 0.199989 0.608696 0.353151 0.414402 0.00161076
2 0.809712 0.721467 0.12227 0.103261 0.00156116
2 0.5 0.705842 1 0.588315 0.0014782
2 0.239824 0.671365 0.23706 0.271399 0.00147247
2 0.5 0.498641 1 0.997283 0.00146675
1 0.0882878 0.642833 0.176576 0.32303 0.00144386
2 0.0934908 0.738451 0.186982 0.523098 0.00142097
0 0.49981 0.642663 0.99962 0.714674 0.00142097
2 0.49981 0.642663 0.99962 0.714674 0.00139427
2 0.462414 0.5 0.924827 1 0.00138283
0 0.5 0.765625 1 0.46875 0.00138283
2 0.5 0.8125 1 0.375 0.00137806
2 0.63086 0.748641 0.0507289 0.108696 0.00135612
1 0.5 0.705842 1 0.588315 0.00135136
2 0.637066 0.840353 0.725869 0.319294 0.00134087
0 0.476722 0.5 0.953444 1 0.00132465
1 0.5 0.8125 1 0.375 0.00131989
1 0.49981 0.642663 0.99962 0.714674 0.00130463
2 0.342745 0.754076 0.0481275 0.126359 0.00129414
2 0.5 0.5 1 1 0.00129414
0 0.462414 0.5 0.924827 1 0.0012846
1 0.462414 0.5 0.924827 1 0.00126934
0 0.5 0.776495 1 0.447011 0.00126457
1 0.489079 0.713485 0.356403 0.268682 0.00125504
2 0.628258 0.697181 0.535906 0.301291 0.00123978
2 0.449406 0.432065 0.898813 0.86413 0.00123501
0 0.637066 0.840353 0.725869 0.319294 0.00122547
1 0.637066 0.840353 0.725869 0.319294 0.00121593
2 0.101783 0.711957 0.203566 0.576087 0.0012064
0 0.5 0.369905 1 0.73981 0.00119686
2 0.5 0.608016 1 0.783967 0.00119686
2 0.734919 0.758152 0.366809 0.307065 0.00119209
2 0.0866619 0.649457 0.173324 0.258152 0.00118828
1 0.5 0.498641 1 0.997283 0.00118828
2 0.492981 0.743207 0.317381 0.182065 0.20752
1 0.494932 0.746603 0.317381 0.180707 0.10376
2 0.871497 0.695652 0.0702401 0.152174 0.0564575
2 0.246328 0.730299 0.229256 0.152174 0.0427246
1 0.247141 0.72894 0.22763 0.150815 0.0265503
1 0.682889 0.720109 0.115766 0.0951086 0.0249939
1 0.71801 0.730978 0.187307 0.119565 0.0181274
2 0.71801 0.730978 0.187307 0.119565 0.0131226
2 0.682889 0.720109 0.115766 0.0951086 0.0119629
2 0.91182 0.667289 0.149585 0.222486 0.0103302
2 0.682239 0.73913 0.119668 0.119565 0.00919342
2 0.45526 0.734375 0.236735 0.1875 0.00905609
2 0.781746 0.735054 0.14048 0.119565 0.00796509
2 0.290391 0.730978 0.134627 0.152174 0.0064888
2 0.741423 0.737772 0.239337 0.138587 0.00624084
2 0.241938 0.67731 0.239336 0.252717 0.00614548
1 0.741423 0.737772 0.239337 0.138587 0.00559998
1 0.216736 0.725543 0.161617 0.149457 0.00526047
2 0.216736 0.725543 0.161617 0.149457 0.00443268
2 0.916888 0.649287 0.166225 0.261209 0.00324821
1 0.792802 0.730978 0.146984 0.122283 0.00314713
0 0.247141 0.728261 0.225679 0.154891 0.00298119
1 0.518671 0.265625 0.10471 0.110054 0.00291252
2 0.362257 0.71875 0.0793452 0.144022 0.0024147
2 0.878651 0.713315 0.102759 0.192935 0.0024147
2 0.398677 0.740489 0.161292 0.168478 0.00239754
2 0.916888 0.686821 0.166225 0.222826 0.00239754
1 0.870847 0.694293 0.0715408 0.154891 0.00219917
1 0.334291 0.633152 0.0572326 0.0788044 0.00200272
2 0.805809 0.719429 0.165194 0.134511 0.00200272
2 0.52615 0.769022 0.239337 0.146739 0.00185299
1 0.342095 0.630435 0.0494282 0.0652173 0.00179577
2 0.916888 0.577785 0.166225 0.401495 0.00179577
0 0.493632 0.744565 0.308276 0.183424 0.00161648
2 0.198038 0.673913 0.238686 0.26087 0.00159168
1 0.290391 0.730978 0.134627 0.152174 0.00155449
1 0.682239 0.73913 0.119668 0.119565 0.00155449
2 0.582082 0.374321 0.143082 0.173913 0.00152493
1 0.241938 0.67731 0.239336 0.252717 0.00152493
2 0.564522 0.76087 0.163893 0.163043 0.00145531
0 0.242263 0.694293 0.230882 0.247283 0.00143242
1 0.335917 0.613451 0.0565823 0.0964673 0.00127411
2 0.495583 0.681386 0.321283 0.14538 0.0012207
2 0.364126 0.721467 0.48664 0.220109 0.00117874
0 0.216736 0.725543 0.161617 0.149457 0.00116062
1 0.205192 0.694463 0.198363 0.230639 0.00106049
2 0.855888 0.714674 0.111864 0.201087 0.00105667
2 0.237385 0.694293 0.338193 0.438859 0.00102043
1 0.727115 0.711277 0.050729 0.0679348 0.503906
2 0.492331 0.752717 0.334291 0.19837 0.398926
2 0.872798 0.690217 0.080646 0.171196 0.290283
1 0.4816 0.754076 0.331039 0.197011 0.286133
1 0.748577 0.712636 0.0871497 0.0788043 0.280518
1 0.52615 0.265965 0.127473 0.105978 0.279053
1 0.507289 0.264266 0.0988564 0.106658 0.260498
1 0.637363 0.0452615 0.0390223 0.0433084 0.151001
1 0.574603 0.331522 0.0812964 0.0754076 0.115173
1 0.277383 0.724185 0.109262 0.100543 0.115173
1 0.230882 0.310802 0.0416237 0.0400815 0.112793
2 0.575903 0.334239 0.0799956 0.0733696 0.104126
1 0.326486 0.47894 0.0734919 0.0720109 0.0750122
0 0.326486 0.47894 0.0734919 0.0720109 0.0579224
1 0.279659 0.730978 0.138529 0.127717 0.0544128
2 0.284537 0.73913 0.155439 0.146739 0.049408
1 0.345347 0.57269 0.0539808 0.0461956 0.0476074
2 0.588586 0.338995 0.0962549 0.0910326 0.0411377
1 0.874098 0.693614 0.0780444 0.169837 0.03125
1 0.495583 0.790761 0.325185 0.278533 0.0293121
1 0.396401 0.181386 0.0500786 0.0495924 0.0223694
1 0.259173 0.73913 0.195762 0.13587 0.0213623
1 0.588586 0.338995 0.0962549 0.0910326 0.021286
1 0.760934 0.71875 0.111864 0.111413 0.0201721
1 0.56127 0.161685 0.0416237 0.0455163 0.0189819
2 0.230882 0.310802 0.0416237 0.0400815 0.0188293
1 0.239662 0.712636 0.224378 0.182065 0.0184784
2 0.748577 0.712636 0.0871497 0.0788043 0.0184021
2 0.600943 0.868207 0.0572326 0.0434783 0.0176392
1 0.394125 0.131114 0.0572326 0.0387228 0.0167236
1 0.637363 0.215863 0.0416237 0.0574049 0.0151291
1 0.219338 0.597826 0.0647119 0.0502717 0.0147858
1 0.600943 0.868207 0.0572326 0.0434783 0.0134277
1 0.354452 0.162704 0.0546312 0.0502717 0.0130234
0 0.56127 0.161685 0.0416237 0.0455163 0.0125275
1 0.281285 0.316576 0.121619 0.0543478 0.0125275
1 0.435749 0.116168 0.0611348 0.0529891 0.0123825
1 0.212671 0.725543 0.159991 0.144022 0.0123367
1 0.408433 0.0917119 0.0728415 0.0903533 0.012291
0 0.637363 0.215863 0.0416237 0.0574049 0.0122375
1 0.349249 0.145041 0.0468267 0.0516304 0.0117798
2 0.495583 0.790761 0.325185 0.278533 0.0117798
2 0.326486 0.47894 0.0734919 0.0720109 0.0115967
1 0.345347 0.601223 0.0533304 0.0883152 0.0110703
1 0.590699 0.341372 0.0985312 0.127717 0.0109863
1 0.838328 0.368207 0.0481275 0.0692934 0.0107346
2 0.760934 0.71875 0.111864 0.111413 0.00857544
1 0.82467 0.36413 0.0442253 0.0733695 0.00784302
0 0.230882 0.310802 0.0416237 0.0400815 0.00775528
2 0.712806 0.718071 0.0390223 0.148098 0.00757599
2 0.490705 0.75 0.308926 0.179348 0.720215
2 0.870847 0.703125 0.0741422 0.139946 0.107788
0 0.488429 0.751359 0.313479 0.1875 0.0963745
1 0.488429 0.746603 0.313479 0.171196 0.0509033
1 0.721261 0.709239 0.0494282 0.0516305 0.0132217
2 0.721261 0.709239 0.0494282 0.0516305 0.0123367
0 0.327137 0.475543 0.0598341 0.0692935 0.00698471
1 0.639965 0.0414402 0.0364208 0.0404212 0.00679779
1 0.327137 0.475543 0.0598341 0.0692935 0.00475693
2 0.264376 0.732337 0.129424 0.116848 0.00395966
2 0.546962 0.747283 0.191209 0.157609 0.00385475
1 0.504037 0.262908 0.0871497 0.0978261 0.00302696
0 0.870196 0.696332 0.07024 0.144022 0.00300407
2 0.327137 0.475543 0.0598341 0.0692935 0.00286674
2 0.719961 0.711957 0.0572327 0.0679348 0.00286674
2 0.259579 0.732337 0.178039 0.122283 0.00270462
2 0.233483 0.728261 0.219175 0.144022 0.00255013
2 0.696547 0.709239 0.0858489 0.0529891 0.0017004
2 0.290797 0.726902 0.0986938 0.105978 0.00152493
2 0.23267 0.697011 0.249417 0.211957 0.0014782
2 0.872798 0.728261 0.085849 0.157609 0.00141048
1 0.244865 0.731658 0.238036 0.153533 0.00136185
2 0.572977 0.338315 0.0676385 0.0713315 0.00124931
0 0.23267 0.697011 0.249417 0.211957 0.00124454
1 0.322259 0.574728 0.03512 0.0461957 0.00123024
0 0.721261 0.709239 0.0494282 0.0516305 0.00122547
2 0.918188 0.642663 0.163623 0.286685 0.00121593
0 0.233483 0.728261 0.219175 0.144022 0.0012064
2 0.917023 0.692935 0.15869 0.17663 0.00117874
0 0.326486 0.475883 0.0780445 0.0910326 0.00115108
1 0.264376 0.732337 0.129424 0.116848 0.0011034
1 0.719961 0.711957 0.0572327 0.0679348 0.00104427
2 0.322259 0.574728 0.03512 0.0461957 0.00102425
2 0.85849 0.722826 0.0832475 0.149457 0.00101185
2 0.48225 0.748641 0.336242 0.19837 0.933105
2 0.866294 0.694293 0.0520297 0.168478 0.0705566
1 0.4829 0.752717 0.328437 0.214674 0.0614319
0 0.4829 0.752717 0.328437 0.214674 0.0451965
2 0.720611 0.70788 0.0390223 0.0529891 0.0448608
2 0.855888 0.69837 0.0676385 0.14538 0.0234222
1 0.720611 0.70788 0.0390223 0.0529891 0.0133286
1 0.328437 0.477581 0.0611348 0.0679348 0.0129242
0 0.328437 0.477581 0.0611348 0.0679348 0.0115051
2 0.871497 0.69769 0.0728415 0.153533 0.011116
2 0.786949 0.709239 0.166495 0.152174 0.0085144
1 0.458511 0.582201 0.288765 0.115489 0.00751877
2 0.781746 0.713315 0.171698 0.105978 0.00723267
2 0.867595 0.70788 0.0754431 0.230978 0.00682449
2 0.193323 0.696331 0.164869 0.222826 0.00669098
2 0.714107 0.710598 0.0598341 0.0815217 0.00658798
2 0.912335 0.603261 0.17533 0.436141 0.00609589
1 0.428269 0.58356 0.22828 0.0883152 0.00591278
2 0.268928 0.732337 0.142431 0.144022 0.0055542
2 0.712969 0.73913 0.337868 0.277174 0.00551224
2 0.302748 0.737772 0.113165 0.154891 0.0051384
2 0.141781 0.692255 0.283562 0.34375 0.00508118
2 0.18877 0.679518 0.37754 0.309443 0.00498199
2 0.257466 0.735054 0.214785 0.152174 0.00457382
2 0.737521 0.735734 0.278359 0.1875 0.00450516
2 0.186819 0.750679 0.373638 0.471467 0.00376511
2 0.208281 0.727581 0.185031 0.163043 0.00348282
2 0.327137 0.476902 0.0598341 0.0679348 0.00336266
1 0.167308 0.67731 0.14861 0.269022 0.00311089
0 0.323885 0.476223 0.075443 0.09375 0.00273705
2 0.917538 0.677819 0.164924 0.215014 0.00268364
2 0.167308 0.67731 0.14861 0.269022 0.00257111
1 0.489079 0.528872 0.356403 0.23981 0.00255013
0 0.191859 0.682235 0.187307 0.263247 0.00243378
2 0.898677 0.528193 0.202645 0.579484 0.00214005
2 0.845482 0.653533 0.117067 0.255435 0.00209045
2 0.91182 0.654891 0.169096 0.355978 0.00206757
2 0.895561 0.69837 0.118367 0.171196 0.00189686
2 0.137919 0.668648 0.150154 0.268682 0.00179577
2 0.119262 0.731658 0.238524 0.449728 0.0017271
0 0.489079 0.528872 0.356403 0.23981 0.00170708
0 0.124221 0.668478 0.142431 0.26087 0.00168133
2 0.609398 0.338315 0.135277 0.167799 0.00166798
2 0.598341 0.332201 0.104059 0.11413 0.00165462
2 0.918514 0.694973 0.162973 0.210598 0.00161076
1 0.131538 0.674592 0.133326 0.266304 0.00156116
0 0.715408 0.973505 0.551515 0.0529892 0.00152493
1 0.694434 0.355639 0.320308 0.252038 0.00150681
1 0.538182 0.254161 0.152837 0.101732 0.00146103
0 0.458511 0.582201 0.288765 0.115489 0.00144386
2 0.483876 0.73913 0.330388 0.203804 0.795898
0 0.482575 0.744565 0.329088 0.203804 0.174927
2 0.871497 0.692935 0.0676386 0.160326 0.0609741
0 0.331689 0.47962 0.0689393 0.0733696 0.00538635
1 0.482575 0.744565 0.329088 0.203804 0.00457382
2 0.715408 0.713315 0.0559319 0.0679348 0.00450516
2 0.698498 0.714674 0.0923526 0.0815217 0.00348282
0 0.715408 0.713315 0.0559319 0.0679348 0.00271416
0 0.872798 0.691576 0.07024 0.168478 0.00226974
2 0.242263 0.727582 0.250393 0.177989 0.00209999
2 0.593138 0.33288 0.0988564 0.0855978 0.00198746
1 0.715408 0.713315 0.0559319 0.0679348 0.00189686
0 0.698498 0.714674 0.0923526 0.0815217 0.00174141
2 0.812964 0.706522 0.12357 0.152174 0.00165462
0 0.245027 0.71875 0.238361 0.195652 0.00161648
1 0.870196 0.700408 0.0650371 0.142663 0.00153065
2 0.550864 0.746603 0.19251 0.180707 0.00148964
2 0.82467 0.688179 0.130074 0.1875 0.0014782
2 0.749227 0.738451 0.282261 0.161685 0.00130463
0 0.228118 0.675951 0.226004 0.262228 0.00124454
1 0.539157 0.262568 0.154788 0.115489 0.00118828
2 0.790391 0.09893 0.419219 0.19786 0.00117874
2 0.294049 0.737772 0.133814 0.154891 0.00116539
2 0.684841 0.71875 0.120969 0.0923913 0.0011158
1 0.87605 0.686141 0.0780445 0.173913 0.00110722
2 0.786163 0.169837 0.427674 0.339674 0.00104809
2 0.487128 0.75 0.321283 0.203804 0.931641
1 0.71931 0.711956 0.0442252 0.0733695 0.0708008
2 0.798655 0.711957 0.156089 0.179348 0.0577087
2 0.870196 0.694293 0.0780445 0.173913 0.035675
2 0.71866 0.711956 0.0455259 0.0733695 0.0254669
1 0.527126 0.267663 0.125522 0.111413 0.0187683
2 0.803858 0.680027 0.153488 0.235054 0.0161591
2 0.762885 0.725543 0.225028 0.195652 0.0153046
0 0.486477 0.747283 0.322584 0.197011 0.0126266
1 0.486477 0.747283 0.322584 0.197011 0.00919342
2 0.294943 0.722147 0.104059 0.108696 0.00905609
2 0.301772 0.733696 0.119018 0.141304 0.00328636
2 0.5694 0.315897 0.12292 0.110054 0.00293541
2 0.591837 0.33356 0.102759 0.107337 0.00279999
2 0.85979 0.656929 0.104059 0.278533 0.00264168
1 0.294943 0.722147 0.104059 0.108696 0.00257111
2 0.82337 0.711956 0.14048 0.19837 0.00195694
0 0.71866 0.711956 0.0455259 0.0733695 0.00161648
1 0.792152 0.717391 0.15869 0.154891 0.00157928
2 0.293968 0.999321 0.587935 0.00135879 0.00131989
1 0.871497 0.686141 0.0780445 0.205163 0.00127411
1 0.792152 0.692935 0.15869 0.236413 0.00125504
1 0.5694 0.315897 0.12292 0.110054 0.0012064
0 0.527126 0.267663 0.125522 0.111413 0.00115108
0 0.294943 0.722147 0.104059 0.108696 0.0011425
1 0.762885 0.725543 0.225028 0.195652 0.00112057
1 0.324535 0.474185 0.0689393 0.0788044 0.00107765
2 0.492006 0.75 0.312828 0.195652 0.861328
2 0.875399 0.690217 0.075443 0.173913 0.0970459
2 0.867595 0.697011 0.0624356 0.146739 0.0490417
2 0.691995 0.722826 0.114465 0.107337 0.0107803
2 0.812964 0.695652 0.143082 0.199728 0.00602722
2 0.799956 0.713995 0.150886 0.161685 0.00568771
2 0.900113 0.684103 0.127473 0.194293 0.00502014
2 0.681589 0.737772 0.119668 0.127717 0.00460815
2 0.887756 0.631114 0.12357 0.33288 0.0042305
2 0.910519 0.618376 0.145683 0.347486 0.00367928
2 0.745325 0.736413 0.258848 0.165761 0.00201988
2 0.594439 0.330842 0.104059 0.115489 0.00199509
2 0.691995 0.740489 0.150886 0.163043 0.00185299
1 0.7011 0.724185 0.0884504 0.103261 0.00143814
2 0.486152 0.749321 0.324535 0.188859 0.877441
2 0.867595 0.702446 0.0598341 0.142663 0.0173798
2 0.879952 0.697011 0.0832475 0.165761 0.0112457
2 0.786949 0.720109 0.166495 0.13587 0.00436401
0 0.489729 0.747962 0.319982 0.192935 0.00376511
2 0.904016 0.705163 0.137879 0.160326 0.00226974
1 0.329738 0.477921 0.0572326 0.0611413 0.00152493
2 0.272424 0.73913 0.157552 0.144022 0.00147247
2 0.592488 0.335938 0.100157 0.0754076 0.00139904
0 0.329738 0.477921 0.0572326 0.0611413 0.00135136
1 0.489729 0.747962 0.319982 0.192935 0.00109863
1 0.515744 0.267663 0.0949542 0.0917119 0.00104427
2 0.492006 0.744565 0.329738 0.206522 0.844727
2 0.873448 0.69837 0.07024 0.141304 0.291748
1 0.49038 0.744565 0.325185 0.214674 0.0386047
1 0.722562 0.713315 0.0390223 0.0625 0.0381775
1 0.873448 0.69837 0.0715408 0.157609 0.00588989
1 0.332014 0.478601 0.0650371 0.0699728 0.00559998
0 0.49038 0.744565 0.325185 0.214674 0.00460815
2 0.312503 0.743207 0.104059 0.141304 0.00443268
0 0.873448 0.69837 0.0715408 0.157609 0.00355148
2 0.585984 0.339334 0.0910519 0.0903532 0.00322342
1 0.584033 0.337636 0.0819467 0.0869565 0.00288963
2 0.299821 0.726902 0.0845482 0.105978 0.00288963
1 0.50859 0.264351 0.0871497 0.100374 0.00200272
0 0.332014 0.478601 0.0656874 0.0665761 0.00191879
2 0.89361 0.701087 0.114465 0.153533 0.00166798
2 0.868896 0.692255 0.0624356 0.186141 0.00166798
0 0.584033 0.337636 0.0819467 0.0869565 0.00151253
2 0.173161 0.674083 0.121294 0.274117 0.00135136
2 0.153488 0.664572 0.137879 0.276834 0.00126457
2 0.123936 0.659137 0.120888 0.255095 0.0011692
2 0.724513 0.709918 0.0429245 0.0733695 0.00108147
2 0.485827 0.747283 0.323885 0.213315 0.885742
2 0.8767 0.69837 0.0728415 0.152174 0.151489
1 0.485827 0.747283 0.323885 0.213315 0.00345612
0 0.485827 0.747283 0.323885 0.213315 0.00277901
1 0.87735 0.699049 0.0767438 0.152174 0.00209999
0 0.878001 0.692935 0.0741423 0.144022 0.00183105
2 0.719961 0.713315 0.0416237 0.0679348 0.00171375
2 0.489079 0.743886 0.318682 0.197011 0.882324
2 0.864993 0.691576 0.0624356 0.182065 0.0352783
0 0.48225 0.741848 0.321934 0.209239 0.00224304
1 0.48225 0.741848 0.321934 0.209239 0.00192642
2 0.827922 0.691576 0.0923526 0.182065 0.0017271
2 0.295268 0.740489 0.109262 0.146739 0.00148964
2 0.863042 0.678159 0.0767438 0.219769 0.00138283
2 0.487778 0.745924 0.319982 0.199728 0.918457
2 0.864993 0.6875 0.0650371 0.184783 0.0263519
2 0.867595 0.695652 0.0572326 0.146739 0.00321007
2 0.721261 0.711277 0.0494282 0.0774456 0.00204277
2 0.864993 0.669158 0.080646 0.230978 0.00179577
2 0.29852 0.737772 0.113815 0.129076 0.00168133
0 0.487778 0.743207 0.319982 0.206522 0.00153065
1 0.487778 0.743207 0.319982 0.206522 0.00106049
2 0.172348 0.684613 0.116091 0.247622 0.00100803
2 0.489079 0.745924 0.322584 0.1875 0.864258
1 0.489079 0.745924 0.323885 0.195652 0.0346069
0 0.489079 0.745924 0.323885 0.195652 0.0154877
2 0.866294 0.696331 0.0624356 0.14538 0.00955963
2 0.721912 0.712636 0.0455259 0.0611413 0.00187492
2 0.75378 0.730978 0.258848 0.173913 0.00124931
2 0.294699 0.726223 0.0934908 0.0869565 0.00119686
2 0.818167 0.710598 0.115766 0.160326 0.00106049
2 0.487453 0.745245 0.321934 0.197011 0.901367
2 0.864993 0.694293 0.0572327 0.152174 0.00291252
2 0.875399 0.691576 0.080646 0.179348 0.00166798
2 0.747927 0.72962 0.265351 0.190217 0.00149536
0 0.486152 0.747283 0.324535 0.203804 0.00122547
2 0.804509 0.713315 0.14048 0.171196 0.00101185
2 0.481925 0.745924 0.331689 0.201087 0.876465
2 0.866294 0.684783 0.0650371 0.192935 0.00723267
2 0.801907 0.710598 0.145683 0.190217 0.00131512
2 0.759633 0.730978 0.241938 0.209239 0.00124454
2 0.725814 0.710598 0.0494282 0.0923913 0.00123501
2 0.866294 0.671365 0.0780445 0.233356 0.00100422
2 0.483876 0.745245 0.326486 0.192935 0.856934
2 0.864993 0.692255 0.0572327 0.164402 0.0381775
0 0.483876 0.745924 0.326486 0.190217 0.0265503
1 0.483876 0.745924 0.326486 0.190217 0.0122375
2 0.295187 0.728261 0.0912145 0.0978261 0.00178242
2 0.724513 0.711957 0.0442252 0.0760869 0.00145531
2 0.864993 0.679178 0.0676386 0.204144 0.0012064
2 0.486477 0.745924 0.321283 0.184783 0.921875
2 0.867595 0.695652 0.0598341 0.173913 0.0209656
0 0.485502 0.745245 0.324535 0.186141 0.00575256
1 0.485502 0.745245 0.324535 0.186141 0.00367928
2 0.299821 0.743207 0.107311 0.133152 0.00203514
2 0.725814 0.713315 0.0416237 0.0720109 0.00194168
2 0.487128 0.747283 0.322584 0.190217 0.915527
2 0.866944 0.697011 0.0585334 0.163043 0.00629044
0 0.486152 0.747283 0.324535 0.190217 0.00192642
1 0.486152 0.747283 0.324535 0.190217 0.00192642
2 0.298195 0.743886 0.111213 0.13587 0.00104809
2 0.487128 0.747283 0.322584 0.190217 0.915527
2 0.866944 0.697011 0.0585334 0.163043 0.00629044
0 0.486152 0.747283 0.324535 0.190217 0.00192642
1 0.486152 0.747283 0.324535 0.190217 0.00192642
2 0.298195 0.743886 0.111213 0.13587 0.00105667
