1 0.280147 0.613095 0.212121 0.245536 0.891113
1 0.794521 0.732143 0.193754 0.25 0.854004
1 0.247069 0.614211 0.209358 0.232887 0.0778198
1 0.190178 0.59747 0.102078 0.190476 0.0739746
0 0.796471 0.730655 0.196355 0.251488 0.053009
2 0.54095 0.349702 0.153443 0.184524 0.0381775
2 0.795171 0.731957 0.193754 0.250372 0.036499
2 0.290062 0.615327 0.184489 0.264881 0.0234222
0 0.291362 0.613095 0.18839 0.241071 0.0213623
2 0.50519 0.81622 0.172948 0.21875 0.012146
1 0.75811 0.739397 0.205457 0.226562 0.0114212
1 0.406038 0.627232 0.147591 0.257441 0.0104065
1 0.698294 0.744234 0.119633 0.225818 0.0102463
2 0.512992 0.351097 0.133287 0.177269 0.00971222
1 0.390108 0.603795 0.119633 0.210566 0.00787354
2 0.555254 0.335938 0.200256 0.234375 0.00769424
1 0.207082 0.607515 0.124835 0.238839 0.00709534
2 0.554929 0.280878 0.247719 0.383185 0.0068779
2 0.482759 0.348307 0.172948 0.169457 0.00600433
1 0.846535 0.737351 0.135238 0.285714 0.00551224
1 0.775015 0.522321 0.0910253 0.144345 0.00428009
2 0.483734 0.68564 0.232765 0.549851 0.00380898
1 0.790619 0.52381 0.0728202 0.147321 0.00365067
1 0.79322 0.52381 0.114432 0.166667 0.00359344
2 0.537049 0.837798 0.123534 0.151786 0.00353813
0 0.554929 0.280878 0.247719 0.383185 0.00340271
1 0.5 0.5 1 1 0.00340271
0 0.54095 0.349702 0.153443 0.184524 0.00322342
2 0.348172 0.345238 0.696343 0.690476 0.00319672
0 0.190178 0.59747 0.102078 0.190476 0.00298119
2 0.5 0.5 1 1 0.00298119
2 0.5 0.5 1 1 0.00293541
0 0.5 0.5 1 1 0.00288963
0 0.5 0.514881 1 0.970238 0.00288963
1 0.312412 0.61942 0.152142 0.209077 0.00284576
2 0.5 0.5 1 1 0.00283432
2 0.5 0.5 1 1 0.00282288
0 0.272507 0.611607 0.228701 0.284226 0.00281143
2 0.539325 0.705543 0.304935 0.544271 0.00281143
2 0.5 0.5 1 1 0.00276756
1 0.5 0.5 1 1 0.00275803
0 0.5 0.5 1 1 0.00270462
0 0.5 0.428199 1 0.856399 0.00265312
2 0.651481 0.690476 0.512342 0.377976 0.00251198
0 0.483734 0.68564 0.232765 0.549851 0.0024929
2 0.5 0.5 1 1 0.00246239
1 0.50519 0.81622 0.172948 0.21875 0.0024147
2 0.5 0.5 1 1 0.00239754
0 0.5 0.5 1 1 0.00236893
2 0.674248 0.606213 0.651503 0.787574 0.00233269
1 0.788019 0.727679 0.200256 0.258929 0.865234
1 0.288761 0.598586 0.196192 0.267113 0.800781
1 0.536724 0.697173 0.377755 0.467262 0.0628052
1 0.527947 0.612351 0.339394 0.324405 0.0407715
1 0.845896 0.717262 0.308208 0.316964 0.0183716
1 0.923267 0.726935 0.153465 0.316964 0.00898743
2 0.57736 0.712798 0.392709 0.476191 0.00803375
1 0.25162 0.599702 0.153443 0.235119 0.00453949
2 0.288599 0.591518 0.173111 0.267857 0.00448608
2 0.553954 0.768601 0.260072 0.318452 0.00362206
2 0.795171 0.726935 0.185952 0.255952 0.00356483
2 0.52372 0.779762 0.208708 0.285714 0.00302696
2 0.508116 0.8125 0.185301 0.235119 0.00286674
1 0.627912 0.716518 0.465854 0.46875 0.00284576
1 0.830942 0.75 0.338116 0.41369 0.00234985
1 0.489586 0.580357 0.312087 0.339286 0.00234222
2 0.302984 0.693452 0.422617 0.517857 0.00226021
2 0.322164 0.718006 0.644329 0.563988 0.00202751
1 0.89726 0.787202 0.205479 0.419643 0.00201988
1 0.19668 0.572917 0.0851737 0.221726 0.00192642
0 0.322164 0.718006 0.644329 0.563988 0.00192642
2 0.469105 0.5 0.93821 1 0.00186062
2 0.405062 0.633557 0.810125 0.732887 0.00185299
1 0.322164 0.718006 0.644329 0.563988 0.00179577
1 0.28933 0.831287 0.578661 0.337426 0.00179577
2 0.28933 0.831287 0.578661 0.337426 0.00175476
0 0.405062 0.633557 0.810125 0.732887 0.00174809
0 0.28933 0.831287 0.578661 0.337426 0.00174141
1 0.405062 0.633557 0.810125 0.732887 0.0017271
0 0.469105 0.5 0.93821 1 0.0016489
1 0.469105 0.5 0.93821 1 0.00164223
1 0.357924 0.558036 0.373204 0.389881 0.00159168
1 0.302984 0.693452 0.422617 0.517857 0.00157928
1 0.856299 0.605283 0.287402 0.601935 0.0015192
0 0.430745 0.456101 0.861489 0.912202 0.00144958
2 0.423918 0.842076 0.847835 0.315848 0.00143814
0 0.5 0.386161 1 0.772321 0.00137806
2 0.527947 0.612351 0.339394 0.324405 0.00137234
2 0.5 0.386161 1 0.772321 0.00134563
0 0.854999 0.674293 0.290003 0.651414 0.00134563
2 0.659132 0.778274 0.681737 0.443452 0.00134563
1 0.925218 0.631324 0.149564 0.406994 0.00132465
0 0.343946 0.748512 0.687891 0.502976 0.00132465
2 0.591502 0.807292 0.751934 0.385417 0.00132465
2 0.774539 0.763393 0.450923 0.473214 0.00131512
2 0.430745 0.456101 0.861489 0.912202 0.00129986
2 0.392059 0.708519 0.784118 0.582961 0.00129414
0 0.774539 0.763393 0.450923 0.473214 0.0012846
1 0.423918 0.842076 0.847835 0.315848 0.00126934
2 0.343946 0.748512 0.687891 0.502976 0.00124931
1 0.28738 0.607143 0.202856 0.258929 0.891602
1 0.789319 0.720982 0.197655 0.242559 0.842773
2 0.788019 0.723958 0.184651 0.229167 0.0078125
1 0.830281 0.650298 0.257471 0.299107 0.0042305
2 0.624336 0.602679 0.134912 0.130952 0.00385475
2 0.329642 0.0949591 0.241867 0.189918 0.00359344
2 0.285754 0.607515 0.183351 0.237351 0.00282288
1 0.716499 0.5 0.153443 0.19494 0.00256157
1 0.672937 0.548363 0.231464 0.208333 0.00230598
2 0.326472 0.146763 0.245606 0.293527 0.00210762
1 0.834832 0.520833 0.133937 0.166667 0.00196457
1 0.794521 0.68006 0.171648 0.15625 0.00187492
2 0.607431 0.595238 0.119308 0.130952 0.00168133
2 0.525346 0.796131 0.208058 0.285714 0.00162315
2 0.850447 0.184524 0.299105 0.369048 0.00157928
2 0.64953 0.590774 0.185952 0.151042 0.00149536
1 0.762012 0.744048 0.213259 0.241071 0.00145531
2 0.815988 0.21224 0.368025 0.424479 0.00143242
1 0.626937 0.607515 0.142715 0.112351 0.00140476
1 0.304284 0.542039 0.206757 0.228423 0.00138855
1 0.264623 0.587054 0.219761 0.248512 0.00137234
1 0.876443 0.542411 0.228864 0.197917 0.00136185
1 0.797121 0.490699 0.150842 0.201637 0.00135612
2 0.459027 0.359003 0.14564 0.151786 0.00133514
2 0.822478 0.198289 0.336794 0.396577 0.00127411
0 0.785418 0.723958 0.205457 0.244048 0.00126457
2 0.671637 0.559152 0.235365 0.213542 0.00123978
0 0.285754 0.607515 0.183351 0.237351 0.0012207
2 0.895635 0.18564 0.20873 0.37128 0.00116539
2 0.53965 0.272879 0.274376 0.298735 0.00116062
2 0.321514 0.19494 0.274376 0.389881 0.0011425
1 0.262673 0.637649 0.235365 0.494048 0.00106049
2 0.543876 0.75372 0.247719 0.349702 0.00104046
1 0.82509 0.204241 0.349819 0.408482 0.00100803
1 0.291931 0.612351 0.198305 0.236607 0.961914
1 0.79322 0.732143 0.193754 0.244048 0.939941
1 0.723001 0.506696 0.140439 0.166667 0.222046
2 0.586463 0.352307 0.195054 0.168899 0.146606
1 0.177987 0.819941 0.0477883 0.0580357 0.136108
2 0.819227 0.199591 0.353698 0.399182 0.126831
2 0.552003 0.184896 0.137838 0.0982143 0.0974121
2 0.423268 0.317057 0.309486 0.304874 0.0800781
2 0.396041 0.282552 0.33403 0.373884 0.0665894
1 0.855638 0.547619 0.0767213 0.13244 0.0637207
1 0.97267 0.734375 0.046813 0.0818452 0.055603
1 0.565332 0.842262 0.07217 0.110119 0.0535889
2 0.545501 0.340402 0.117032 0.143601 0.0499573
1 0.586463 0.830357 0.0546152 0.0818452 0.0472412
1 0.810125 0.52567 0.0832231 0.155506 0.0458679
1 0.715849 0.528274 0.159944 0.172619 0.0458679
2 0.460978 0.357887 0.152142 0.145089 0.0417786
2 0.249751 0.204985 0.120771 0.15997 0.0405273
1 0.960967 0.544643 0.0572159 0.0669643 0.0381775
1 0.950564 0.560268 0.0676188 0.10119 0.0380249
2 0.469755 0.821429 0.102729 0.205357 0.0374756
1 0.97397 0.749256 0.046813 0.0922619 0.0347595
1 0.823129 0.537202 0.111831 0.169643 0.0332031
1 0.670824 0.549107 0.244793 0.288691 0.0327148
2 0.524045 0.317708 0.0819227 0.0967262 0.0324707
2 0.493487 0.854167 0.131336 0.119048 0.0309143
2 0.960967 0.544643 0.0572159 0.0669643 0.0299835
2 0.522095 0.33631 0.0845234 0.136161 0.0283356
2 0.530872 0.0762881 0.232114 0.113049 0.0279083
1 0.587763 0.357515 0.189853 0.166667 0.0263519
2 0.348822 0.207031 0.0578661 0.111979 0.0261536
2 0.953815 0.544643 0.0728202 0.0758929 0.0253754
1 0.570858 0.196429 0.187252 0.134673 0.0246124
2 0.353373 0.188616 0.0461628 0.0840774 0.0239563
1 0.551028 0.840774 0.086474 0.10119 0.0237732
1 0.552003 0.184896 0.137838 0.0982143 0.0232391
2 0.570858 0.196429 0.187252 0.134673 0.0195618
1 0.953815 0.544643 0.0728202 0.0758929 0.018692
2 0.39791 0.358631 0.263973 0.160714 0.0184021
2 0.570533 0.206473 0.224312 0.165179 0.0182648
2 0.465529 0.333333 0.152142 0.169643 0.0167236
1 0.9018 0.56064 0.093626 0.107887 0.0164642
2 0.477232 0.337147 0.111181 0.106957 0.0160217
2 0.156368 0.25744 0.312737 0.514881 0.0160217
1 0.528922 0.0849144 0.234715 0.0965402 0.0157776
1 0.594265 0.839286 0.0585162 0.0922619 0.0152512
1 0.886196 0.563244 0.0559155 0.0922619 0.0150146
1 0.571834 0.603423 0.0474632 0.0877976 0.0137405
2 0.565332 0.842262 0.07217 0.110119 0.0136337
1 0.659933 0.169596 0.0728202 0.130301 0.0131683
1 0.285998 0.613095 0.212121 0.236607 0.782715
1 0.79322 0.728423 0.205457 0.255952 0.749023
1 0.680089 0.553199 0.243167 0.27753 0.0280151
1 0.704796 0.517113 0.174248 0.191964 0.0200958
1 0.555254 0.724702 0.356299 0.404762 0.0100098
2 0.790619 0.728423 0.210659 0.260417 0.00871277
2 0.555254 0.781436 0.308186 0.309152 0.00677109
2 0.333218 0.801339 0.314037 0.321429 0.00591278
1 0.565657 0.775298 0.318588 0.299107 0.00538635
0 0.888483 0.860119 0.223034 0.279762 0.0050621
2 0.888483 0.860119 0.223034 0.279762 0.00468063
1 0.580286 0.580729 0.407663 0.328125 0.00324821
1 0.889458 0.863467 0.221084 0.273065 0.00314713
2 0.508441 0.789435 0.187252 0.245536 0.00298119
1 0.514618 0.604167 0.32444 0.223214 0.00269318
2 0.62271 0.776972 0.491862 0.374628 0.00264168
1 0.913515 0.644345 0.17297 0.383929 0.00255013
0 0.790619 0.728423 0.210659 0.260417 0.00255013
1 0.497063 0.595982 0.281528 0.178571 0.00226974
0 0.547777 0.275484 0.314037 0.359747 0.0019722
1 0.55948 0.671503 0.494787 0.412946 0.00179577
1 0.921317 0.655134 0.157366 0.334077 0.0017004
1 0.333218 0.801339 0.314037 0.321429 0.00150108
1 0.902451 0.660342 0.195054 0.37872 0.00148964
1 0.508441 0.789435 0.187252 0.245536 0.00133038
2 0.220086 0.276786 0.369953 0.348958 0.00121593
2 0.546802 0.279948 0.32249 0.344866 0.00115108
2 0.507141 0.845982 0.171648 0.138393 0.0011425
0 0.220086 0.276786 0.369953 0.348958 0.00113392
2 0.481459 0.771577 0.423268 0.377976 0.00102806
1 0.277546 0.599702 0.213422 0.273809 0.837402
1 0.786068 0.729167 0.198955 0.267857 0.833496
2 0.820539 0.231213 0.358922 0.462426 0.0639648
2 0.786718 0.72247 0.205457 0.275298 0.0552063
2 0.348497 0.791667 0.226263 0.227679 0.0222931
1 0.717799 0.49256 0.136538 0.139881 0.0207977
2 0.796482 0.161458 0.407035 0.322917 0.0181885
1 0.678626 0.535714 0.23439 0.202381 0.0162201
1 0.698294 0.505952 0.17945 0.178571 0.0150146
2 0.501289 0.827381 0.191153 0.142857 0.0144501
0 0.521445 0.27646 0.348497 0.326544 0.0104065
2 0.519494 0.782552 0.236666 0.262277 0.0086441
1 0.295101 0.556176 0.209521 0.279018 0.0078125
2 0.875804 0.848958 0.248391 0.302083 0.00725937
2 0.237804 0.25 0.475607 0.5 0.00703812
2 0.673587 0.765625 0.568258 0.372024 0.00653839
0 0.527621 0.236607 0.314037 0.25 0.00614548
2 0.306804 1 0.309648 0 0.00614548
0 0.19034 0.267857 0.296157 0.324405 0.00612259
2 0.694892 0.239583 0.610217 0.479167 0.00570679
0 0.820539 0.231213 0.358922 0.462426 0.00527954
0 0.520144 0.31622 0.286079 0.236607 0.00473785
1 0.466505 0.600818 0.231464 0.194196 0.00385475
2 0.347928 0.800595 0.321027 0.308036 0.00385475
2 0.200743 0.284598 0.401486 0.569196 0.00340271
2 0.226425 0.142299 0.452851 0.284598 0.00322342
2 0.521445 0.292225 0.326391 0.316592 0.00319672
0 0.811425 0.207961 0.340695 0.415923 0.00291252
2 0.605318 0.262835 0.629375 0.44308 0.00286674
2 0.570858 0.833333 0.0819227 0.104167 0.00282288
2 0.682051 0.310268 0.635899 0.620536 0.00275803
2 0.23504 1 0.39596 0 0.00273705
2 0.78933 0.298921 0.421339 0.597842 0.00268364
2 0.467805 0.577381 0.197005 0.119048 0.00265312
0 0.788019 0.728423 0.192453 0.270833 0.00264168
2 0.220086 0.172991 0.440172 0.345982 0.00252151
2 0.869953 0.798363 0.260095 0.403274 0.00250244
2 0.187415 0.683408 0.374829 0.633185 0.00247192
2 0.520144 0.31622 0.286079 0.236607 0.00235939
1 0.866702 0.84747 0.266596 0.30506 0.00223351
1 0.639778 0.55878 0.187252 0.145833 0.00219154
2 0.827041 0.368676 0.345918 0.737351 0.00217438
2 0.343295 0.244792 0.686591 0.489583 0.00216484
2 0.811425 0.207961 0.340695 0.415923 0.00214958
1 0.306804 1 0.309648 0 0.00210762
0 0.875804 0.848958 0.248391 0.302083 0.00206757
1 0.467805 0.577381 0.197005 0.119048 0.00201035
2 0.552328 0.744048 0.345246 0.334821 0.00190449
2 0.302659 0.0874256 0.306235 0.174851 0.00185299
2 0.473006 0.601935 0.239917 0.1875 0.00174809
1 0.790619 0.724702 0.187252 0.248512 0.861328
1 0.2938 0.610863 0.186114 0.232143 0.811523
1 0.723001 0.511161 0.135238 0.174851 0.0492249
0 0.795821 0.721912 0.195054 0.267485 0.0138474
1 0.178312 0.820685 0.046813 0.0550595 0.00806427
2 0.399536 0.779762 0.138488 0.248512 0.0068779
2 0.79257 0.72154 0.197655 0.268229 0.0049057
2 0.343295 0.788504 0.278277 0.274182 0.00453949
2 0.500639 0.784412 0.193754 0.261533 0.00434875
0 0.539 0.269345 0.279578 0.345238 0.00390053
0 0.923918 0.856399 0.152165 0.287202 0.00325966
1 0.706096 0.539807 0.18075 0.179315 0.00317192
1 0.16287 0.568452 0.14434 0.208333 0.00279999
2 0.0141414 0.1875 0.0282829 0.375 0.00247192
2 0.00674562 0.817522 0.0134912 0.364955 0.00230598
1 0.724301 0.418155 0.148241 0.363839 0.00206757
2 0.842645 0.849702 0.31471 0.300595 0.00203514
1 0.182376 0.83631 0.0643679 0.10119 0.00191212
2 0.803634 0.189174 0.392731 0.378348 0.00184631
0 0.549403 0.22061 0.275677 0.276042 0.00168705
0 0.904087 0.860119 0.191826 0.279762 0.00168705
1 0.637014 0.551339 0.294207 0.241071 0.00162315
1 0.301034 0.999256 0.28738 0.00148813 0.00154877
0 0.00853362 0.191592 0.0170672 0.383185 0.00151253
0 0.506491 0.808036 0.182051 0.193452 0.00151253
2 0.506491 0.808036 0.182051 0.193452 0.0014267
0 0.724951 0.508185 0.123534 0.174107 0.00136662
0 0.276896 0.603423 0.216022 0.263393 0.0012598
2 0.596215 0.783482 0.423918 0.321429 0.00120163
1 0.715199 0.492188 0.14304 0.226935 0.00106525
1 0.191844 0.881696 0.253489 0.236607 0.00106049
0 0.942123 0.857515 0.115755 0.28497 0.00105286
1 0.328422 0.53311 0.216998 0.247768 0.00102425
1 0.169372 0.830357 0.0858238 0.0892857 0.00101662
2 0.362151 0.77846 0.197005 0.249628 0.00101662
2 0.916766 0.857143 0.166469 0.285714 0.00100803
1 0.79192 0.724888 0.200256 0.276414 0.889648
1 0.290631 0.599702 0.200906 0.285714 0.873047
2 0.381006 0.776042 0.163845 0.245536 0.00891876
2 0.538349 0.277158 0.318588 0.355655 0.00871277
1 0.7217 0.534226 0.150842 0.239583 0.00790405
2 0.544851 0.828869 0.0871242 0.165179 0.00725937
2 0.559155 0.83631 0.0663184 0.104167 0.0069046
2 0.410264 0.784226 0.105329 0.247024 0.00653839
2 0.79322 0.726191 0.205457 0.284226 0.00492477
2 0.508766 0.811012 0.168397 0.238095 0.00385475
1 0.708697 0.554316 0.189853 0.212798 0.00247192
1 0.535749 0.276414 0.292581 0.354167 0.00225258
0 0.79192 0.724516 0.202856 0.280134 0.00198746
1 0.922617 0.837426 0.154765 0.325149 0.00187492
0 0.535749 0.276414 0.292581 0.354167 0.00184631
2 0.585162 0.842262 0.0559155 0.119048 0.00138855
1 0.677488 0.573661 0.188552 0.174107 0.0011034
2 0.535749 0.849702 0.0832231 0.172619 0.00107288
1 0.977872 0.727679 0.0338094 0.11756 0.00104809
2 0.810125 0.199963 0.32249 0.399926 0.00102043
1 0.285754 0.605655 0.200906 0.275298 0.85791
1 0.794521 0.726191 0.202856 0.261905 0.829102
2 0.243005 0.257999 0.155068 0.25558 0.069519
2 0.796471 0.721726 0.205457 0.276786 0.0237732
2 0.507791 0.785714 0.17945 0.303571 0.01297
0 0.550378 0.238467 0.268525 0.274554 0.01017
2 0.535099 0.825893 0.111831 0.205357 0.00941467
2 0.55948 0.844494 0.0734704 0.147321 0.00754929
2 0.742506 0.205311 0.176849 0.278367 0.00612259
2 0.357599 0.105748 0.171648 0.211496 0.00595856
2 0.580936 0.201637 0.204807 0.230655 0.00559998
2 0.545501 0.265206 0.271775 0.308873 0.00521851
2 0.75681 0.229539 0.204157 0.351934 0.00469971
2 0.52177 0.281994 0.381656 0.36756 0.00413513
2 0.615721 0.855655 0.10663 0.153274 0.00395966
2 0.331511 0.125279 0.227726 0.250558 0.00340271
2 0.347278 0.167411 0.197492 0.334821 0.00319672
0 0.796471 0.721726 0.205457 0.276786 0.00269318
2 0.729502 0.178943 0.161245 0.207589 0.00239754
1 0.718449 0.537946 0.159944 0.270833 0.00216484
0 0.580936 0.201637 0.204807 0.230655 0.00214958
1 0.615721 0.855655 0.10663 0.153274 0.00184631
2 0.79322 0.221168 0.278277 0.383557 0.00181007
2 0.273807 0.224144 0.190991 0.313616 0.00179577
2 0.294857 0.252976 0.123534 0.258185 0.00170708
2 0.873843 0.196801 0.166446 0.393601 0.00165462
2 0.314687 0.245536 0.111831 0.263393 0.00163555
2 0.576385 0.787202 0.314037 0.306548 0.00159168
1 0.312818 0.570685 0.210496 0.287202 0.00153637
2 0.376455 0.0843564 0.130036 0.168713 0.00143242
2 0.983734 0.87686 0.0325314 0.24628 0.00133514
2 0.349147 0.214286 0.115732 0.25 0.00124931
1 0.64888 0.84375 0.158644 0.193452 0.00116539
1 0.598816 0.785714 0.312087 0.33631 0.0011158
2 0.174411 0.816964 0.0477883 0.0565477 0.0011034
2 0.637177 0.855655 0.131336 0.159226 0.00108624
2 0.972356 0.216704 0.0552877 0.433408 0.00107765
2 0.5416 0.861607 0.0923256 0.157738 0.00102806
2 0.903751 0.640625 0.150842 0.345238 0.00102043
1 0.79127 0.726376 0.193754 0.234747 0.795898
1 0.287705 0.611607 0.197005 0.251488 0.618652
2 0.789319 0.724888 0.202856 0.252604 0.0639648
2 0.50584 0.800595 0.175549 0.223214 0.0243378
2 0.512992 0.824405 0.165146 0.157738 0.0186157
2 0.570858 0.77753 0.308186 0.300595 0.0153046
2 0.532173 0.845238 0.125485 0.119048 0.0118713
1 0.718449 0.477679 0.132637 0.0997024 0.0115051
2 0.656845 0.767857 0.48601 0.331845 0.0106964
2 0.624336 0.614583 0.140114 0.108631 0.00919342
2 0.600117 0.841518 0.0702195 0.116071 0.00919342
1 0.7191 0.501116 0.140439 0.150298 0.0086441
1 0.703495 0.515997 0.175549 0.182292 0.00751877
0 0.532498 0.239211 0.309486 0.244048 0.00679779
2 0.694393 0.622024 0.279578 0.120536 0.00582123
2 0.62271 0.854167 0.112156 0.127976 0.00486755
1 0.686428 0.544643 0.213584 0.241071 0.00475693
2 0.180263 0.818452 0.0354348 0.047619 0.0042305
2 0.687891 0.55878 0.197655 0.179315 0.00416565
2 0.64823 0.616071 0.192453 0.114583 0.00395966
0 0.520144 0.276367 0.390108 0.347563 0.00382423
2 0.28803 0.608259 0.198955 0.247768 0.00345612
2 0.598329 0.606027 0.101103 0.109375 0.00314713
2 0.97137 0.540179 0.0364101 0.0654762 0.00309944
0 0.79127 0.727865 0.204157 0.252604 0.00305176
1 0.694393 0.622024 0.279578 0.120536 0.0029583
2 0.615721 0.895833 0.0897249 0.0833334 0.00291252
2 0.549403 0.204939 0.276977 0.202474 0.00243378
1 0.688541 0.567336 0.283479 0.264137 0.00225258
2 0.64888 0.849702 0.167747 0.159226 0.00211525
1 0.674887 0.588914 0.244468 0.157738 0.00196457
2 0.552328 0.28125 0.25292 0.272321 0.00192642
2 0.510392 0.855655 0.156043 0.136905 0.00191212
2 0.674887 0.588914 0.244468 0.157738 0.00151253
2 0.630025 0.885417 0.130036 0.0892857 0.00142097
0 0.549403 0.204939 0.276977 0.202474 0.00140476
0 0.656845 0.767857 0.48601 0.331845 0.00135612
0 0.570858 0.77753 0.308186 0.300595 0.00132465
2 0.950564 0.542039 0.0624173 0.0736607 0.00124931
2 0.532498 0.239211 0.309486 0.244048 0.00121593
2 0.585 0.359468 0.19798 0.169457 0.00116062
0 0.688541 0.567336 0.283479 0.264137 0.00116062
0 0.694393 0.622024 0.279578 0.120536 0.00113773
2 0.520144 0.276367 0.390108 0.347563 0.00112915
2 0.691792 0.864583 0.195054 0.122024 0.00109863
1 0.806874 0.5 0.0767213 0.0997024 0.00106525
2 0.559805 0.877976 0.105329 0.0997024 0.00105667
2 0.688541 0.567336 0.283479 0.264137 0.00104427
1 0.714548 0.66183 0.344596 0.320685 0.00102425
1 0.790619 0.7234 0.200256 0.270461 0.878906
1 0.28356 0.599702 0.202694 0.263393 0.838867
1 0.176199 0.821429 0.0474632 0.0565477 0.0112457
1 0.281609 0.647321 0.200093 0.175595 0.00714874
1 0.168072 0.823661 0.0601417 0.0714286 0.00484848
2 0.508441 0.795387 0.17945 0.273809 0.00293541
1 0.327691 0.515997 0.10663 0.157738 0.00287819
1 0.590364 0.840774 0.0494137 0.107143 0.00236893
2 0.794521 0.723214 0.202856 0.275298 0.00223351
1 0.244793 0.727493 0.373854 0.488467 0.00216484
1 0.726902 0.468006 0.10923 0.0907738 0.00183868
1 0.981134 0.724516 0.0377329 0.107515 0.00169373
1 0.166284 0.83631 0.068269 0.0967263 0.00134563
1 0.814026 0.514137 0.0910252 0.154018 0.00116062
1 0.601417 0.845238 0.0741206 0.127976 0.00115108
2 0.542576 0.255162 0.28933 0.305153 0.00102425
1 0.293882 0.595982 0.202206 0.272321 0.866211
1 0.797121 0.727865 0.202856 0.270461 0.848145
2 0.798422 0.725446 0.200256 0.273809 0.00462723
1 0.728202 0.482515 0.119633 0.124256 0.00223351
0 0.798422 0.725446 0.200256 0.273809 0.00136662
1 0.728852 0.514881 0.137838 0.198661 0.00119686
1 0.28356 0.595238 0.194892 0.287202 0.833496
1 0.788019 0.726935 0.192453 0.266369 0.832031
1 0.7217 0.485491 0.126135 0.126488 0.00402451
2 0.79127 0.726935 0.196354 0.267857 0.00286674
1 0.7217 0.514137 0.135238 0.188988 0.00271416
1 0.778916 0.588914 0.176849 0.334077 0.00237846
1 0.7191 0.585193 0.14564 0.345982 0.00146675
1 0.723001 0.516369 0.0962267 0.172619 0.00124454
0 0.79127 0.726935 0.196354 0.267857 0.00119209
1 0.812726 0.529018 0.0988274 0.186012 0.00112057
1 0.287055 0.599702 0.198305 0.28125 0.852051
1 0.79192 0.723214 0.202856 0.275298 0.842773
2 0.79322 0.720982 0.205457 0.272321 0.00468063
0 0.79322 0.720982 0.205457 0.272321 0.00247192
1 0.79387 0.72247 0.202856 0.255952 0.852051
1 0.292256 0.600074 0.194404 0.258184 0.819824
1 0.725601 0.482515 0.124835 0.129464 0.00215721
1 0.286161 0.603423 0.203994 0.27381 0.881836
1 0.79257 0.723028 0.201556 0.265253 0.85791
1 0.79257 0.723958 0.206757 0.275298 0.805664
1 0.284048 0.597098 0.20692 0.296875 0.773438
2 0.79257 0.718564 0.208058 0.274182 0.00182438
0 0.79192 0.720238 0.213259 0.279762 0.00101662
1 0.79322 0.725446 0.200256 0.255952 0.852051
1 0.285511 0.605655 0.201393 0.251488 0.778809
2 0.79322 0.725446 0.200256 0.255952 0.00113392
1 0.794521 0.725446 0.200256 0.258929 0.859863
1 0.284698 0.602679 0.212121 0.263393 0.823242
1 0.794521 0.725446 0.200256 0.264881 0.861328
1 0.286405 0.604167 0.207408 0.263393 0.819824
1 0.794521 0.725446 0.200256 0.264881 0.861328
1 0.286405 0.604167 0.207408 0.263393 0.819824
