2 0.227743 0.670322 0.169181 0.219298 0.990723
2 0.765218 0.586257 0.192606 0.216374 0.960449
0 0.22693 0.66557 0.172109 0.224415 0.315674
0 0.765218 0.586257 0.192606 0.216374 0.128906
1 0.22693 0.66557 0.172109 0.224415 0.0766602
2 0.256293 0.662646 0.134206 0.221491 0.0520325
2 0.796451 0.590643 0.145756 0.216374 0.0428772
1 0.765218 0.586257 0.192606 0.216374 0.0347595
2 0.27012 0.31981 0.110456 0.141082 0.0118713
2 0.160396 0.609649 0.320793 0.780702 0.0088501
0 0.256293 0.662646 0.134206 0.221491 0.00720596
2 0.797753 0.57383 0.247264 0.276316 0.00636292
1 0.584325 0.739035 0.0689737 0.0862573 0.00624084
2 0.242059 0.31716 0.165277 0.141996 0.00519943
0 0.784739 0.601243 0.200414 0.278509 0.00475693
2 0.331529 0.641447 0.384561 0.33845 0.00471878
0 0.797753 0.57383 0.247264 0.276316 0.00462723
2 0.784739 0.601243 0.200414 0.278509 0.00460815
2 0.447028 0.490497 0.894056 0.94883 0.00450516
0 0.27012 0.31981 0.110456 0.141082 0.00426483
0 0.799054 0.582602 0.145756 0.222222 0.00416565
2 0.197974 0.701937 0.215706 0.572734 0.00411606
2 0.190654 0.31652 0.0689737 0.0891813 0.00388527
0 0.234576 0.703034 0.198462 0.345395 0.00332451
0 0.5 0.48538 1 0.97076 0.00322342
1 0.602381 0.741959 0.101834 0.109649 0.00314713
1 0.5 0.5 1 1 0.0030632
0 0.780835 0.621345 0.218634 0.453216 0.00300407
0 0.5 0.5 1 1 0.00299263
2 0.5 0.5 1 1 0.0029583
2 0.689575 0.649854 0.588554 0.700292 0.00294685
2 0.5 0.5 1 1 0.00286674
1 0.5 0.5 1 1 0.00284576
0 0.5 0.5 1 1 0.00279999
0 0.160396 0.609649 0.320793 0.780702 0.00269318
0 0.197974 0.701937 0.215706 0.572734 0.0026722
2 0.283378 0.678728 0.28956 0.358918 0.0026722
1 0.5 0.48538 1 0.97076 0.00266266
1 0.5 0.5 1 1 0.00259018
2 0.5 0.48538 1 0.97076 0.00254059
1 0.5 0.5 1 1 0.00246239
0 0.331529 0.641447 0.384561 0.33845 0.00242424
2 0.5 0.491228 1 0.982456 0.00237846
0 0.283378 0.678728 0.28956 0.358918 0.00232315
0 0.242059 0.31716 0.165277 0.141996 0.00226974
2 0.0305827 0.761696 0.0575866 0.0643275 0.00219154
1 0.256293 0.662646 0.134206 0.221491 0.00211525
0 0.190654 0.31652 0.0689737 0.0891813 0.00203514
1 0.27012 0.31981 0.110456 0.141082 0.00199509
0 0.447028 0.490497 0.894056 0.94883 0.00199509
0 0.745697 0.577851 0.203017 0.239035 0.474609
2 0.223514 0.670322 0.176338 0.217836 0.29248
0 0.226117 0.657164 0.182845 0.233918 0.204346
2 0.7483 0.591009 0.184798 0.215643 0.0570679
1 0.745697 0.577851 0.203017 0.239035 0.0412292
1 0.230021 0.665205 0.160722 0.207602 0.0397949
0 0.769773 0.590643 0.165277 0.219298 0.0352783
1 0.576516 0.738304 0.0390418 0.0730994 0.0306702
1 0.69478 0.656433 0.286631 0.29386 0.0165863
2 0.746999 0.560673 0.208223 0.282164 0.0112457
1 0.586765 0.739035 0.052381 0.0818714 0.0104065
1 0.503313 0.622442 0.312985 0.372076 0.00446701
0 0.228882 0.681652 0.155842 0.186403 0.00408554
0 0.707957 0.561404 0.366992 0.345029 0.00385475
0 0.200089 0.66155 0.257025 0.267544 0.00376511
2 0.718205 0.600146 0.367318 0.365497 0.00355148
2 0.799705 0.585892 0.128838 0.221491 0.00286674
0 0.169181 0.685307 0.338362 0.34576 0.00235939
1 0.47208 0.614766 0.43011 0.402047 0.00222588
1 0.771725 0.586257 0.162674 0.210526 0.00211525
2 0.200089 0.66155 0.257025 0.267544 0.00211525
1 0.707957 0.561404 0.366992 0.345029 0.00206757
1 0.238805 0.693165 0.137947 0.163377 0.00190449
2 0.69478 0.656433 0.286631 0.29386 0.00190449
0 0.69478 0.656433 0.286631 0.29386 0.00189686
2 0.567732 0.576023 0.597989 0.438597 0.0017271
0 0.567732 0.576023 0.597989 0.438597 0.00167465
1 0.638332 0.744883 0.14966 0.114035 0.0015974
2 0.776931 0.58845 0.153564 0.211988 0.00157356
1 0.221399 0.652778 0.184472 0.263158 0.00148964
0 0.743848 0.623173 0.512304 0.449561 0.00148392
1 0.554067 0.748538 0.0839398 0.0906433 0.00143814
2 0.169181 0.685307 0.338362 0.34576 0.00142097
0 0.761905 0.581506 0.47619 0.354532 0.00137234
1 0.181707 0.660088 0.265158 0.289474 0.00132465
0 0.5 0.396199 1 0.792398 0.00124454
0 0.5 0.636696 1 0.726608 0.00124454
0 0.583674 0.476243 0.568708 0.541667 0.00123978
2 0.777359 0.822917 0.445282 0.354167 0.00120163
2 0.658932 0.819444 0.682135 0.361111 0.00119686
2 0.825348 0.80117 0.349304 0.397661 0.00118828
2 0.456138 0.464181 0.912275 0.928363 0.00117874
2 0.5 0.636696 1 0.726608 0.0011692
2 0.5 0.403874 1 0.807748 0.00115108
1 0.303794 0.638889 0.602707 0.321637 0.00113773
1 0.5 0.636696 1 0.726608 0.00112438
1 0.658932 0.819444 0.682135 0.361111 0.00112438
0 0.5 0.403874 1 0.807748 0.00112057
2 0.5 0.30117 1 0.602339 0.0011158
1 0.528956 0.819444 0.942088 0.361111 0.00110722
0 0.225303 0.67288 0.168205 0.230263 0.366699
0 0.753505 0.587354 0.176989 0.227339 0.279053
2 0.22449 0.66155 0.163975 0.22807 0.113159
0 0.72032 0.633772 0.230346 0.372807 0.0933228
1 0.225303 0.67288 0.168205 0.230263 0.0803833
0 0.7483 0.593567 0.229045 0.334795 0.0713501
0 0.190654 0.687865 0.23425 0.312866 0.0158997
1 0.754807 0.601243 0.20562 0.322368 0.00891876
0 0.793849 0.576023 0.171784 0.251462 0.00746155
0 0.704053 0.672515 0.300621 0.5 0.00712204
2 0.190654 0.687865 0.23425 0.312866 0.00674438
1 0.72032 0.633772 0.230346 0.372807 0.00564194
1 0.75741 0.58845 0.190003 0.226608 0.0046463
0 0.216682 0.718567 0.24336 0.393275 0.00345612
1 0.190654 0.687865 0.23425 0.312866 0.00344276
2 0.769122 0.577485 0.169181 0.25 0.0029583
0 0.820793 0.555921 0.358414 0.423246 0.00269318
1 0.741793 0.57712 0.249867 0.255117 0.00261116
0 0.78956 0.708699 0.420881 0.582602 0.00235939
0 0.71121 0.558114 0.325348 0.319444 0.00203514
1 0.644839 0.751462 0.167879 0.144737 0.00200272
0 0.741142 0.481817 0.273292 0.533443 0.00198746
1 0.653298 0.722039 0.190003 0.213816 0.00191879
2 0.797753 0.574561 0.178291 0.269006 0.00185299
2 0.72032 0.633772 0.230346 0.372807 0.00178242
0 0.157143 0.760234 0.314286 0.479532 0.00161076
1 0.704053 0.672515 0.300621 0.5 0.00154877
0 0.688436 0.591009 0.291512 0.509503 0.00142097
1 0.216682 0.718567 0.24336 0.393275 0.00129986
0 0.799054 0.551901 0.247264 0.308479 0.00123501
1 0.0627921 0.743969 0.125584 0.512061 0.00123024
1 0.789944 0.570541 0.180893 0.265351 0.00122547
1 0.1752 0.752193 0.3504 0.495614 0.00118351
1 0.741142 0.481817 0.273292 0.533443 0.00115108
2 0.157143 0.760234 0.314286 0.479532 0.00107288
1 0.579119 0.741411 0.0923987 0.128289 0.00106049
0 0.166903 0.747624 0.333807 0.504751 0.00106049
0 0.154378 0.700292 0.308755 0.412281 0.00104046
1 0.937002 0.105263 0.0403431 0.058114 0.00101662
1 0.228394 0.675439 0.15942 0.217836 0.927246
1 0.767821 0.588085 0.20562 0.225877 0.868652
1 0.930495 0.11367 0.0390418 0.0467836 0.416748
1 0.81402 0.0601243 0.0403431 0.0438596 0.255371
1 0.27622 0.319536 0.0813369 0.132858 0.190674
1 0.0281426 0.766082 0.0387164 0.0555556 0.188354
1 0.801657 0.580409 0.145756 0.232456 0.119995
1 0.592296 0.747807 0.0699498 0.0979532 0.117554
1 0.179917 0.337354 0.0435966 0.0511696 0.0957031
1 0.57977 0.745614 0.053357 0.0994152 0.0836182
0 0.27622 0.319536 0.0813369 0.132858 0.0670776
1 0.570009 0.744152 0.0351376 0.0964913 0.064209
1 0.0722272 0.52924 0.0413192 0.0453217 0.0393372
1 0.848507 0.421784 0.0442473 0.0511696 0.0359497
0 0.26646 0.121528 0.0520557 0.106725 0.0346069
1 0.343567 0.895468 0.0481515 0.0526316 0.0332031
1 0.274594 0.330044 0.103461 0.141082 0.0319214
1 0.264508 0.111933 0.0520556 0.104349 0.0303345
1 0.0886573 0.524854 0.0452233 0.0365497 0.0278015
1 0.724875 0.593567 0.126235 0.247076 0.0244293
2 0.547886 0.145833 0.0455487 0.0365497 0.0239563
1 0.612955 0.747807 0.108015 0.106725 0.02211
1 0.974742 0.359284 0.0390418 0.0606725 0.0213623
1 0.624668 0.260965 0.0520556 0.111842 0.0196838
1 0.637031 0.217105 0.059864 0.0709064 0.0165863
0 0.848507 0.421784 0.0442473 0.0511696 0.0156708
0 0.279474 0.32383 0.10281 0.150585 0.0154266
2 0.539101 0.143823 0.051405 0.0372807 0.0153656
1 0.547886 0.145833 0.0455487 0.0365497 0.0151291
1 0.635079 0.263889 0.053357 0.116959 0.0150146
1 0.24336 0.320175 0.156818 0.127193 0.0150146
1 0.257106 0.318713 0.124771 0.153509 0.0143356
1 0.638983 0.241594 0.059864 0.121345 0.0127258
1 0.0275732 0.701023 0.0551465 0.219298 0.0121918
1 0.801657 0.891813 0.0429459 0.0614035 0.0118713
1 0.601243 0.711257 0.100207 0.195906 0.0114212
1 0.0043922 0.884503 0.00878439 0.230994 0.0113297
2 0.405058 0.546053 0.0442473 0.0577485 0.0111618
2 0.343567 0.895468 0.0481515 0.0526316 0.0109863
1 0.776931 0.581871 0.184798 0.307018 0.0107346
1 0.0466874 0.760965 0.0460367 0.0570175 0.00993347
1 0.000325348 0.35974 0.000650696 0.312683 0.00985718
0 0.635079 0.263889 0.053357 0.116959 0.00945282
2 0.0722272 0.52924 0.0413192 0.0453217 0.00891876
1 0.000488022 0.443074 0.000976043 0.290753 0.00891876
0 0.343567 0.895468 0.0481515 0.0526316 0.00871277
1 0.35593 0.292032 0.0455487 0.0533626 0.00809479
1 0.653949 0.751279 0.147057 0.140716 0.00787354
1 0.405058 0.546053 0.0442473 0.0577485 0.00775528
1 0.845519 0.572368 0.308961 0.320175 0.00748825
0 0.770424 0.57712 0.203017 0.249269 0.972168
0 0.229533 0.662281 0.153239 0.229532 0.899902
0 0.776931 0.585161 0.150961 0.239035 0.462891
0 0.808815 0.583699 0.123632 0.233187 0.228149
1 0.935049 0.112573 0.0403431 0.0449561 0.0946655
1 0.224165 0.663743 0.160071 0.229532 0.0803833
1 0.816623 0.0562865 0.0325348 0.0427632 0.0687866
1 0.0297693 0.761696 0.0339988 0.0467836 0.0232391
2 0.225629 0.668129 0.159095 0.222222 0.0228882
0 0.277196 0.328582 0.107365 0.152778 0.0225372
2 0.935049 0.112573 0.0403431 0.0449561 0.0110703
0 0.745697 0.480629 0.268087 0.471491 0.0091629
1 0.567732 0.739035 0.0331855 0.0701754 0.00511932
0 0.275895 0.661184 0.156167 0.227339 0.00438309
1 0.771725 0.574927 0.20562 0.274123 0.00407028
0 0.849808 0.398392 0.0520556 0.122807 0.00353813
0 0.180893 0.334795 0.0494529 0.0584795 0.00351143
1 0.592784 0.745614 0.0650695 0.0964913 0.00348282
0 0.784739 0.538651 0.255073 0.463633 0.00331116
0 0.691201 0.477705 0.353653 0.471491 0.00298119
1 0.180893 0.334795 0.0494529 0.0584795 0.0027256
0 0.253771 0.324653 0.154866 0.175256 0.00219154
0 0.150311 0.665936 0.300621 0.317251 0.00203514
2 0.776931 0.585161 0.150961 0.239035 0.00202751
2 0.0297693 0.761696 0.0339988 0.0467836 0.00168133
1 0.655901 0.75 0.190003 0.131579 0.00166798
2 0.816623 0.0562865 0.0325348 0.0427632 0.00156116
2 0.808815 0.583699 0.123632 0.233187 0.00152493
0 0.83289 0.531433 0.221236 0.422515 0.00135612
0 0.773026 0.493787 0.340964 0.541667 0.0012846
0 0.162349 0.752193 0.324697 0.495614 0.00121593
0 0.935049 0.112573 0.0403431 0.0449561 0.00119209
1 0.277196 0.328582 0.107365 0.152778 0.00110722
0 0.405383 0.539839 0.0520556 0.0504386 0.00108147
0 0.86022 0.55117 0.176989 0.314327 0.00104809
0 0.760012 0.586257 0.192606 0.233918 0.985352
0 0.220423 0.667398 0.172109 0.236842 0.908691
2 0.221236 0.664839 0.169832 0.236111 0.429199
1 0.220911 0.66557 0.169832 0.236111 0.0456848
0 0.793849 0.582237 0.143153 0.236111 0.0375977
2 0.761314 0.582968 0.195209 0.231725 0.021286
1 0.756108 0.587354 0.210825 0.246345 0.0143356
2 0.0296066 0.763889 0.0330228 0.0394737 0.0122375
2 0.573913 0.636696 0.632476 0.460526 0.012146
1 0.605798 0.739583 0.0871932 0.114401 0.01017
1 0.671518 0.343933 0.376102 0.300439 0.00871277
1 0.933748 0.109284 0.0273292 0.0369152 0.00717545
2 0.792547 0.581506 0.145756 0.230263 0.00568771
1 0.630524 0.732456 0.144454 0.144737 0.00518036
0 0.722272 0.582237 0.163975 0.274123 0.00498199
0 0.711861 0.572368 0.321444 0.24269 0.00488663
0 0.687297 0.352979 0.314611 0.260417 0.00434875
1 0.814671 0.058114 0.0273292 0.0347222 0.00416565
2 0.933748 0.109284 0.0273292 0.0369152 0.00407028
0 0.577167 0.630482 0.648093 0.424708 0.00369263
0 0.570009 0.549616 0.635079 0.498721 0.0036068
2 0.0292 0.847222 0.0583999 0.305556 0.00332451
2 0.570009 0.549616 0.635079 0.498721 0.00314713
1 0.566756 0.733918 0.0279799 0.0760234 0.00288963
0 0.278579 0.32712 0.10525 0.135234 0.00286674
2 0.405383 0.538743 0.0370896 0.0453216 0.00253105
1 0.567407 0.646564 0.616859 0.440789 0.00253105
0 0.727478 0.575292 0.278498 0.315789 0.00250244
2 0.201553 0.694627 0.403106 0.610746 0.00237846
1 0.713 0.345029 0.260604 0.207602 0.00229645
1 0.359184 0.294956 0.0338362 0.0431286 0.00209999
1 0.405383 0.538743 0.0370896 0.0453216 0.00208282
0 0.713 0.345029 0.260604 0.207602 0.00194168
2 0.015454 0.858918 0.030908 0.282164 0.00188923
2 0.142828 0.270285 0.285655 0.54057 0.00176811
1 0.562526 0.735197 0.0422952 0.0997807 0.00156116
1 0.653298 0.736111 0.204318 0.182749 0.00153065
2 0.149172 0.748538 0.298344 0.502924 0.00136185
2 0.0689737 0.532164 0.0497782 0.0672515 0.00124454
2 0.711861 0.572368 0.321444 0.24269 0.00123978
1 0.792547 0.581506 0.145756 0.230263 0.00123501
1 0.0296066 0.763889 0.0330228 0.0394737 0.00123501
0 0.85111 0.414474 0.0312334 0.0650585 0.00122547
2 0.0884133 0.133589 0.176827 0.267178 0.00115108
2 0.0452233 0.726608 0.0904467 0.447368 0.00115108
0 0.735286 0.332511 0.221236 0.168311 0.0011158
1 0.192281 0.326389 0.0559598 0.0730994 0.00109482
0 0.359184 0.294956 0.0338362 0.0431286 0.00102806
2 0.0837771 0.524854 0.0692991 0.0570175 0.00101662
0 0.228394 0.662646 0.152263 0.220029 0.963379
0 0.765218 0.576023 0.1874 0.239766 0.908691
1 0.9357 0.110197 0.0312334 0.0467836 0.201782
1 0.601893 0.747076 0.0806863 0.0994152 0.069519
1 0.0307454 0.759503 0.0380657 0.0526316 0.0687866
1 0.815322 0.0575658 0.0247265 0.0464181 0.0509033
1 0.619462 0.744152 0.117125 0.118421 0.0335999
0 0.802958 0.577485 0.131441 0.245614 0.0324707
0 0.277196 0.322734 0.0845904 0.144737 0.0305634
1 0.571961 0.744152 0.0312334 0.0891813 0.024231
0 0.284679 0.338816 0.0871932 0.120614 0.0201721
2 0.0307454 0.759503 0.0380657 0.0526316 0.0133286
0 0.177477 0.464181 0.0790595 0.106725 0.0107346
2 0.222701 0.660453 0.157794 0.246345 0.00703812
2 0.0375777 0.75731 0.0455487 0.0584795 0.00679779
0 0.279474 0.33845 0.0637682 0.0877193 0.00664139
2 0.0737726 0.531433 0.0434339 0.0577485 0.00591278
1 0.228394 0.662646 0.152263 0.220029 0.005867
0 0.848507 0.415205 0.0468501 0.0701754 0.00482941
1 0.645327 0.749817 0.174712 0.15826 0.00436401
0 0.407335 0.54386 0.0468501 0.0599415 0.00378036
1 0.50494 0.741959 0.153564 0.103801 0.00356483
1 0.526413 0.741228 0.109317 0.106725 0.00331116
2 0.0133393 0.18549 0.0266785 0.37098 0.00286674
0 0.0295253 0.833151 0.0590506 0.333699 0.00283432
0 0.0307454 0.759503 0.0380657 0.0526316 0.00275803
1 0.432062 0.719298 0.305827 0.162281 0.00271416
1 0.45386 0.74269 0.302573 0.115497 0.00246239
1 0.984768 0.353436 0.0304637 0.0592105 0.00239754
2 0.0310707 0.57712 0.0514049 0.0694445 0.00235939
0 0.9357 0.110197 0.0312334 0.0467836 0.00211525
1 0.279474 0.33845 0.0637682 0.0877193 0.00197983
1 0.657365 0.739583 0.223514 0.20212 0.00196457
0 0.00536824 0.830775 0.0107365 0.33845 0.00194168
2 0.984768 0.353436 0.0304637 0.0592105 0.00175476
0 0.0737726 0.531433 0.0434339 0.0577485 0.00175476
0 0.344869 0.897661 0.0481515 0.0555556 0.00175476
1 0.0737726 0.531433 0.0434339 0.0577485 0.00171375
0 0.359835 0.292215 0.0416445 0.0515351 0.00165462
0 0.653298 0.739949 0.206921 0.177997 0.00162315
2 0.0295253 0.833151 0.0590506 0.333699 0.00157356
0 0.700799 0.332694 0.303224 0.350694 0.00156116
0 0.192606 0.476974 0.117125 0.140351 0.00153065
0 0.66436 0.317891 0.191305 0.286732 0.00146103
2 0.994854 0.842836 0.0102921 0.314327 0.00141048
2 0.00536824 0.830775 0.0107365 0.33845 0.00140476
2 0.955872 0.103618 0.0793849 0.0866228 0.00135612
0 0.0375777 0.75731 0.0455487 0.0584795 0.00133038
1 0.344869 0.897661 0.0481515 0.0555556 0.00128937
0 0.269388 0.310307 0.113221 0.175439 0.0012598
0 0.223677 0.667398 0.159095 0.24269 0.948242
0 0.75741 0.584795 0.197811 0.260234 0.754883
1 0.222701 0.665205 0.165602 0.245614 0.0913696
1 0.936351 0.110563 0.0325347 0.0482456 0.0628052
2 0.222701 0.665205 0.165602 0.245614 0.0422363
1 0.815972 0.0541849 0.0247265 0.0433114 0.032959
1 0.60775 0.741228 0.109317 0.127193 0.0194244
2 0.030908 0.760234 0.0344869 0.0453217 0.0170441
1 0.573913 0.741228 0.0429459 0.118421 0.0119629
1 0.030908 0.760234 0.0344869 0.0453217 0.011734
1 0.632639 0.741228 0.158444 0.157895 0.0108185
0 0.407335 0.542398 0.0494529 0.0584795 0.00857544
2 0.762615 0.583333 0.210825 0.266082 0.00757599
1 0.769773 0.580044 0.212127 0.263889 0.00701141
0 0.813369 0.571272 0.130139 0.255117 0.00508118
1 0.344869 0.896199 0.0416445 0.0467836 0.00496292
0 0.849808 0.410088 0.0520556 0.0891813 0.00486755
2 0.407335 0.542398 0.0494529 0.0584795 0.00471878
0 0.37415 0.656433 0.236853 0.244152 0.00428009
0 0.281019 0.323922 0.10037 0.16356 0.00312424
0 0.936351 0.110563 0.0325347 0.0482456 0.00300407
0 0.322745 0.652778 0.225141 0.233918 0.00296974
2 0.0896333 0.527047 0.045874 0.0497076 0.00279999
1 0.407335 0.542398 0.0494529 0.0584795 0.00273705
2 0.0762941 0.533626 0.045874 0.0599415 0.00260162
0 0.344869 0.896199 0.0416445 0.0467836 0.00200272
1 0.195371 0.333699 0.0640935 0.0592105 0.00188923
0 0.030908 0.760234 0.0344869 0.0453217 0.00186729
0 0.180893 0.463816 0.0995564 0.107456 0.0016489
1 0.0896333 0.527047 0.045874 0.0497076 0.00162315
2 0.344869 0.896199 0.0416445 0.0467836 0.00158501
1 0.64549 0.744883 0.203017 0.195906 0.00154305
0 0.822479 0.519006 0.127536 0.244152 0.0014782
1 0.180893 0.463816 0.0995564 0.107456 0.00146103
1 0.125584 0.549708 0.217332 0.230994 0.00145531
0 0.125584 0.549708 0.217332 0.230994 0.00137234
2 0.030908 0.581871 0.0465247 0.0570175 0.00134563
1 0.281019 0.323922 0.10037 0.16356 0.00132465
0 0.792547 0.55117 0.171784 0.305556 0.0012064
0 0.0896333 0.527047 0.045874 0.0497076 0.00118351
0 0.848507 0.402412 0.0624668 0.122076 0.0011692
0 0.189027 0.596857 0.259628 0.304825 0.00107288
0 0.645653 0.747076 0.205294 0.197368 0.00106049
0 0.764567 0.58443 0.200414 0.258041 0.904785
2 0.224165 0.672515 0.160722 0.229532 0.723145
0 0.224165 0.672515 0.160722 0.229532 0.607422
2 0.771725 0.580409 0.195209 0.255848 0.242188
1 0.615721 0.737573 0.122005 0.133041 0.144165
0 0.796451 0.576023 0.14055 0.254386 0.0367737
1 0.628572 0.728801 0.14966 0.166667 0.0366211
1 0.222538 0.669225 0.165277 0.236111 0.0348816
1 0.592133 0.739949 0.0754807 0.116594 0.033844
1 0.771725 0.580409 0.195209 0.255848 0.0259552
2 0.796451 0.576023 0.14055 0.254386 0.0222015
1 0.0302573 0.760234 0.0348122 0.0497076 0.00981903
1 0.814671 0.0579313 0.0260279 0.0423977 0.00901794
1 0.650696 0.735197 0.203017 0.196272 0.00643921
0 0.847206 0.408626 0.0520556 0.0847953 0.0049057
1 0.934399 0.110563 0.0286306 0.0442251 0.00432968
2 0.0302573 0.760234 0.0348122 0.0497076 0.00340271
1 0.596688 0.756579 0.121029 0.143275 0.00288963
2 0.934399 0.110563 0.0286306 0.0442251 0.00251198
1 0.796451 0.576023 0.14055 0.254386 0.00208282
1 0.615558 0.711988 0.14055 0.210526 0.00183105
0 0.281832 0.328582 0.118264 0.157164 0.00156116
0 0.285737 0.333425 0.0935375 0.131396 0.00143242
0 0.818575 0.579678 0.104111 0.244152 0.00137234
0 0.847856 0.402412 0.0663709 0.112573 0.00130939
2 0.847206 0.408626 0.0520556 0.0847953 0.0011158
1 0.0479888 0.761696 0.0559598 0.0555556 0.00109482
0 0.758711 0.586257 0.200414 0.245614 0.868652
0 0.224165 0.670687 0.154866 0.209795 0.762207
2 0.219935 0.666301 0.160722 0.215643 0.122925
1 0.9357 0.108735 0.0260278 0.0464181 0.0323486
1 0.0313147 0.761696 0.0385537 0.0584795 0.0241394
2 0.765869 0.58114 0.203017 0.251462 0.0144501
1 0.219935 0.666301 0.160722 0.215643 0.0142288
2 0.0313147 0.761696 0.0385537 0.0584795 0.0115967
1 0.605798 0.741959 0.096303 0.109649 0.0104904
1 0.579119 0.739766 0.0481515 0.0935673 0.00955963
0 0.793849 0.578582 0.153564 0.256579 0.00763702
2 0.0380657 0.760965 0.0465247 0.0716374 0.005867
1 0.0380657 0.760965 0.0465247 0.0716374 0.00426483
1 0.644026 0.739766 0.177315 0.135965 0.00353813
1 0.815972 0.0552814 0.0234251 0.0389254 0.00279999
0 0.0380657 0.760965 0.0465247 0.0716374 0.00186062
1 0.658341 0.744883 0.216356 0.166667 0.00148392
2 0.345519 0.895468 0.0416445 0.0409357 0.00109005
0 0.848507 0.412281 0.0442473 0.0687134 0.00107765
0 0.223839 0.663743 0.162674 0.223684 0.88623
0 0.769122 0.575292 0.192606 0.261696 0.834473
1 0.222863 0.664474 0.16853 0.229532 0.286133
1 0.573913 0.735197 0.0390418 0.0939328 0.0288696
1 0.937002 0.11239 0.0312334 0.0482456 0.028656
1 0.58042 0.73538 0.0520556 0.100877 0.0250854
0 0.407335 0.54386 0.0553091 0.0672515 0.0246124
2 0.766519 0.575658 0.200414 0.263889 0.0243378
1 0.5962 0.738121 0.0803609 0.117325 0.0225372
1 0.774328 0.57712 0.19651 0.255117 0.021698
2 0.223189 0.663012 0.167229 0.223684 0.0205688
0 0.806862 0.571637 0.127536 0.266082 0.0142822
1 0.817274 0.0583882 0.0286306 0.035636 0.0124283
1 0.611003 0.289291 0.0624668 0.115863 0.00651169
1 0.0328601 0.760234 0.0387164 0.0614035 0.00605011
1 0.624017 0.741045 0.134043 0.14364 0.00588989
0 0.41124 0.54386 0.0754807 0.0745614 0.00376511
0 0.848507 0.405702 0.0572612 0.0979532 0.00351143
1 0.584975 0.719298 0.0741793 0.144737 0.00251198
1 0.619462 0.282895 0.0624668 0.134503 0.00201988
1 0.28899 0.333333 0.111757 0.154971 0.00194168
1 0.170482 0.467836 0.0793849 0.111111 0.00176811
1 0.638983 0.216374 0.0572612 0.061038 0.00168705
1 0.635079 0.240863 0.0676723 0.100146 0.00165462
1 0.607099 0.754569 0.108015 0.139985 0.00154877
0 0.527389 0.542763 0.0501036 0.0818713 0.00153065
1 0.940906 0.0965826 0.0390417 0.0963085 0.00148392
1 0.625969 0.216374 0.0572612 0.0694444 0.00146103
1 0.660456 0.755117 0.144454 0.149123 0.00143242
1 0.407335 0.54386 0.0553091 0.0672515 0.00131512
1 0.625318 0.301718 0.104111 0.15826 0.00127888
1 0.687785 0.78655 0.0689737 0.0994152 0.00125504
0 0.825082 0.553728 0.0937002 0.249269 0.00124931
1 0.292894 0.350055 0.0909347 0.111294 0.0011692
1 0.983467 0.355263 0.0330664 0.0782164 0.00112057
0 0.770424 0.58114 0.19651 0.26462 0.847168
0 0.225141 0.66886 0.166578 0.232456 0.788086
2 0.225466 0.668494 0.165927 0.234649 0.466797
1 0.224978 0.666667 0.166903 0.238304 0.320801
2 0.770424 0.577851 0.203017 0.272661 0.0939941
1 0.635079 0.738304 0.162674 0.149123 0.0325928
1 0.645327 0.694627 0.190328 0.251096 0.025177
1 0.774328 0.578947 0.200414 0.261696 0.0181885
1 0.612305 0.691703 0.118427 0.245249 0.0120544
1 0.614907 0.739949 0.119728 0.131213 0.00709534
1 0.652648 0.730811 0.20562 0.205044 0.00312424
1 0.934399 0.114309 0.029932 0.0593933 0.00184631
1 0.817924 0.0577485 0.0260279 0.0449561 0.00109863
0 0.763266 0.588816 0.19651 0.255117 0.877441
0 0.223839 0.669591 0.155516 0.230994 0.855957
2 0.218634 0.665936 0.165927 0.241228 0.248657
2 0.763917 0.587354 0.197811 0.247807 0.122925
1 0.218634 0.665936 0.165927 0.241228 0.10968
1 0.611003 0.74269 0.109317 0.119883 0.00844574
1 0.767821 0.587354 0.192606 0.244883 0.00796509
0 0.799054 0.586257 0.135345 0.24269 0.00757599
1 0.9357 0.111659 0.0312334 0.057383 0.00551224
1 0.592133 0.739766 0.0767821 0.108187 0.00247192
1 0.63882 0.731725 0.169506 0.168129 0.00208282
0 0.847206 0.408626 0.0585626 0.0921053 0.00168133
0 0.225141 0.671053 0.156167 0.22807 0.878906
0 0.763917 0.580044 0.200414 0.265351 0.825684
2 0.770424 0.580775 0.200414 0.262427 0.10968
2 0.222375 0.666301 0.161698 0.231725 0.0682983
1 0.222375 0.666301 0.161698 0.231725 0.00616837
2 0.0307454 0.761696 0.0366016 0.0555556 0.00152493
1 0.770424 0.580775 0.200414 0.262427 0.00150108
2 0.090162 0.528874 0.0506729 0.0555556 0.00142097
0 0.226117 0.668129 0.158119 0.219298 0.942871
0 0.766519 0.577485 0.199113 0.24269 0.941895
1 0.225954 0.667398 0.158444 0.22076 0.0836182
2 0.225954 0.667398 0.158444 0.22076 0.0363464
2 0.766519 0.581871 0.199113 0.245614 0.0104065
1 0.607912 0.741228 0.0959776 0.112573 0.00457382
1 0.762615 0.583333 0.200414 0.247076 0.00333786
1 0.642887 0.72076 0.169181 0.165205 0.00225258
2 0.0897553 0.529605 0.0462807 0.0402047 0.00190449
0 0.221887 0.673246 0.162674 0.226608 0.82666
0 0.763266 0.587719 0.203017 0.261696 0.824219
2 0.222213 0.66886 0.161373 0.229532 0.194946
2 0.763266 0.588085 0.201716 0.256579 0.0448608
1 0.222213 0.66886 0.161373 0.229532 0.0133743
1 0.610352 0.746345 0.0976043 0.105263 0.00530243
1 0.623366 0.739949 0.127536 0.122442 0.00374985
1 0.584975 0.74269 0.0611654 0.0994152 0.00106049
0 0.223026 0.671053 0.162999 0.230994 0.906738
0 0.763917 0.586257 0.210825 0.263158 0.870605
2 0.223189 0.668494 0.160722 0.236111 0.128052
2 0.763917 0.586257 0.210825 0.263158 0.0115967
1 0.223189 0.668494 0.160722 0.236111 0.00857544
1 0.614907 0.738304 0.110618 0.128655 0.00452042
1 0.645327 0.684576 0.177315 0.262427 0.00168705
1 0.640447 0.723684 0.16365 0.184211 0.00112057
0 0.22449 0.669591 0.160071 0.222222 0.942383
0 0.765218 0.586257 0.1874 0.248538 0.893066
2 0.223677 0.669591 0.15454 0.225146 0.0181885
2 0.766519 0.585526 0.190003 0.245614 0.0106506
1 0.223677 0.669591 0.15454 0.225146 0.00926971
0 0.844603 0.408626 0.0520556 0.0906433 0.00723267
1 0.615558 0.738304 0.113221 0.124269 0.00348282
0 0.406685 0.543129 0.0481515 0.0628655 0.00237846
1 0.638332 0.703947 0.161373 0.20614 0.00234222
1 0.766519 0.585526 0.190003 0.245614 0.0016613
1 0.631175 0.73538 0.144454 0.149123 0.00141621
1 0.844603 0.408626 0.0520556 0.0906433 0.0011692
0 0.400828 0.54386 0.0702751 0.0730994 0.0011158
0 0.222863 0.669225 0.163325 0.222953 0.936523
0 0.762615 0.587354 0.200414 0.249269 0.898438
2 0.225141 0.666667 0.160722 0.223684 0.026062
1 0.225141 0.666667 0.160722 0.223684 0.0140076
2 0.762615 0.587719 0.197811 0.247076 0.0118713
1 0.617022 0.739035 0.1168 0.122807 0.00353813
0 0.407335 0.543129 0.0481515 0.0628655 0.00237846
0 0.846555 0.410819 0.0520556 0.0833333 0.00230598
1 0.641586 0.717836 0.169181 0.181287 0.00213242
1 0.762615 0.58845 0.197811 0.251462 0.00187492
0 0.402781 0.544591 0.0676724 0.0716374 0.00112438
0 0.338362 0.589912 0.241408 0.19152 0.00104809
0 0.224165 0.669591 0.161373 0.225146 0.922363
0 0.766519 0.589912 0.200414 0.252924 0.856934
2 0.224815 0.668494 0.162023 0.227339 0.0393372
2 0.765218 0.589912 0.200414 0.251462 0.0321045
1 0.224815 0.668494 0.162023 0.227339 0.0155411
1 0.61751 0.739035 0.119728 0.124269 0.00298119
1 0.763917 0.591009 0.201716 0.255117 0.00282288
0 0.40701 0.543129 0.0475008 0.0614035 0.00198746
1 0.64549 0.730263 0.178291 0.159357 0.00191212
0 0.846555 0.41155 0.0520556 0.0847953 0.00151253
0 0.224165 0.669591 0.161373 0.225146 0.922852
0 0.766519 0.589912 0.200414 0.252924 0.856934
2 0.224815 0.668494 0.162023 0.227339 0.0391846
2 0.765869 0.589912 0.201716 0.251462 0.0318604
1 0.224815 0.668494 0.162023 0.227339 0.0155411
1 0.61751 0.739035 0.118427 0.124269 0.00298119
1 0.763917 0.591009 0.201716 0.255117 0.00282288
0 0.40701 0.543129 0.0475008 0.0614035 0.00199509
1 0.64549 0.730263 0.179592 0.159357 0.00191212
0 0.846555 0.41155 0.0520556 0.0847953 0.00151253
