2 0.683042 0.836589 0.299211 0.165365 0.257568
1 0.685242 0.841146 0.294811 0.179688 0.128906
0 0.695227 0.821615 0.301919 0.1875 0.111267
2 0.0421401 0.308919 0.0636332 0.0598958 0.0991211
2 0.0413785 0.264404 0.0753106 0.100098 0.083313
2 0.22847 0.686198 0.210531 0.182292 0.0611877
2 0.71215 0.522786 0.178714 0.141927 0.0390625
1 0.316135 0.318359 0.0555098 0.0716146 0.0281067
1 0.387215 0.323568 0.197669 0.0950521 0.0273743
2 0.261302 0.683594 0.15096 0.179688 0.026062
2 0.0391784 0.225911 0.0783568 0.128255 0.0248871
0 0.22864 0.684896 0.218316 0.207031 0.0235596
1 0.639209 0.848307 0.178376 0.153646 0.0172424
1 0.55916 0.277018 0.0636332 0.078776 0.0127258
0 0.0413785 0.264404 0.0753106 0.100098 0.0119629
2 0.55916 0.277018 0.0636332 0.078776 0.0109024
0 0.256225 0.686198 0.15976 0.184896 0.0102463
0 0.0421401 0.308919 0.0636332 0.0598958 0.01017
0 0.71215 0.522786 0.178714 0.141927 0.00974274
2 0.0364706 0.292969 0.0729413 0.0807292 0.008255
2 0.0425632 0.669271 0.0766645 0.0833333 0.00793457
1 0.22847 0.686198 0.210531 0.182292 0.00717545
1 0.0353706 0.80013 0.0582176 0.0651041 0.00712204
0 0.0391784 0.225911 0.0783568 0.128255 0.00701141
0 0.0425632 0.669271 0.0766645 0.0833333 0.00653839
2 0.639209 0.848307 0.178376 0.153646 0.00651169
2 0.0353706 0.80013 0.0582176 0.0651041 0.0064888
2 0.618731 0.150391 0.066341 0.0683594 0.00643921
1 0.508389 0.488932 0.0758183 0.0820312 0.00643921
1 0.0421401 0.308919 0.0636332 0.0598958 0.00598145
1 0.710796 0.52181 0.18413 0.138672 0.00593567
0 0.508389 0.488932 0.0758183 0.0820312 0.005867
1 0.760891 0.83724 0.173299 0.166667 0.00584412
1 0.261302 0.683594 0.15096 0.179688 0.00575256
2 0.505004 0.485026 0.0676949 0.0859375 0.0051384
1 0.0425632 0.669271 0.0766645 0.0833333 0.00502014
0 0.55916 0.277018 0.0636332 0.078776 0.00488663
0 0.664595 0.839844 0.227793 0.166667 0.00482941
1 0.618731 0.150391 0.066341 0.0683594 0.00443268
0 0.0353706 0.80013 0.0582176 0.0651041 0.00403976
0 0.685749 0.804688 0.305981 0.257813 0.00383949
2 0.71892 0.510417 0.213916 0.213542 0.00372124
1 0.573376 0.175456 0.052802 0.0664062 0.00345612
1 0.0413785 0.264404 0.0753106 0.100098 0.00337601
0 0.618731 0.150391 0.066341 0.0683594 0.00332451
2 0.488757 0.262695 0.0622793 0.0501302 0.00309944
2 0.512862 0.621094 0.974276 0.757812 0.00307465
2 0.760891 0.834635 0.15976 0.169271 0.00300407
0 0.706735 0.855469 0.328997 0.246094 0.00300407
1 0.602315 0.168294 0.05991 0.0546875 0.00298119
0 0.693873 0.83724 0.296504 0.182292 0.44751
0 0.239978 0.6875 0.173976 0.195313 0.20813
2 0.692519 0.845052 0.276195 0.164062 0.165039
1 0.239978 0.6875 0.173976 0.195313 0.018158
2 0.239132 0.674316 0.156037 0.182617 0.0171814
1 0.338474 0.31543 0.0812339 0.061849 0.016983
1 0.313766 0.317383 0.0419708 0.0546875 0.0165863
1 0.677118 0.83724 0.281272 0.179688 0.0150757
1 0.387892 0.317708 0.167883 0.0611979 0.013588
1 0.39263 0.318359 0.1909 0.110026 0.0049057
1 0.419031 0.323568 0.105604 0.0553386 0.00479126
0 0.682195 0.83724 0.233209 0.154948 0.00443268
0 0.678303 0.790365 0.333059 0.28125 0.00385475
1 0.678303 0.790365 0.333059 0.28125 0.00349617
2 0.0385861 0.310547 0.0494173 0.0403646 0.00337601
2 0.264772 0.688802 0.140636 0.174479 0.00324821
1 0.404139 0.313883 0.1909 0.157389 0.00279045
0 0.26841 0.68099 0.368937 0.248698 0.00265312
0 0.629732 0.728516 0.422078 0.414063 0.00243378
0 0.39263 0.318359 0.1909 0.110026 0.0024147
0 0.259948 0.661621 0.473187 0.270508 0.00225258
2 0.67898 0.820312 0.318166 0.231771 0.00206757
0 0.222208 0.628906 0.336782 0.329427 0.00201988
2 0.39263 0.318359 0.1909 0.110026 0.00199509
2 0.397369 0.890625 0.0737874 0.046875 0.00194931
1 0.26841 0.68099 0.368937 0.248698 0.00194168
0 0.264772 0.688802 0.140636 0.174479 0.00192642
2 0.478264 0.266276 0.0649871 0.0494792 0.00188255
2 0.0377399 0.257894 0.0646486 0.0987956 0.00182438
1 0.39263 0.333333 0.205793 0.14974 0.00176811
1 0.222208 0.628906 0.336782 0.329427 0.00175476
2 0.44374 0.276693 0.0656641 0.0494792 0.00174809
2 0.647163 0.766276 0.29515 0.315104 0.00166798
0 0.21087 0.750651 0.421739 0.464844 0.00165462
0 0.39263 0.333333 0.205793 0.14974 0.00152493
2 0.419031 0.323568 0.105604 0.0553386 0.00150681
0 0.162129 0.602702 0.324259 0.39095 0.00144958
2 0.36386 0.790365 0.067018 0.0598959 0.00143242
2 0.387892 0.317708 0.167883 0.0611979 0.00133514
2 0.5 0.732422 1 0.535156 0.00131512
1 0.5 0.732422 1 0.535156 0.0012846
0 0.5 0.722005 1 0.55599 0.00126934
0 0.404139 0.313883 0.1909 0.157389 0.00124931
0 0.469126 0.406576 0.938251 0.813151 0.00124454
2 0.469126 0.406576 0.938251 0.813151 0.00123978
0 0.5 0.58724 1 0.825521 0.0012207
2 0.5 0.58724 1 0.825521 0.0012207
0 0.73084 0.500326 0.538321 0.689453 0.00119686
2 0.5 0.352214 1 0.704427 0.00118828
0 0.551375 0.728516 0.756152 0.44401 0.00117397
0 0.220347 0.681641 0.201731 0.19401 0.492188
0 0.692519 0.84375 0.277549 0.157552 0.167236
1 0.69658 0.841797 0.282965 0.161458 0.0734253
0 0.252502 0.680339 0.157729 0.192708 0.0372009
1 0.312073 0.311849 0.0392631 0.0625 0.035675
2 0.688965 0.839844 0.273826 0.158854 0.0276947
0 0.189884 0.684896 0.148929 0.197917 0.02211
0 0.692519 0.80599 0.280257 0.0989584 0.0195618
0 0.213916 0.677246 0.209854 0.262695 0.0190887
1 0.635655 0.847656 0.167883 0.140625 0.0163422
0 0.635655 0.847656 0.167883 0.140625 0.0142822
1 0.484695 0.265951 0.180068 0.0911458 0.0118713
2 0.692519 0.80599 0.280257 0.0989584 0.0102463
0 0.173976 0.701823 0.132005 0.184896 0.00831604
1 0.479618 0.281901 0.166529 0.114583 0.008255
0 0.706735 0.516276 0.154344 0.144531 0.00821686
2 0.641071 0.845052 0.180068 0.153646 0.00614548
0 0.356752 0.783854 0.0622793 0.0625 0.00609589
1 0.692519 0.80599 0.280257 0.0989584 0.00591278
0 0.215101 0.75651 0.245394 0.33724 0.005867
1 0.465064 0.286458 0.155698 0.09375 0.00577545
2 0.216793 0.682943 0.196654 0.196615 0.00547028
1 0.235578 0.690104 0.232193 0.234375 0.00524139
0 0.196146 0.651042 0.17093 0.167969 0.00486755
1 0.431893 0.272217 0.163822 0.0818685 0.00457382
1 0.33272 0.3125 0.0758183 0.0716146 0.00383949
1 0.571345 0.178385 0.0419709 0.0592448 0.0037365
1 0.394661 0.304036 0.164499 0.0755208 0.00346947
1 0.35946 0.891927 0.0473864 0.0442709 0.00345612
0 0.701319 0.813802 0.285672 0.143229 0.00328636
2 0.484695 0.269206 0.184807 0.0989583 0.00327301
1 0.699965 0.347656 0.0406169 0.0442708 0.00301552
1 0.0502635 0.677083 0.0565252 0.0885417 0.00271416
0 0.0502635 0.677083 0.0565252 0.0885417 0.0026722
1 0.952467 0.859375 0.0636332 0.0494791 0.00255013
1 0.322905 0.304688 0.0595715 0.0852865 0.00253105
0 0.484695 0.265951 0.180068 0.0911458 0.00253105
1 0.701319 0.813802 0.285672 0.143229 0.00245285
1 0.867849 0.761068 0.0568637 0.0585938 0.00243378
1 0.428847 0.885417 0.07988 0.0598958 0.00239754
1 0.381799 0.896484 0.0480634 0.0481771 0.00226974
0 0.343552 0.674479 0.412939 0.304688 0.00224304
0 0.0390938 0.252523 0.0605869 0.186361 0.00223351
2 0.35946 0.891927 0.0473864 0.0442709 0.00221634
1 0.709443 0.514323 0.151637 0.143229 0.00219917
0 0.338813 0.628743 0.467772 0.396159 0.00216484
0 0.593007 0.091512 0.100188 0.139242 0.00201988
1 0.593007 0.091512 0.100188 0.139242 0.00201988
1 0.0273318 0.660807 0.0546636 0.0820312 0.0019722
0 0.35946 0.891927 0.0473864 0.0442709 0.0019722
2 0.688457 0.840495 0.265364 0.166667 0.604004
1 0.308012 0.321289 0.0500942 0.0533854 0.396973
1 0.687949 0.839844 0.281272 0.171875 0.296631
0 0.233209 0.682943 0.165176 0.169271 0.26123
0 0.0367245 0.310547 0.0541559 0.0579427 0.214722
0 0.0379938 0.254232 0.0565252 0.154948 0.150513
0 0.0357091 0.230469 0.0605869 0.105469 0.0950317
0 0.355737 0.895182 0.0480634 0.0351562 0.0823975
0 0.253179 0.6875 0.131328 0.153646 0.0658569
0 0.134713 0.753906 0.0426478 0.0625 0.064209
0 0.223732 0.699219 0.167206 0.127604 0.058136
0 0.352013 0.787109 0.0582176 0.0546875 0.0534058
0 0.691165 0.846354 0.268072 0.174479 0.047699
0 0.259187 0.647135 0.134205 0.0807291 0.0420837
0 0.0402785 0.672526 0.0551713 0.0911459 0.041626
0 0.483342 0.469075 0.0392631 0.0638021 0.0408325
2 0.0278395 0.220378 0.0556791 0.0996094 0.0381775
0 0.250471 0.663411 0.113727 0.13151 0.0375977
0 0.0330436 0.221842 0.0660871 0.102539 0.0370483
2 0.0297011 0.243978 0.0594023 0.167643 0.0346069
0 0.379768 0.900391 0.0460325 0.0325521 0.0317383
1 0.324935 0.318359 0.0731105 0.0566406 0.03125
0 0.0323243 0.802083 0.0565252 0.0546875 0.0297546
0 0.0343552 0.790365 0.0585561 0.0638021 0.0294189
0 0.0237778 0.806641 0.0475557 0.0494791 0.024231
0 0.94299 0.876302 0.0433248 0.0507812 0.0205688
0 0.681688 0.4847 0.0812339 0.0716146 0.0195007
0 0.697934 0.343099 0.0473864 0.0494792 0.0191193
0 0.0556791 0.681641 0.0666795 0.125 0.0177765
0 0.704704 0.320638 0.0473864 0.0553386 0.0171051
0 0.0859725 0.703125 0.0504327 0.0911458 0.0164642
1 0.435955 0.317057 0.066341 0.0351562 0.0160217
1 0.488419 0.339518 0.0629563 0.0455729 0.0159607
0 0.507712 0.478516 0.0622793 0.0885417 0.0157776
0 0.191407 0.678385 0.226439 0.184896 0.0155411
0 0.0202662 0.64388 0.0405323 0.0625 0.0149536
0 0.108989 0.759115 0.0636332 0.0598959 0.0143356
0 0.946375 0.865885 0.0460326 0.0559895 0.0143356
1 0.31275 0.324219 0.0514481 0.0664062 0.0141754
2 0.0367245 0.310547 0.0541559 0.0579427 0.0137405
0 0.0657487 0.664062 0.103065 0.106771 0.0132217
1 0.0367245 0.310547 0.0541559 0.0579427 0.0130234
2 0.292442 0.311198 0.0622793 0.0611979 0.012825
0 0.403462 0.867188 0.0636332 0.0572916 0.0125732
0 0.0853379 0.816406 0.0696411 0.0494791 0.0121002
0 0.716212 0.507812 0.15976 0.119141 0.0115967
0 0.346598 0.636719 0.0460325 0.0338542 0.0114212
2 0.484357 0.268799 0.11102 0.0626628 0.0112915
0 0.141821 0.658854 0.0602485 0.117188 0.0109024
2 0.43934 0.27417 0.0852956 0.0636393 0.00981903
0 0.685072 0.833333 0.27078 0.166667 0.97998
0 0.224409 0.682292 0.148929 0.184896 0.964355
0 0.259271 0.691406 0.129974 0.169271 0.338867
1 0.310043 0.315755 0.0473864 0.0533854 0.309814
0 0.0384169 0.308594 0.0511097 0.0546875 0.0492249
0 0.04104 0.264974 0.0550021 0.108724 0.0413208
2 0.69438 0.833333 0.262995 0.169271 0.0387573
1 0.695904 0.835938 0.261302 0.15625 0.0327148
0 0.355737 0.783203 0.0575407 0.0533854 0.0267639
0 0.0432401 0.228027 0.0610946 0.109701 0.0229797
0 0.364875 0.901042 0.0433247 0.0364583 0.02034
0 0.493496 0.479818 0.0500942 0.0664062 0.0196381
0 0.151806 0.736979 0.0639717 0.0690104 0.0190582
0 0.702673 0.497396 0.131328 0.09375 0.0177765
1 0.532082 0.0968424 0.0311397 0.0351562 0.0173035
0 0.381122 0.90625 0.052802 0.0364584 0.016983
2 0.0353706 0.280599 0.0519558 0.0930989 0.0155411
0 0.556452 0.0763346 0.0541559 0.078776 0.0141754
0 0.831293 0.80599 0.0352014 0.101562 0.0140076
1 0.322228 0.315755 0.0704027 0.0533854 0.0124817
2 0.0384169 0.308594 0.0511097 0.0546875 0.0112457
0 0.840094 0.778646 0.0433247 0.0664062 0.0109863
1 0.442386 0.320638 0.0521251 0.0325521 0.0102463
0 0.0303358 0.65625 0.0606716 0.0533854 0.00993347
0 0.272472 0.728516 0.115081 0.110677 0.00978088
0 0.959914 0.863932 0.0595715 0.0546875 0.00978088
0 0.568637 0.0625 0.0676949 0.0934245 0.00971222
2 0.0309704 0.213867 0.0619408 0.093099 0.00933838
0 0.0306319 0.269613 0.05991 0.0948893 0.00878143
0 0.209516 0.670573 0.178715 0.240885 0.0086441
0 0.718243 0.516276 0.182776 0.138021 0.00806427
0 0.0449325 0.678385 0.089865 0.0963542 0.00793457
0 0.395 0.875 0.0500942 0.0546875 0.00746155
0 0.532082 0.0968424 0.0311397 0.0351562 0.00734711
0 0.0272472 0.307292 0.0511097 0.0559896 0.00723267
0 0.0352013 0.22347 0.0704027 0.109049 0.00703812
1 0.0303358 0.65625 0.0606716 0.0533854 0.00653839
0 0.945698 0.880859 0.0419709 0.0533854 0.0064888
0 0.156883 0.684896 0.0802185 0.140625 0.00598145
0 0.164499 0.720052 0.0778491 0.140625 0.005867
0 0.92742 0.866536 0.0406169 0.0455729 0.00559998
0 0.722982 0.824219 0.227455 0.153646 0.00557709
0 0.825878 0.81901 0.0406169 0.102865 0.0055542
0 0.869879 0.856771 0.0352014 0.0520834 0.0055542
0 0.653256 0.84375 0.207146 0.148438 0.00530243
2 0.0303358 0.65625 0.0606716 0.0533854 0.00518036
2 0.04104 0.264974 0.0550021 0.108724 0.0049057
0 0.0836032 0.716146 0.0555098 0.0755209 0.0046463
2 0.0432401 0.228027 0.0610946 0.109701 0.00432968
2 0.0405323 0.257731 0.0810646 0.185059 0.00426483
0 0.684395 0.835938 0.281611 0.164062 0.97998
0 0.228809 0.6875 0.182776 0.200521 0.963867
1 0.684395 0.835938 0.281611 0.164062 0.167725
1 0.309366 0.317057 0.0379092 0.0397135 0.135254
2 0.0379938 0.247884 0.0759875 0.203451 0.111267
2 0.689811 0.832031 0.274841 0.174479 0.0661011
2 0.0344821 0.224121 0.0689642 0.131836 0.0579224
0 0.657825 0.518555 0.295488 0.162109 0.0348816
0 0.714858 0.513021 0.173299 0.134115 0.0145035
2 0.0403631 0.246257 0.0590638 0.196289 0.0139542
0 0.0401092 0.238444 0.067018 0.175456 0.0136337
0 0.361152 0.786458 0.0480634 0.0625 0.0113754
0 0.840771 0.740234 0.0406169 0.0403646 0.00993347
0 0.0344821 0.224121 0.0689642 0.131836 0.00919342
0 0.804215 0.809896 0.0785261 0.117188 0.00806427
0 0.858371 0.746094 0.0487403 0.0520833 0.00760651
2 0.0524635 0.340495 0.104927 0.403646 0.00698471
2 0.858371 0.746094 0.0487403 0.0520833 0.0069313
0 0.85431 0.753906 0.054156 0.0729166 0.0069046
0 0.0456941 0.670573 0.0754798 0.102865 0.00502014
0 0.438663 0.889323 0.0406169 0.0520833 0.00484848
0 0.842125 0.775391 0.0406169 0.0898438 0.00475693
2 0.226609 0.680339 0.172284 0.186198 0.0046463
2 0.049248 0.238118 0.0984961 0.175456 0.00426483
0 0.0595715 0.700521 0.0524635 0.09375 0.00359344
0 0.0747605 0.714844 0.06101 0.078125 0.00348282
0 0.395338 0.902344 0.0582176 0.0364584 0.00345612
0 0.0539867 0.674479 0.101881 0.127604 0.00344276
2 0.840771 0.740234 0.0406169 0.0403646 0.00312424
0 0.779845 0.820964 0.124559 0.111979 0.00298119
2 0.0402785 0.252034 0.0805569 0.270671 0.00288963
0 0.0323243 0.657552 0.0646486 0.078125 0.00283432
0 0.924712 0.86849 0.0514482 0.0664062 0.00275803
2 0.0880034 0.340169 0.176007 0.429036 0.0027256
2 0.0595715 0.700521 0.0524635 0.09375 0.00265312
0 0.946375 0.860677 0.054156 0.0742188 0.00237846
0 0.213239 0.707682 0.207823 0.261719 0.00235939
0 0.139451 0.736979 0.0578791 0.0833333 0.00234222
0 0.371983 0.789062 0.0724336 0.0755209 0.00227928
1 0.322905 0.314128 0.0710796 0.0501302 0.00219917
0 0.840771 0.80599 0.0812339 0.119792 0.00212479
2 0.0323243 0.657552 0.0646486 0.078125 0.00211525
0 0.313427 0.848307 0.0311396 0.0351562 0.00201988
0 0.874618 0.854167 0.052802 0.0833333 0.0019722
1 0.228809 0.6875 0.182776 0.200521 0.00194168
0 0.47048 0.893229 0.0406169 0.0364583 0.00191212
1 0.858371 0.746094 0.0487403 0.0520833 0.00190449
2 0.0976499 0.495443 0.0446786 0.0507812 0.00187492
0 0.368937 0.785156 0.0595715 0.125 0.00174809
2 0.133697 0.41569 0.267395 0.608724 0.00174141
0 0.68778 0.829427 0.277549 0.177083 0.909668
0 0.234224 0.67513 0.155698 0.1875 0.729492
1 0.31072 0.316081 0.0426478 0.0559896 0.511719
0 0.0391784 0.309245 0.0507712 0.0605469 0.133423
0 0.0404477 0.268229 0.0626178 0.0970052 0.0531921
0 0.706058 0.345052 0.0365552 0.0403646 0.0387573
0 0.0297858 0.212077 0.0595715 0.108398 0.0362244
0 0.0316474 0.306966 0.0632947 0.0722656 0.0310211
0 0.716212 0.324219 0.0460325 0.0416667 0.0282135
0 0.836709 0.74349 0.0514481 0.0507812 0.0268555
0 0.0356244 0.220703 0.0709104 0.114583 0.02211
0 0.0340167 0.256592 0.0680334 0.156087 0.0216217
0 0.077003 0.709635 0.0609254 0.0703125 0.0212097
0 0.646486 0.839844 0.1909 0.177083 0.0164032
0 0.262572 0.684896 0.143682 0.184896 0.0153046
1 0.559837 0.278646 0.0412939 0.0507812 0.0145569
0 0.558483 0.275065 0.0541559 0.0826823 0.0143356
0 0.0707412 0.695312 0.0676949 0.09375 0.0119629
0 0.839417 0.763672 0.0487403 0.0755209 0.0118713
0 0.360137 0.783854 0.0541559 0.0520833 0.0110703
0 0.0671872 0.677083 0.0829263 0.111979 0.0109863
0 0.725689 0.317708 0.0446786 0.0377604 0.01017
1 0.305642 0.307292 0.0521251 0.0572917 0.01017
0 0.880034 0.675781 0.0352014 0.0677083 0.0100555
2 0.729751 0.295247 0.0352013 0.0436198 0.0100098
2 0.0426478 0.282878 0.0455248 0.0559896 0.00978088
1 0.32392 0.316081 0.067018 0.0559896 0.00923157
0 0.827909 0.80599 0.0406169 0.122396 0.00905609
0 0.536821 0.0963542 0.0406169 0.0478516 0.00898743
0 0.859725 0.740885 0.0514482 0.0494792 0.00898743
2 0.685749 0.833984 0.280257 0.18099 0.00898743
0 0.71215 0.509766 0.186838 0.173177 0.00874329
1 0.448817 0.325521 0.0595715 0.0423177 0.00818634
1 0.446786 0.33724 0.0649871 0.0553385 0.00806427
0 0.576084 0.179525 0.0433248 0.0585937 0.00728989
1 0.706058 0.345052 0.0365552 0.0403646 0.00717545
1 0.0426478 0.282878 0.0455248 0.0559896 0.00698471
2 0.559837 0.278646 0.0412939 0.0507812 0.00664139
1 0.31275 0.322591 0.0487403 0.0716146 0.00658798
2 0.0297858 0.212077 0.0595715 0.108398 0.00609589
0 0.0517866 0.669271 0.103573 0.119792 0.00540543
0 0.0426478 0.282878 0.0455248 0.0559896 0.00540543
0 0.593177 0.0918376 0.102558 0.147054 0.0053215
1 0.729751 0.295247 0.0352013 0.0436198 0.00518036
0 0.559837 0.278646 0.0412939 0.0507812 0.00516129
1 0.576084 0.179525 0.0433248 0.0585937 0.00502014
0 0.852956 0.760417 0.0595715 0.0703125 0.00496292
0 0.729751 0.295247 0.0352013 0.0436198 0.00479126
1 0.406846 0.340495 0.138098 0.0625 0.00443268
0 0.689811 0.395833 0.0406169 0.0449219 0.00436401
0 0.691842 0.834635 0.280257 0.177083 0.928223
0 0.235409 0.676921 0.160098 0.200846 0.782715
1 0.304289 0.314453 0.0331705 0.0494792 0.124207
2 0.0380784 0.237467 0.0551713 0.15918 0.0663452
0 0.389584 0.902344 0.052802 0.0390625 0.0621033
0 0.0377399 0.301107 0.047048 0.0605469 0.0472412
0 0.0402785 0.241048 0.0507712 0.144206 0.0370483
0 0.202408 0.66862 0.142159 0.21224 0.0302124
2 0.0377399 0.301107 0.047048 0.0605469 0.0239563
2 0.691165 0.83724 0.272133 0.179688 0.0232391
0 0.866495 0.723958 0.0460326 0.108073 0.0223694
1 0.690488 0.838542 0.274841 0.174479 0.0214539
0 0.955852 0.863281 0.0514481 0.0611979 0.0177155
0 0.85431 0.75651 0.0568637 0.0989583 0.0171814
0 0.398046 0.873698 0.0609254 0.0677083 0.016983
0 0.947052 0.875651 0.0379091 0.0520833 0.0157776
0 0.0612639 0.679687 0.0666795 0.111979 0.0149536
0 0.839417 0.746094 0.0514482 0.0572916 0.0141144
2 0.0324936 0.219076 0.0649871 0.121094 0.0131226
0 0.880034 0.674479 0.0514482 0.101562 0.0110321
0 0.477249 0.89388 0.0352014 0.0403646 0.00926971
0 0.702673 0.343424 0.0352014 0.0397136 0.00837708
2 0.227793 0.676432 0.162468 0.203125 0.00834656
0 0.370968 0.898438 0.0555098 0.0429688 0.00812531
0 0.0401938 0.223633 0.062787 0.126953 0.00757599
0 0.0744221 0.69987 0.0657487 0.110677 0.00666809
0 0.0283472 0.299154 0.0556791 0.0787761 0.00643921
0 0.834678 0.775391 0.0473864 0.0989584 0.00626373
0 0.0280934 0.66276 0.0561868 0.09375 0.00612259
2 0.389584 0.902344 0.052802 0.0390625 0.00600433
2 0.101373 0.494466 0.0487403 0.0449219 0.005867
0 0.0326205 0.251221 0.065241 0.168132 0.00564194
0 0.38383 0.927083 0.0487404 0.0299479 0.00544739
2 0.0612639 0.679687 0.0666795 0.111979 0.00534439
0 0.0707412 0.671875 0.0907112 0.151042 0.0051384
0 0.442725 0.889974 0.052802 0.0494791 0.0051384
0 0.930128 0.866536 0.0460326 0.0664062 0.0050621
0 0.141144 0.751302 0.0500942 0.0729167 0.00457382
2 0.947052 0.875651 0.0379091 0.0520833 0.00457382
0 0.837386 0.810547 0.093419 0.148438 0.00443268
2 0.955852 0.863281 0.0514481 0.0611979 0.00429916
0 0.340505 0.779948 0.0825878 0.0703125 0.00421524
2 0.0283472 0.299154 0.0556791 0.0787761 0.00400543
0 0.647332 0.83724 0.208162 0.191406 0.00355148
0 0.111866 0.663411 0.123882 0.165365 0.00332451
0 0.364875 0.861979 0.0758183 0.0572917 0.00332451
0 0.709443 0.324544 0.0352013 0.0377604 0.00316048
0 0.928774 0.877604 0.0433248 0.0572917 0.00302696
0 0.49248 0.468099 0.052802 0.0768229 0.0029583
1 0.389584 0.902344 0.052802 0.0390625 0.00291252
0 0.235917 0.679687 0.164499 0.19401 0.878418
2 0.69438 0.835938 0.279241 0.173177 0.801758
0 0.688457 0.839844 0.276195 0.177083 0.428223
0 0.0346936 0.251872 0.0693873 0.188965 0.083313
2 0.0313089 0.242513 0.0619408 0.176432 0.0658569
0 0.0524635 0.684896 0.0764952 0.135417 0.0173035
0 0.0621947 0.686198 0.0786953 0.158854 0.0134277
0 0.349983 0.785156 0.0555098 0.0520834 0.0134277
2 0.229147 0.675781 0.171268 0.195313 0.0109863
0 0.834678 0.742188 0.0433247 0.0442708 0.00746155
2 0.035286 0.226237 0.0705719 0.136068 0.0069046
1 0.693873 0.832682 0.276195 0.183594 0.00682449
1 0.306996 0.315755 0.0352014 0.0501302 0.00658798
0 0.0313935 0.224935 0.062787 0.13151 0.0064621
0 0.388569 0.901693 0.0636332 0.0429688 0.00619125
2 0.834678 0.742188 0.0433247 0.0442708 0.00609589
2 0.705381 0.321289 0.0311396 0.0325521 0.00530243
0 0.437986 0.891927 0.0446786 0.0520834 0.00526047
0 0.079203 0.692708 0.0886803 0.183594 0.00443268
0 0.35506 0.794271 0.0656641 0.0625 0.00380898
2 0.0524635 0.684896 0.0764952 0.135417 0.00329781
0 0.0937574 0.716146 0.0957883 0.169271 0.00329781
0 0.705381 0.321289 0.0311396 0.0325521 0.00317192
0 0.495865 0.472656 0.0534789 0.0703125 0.00298119
2 0.349983 0.785156 0.0555098 0.0520834 0.00294685
0 0.368937 0.89974 0.0582176 0.046875 0.00284576
0 0.0352013 0.679688 0.0704027 0.125 0.00236893
0 0.397369 0.873698 0.0717566 0.0729167 0.00235939
0 0.946375 0.877604 0.0406169 0.0572917 0.00218201
0 0.160437 0.671224 0.0968037 0.191406 0.0020752
0 0.836032 0.776042 0.0419709 0.0885417 0.00188255
0 0.950436 0.859375 0.0487403 0.0651041 0.00188255
0 0.622793 0.839844 0.148929 0.171875 0.00188255
0 0.85431 0.768229 0.054156 0.078125 0.00186062
0 0.477926 0.895833 0.0406169 0.0442709 0.00183868
0 0.697257 0.346354 0.0324936 0.0364583 0.00177479
2 0.0621947 0.686198 0.0786953 0.158854 0.00176811
2 0.85431 0.768229 0.054156 0.078125 0.00159168
0 0.0643948 0.724609 0.0932497 0.171875 0.00154877
0 0.0327897 0.300456 0.0655794 0.25651 0.00148964
0 0.360137 0.858073 0.0771722 0.0546875 0.0014782
0 0.0541559 0.244954 0.105604 0.208008 0.00137806
0 0.144529 0.660807 0.0957883 0.188802 0.00135612
2 0.0352013 0.679688 0.0704027 0.125 0.00134563
0 0.861756 0.740885 0.0473865 0.0520833 0.00127411
0 0.141482 0.731771 0.0710796 0.132812 0.00127411
0 0.828586 0.8125 0.0379092 0.132812 0.00124454
0 0.147067 0.692057 0.0768337 0.186198 0.00116062
2 0.861756 0.740885 0.0473865 0.0520833 0.0011158
0 0.928774 0.864583 0.0500942 0.0572916 0.00110722
0 0.68778 0.839844 0.274841 0.171875 0.910645
0 0.236255 0.682292 0.178715 0.177083 0.67041
1 0.312073 0.316406 0.0433248 0.0507812 0.108582
2 0.685749 0.837891 0.278903 0.170573 0.0441895
2 0.0391784 0.287109 0.0543252 0.0716146 0.0337219
2 0.0376553 0.309245 0.0467095 0.0481771 0.0224609
2 0.71892 0.29362 0.0352014 0.03125 0.0224152
0 0.0376553 0.309245 0.0467095 0.0481771 0.0222015
2 0.0379091 0.236003 0.0643102 0.158854 0.0187225
0 0.0396015 0.263346 0.0524635 0.078125 0.0136871
0 0.716212 0.513021 0.148929 0.121094 0.0134277
2 0.0396015 0.263346 0.0524635 0.078125 0.0120544
2 0.0271626 0.203125 0.0543252 0.0748698 0.0114212
1 0.532082 0.0986328 0.0297857 0.0364583 0.00926971
2 0.710796 0.31901 0.0324936 0.0273438 0.00919342
2 0.727043 0.315104 0.0379091 0.0247396 0.00751877
0 0.71892 0.29362 0.0352014 0.03125 0.00740433
0 0.0391784 0.287109 0.0543252 0.0716146 0.00725937
0 0.035286 0.223307 0.0597407 0.115885 0.00679779
0 0.496881 0.467122 0.03994 0.0546875 0.0064621
2 0.105266 0.495443 0.0544944 0.0481771 0.00619125
2 0.035286 0.223307 0.0597407 0.115885 0.00559998
2 0.353367 0.78125 0.0379092 0.0390625 0.00534439
1 0.71892 0.29362 0.0352014 0.03125 0.00534439
0 0.0286857 0.3125 0.0529713 0.0494792 0.00488663
1 0.710796 0.31901 0.0324936 0.0273438 0.00479126
0 0.0271626 0.203125 0.0543252 0.0748698 0.00471878
2 0.0286857 0.3125 0.0529713 0.0494792 0.00434875
2 0.741936 0.276693 0.0297857 0.0364583 0.00382423
0 0.702673 0.350911 0.0297857 0.0234375 0.0037365
0 0.710796 0.31901 0.0324936 0.0273438 0.00345612
0 0.701319 0.517578 0.213916 0.138021 0.00344276
0 0.353367 0.78125 0.0379092 0.0390625 0.00337601
0 0.147236 0.739583 0.0595715 0.0703125 0.00336266
0 0.0379091 0.236003 0.0643102 0.158854 0.00331116
0 0.215608 0.68099 0.214593 0.207031 0.00329781
2 0.0979884 0.503255 0.0487403 0.0481771 0.00305176
0 0.144698 0.751302 0.052802 0.0651042 0.00290108
0 0.0536482 0.677083 0.0602485 0.0963542 0.00284576
0 0.837386 0.73763 0.0311397 0.0325521 0.00282288
2 0.477249 0.325521 0.0412939 0.0403646 0.00281143
2 0.447463 0.328125 0.0555098 0.0429688 0.00273705
2 0.163991 0.479818 0.0720951 0.0455729 0.00259018
2 0.837386 0.73763 0.0311397 0.0325521 0.00257111
1 0.570668 0.182617 0.0297857 0.0452474 0.00255013
2 0.145544 0.48763 0.0869879 0.046875 0.00248146
0 0.0315627 0.28125 0.0594023 0.0494792 0.0024147
0 0.727043 0.315104 0.0379091 0.0247396 0.00230598
2 0.868526 0.739583 0.0311396 0.0364584 0.00216484
1 0.727043 0.315104 0.0379091 0.0247396 0.00213242
0 0.686426 0.83724 0.276195 0.171875 0.852051
0 0.229993 0.681641 0.154683 0.188802 0.686035
2 0.696073 0.833333 0.281272 0.182292 0.169922
1 0.313427 0.321289 0.0460325 0.0501302 0.111633
0 0.0626178 0.679036 0.0676949 0.11849 0.0441895
0 0.0682872 0.674479 0.0844494 0.138021 0.0368958
0 0.0407862 0.236979 0.05991 0.158854 0.0350037
0 0.882741 0.678385 0.054156 0.101562 0.0181885
1 0.696073 0.833333 0.281272 0.182292 0.0180511
0 0.0379091 0.220703 0.0704027 0.126953 0.0122375
0 0.0390092 0.295654 0.0506019 0.0948893 0.0103302
2 0.0355398 0.237956 0.0636332 0.178385 0.00930023
0 0.888157 0.69401 0.067695 0.132812 0.00701141
0 0.71892 0.523112 0.181422 0.147786 0.00568771
0 0.880034 0.696615 0.0595716 0.152344 0.00568771
1 0.293796 0.311523 0.0385861 0.0579427 0.00477219
1 0.317151 0.323568 0.0555098 0.0703125 0.0046463
0 0.506358 0.483724 0.067018 0.104167 0.00446701
0 0.258933 0.677734 0.142836 0.196615 0.00418091
0 0.146221 0.744792 0.0646486 0.0872396 0.00383949
1 0.710796 0.328125 0.0406169 0.0533854 0.00365067
1 0.701319 0.342122 0.0433247 0.0579427 0.00348282
0 0.444755 0.873698 0.0487403 0.0885417 0.00348282
0 0.629563 0.841797 0.163822 0.164062 0.00337601
1 0.724335 0.526367 0.177361 0.136068 0.00314713
2 0.0379091 0.220703 0.0704027 0.126953 0.00307465
2 0.0309704 0.214681 0.0619408 0.111003 0.0026722
0 0.557806 0.276123 0.0704027 0.10791 0.00251198
0 0.396354 0.863281 0.0697257 0.106771 0.00248146
0 0.083434 0.664062 0.086311 0.148438 0.00235939
1 0.540882 0.0939128 0.0467095 0.055013 0.00214958
0 0.500604 0.476562 0.052802 0.0950521 0.00211525
1 0.0626178 0.679036 0.0676949 0.11849 0.00206757
0 0.0316474 0.252686 0.0626178 0.143066 0.00198746
0 0.398723 0.880208 0.066341 0.0885416 0.00198746
0 0.357429 0.78776 0.0609254 0.0729167 0.00192642
1 0.313766 0.30957 0.0507712 0.0859375 0.00186729
1 0.0407862 0.236979 0.05991 0.158854 0.00186062
0 0.533436 0.845052 0.0717566 0.153646 0.00183105
1 0.452879 0.325521 0.0453556 0.0364583 0.00170708
1 0.0379091 0.220703 0.0704027 0.126953 0.00165462
1 0.325612 0.320312 0.066341 0.0455729 0.00162315
0 0.701319 0.342122 0.0433247 0.0579427 0.00153637
0 0.029955 0.670573 0.05991 0.123698 0.0014782
0 0.710796 0.328125 0.0406169 0.0533854 0.00143242
0 0.43054 0.863932 0.0541559 0.102865 0.00128937
1 0.099173 0.496745 0.0494173 0.0598958 0.00126457
0 0.47928 0.884766 0.0406169 0.0664062 0.00124454
1 0.029955 0.670573 0.05991 0.123698 0.00115108
0 0.962622 0.851562 0.0514481 0.0807291 0.00115108
0 0.683718 0.839844 0.272133 0.179688 0.830078
0 0.240655 0.679036 0.163822 0.200521 0.67041
2 0.684395 0.839844 0.277549 0.179688 0.165039
1 0.315797 0.321615 0.052802 0.0572917 0.0927124
0 0.718243 0.523438 0.185484 0.144531 0.036499
0 0.0393477 0.230469 0.0597407 0.140625 0.0258636
0 0.0427324 0.251628 0.063464 0.155599 0.0197906
2 0.0427324 0.251628 0.063464 0.155599 0.0100098
0 0.0385015 0.311849 0.049248 0.0631511 0.00861359
1 0.684395 0.839844 0.277549 0.179688 0.00468063
1 0.305304 0.316406 0.0561868 0.0664062 0.00443268
0 0.0343552 0.246745 0.0665102 0.11263 0.00439835
0 0.202746 0.67513 0.145544 0.192708 0.00358009
0 0.733813 0.509766 0.18413 0.179687 0.00337601
0 0.0549175 0.680339 0.0604177 0.11849 0.00309944
2 0.724335 0.307292 0.0433248 0.0585938 0.0026207
0 0.163991 0.678385 0.0903727 0.192708 0.00253105
0 0.637009 0.841797 0.167883 0.173177 0.00209999
0 0.724335 0.307292 0.0433248 0.0585938 0.00175476
0 0.153667 0.745443 0.0771722 0.102865 0.0017271
1 0.348629 0.330078 0.115758 0.0755208 0.00168705
0 0.0302088 0.314779 0.0580484 0.0605469 0.00157356
0 0.0319858 0.216146 0.0639717 0.10612 0.00144958
0 0.156375 0.697917 0.0771722 0.174479 0.00143242
2 0.259271 0.686849 0.146898 0.201823 0.00138283
0 0.717566 0.321615 0.0487403 0.0397136 0.00137806
2 0.722305 0.524089 0.169237 0.139323 0.00136185
0 0.271795 0.703776 0.139451 0.183594 0.00135612
0 0.0660025 0.676432 0.0836032 0.141927 0.00135136
1 0.324597 0.310547 0.0744644 0.0898438 0.00126934
1 0.451525 0.323568 0.0568637 0.0403646 0.00113392
1 0.0427324 0.251628 0.063464 0.155599 0.00112438
1 0.722305 0.524089 0.169237 0.139323 0.00111198
0 0.0333397 0.682292 0.0460325 0.140625 0.00111198
0 0.358783 0.78776 0.0555098 0.0651042 0.00101185
0 0.687611 0.838542 0.279241 0.174479 0.915039
0 0.227793 0.681641 0.163145 0.19401 0.871582
2 0.686426 0.841797 0.281611 0.166667 0.102661
0 0.0409554 0.244141 0.0649871 0.181641 0.0350037
0 0.253517 0.6875 0.133359 0.197917 0.0284424
1 0.311397 0.320964 0.0446786 0.0455729 0.0179901
2 0.227963 0.677083 0.165514 0.188802 0.0106506
1 0.691165 0.834635 0.277549 0.184896 0.00757599
0 0.626686 0.845052 0.154683 0.158854 0.00551224
2 0.0371476 0.222982 0.0742952 0.136068 0.00370789
2 0.0409554 0.244141 0.0649871 0.181641 0.00358009
0 0.0371476 0.222982 0.0742952 0.136068 0.00345612
0 0.505342 0.488281 0.065664 0.0904948 0.00178909
1 0.0441709 0.241374 0.05991 0.194987 0.00155449
0 0.056356 0.24528 0.100527 0.204102 0.00154877
0 0.71215 0.515625 0.178714 0.153646 0.00148964
0 0.724335 0.304036 0.0379091 0.0494792 0.00137806
1 0.45491 0.32487 0.0473864 0.0338542 0.00136662
0 0.385184 0.902344 0.0460325 0.0364584 0.00126934
0 0.0314781 0.281982 0.0629563 0.126139 0.0011158
2 0.709443 0.323568 0.0324936 0.0364583 0.00104809
0 0.584884 0.0724284 0.0880034 0.107747 0.00101662
0 0.684395 0.83724 0.277549 0.18099 0.891602
0 0.236424 0.678385 0.160775 0.1875 0.789062
1 0.309366 0.319661 0.0460325 0.0494792 0.0970459
2 0.683549 0.83724 0.276534 0.179688 0.0325928
0 0.0406169 0.238607 0.0558483 0.186849 0.00728989
2 0.708766 0.322917 0.0338474 0.0338542 0.00475693
0 0.0372322 0.305339 0.046371 0.0657552 0.00407028
1 0.687611 0.837891 0.281949 0.179688 0.00407028
2 0.23287 0.676432 0.157052 0.175781 0.00385475
2 0.0372322 0.305339 0.046371 0.0657552 0.00335121
2 0.0377399 0.24235 0.0521251 0.176107 0.00271416
0 0.708766 0.322917 0.0338474 0.0338542 0.00234985
0 0.0426478 0.220703 0.0683718 0.252604 0.00233269
2 0.0248779 0.210286 0.0497558 0.0989583 0.00211525
0 0.704027 0.343424 0.0352014 0.0371094 0.0015974
0 0.720274 0.304362 0.0324936 0.0520833 0.00137234
0 0.0368937 0.223307 0.0609254 0.138672 0.00126934
0 0.21527 0.669271 0.132005 0.169271 0.00126457
2 0.0257241 0.308594 0.0484019 0.0598958 0.00118351
2 0.0258087 0.249512 0.0506019 0.138346 0.0011158
0 0.685072 0.839844 0.274841 0.174479 0.926758
0 0.232532 0.682292 0.166529 0.186198 0.801758
1 0.312073 0.321289 0.0514481 0.0501302 0.0288696
0 0.039263 0.246745 0.0717566 0.190104 0.021698
1 0.683042 0.843099 0.273487 0.169271 0.0115051
2 0.683042 0.843099 0.273487 0.169271 0.00468063
0 0.0411246 0.236328 0.0822493 0.263021 0.00234222
2 0.0389246 0.255941 0.0622793 0.180827 0.00211525
0 0.211716 0.671875 0.140467 0.179688 0.0017004
1 0.301581 0.314453 0.0521251 0.0585938 0.00148392
2 0.706735 0.32487 0.0324936 0.0377604 0.00135136
0 0.0405323 0.227539 0.0810646 0.156901 0.00130939
2 0.0372322 0.225749 0.0744644 0.144206 0.00123501
2 0.227963 0.682292 0.168222 0.174479 0.00102425
0 0.687103 0.842448 0.285672 0.179688 0.868164
0 0.234901 0.684896 0.180068 0.197917 0.677246
0 0.0390092 0.236491 0.0654948 0.193685 0.025177
1 0.313766 0.320964 0.0446786 0.0429688 0.0109863
2 0.689811 0.841797 0.289734 0.184896 0.0109863
2 0.0390092 0.236491 0.0654948 0.193685 0.00629044
0 0.212393 0.673828 0.153329 0.191406 0.0050621
0 0.03994 0.296549 0.0507712 0.0891927 0.00366402
1 0.689811 0.841797 0.289734 0.184896 0.00227928
0 0.0406169 0.227214 0.0666795 0.139323 0.00219917
2 0.232024 0.683594 0.173637 0.197917 0.00187492
2 0.03994 0.296549 0.0507712 0.0891927 0.00170708
0 0.0304627 0.239746 0.0609254 0.169596 0.00124454
2 0.708089 0.322917 0.0297857 0.0351562 0.00115108
2 0.033509 0.219401 0.067018 0.130859 0.00109863
0 0.685749 0.83724 0.282965 0.184896 0.9375
0 0.233209 0.683756 0.178038 0.208008 0.817383
0 0.0389246 0.246094 0.0710796 0.191406 0.0188293
1 0.313427 0.318359 0.0473864 0.0494792 0.0109482
2 0.686426 0.835938 0.287026 0.182292 0.00271416
0 0.0513635 0.241536 0.0952806 0.209635 0.0016613
0 0.579468 0.0663249 0.109666 0.118001 0.00146675
0 0.69455 0.515299 0.23964 0.162109 0.00137806
0 0.686426 0.835938 0.278903 0.184896 0.916504
0 0.235747 0.682292 0.160098 0.195312 0.864258
0 0.0389246 0.246419 0.0602485 0.184245 0.0518494
0 0.0382476 0.269206 0.053479 0.14974 0.0334778
1 0.31072 0.320312 0.0433247 0.0410156 0.0105667
0 0.039263 0.242513 0.0714181 0.233724 0.00605011
2 0.0389246 0.246419 0.0602485 0.184245 0.00591278
2 0.0382476 0.269206 0.053479 0.14974 0.00469971
2 0.039263 0.242513 0.0714181 0.233724 0.00424957
0 0.0531405 0.67513 0.0605869 0.11849 0.00337601
0 0.0297858 0.279215 0.0572022 0.126465 0.00286674
2 0.0323243 0.230957 0.0646486 0.155273 0.0017271
0 0.0323243 0.230957 0.0646486 0.155273 0.0016613
0 0.0562714 0.246582 0.0966345 0.208008 0.0015974
0 0.0687949 0.682292 0.0793723 0.157552 0.00154305
2 0.0297858 0.279215 0.0572022 0.126465 0.00147247
0 0.0402785 0.301758 0.0690488 0.139323 0.00121117
0 0.710796 0.322266 0.0365552 0.0351562 0.00112915
1 0.690657 0.835286 0.278565 0.183594 0.00101185
1 0.297181 0.310221 0.0480634 0.0527344 0.00100422
0 0.689134 0.83724 0.277549 0.184896 0.897461
0 0.231178 0.682292 0.17533 0.199219 0.835449
0 0.0397708 0.246908 0.067018 0.187174 0.0222015
1 0.312412 0.31901 0.0467095 0.0436198 0.0166626
2 0.0415477 0.237305 0.0675257 0.19401 0.00787354
0 0.0411246 0.239258 0.0778491 0.230469 0.00536346
0 0.213577 0.67513 0.226778 0.235677 0.00380898
1 0.690488 0.83724 0.281611 0.184896 0.00226974
0 0.71215 0.32194 0.0379091 0.0358073 0.00214958
0 0.585561 0.0686849 0.0947729 0.107747 0.00208282
2 0.0385861 0.259684 0.0568637 0.166829 0.00168133
0 0.0313935 0.264648 0.062787 0.158203 0.00151253
2 0.722982 0.300456 0.0379091 0.0416667 0.00132465
2 0.690488 0.83724 0.281611 0.184896 0.00127888
0 0.722982 0.300456 0.0379091 0.0416667 0.00120163
2 0.71215 0.32194 0.0379091 0.0358073 0.00116062
0 0.0519558 0.238607 0.0964652 0.192057 0.00112915
0 0.593684 0.0845947 0.0961267 0.139404 0.00100803
0 0.687611 0.837891 0.279241 0.186198 0.905273
0 0.231686 0.684896 0.174991 0.203125 0.831055
1 0.311397 0.319661 0.0460325 0.0455729 0.016922
0 0.0396015 0.248372 0.0660025 0.1875 0.0163422
2 0.690319 0.839844 0.281949 0.190104 0.00653839
2 0.0419708 0.238444 0.0656641 0.198893 0.00653839
1 0.690319 0.839844 0.281949 0.190104 0.00577545
0 0.0316474 0.264974 0.0632947 0.161458 0.00121117
0 0.214593 0.679036 0.222716 0.238281 0.00121117
0 0.052802 0.249023 0.0971422 0.212891 0.00117397
0 0.709443 0.322591 0.0352013 0.0371094 0.00110722
1 0.299211 0.311198 0.0473864 0.0559896 0.00101185
0 0.687611 0.837891 0.279241 0.186198 0.905762
0 0.231517 0.684896 0.17533 0.203125 0.831055
1 0.311397 0.319661 0.0460325 0.0455729 0.0170441
0 0.0396015 0.248698 0.0660025 0.1875 0.0163422
2 0.0418862 0.238444 0.0654948 0.198893 0.00653839
2 0.690319 0.839844 0.281949 0.190104 0.00651169
1 0.690319 0.839844 0.281949 0.190104 0.00582123
0 0.0316474 0.265055 0.0632947 0.161296 0.00121593
0 0.214593 0.679036 0.222716 0.238281 0.00121593
0 0.052802 0.249023 0.0971422 0.212891 0.00117874
0 0.709443 0.322591 0.0352013 0.0371094 0.00112057
1 0.299211 0.311523 0.0473864 0.0553385 0.00102043
