1 0.570059 0.711364 0.223095 0.20303 0.914062
1 0.136191 0.546212 0.0882002 0.198485 0.488281
1 0.900161 0.556061 0.0778236 0.180303 0.119629
1 0.512339 0.704356 0.108305 0.197348 0.0585632
0 0.136191 0.546212 0.0882002 0.198485 0.0474243
1 0.923508 0.557197 0.11933 0.186364 0.0455322
1 0.23947 0.547727 0.170239 0.181818 0.0325928
0 0.568761 0.712311 0.223095 0.202652 0.0319824
1 0.497423 0.698295 0.0817149 0.194318 0.0187683
1 0.893675 0.517424 0.0674472 0.278788 0.0185394
2 0.540226 0.12178 0.138786 0.123864 0.0181885
1 0.154512 0.544697 0.105062 0.215152 0.0159607
2 0.407277 0.460985 0.101171 0.143182 0.0116882
1 0.858655 0.559091 0.127112 0.183333 0.011467
2 0.142839 0.543939 0.084309 0.220455 0.00664139
1 0.913131 0.539394 0.11025 0.25 0.00605011
1 0.660204 0.706818 0.0933884 0.204545 0.0050621
0 0.896918 0.556061 0.0713384 0.192424 0.00502014
1 0.933236 0.59053 0.118033 0.0969697 0.00479126
1 0.267195 0.537879 0.266546 0.214394 0.00453949
2 0.563897 0.707386 0.222446 0.203409 0.00443268
0 0.540226 0.12178 0.138786 0.123864 0.00436401
1 0.56487 0.625379 0.265898 0.420455 0.00365067
1 0.407277 0.460985 0.101171 0.143182 0.00356483
0 0.393658 0.461364 0.127112 0.139394 0.00340271
0 0.5 0.519697 1 0.960606 0.00309944
2 0.5 0.502273 1 0.995455 0.00305176
0 0.923508 0.557197 0.11933 0.186364 0.00302696
2 0.5 0.611364 1 0.777273 0.00300407
2 0.244496 0.531818 0.180292 0.172727 0.00292397
1 0.5 0.502273 1 0.995455 0.00292397
1 0.5 0.605303 1 0.789394 0.00292397
0 0.5 0.604545 1 0.790909 0.00279045
2 0.295406 0.509848 0.343073 0.192424 0.00277901
2 0.5 0.5 1 1 0.00277901
0 0.913131 0.539394 0.11025 0.25 0.00276756
2 0.5 0.476515 1 0.95303 0.00275803
0 0.5 0.5 1 1 0.00274658
2 0.858638 0.434754 0.282725 0.380492 0.00270462
1 0.290461 0.504545 0.264763 0.157576 0.00269318
0 0.5 0.465152 1 0.930303 0.00269318
0 0.543145 0.60947 0.755538 0.314394 0.00266266
0 0.536318 0.651515 0.927365 0.69697 0.00264168
0 0.858655 0.559091 0.127112 0.183333 0.00255013
2 0.369663 0.475 0.164727 0.153788 0.00253105
0 0.5 0.387879 1 0.775758 0.00248146
1 0.5 0.313636 1 0.627273 0.00248146
0 0.594685 0.286932 0.810629 0.573864 0.00247192
1 0.858638 0.434754 0.282725 0.380492 0.00244331
2 0.594685 0.286932 0.810629 0.573864 0.00242424
1 0.567789 0.708902 0.210773 0.2125 0.428223
1 0.126139 0.539773 0.094037 0.22803 0.16394
1 0.130193 0.562879 0.079445 0.181818 0.0552063
2 0.56941 0.707576 0.204936 0.20303 0.00714874
0 0.566816 0.70928 0.20753 0.205682 0.00548935
1 0.532444 0.705303 0.151756 0.20303 0.0039444
1 0.405332 0.519697 0.556439 0.357576 0.00333786
2 0.126828 0.533712 0.0926588 0.210606 0.00291252
1 0.289569 0.529545 0.340479 0.274242 0.00291252
1 0.10263 0.543182 0.128733 0.25303 0.00252151
1 0.826228 0.592045 0.230877 0.361364 0.00239754
1 0.883299 0.558333 0.0453972 0.172727 0.00181007
2 0.5 0.572727 1 0.854545 0.00178242
1 0.911493 0.600758 0.177014 0.571212 0.00175476
1 0.508772 0.709091 0.100522 0.190909 0.00171375
0 0.489641 0.74678 0.979281 0.506439 0.0016613
1 0.489641 0.74678 0.979281 0.506439 0.0016613
2 0.5 0.5 1 1 0.00165462
1 0.931922 0.546212 0.136157 0.284849 0.00157928
2 0.461105 0.5 0.922211 1 0.00152493
1 0.0882002 0.672159 0.1764 0.655682 0.00150108
1 0.5 0.5 1 1 0.0014782
0 0.5 0.5 1 1 0.00144958
0 0.126464 0.539773 0.0862546 0.224242 0.00144386
2 0.59274 0.824811 0.81452 0.350379 0.00138855
2 0.724392 0.827273 0.551217 0.345455 0.00138855
1 0.461105 0.5 0.922211 1 0.00138283
0 0.461105 0.5 0.922211 1 0.00137806
1 0.147541 0.550758 0.0862546 0.216667 0.00136662
1 0.59274 0.824811 0.81452 0.350379 0.00136662
0 0.43711 0.460606 0.87422 0.921212 0.00135136
1 0.724392 0.827273 0.551217 0.345455 0.00132465
2 0.5 0.724242 1 0.551515 0.00131989
2 0.5 0.794697 1 0.410606 0.00130463
0 0.5 0.390909 1 0.781818 0.00127411
2 0.102468 0.536364 0.148514 0.307576 0.00126457
2 0.5 0.404545 1 0.809091 0.00124454
1 0.5 0.794697 1 0.410606 0.00123978
2 0.5 0.390909 1 0.781818 0.00123501
0 0.724392 0.827273 0.551217 0.345455 0.00122547
1 0.802864 0.716667 0.394272 0.55 0.00121593
2 0.682254 0.957576 0.0518825 0.0378788 0.00121117
1 0.767195 0.732955 0.465611 0.534091 0.0012064
2 0.43711 0.460606 0.87422 0.921212 0.00120163
0 0.59274 0.824811 0.81452 0.350379 0.00119686
0 0.664727 0.218371 0.670546 0.436742 0.00118828
0 0.5 0.404545 1 0.809091 0.0011692
1 0.924788 0.660985 0.150425 0.376515 0.00116539
2 0.5 0.290909 1 0.581818 0.00115585
0 0.437434 0.535511 0.611565 0.522917 0.0011425
1 0.566492 0.706818 0.210773 0.212121 0.85498
1 0.126139 0.534091 0.0849575 0.231818 0.411133
1 0.926102 0.583333 0.0946854 0.119697 0.0228882
1 0.890433 0.465909 0.0453972 0.0833333 0.0161591
1 0.939055 0.584091 0.121889 0.120455 0.01297
1 0.915725 0.573485 0.0907943 0.171212 0.00930023
1 0.904052 0.54697 0.0700413 0.195455 0.008255
1 0.936461 0.542803 0.127078 0.217424 0.008255
1 0.935488 0.467519 0.129023 0.371023 0.00728989
1 0.118357 0.5875 0.122897 0.346212 0.00631332
1 0.136354 0.513636 0.127112 0.306061 0.00413513
2 0.566167 0.701515 0.210124 0.198485 0.00382423
1 0.142353 0.543182 0.11025 0.230303 0.00376511
2 0.530498 0.116714 0.120627 0.133239 0.00362206
2 0.541523 0.0977273 0.142677 0.169318 0.00317192
1 0.097766 0.538258 0.168294 0.265909 0.00279999
1 0.682903 0.956061 0.0557736 0.0545454 0.00277901
1 0.0878759 0.566288 0.175752 0.323485 0.00271416
2 0.527256 0.0965909 0.264601 0.193182 0.00252151
1 0.559682 0.655682 0.195856 0.140152 0.00208282
2 0.682903 0.956061 0.0557736 0.0545454 0.00206757
1 0.565195 0.737879 0.250981 0.284849 0.00201988
2 0.504557 0.111742 0.168618 0.146212 0.00192642
2 0.56941 0.721023 0.234768 0.397348 0.00183105
1 0.25163 0.519318 0.159539 0.131818 0.00175476
1 0.56941 0.721023 0.234768 0.397348 0.00175476
0 0.130193 0.546591 0.107332 0.249242 0.00174141
1 0.147379 0.52197 0.135543 0.245455 0.00171375
1 0.0862546 0.610985 0.172509 0.597727 0.00156689
1 0.29573 0.505303 0.0791208 0.121212 0.00141621
0 0.097766 0.538258 0.168294 0.265909 0.00139427
0 0.530498 0.116714 0.120627 0.133239 0.00137234
1 0.93711 0.536364 0.125781 0.312121 0.00136185
1 0.938731 0.630682 0.122538 0.532576 0.00135612
2 0.130193 0.546591 0.107332 0.249242 0.00133038
0 0.0878759 0.566288 0.175752 0.323485 0.00110722
1 0.10567 0.475663 0.138218 0.454735 0.00105667
1 0.530498 0.116714 0.120627 0.133239 0.00103664
1 0.232498 0.5375 0.183534 0.169697 0.00103664
1 0.897567 0.447727 0.0583678 0.136364 0.00102806
1 0.563898 0.710606 0.223743 0.206061 0.926758
1 0.13457 0.529545 0.078148 0.234848 0.668945
1 0.88719 0.477273 0.0518824 0.124242 0.347656
1 0.919617 0.578409 0.106359 0.133333 0.134277
1 0.959177 0.596212 0.0518825 0.0681818 0.123779
1 0.267519 0.329451 0.0447486 0.0592803 0.108948
1 0.532444 0.121638 0.129706 0.140814 0.107788
1 0.891081 0.52803 0.0596648 0.242424 0.10376
1 0.421545 0.859091 0.0492883 0.0515152 0.0923462
1 0.894973 0.554545 0.0804178 0.228788 0.088501
1 0.678363 0.963636 0.0570707 0.0484849 0.0661011
1 0.91378 0.54697 0.101171 0.193939 0.0600891
2 0.532444 0.124621 0.125815 0.136364 0.0594177
1 0.894973 0.516667 0.0674472 0.173485 0.0545959
1 0.890433 0.450758 0.0479913 0.109091 0.0433655
1 0.194883 0.230682 0.0395604 0.0545454 0.0420837
1 0.904052 0.528788 0.085606 0.248485 0.0396423
1 0.30027 0.517424 0.0544766 0.118939 0.0383301
1 0.402738 0.0973722 0.0583678 0.168134 0.0363464
1 0.406629 0.451894 0.0856061 0.127273 0.0363464
1 0.220825 0.136932 0.0408574 0.0537879 0.0317383
1 0.836605 0.534849 0.181589 0.245455 0.0307922
2 0.512339 0.126705 0.173806 0.149242 0.0300446
1 0.279517 0.557576 0.0466942 0.0727273 0.0288696
1 0.287948 0.532576 0.0453972 0.160606 0.0262604
1 0.0918076 0.0859848 0.042722 0.0458333 0.0254669
0 0.536335 0.120123 0.131003 0.146117 0.0223694
1 0.00190506 0.860606 0.00381012 0.278788 0.0219879
1 0.321023 0.515152 0.0920914 0.118182 0.021698
1 0.389443 0.456818 0.118681 0.143939 0.0212097
1 0.514285 0.711932 0.124518 0.20947 0.0197144
1 0.670581 0.208333 0.0466942 0.0621212 0.0174408
1 0.294433 0.530303 0.0661501 0.124242 0.0159607
1 0.75489 0.158333 0.041506 0.0537879 0.0138474
0 0.671878 0.212121 0.0441001 0.0598485 0.0137405
1 0.359935 0.490152 0.169915 0.160606 0.0137405
1 0.00826877 0.807765 0.0165375 0.38447 0.0135345
1 0.852169 0.548864 0.123221 0.241667 0.0131226
2 0.678363 0.963636 0.0570707 0.0484849 0.0130234
1 0.17867 0.659091 0.0405332 0.060606 0.01297
0 0.402738 0.0973722 0.0583678 0.168134 0.0128708
1 0.675769 0.0436553 0.0363178 0.0420455 0.012825
1 0.786019 0.551515 0.264601 0.272727 0.011116
2 0.402738 0.0973722 0.0583678 0.168134 0.0107803
1 0.413763 0.848485 0.051234 0.0848485 0.0104904
1 0.126626 0.548864 0.0846333 0.296212 0.0103683
1 0.287948 0.322348 0.0739325 0.0795455 0.0102081
1 0.756187 0.420833 0.0402089 0.0386364 0.00978088
1 0.840496 0.571212 0.140083 0.177273 0.00948334
0 0.512339 0.126705 0.173806 0.149242 0.00898743
1 0.568113 0.711364 0.221798 0.204545 0.816406
1 0.125977 0.552273 0.0856061 0.204545 0.720215
1 0.121559 0.526515 0.105143 0.239394 0.542969
1 0.918968 0.573485 0.108953 0.181818 0.0193481
1 0.894973 0.523864 0.0726355 0.232576 0.0184021
1 0.936478 0.560606 0.11933 0.193939 0.0129242
1 0.911834 0.530303 0.0959825 0.251515 0.0115051
1 0.902755 0.562121 0.0752296 0.178788 0.00572968
1 0.275707 0.546591 0.247577 0.178788 0.00547028
1 0.935164 0.487879 0.129672 0.358333 0.00530243
1 0.879408 0.559091 0.0700413 0.212879 0.0051384
1 0.250981 0.521212 0.201693 0.131818 0.00385475
1 0.93484 0.594318 0.13032 0.320455 0.00307465
1 0.31778 0.640909 0.575895 0.451515 0.00277901
1 0.310646 0.556818 0.337885 0.215909 0.00274658
1 0.911834 0.486364 0.103765 0.339394 0.00264168
1 0.933219 0.548106 0.133563 0.277273 0.0024929
1 0.683551 0.957576 0.0648531 0.0515152 0.00222588
1 0.75489 0.65303 0.329454 0.407576 0.00218201
0 0.125977 0.552273 0.0856061 0.204545 0.00213242
0 0.501963 0.103954 0.202342 0.183759 0.00201988
1 0.710141 0.585985 0.404683 0.309848 0.00174141
1 0.880705 0.524242 0.0830119 0.20303 0.0016613
1 0.864492 0.553409 0.0765266 0.2 0.00137806
1 0.378093 0.621212 0.507151 0.377273 0.00135136
1 0.345018 0.579545 0.623887 0.365152 0.00133038
1 0.347612 0.722538 0.608322 0.494318 0.00123978
0 0.515906 0.113826 0.157593 0.158333 0.00119686
1 0.938424 0.612121 0.121924 0.186364 0.00118828
1 0.938407 0.563636 0.123186 0.430303 0.00113773
1 0.903062 0.70322 0.193876 0.593561 0.00110722
1 0.425112 0.859091 0.053828 0.0651515 0.00109482
1 0.407196 0.609091 0.538443 0.50303 0.00107288
1 0.823634 0.576136 0.19845 0.268939 0.00102043
1 0.560331 0.70625 0.226986 0.208712 0.896484
1 0.128733 0.525758 0.0817149 0.236364 0.651367
2 0.126139 0.525758 0.084309 0.239394 0.0267639
1 0.888487 0.528788 0.0570707 0.234848 0.0138474
1 0.93129 0.560606 0.127112 0.168939 0.00486755
1 0.911834 0.522727 0.102468 0.272727 0.00416565
2 0.499693 0.117614 0.209475 0.154167 0.0037365
1 0.929003 0.518939 0.141994 0.277273 0.0037365
0 0.49645 0.117045 0.208178 0.156061 0.00274658
0 0.127761 0.52803 0.0852818 0.239394 0.00273705
2 0.126788 0.292424 0.253576 0.584848 0.00273705
2 0.266546 0.512879 0.25163 0.151515 0.00231361
2 0.148351 0.345455 0.296703 0.690909 0.00227928
2 0.849234 0.298295 0.301532 0.596591 0.00226974
1 0.766725 0.524242 0.414735 0.316667 0.00226974
2 0.101333 0.65 0.202666 0.674242 0.00222588
2 0.5078 0.100947 0.217906 0.201894 0.00209045
1 0.883299 0.53447 0.167321 0.264394 0.0020752
2 0.680957 0.959091 0.0492884 0.0439394 0.00195694
1 0.241253 0.532576 0.236065 0.170455 0.00183105
2 0.0969554 0.238258 0.193911 0.476515 0.00182438
2 0.241253 0.532576 0.236065 0.170455 0.00177479
2 0.103927 0.663826 0.207854 0.672348 0.0015974
2 0.814537 0.342235 0.370925 0.68447 0.00155449
2 0.143325 0.550758 0.108305 0.29697 0.00144386
2 0.35961 0.481439 0.195208 0.163636 0.00141048
2 0.0520446 0.191288 0.104089 0.382576 0.00140476
1 0.680957 0.959091 0.0492884 0.0439394 0.00134087
2 0.806107 0.244129 0.387787 0.488258 0.00131512
2 0.112682 0.455303 0.225364 0.695455 0.00130939
2 0.124356 0.700758 0.248712 0.598485 0.00130463
1 0.720825 0.424148 0.558351 0.591098 0.00119686
2 0.881985 0.339394 0.236031 0.678788 0.00119209
2 0.429003 0.857576 0.0382633 0.0515152 0.0011692
2 0.322401 0.480682 0.343559 0.170455 0.0011425
2 0.167321 0.741098 0.334642 0.517803 0.00108147
2 0.00543145 0.192045 0.0108629 0.384091 0.00105286
2 0.712394 0.363542 0.575212 0.641098 0.00105286
2 0.66669 0.199242 0.0596648 0.0613636 0.00103664
1 0.561303 0.709091 0.214664 0.215151 0.863281
1 0.1323 0.527273 0.0778237 0.233333 0.680664
1 0.889784 0.518939 0.0596649 0.19697 0.14563
1 0.910537 0.532955 0.0972796 0.232576 0.0212097
1 0.89627 0.545076 0.0752296 0.192424 0.0103302
1 0.920914 0.549242 0.111547 0.183333 0.0100098
1 0.0903079 0.0850379 0.037939 0.0481061 0.00847626
1 0.968905 0.591667 0.0389119 0.0666667 0.00658798
0 0.531795 0.11411 0.131003 0.161174 0.005867
1 0.753593 0.157576 0.0389119 0.0477273 0.005867
1 0.87422 0.518182 0.0544766 0.181818 0.0051384
1 0.89627 0.461364 0.0622589 0.186364 0.00511932
1 0.0778237 0.0854167 0.0437758 0.0503788 0.00457382
0 0.1323 0.518939 0.0726354 0.235606 0.00438309
1 0.223419 0.136411 0.0473428 0.0559659 0.00359344
2 0.00814717 0.182197 0.0162943 0.364394 0.00345612
1 0.75489 0.167424 0.0389119 0.0583333 0.00260162
1 0.316807 0.519697 0.123869 0.128788 0.00239754
0 0.891081 0.514015 0.0505854 0.168182 0.00211525
1 0.428355 0.854545 0.0551251 0.0727273 0.00204277
2 0.1323 0.518939 0.0726354 0.235606 0.00194168
1 0.122572 0.55 0.108953 0.257576 0.00181007
1 0.334642 0.489773 0.192614 0.148485 0.00178242
1 0.281381 0.516667 0.237524 0.143939 0.00175476
1 0.867734 0.55 0.0752295 0.198485 0.00170708
0 0.685497 0.955303 0.0661501 0.0621212 0.00167465
1 0.744513 0.160227 0.0441001 0.0590909 0.00162888
0 0.329454 0.508333 0.114141 0.122727 0.00156116
1 0.952043 0.593939 0.0752295 0.0893939 0.00153637
0 0.565195 0.705303 0.210773 0.218182 0.00150108
2 0.00628264 0.819318 0.0125653 0.361364 0.00148964
0 0.497423 0.106226 0.206233 0.181487 0.00127411
1 0.900161 0.404167 0.0466942 0.0795455 0.00123978
2 0 0.214773 0 0.429545 0.00121117
0 0.334642 0.489773 0.192614 0.148485 0.0012064
1 0.929327 0.528788 0.141345 0.239394 0.0011692
1 0.329454 0.508333 0.114141 0.122727 0.00103188
0 0.89627 0.461364 0.0622589 0.186364 0.00101185
1 0.148676 0.525 0.0839847 0.225758 0.00100803
1 0.560979 0.707576 0.2205 0.224242 0.931152
1 0.13003 0.531061 0.0856061 0.243939 0.808105
1 0.891081 0.52803 0.0752296 0.265152 0.197388
1 0.892378 0.537879 0.0596648 0.206061 0.141235
1 0.913131 0.536364 0.112844 0.25 0.0853882
1 0.0906322 0.0815341 0.0363177 0.0452651 0.0139008
1 0.876814 0.537879 0.0726354 0.271212 0.0116882
1 0.0763645 0.0820076 0.0418302 0.0465909 0.0112457
1 0.957231 0.595455 0.0544765 0.0863636 0.011116
1 0.892378 0.461364 0.0648531 0.199242 0.00641251
1 0.684848 0.956061 0.0596648 0.05 0.00494385
2 0.127761 0.538636 0.0823634 0.239394 0.00421524
1 0.930642 0.586742 0.111547 0.114394 0.00275803
0 0.892378 0.537879 0.0596648 0.206061 0.00219154
1 0.428355 0.859091 0.0479913 0.0515152 0.0020504
2 0.684848 0.956061 0.0596648 0.05 0.0017004
0 0.891081 0.52803 0.0752296 0.265152 0.00166798
0 0.130679 0.522727 0.0856061 0.25 0.00148964
2 0.891081 0.539773 0.0596648 0.225 0.00136185
1 0.923166 0.531818 0.153667 0.271212 0.0011425
1 0.535362 0.702273 0.160187 0.25 0.00111198
1 0.89627 0.406818 0.0518825 0.0848485 0.00107765
0 0.684848 0.956061 0.0596648 0.05 0.00107765
1 0.566816 0.708901 0.216609 0.21553 0.872559
1 0.132462 0.534848 0.0872274 0.227273 0.660156
1 0.886542 0.536364 0.0544766 0.205303 0.254639
1 0.900161 0.531818 0.0882002 0.237879 0.177856
1 0.911834 0.555303 0.111547 0.189394 0.0354004
2 0.130679 0.535985 0.0901458 0.225758 0.0154266
1 0.426409 0.806061 0.073284 0.175758 0.0151291
1 0.948152 0.585606 0.0726354 0.108333 0.00941467
1 0.88265 0.536742 0.0778237 0.249242 0.00664139
2 0.52304 0.109375 0.149811 0.17822 0.00595856
1 0.43257 0.790909 0.0920914 0.216667 0.0046463
0 0.52304 0.109375 0.149811 0.17822 0.00460815
2 0.281787 0.539773 0.0719869 0.112879 0.00419998
0 0.131652 0.534848 0.0830119 0.227273 0.00419998
2 0.426409 0.806061 0.073284 0.175758 0.0039444
2 0.287867 0.523485 0.119492 0.137879 0.00392914
1 0.34437 0.502652 0.153053 0.153788 0.00337601
1 0.262331 0.535985 0.215312 0.152273 0.00332451
2 0.562925 0.707576 0.217906 0.212121 0.00302696
1 0.928355 0.531439 0.143291 0.252273 0.00300407
1 0.281787 0.539773 0.0719869 0.112879 0.00300407
2 0.34437 0.502652 0.153053 0.153788 0.00283432
1 0.910537 0.506061 0.101171 0.30303 0.00277901
2 0.262331 0.535985 0.215312 0.152273 0.00218201
1 0.535686 0.117992 0.133597 0.155682 0.00175476
1 0.287867 0.523485 0.119492 0.137879 0.00171375
1 0.933884 0.580303 0.111547 0.128788 0.0016489
2 0.423815 0.791099 0.0894973 0.220833 0.00160408
1 0.365447 0.482576 0.171861 0.190909 0.00156116
1 0.870977 0.568182 0.0882002 0.233333 0.00145531
0 0.886542 0.536364 0.0544766 0.205303 0.00130939
2 0.990938 0.923106 0.0181244 0.153788 0.00129414
0 0.426409 0.806061 0.073284 0.175758 0.00127411
2 0.365447 0.482576 0.171861 0.190909 0.00126457
1 0.75489 0.157197 0.0466942 0.0492424 0.00118828
2 0.886542 0.536742 0.0505854 0.209848 0.00113773
2 0.993532 0.890909 0.0129362 0.218182 0.00105667
1 0.561628 0.709091 0.221798 0.206061 0.806641
1 0.133273 0.532576 0.0804178 0.225758 0.689453
1 0.899512 0.522727 0.0791208 0.204545 0.0800781
1 0.891081 0.533333 0.0544766 0.184849 0.069519
1 0.913131 0.535606 0.106359 0.243939 0.0197906
2 0.135543 0.527273 0.0836605 0.236364 0.00671768
0 0.893675 0.530303 0.0596648 0.195455 0.00547028
1 0.972796 0.593939 0.0337235 0.0757576 0.00542831
2 0.683551 0.956818 0.0661501 0.0530303 0.00494385
2 0.893675 0.530303 0.0596648 0.195455 0.00429916
2 0.565519 0.705303 0.216609 0.204545 0.0037365
2 0.983173 0.95 0.0324266 0.0575757 0.00323486
1 0.894973 0.441667 0.0596648 0.106061 0.00318527
0 0.132625 0.528788 0.0869031 0.228788 0.00223351
2 0.425112 0.858333 0.0453972 0.0469697 0.00188255
1 0.0911186 0.0826705 0.0389118 0.0441288 0.00182438
2 0.696522 0.954545 0.103765 0.0560606 0.00147247
1 0.0762024 0.0842803 0.0408574 0.0469697 0.00143814
1 0.683551 0.956818 0.0661501 0.0530303 0.00136185
2 0.675121 0.205871 0.0479913 0.0575758 0.00135612
2 0.911834 0.532197 0.105062 0.237121 0.00123978
2 0.972796 0.593939 0.0337235 0.0757576 0.00117874
1 0.893675 0.545833 0.101171 0.252273 0.00109005
0 0.512339 0.11875 0.169915 0.154167 0.00106907
0 0.675121 0.205871 0.0479913 0.0575758 0.00103664
1 0.568113 0.705871 0.211421 0.203409 0.811523
1 0.135867 0.525379 0.0765266 0.234091 0.723145
1 0.889784 0.50947 0.0674472 0.240909 0.0977173
1 0.876814 0.530682 0.0466942 0.194697 0.0668335
1 0.890433 0.557576 0.064853 0.181061 0.0637207
1 0.883299 0.537121 0.0492884 0.231818 0.0202942
1 0.905349 0.520455 0.0907943 0.264394 0.0106125
1 0.89627 0.48447 0.0700413 0.239394 0.00878143
1 0.874868 0.501136 0.0596648 0.205303 0.0078125
1 0.424139 0.857576 0.0492883 0.0545454 0.0077858
1 0.875517 0.544318 0.0700413 0.209848 0.00432968
1 0.911834 0.562121 0.0985766 0.174242 0.00271416
1 0.525634 0.698485 0.127761 0.189394 0.00234985
1 0.971499 0.583333 0.0402089 0.0893939 0.00223351
1 0.431273 0.799242 0.0719869 0.178788 0.00221634
1 0.0779858 0.0841856 0.0421545 0.0464015 0.00145531
1 0.091078 0.0836174 0.0409385 0.0441288 0.00141048
1 0.41506 0.844697 0.0544766 0.089394 0.00108624
2 0.568113 0.706061 0.210124 0.20303 0.00107288
1 0.741919 0.41553 0.0441001 0.0704546 0.00100803
1 0.568761 0.710606 0.223095 0.221212 0.820801
1 0.13684 0.533333 0.0849575 0.233333 0.71875
1 0.898864 0.524621 0.0778237 0.252273 0.0305634
1 0.892378 0.532576 0.0557736 0.19697 0.0187988
1 0.906646 0.55 0.0830119 0.215152 0.00400543
0 0.893675 0.525758 0.0570707 0.209091 0.00158501
1 0.876814 0.516667 0.0648531 0.222727 0.00121593
0 0.142839 0.536742 0.0872274 0.205303 0.00104427
1 0.562925 0.704356 0.212718 0.230682 0.808105
1 0.128125 0.531061 0.0959015 0.245455 0.715332
1 0.891081 0.5125 0.0752296 0.271212 0.123352
1 0.889784 0.521212 0.0544765 0.228788 0.0856934
1 0.9047 0.518182 0.0959825 0.280303 0.0173798
1 0.876814 0.50303 0.0674472 0.234091 0.00616837
0 0.89173 0.530303 0.0557736 0.254545 0.00561905
0 0.128125 0.531061 0.0959015 0.245455 0.0017271
1 0.875517 0.538258 0.0752296 0.243939 0.00119209
1 0.561952 0.705303 0.214664 0.230303 0.862305
1 0.128571 0.531061 0.0839847 0.231818 0.662109
1 0.885893 0.516667 0.0570707 0.246212 0.0158997
2 0.132949 0.52803 0.0914428 0.239394 0.0104065
0 0.132949 0.52803 0.0914428 0.239394 0.00411606
1 0.891081 0.505303 0.0804178 0.282576 0.0039444
0 0.889136 0.52197 0.0570707 0.271212 0.00222588
1 0.905998 0.510606 0.103765 0.295455 0.00147247
1 0.565195 0.70303 0.214664 0.216667 0.838867
1 0.132787 0.531818 0.0839847 0.212121 0.6875
2 0.133759 0.534848 0.0872274 0.210606 0.00344276
1 0.885893 0.522348 0.0609619 0.221212 0.00317192
0 0.133759 0.534848 0.0872274 0.210606 0.00113773
1 0.56487 0.707576 0.221798 0.224242 0.873047
1 0.1323 0.530303 0.0901458 0.230303 0.594727
1 0.894324 0.523106 0.0713384 0.243182 0.0188293
1 0.90924 0.525379 0.101171 0.259848 0.00379562
2 0.132949 0.532197 0.0920914 0.238636 0.00335121
0 0.132949 0.532197 0.0920914 0.238636 0.00156689
1 0.229418 0.539015 0.184507 0.17803 0.00112057
1 0.558061 0.706818 0.223743 0.231818 0.804199
1 0.128896 0.534091 0.0817149 0.230303 0.689453
1 0.894973 0.510606 0.0804178 0.276515 0.0188293
1 0.891081 0.525379 0.0596648 0.259848 0.0115967
2 0.128409 0.534849 0.0894973 0.259091 0.00312424
1 0.883299 0.500758 0.0726355 0.253788 0.00259018
0 0.128896 0.534091 0.0817149 0.230303 0.00139427
1 0.563573 0.708333 0.219203 0.219697 0.805664
1 0.133273 0.529924 0.0752296 0.223485 0.686035
1 0.885893 0.534848 0.0518825 0.216667 0.0386963
1 0.893675 0.517424 0.0752296 0.263636 0.00479126
2 0.1323 0.539015 0.0774994 0.245455 0.00178242
1 0.874868 0.497727 0.0544766 0.166667 0.00150681
1 0.876814 0.521212 0.0596649 0.224242 0.00130463
1 0.565843 0.707576 0.219852 0.221212 0.833496
1 0.132787 0.529167 0.0869031 0.234091 0.686035
1 0.889136 0.517424 0.063556 0.25303 0.012825
1 0.897567 0.513636 0.0817149 0.290909 0.00337601
1 0.878111 0.511364 0.0648531 0.224242 0.00228691
2 0.132625 0.532576 0.0888487 0.234848 0.0011425
1 0.563573 0.709091 0.217906 0.227273 0.825684
1 0.1323 0.530682 0.084309 0.231061 0.67041
1 0.887839 0.529545 0.0544766 0.209091 0.0183716
1 0.894973 0.517424 0.0791208 0.268182 0.00317192
1 0.878111 0.512879 0.062259 0.201515 0.00264168
1 0.563573 0.709091 0.217906 0.227273 0.825684
1 0.132462 0.530303 0.0839847 0.230303 0.67041
1 0.887839 0.529545 0.0544766 0.209091 0.0182648
1 0.894973 0.517424 0.0791208 0.267424 0.00317192
1 0.878111 0.512879 0.062259 0.201515 0.0026207
