2 0.615962 0.791907 0.321936 0.221098 0.586914
2 0.186931 0.762283 0.109692 0.212428 0.168335
2 0.578316 0.800578 0.227173 0.193642 0.11084
0 0.614015 0.797688 0.318042 0.218208 0.100891
1 0.612068 0.796243 0.315445 0.205202 0.0987549
2 0.198289 0.689487 0.188878 0.384032 0.0544128
2 0.184172 0.695087 0.126892 0.349711 0.0524292
0 0.198289 0.689487 0.188878 0.384032 0.0173035
2 0.689955 0.787572 0.175247 0.190751 0.0146179
2 0.198127 0.629696 0.200885 0.516618 0.0136871
0 0.184983 0.774566 0.115209 0.179191 0.0133286
2 0.139387 0.671243 0.243724 0.562139 0.0115051
2 0.648415 0.776012 0.26352 0.16185 0.00891876
2 0.241127 0.700867 0.271958 0.393064 0.00874329
0 0.198127 0.629696 0.200885 0.516618 0.00609589
2 0.9366 0.656069 0.115533 0.182081 0.00591278
1 0.568256 0.801301 0.207052 0.192196 0.00568771
2 0.513329 0.680455 0.593407 0.63909 0.00527954
2 0.158656 0.774566 0.154558 0.205202 0.00498199
2 0.13322 0.695087 0.266441 0.498555 0.0049057
2 0.156059 0.690751 0.180521 0.391618 0.00460815
2 0.156262 0.57948 0.312524 0.84104 0.00439835
2 0.327777 0.604046 0.441364 0.570809 0.00438309
0 0.241127 0.700867 0.271958 0.393064 0.00426483
0 0.578316 0.800578 0.227173 0.193642 0.00413513
0 0.667887 0.790462 0.420594 0.265896 0.00385475
2 0.6588 0.810694 0.415401 0.267341 0.00367928
2 0.5 0.5 1 1 0.00362206
0 0.139387 0.671243 0.243724 0.562139 0.00332451
0 0.184172 0.695087 0.126892 0.349711 0.00327301
2 0.117197 0.777457 0.217355 0.222543 0.00324821
2 0.13387 0.749819 0.186606 0.248916 0.00317192
1 0.184983 0.774566 0.115209 0.179191 0.00314713
1 0.5 0.5 1 1 0.0030632
2 0.510165 0.708815 0.829504 0.58237 0.00299263
0 0.5 0.488439 1 0.976878 0.00299263
2 0.5 0.5 1 1 0.00299263
0 0.5 0.5 1 1 0.00294685
0 0.327777 0.604046 0.441364 0.570809 0.00274658
1 0.5 0.5 1 1 0.00270462
2 0.191149 0.63367 0.150583 0.271676 0.00263214
2 0.5 0.486994 1 0.973988 0.0026207
0 0.9366 0.656069 0.115533 0.182081 0.00255013
1 0.5 0.5 1 1 0.00255013
0 0.513329 0.680455 0.593407 0.63909 0.0024929
0 0.73269 0.75578 0.534621 0.361272 0.00247192
2 0.180764 0.602601 0.14539 0.210983 0.00245285
2 0.5 0.5 1 1 0.00243378
0 0.5 0.5 1 1 0.00230598
0 0.5 0.5 1 1 0.00228691
2 0.618558 0.797688 0.310253 0.190751 0.753418
2 0.174436 0.767341 0.0976842 0.153179 0.0736694
2 0.1475 0.727601 0.153179 0.235549 0.0628052
2 0.12531 0.668352 0.239424 0.380058 0.0558167
2 0.166485 0.738439 0.115533 0.210983 0.0472412
2 0.583022 0.778179 0.376133 0.17341 0.0307922
1 0.615151 0.79841 0.311875 0.187861 0.0102463
0 0.615151 0.79841 0.311875 0.187861 0.00775528
2 0.111477 0.719834 0.21841 0.259754 0.00634003
2 0.667238 0.783237 0.212893 0.16185 0.00600433
2 0.150542 0.679191 0.164943 0.339595 0.00530243
2 0.125269 0.672688 0.250539 0.401734 0.00446701
2 0.452722 0.656431 0.545863 0.467486 0.00279999
2 0.693201 0.773844 0.158372 0.156069 0.00265312
1 0.12531 0.668352 0.239424 0.380058 0.00261116
2 0.549108 0.815029 0.155775 0.144509 0.00245285
2 0.615313 0.838512 0.293377 0.322977 0.00236893
2 0.116832 0.764451 0.203157 0.16474 0.00232315
2 0.200236 0.773121 0.070748 0.16763 0.00208282
2 0.942986 0.628974 0.114027 0.275289 0.00195694
2 0.191636 0.740607 0.0983332 0.218208 0.00191212
2 0.427165 0.71315 0.503512 0.371387 0.00186729
2 0.932056 0.655347 0.0882728 0.151734 0.00156116
2 0.403718 0.175578 0.0623102 0.0628613 0.00154877
1 0.756056 0.388728 0.487888 0.552023 0.00152493
2 0.141131 0.783237 0.168838 0.179191 0.00143814
2 0.422216 0.174494 0.0636083 0.058526 0.00142097
0 0.5 0.663114 1 0.673772 0.00133038
2 0.586754 0.710983 0.234961 0.416185 0.00131989
1 0.553386 0.809971 0.893229 0.380058 0.00130939
2 0.553386 0.809971 0.893229 0.380058 0.00129986
0 0.762871 0.403902 0.474258 0.58237 0.00129414
2 0.683036 0.821532 0.633928 0.356936 0.00128937
1 0.128028 0.726156 0.256056 0.498555 0.0012846
1 0.942986 0.628974 0.114027 0.275289 0.00127411
2 0.497832 0.621387 0.995665 0.757225 0.00126934
1 0.5 0.721098 1 0.557804 0.00126934
2 0.5 0.639451 1 0.721098 0.00125504
0 0.736259 0.794075 0.527481 0.41185 0.0012207
2 0.465379 0.468569 0.930758 0.937139 0.00121593
0 0.5 0.428468 1 0.856936 0.00121593
2 0.5 0.409321 1 0.818641 0.00121593
0 0.5 0.721098 1 0.557804 0.00121593
1 0.497832 0.621387 0.995665 0.757225 0.00121117
2 0.493613 0.820809 0.049978 0.127168 0.0012064
0 0.773256 0.731214 0.453488 0.537572 0.0012064
2 0.620505 0.734827 0.397227 0.316474 0.00119209
2 0.941039 0.711705 0.117922 0.317919 0.00119209
1 0.683036 0.821532 0.633928 0.356936 0.00118828
2 0.5 0.5 1 1 0.00118351
2 0.621155 0.796243 0.301166 0.182081 0.575684
2 0.171353 0.747832 0.0889218 0.180636 0.383057
2 0.574097 0.802746 0.209648 0.171965 0.126343
1 0.621804 0.797688 0.301166 0.179191 0.116333
2 0.165998 0.73573 0.111964 0.216402 0.088501
2 0.926215 0.655347 0.0843783 0.157514 0.0363464
2 0.136466 0.739162 0.158372 0.216763 0.0188293
2 0.634136 0.774747 0.331023 0.268425 0.0146713
2 0.170866 0.765896 0.120401 0.141618 0.0120087
2 0.113749 0.754335 0.199587 0.186416 0.0117798
2 0.938547 0.643063 0.107745 0.193642 0.0104904
2 0.15107 0.760296 0.132734 0.227962 0.00933838
2 0.164213 0.714595 0.14539 0.271676 0.00784302
2 0.633487 0.715318 0.328427 0.391618 0.00605011
2 0.173949 0.679191 0.132409 0.293353 0.00462723
2 0.943635 0.631503 0.112729 0.228324 0.00439835
1 0.926215 0.655347 0.0843783 0.157514 0.00416565
1 0.170217 0.765896 0.0840538 0.144509 0.0039444
2 0.681518 0.794798 0.176546 0.177746 0.00299263
0 0.621804 0.797688 0.301166 0.179191 0.0027256
2 0.942337 0.539017 0.115325 0.407514 0.00263214
1 0.634136 0.774747 0.331023 0.268425 0.00258064
2 0.184659 0.776011 0.105797 0.150289 0.00247192
2 0.159021 0.788295 0.123322 0.143064 0.00226974
1 0.171353 0.735368 0.0960615 0.220014 0.00216484
2 0.521199 0.809248 0.107745 0.153179 0.00214005
0 0.926215 0.655347 0.0843783 0.157514 0.00161076
2 0.204293 0.696532 0.161292 0.317919 0.00150681
2 0.401771 0.17052 0.0597139 0.0621387 0.00135612
1 0.943311 0.653902 0.113378 0.190751 0.00135612
0 0.170866 0.765896 0.120401 0.141618 0.00134087
1 0.567282 0.807803 0.192123 0.153179 0.00131989
2 0.941364 0.685694 0.117273 0.465318 0.00127888
2 0.113749 0.648121 0.227497 0.41185 0.00123501
2 0.170055 0.604769 0.15253 0.212428 0.00122547
2 0.834697 0.767341 0.186931 0.163295 0.00115108
2 0.826259 0.724169 0.188229 0.248194 0.0011425
0 0.169568 0.76138 0.0879482 0.15065 0.0011425
2 0.393658 0.17341 0.0720461 0.0751445 0.00109863
2 0.62294 0.796965 0.311875 0.200867 0.725098
1 0.391386 0.173952 0.0739933 0.0632225 0.44751
2 0.169893 0.763006 0.10093 0.184971 0.419678
1 0.62294 0.796965 0.311875 0.200867 0.24939
1 0.392035 0.186777 0.0688008 0.0668353 0.138916
1 0.417348 0.188584 0.0921671 0.0693642 0.123779
1 0.921671 0.659682 0.0726952 0.160405 0.0987549
1 0.41248 0.175578 0.0772387 0.0729769 0.0984497
1 0.372563 0.18172 0.0545214 0.0563584 0.0888062
1 0.407612 0.169436 0.0973597 0.0650289 0.0800781
2 0.161617 0.768605 0.130137 0.237355 0.0589905
2 0.925566 0.659682 0.0856765 0.16474 0.0544128
0 0.718514 0.32957 0.050627 0.0532876 0.0420837
1 0.368019 0.657876 0.0551705 0.0643063 0.0413208
2 0.198289 0.781792 0.125918 0.182081 0.0397949
1 0.103039 0.300578 0.0438118 0.0484104 0.029541
1 0.774983 0.204299 0.0519251 0.118136 0.0275879
2 0.17833 0.708092 0.116183 0.303468 0.0267639
1 0.378405 0.656792 0.0571177 0.0606937 0.0252686
2 0.177519 0.597543 0.157723 0.190751 0.0220337
1 0.17833 0.708092 0.116183 0.303468 0.021286
2 0.0870152 0.0325596 0.0940332 0.0651192 0.0210419
1 0.76979 0.229769 0.0571176 0.157514 0.0209656
1 0.174598 0.751445 0.0915181 0.202312 0.0205688
2 0.170055 0.757045 0.0895709 0.243136 0.0202484
1 0.35731 0.345376 0.0584158 0.0809249 0.0189056
1 0.770439 0.201409 0.050627 0.0776734 0.0184021
2 0.770439 0.201409 0.050627 0.0776734 0.0162811
1 0.938547 0.666907 0.10385 0.171965 0.0156021
1 0.926864 0.682081 0.0882727 0.157514 0.0150757
1 0.718514 0.32957 0.050627 0.0532876 0.0149536
2 0.391386 0.173952 0.0739933 0.0632225 0.0146713
1 0.469274 0.159682 0.0363476 0.0578035 0.0142288
1 0.13533 0.264631 0.0382948 0.0520231 0.0141754
2 0.299868 0.274566 0.080484 0.113439 0.01297
1 0.299868 0.274566 0.080484 0.113439 0.0120544
0 0.72825 0.308345 0.0623102 0.0885116 0.0119629
1 0.470572 0.18479 0.0337514 0.0617775 0.0118256
1 0.271633 0.154263 0.0532233 0.04263 0.0115051
2 0.392035 0.186777 0.0688008 0.0668353 0.0109024
0 0.76979 0.229769 0.0571176 0.157514 0.0108566
1 0.796402 0.205564 0.040242 0.0693642 0.0104065
2 0.773036 0.765896 0.080484 0.148844 0.0103302
0 0.391386 0.173952 0.0739933 0.0632225 0.0102463
0 0.688008 0.375722 0.0389438 0.0484104 0.0102463
1 0.767194 0.178468 0.0545214 0.0823699 0.01017
1 0.390412 0.282876 0.0999559 0.121387 0.01017
0 0.768492 0.26409 0.0519251 0.138728 0.00993347
2 0.133383 0.747832 0.1561 0.229769 0.00985718
1 0.944609 0.657514 0.110782 0.186416 0.00959778
2 0.621804 0.791907 0.295973 0.193642 0.778809
2 0.1647 0.751445 0.0989823 0.177746 0.266602
2 0.153666 0.725433 0.123647 0.236994 0.262939
0 0.622453 0.793352 0.295973 0.196532 0.0621033
0 0.1475 0.722363 0.132085 0.240246 0.0223694
0 0.1647 0.751445 0.0989823 0.177746 0.0199432
1 0.619856 0.797688 0.302464 0.193642 0.0170441
1 0.396254 0.171423 0.0564686 0.0516618 0.0157166
2 0.927513 0.660405 0.0688008 0.135838 0.0151291
2 0.165511 0.781069 0.104499 0.17341 0.012825
1 0.143403 0.724169 0.146121 0.242413 0.0120544
2 0.137967 0.75289 0.154396 0.228324 0.0118713
2 0.396254 0.171423 0.0564686 0.0516618 0.00945282
0 0.137967 0.75289 0.154396 0.228324 0.00436401
2 0.196666 0.770954 0.113586 0.163295 0.0039444
0 0.396254 0.171423 0.0564686 0.0516618 0.00380898
1 0.1647 0.751445 0.0989823 0.177746 0.00321007
2 0.915181 0.656792 0.0571177 0.134393 0.00281143
0 0.165511 0.781069 0.104499 0.17341 0.00279999
2 0.20835 0.787572 0.120726 0.148844 0.00266266
2 0.411831 0.168533 0.0778877 0.0531069 0.00219154
1 0.157074 0.737175 0.108394 0.233743 0.00196457
2 0.166647 0.6875 0.193746 0.385116 0.00186062
0 0.927513 0.660405 0.0688008 0.135838 0.00178242
1 0.411831 0.168533 0.0778877 0.0531069 0.00166798
2 0.108962 0.722543 0.217923 0.254335 0.00157356
1 0.380027 0.172146 0.0655555 0.0487717 0.00153637
2 0.380027 0.172146 0.0655555 0.0487717 0.00136662
2 0.671782 0.781792 0.20121 0.184971 0.00136662
2 0.382299 0.1819 0.0655555 0.0646676 0.00135612
1 0.370291 0.184068 0.0467326 0.050578 0.00131989
2 0.720461 0.771676 0.171353 0.156069 0.00130939
2 0.204618 0.740607 0.141821 0.241329 0.00127411
2 0.79056 0.767341 0.16616 0.156069 0.0012064
1 0.382299 0.1819 0.0655555 0.0646676 0.00113773
2 0.110747 0.797688 0.221493 0.312139 0.00106049
2 0.370291 0.184068 0.0467326 0.050578 0.00104427
2 0.159508 0.691474 0.149934 0.339595 0.00103188
1 0.149285 0.773844 0.132734 0.231214 0.00102425
2 0.623751 0.799133 0.308955 0.196532 0.963867
2 0.159508 0.712428 0.134681 0.297688 0.618652
2 0.169406 0.725433 0.105148 0.258671 0.464844
2 0.168432 0.681358 0.168757 0.375723 0.268066
2 0.152692 0.596821 0.204131 0.193642 0.0269623
2 0.120401 0.718931 0.240803 0.443642 0.00793457
1 0.214191 0.0953531 0.207701 0.114207 0.00600433
2 0.92297 0.649566 0.0649065 0.180636 0.00419998
2 0.110828 0.729046 0.203482 0.257225 0.00419998
2 0.835566 0.753251 0.328867 0.493497 0.00411606
1 0.165511 0.709538 0.13176 0.300578 0.00388527
0 0.745775 0.266077 0.107745 0.219292 0.00324821
2 0.214191 0.0953531 0.207701 0.114207 0.00322342
0 0.61937 0.796243 0.324208 0.210983 0.00302696
2 0.92946 0.661127 0.0830802 0.182081 0.00286674
2 0.123566 0.654624 0.247131 0.544798 0.00284576
2 0.762002 0.725433 0.353091 0.377168 0.00282288
1 0.732145 0.535405 0.0467326 0.0527456 0.00277901
1 0.165025 0.676301 0.180115 0.367052 0.00234222
2 0.904147 0.647038 0.0597139 0.178468 0.00225258
2 0.0939521 0.734104 0.187904 0.241329 0.00218201
1 0.152692 0.596821 0.204131 0.193642 0.00213242
0 0.737986 0.292449 0.0882727 0.161488 0.00211525
1 0.206565 0.0980852 0.258003 0.131864 0.00198746
0 0.46116 0.440029 0.203806 0.16474 0.00193405
2 0.111558 0.692377 0.223116 0.35513 0.00186729
2 0.206565 0.0980852 0.258003 0.131864 0.00183868
2 0.0363476 0.800759 0.0726952 0.398483 0.00177479
1 0.746424 0.266257 0.114235 0.266618 0.00173378
0 0.152692 0.596821 0.204131 0.193642 0.00173378
1 0.61937 0.796243 0.324208 0.210983 0.00168133
0 0.214191 0.0953531 0.207701 0.114207 0.00165462
2 0.934653 0.599711 0.0986577 0.281792 0.00161076
2 0.0725329 0.137283 0.145066 0.274566 0.00156689
2 0.838812 0.771315 0.322377 0.45737 0.00150108
2 0.942337 0.660766 0.115325 0.223266 0.00149536
0 0.170055 0.655347 0.175247 0.32659 0.00148964
2 0.856765 0.669436 0.160968 0.195809 0.00144386
2 0.137439 0.677023 0.214516 0.388728 0.00141621
2 0.943311 0.642341 0.113378 0.218208 0.00139904
2 0.395929 0.169978 0.0623102 0.0643063 0.00135136
2 0.112369 0.766618 0.224739 0.458092 0.0012598
1 0.395929 0.169978 0.0623102 0.0643063 0.00124931
2 0.0203644 0.84104 0.0407288 0.317919 0.00123978
2 0.14247 0.770954 0.284939 0.458093 0.0011034
0 0.596003 0.456647 0.212569 0.135838 0.00106525
0 0.165511 0.709538 0.13176 0.300578 0.00100803
0 0.567931 0.482659 0.323234 0.219653 0.00100422
2 0.623751 0.784682 0.310253 0.212428 0.890137
2 0.1733 0.737175 0.0902199 0.207731 0.546875
2 0.16827 0.713873 0.113911 0.258671 0.0734253
0 0.172164 0.731214 0.0937898 0.218208 0.0427246
1 0.16827 0.713873 0.113911 0.258671 0.0316162
1 0.172164 0.731214 0.0937898 0.218208 0.0288696
0 0.17687 0.695809 0.117156 0.290462 0.0270691
2 0.169406 0.768786 0.102228 0.144509 0.0252228
0 0.621641 0.79263 0.311875 0.205202 0.0157166
2 0.147338 0.723988 0.12462 0.239884 0.0153046
2 0.689306 0.785946 0.179142 0.199783 0.0116882
0 0.166485 0.759393 0.103201 0.163295 0.0109863
2 0.182387 0.763728 0.105797 0.202312 0.0086441
2 0.914532 0.647038 0.0623102 0.151012 0.00582123
2 0.193421 0.734827 0.119428 0.245665 0.00400543
2 0.193746 0.681358 0.143443 0.375723 0.00359344
0 0.147338 0.723988 0.12462 0.239884 0.00281143
2 0.198776 0.773302 0.12819 0.1875 0.00234222
0 0.401122 0.171243 0.0765896 0.0653902 0.00231361
2 0.73539 0.647399 0.392035 0.182081 0.00220871
1 0.147338 0.723988 0.12462 0.239884 0.00214005
0 0.188553 0.583815 0.149934 0.208092 0.00183868
2 0.92946 0.653179 0.0882727 0.154624 0.00178242
0 0.193746 0.681358 0.143443 0.375723 0.00162888
2 0.531908 0.806358 0.126568 0.17341 0.00156116
0 0.00754537 0.854046 0.0150907 0.291908 0.00150681
2 0.832321 0.828396 0.335358 0.343208 0.00134563
1 0.193746 0.681358 0.143443 0.375723 0.00133514
0 0.689306 0.785946 0.179142 0.199783 0.00129986
2 0.182712 0.578035 0.157074 0.222543 0.00120163
2 0.991342 0.848988 0.0173167 0.302023 0.00117874
2 0.00580101 0.190751 0.011602 0.381503 0.0011692
0 0.506919 0.463873 0.30506 0.263006 0.00113773
2 0.953696 0.849711 0.0926081 0.300578 0.0011158
2 0.112897 0.715318 0.213623 0.264451 0.00111198
0 0.420594 0.166366 0.0811331 0.0617775 0.00108147
2 0.916479 0.607659 0.0882727 0.239884 0.00107288
2 0.620668 0.796965 0.313823 0.209538 0.942871
2 0.163889 0.731394 0.120726 0.242413 0.811523
1 0.401771 0.169617 0.070099 0.0581647 0.0156708
2 0.401771 0.169617 0.070099 0.0581647 0.0156021
2 0.915181 0.650289 0.0752914 0.17341 0.0107803
1 0.165187 0.722724 0.137602 0.268425 0.0103302
0 0.401771 0.169617 0.070099 0.0581647 0.00769424
0 0.162104 0.729046 0.126243 0.242775 0.00561905
2 0.179953 0.684249 0.153504 0.388728 0.00559998
2 0.413779 0.166546 0.0895709 0.0574422 0.00367928
1 0.730846 0.539017 0.0545214 0.0534682 0.00342941
1 0.620668 0.792088 0.311226 0.213512 0.00340271
0 0.720461 0.32117 0.0493289 0.0650289 0.00332451
2 0.535154 0.800578 0.142145 0.199422 0.00316048
1 0.379703 0.17052 0.0642574 0.0520231 0.00279999
1 0.413779 0.166546 0.0895709 0.0574422 0.00200272
0 0.413779 0.166546 0.0895709 0.0574422 0.00195694
0 0.623102 0.791185 0.308955 0.215318 0.00186729
0 0.725654 0.309971 0.0597139 0.0852601 0.00164223
1 0.379703 0.175217 0.0480307 0.0498555 0.00157928
1 0.371914 0.179913 0.0519251 0.0635838 0.00157356
2 0.379703 0.17052 0.0642574 0.0520231 0.00156689
2 0.0705858 0.0314306 0.12819 0.0628613 0.00133514
2 0.379703 0.175217 0.0480307 0.0498555 0.00112915
2 0.730846 0.539017 0.0545214 0.0534682 0.0011034
1 0.43682 0.984465 0.0363476 0.0310695 0.00106907
2 0.183685 0.61922 0.155775 0.276012 0.00105286
0 0.00369155 0.832731 0.00738311 0.334538 0.00101662
2 0.626347 0.78974 0.312849 0.213873 0.810547
2 0.167459 0.736994 0.104499 0.223988 0.656738
2 0.182063 0.680636 0.151232 0.369942 0.0343628
2 0.15107 0.708092 0.130137 0.294798 0.025177
2 0.184659 0.601517 0.147338 0.20737 0.0127716
2 0.925566 0.656069 0.080484 0.16474 0.0120544
2 0.190176 0.757948 0.109692 0.196532 0.00815582
2 0.209972 0.777457 0.101903 0.186416 0.00542831
2 0.149609 0.680636 0.160643 0.385838 0.00527954
2 0.835346 0.754155 0.189527 0.185332 0.00519943
2 0.913882 0.649205 0.0675027 0.187139 0.0049057
2 0.927513 0.627168 0.0895708 0.228324 0.00391388
2 0.691253 0.78974 0.18044 0.203757 0.00317192
2 0.207376 0.739162 0.121375 0.245665 0.00234222
0 0.713971 0.32659 0.0519251 0.0563584 0.00185299
2 0.156059 0.634032 0.204536 0.335983 0.00175476
2 0.943311 0.634032 0.113378 0.234827 0.0017004
2 0.119387 0.714595 0.22271 0.276011 0.00168705
2 0.528987 0.806358 0.119428 0.190751 0.00167465
1 0.162266 0.729769 0.113586 0.239884 0.00161648
2 0.178168 0.575144 0.172002 0.267341 0.00157356
2 0.255163 0.768967 0.145228 0.207731 0.00144386
2 0.266116 0.728143 0.185632 0.277818 0.00136662
2 0.943635 0.664379 0.112729 0.198699 0.00124454
2 0.773036 0.696351 0.299868 0.3125 0.00118828
2 0.941039 0.588873 0.117922 0.319364 0.00113392
0 0.162266 0.729769 0.113586 0.239884 0.00109482
2 0.621155 0.79841 0.311551 0.206647 0.872559
2 0.162266 0.748374 0.113586 0.208454 0.279785
0 0.162266 0.748374 0.113586 0.208454 0.00746155
2 0.189527 0.764451 0.109692 0.177746 0.00237846
2 0.149285 0.731936 0.12462 0.226879 0.00179577
1 0.162266 0.748374 0.113586 0.208454 0.00142097
2 0.200074 0.750722 0.133383 0.213873 0.00138855
2 0.918426 0.659321 0.0662045 0.146676 0.00127411
2 0.627645 0.793533 0.307656 0.216402 0.850098
2 0.17541 0.753613 0.0950879 0.190751 0.615234
2 0.171353 0.733381 0.113586 0.226879 0.208862
2 0.186119 0.777457 0.102877 0.177746 0.0726318
2 0.203644 0.774566 0.0898954 0.171965 0.0539856
2 0.222467 0.778902 0.104824 0.189306 0.0366211
2 0.916479 0.653179 0.0739934 0.151734 0.0243378
2 0.152206 0.738439 0.117481 0.223988 0.0125275
2 0.184334 0.610188 0.142794 0.226156 0.00636292
2 0.179304 0.660405 0.152206 0.33237 0.00564194
2 0.505621 0.812139 0.080484 0.182081 0.00484848
1 0.632351 0.791907 0.295649 0.205202 0.00439835
2 0.256705 0.783959 0.158372 0.213873 0.00397491
2 0.151557 0.70159 0.127217 0.263006 0.0039444
1 0.171353 0.733381 0.113586 0.226879 0.00348282
0 0.915181 0.653902 0.070099 0.15896 0.00324821
2 0.928162 0.649566 0.0791859 0.171965 0.00248146
0 0.632351 0.791907 0.295649 0.205202 0.00134087
1 0.921671 0.626445 0.0856766 0.218208 0.00127888
1 0.915181 0.653902 0.070099 0.15896 0.00124454
2 0.937249 0.659682 0.109043 0.177746 0.00110722
2 0.618071 0.790462 0.319015 0.215318 0.831055
2 0.170704 0.723266 0.101903 0.271676 0.541016
2 0.173625 0.685694 0.118454 0.354046 0.363037
2 0.15253 0.707912 0.123322 0.295159 0.0438538
2 0.1819 0.766077 0.100929 0.207731 0.0226288
2 0.1905 0.729769 0.107096 0.296243 0.00579834
2 0.669672 0.708815 0.519576 0.33815 0.00413513
1 0.173625 0.685694 0.118454 0.354046 0.00391388
2 0.185632 0.63367 0.141496 0.261561 0.00367928
2 0.213542 0.777457 0.103201 0.199422 0.00341606
0 0.173625 0.685694 0.118454 0.354046 0.00230598
2 0.691903 0.790462 0.173949 0.223988 0.00176144
2 0.915181 0.657514 0.0713971 0.158959 0.0014782
1 0.170704 0.723266 0.101903 0.271676 0.00126934
1 0.628457 0.788295 0.300841 0.219653 0.00107288
0 0.167783 0.726879 0.104499 0.263006 0.00102806
2 0.626834 0.796243 0.311875 0.202312 0.870605
2 0.161942 0.731394 0.114884 0.253974 0.762207
2 0.163889 0.684971 0.147987 0.401734 0.00488663
1 0.152692 0.729769 0.13533 0.260116 0.00488663
0 0.152692 0.729769 0.13533 0.260116 0.00460815
2 0.174761 0.625 0.156749 0.276012 0.00147247
2 0.624562 0.791185 0.313823 0.209538 0.863281
2 0.157723 0.723266 0.122673 0.25289 0.763672
0 0.159345 0.726879 0.110341 0.248555 0.0182343
2 0.16827 0.679913 0.144417 0.395954 0.0124283
2 0.178817 0.605852 0.151232 0.250722 0.00345612
1 0.159345 0.726879 0.110341 0.248555 0.00148392
2 0.528338 0.799855 0.128515 0.193642 0.00122547
0 0.16324 0.701048 0.128515 0.314668 0.00103188
2 0.628457 0.78974 0.311226 0.203757 0.896484
2 0.163564 0.739884 0.112288 0.206647 0.645996
0 0.627645 0.791185 0.311551 0.205202 0.00993347
1 0.627645 0.791185 0.311551 0.205202 0.00538635
0 0.162591 0.74711 0.117481 0.193642 0.00429916
2 0.180602 0.663295 0.14247 0.346821 0.00134087
2 0.625049 0.796243 0.310253 0.208092 0.839844
2 0.161942 0.736272 0.112937 0.229769 0.637207
2 0.173949 0.681358 0.149285 0.368497 0.0157776
0 0.158047 0.734104 0.116183 0.234104 0.00228691
2 0.179629 0.61922 0.158047 0.241329 0.00112915
2 0.620505 0.794798 0.311551 0.208092 0.875
2 0.162428 0.731033 0.109367 0.243136 0.637207
2 0.160481 0.697977 0.123647 0.316474 0.195557
2 0.175085 0.681358 0.151557 0.388728 0.0314941
2 0.177844 0.625 0.160319 0.276012 0.00379562
0 0.160481 0.697977 0.123647 0.316474 0.00294685
2 0.625049 0.79552 0.30506 0.209538 0.830078
2 0.164862 0.736994 0.10385 0.218208 0.57373
2 0.171678 0.666185 0.136304 0.369942 0.0134277
2 0.172164 0.762283 0.0960615 0.205202 0.00473785
0 0.625698 0.790462 0.30506 0.209538 0.00460815
2 0.178817 0.606214 0.155126 0.222543 0.00133514
0 0.161779 0.732659 0.117805 0.222543 0.00129986
1 0.625698 0.790462 0.30506 0.209538 0.00118351
2 0.626834 0.791907 0.30149 0.202312 0.908691
2 0.15967 0.733381 0.119428 0.235549 0.715332
2 0.178168 0.679552 0.153179 0.375 0.0190582
0 0.162591 0.720376 0.127217 0.25578 0.0024147
2 0.182387 0.604769 0.156424 0.221098 0.00186062
0 0.625049 0.790282 0.303762 0.205564 0.0011425
2 0.627645 0.791907 0.303762 0.208092 0.878906
2 0.158372 0.734827 0.120726 0.226879 0.635254
2 0.175247 0.678468 0.150583 0.365607 0.00416565
2 0.168432 0.758851 0.105797 0.213511 0.00383949
0 0.161942 0.729949 0.122673 0.230853 0.00161076
2 0.627645 0.791907 0.303762 0.208092 0.878906
2 0.158372 0.734827 0.120726 0.226879 0.635254
2 0.175247 0.678468 0.150583 0.365607 0.00415039
2 0.168432 0.758851 0.105797 0.213511 0.00382423
0 0.161942 0.729949 0.122673 0.230853 0.00161076
