2 0.433117 0.476867 0.0512987 0.0584415 0.0539856
2 0.558442 0.454545 0.0545455 0.0665585 0.0207977
1 0.433117 0.476867 0.0512987 0.0584415 0.0174408
0 0.433117 0.476867 0.0512987 0.0584415 0.0109482
1 0.558442 0.454545 0.0545455 0.0665585 0.00775528
0 0.558442 0.454545 0.0545455 0.0665585 0.00757599
2 0.547403 0.45211 0.0662338 0.0665585 0.00582123
0 0.5 0.5 1 1 0.00348282
2 0.5 0.5 1 1 0.00316048
2 0.446753 0.472403 0.0993507 0.073052 0.00307465
1 0.5 0.5 1 1 0.00292397
0 0.535065 0.426136 0.087013 0.144481 0.00288963
0 0.5 0.5 1 1 0.00287819
2 0.5 0.5 1 1 0.00270462
2 0.5 0.5 1 1 0.0026722
2 0.535065 0.426136 0.087013 0.144481 0.00263214
2 0.5 0.5 1 1 0.00263214
1 0.5 0.5 1 1 0.00253105
0 0.5 0.5 1 1 0.00252151
2 0.5 0.5 1 1 0.00244331
0 0.5 0.5 1 1 0.00244331
1 0.5 0.5 1 1 0.00237846
2 0.425325 0.473214 0.0707792 0.0633117 0.00235939
2 0.5 0.5 1 1 0.00218201
2 0.5 0.5 1 1 0.00215721
1 0.5 0.5 1 1 0.0019722
0 0.5 0.5 1 1 0.00195694
0 0.5 0.5 1 1 0.0018177
1 0.5 0.5 1 1 0.00179577
1 0.5 0.5 1 1 0.00174809
1 0.5 0.5 1 1 0.00157928
2 0.5 0.5 1 1 0.00157356
0 0.5 0.5 1 1 0.00148964
0 0.5 0.5 1 1 0.0014782
1 0.5 0.5 1 1 0.00137234
1 0.425325 0.473214 0.0707792 0.0633117 0.00131512
0 0.5 0.5 1 1 0.00131512
2 0.42987 0.462662 0.0636364 0.0925325 0.00125504
2 0.42013 0.463474 0.84026 0.926948 0.00121593
1 0.547403 0.45211 0.0662338 0.0665585 0.00109005
0 0.42013 0.463474 0.84026 0.926948 0.00108624
2 0.427273 0.479708 0.0441558 0.0438312 0.0994873
1 0.427273 0.479708 0.0441558 0.0438312 0.0769653
2 0.551948 0.460227 0.0402597 0.0454545 0.0245209
2 0.539935 0.459416 0.0441559 0.0478896 0.00963593
2 0.538961 0.452516 0.0363637 0.0381494 0.00658798
2 0.422078 0.473214 0.0577922 0.0535714 0.0055542
1 0.538961 0.452516 0.0363637 0.0381494 0.00553513
2 0.551623 0.450487 0.0441558 0.0616883 0.00538635
1 0.551948 0.460227 0.0402597 0.0454545 0.00468063
2 0.450649 0.476055 0.0701299 0.0560065 0.00370789
1 0.422078 0.473214 0.0577922 0.0535714 0.00305176
2 0.537013 0.448052 0.0428571 0.0600649 0.00277901
2 0.503247 0.465503 0.177922 0.0925325 0.00231361
0 0.538961 0.452516 0.0363637 0.0381494 0.00181007
1 0.539935 0.459416 0.0441559 0.0478896 0.00177479
0 0.427273 0.479708 0.0441558 0.0438312 0.00168133
2 0.481169 0.619115 0.962338 0.761769 0.00147247
1 0.450649 0.476055 0.0701299 0.0560065 0.00145531
0 0.481169 0.619115 0.962338 0.761769 0.0014267
1 0.503247 0.465503 0.177922 0.0925325 0.00140476
2 0.462987 0.5 0.925974 1 0.00139427
0 0.450649 0.487825 0.901299 0.975649 0.00134563
0 0.5 0.738636 1 0.522727 0.00134563
1 0.481169 0.619115 0.962338 0.761769 0.00129414
2 0.5 0.415584 1 0.831169 0.0012846
2 0.5 0.738636 1 0.522727 0.00127888
1 0.462987 0.5 0.925974 1 0.00127411
0 0.462987 0.5 0.925974 1 0.00123501
2 0.778571 0.80763 0.442857 0.38474 0.00118351
0 0.503247 0.465503 0.177922 0.0925325 0.00117397
2 0.5 0.841721 1 0.316558 0.00116062
1 0.476948 0.5 0.953896 1 0.00114727
0 0.627435 0.224026 0.74513 0.448052 0.00113392
2 0.5 0.355114 1 0.710227 0.00112438
0 0.5 0.428571 1 0.857143 0.00111198
1 0.5 0.738636 1 0.522727 0.00109482
0 0.778571 0.80763 0.442857 0.38474 0.00107288
0 0.5 0.355114 1 0.710227 0.00105667
2 0.512013 0.230925 0.975974 0.461851 0.00105667
0 0.551948 0.460227 0.0402597 0.0454545 0.00104046
2 0.627435 0.224026 0.74513 0.448052 0.00103664
0 0.608279 0.387987 0.783442 0.775974 0.00101185
0 0.512013 0.230925 0.975974 0.461851 0.00101185
2 0.432143 0.472403 0.0435065 0.0584416 0.0262604
1 0.432143 0.472403 0.0435065 0.0584416 0.00595856
2 0.554545 0.456169 0.0467532 0.0616883 0.00413513
0 0.432143 0.472403 0.0435065 0.0584416 0.00211525
2 0.505844 0.458604 0.11039 0.0681818 0.0016613
2 0.466883 0.474026 0.0961039 0.0714285 0.00112915
2 0.420779 0.475244 0.064935 0.0641234 0.00104427
2 0.425325 0.480519 0.0545454 0.051948 0.416748
2 0.553896 0.455357 0.0467533 0.0689935 0.134277
1 0.425325 0.480519 0.0545454 0.051948 0.0786133
2 0.544805 0.476867 0.0545455 0.0819805 0.0718384
0 0.425325 0.480519 0.0545454 0.051948 0.0135345
2 0.422078 0.475649 0.0623376 0.0673701 0.0120087
2 0.535065 0.456575 0.0519481 0.0706169 0.0069313
2 0.530844 0.45211 0.0779221 0.0795455 0.00510025
2 0.468182 0.470779 0.103896 0.100649 0.00494385
1 0.544805 0.476867 0.0545455 0.0819805 0.0049057
2 0.573052 0.452516 0.075974 0.0803571 0.00468063
1 0.00243506 0.900162 0.00487013 0.199675 0.00457382
0 0.544805 0.476867 0.0545455 0.0819805 0.00391388
1 0.553896 0.455357 0.0467533 0.0689935 0.00370789
2 0.452597 0.469156 0.0961039 0.0665585 0.00351143
0 0.553896 0.455357 0.0467533 0.0689935 0.00351143
2 0.425325 0.461851 0.0642857 0.099026 0.00305176
1 0.00162338 0.855519 0.00324675 0.288961 0.00283432
1 0.422078 0.475649 0.0623376 0.0673701 0.00192642
1 0.000689935 0.757305 0.00137987 0.267857 0.00186729
2 0.426299 0.489042 0.0681818 0.0868507 0.0015192
2 0.468831 0.451705 0.15974 0.0957792 0.00146103
0 0.00243506 0.900162 0.00487013 0.199675 0.00133514
1 0.749675 0.101157 0.500649 0.202313 0.00131989
1 0.00105519 0.653003 0.00211039 0.280032 0.00113392
1 0.018263 0.0452516 0.036526 0.0905032 0.0011034
0 0.468182 0.470779 0.103896 0.100649 0.00108147
1 0.00243506 0.550731 0.00487013 0.320617 0.00101662
2 0.430844 0.480114 0.0519481 0.049513 0.312256
2 0.557792 0.456981 0.048052 0.0568182 0.166138
2 0.541883 0.457792 0.0448052 0.0592532 0.123352
1 0.430844 0.480114 0.0519481 0.049513 0.053009
2 0.420455 0.479708 0.0558441 0.0511363 0.0188293
1 0.541883 0.457792 0.0448052 0.0592532 0.00629044
1 0.557792 0.456981 0.048052 0.0568182 0.00614548
2 0.476623 0.467938 0.0883117 0.0706168 0.0055542
1 0.420455 0.479708 0.0558441 0.0511363 0.00486755
0 0.557792 0.456981 0.048052 0.0568182 0.00450516
0 0.541883 0.457792 0.0448052 0.0592532 0.00353813
0 0.430844 0.480114 0.0519481 0.049513 0.0030632
2 0.570779 0.460227 0.0753247 0.0633117 0.00291252
2 0.528571 0.45901 0.0298701 0.0535714 0.0024929
2 0.445455 0.479302 0.074026 0.0551948 0.00194931
2 0.575325 0.462662 0.133766 0.0827922 0.00112438
2 0.527273 0.44724 0.0493507 0.0584416 0.00109482
2 0.429221 0.480519 0.0363637 0.0389611 0.194946
1 0.429221 0.480519 0.0363637 0.0389611 0.0200958
2 0.538312 0.454545 0.0402597 0.0487013 0.0102463
2 0.557468 0.459416 0.037013 0.0487013 0.00981903
2 0.419481 0.479708 0.0584415 0.0470779 0.00460815
2 0.499351 0.464286 0.104545 0.0535714 0.00255013
2 0.750487 0.983766 0.499026 0.0324675 0.00231361
2 0.672565 0.982955 0.597727 0.0340909 0.00170708
2 0.555844 0.450487 0.0454546 0.0698052 0.00154877
0 0.429221 0.480519 0.0363637 0.0389611 0.00149536
0 0.750487 0.983766 0.499026 0.0324675 0.00141048
2 0.44513 0.474838 0.0948052 0.0551948 0.00139904
2 0.282955 0.981737 0.565909 0.036526 0.00134087
1 0.538312 0.454545 0.0402597 0.0487013 0.00128937
1 0.750487 0.983766 0.499026 0.0324675 0.00124454
0 0.538312 0.454545 0.0402597 0.0487013 0.00118828
2 0.549432 0.980925 0.614123 0.0381494 0.00115108
2 0.21526 0.98336 0.430519 0.0332792 0.00109005
2 0.817532 0.974838 0.364935 0.0503247 0.00101662
2 0.384091 0.980519 0.618831 0.0389611 0.00101185
0 0.672565 0.982955 0.597727 0.0340909 0.00100803
2 0.560714 0.456575 0.0435065 0.0625 0.571777
2 0.427273 0.474838 0.0428571 0.0584415 0.541016
2 0.419481 0.474432 0.0590909 0.0649351 0.0579224
1 0.427273 0.474838 0.0428571 0.0584415 0.024231
2 0.455844 0.477273 0.101299 0.077922 0.0221558
2 0.571429 0.457386 0.0714286 0.0649351 0.0205688
0 0.00458604 0.176948 0.00917208 0.353896 0.00521851
2 0.537987 0.458604 0.0487013 0.0641234 0.00498199
0 0.00689935 0.819399 0.0137987 0.361201 0.00436401
0 0.427273 0.474838 0.0428571 0.0584415 0.00429916
1 0.560714 0.456575 0.0435065 0.0625 0.00411606
0 0.560714 0.456575 0.0435065 0.0625 0.00370789
1 0.419481 0.474432 0.0590909 0.0649351 0.00362206
2 0.450325 0.46875 0.0766233 0.0625 0.0020504
2 0.00458604 0.176948 0.00917208 0.353896 0.00199509
1 0.149838 0.11668 0.0275974 0.0405844 0.00183868
0 0.419481 0.474432 0.0590909 0.0649351 0.00181007
0 0.00637175 0.261769 0.0127435 0.523539 0.00146103
0 0.00600649 0.734781 0.012013 0.530438 0.00137234
0 0.0086039 0.372565 0.0172078 0.606331 0.00126457
2 0.00243506 0.820617 0.00487013 0.358766 0.00122547
0 0.00848214 0.577212 0.0169643 0.615057 0.0011425
2 0.425325 0.478896 0.0441559 0.0487013 0.408203
2 0.55974 0.455357 0.0467532 0.0584415 0.266602
2 0.543182 0.457386 0.0402597 0.0478896 0.0872803
2 0.563636 0.453328 0.0545455 0.0730519 0.0360718
1 0.425325 0.478896 0.0441559 0.0487013 0.0289764
2 0.418831 0.480114 0.0545455 0.0560065 0.0127258
2 0.571429 0.456575 0.0766234 0.0665584 0.00486755
2 0.461688 0.462662 0.098052 0.0600649 0.0045929
0 0.425325 0.478896 0.0441559 0.0487013 0.0036068
2 0.533766 0.458604 0.0415585 0.0551948 0.0029583
2 0.526623 0.449269 0.0506494 0.0641234 0.0020504
1 0.55974 0.455357 0.0467532 0.0584415 0.00191879
0 0.55974 0.455357 0.0467532 0.0584415 0.00183868
1 0.418831 0.480114 0.0545455 0.0560065 0.0017004
1 0.543182 0.457386 0.0402597 0.0478896 0.00141048
2 0.423377 0.478896 0.0454546 0.051948 0.609375
2 0.544805 0.452922 0.0298701 0.0405844 0.275879
2 0.556169 0.456169 0.0415585 0.0551948 0.275146
2 0.535714 0.45901 0.0402597 0.0511364 0.0120544
2 0.571104 0.461039 0.0746753 0.0568182 0.00806427
2 0.531818 0.446023 0.0376624 0.0560065 0.00614548
1 0.423377 0.478896 0.0454546 0.051948 0.00561905
2 0.44026 0.460633 0.0597403 0.0592532 0.00460815
2 0.421753 0.489448 0.0545455 0.0827922 0.00263214
1 0.544805 0.452922 0.0298701 0.0405844 0.0012064
2 0.426299 0.477273 0.0422078 0.0527597 0.611328
2 0.56039 0.456575 0.0480519 0.0584416 0.466797
2 0.550325 0.453734 0.0435065 0.051948 0.170532
2 0.418506 0.477273 0.0538961 0.0568182 0.0399475
2 0.57013 0.458198 0.0727273 0.0608766 0.0186157
1 0.426299 0.477273 0.0422078 0.0527597 0.00432968
2 0.436039 0.464286 0.061039 0.0665585 0.00288963
2 0.651948 0.426948 0.0285715 0.0381494 0.00195694
2 0.536688 0.459416 0.0428571 0.0568182 0.0016613
1 0.418506 0.477273 0.0538961 0.0568182 0.00121593
2 0.681818 0.422078 0.0298701 0.036526 0.00102043
2 0.560714 0.457386 0.0474026 0.0600649 0.544922
2 0.428247 0.478084 0.0422078 0.0503246 0.443604
2 0.553571 0.453328 0.0428571 0.0543831 0.105225
2 0.419481 0.477679 0.0545455 0.0568182 0.0531921
1 0.428247 0.478084 0.0422078 0.0503246 0.0377502
1 0.560714 0.457386 0.0474026 0.0600649 0.0131226
1 0.419481 0.477679 0.0545455 0.0568182 0.00955963
2 0.570455 0.455763 0.0720779 0.0616883 0.00712204
2 0.534416 0.450487 0.0350649 0.0633117 0.00237846
2 0.434416 0.466315 0.0603896 0.0738636 0.00226974
0 0.560714 0.457386 0.0474026 0.0600649 0.0020752
2 0.538312 0.458198 0.0428571 0.0576299 0.00194931
2 0.651948 0.423701 0.0246753 0.038961 0.00162315
2 0.59026 0.448864 0.0467532 0.0649351 0.00107288
0 0.684416 0.417208 0.0220779 0.0422078 0.00106049
2 0.426623 0.479708 0.0441558 0.0560065 0.335449
2 0.557792 0.462256 0.0454546 0.0641234 0.245117
2 0.549351 0.462662 0.0454546 0.0633117 0.199951
2 0.45 0.473214 0.0727273 0.0762987 0.0703125
2 0.55974 0.454951 0.0532468 0.0762987 0.0133286
2 0.573377 0.461851 0.074026 0.0649351 0.00841522
2 0.52987 0.465097 0.0584415 0.0649351 0.00460815
1 0.426623 0.479708 0.0441558 0.0560065 0.00271416
2 0.527922 0.45414 0.0506494 0.075487 0.00245285
2 0.477922 0.473214 0.12013 0.0608766 0.00210762
2 0.434091 0.463068 0.0597403 0.0925324 0.00116062
0 0.549351 0.462662 0.0454546 0.0633117 0.00106525
2 0.427922 0.478084 0.0428571 0.0527597 0.392334
2 0.555844 0.459821 0.0441558 0.0576299 0.196777
2 0.546104 0.458604 0.0415585 0.0551948 0.147095
2 0.418831 0.478896 0.0545455 0.051948 0.0249939
2 0.449351 0.471591 0.0727273 0.0706169 0.0145035
2 0.524675 0.463068 0.0597403 0.0592532 0.0112915
2 0.557143 0.453734 0.051948 0.0714286 0.0100098
2 0.570455 0.461851 0.0798701 0.0535714 0.0069046
1 0.427922 0.478084 0.0428571 0.0527597 0.00468063
2 0.524351 0.453734 0.0525974 0.0714286 0.00168705
0 0.546104 0.458604 0.0415585 0.0551948 0.00134087
2 0.476623 0.470779 0.124675 0.0568182 0.00122547
1 0.418831 0.478896 0.0545455 0.051948 0.00105667
2 0.427273 0.476461 0.0402597 0.0503247 0.455078
2 0.558442 0.459416 0.0435065 0.0560065 0.23584
2 0.546104 0.461851 0.0428571 0.0608766 0.105957
2 0.559416 0.454545 0.0512987 0.0714286 0.0233307
2 0.418182 0.474838 0.0532468 0.0503247 0.0142288
2 0.574026 0.462662 0.0766234 0.0535714 0.0136337
2 0.525974 0.465097 0.0603896 0.0616883 0.0114212
2 0.477273 0.474026 0.122727 0.0551948 0.00257111
2 0.518831 0.452922 0.0597403 0.0698052 0.00215721
1 0.427273 0.476461 0.0402597 0.0503247 0.00163555
2 0.449351 0.472403 0.0616883 0.073052 0.00162315
0 0.546104 0.461851 0.0428571 0.0608766 0.00116539
2 0.429221 0.477679 0.0454546 0.049513 0.625977
2 0.558766 0.457792 0.05 0.0616883 0.523438
2 0.552597 0.459821 0.0428571 0.0454546 0.156128
2 0.418507 0.475649 0.0558442 0.0519481 0.0526123
2 0.57013 0.458604 0.0792208 0.0616883 0.0149002
2 0.453247 0.472403 0.0688312 0.0681818 0.0101318
1 0.429221 0.477679 0.0454546 0.049513 0.00387001
2 0.536364 0.461039 0.0493506 0.0616883 0.00342941
0 0.552597 0.459821 0.0428571 0.0454546 0.00235939
1 0.418507 0.475649 0.0558442 0.0519481 0.00135612
2 0.429221 0.479708 0.0448052 0.051948 0.588867
2 0.559091 0.460633 0.0506494 0.0600649 0.443604
2 0.547403 0.461851 0.0493507 0.0616883 0.216675
2 0.418831 0.477273 0.0558442 0.0551948 0.0499573
2 0.466234 0.471591 0.0961039 0.0738637 0.0403137
2 0.571104 0.463474 0.0785714 0.0576299 0.0217743
2 0.517532 0.464286 0.0844156 0.0649351 0.016983
2 0.47013 0.476461 0.11039 0.0568182 0.00561905
0 0.547403 0.461851 0.0493507 0.0616883 0.00252151
1 0.429221 0.479708 0.0448052 0.051948 0.00157928
2 0.523377 0.452922 0.0636364 0.0698052 0.00131512
2 0.429221 0.474026 0.0402597 0.0551948 0.367432
2 0.561039 0.458604 0.0532467 0.0681818 0.281494
2 0.548701 0.45901 0.0415585 0.0535714 0.222046
2 0.417532 0.47362 0.0532467 0.0592532 0.0276947
2 0.463312 0.466721 0.0876624 0.0665585 0.0200958
2 0.571104 0.461039 0.0772728 0.0665585 0.0182648
2 0.530519 0.461851 0.0558442 0.0714286 0.00800323
2 0.470779 0.472808 0.114286 0.060065 0.00302696
2 0.528896 0.453734 0.0474026 0.0746753 0.00259018
0 0.548701 0.45901 0.0415585 0.0535714 0.00108147
2 0.428896 0.477679 0.0396104 0.0454546 0.432129
2 0.559091 0.460227 0.0448052 0.0568182 0.216675
2 0.551299 0.457386 0.0441558 0.0511363 0.191895
2 0.418182 0.476055 0.0532468 0.0487013 0.016922
2 0.559091 0.454545 0.0519481 0.0714286 0.0167236
2 0.572727 0.46388 0.0766234 0.0535714 0.0121918
2 0.535065 0.461851 0.0467532 0.0584415 0.005867
2 0.465909 0.467127 0.0902597 0.0641234 0.00566483
2 0.531493 0.450487 0.0422078 0.0649351 0.00144958
1 0.428896 0.477679 0.0396104 0.0454546 0.0012064
2 0.429221 0.475649 0.0376623 0.0454546 0.527344
2 0.549351 0.456981 0.0415585 0.051948 0.301514
2 0.559091 0.457792 0.0441558 0.0551948 0.296631
2 0.573377 0.461445 0.074026 0.0535714 0.0222931
2 0.416883 0.475244 0.051948 0.049513 0.0181885
2 0.532792 0.461039 0.0512987 0.0592532 0.0145569
2 0.474351 0.467127 0.0954546 0.0649351 0.0124283
2 0.473052 0.473214 0.105844 0.0487013 0.00453949
2 0.52987 0.450893 0.0461039 0.0657468 0.00311089
0 0.549351 0.456981 0.0415585 0.051948 0.00148392
1 0.429221 0.475649 0.0376623 0.0454546 0.00134087
2 0.428571 0.475649 0.0396104 0.0503247 0.505859
2 0.559091 0.45901 0.0454546 0.0600649 0.256104
2 0.550325 0.461851 0.0428572 0.0584415 0.222656
2 0.418182 0.475649 0.0538961 0.0543832 0.0209656
2 0.573052 0.461851 0.0746753 0.0576299 0.0205688
2 0.530195 0.462256 0.0597403 0.0633117 0.0126266
2 0.467532 0.470779 0.0909091 0.0698052 0.0125732
2 0.473052 0.473214 0.10974 0.0543831 0.00526047
2 0.527273 0.45211 0.051948 0.0689935 0.00246239
0 0.550325 0.461851 0.0428572 0.0584415 0.00120163
2 0.428571 0.475649 0.0396104 0.0503247 0.505859
2 0.559091 0.45901 0.0454546 0.0600649 0.254639
2 0.550325 0.461851 0.0428572 0.0584415 0.222656
2 0.418182 0.476055 0.0538961 0.0543831 0.0209656
2 0.573052 0.461851 0.0746753 0.0576299 0.0204926
2 0.530195 0.462256 0.0597403 0.0633117 0.0127258
2 0.467532 0.470779 0.0909091 0.0698052 0.0127258
2 0.473052 0.473214 0.11039 0.0535714 0.00530243
2 0.527273 0.45211 0.051948 0.0689935 0.0024929
0 0.550325 0.461851 0.0428572 0.0584415 0.00119686
