2 0.238901 0.407193 0.108621 0.2007 0.0430298
1 0.237608 0.412716 0.107974 0.213362 0.0129242
2 0.269612 0.674569 0.0982759 0.196121 0.00898743
0 0.238901 0.407193 0.108621 0.2007 0.00775528
2 0.254418 0.360183 0.15194 0.366918 0.00612259
2 0.273411 0.399246 0.165679 0.202586 0.00570679
0 0.269612 0.674569 0.0982759 0.196121 0.00400543
2 0.5 0.5 1 1 0.00365067
0 0.5 0.5 1 1 0.00351143
2 0.522737 0.572198 0.0691811 0.116379 0.00325966
1 0.5 0.5 1 1 0.00301552
0 0.254418 0.360183 0.15194 0.366918 0.00294685
1 0.5 0.5 1 1 0.00290108
0 0.5 0.5 1 1 0.0028553
2 0.78556 0.808728 0.420259 0.382543 0.00279045
2 0.5 0.5 1 1 0.00279045
2 0.5 0.5 1 1 0.00277901
2 0.5 0.5 1 1 0.00275803
1 0.5 0.5 1 1 0.00270462
1 0.5 0.5 1 1 0.00268364
2 0.295474 0.690733 0.141595 0.227371 0.00265312
0 0.494612 0.5 0.989224 1 0.00264168
0 0.5 0.5 1 1 0.00260162
2 0.5 0.5 1 1 0.00254059
2 0.5 0.5 1 1 0.00251198
1 0.5 0.5 1 1 0.0024929
2 0.5 0.5 1 1 0.00247192
0 0.5 0.5 1 1 0.00242424
2 0.158728 0.353179 0.317457 0.692349 0.002388
0 0.5 0.5 1 1 0.00235939
2 0.536638 0.570043 0.087931 0.12069 0.00211525
0 0.5 0.5 1 1 0.00202751
1 0.5 0.5 1 1 0.00198746
0 0.78556 0.808728 0.420259 0.382543 0.00186729
2 0.548276 0.555496 0.0685345 0.114224 0.0018034
2 0.368211 0.352909 0.727371 0.643319 0.00176144
0 0.5 0.5 1 1 0.00176144
1 0.269612 0.674569 0.0982759 0.196121 0.00172043
2 0.282543 0.413254 0.211422 0.230603 0.00171375
1 0.229364 0.438443 0.0992457 0.273976 0.00169373
2 0.557543 0.384159 0.884914 0.643319 0.00168705
2 0.541164 0.556035 0.104741 0.133621 0.00167465
2 0.819828 0.802263 0.338793 0.34806 0.00165462
0 0.760991 0.718211 0.459052 0.563578 0.00161648
1 0.234213 0.412716 0.110237 0.359914 0.00152493
0 0.5 0.5 1 1 0.0014782
2 0.760991 0.718211 0.459052 0.563578 0.00146675
1 0.5 0.5 1 1 0.00146675
1 0.221121 0.354795 0.0943966 0.525323 0.00143814
2 0.303233 0.489763 0.606466 0.979526 0.0014267
2 0.549892 0.560884 0.0730604 0.109914 0.140869
2 0.540517 0.573276 0.0879311 0.112069 0.0362244
2 0.258055 0.679957 0.058028 0.178879 0.0105667
2 0.463578 0.578125 0.227586 0.153017 0.00679779
2 0.238578 0.412716 0.0866379 0.174569 0.00677109
1 0.235668 0.411773 0.0911638 0.187231 0.00666809
2 0.247306 0.673491 0.0659483 0.185345 0.00482941
2 0.5625 0.557112 0.087931 0.12069 0.00359344
1 0.549892 0.560884 0.0730604 0.109914 0.00257111
2 0.286746 0.685345 0.0924569 0.181035 0.00219917
0 0.263147 0.677802 0.0685345 0.174569 0.00191879
1 0.463578 0.578125 0.227586 0.153017 0.00184631
1 0.263147 0.677802 0.0685345 0.174569 0.0018177
1 0.540517 0.573276 0.0879311 0.112069 0.00174809
0 0.549892 0.560884 0.0730604 0.109914 0.00168133
2 0.261207 0.41541 0.121552 0.15194 0.00137806
2 0.148707 0.412177 0.297414 0.733836 0.00134087
0 0.5 0.540948 1 0.918103 0.00133038
1 0.148707 0.412177 0.297414 0.733836 0.00131512
2 0.5 0.540948 1 0.918103 0.00128937
2 0.494612 0.592672 0.0452586 0.0862069 0.00127888
0 0.450323 0.5 0.900647 1 0.00127411
2 0.495582 0.719828 0.572198 0.560345 0.00125504
0 0.5 0.5 1 1 0.00123501
1 0.5 0.540948 1 0.918103 0.00121593
2 0.5 0.5 1 1 0.0012064
2 0.450323 0.5 0.900647 1 0.00119686
2 0.767672 0.756465 0.464655 0.487069 0.0011692
1 0.247306 0.673491 0.0659483 0.185345 0.00115108
2 0.486207 0.5 0.972414 1 0.0011425
2 0.5 0.799569 1 0.400862 0.00113392
1 0.163254 0.5 0.326509 1 0.00110722
0 0.626886 0.2632 0.746228 0.526401 0.00110722
1 0.917672 0.960129 0.164655 0.0797414 0.00107288
2 0.5 0.281789 1 0.563578 0.00106525
2 0.615894 0.811422 0.768211 0.377155 0.00106525
0 0.767672 0.756465 0.464655 0.487069 0.00106525
1 0.5 0.799569 1 0.400862 0.00105667
2 0.163254 0.5 0.326509 1 0.00104809
1 0.450323 0.5 0.900647 1 0.00103188
2 0.626886 0.2632 0.746228 0.526401 0.00103188
0 0.5 0.5 1 1 0.00101662
0 0.5 0.281789 1 0.563578 0.00101662
0 0.540517 0.573276 0.0879311 0.112069 0.00101185
1 0.233082 0.408944 0.0859914 0.1875 0.181885
1 0.105873 0.381331 0.211746 0.739494 0.0539856
2 0.554741 0.547953 0.050431 0.0872845 0.0524292
1 0.238578 0.619612 0.0536638 0.101293 0.0497742
1 0.554741 0.547953 0.050431 0.0872845 0.0154877
1 0.230334 0.449892 0.0837285 0.24569 0.0147858
1 0.257004 0.667565 0.0627155 0.190733 0.0115051
2 0.539871 0.55819 0.0633621 0.0797413 0.00878143
1 0.0948815 0.525727 0.189763 0.8257 0.00674438
1 0.104337 0.309537 0.208675 0.619073 0.00621796
2 0.233567 0.403556 0.0869612 0.192888 0.00511932
2 0.546336 0.556573 0.0633621 0.109914 0.00466537
2 0.386961 0.37271 0.0413793 0.0606142 0.00359344
2 0.532112 0.572198 0.0685345 0.0980604 0.0029583
0 0.105873 0.381331 0.211746 0.739494 0.00292397
0 0.554741 0.547953 0.050431 0.0872845 0.00282288
1 0.21805 0.324353 0.154849 0.422414 0.00254059
1 0.386961 0.37271 0.0413793 0.0606142 0.00243378
1 0.546336 0.556573 0.0633621 0.109914 0.00234222
1 0.111369 0.352101 0.222737 0.653556 0.00231361
2 0.390517 0.351832 0.0465517 0.0700431 0.00214958
1 0.114197 0.556035 0.228394 0.887931 0.00202751
1 0.115127 0.476428 0.221686 0.394127 0.00192642
1 0.237769 0.451374 0.116703 0.366649 0.00192642
1 0.539871 0.55819 0.0633621 0.0797413 0.00189686
0 0.232112 0.405711 0.0872845 0.185345 0.00184631
2 0.458405 0.601293 0.288362 0.1875 0.0018034
1 0.229526 0.58944 0.111207 0.260776 0.0016489
1 0.101509 0.253165 0.203017 0.407462 0.0014267
1 0.390517 0.351832 0.0465517 0.0700431 0.00134563
0 0.104337 0.309537 0.208675 0.619073 0.00131512
2 0.57931 0.551724 0.0543104 0.109914 0.00126457
1 0.532112 0.572198 0.0685345 0.0980604 0.00121593
1 0.155496 0.224407 0.196552 0.301185 0.00117874
1 0.0277613 0.185345 0.0555226 0.37069 0.00117874
0 0.546336 0.556573 0.0633621 0.109914 0.00116539
0 0.840517 0.796336 0.310345 0.346983 0.00113773
0 0.0948815 0.525727 0.189763 0.8257 0.00109005
0 0.249569 0.396013 0.490086 0.792026 0.00107765
0 0.258944 0.669181 0.0646552 0.196121 0.00104046
2 0.486207 0.598599 0.0788793 0.101293 0.00103188
1 0.0162446 0.595366 0.0324892 0.733836 0.00101185
2 0.100216 0.39278 0.200431 0.747845 0.00101185
0 0.539871 0.55819 0.0633621 0.0797413 0.00100422
1 0.227748 0.421875 0.0998923 0.233836 0.507812
2 0.558297 0.551724 0.0549569 0.104526 0.240112
1 0.259914 0.681035 0.0659483 0.189655 0.20752
1 0.2368 0.622845 0.0533405 0.0862069 0.0769653
2 0.39278 0.368669 0.0452586 0.0686961 0.055603
2 0.540841 0.558728 0.0872845 0.108836 0.049408
1 0.248922 0.674569 0.0543103 0.172414 0.0332031
1 0.265005 0.697198 0.0803341 0.232759 0.0327148
2 0.528556 0.573276 0.0898707 0.130388 0.0241394
1 0.280603 0.6875 0.0989224 0.204741 0.0238647
2 0.4125 0.372845 0.0646552 0.0646552 0.0222931
1 0.220474 0.449353 0.0943966 0.329741 0.021698
2 0.396336 0.358836 0.0594828 0.0765086 0.0216217
1 0.227425 0.308459 0.114116 0.460668 0.0158386
2 0.550862 0.584052 0.0840517 0.122845 0.0141754
1 0.0981142 0.293912 0.196228 0.587823 0.0123367
2 0.59806 0.595366 0.0943966 0.136853 0.0121918
1 0.247629 0.419046 0.122198 0.289063 0.0117798
2 0.581897 0.548491 0.0517241 0.107759 0.0114212
1 0.0158405 0.456358 0.031681 0.0797414 0.00908661
0 0.259914 0.681035 0.0659483 0.189655 0.00731659
1 0.558297 0.551724 0.0549569 0.104526 0.00728989
2 0.232274 0.409483 0.103772 0.210129 0.00714874
2 0.516595 0.602371 0.106034 0.103448 0.00614548
1 0.091083 0.41056 0.182166 0.519397 0.00577545
1 0.0169316 0.422414 0.0338631 0.09375 0.00475693
2 0.409591 0.358028 0.0775862 0.0835129 0.00439835
1 0.183944 0.216325 0.0381466 0.261853 0.00432968
2 0.257651 0.408944 0.161638 0.196121 0.00392914
1 0.39278 0.368669 0.0452586 0.0686961 0.00367928
2 0.621983 0.604526 0.0956896 0.142241 0.00342941
1 0.100539 0.233028 0.201078 0.432651 0.0029583
1 0.0632813 0.543103 0.126563 0.331897 0.0029583
1 0.212392 0.241985 0.0846983 0.328529 0.00281143
1 0.257651 0.408944 0.161638 0.196121 0.00277901
2 0.421875 0.617457 0.300647 0.360991 0.00269318
0 0.550216 0.55819 0.0685345 0.122845 0.00264168
0 0.558297 0.551724 0.0549569 0.104526 0.00263214
2 0.612931 0.54472 0.0982759 0.146552 0.00263214
1 0.184914 0.267511 0.0394397 0.397091 0.00250244
2 0.28416 0.405038 0.212069 0.224407 0.0024147
2 0.380172 0.614763 0.154526 0.106681 0.0024147
1 0.0163658 0.561422 0.0327317 0.142241 0.00206757
0 0.280603 0.6875 0.0989224 0.204741 0.0020504
2 0.834267 0.793103 0.331465 0.288793 0.00200272
2 0.265005 0.697198 0.0803341 0.232759 0.00196457
1 0.550216 0.55819 0.0685345 0.122845 0.00194168
2 0.546983 0.535022 0.0853448 0.167026 0.00192642
2 0.259914 0.681035 0.0659483 0.189655 0.00191879
0 0.229526 0.415005 0.101509 0.210938 0.00188923
2 0.5625 0.552802 0.0478448 0.0818965 0.162354
1 0.250135 0.640086 0.0699892 0.118534 0.0838623
0 0.266056 0.670259 0.0782327 0.193965 0.0643921
1 0.258297 0.675647 0.080819 0.185345 0.0520325
1 0.5625 0.552802 0.0478448 0.0818965 0.0283356
2 0.551185 0.554957 0.0704742 0.0840517 0.0170441
0 0.5625 0.552802 0.0478448 0.0818965 0.0106506
2 0.556358 0.557112 0.0588362 0.105603 0.00812531
0 0.556358 0.557112 0.0588362 0.105603 0.00772476
0 0.250135 0.640086 0.0699892 0.118534 0.00754929
2 0.237931 0.403017 0.11056 0.189655 0.00605011
2 0.572198 0.553879 0.0633621 0.088362 0.0050621
1 0.237284 0.40625 0.099569 0.199353 0.0049057
1 0.1875 0.175108 0.0297414 0.130388 0.0046463
2 0.538901 0.573276 0.0743535 0.0969827 0.0039444
0 0.551185 0.554957 0.0704742 0.0840517 0.00382423
1 0.276724 0.678879 0.109267 0.200431 0.00379562
1 0.556358 0.557112 0.0588362 0.105603 0.00353813
0 0.538901 0.573276 0.0743535 0.0969827 0.00300407
2 0.266056 0.670259 0.0782327 0.193965 0.00298119
2 0.250135 0.640086 0.0699892 0.118534 0.00293541
0 0.276724 0.678879 0.109267 0.200431 0.0028553
1 0.551185 0.554957 0.0704742 0.0840517 0.00186729
1 0.538901 0.573276 0.0743535 0.0969827 0.0014782
2 0.0201239 0.460129 0.0362069 0.075431 0.00140476
0 0.256034 0.659483 0.106034 0.262931 0.00102043
2 0.561853 0.552802 0.0375 0.0711207 0.0383301
1 0.104903 0.410022 0.209806 0.71444 0.00584412
0 0.466164 0.980065 0.575431 0.0398706 0.00542831
1 0.561853 0.552802 0.0375 0.0711207 0.00413513
2 0.106681 0.373384 0.213362 0.671336 0.0041008
2 0.466164 0.980065 0.575431 0.0398706 0.00271416
1 0.466164 0.980065 0.575431 0.0398706 0.00257111
2 0.33847 0.978448 0.587716 0.0431034 0.00219917
2 0.546336 0.561422 0.0672414 0.109914 0.00218201
0 0.75361 0.974138 0.49278 0.0517241 0.00218201
0 0.33847 0.978448 0.587716 0.0431034 0.00212479
2 0.113147 0.486126 0.226293 0.732489 0.00183105
2 0.0994073 0.345636 0.198815 0.684806 0.00167465
0 0.590302 0.980603 0.605172 0.0387931 0.00161076
2 0.387608 1 0.507543 0 0.00157928
2 0.590302 0.980603 0.605172 0.0387931 0.00152493
2 0.214332 0.974138 0.428664 0.0517241 0.00148392
0 0.561853 0.552802 0.0375 0.0711207 0.00141048
1 0.33847 0.978448 0.587716 0.0431034 0.00122547
2 0.75361 0.974138 0.49278 0.0517241 0.00115108
2 0.018063 0.53125 0.0361261 0.674569 0.00113392
2 0.00905172 0.608702 0.0181034 0.661907 0.00111198
0 0.240517 0.972522 0.481035 0.0549569 0.0011034
2 0.0336611 0.470905 0.0673222 0.685345 0.00106907
2 0.2625 1 0.52306 0 0.00105667
1 0.10555 0.421471 0.211099 0.579472 0.00104427
0 0.387608 1 0.507543 0 0.00104427
2 0.760991 0.548491 0.415086 0.290948 0.00102425
1 0.590302 0.980603 0.605172 0.0387931 0.00101662
2 0.557974 0.549569 0.0543104 0.101293 0.395996
0 0.263066 0.676724 0.0751616 0.178879 0.105957
1 0.233728 0.419181 0.0950431 0.206897 0.0917358
2 0.553448 0.549569 0.0814655 0.109914 0.0761108
2 0.539224 0.561422 0.0879311 0.115302 0.0678101
1 0.251428 0.675647 0.0686961 0.174569 0.0618896
0 0.283109 0.674569 0.107489 0.209052 0.0226288
1 0.263874 0.679957 0.1007 0.182112 0.0148392
1 0.101185 0.356681 0.202371 0.713362 0.0142822
0 0.250781 0.671875 0.0583513 0.173491 0.0138474
2 0.573815 0.545259 0.0601293 0.100215 0.0109024
0 0.557974 0.549569 0.0543104 0.101293 0.00941467
1 0.101751 0.227977 0.203502 0.39965 0.00751877
1 0.238739 0.458513 0.105065 0.351293 0.00734711
1 0.557974 0.549569 0.0543104 0.101293 0.00723267
0 0.541487 0.559806 0.0846983 0.118535 0.00671768
0 0.533405 0.57166 0.0827586 0.117457 0.00582123
1 0.10458 0.247575 0.209159 0.495151 0.00568771
1 0.0653825 0.461207 0.130765 0.112069 0.00548935
1 0.553448 0.549569 0.0814655 0.109914 0.00460815
0 0.232759 0.413793 0.0956896 0.209052 0.00413513
0 0.610183 0.710129 0.178772 0.210129 0.00362206
2 0.459052 0.570043 0.266379 0.158405 0.00359344
1 0.100862 0.369612 0.201724 0.264009 0.00351143
1 0.111449 0.356142 0.222899 0.712285 0.00344276
2 0.515302 0.581358 0.124138 0.134698 0.00305176
1 0.0979526 0.219895 0.195905 0.311288 0.00273705
2 0.306466 0.347522 0.248276 0.100216 0.00269318
0 0.577371 0.740302 0.103448 0.127155 0.00265312
1 0.283109 0.674569 0.107489 0.209052 0.00261116
1 0.541487 0.559806 0.0846983 0.118535 0.00256157
0 0.515302 0.581358 0.124138 0.134698 0.00252151
1 0.193157 0.456358 0.0391164 0.251078 0.0024929
2 0.402478 0.351024 0.0665948 0.0619612 0.00237846
0 0.553448 0.549569 0.0814655 0.109914 0.00231361
0 0.312608 0.662715 0.167457 0.239224 0.00208282
1 0.417672 0.570043 0.349138 0.288793 0.00191212
0 0.610183 0.688039 0.147737 0.176724 0.00177479
0 0.572198 0.647629 0.128017 0.170259 0.00176144
1 0.402478 0.351024 0.0665948 0.0619612 0.00174809
2 0.576078 0.561422 0.0646552 0.12069 0.00168705
1 0.269612 0.405711 0.18556 0.209052 0.00168133
1 0.226131 0.405711 0.103772 0.266164 0.00164223
2 0.392457 0.372845 0.0387931 0.0646552 0.00162315
1 0.306466 0.347522 0.248276 0.100216 0.00159168
1 0.104095 0.34375 0.20819 0.516164 0.00157356
1 0.533405 0.57166 0.0827586 0.117457 0.00157356
0 0.00533405 0.223599 0.0106681 0.447198 0.00155449
1 0.17958 0.185345 0.0284483 0.169181 0.00150108
0 0.650431 0.338362 0.0439655 0.049569 0.00133514
2 0.553448 0.553341 0.0530172 0.0765086 0.151978
0 0.278987 0.679957 0.105388 0.211207 0.0208893
2 0.54181 0.55819 0.0730604 0.0905173 0.0147324
2 0.231466 0.420393 0.102155 0.243265 0.0139542
2 0.2566 0.413793 0.152748 0.230603 0.0132217
2 0.404741 0.350754 0.0627155 0.0625 0.0115051
1 0.230496 0.412177 0.09375 0.209052 0.00746155
1 0.271875 0.69181 0.106681 0.221983 0.00494385
0 0.254176 0.683728 0.0722521 0.203664 0.0045929
2 0.309052 0.354256 0.182328 0.0856681 0.00385475
1 0.553448 0.553341 0.0530172 0.0765086 0.00327301
1 0.251185 0.689116 0.0756465 0.22306 0.00275803
2 0.389547 0.367457 0.0394396 0.0689655 0.00263214
2 0.534052 0.567349 0.0737069 0.100216 0.00247192
0 0.24569 0.409348 0.126724 0.213631 0.00233269
0 0.553448 0.553341 0.0530172 0.0765086 0.00221634
2 0.311072 0.378367 0.148545 0.118265 0.00194931
2 0.494612 0.5625 0.219828 0.101293 0.00178242
1 0.2566 0.413793 0.152748 0.230603 0.00168133
1 0.404741 0.350754 0.0627155 0.0625 0.00136662
2 0.271875 0.69181 0.106681 0.221983 0.00132465
0 0.230496 0.415409 0.0918103 0.217672 0.00127411
2 0.188955 0.385776 0.185237 0.377155 0.00124931
2 0.41444 0.346983 0.0724138 0.0625 0.00123501
0 0.328367 0.676185 0.198006 0.238147 0.00106049
2 0.547953 0.557112 0.069181 0.0829742 0.383057
2 0.54181 0.567349 0.0801724 0.103448 0.0296478
1 0.244073 0.643319 0.0510776 0.127155 0.0208893
0 0.267672 0.679957 0.0840517 0.189655 0.0155411
1 0.248922 0.678879 0.0536638 0.177802 0.00993347
0 0.253772 0.675647 0.0640086 0.178879 0.00695801
2 0.572522 0.550647 0.0653017 0.0862069 0.00605011
1 0.230334 0.422549 0.0985991 0.221713 0.00530243
2 0.578017 0.565733 0.0556035 0.106681 0.00450516
1 0.267672 0.679957 0.0840517 0.189655 0.00335121
0 0.287069 0.682112 0.118319 0.215517 0.00290108
2 0.233082 0.421336 0.100862 0.22306 0.00261116
0 0.54569 0.559267 0.0711207 0.0829742 0.00233269
1 0.225162 0.436422 0.0908405 0.314655 0.00221634
2 0.252155 0.423357 0.149353 0.2632 0.00215721
2 0.225162 0.436422 0.0908405 0.314655 0.00209999
2 0.388578 0.372845 0.0387931 0.0592673 0.00191879
1 0.210614 0.452721 0.0727371 0.305765 0.00176811
2 0.267672 0.679957 0.0840517 0.189655 0.00162315
2 0.294181 0.420393 0.126078 0.210938 0.00152493
2 0.244073 0.643319 0.0510776 0.127155 0.00137806
1 0.54569 0.559267 0.0711207 0.0829742 0.00133514
2 0.256115 0.685345 0.0657866 0.193965 0.00132465
2 0.335237 0.376616 0.102802 0.0926724 0.00109482
2 0.566379 0.54903 0.0400862 0.0851293 0.326904
2 0.550216 0.549569 0.063362 0.0840517 0.0509033
2 0.557328 0.556035 0.0594827 0.109914 0.0391846
1 0.110318 0.385776 0.220636 0.563578 0.0115967
2 0.580603 0.546875 0.0517242 0.0959052 0.00521851
2 0.545043 0.557112 0.0788793 0.0883621 0.00466537
2 0.402802 0.353987 0.0568965 0.0635776 0.00351143
2 0.389224 0.372306 0.0349138 0.0571121 0.00337601
2 0.267592 0.677263 0.0764548 0.163793 0.00331116
1 0.241487 0.636853 0.043319 0.0915948 0.00324821
2 0.536961 0.573276 0.0762931 0.0905173 0.00312424
1 0.244397 0.676724 0.0439655 0.147629 0.0029583
2 0.244397 0.676724 0.0439655 0.147629 0.00293541
1 0.389224 0.372306 0.0349138 0.0571121 0.00223351
2 0.480711 0.600215 0.0446121 0.0818965 0.00219917
1 0.100943 0.517241 0.201886 0.299569 0.00218201
1 0.26347 0.681035 0.0762931 0.176724 0.00143814
1 0.402802 0.353987 0.0568965 0.0635776 0.00141048
0 0.244397 0.676724 0.0439655 0.147629 0.00131989
0 0.267592 0.677263 0.0764548 0.163793 0.00124454
2 0.566379 0.552802 0.0400862 0.0926725 0.255371
1 0.254095 0.682112 0.0627155 0.18319 0.134766
2 0.56056 0.55819 0.0581896 0.116379 0.102661
0 0.26347 0.676724 0.0775862 0.1875 0.0297546
2 0.553448 0.556035 0.0568965 0.0991379 0.0172424
0 0.285776 0.680496 0.11056 0.207974 0.014061
1 0.0989224 0.483701 0.197845 0.31708 0.0124283
1 0.103852 0.331627 0.207705 0.663254 0.0108185
1 0.266379 0.679418 0.0969828 0.212285 0.00985718
2 0.583351 0.557112 0.0565733 0.114224 0.00937653
1 0.100377 0.242726 0.200754 0.430496 0.00867462
1 0.28319 0.68319 0.11444 0.198276 0.00769424
2 0.545366 0.565194 0.0756466 0.100216 0.00723267
1 0.100539 0.292026 0.201078 0.471983 0.00712204
2 0.533405 0.576509 0.0685345 0.106681 0.00701141
1 0.0984375 0.398168 0.196875 0.306035 0.00600433
2 0.589655 0.572198 0.0711207 0.146552 0.00568771
2 0.389871 0.375539 0.0336207 0.0560345 0.0037365
1 0.100458 0.416487 0.200916 0.65625 0.00323486
1 0.56056 0.55819 0.0581896 0.116379 0.00322342
1 0.102155 0.390086 0.20431 0.532328 0.00299263
2 0.6118 0.565194 0.108297 0.148707 0.00234222
1 0.0979526 0.176455 0.195905 0.337823 0.00219917
1 0.389871 0.375539 0.0336207 0.0560345 0.00218201
2 0.26347 0.676724 0.0775862 0.1875 0.00216484
0 0.56056 0.55819 0.0581896 0.116379 0.00211525
0 0.305253 0.682651 0.130442 0.197198 0.00186729
0 0.278098 0.715517 0.105873 0.307112 0.00176811
1 0.231789 0.41972 0.0943966 0.21444 0.00169373
0 0.248276 0.675647 0.0556035 0.174569 0.00153637
1 0.566379 0.552802 0.0400862 0.0926725 0.00148964
2 0.488147 0.600215 0.0375 0.088362 0.00145531
2 0.364009 0.378772 0.0323276 0.0635776 0.00112057
2 0.565086 0.529634 0.0387931 0.143319 0.00109482
1 0.230819 0.461342 0.0976293 0.260506 0.00105667
2 0.304445 0.68319 0.129472 0.213362 0.00101662
2 0.561853 0.554957 0.0465517 0.0926725 0.187744
2 0.549246 0.56681 0.0704742 0.101293 0.0817871
2 0.532112 0.590517 0.0801724 0.0991379 0.0259552
1 0.265167 0.685345 0.082597 0.198276 0.0218658
0 0.275754 0.683728 0.0982759 0.195043 0.0115051
1 0.113551 0.289332 0.227101 0.578664 0.0113297
1 0.228394 0.439116 0.0882543 0.317888 0.00963593
2 0.228394 0.439116 0.0882543 0.317888 0.00717545
2 0.390517 0.370555 0.0426724 0.0627694 0.00510025
1 0.276724 0.674569 0.116379 0.198276 0.00450516
2 0.401509 0.356681 0.0659483 0.0668103 0.00365067
2 0.581735 0.579741 0.0598061 0.140086 0.00260162
2 0.578987 0.558728 0.05625 0.103448 0.00234222
2 0.409914 0.374865 0.067888 0.0606142 0.0019722
1 0.233728 0.518319 0.0834052 0.517241 0.00187492
2 0.229526 0.425108 0.102802 0.237069 0.00182438
2 0.490733 0.610991 0.043319 0.0840517 0.00166798
2 0.275754 0.683728 0.0982759 0.195043 0.00161648
1 0.13319 0.499057 0.266379 0.540679 0.0014267
1 0.230011 0.425512 0.0985991 0.237338 0.00130463
1 0.114036 0.542565 0.228071 0.755388 0.0012598
2 0.300727 0.688039 0.130442 0.210129 0.0011692
2 0.562823 0.552263 0.0394396 0.080819 0.270508
2 0.543103 0.561422 0.0788793 0.105604 0.100159
1 0.121148 0.346983 0.242295 0.693966 0.0492249
2 0.522414 0.590517 0.0646551 0.0797414 0.0423889
1 0.258297 0.6875 0.0653017 0.19181 0.029541
0 0.265733 0.679957 0.0756465 0.178879 0.0245209
1 0.247953 0.663254 0.0536638 0.147629 0.00898743
0 0.281977 0.679957 0.0994073 0.202586 0.00572968
1 0.101105 0.272091 0.202209 0.532328 0.00426483
1 0.106115 0.448276 0.212231 0.788793 0.00345612
0 0.251832 0.680496 0.0581896 0.169181 0.00305176
2 0.488793 0.606142 0.0368535 0.0775862 0.00299263
2 0.418642 0.575431 0.330388 0.15194 0.00288963
2 0.581897 0.578664 0.0581897 0.101293 0.00281143
2 0.392134 0.376078 0.0362069 0.0538793 0.00263214
1 0.105145 0.467807 0.210291 0.385507 0.00256157
1 0.279391 0.682112 0.10458 0.200431 0.00252151
2 0.597414 0.695043 0.116379 0.163793 0.00244331
2 0.579957 0.552802 0.0556035 0.0862069 0.0024147
1 0.543103 0.561422 0.0788793 0.105604 0.00220871
2 0.399569 0.351293 0.0523707 0.0571121 0.00206757
2 0.109186 0.350216 0.218373 0.700431 0.00178242
1 0.562823 0.552263 0.0394396 0.080819 0.00171375
0 0.109186 0.350216 0.218373 0.700431 0.00166798
2 0.565086 0.661638 0.106034 0.161638 0.00163555
2 0.417996 0.383621 0.05625 0.0463362 0.00148964
2 0.431897 0.683728 0.400862 0.369612 0.00113773
1 0.597414 0.695043 0.116379 0.163793 0.00104427
2 0.563793 0.552802 0.0413793 0.0711207 0.0646362
2 0.517241 0.596983 0.0530172 0.0625 0.0207977
2 0.544397 0.569504 0.0801724 0.0905173 0.0161591
2 0.539871 0.564655 0.0504311 0.075431 0.0106964
1 0.24666 0.651401 0.0497845 0.123922 0.00534439
2 0.48847 0.607759 0.0368535 0.0732758 0.00436401
1 0.13125 0.484375 0.2625 0.720905 0.00418091
0 0.26056 0.6875 0.0685345 0.1875 0.00388527
1 0.26056 0.6875 0.0685345 0.1875 0.00388527
2 0.582543 0.554957 0.0607759 0.0797414 0.0020504
2 0.26056 0.6875 0.0685345 0.1875 0.00174141
2 0.389871 0.375 0.0349138 0.0560345 0.00162315
2 0.585129 0.58028 0.0607759 0.0872845 0.00154877
1 0.107166 0.518319 0.214332 0.337284 0.00128937
2 0.402478 0.35291 0.0640086 0.0603448 0.00126457
2 0.383082 0.603448 0.263147 0.0959052 0.00118351
2 0.371767 0.546875 0.254095 0.134698 0.00104809
1 0.134159 0.642376 0.268319 0.715248 0.00101662
2 0.565086 0.554957 0.0426724 0.075431 0.107788
2 0.543103 0.564655 0.0892242 0.103448 0.036499
1 0.254095 0.686422 0.0704741 0.19181 0.0334778
2 0.515302 0.601293 0.0556035 0.075431 0.0266571
1 0.113712 0.352909 0.227425 0.705819 0.012825
2 0.551509 0.573276 0.0633621 0.0678879 0.0121918
2 0.537285 0.561422 0.087931 0.0775862 0.0068512
2 0.486853 0.608297 0.0336207 0.0754311 0.00593567
1 0.266379 0.681035 0.0976293 0.217672 0.00591278
0 0.261853 0.682112 0.0730604 0.18319 0.00575256
2 0.580603 0.556573 0.0581896 0.0818965 0.00538635
1 0.101024 0.485453 0.202047 0.355603 0.00388527
2 0.583836 0.568966 0.0594828 0.107759 0.00388527
1 0.101751 0.266164 0.203502 0.532328 0.00333786
2 0.395043 0.352909 0.0556035 0.0614224 0.00275803
1 0.122279 0.428745 0.244558 0.616649 0.00270462
2 0.402478 0.592672 0.392457 0.178879 0.00209999
1 0.101185 0.332705 0.202371 0.582435 0.00204277
0 0.727425 0.0437769 0.545151 0.0875539 0.00201988
1 0.405065 0.603448 0.404095 0.377155 0.00186729
1 0.361746 0.570582 0.307759 0.18319 0.00176811
1 0.234052 0.423357 0.0905173 0.179149 0.00172043
2 0.388901 0.374461 0.0387931 0.0592673 0.00169373
0 0.278987 0.682651 0.104095 0.211207 0.00122547
2 0.366918 0.600215 0.279957 0.108836 0.00101185
1 0.112015 0.352101 0.22403 0.704203 0.0462952
2 0.563793 0.554957 0.0465517 0.0775862 0.0243378
1 0.265733 0.69181 0.0834052 0.211207 0.0202484
2 0.543427 0.567349 0.0885776 0.109914 0.0105667
1 0.248276 0.660022 0.0568965 0.155172 0.00891876
1 0.287635 0.690733 0.125593 0.232759 0.00588989
2 0.528556 0.596983 0.0730604 0.0948275 0.00351143
1 0.255065 0.678879 0.0672414 0.196121 0.00313568
2 0.583351 0.556035 0.0643319 0.0894397 0.00283432
1 0.116298 0.507543 0.232597 0.693966 0.0026722
0 0.272522 0.681573 0.0866379 0.199353 0.00246239
1 0.103367 0.242726 0.206735 0.485453 0.00208282
1 0.274138 0.67403 0.102155 0.244612 0.00189686
2 0.475862 0.572737 0.230172 0.121767 0.00163555
2 0.586422 0.573815 0.0685345 0.119612 0.00148392
1 0.37104 0.514547 0.305334 0.22306 0.00144386
1 0.103125 0.494612 0.20625 0.338362 0.00121117
0 0.286988 0.68319 0.108782 0.217672 0.0011425
1 0.408055 0.593211 0.394235 0.419181 0.00107288
2 0.555711 0.553879 0.0588362 0.0905173 0.127686
2 0.538254 0.565733 0.0885776 0.12069 0.0670776
2 0.532112 0.587285 0.0827586 0.118535 0.0351562
0 0.259267 0.685345 0.0730603 0.206897 0.0337219
2 0.549569 0.568966 0.0762931 0.0948276 0.0306702
1 0.109833 0.358836 0.219666 0.717672 0.0167236
1 0.259267 0.685345 0.0730603 0.206897 0.0120544
1 0.24965 0.664871 0.058028 0.174569 0.0113297
0 0.27923 0.68319 0.0971444 0.215517 0.0104904
2 0.578664 0.554957 0.0620689 0.0991379 0.00605011
2 0.579472 0.573815 0.0695043 0.128233 0.00516129
2 0.39278 0.375 0.0400862 0.0603448 0.00443268
0 0.24965 0.664871 0.058028 0.174569 0.00369263
2 0.413147 0.382408 0.0704741 0.0541487 0.00257111
2 0.490733 0.601293 0.0465517 0.0991379 0.00228691
1 0.282624 0.68319 0.113631 0.224138 0.00198746
2 0.259267 0.685345 0.0730603 0.206897 0.00183868
2 0.408297 0.352371 0.0711207 0.0635776 0.00153637
1 0.102236 0.237877 0.204472 0.475754 0.00150108
2 0.428987 0.585129 0.322629 0.172414 0.00115585
2 0.5625 0.552802 0.0452586 0.0646552 0.0226288
1 0.254741 0.688039 0.0594828 0.189655 0.00967407
1 0.245043 0.636315 0.0459052 0.0926724 0.00557709
0 0.262823 0.682112 0.0685345 0.186422 0.00530243
2 0.54181 0.568966 0.0814655 0.0969828 0.00416565
2 0.518535 0.601293 0.0556035 0.0721983 0.00214958
0 0.283917 0.682112 0.1007 0.213362 0.00124931
0 0.252074 0.679957 0.0570582 0.173491 0.0011692
1 0.290383 0.684806 0.127856 0.212285 0.00107765
2 0.58319 0.553341 0.0659483 0.0765086 0.00104809
2 0.562823 0.553341 0.0471983 0.0678879 0.0927124
1 0.258297 0.686422 0.0659483 0.1875 0.0195007
2 0.54278 0.569504 0.0821121 0.0905173 0.0133286
2 0.549569 0.564655 0.063362 0.0711207 0.0123367
1 0.246336 0.637392 0.0484914 0.0980603 0.0113297
0 0.270259 0.682112 0.0840517 0.181035 0.00933838
2 0.523707 0.59806 0.0607758 0.0711207 0.00874329
0 0.258297 0.686422 0.0659483 0.1875 0.00677109
2 0.580603 0.553879 0.0607759 0.075431 0.00391388
1 0.285049 0.684267 0.116541 0.198276 0.00305176
0 0.283513 0.684267 0.102802 0.202586 0.00302696
2 0.586422 0.584052 0.0581896 0.0905172 0.00178909
2 0.488147 0.606142 0.0413793 0.0765086 0.00178242
1 0.270259 0.682112 0.0840517 0.181035 0.00170708
2 0.39375 0.377155 0.0368535 0.0517242 0.00146103
2 0.37597 0.598599 0.268966 0.107759 0.00134087
2 0.369828 0.548491 0.26056 0.12069 0.00128937
2 0.561207 0.554418 0.0465517 0.0689655 0.0337219
2 0.542457 0.568966 0.0814655 0.0926725 0.00629044
1 0.257651 0.686422 0.0653017 0.1875 0.00441742
2 0.52306 0.599138 0.0594827 0.0732759 0.00378036
1 0.244397 0.628233 0.0452586 0.0786638 0.00314713
1 0.107328 0.358297 0.214655 0.716595 0.00312424
2 0.58125 0.554418 0.0646552 0.0786638 0.00158501
1 0.290625 0.686422 0.128017 0.204741 0.0011425
0 0.270259 0.684267 0.0834052 0.185345 0.00109482
2 0.561207 0.554418 0.0465517 0.0689655 0.0333252
2 0.542457 0.568966 0.0814655 0.0926725 0.00624084
1 0.257651 0.686422 0.0646552 0.1875 0.00445175
2 0.52306 0.599138 0.0594827 0.0732759 0.00376511
1 0.244397 0.628233 0.0452586 0.0786638 0.00317192
1 0.107328 0.358028 0.214655 0.716056 0.00309944
2 0.58125 0.554418 0.0646552 0.0786638 0.00157356
1 0.290948 0.686422 0.128017 0.204741 0.00115108
0 0.269935 0.684267 0.0834052 0.185345 0.00109005
