1 0.730469 0.670139 0.0442708 0.0648148 0.0497742
1 0.777344 0.673611 0.0742188 0.0833333 0.0417786
2 0.777344 0.673611 0.0742188 0.0833333 0.0177155
0 0.777344 0.673611 0.0742188 0.0833333 0.0112457
1 0.772786 0.611111 0.0598958 0.131944 0.00871277
2 0.730469 0.670139 0.0442708 0.0648148 0.00812531
0 0.772786 0.611111 0.0598958 0.131944 0.00600433
0 0.730469 0.670139 0.0442708 0.0648148 0.0055542
2 0.772786 0.611111 0.0598958 0.131944 0.00445175
1 0.5 0.5 1 1 0.00369263
1 0.728516 0.634259 0.0598958 0.0856481 0.00340271
1 0.763021 0.561343 0.0416667 0.123843 0.00333786
1 0.729167 0.554977 0.0729167 0.103009 0.0030632
0 0.5 0.5 1 1 0.0030632
2 0.5 0.5 1 1 0.00300407
2 0.5 0.5 1 1 0.00291252
0 0.728516 0.634259 0.0598958 0.0856481 0.00286674
2 0.5 0.5 1 1 0.00282288
0 0.5 0.5 1 1 0.00279045
0 0.5 0.5 1 1 0.00271416
0 0.5 0.5 1 1 0.00255013
1 0.5 0.5 1 1 0.00253105
2 0.5 0.5 1 1 0.00245285
1 0.5 0.5 1 1 0.0024147
2 0.728516 0.634259 0.0598958 0.0856481 0.00237846
0 0.5 0.5 1 1 0.00222588
1 0.704427 0.666667 0.046875 0.0671296 0.00213242
2 0.5 0.5 1 1 0.00211525
1 0.5 0.5 1 1 0.00187492
2 0.5 0.5 1 1 0.00186729
1 0.5 0.5 1 1 0.00178242
0 0.5 0.5 1 1 0.00177479
1 0.5 0.5 1 1 0.00171375
1 0.5 0.5 1 1 0.0017004
1 0.701172 0.614583 0.0416667 0.0555556 0.00143814
2 0.641276 0.429109 0.0494792 0.115162 0.00141048
1 0.782552 0.655671 0.0807292 0.113426 0.00141048
0 0.729167 0.554977 0.0729167 0.103009 0.0012846
2 0.763021 0.561343 0.0416667 0.123843 0.00118828
2 0.729167 0.554977 0.0729167 0.103009 0.00117874
1 0.712891 0.545139 0.0703125 0.0833333 0.00110722
0 0.452474 0.756366 0.89974 0.487269 0.00109482
2 0.782552 0.655671 0.0807292 0.113426 0.00104046
0 0.641276 0.429109 0.0494792 0.115162 0.00100803
1 0.773438 0.673611 0.0651042 0.0625 0.0509033
1 0.729167 0.665509 0.0286458 0.0601852 0.0360718
1 0.792969 0.677662 0.0442708 0.056713 0.0150146
1 0.722656 0.630787 0.0494792 0.0601852 0.0134277
1 0.735026 0.559028 0.0794271 0.115741 0.0132217
1 0.74349 0.573929 0.09375 0.160012 0.0105667
1 0.744792 0.563079 0.0755208 0.133102 0.00891876
1 0.753906 0.59838 0.101563 0.186343 0.008255
2 0.792969 0.677662 0.0442708 0.056713 0.00519943
1 0.764323 0.631944 0.0625 0.104167 0.00502014
2 0.773438 0.673611 0.0651042 0.0625 0.00475693
0 0.74349 0.573929 0.09375 0.160012 0.00397491
1 0.774089 0.625579 0.148438 0.253472 0.00253105
2 0.74349 0.573929 0.09375 0.160012 0.00201035
0 0.753906 0.59838 0.101563 0.186343 0.00198746
1 0.786458 0.645833 0.0611979 0.087963 0.00157928
1 0.893229 0.457755 0.03125 0.0347222 0.00156116
1 0.712891 0.613426 0.0546875 0.0763889 0.00145531
2 0.5 0.713252 1 0.573495 0.00141621
2 0.729167 0.665509 0.0286458 0.0601852 0.00139427
2 0.472656 0.550926 0.945313 0.898148 0.00137806
0 0.472656 0.550926 0.945313 0.898148 0.00135136
0 0.459635 0.5 0.919271 1 0.00134563
1 0.727214 0.543403 0.0872396 0.0798611 0.00134087
0 0.5 0.71412 1 0.571759 0.0012846
2 0.558594 0.721499 0.882813 0.557002 0.00126457
2 0.5 0.5 1 1 0.0012598
2 0.753906 0.59838 0.101563 0.186343 0.00124931
2 0.443034 0.5 0.886068 1 0.00124931
0 0.5 0.72338 1 0.553241 0.00124454
2 0.761068 0.723235 0.477865 0.55353 0.00122547
0 0.5 0.5 1 1 0.00121593
2 0.803385 0.682292 0.393229 0.635417 0.00118828
1 0.5 0.72338 1 0.553241 0.00118351
2 0.888021 0.395833 0.0338542 0.0578704 0.00117874
1 0.710938 0.658565 0.0494792 0.0787037 0.00116062
1 0.386068 0.732639 0.772135 0.534722 0.00116062
1 0.459635 0.5 0.919271 1 0.00116062
0 0.686198 0.412905 0.25651 0.617477 0.00115108
0 0.763672 0.269097 0.472656 0.538194 0.00114727
1 0.720703 0.658565 0.358073 0.356481 0.0011425
1 0.888021 0.395833 0.0338542 0.0578704 0.00113392
2 0.5 0.416956 1 0.833912 0.00113392
1 0.472656 0.550926 0.945313 0.898148 0.00113392
2 0.649089 0.280671 0.6875 0.561343 0.00112438
0 0.35026 0.666667 0.700521 0.666667 0.00112057
2 0.635417 0.438079 0.0338542 0.0868056 0.00111198
2 0.5 0.5 1 1 0.00111198
0 0.803385 0.682292 0.393229 0.635417 0.00109005
2 0.763672 0.269097 0.472656 0.538194 0.00108147
1 0.71875 0.636574 0.0611979 0.0740741 0.144653
1 0.718099 0.655093 0.0559896 0.0752315 0.132568
1 0.724609 0.549769 0.0716146 0.0925926 0.115967
1 0.767578 0.659722 0.0638021 0.0763889 0.0639648
1 0.730469 0.564815 0.0872396 0.12963 0.0231476
1 0.768229 0.645833 0.0572917 0.087963 0.0158997
1 0.781901 0.662037 0.0729167 0.0833333 0.0119629
1 0.183268 0.45544 0.0455729 0.0671296 0.0112915
1 0.740885 0.553241 0.0729167 0.112269 0.00793457
1 0.863281 0.390625 0.0442708 0.0775463 0.00717545
1 0.859375 0.454861 0.0390625 0.046875 0.00679779
1 0.780599 0.644676 0.0807292 0.0972222 0.00457382
1 0.869792 0.287905 0.236979 0.221644 0.00428009
1 0.160807 0.44184 0.0638021 0.0850694 0.00370789
1 0.708333 0.465856 0.117188 0.0902778 0.00307465
1 0.888021 0.458912 0.0403646 0.0451389 0.00291252
1 0.972656 0.475116 0.0481771 0.0706019 0.00288963
0 0.160807 0.281178 0.321615 0.56033 0.00260162
0 0.847656 0.247685 0.304688 0.49537 0.00231361
2 0.730469 0.564815 0.0872396 0.12963 0.00221634
1 0.85319 0.21412 0.29362 0.365741 0.00214958
1 0.128092 0.234086 0.244466 0.379051 0.00211525
1 0.940755 0.463831 0.0429688 0.0486111 0.0020504
1 0.72526 0.505642 0.109375 0.127604 0.00190449
1 0.655599 0.447338 0.0755208 0.105324 0.00189686
1 0.216797 0.467593 0.0533854 0.0572917 0.00186062
1 0.174479 0.27228 0.338542 0.472801 0.00182438
1 0.884115 0.394676 0.0494792 0.0833333 0.0017271
1 0.976563 0.53125 0.0416667 0.0532407 0.0017271
1 0.86263 0.27662 0.27474 0.553241 0.00163555
0 0.730469 0.564815 0.0872396 0.12963 0.00156116
1 0.595052 0.1114 0.0507813 0.0671296 0.00152493
1 0.0189209 0.130353 0.0378418 0.260706 0.0014782
1 0.177246 0.412326 0.0797526 0.115162 0.0014267
1 0.00415039 0.162037 0.00830078 0.324074 0.00142097
1 0.111654 0.445023 0.0719401 0.087963 0.00136185
0 0.85319 0.21412 0.29362 0.365741 0.00131512
1 0.0361735 0.179398 0.072347 0.358796 0.00125504
1 0.144531 0.413773 0.0761719 0.126157 0.00119686
1 0.17513 0.36603 0.35026 0.70081 0.00118351
1 0.0132243 0.453704 0.0264486 0.766204 0.0011692
1 0 0.750579 0 0.498843 0.00114727
1 0.0724284 0.137587 0.144857 0.275174 0.00109005
0 0.211589 0.287905 0.423177 0.523727 0.00107288
1 0.938151 0.270544 0.123698 0.541088 0.00106049
1 0.753255 0.472222 0.179688 0.104167 0.00105667
1 0.016276 0.23423 0.0325521 0.468461 0.00104427
1 0.00846354 0.678964 0.0169271 0.642072 0.00103188
1 0.613119 0.46412 0.070638 0.0925926 0.00100803
1 0.776042 0.664352 0.0625 0.068287 0.124634
1 0.720703 0.659722 0.0507813 0.0648148 0.0913696
1 0.726563 0.560185 0.0729167 0.099537 0.0897827
1 0.78776 0.667824 0.0598958 0.0717593 0.0809326
1 0.727214 0.583333 0.0729167 0.108796 0.0600891
1 0.588704 0.111545 0.0621745 0.0639468 0.0387573
1 0.177897 0.467014 0.0432943 0.0555556 0.029541
1 0.71875 0.634259 0.0572917 0.105324 0.029541
2 0.588704 0.111545 0.0621745 0.0639468 0.0293121
1 0.717448 0.553819 0.0729167 0.0821759 0.0227203
1 0.861979 0.390046 0.0416667 0.0868056 0.0215302
1 0.740885 0.564815 0.0755208 0.113426 0.0191193
1 0.155924 0.438079 0.0527344 0.0914352 0.0157166
1 0.782552 0.64294 0.0729167 0.121528 0.0104904
1 0.710938 0.619213 0.0572917 0.113426 0.0102921
1 0.00227865 0.828704 0.00455729 0.342593 0.00926971
1 0.748698 0.579861 0.108073 0.18287 0.00923157
1 0.865885 0.425347 0.0494792 0.104167 0.00793457
1 0.223633 0.532986 0.0332031 0.0358796 0.00664139
1 0.00610352 0.778935 0.012207 0.44213 0.00651169
2 0.78776 0.667824 0.0598958 0.0717593 0.00575256
1 0.129883 0.447338 0.0553385 0.0972222 0.00564194
1 0.710286 0.656829 0.0520833 0.0763889 0.00547028
1 0.860677 0.443287 0.0364583 0.0590278 0.0046463
1 0.105632 0.527778 0.030599 0.0474537 0.00446701
0 0.861979 0.390046 0.0416667 0.0868056 0.0041008
1 0.645182 0.436921 0.0494792 0.12037 0.00380898
1 0.00146484 0.752894 0.00292969 0.494213 0.00362206
0 0.00227865 0.828704 0.00455729 0.342593 0.00341606
1 0.142578 0.416088 0.0442708 0.099537 0.00335121
1 0.886719 0.44213 0.0364583 0.0613426 0.00313568
0 0.886719 0.44213 0.0364583 0.0613426 0.00311089
0 0.78776 0.667824 0.0598958 0.0717593 0.00302696
1 0.88151 0.396701 0.0429688 0.0862269 0.00296974
1 0.000569661 0.595486 0.00113932 0.40625 0.00277901
1 0.263672 0.537037 0.0416667 0.0347222 0.0024929
0 0.88151 0.396701 0.0429688 0.0862269 0.00237846
1 0.730469 0.519097 0.0833333 0.155093 0.00221634
2 0.727214 0.583333 0.0729167 0.108796 0.00201035
2 0.645182 0.436921 0.0494792 0.12037 0.00200272
1 0.679688 0.462384 0.0950521 0.105324 0.00194168
0 0.929688 0.454282 0.0364583 0.0434028 0.00186729
0 0.865885 0.425347 0.0494792 0.104167 0.00175476
0 0.177897 0.467014 0.0432943 0.0555556 0.00174141
1 0.13916 0.530093 0.0419922 0.0393519 0.0016613
1 0.000732422 0.420139 0.00146484 0.391204 0.00165462
0 0.860677 0.443287 0.0364583 0.0590278 0.0016489
1 0.194336 0.521412 0.0325521 0.0486111 0.0016489
1 0.655599 0.408565 0.0703125 0.146991 0.00160408
0 0.155924 0.438079 0.0527344 0.0914352 0.00144958
1 0.723307 0.659722 0.0377604 0.0648148 0.0823975
1 0.864583 0.393808 0.0416667 0.0815972 0.053009
1 0.182454 0.463542 0.0315755 0.0497685 0.049408
1 0.769531 0.665509 0.0729167 0.0740741 0.0423889
1 0.735677 0.565972 0.0677083 0.0925926 0.0318604
1 0.719401 0.644097 0.0520833 0.0763889 0.0284424
1 0.154785 0.448785 0.0397135 0.0572917 0.0218658
1 0.593099 0.115741 0.0494792 0.0596065 0.0204926
1 0.577474 0.11169 0.0520833 0.0572917 0.0189819
1 0.791667 0.673032 0.0546875 0.0729167 0.0183411
1 0.722656 0.570602 0.0651042 0.0925926 0.0132217
1 0.701823 0.627894 0.0364583 0.0613426 0.0100937
2 0.864583 0.393808 0.0416667 0.0815972 0.00948334
0 0.864583 0.393808 0.0416667 0.0815972 0.00812531
2 0.577474 0.11169 0.0520833 0.0572917 0.00743103
1 0.876302 0.402199 0.0520833 0.0810185 0.00723267
2 0.593099 0.115741 0.0494792 0.0596065 0.00712204
1 0.867839 0.413194 0.0403646 0.0856481 0.00658798
1 0.716146 0.561921 0.0690104 0.0763889 0.00614548
2 0.867839 0.413194 0.0403646 0.0856481 0.00508118
2 0.128743 0.429398 0.0481771 0.0775463 0.00385475
1 0.128743 0.429398 0.0481771 0.0775463 0.00370789
1 0.705729 0.659722 0.0403646 0.0636574 0.00349617
0 0.867839 0.413194 0.0403646 0.0856481 0.00340271
2 0.615885 0.120081 0.0520833 0.072338 0.00223351
1 0.86263 0.417824 0.0416667 0.107639 0.00218201
1 0.109049 0.329282 0.0354818 0.0625 0.00211525
0 0.876302 0.402199 0.0520833 0.0810185 0.00206757
2 0.876302 0.402199 0.0520833 0.0810185 0.00184631
0 0.128743 0.429398 0.0481771 0.0775463 0.0017004
1 0.88151 0.427083 0.046875 0.0902778 0.00161076
2 0.182454 0.463542 0.0315755 0.0497685 0.00156689
1 0.770182 0.644676 0.0677083 0.0925926 0.00151253
1 0.680339 0.697917 0.49349 0.344907 0.00144386
1 0.615885 0.120081 0.0520833 0.072338 0.00130939
1 0.112305 0.456597 0.0325521 0.0451389 0.00126457
1 0.755208 0.615741 0.114583 0.1875 0.00126457
1 0.78776 0.653935 0.0690104 0.12037 0.00117397
0 0.722656 0.570602 0.0651042 0.0925926 0.00115108
2 0.722656 0.570602 0.0651042 0.0925926 0.00104809
1 0.722656 0.657986 0.0416667 0.0648148 0.0994873
1 0.733073 0.556713 0.0598958 0.0775463 0.0866089
1 0.776042 0.663773 0.0572917 0.068287 0.0726318
1 0.733073 0.556134 0.0859375 0.0902778 0.0399475
1 0.186198 0.46441 0.0292969 0.0335648 0.0282135
1 0.720703 0.635417 0.0533854 0.0625 0.0280151
1 0.863281 0.399306 0.0338542 0.0578704 0.00796509
1 0.703776 0.623843 0.0377604 0.0509259 0.00728989
1 0.71875 0.571759 0.0598958 0.0740741 0.00723267
1 0.200846 0.997685 0.401693 0.00462963 0.00720596
2 0.200846 0.997685 0.401693 0.00462963 0.0069313
1 0.710938 0.555556 0.0546875 0.0625 0.00619125
2 0.265951 1 0.410807 0 0.00605011
0 0.813151 0.189815 0.373698 0.375 0.0049057
2 0.782552 0.667824 0.0703125 0.0763889 0.00471878
1 0.265951 1 0.410807 0 0.00457382
2 0.162435 0.993634 0.32487 0.0127315 0.00397491
0 0.200846 0.997685 0.401693 0.00462963 0.00352478
1 0.763672 0.642361 0.078125 0.087963 0.00340271
1 0.162435 0.993634 0.32487 0.0127315 0.00329781
2 0.353841 1 0.435547 0 0.0029583
1 0.707031 0.657407 0.0442708 0.0717593 0.00253105
0 0.265951 1 0.410807 0 0.00245285
2 0.813151 0.20978 0.373698 0.41956 0.00234985
1 0.813151 0.189815 0.373698 0.375 0.00228691
0 0.162435 0.993634 0.32487 0.0127315 0.00195694
0 0.826172 0.144097 0.347656 0.288194 0.00191879
0 0.863281 0.399306 0.0338542 0.0578704 0.00182438
2 0.186198 0.46441 0.0292969 0.0335648 0.00172043
1 0.809245 0.122106 0.38151 0.244213 0.00165462
1 0.577799 0.110388 0.0852865 0.0619213 0.00161648
2 0.863281 0.399306 0.0338542 0.0578704 0.00161076
1 0.163249 0.461227 0.0485026 0.0335648 0.00154305
1 0.353841 1 0.435547 0 0.00142097
2 0.577799 0.110388 0.0852865 0.0619213 0.00138283
2 0.105957 0.996528 0.211914 0.00694444 0.00138283
2 0.431641 1 0.447917 0 0.00123501
1 0.861979 0.447917 0.0338542 0.0509259 0.00123024
1 0.782552 0.649306 0.0729167 0.114583 0.00102806
2 0.228678 0.96412 0.457357 0.0717593 0.00101185
1 0.734375 0.554398 0.0742188 0.101852 0.280518
1 0.18099 0.46412 0.0380859 0.0555556 0.15564
1 0.772135 0.662037 0.0572917 0.0694444 0.104858
1 0.725911 0.657407 0.0390625 0.0694444 0.0900879
1 0.161458 0.444444 0.0527344 0.068287 0.0618896
1 0.873698 0.412037 0.0390625 0.0792824 0.0577087
1 0.723958 0.641204 0.0598958 0.0717593 0.0483093
1 0.864583 0.392361 0.0442708 0.0966435 0.0451965
1 0.135417 0.425347 0.0429688 0.0625 0.0358276
1 0.601563 0.110098 0.0338542 0.0520833 0.0327148
1 0.71224 0.62963 0.0598958 0.087963 0.0236969
0 0.864583 0.392361 0.0442708 0.0966435 0.0207977
1 0.791667 0.667245 0.0520833 0.0717593 0.012146
1 0.148438 0.417824 0.0423177 0.0758102 0.00981903
0 0.383138 0.362269 0.0690104 0.137731 0.0069046
1 0.275391 0.530671 0.0273438 0.0393519 0.0068512
1 0.615885 0.114873 0.046875 0.0697338 0.00679779
1 0.76888 0.645255 0.0572917 0.0856481 0.00624084
2 0.615885 0.114873 0.046875 0.0697338 0.00570679
1 0.385091 0.403356 0.0442708 0.0798611 0.00534439
1 0.979167 0.468171 0.0247396 0.0578704 0.00498199
1 0.861328 0.420139 0.0455729 0.109954 0.00486755
1 0.628906 0.423611 0.0625 0.122685 0.00460815
1 0.582682 0.10952 0.0703125 0.0662616 0.0041008
1 0.708333 0.655671 0.0494792 0.0775463 0.0041008
2 0.601563 0.110098 0.0338542 0.0520833 0.00390053
1 0.233887 0.527199 0.0406901 0.0462963 0.00388527
2 0.873698 0.412037 0.0390625 0.0792824 0.00356483
0 0.00138346 0.762731 0.00276693 0.474537 0.00340271
1 0.877604 0.396991 0.046875 0.0914352 0.00282288
1 0.115885 0.454282 0.0501302 0.056713 0.00259018
0 0.877604 0.396991 0.046875 0.0914352 0.0024929
0 0.615885 0.114873 0.046875 0.0697338 0.00226974
1 0.21224 0.990162 0.346354 0.0196759 0.00225258
0 0.873698 0.412037 0.0390625 0.0792824 0.00212479
0 0.385091 0.403356 0.0442708 0.0798611 0.00188923
0 0.861979 0.357639 0.0585938 0.115741 0.00186062
1 0.166341 0.987847 0.332682 0.0243056 0.0018177
2 0.582682 0.10952 0.0703125 0.0662616 0.00174141
1 0.106771 0.528935 0.0292969 0.0462963 0.0017271
0 0.121094 0.214699 0.235677 0.296296 0.00161076
0 0.601563 0.110098 0.0338542 0.0520833 0.00156116
0 0.00301107 0.282697 0.00602214 0.565394 0.00154305
0 0.979167 0.468171 0.0247396 0.0578704 0.00146675
2 0.864583 0.392361 0.0442708 0.0966435 0.00143242
0 0.861328 0.420139 0.0455729 0.109954 0.00141048
1 0.283529 0.997106 0.311849 0.00578704 0.00141048
1 0.796875 0.634259 0.0520833 0.0821759 0.00135136
0 0.00581869 0.693866 0.0116374 0.612269 0.00135136
1 0.309245 0.530093 0.0299479 0.0416667 0.00133514
1 0.776042 0.666667 0.0598958 0.0671296 0.274414
1 0.182129 0.466435 0.039388 0.0515046 0.0917358
1 0.734375 0.559028 0.0677083 0.0972222 0.0736694
1 0.785156 0.668981 0.0625 0.0717593 0.0560303
1 0.863281 0.399306 0.0377604 0.0729167 0.0486755
1 0.726563 0.576389 0.0703125 0.0972222 0.037323
1 0.15918 0.451389 0.0533854 0.0590278 0.0340881
1 0.722656 0.659144 0.0390625 0.0625 0.0225372
1 0.870443 0.415509 0.0325521 0.0752315 0.0156708
1 0.705078 0.626736 0.0429688 0.0706019 0.0141754
1 0.604167 0.109954 0.03125 0.052662 0.0108566
1 0.778646 0.652778 0.0572917 0.099537 0.00941467
1 0.720052 0.637731 0.0494792 0.0706019 0.00874329
1 0.716797 0.558449 0.0690104 0.0856481 0.00844574
1 0.860677 0.435185 0.0364583 0.0729167 0.00629044
1 0.885417 0.402778 0.0338542 0.0740741 0.00468063
2 0.604167 0.109954 0.03125 0.052662 0.00370789
1 0.108724 0.457755 0.039388 0.0532407 0.0036068
0 0.863281 0.399306 0.0377604 0.0729167 0.00313568
1 0.889323 0.438079 0.0338542 0.0659722 0.00313568
0 0.870443 0.415509 0.0325521 0.0752315 0.00309944
2 0.182129 0.466435 0.039388 0.0515046 0.00282288
2 0.863281 0.399306 0.0377604 0.0729167 0.00260162
1 0.791667 0.649306 0.0520833 0.106481 0.00256157
2 0.870443 0.415509 0.0325521 0.0752315 0.00220871
0 0.726563 0.576389 0.0703125 0.0972222 0.00198746
1 0.207682 1 0.333333 0 0.0019722
1 0.145508 0.41956 0.0432943 0.09375 0.00195694
1 0.582031 0.106626 0.0598958 0.0546875 0.00172043
1 0.10612 0.530671 0.0286458 0.037037 0.00168705
1 0.707031 0.658565 0.046875 0.0671296 0.00148964
0 0.182129 0.466435 0.039388 0.0515046 0.00138855
0 0.785156 0.668981 0.0625 0.0717593 0.00138855
1 0.270101 1 0.333496 0 0.00121593
1 0.123698 0.429398 0.0384115 0.0856481 0.00121593
0 0.885417 0.402778 0.0338542 0.0740741 0.00118351
1 0.275391 0.535301 0.0279948 0.0347222 0.00116062
2 0.582031 0.106626 0.0598958 0.0546875 0.00110722
0 0.889323 0.438079 0.0338542 0.0659722 0.00109863
1 0.942708 0.457755 0.0338542 0.0457176 0.00109482
1 0.0768229 0.456308 0.0485026 0.0659722 0.00103188
0 0.860677 0.435185 0.0364583 0.0729167 0.00102425
0 0.776042 0.666667 0.0598958 0.0671296 0.00102043
1 0.143229 1 0.286458 0 0.00102043
1 0.777995 0.668981 0.0625 0.0694444 0.137085
1 0.717448 0.661458 0.0416667 0.0613426 0.12085
1 0.789063 0.671875 0.0572917 0.0729167 0.0875854
1 0.707682 0.625 0.046875 0.0717593 0.0534058
1 0.721354 0.58912 0.0651042 0.106481 0.0497742
1 0.729167 0.565972 0.0755208 0.106481 0.0462036
1 0.717448 0.635417 0.0546875 0.0671296 0.0420837
1 0.74349 0.559028 0.0703125 0.101852 0.0381775
1 0.709635 0.660301 0.0494792 0.0648148 0.00760651
1 0.777344 0.645833 0.0494792 0.087963 0.00740433
1 0.789063 0.653356 0.0611979 0.105324 0.0069313
2 0.789063 0.671875 0.0572917 0.0729167 0.00621796
1 0.182943 0.467303 0.0374349 0.0509259 0.00526047
1 0.15918 0.45081 0.0553385 0.0648148 0.00466537
2 0.721354 0.58912 0.0651042 0.106481 0.00157928
0 0.721354 0.58912 0.0651042 0.106481 0.00150108
1 0.863281 0.39294 0.0416667 0.0810185 0.00144386
1 0.772135 0.663773 0.0598958 0.068287 0.245117
1 0.720703 0.660301 0.0377604 0.0601852 0.0933228
1 0.735677 0.55787 0.0651042 0.087963 0.0611877
1 0.790365 0.664352 0.0546875 0.0717593 0.0479431
1 0.705729 0.629051 0.0416667 0.0625 0.0469055
1 0.863281 0.394097 0.0416667 0.0914352 0.0383301
1 0.183268 0.463831 0.0286458 0.0491898 0.0362244
1 0.724609 0.640046 0.0559896 0.0671296 0.0304413
1 0.716146 0.596644 0.0520833 0.104167 0.0237732
1 0.778646 0.648148 0.0494792 0.0856481 0.0183411
1 0.86849 0.407407 0.0364583 0.0787037 0.0160217
1 0.708333 0.662037 0.046875 0.0613426 0.0134277
1 0.744792 0.553819 0.0651042 0.0868056 0.0120544
1 0.716146 0.559606 0.0651042 0.0729167 0.0109482
1 0.161133 0.460069 0.0498047 0.0503472 0.0105286
1 0.799479 0.648148 0.0364583 0.0949074 0.00471878
0 0.863281 0.394097 0.0416667 0.0914352 0.00432968
2 0.979167 0.466146 0.0208333 0.0491898 0.00407028
2 0.863281 0.394097 0.0416667 0.0914352 0.00367928
2 0.942708 0.456597 0.0338542 0.0445602 0.00277901
2 0.183268 0.463831 0.0286458 0.0491898 0.00261116
2 0.86849 0.407407 0.0364583 0.0787037 0.00253105
1 0.890625 0.440972 0.0338542 0.0590278 0.0024929
0 0.86849 0.407407 0.0364583 0.0787037 0.0024929
1 0.979167 0.466146 0.0208333 0.0491898 0.00234985
1 0.942708 0.456597 0.0338542 0.0445602 0.00228691
1 0.861979 0.428819 0.0364583 0.0844907 0.00216484
0 0.979167 0.466146 0.0208333 0.0491898 0.00185299
0 0.942708 0.456597 0.0338542 0.0445602 0.00181007
1 0.107422 0.535301 0.0234375 0.0300926 0.00150681
1 0.88151 0.403646 0.0442708 0.0862269 0.00148392
2 0.890625 0.440972 0.0338542 0.0590278 0.00131989
0 0.890625 0.440972 0.0338542 0.0590278 0.00131512
2 0.981771 0.528356 0.0208333 0.056713 0.00121593
1 0.143229 0.53588 0.031901 0.0243056 0.0011425
0 0.981771 0.528356 0.0208333 0.056713 0.00105667
1 0.722005 0.660301 0.0377604 0.0648148 0.0856934
1 0.701823 0.631944 0.0364583 0.068287 0.0792236
1 0.77474 0.66088 0.0494792 0.0740741 0.041626
1 0.726563 0.639468 0.0403646 0.0694444 0.0393372
1 0.864583 0.380787 0.0390625 0.108796 0.0350037
1 0.740885 0.55787 0.0533854 0.0810185 0.0262604
1 0.187337 0.464988 0.0198568 0.0503472 0.0240479
1 0.705729 0.658565 0.0416667 0.0694444 0.0218658
1 0.156576 0.453125 0.0338542 0.0601852 0.0167847
1 0.777344 0.637731 0.0338542 0.0856481 0.0157166
1 0.704427 0.597801 0.0325521 0.104167 0.0134277
1 0.869141 0.393229 0.0299479 0.103588 0.00971222
1 0.699219 0.550926 0.0351562 0.0578704 0.00787354
1 0.757813 0.559028 0.0403646 0.0833333 0.00751877
1 0.804688 0.658565 0.03125 0.0856481 0.00706482
1 0.123047 0.432292 0.0266927 0.0688657 0.00582123
1 0.867188 0.355613 0.0442708 0.119213 0.00416565
1 0.145833 0.414352 0.0205078 0.0740741 0.00324821
1 0.111003 0.328125 0.0364583 0.0636574 0.00302696
1 0.863281 0.427662 0.0338542 0.0972222 0.00253105
1 0.107747 0.533565 0.0201823 0.0393519 0.00247192
1 0.88151 0.385995 0.0416667 0.118634 0.00227928
1 0.0556641 1 0.111328 0 0.00189686
1 0.983724 0.465856 0.0260417 0.0810185 0.00152493
1 0.892578 0.429398 0.0286458 0.0914352 0.00150681
1 0.808594 0.64294 0.0208333 0.0983796 0.00145531
1 0.0885417 1 0.177083 0 0.00136662
1 0.277344 0.534144 0.0208333 0.0381944 0.00131989
0 0.38444 0.350694 0.0722656 0.133102 0.0012598
1 0.886719 0.322917 0.0625 0.185764 0.00110722
1 0.777344 0.663773 0.0729167 0.0821759 0.258301
1 0.720703 0.66088 0.046875 0.0648148 0.0486755
1 0.703776 0.627315 0.0429688 0.0648148 0.0417786
1 0.733073 0.558449 0.0625 0.0856481 0.028656
1 0.78125 0.65162 0.0625 0.099537 0.0233307
1 0.721354 0.636574 0.0611979 0.0671296 0.0218658
1 0.714844 0.594907 0.046875 0.099537 0.019989
1 0.707031 0.662037 0.046875 0.0625 0.00712204
1 0.17985 0.469907 0.0328776 0.0520833 0.00609589
1 0.744792 0.558449 0.0651042 0.0983796 0.00600433
0 0.714844 0.594907 0.046875 0.099537 0.00445175
1 0.158529 0.454282 0.0436198 0.056713 0.0041008
1 0.710938 0.552083 0.0585938 0.0671296 0.00276756
1 0.865885 0.393229 0.0390625 0.0891204 0.00105286
1 0.876953 0.411458 0.0299479 0.0891204 0.00103188
1 0.77474 0.663194 0.0625 0.0752315 0.342529
1 0.721354 0.658565 0.0403646 0.0671296 0.0628052
1 0.735677 0.552662 0.0546875 0.0752315 0.0342407
1 0.705078 0.62963 0.0442708 0.0601852 0.0231476
1 0.182292 0.472222 0.0345052 0.0532407 0.0224609
1 0.723958 0.591435 0.0546875 0.0844907 0.0158997
1 0.724609 0.642361 0.0598958 0.0717593 0.01297
1 0.707031 0.66088 0.0455729 0.0648148 0.00619125
1 0.744792 0.552083 0.0651042 0.0856481 0.00314713
1 0.71224 0.548611 0.0598958 0.0578704 0.00206757
1 0.162598 0.464699 0.0455729 0.046875 0.00179577
0 0.723958 0.591435 0.0546875 0.0844907 0.00177479
1 0.865885 0.390914 0.0338542 0.0752315 0.00157356
2 0.77474 0.663194 0.0625 0.0752315 0.00129414
1 0.27474 0.532407 0.0208333 0.037037 0.00126934
1 0.206217 0.990162 0.412435 0.0196759 0.00101662
1 0.776042 0.66088 0.0572917 0.0694444 0.246582
1 0.71875 0.657407 0.0416667 0.0671296 0.0984497
1 0.179362 0.470486 0.0384115 0.0520833 0.0213623
1 0.703125 0.630208 0.0390625 0.0625 0.0204163
1 0.709635 0.592593 0.0416667 0.0833333 0.0171814
1 0.71875 0.642361 0.0520833 0.0706019 0.0158386
1 0.796875 0.662037 0.0416667 0.0740741 0.0143356
1 0.728516 0.554398 0.0572917 0.0671296 0.0115051
1 0.158203 0.457465 0.0429688 0.0491898 0.00634003
1 0.705729 0.657407 0.0416667 0.0694444 0.00362206
2 0.776042 0.66088 0.0572917 0.0694444 0.00201035
2 0.796875 0.662037 0.0416667 0.0740741 0.00166798
2 0.179362 0.470486 0.0384115 0.0520833 0.00155449
2 0.863281 0.389468 0.0338542 0.0601852 0.00151253
1 0.708333 0.546296 0.0520833 0.0509259 0.00138855
1 0.276042 0.53125 0.0247396 0.0393519 0.00106049
1 0.717448 0.658565 0.0442708 0.0671296 0.101929
1 0.772135 0.664352 0.0572917 0.0671296 0.0750122
1 0.701823 0.631944 0.0377604 0.0648148 0.0237732
1 0.71875 0.641204 0.0520833 0.0717593 0.0236969
1 0.178874 0.471933 0.0413411 0.0538194 0.0236053
1 0.729167 0.559028 0.0572917 0.0717593 0.0190582
1 0.713542 0.599537 0.0416667 0.0763889 0.0168457
1 0.156738 0.454861 0.0452474 0.0543981 0.00978088
1 0.799479 0.665509 0.0364583 0.0740741 0.00815582
1 0.705729 0.66088 0.0416667 0.0671296 0.00452042
1 0.699219 0.54919 0.0416667 0.0532407 0.00338936
0 0.178874 0.471933 0.0413411 0.0538194 0.00149536
1 0.773438 0.648148 0.0520833 0.0856481 0.00125504
0 0.156738 0.454861 0.0452474 0.0543981 0.00122547
1 0.796875 0.643519 0.0442708 0.0902778 0.00104427
1 0.275716 0.536458 0.0253906 0.0381944 0.00100422
1 0.772135 0.667824 0.0546875 0.0648148 0.191895
1 0.717448 0.659722 0.0416667 0.0648148 0.169922
1 0.800781 0.666667 0.0338542 0.0717593 0.0224609
1 0.181478 0.473669 0.0361328 0.0520833 0.0197144
1 0.702474 0.634259 0.0351562 0.0648148 0.0183411
1 0.708984 0.61169 0.0390625 0.103009 0.0124283
1 0.71875 0.643519 0.0481771 0.0729167 0.0123367
1 0.705729 0.660301 0.0416667 0.0659722 0.00551224
1 0.157552 0.457465 0.0436198 0.052662 0.00482941
1 0.731771 0.557292 0.0546875 0.0659722 0.00351143
1 0.799479 0.644676 0.0390625 0.0902778 0.00234222
1 0.778646 0.649306 0.0520833 0.087963 0.00209999
1 0.697917 0.548611 0.0338542 0.0509259 0.0016489
0 0.181478 0.473669 0.0361328 0.0520833 0.00106907
1 0.717448 0.659722 0.0416667 0.0671296 0.204956
1 0.773438 0.666667 0.0559896 0.0659722 0.148071
1 0.702474 0.630787 0.0364583 0.0625 0.0564575
1 0.717448 0.641204 0.0494792 0.0717593 0.0271759
1 0.799479 0.665509 0.0364583 0.0740741 0.0230713
1 0.710938 0.601852 0.0390625 0.0856481 0.0198364
1 0.705729 0.66088 0.0416667 0.0671296 0.0195007
1 0.733073 0.555556 0.0572917 0.0694444 0.00634003
1 0.181641 0.470486 0.0364583 0.0497685 0.00453949
1 0.699219 0.546296 0.0390625 0.0509259 0.00391388
1 0.776042 0.646412 0.0520833 0.0925926 0.00391388
0 0.773438 0.666667 0.0559896 0.0659722 0.00305176
0 0.799479 0.665509 0.0364583 0.0740741 0.00223351
0 0.702474 0.630787 0.0364583 0.0625 0.00206757
0 0.717448 0.659722 0.0416667 0.0671296 0.00202751
0 0.710938 0.601852 0.0390625 0.0856481 0.00183868
2 0.799479 0.665509 0.0364583 0.0740741 0.00160408
1 0.158529 0.45544 0.046224 0.0601852 0.00154305
2 0.710938 0.601852 0.0390625 0.0856481 0.00148964
1 0.798177 0.644676 0.0416667 0.0949074 0.0014782
2 0.773438 0.666667 0.0559896 0.0659722 0.00112438
0 0.181641 0.470486 0.0364583 0.0497685 0.00106907
1 0.717448 0.663194 0.0416667 0.0578704 0.125977
1 0.772786 0.66956 0.0520833 0.056713 0.0913696
1 0.803385 0.667824 0.0286458 0.0648148 0.0332031
1 0.703125 0.62963 0.0377604 0.0555556 0.0216217
1 0.71875 0.640046 0.0494792 0.0671296 0.0149536
1 0.709635 0.59375 0.0416667 0.0694444 0.0111618
1 0.182943 0.470486 0.0345052 0.0439815 0.00728989
1 0.705078 0.663194 0.0403646 0.0578704 0.00486755
1 0.731771 0.555556 0.0546875 0.0601852 0.00353813
1 0.158366 0.460069 0.0403646 0.0428241 0.00221634
1 0.700521 0.547454 0.0416667 0.0451389 0.00221634
1 0.80599 0.640046 0.0260417 0.0775463 0.00138283
1 0.774089 0.665509 0.0559896 0.0590278 0.19873
1 0.717448 0.66088 0.0416667 0.0601852 0.109314
1 0.799479 0.665509 0.0351562 0.0671296 0.0448608
1 0.181315 0.469329 0.0354818 0.0462963 0.0347595
1 0.703125 0.630787 0.0390625 0.0613426 0.0263519
1 0.717448 0.641204 0.046875 0.0694444 0.0171814
1 0.710286 0.590856 0.0390625 0.0659722 0.0146179
1 0.159831 0.456597 0.0449219 0.0480324 0.00674438
1 0.734375 0.556713 0.0559896 0.0671296 0.00605011
1 0.705729 0.661458 0.0416667 0.0601852 0.00547028
1 0.776693 0.645833 0.0494792 0.0833333 0.00392914
1 0.799479 0.642361 0.0364583 0.0833333 0.00286674
0 0.181315 0.469329 0.0354818 0.0462963 0.00247192
1 0.700521 0.546875 0.0416667 0.0497685 0.00237846
2 0.181315 0.469329 0.0354818 0.0462963 0.00115108
0 0.159831 0.456597 0.0449219 0.0480324 0.00112438
1 0.75651 0.558449 0.046875 0.0775463 0.00109005
0 0.774089 0.665509 0.0559896 0.0590278 0.00107765
0 0.799479 0.665509 0.0351562 0.0671296 0.00102425
1 0.773438 0.666667 0.0546875 0.0625 0.165649
1 0.716797 0.661458 0.0416667 0.0613426 0.144653
1 0.800781 0.665509 0.0338542 0.0706019 0.0463867
1 0.703125 0.631944 0.0390625 0.0636574 0.0263519
1 0.18099 0.471065 0.0364583 0.0497685 0.0187683
1 0.717448 0.642361 0.046875 0.0717593 0.018692
1 0.705729 0.662616 0.0429688 0.0601852 0.00967407
1 0.710938 0.600694 0.0416667 0.0856481 0.0091629
1 0.734375 0.55787 0.0546875 0.0717593 0.00500107
1 0.159342 0.458044 0.0458984 0.0497685 0.00482941
1 0.774089 0.645833 0.0442708 0.0856481 0.00298119
1 0.802083 0.64294 0.03125 0.0868056 0.00266266
1 0.700521 0.548032 0.0416667 0.0520833 0.00245285
0 0.18099 0.471065 0.0364583 0.0497685 0.00150681
1 0.75651 0.559606 0.0429688 0.0810185 0.00120163
0 0.800781 0.665509 0.0338542 0.0706019 0.00101662
1 0.773438 0.666667 0.0546875 0.0625 0.166138
1 0.716797 0.661458 0.0416667 0.0613426 0.144653
1 0.800781 0.665509 0.0338542 0.0694444 0.0463867
1 0.703125 0.631944 0.0390625 0.0636574 0.0264587
1 0.18099 0.471065 0.0361328 0.0497685 0.0191193
1 0.717448 0.642361 0.046875 0.0717593 0.0187683
1 0.705729 0.662616 0.0429688 0.0601852 0.00963593
1 0.710938 0.600694 0.0416667 0.0856481 0.00923157
1 0.734375 0.55787 0.0546875 0.0717593 0.00494385
1 0.159342 0.457755 0.0458984 0.0497685 0.00486755
1 0.774089 0.645833 0.0442708 0.0856481 0.00298119
1 0.802083 0.64294 0.03125 0.0868056 0.00266266
1 0.700521 0.548032 0.0416667 0.0520833 0.00243378
0 0.18099 0.471065 0.0361328 0.0497685 0.00152493
1 0.75651 0.559606 0.0429688 0.0810185 0.00118828
0 0.800781 0.665509 0.0338542 0.0694444 0.00100803
