1 0.194907 0.599206 0.2105 0.263228 0.949219
1 0.808215 0.699074 0.233889 0.279101 0.930664
1 0.247207 0.608466 0.121492 0.216931 0.191895
1 0.731552 0.689319 0.109148 0.213955 0.188354
1 0.208551 0.607804 0.177366 0.218254 0.15979
2 0.579524 0.319527 0.109148 0.151951 0.117554
2 0.626951 0.333003 0.2092 0.172619 0.0800781
2 0.593167 0.337302 0.136435 0.164021 0.035614
1 0.719207 0.675926 0.0922561 0.252645 0.035553
2 0.19913 0.608466 0.198156 0.284392 0.0306702
1 0.827706 0.701058 0.291061 0.330688 0.0303802
0 0.194907 0.599206 0.2105 0.263228 0.0266571
0 0.579524 0.319527 0.109148 0.151951 0.0228882
1 0.873184 0.669147 0.142932 0.325728 0.0204926
1 0.547039 0.650959 0.359929 0.322421 0.0189819
1 0.947249 0.630291 0.098753 0.329365 0.0188293
0 0.593167 0.337302 0.136435 0.164021 0.0162811
0 0.626951 0.333003 0.2092 0.172619 0.0161591
1 0.63085 0.651455 0.180614 0.277778 0.0142822
2 0.541517 0.325397 0.242335 0.165344 0.0134277
0 0.808215 0.699074 0.233889 0.279101 0.0112457
2 0.396636 0.230985 0.654238 0.461971 0.0107803
2 0.670643 0.381283 0.295934 0.282407 0.0106125
1 0.909567 0.640212 0.127339 0.338624 0.0104065
1 0.780928 0.678571 0.296259 0.309524 0.00891876
1 0.955695 0.596395 0.0870586 0.272817 0.00844574
2 0.613958 0.341931 0.174117 0.219577 0.00803375
1 0.28424 0.621032 0.140333 0.215608 0.00743103
1 0.935293 0.646164 0.129415 0.342593 0.00723267
0 0.541517 0.325397 0.242335 0.165344 0.00602722
0 0.396636 0.230985 0.654238 0.461971 0.00479126
0 0.731552 0.689319 0.109148 0.213955 0.00468063
0 0.670643 0.381283 0.295934 0.282407 0.00468063
2 0.759001 0.414683 0.45186 0.293651 0.00445175
1 0.816011 0.867725 0.207901 0.113757 0.00432968
1 0.69387 0.733466 0.58862 0.48545 0.0041008
2 0.551587 0.818783 0.393713 0.293651 0.00397491
1 0.575301 0.319775 0.109798 0.160053 0.00392914
2 0.508058 0.648313 0.444388 0.330357 0.00379562
1 0.836801 0.556217 0.280666 0.242063 0.00379562
0 0.547039 0.650959 0.359929 0.322421 0.0037365
2 0.49279 0.243386 0.394362 0.371032 0.00342941
0 0.889814 0.685185 0.220371 0.156085 0.00342941
0 0.827706 0.701058 0.291061 0.330688 0.00341606
2 0.761437 0.383598 0.205302 0.194444 0.00340271
0 0.551587 0.818783 0.393713 0.293651 0.00329781
0 0.208551 0.607804 0.177366 0.218254 0.00321007
2 0.827706 0.691138 0.29366 0.146825 0.00321007
1 0.823158 0.623677 0.292361 0.395503 0.00314713
2 0.5 0.636243 1 0.727513 0.00313568
1 0.808215 0.683862 0.228691 0.251323 0.92627
1 0.202379 0.599372 0.185812 0.256283 0.629883
1 0.843037 0.679233 0.313927 0.342593 0.0257111
1 0.508708 0.619709 0.501561 0.407407 0.0088501
1 0.454783 0.58664 0.418401 0.329365 0.00769424
0 0.19442 0.592593 0.161448 0.242063 0.00397491
2 0.19978 0.593915 0.197506 0.268519 0.00312424
1 0.803018 0.646991 0.25208 0.340939 0.00293541
0 0.808215 0.683862 0.228691 0.251323 0.00274658
2 0.812113 0.683201 0.218296 0.253968 0.00261116
1 0.242172 0.605159 0.112072 0.234127 0.00257111
1 0.841412 0.608631 0.317175 0.457341 0.00211525
2 0.325495 0.678737 0.65099 0.520833 0.00190449
2 0.370973 0.760582 0.741947 0.478836 0.00185299
0 0.325495 0.678737 0.65099 0.520833 0.00176811
1 0.325495 0.678737 0.65099 0.520833 0.00176811
0 0.370973 0.760582 0.741947 0.478836 0.00176811
2 0.452185 0.514881 0.904369 0.708333 0.00171375
1 0.370973 0.760582 0.741947 0.478836 0.0017004
1 0.843037 0.777778 0.313927 0.365079 0.00169373
0 0.335565 0.857804 0.67113 0.284392 0.0016613
2 0.335565 0.857804 0.67113 0.284392 0.0016489
1 0.335565 0.857804 0.67113 0.284392 0.00162888
2 0.824196 0.837302 0.351609 0.325397 0.00160408
1 0.934968 0.597222 0.130064 0.321429 0.00159168
2 0.634323 0.835317 0.731353 0.329365 0.00159168
1 0.369674 0.697255 0.697768 0.539352 0.00157356
2 0.472975 0.5 0.945949 1 0.00154877
0 0.421649 0.876323 0.843298 0.247355 0.00152493
0 0.857979 0.725529 0.284041 0.548942 0.00150108
1 0.452185 0.514881 0.904369 0.708333 0.00148392
0 0.872922 0.654762 0.254155 0.690476 0.00148392
0 0.452185 0.514881 0.904369 0.708333 0.0014782
1 0.824196 0.837302 0.351609 0.325397 0.00146103
0 0.824196 0.837302 0.351609 0.325397 0.00144386
1 0.634323 0.835317 0.731353 0.329365 0.00143242
2 0.872922 0.654762 0.254155 0.690476 0.0014267
1 0.821209 0.857804 0.174117 0.115079 0.00142097
1 0.472975 0.5 0.945949 1 0.00142097
2 0.855056 0.661376 0.289888 0.677249 0.00142097
0 0.469401 0.470899 0.938803 0.941799 0.00139904
2 0.844336 0.826058 0.311328 0.347884 0.00139904
2 0.421649 0.876323 0.843298 0.247355 0.00139427
2 0.539956 0.856481 0.920088 0.287037 0.00139427
1 0.844336 0.826058 0.311328 0.347884 0.00137234
0 0.859279 0.736111 0.281442 0.527778 0.00135612
1 0.421649 0.876323 0.843298 0.247355 0.00135136
1 0.33922 0.518188 0.579362 0.453042 0.00133514
1 0.539956 0.856481 0.920088 0.287037 0.00133038
0 0.634323 0.835317 0.731353 0.329365 0.00130939
1 0.810814 0.687831 0.236487 0.247355 0.919434
1 0.196694 0.594577 0.209525 0.256614 0.816406
2 0.560683 0.309855 0.0584721 0.138889 0.0253754
2 0.189385 0.596395 0.198805 0.254299 0.00526047
1 0.562632 0.315476 0.0623703 0.123016 0.00462723
1 0.952509 0.605655 0.0949811 0.28869 0.00325966
2 0.806916 0.691964 0.239086 0.250992 0.00307465
2 0.576276 0.310268 0.0922561 0.144015 0.00302696
1 0.952185 0.61045 0.0956307 0.284391 0.00300407
1 0.654888 0.219081 0.101352 0.104167 0.00271416
0 0.189385 0.596395 0.198805 0.254299 0.00221634
1 0.921649 0.647487 0.156702 0.347884 0.00219154
1 0.619642 0.249256 0.169244 0.161541 0.00209999
2 0.605512 0.291336 0.148129 0.17791 0.00198746
2 0.614607 0.278522 0.176716 0.231316 0.00190449
1 0.180979 0.60582 0.213017 0.328042 0.00157356
1 0.954783 0.559524 0.0904332 0.202381 0.00156116
1 0.192146 0.671958 0.22122 0.395503 0.00145531
1 0.914503 0.801257 0.170995 0.397487 0.00134087
2 0.550938 0.308862 0.0753641 0.15873 0.00132465
1 0.751042 0.693783 0.119543 0.30291 0.00131989
0 0.562632 0.315476 0.0623703 0.123016 0.00129414
1 0.686073 0.211971 0.0532746 0.0859788 0.00127888
1 0.845635 0.647983 0.308729 0.349537 0.00106907
2 0.143582 0.716766 0.287163 0.540013 0.00100422
1 0.809514 0.691138 0.244284 0.247355 0.975586
1 0.204328 0.595403 0.203353 0.261574 0.969727
2 0.561982 0.311177 0.0766635 0.149471 0.2323
1 0.596416 0.138889 0.0454784 0.0400132 0.168823
1 0.86019 0.165013 0.0662685 0.077381 0.0651245
1 0.946337 0.619709 0.107325 0.322751 0.0621033
1 0.654238 0.640873 0.18841 0.252646 0.0541992
1 0.795221 0.866402 0.184512 0.124339 0.0481262
1 0.95056 0.590608 0.0988792 0.256614 0.0441895
1 0.678927 0.221892 0.0480771 0.0965608 0.0318604
2 0.55711 0.309855 0.0994027 0.167328 0.0276947
1 0.947249 0.575397 0.0831604 0.199735 0.0275879
1 0.954134 0.559524 0.0917326 0.183862 0.0243378
1 0.940752 0.617725 0.0948548 0.292328 0.0216217
1 0.561982 0.311177 0.0766635 0.149471 0.0161591
1 0.869286 0.170635 0.0753641 0.0674603 0.0142288
1 0.844598 0.664683 0.181913 0.281746 0.0134811
1 0.816011 0.865079 0.183213 0.153439 0.0113297
2 0.736912 0.37996 0.350508 0.179894 0.0110703
1 0.298776 0.840608 0.244446 0.224868 0.0110703
2 0.715309 0.370701 0.211799 0.144841 0.00993347
1 0.674379 0.221065 0.0831603 0.129299 0.00941467
1 0.732851 0.695767 0.0935555 0.259259 0.00937653
2 0.747144 0.378307 0.259876 0.169312 0.00841522
2 0.404757 0.342262 0.276768 0.0820106 0.00821686
2 0.596416 0.138889 0.0454784 0.0400132 0.00818634
1 0.138547 0.833333 0.277093 0.256614 0.0078125
1 0.879681 0.624173 0.127339 0.328373 0.00698471
2 0.77703 0.39881 0.307953 0.223545 0.00616837
2 0.00377633 0.0795304 0.00755265 0.159061 0.00572968
1 0.236487 0.834656 0.200105 0.23545 0.00564194
1 0.739998 0.877645 0.255978 0.165344 0.00540543
2 0.632636 0.338624 0.205627 0.125 0.00530243
1 0.951535 0.582672 0.0969301 0.300265 0.00530243
1 0.179477 0.847884 0.194582 0.256614 0.00521851
1 0.00235513 0.9041 0.00471026 0.191799 0.00510025
1 0.33256 0.848545 0.240548 0.202381 0.00453949
1 0.236325 0.60334 0.11467 0.272156 0.00450516
1 0.242335 0.843254 0.136435 0.190476 0.00438309
2 0.390139 0.326058 0.400859 0.431878 0.0041008
1 0.00243634 0.872355 0.00487268 0.255291 0.00408554
1 0.654888 0.227348 0.0896573 0.103505 0.00385475
2 0.302431 0.810847 0.2105 0.306878 0.00382423
1 0.737399 0.835979 0.185812 0.193122 0.00369263
1 0.601776 0.120701 0.0490516 0.0843254 0.00362206
1 0.700366 0.217923 0.0831604 0.0998677 0.00353813
1 0.605512 0.189484 0.148129 0.17791 0.00329781
0 0.596416 0.138889 0.0454784 0.0400132 0.00324821
2 0.581798 0.318204 0.12539 0.211475 0.00323486
1 0.682825 0.715443 0.174117 0.394511 0.00319672
1 0.811463 0.690311 0.239086 0.254299 0.918457
1 0.200267 0.599206 0.210175 0.257937 0.805664
1 0.54639 0.636905 0.396311 0.252645 0.0198669
1 0.489298 0.695767 0.501399 0.386243 0.0162811
1 0.613958 0.644345 0.258577 0.256283 0.0154877
1 0.487349 0.630291 0.496201 0.281746 0.014389
1 0.404757 0.714947 0.635397 0.51455 0.00559998
1 0.488892 0.773148 0.521702 0.358466 0.00290108
1 0.684774 0.215939 0.0415802 0.0846561 0.00286674
2 0.765336 0.400463 0.363827 0.215608 0.00269318
2 0.569779 0.305225 0.0779629 0.140873 0.00235939
1 0.426522 0.592427 0.35798 0.254299 0.00235939
2 0.56653 0.324074 0.0766634 0.12037 0.00214958
0 0.611846 0.648148 0.278392 0.267196 0.00194168
0 0.384698 0.250331 0.406544 0.314153 0.00178242
2 0.48605 0.713128 0.529985 0.420304 0.00178242
2 0.698417 0.37996 0.302756 0.181878 0.00176811
0 0.765336 0.400463 0.363827 0.215608 0.00150108
1 0.55711 0.831349 0.428146 0.242064 0.00139427
0 0.698417 0.37996 0.302756 0.181878 0.00136662
0 0.389083 0.858466 0.308116 0.177249 0.00122547
1 0.696468 0.373016 0.323546 0.19709 0.00121593
2 0.591218 0.30291 0.120842 0.16336 0.00119686
0 0.54639 0.636905 0.396311 0.252645 0.00111198
2 0.825495 0.402778 0.34901 0.218915 0.00107765
1 0.809514 0.689815 0.239086 0.259259 0.932129
1 0.190034 0.596561 0.211149 0.279101 0.884766
1 0.610709 0.64418 0.259876 0.272487 0.00521851
2 0.73545 0.335979 0.389814 0.198413 0.00446701
2 0.689971 0.324405 0.311851 0.191799 0.00429916
2 0.820947 0.229663 0.358106 0.459325 0.0029583
2 0.559384 0.313823 0.0701666 0.167328 0.00273705
2 0.777418 0.323991 0.445164 0.394345 0.00269318
1 0.935554 0.644841 0.106549 0.362434 0.00246239
2 0.787425 0.397487 0.358629 0.227513 0.00236893
2 0.749581 0.371032 0.418726 0.194444 0.00232315
0 0.193121 0.594577 0.203678 0.276455 0.00213242
0 0.610709 0.64418 0.259876 0.272487 0.00201988
2 0.832642 0.400794 0.334717 0.224868 0.00195694
0 0.604212 0.964286 0.560033 0.0714286 0.00157356
1 0.55581 0.236442 0.276119 0.14418 0.00134563
1 0.943089 0.626819 0.113822 0.41832 0.00130939
1 0.822247 0.271164 0.355507 0.366402 0.00126457
2 0.591868 0.29704 0.135136 0.227348 0.00123024
0 0.816661 0.401786 0.27417 0.231482 0.00121117
2 0.47265 0.253638 0.44114 0.321429 0.00119686
2 0.803406 0.299603 0.393189 0.599206 0.00117397
1 0.73545 0.335979 0.389814 0.198413 0.0011692
0 0.832642 0.400794 0.334717 0.224868 0.00116062
1 0.527549 0.640212 0.478172 0.267196 0.00103188
1 0.176553 0.570106 0.150403 0.291005 0.00100422
1 0.806916 0.686343 0.228691 0.256944 0.854004
1 0.196207 0.589286 0.191009 0.257937 0.838867
1 0.618343 0.641534 0.247207 0.259259 0.00259018
0 0.810814 0.690476 0.228691 0.257937 0.00231361
1 0.940752 0.573413 0.0649691 0.199735 0.00214958
1 0.936854 0.623016 0.0701666 0.296296 0.00162315
1 0.517154 0.611277 0.592518 0.34623 0.00161648
1 0.510088 0.700893 0.579362 0.344246 0.0014267
1 0.423598 0.700893 0.701666 0.502976 0.00125504
1 0.0867337 0.556548 0.134811 0.217593 0.00122547
0 0.192308 0.596395 0.18971 0.256944 0.00121593
2 0.782291 0.175265 0.435419 0.350529 0.00115585
0 0.0207495 0.87037 0.041499 0.259259 0.0011158
0 0.624353 0.636905 0.233889 0.251323 0.00110722
1 0.906318 0.571759 0.0948549 0.232143 0.00100803
1 0.806916 0.687831 0.236487 0.260582 0.936523
1 0.19507 0.594577 0.203678 0.280423 0.900391
2 0.570428 0.310185 0.092256 0.153439 0.0456848
2 0.584559 0.307457 0.117269 0.182705 0.01297
1 0.195882 0.57705 0.142932 0.233466 0.00985718
2 0.611359 0.282077 0.16762 0.234788 0.00468063
1 0.638159 0.645668 0.19978 0.26422 0.00252151
2 0.556135 0.314153 0.0909567 0.162037 0.00188255
1 0.900471 0.583995 0.109148 0.240741 0.00179577
1 0.933605 0.589947 0.071466 0.25 0.00177479
2 0.560033 0.281415 0.0792623 0.23082 0.00174809
1 0.931656 0.623677 0.0805616 0.314815 0.00168133
2 0.661223 0.289683 0.265399 0.279101 0.00161648
1 0.682175 0.215278 0.0597715 0.10582 0.00135612
1 0.79847 0.867063 0.153327 0.115079 0.00106049
1 0.570428 0.310185 0.092256 0.153439 0.00102043
1 0.812763 0.68502 0.233889 0.280754 0.896484
1 0.197019 0.592593 0.204977 0.285714 0.85791
2 0.558084 0.314153 0.0597715 0.143519 0.125122
2 0.610059 0.299521 0.158525 0.184028 0.0154877
2 0.576925 0.305473 0.0961542 0.164187 0.0151901
1 0.934255 0.611111 0.0883579 0.294974 0.00518036
2 0.612658 0.281746 0.183213 0.230159 0.00498199
1 0.778329 0.863757 0.109148 0.104497 0.00329781
2 0.816011 0.683862 0.228691 0.280423 0.00322342
2 0.796521 0.398148 0.223494 0.201058 0.00319672
1 0.94179 0.627149 0.116421 0.306548 0.00293541
1 0.197506 0.556217 0.163072 0.189153 0.00271416
2 0.195882 0.593915 0.203353 0.281746 0.00265312
1 0.640757 0.653605 0.204977 0.285384 0.00224304
1 0.561982 0.311508 0.0701666 0.140873 0.00191212
0 0.561982 0.311508 0.0701666 0.140873 0.00161648
1 0.956083 0.582672 0.0878344 0.284392 0.00138855
1 0.736099 0.867063 0.144231 0.123016 0.00134563
1 0.615744 0.284061 0.174442 0.240079 0.00125504
2 0.778329 0.863757 0.109148 0.104497 0.00125504
0 0.195882 0.593915 0.203353 0.281746 0.00106907
1 0.807565 0.685847 0.232589 0.251323 0.818848
1 0.199617 0.5959 0.194582 0.255291 0.78418
2 0.809514 0.688492 0.22999 0.255291 0.0218658
2 0.783527 0.394841 0.228691 0.194444 0.00712204
2 0.199617 0.5959 0.194582 0.255291 0.00614548
1 0.927758 0.640212 0.0779629 0.277778 0.00494385
2 0.753641 0.384259 0.244284 0.164021 0.00301552
1 0.938153 0.584325 0.0623703 0.207011 0.00273705
2 0.682175 0.374339 0.27287 0.150794 0.00252151
1 0.940752 0.558862 0.0597715 0.157407 0.00151253
0 0.199617 0.5959 0.194582 0.255291 0.00122547
1 0.808215 0.681878 0.23129 0.272487 0.901367
1 0.19848 0.589947 0.202054 0.265873 0.859863
1 0.681525 0.213294 0.0506759 0.0813492 0.00253105
2 0.563931 0.314815 0.0766635 0.132275 0.00213242
2 0.574326 0.31746 0.0974536 0.150132 0.0017271
1 0.940752 0.600364 0.0740647 0.283399 0.00123501
2 0.398585 0.241774 0.35798 0.333912 0.00107765
1 0.196369 0.59127 0.201729 0.269841 0.911133
1 0.810814 0.687169 0.233889 0.27381 0.879883
1 0.653589 0.652282 0.187111 0.266865 0.0037365
1 0.195882 0.594577 0.196856 0.27381 0.921387
1 0.810164 0.689815 0.232589 0.260582 0.868652
1 0.90372 0.842593 0.0558734 0.111111 0.00112438
1 0.19507 0.589782 0.20043 0.278108 0.870605
1 0.806916 0.684524 0.236487 0.283069 0.865234
2 0.196856 0.591931 0.205302 0.27381 0.00253105
1 0.197344 0.587963 0.19848 0.269841 0.859863
1 0.812113 0.68006 0.236487 0.26422 0.837402
1 0.811463 0.685185 0.232589 0.279101 0.933594
1 0.196856 0.589947 0.202703 0.277778 0.896973
1 0.196531 0.59375 0.200754 0.28869 0.884277
1 0.808215 0.683697 0.239086 0.286045 0.827637
1 0.196856 0.593915 0.197506 0.277778 0.871582
1 0.807565 0.687831 0.22999 0.267196 0.869629
1 0.195882 0.595238 0.204653 0.277778 0.888184
1 0.808215 0.689153 0.228691 0.267196 0.866211
1 0.194907 0.592593 0.204003 0.27381 0.895508
1 0.809514 0.688988 0.228691 0.267526 0.871582
1 0.194907 0.592593 0.204003 0.27381 0.895508
1 0.809514 0.688988 0.228691 0.267526 0.871582
