1 0.319397 0.445043 0.139009 0.184267 0.935547
1 0.589655 0.406789 0.0814655 0.178879 0.410156
0 0.319397 0.443427 0.137069 0.1875 0.137573
1 0.615679 0.422414 0.131573 0.212284 0.0497742
1 0.404095 0.119006 0.0484914 0.0906519 0.0327148
2 0.404095 0.119006 0.0484914 0.0906519 0.0275879
0 0.589655 0.406789 0.0814655 0.178879 0.0226288
2 0.35625 0.841056 0.131897 0.317888 0.0214539
2 0.319397 0.445043 0.139009 0.184267 0.0173035
0 0.404095 0.119006 0.0484914 0.0906519 0.0144501
2 0.318184 0.830819 0.206735 0.338362 0.01297
1 0.535991 0.406789 0.140948 0.188578 0.0115967
1 0.509806 0.411503 0.146767 0.187769 0.0104904
1 0.147737 0.571121 0.0452586 0.0775862 0.0101318
2 0.423491 0.118534 0.0866379 0.100216 0.00919342
1 0.423491 0.118534 0.0866379 0.100216 0.00812531
2 0.147737 0.571121 0.0452586 0.0775862 0.00775528
0 0.147737 0.571121 0.0452586 0.0775862 0.0069313
1 0.598869 0.429822 0.0927802 0.245959 0.00664139
0 0.35625 0.841056 0.131897 0.317888 0.00547028
1 0.353017 0.841595 0.139655 0.31681 0.0050621
0 0.423491 0.118534 0.0866379 0.100216 0.00498199
1 0.583028 0.421201 0.0960129 0.217942 0.00488663
1 0.342349 0.457839 0.171983 0.202856 0.00471878
1 0.621983 0.476293 0.099569 0.178879 0.00453949
1 0.594828 0.380253 0.165517 0.340787 0.00367928
1 0.578017 0.43319 0.0672414 0.234914 0.00363541
1 0.5 0.5 1 1 0.00349617
0 0.5 0.5 1 1 0.00348282
2 0.5 0.5 1 1 0.00325966
1 0.481681 0.5625 0.063362 0.0883621 0.00298119
2 0.5 0.5 1 1 0.00298119
2 0.5 0.5 1 1 0.00290108
0 0.5 0.5 1 1 0.00279999
1 0.5 0.5 1 1 0.00269318
0 0.583028 0.421201 0.0960129 0.217942 0.00268364
0 0.5 0.5 1 1 0.00264168
1 0.177155 0.582974 0.0853448 0.0883621 0.0026207
0 0.5 0.5 1 1 0.00261116
0 0.5 0.5 1 1 0.00259018
2 0.5 0.5 1 1 0.00244331
1 0.5 0.5 1 1 0.00244331
0 0.342672 0.817349 0.20625 0.365302 0.00243378
0 0.177155 0.582974 0.0853448 0.0883621 0.00237846
1 0.48556 0.591056 0.0640086 0.0818966 0.00230598
1 0.5 0.5 1 1 0.00219154
1 0.299677 0.416891 0.175216 0.170528 0.00216484
2 0.5 0.5 1 1 0.00215721
1 0.497198 0.5 0.994397 1 0.00209045
0 0.5 0.5 1 1 0.00209045
1 0.314547 0.451509 0.125431 0.168103 0.908691
1 0.581896 0.406115 0.0646552 0.185614 0.176147
1 0.561207 0.418103 0.0672414 0.211207 0.11438
1 0.594666 0.414332 0.106358 0.209052 0.0789185
1 0.146767 0.572198 0.0368535 0.0797414 0.0124283
2 0.311315 0.442349 0.111207 0.162716 0.00591278
1 0.171821 0.574353 0.0766164 0.0926724 0.00405502
1 0.294181 0.480738 0.13125 0.243265 0.00311089
2 0.146767 0.572198 0.0368535 0.0797414 0.00279045
0 0.594666 0.414332 0.106358 0.209052 0.00223351
0 0.311315 0.442349 0.111207 0.162716 0.00191212
0 0.581896 0.406115 0.0646552 0.185614 0.00188255
1 0.494612 0.425108 0.270259 0.270474 0.00186729
2 0.35819 0.837823 0.1125 0.324353 0.00174809
2 0.294181 0.480738 0.13125 0.243265 0.0017004
1 0.35819 0.837823 0.1125 0.324353 0.00163555
0 0.494612 0.677802 0.989224 0.644397 0.00135612
2 0.561207 0.418103 0.0672414 0.211207 0.00130463
1 0.7618 0.390625 0.452263 0.633621 0.00130463
1 0.494612 0.677802 0.989224 0.644397 0.00130463
2 0.494612 0.677802 0.989224 0.644397 0.00130463
1 0.553125 0.413793 0.118319 0.209052 0.00125504
1 0.488793 0.476293 0.230172 0.465517 0.00122547
0 0.445474 0.5 0.890948 1 0.00118828
0 0.561207 0.418103 0.0672414 0.211207 0.00117874
2 0.5 0.5 1 1 0.0011692
2 0.5 0.496767 1 0.993534 0.00116539
2 0.783836 0.76778 0.432328 0.46444 0.00116539
2 0.445474 0.5 0.890948 1 0.00116062
2 0.5 0.856681 1 0.286638 0.00116062
0 0.5 0.496767 1 0.993534 0.00115108
0 0.659698 0.275593 0.680603 0.551185 0.00111198
1 0.5 0.856681 1 0.286638 0.0011034
0 0.519262 0.328394 0.572683 0.656789 0.00109482
2 0.491379 0.5 0.982759 1 0.00109005
2 0.645474 0.809537 0.709052 0.380927 0.00108624
1 0.517565 0.385911 0.154526 0.445851 0.00108147
2 0.48847 0.313578 0.97694 0.627155 0.00108147
1 0.219504 0.762392 0.439009 0.475216 0.00107288
2 0.219828 0.681573 0.439655 0.636853 0.00106907
2 0.613631 0.25431 0.772737 0.508621 0.00106907
2 0.5 0.442349 1 0.884698 0.00105667
1 0.205603 0.588362 0.0627155 0.0732758 0.00105286
2 0.594666 0.414332 0.106358 0.209052 0.00104809
0 0.783836 0.76778 0.432328 0.46444 0.00104809
0 0.5 0.5 1 1 0.00104046
1 0.507543 0.502155 0.321983 0.537715 0.00103664
2 0.659698 0.275593 0.680603 0.551185 0.00103188
1 0.645474 0.809537 0.709052 0.380927 0.00103188
0 0.48847 0.313578 0.97694 0.627155 0.00102806
1 0.314871 0.447333 0.121552 0.180765 0.925293
1 0.589655 0.399919 0.0659483 0.167834 0.699219
1 0.139978 0.561422 0.0362069 0.0765086 0.223389
1 0.592888 0.432651 0.0814655 0.162716 0.0322876
2 0.309698 0.446121 0.117672 0.179957 0.0247498
1 0.404095 0.115841 0.0375 0.0818966 0.0230713
1 0.510129 0.608836 0.0420259 0.0560345 0.02211
1 0.135129 0.561422 0.0601293 0.103448 0.0199432
1 0.60194 0.411099 0.0892242 0.21875 0.0158386
1 0.358836 0.857759 0.099569 0.284483 0.0147858
1 0.174246 0.573276 0.0782327 0.0969828 0.013588
1 0.425754 0.124461 0.0627155 0.0786638 0.00919342
1 0.3375 0.853987 0.144828 0.292026 0.008255
1 0.486207 0.599138 0.0556035 0.0538793 0.00661469
1 0.366595 0.845905 0.126724 0.30819 0.00661469
2 0.135129 0.561422 0.0601293 0.103448 0.00479126
1 0.123491 0.569504 0.0601293 0.0851293 0.00309944
1 0.589655 0.467134 0.0801724 0.213362 0.00273705
1 0.233405 0.921336 0.0801724 0.133621 0.0027256
0 0.592888 0.432651 0.0814655 0.162716 0.002388
1 0.365302 0.0999461 0.086638 0.0991379 0.00234985
1 0.321336 0.402478 0.109914 0.201509 0.00225258
1 0.510129 0.454741 0.100862 0.0969828 0.00225258
1 0.52597 0.406385 0.127371 0.157058 0.00213242
1 0.628448 0.502155 0.0517241 0.107759 0.00209999
0 0.309698 0.446121 0.117672 0.179957 0.00187492
1 0.288362 0.877155 0.196552 0.24569 0.00182438
2 0.592888 0.432651 0.0814655 0.162716 0.00181007
2 0.140948 0.567888 0.0375 0.0851293 0.00173378
1 0.475539 0.564655 0.0446121 0.0797414 0.00138855
0 0.135129 0.561422 0.0601293 0.103448 0.00129414
1 0.334267 0.81681 0.219828 0.366379 0.00126457
2 0.510129 0.608836 0.0420259 0.0560345 0.00121593
1 0.572198 0.212284 0.171983 0.176724 0.00115108
0 0.140948 0.567888 0.0375 0.0851293 0.00115108
1 0.428664 0.148168 0.0672414 0.115302 0.0011425
1 0.207866 0.586207 0.0685345 0.0775862 0.0011425
2 0.549569 0.800647 0.439655 0.398707 0.00112438
1 0.293858 0.828125 0.248922 0.34375 0.00112057
1 0.551509 0.417565 0.1125 0.170259 0.0011034
2 0.233405 0.921336 0.0801724 0.133621 0.00109863
1 0.166164 0.684267 0.332328 0.631466 0.00107765
2 0.404095 0.115841 0.0375 0.0818966 0.00105667
1 0.0130523 0.682112 0.0261045 0.635776 0.00103664
0 0.404095 0.115841 0.0375 0.0818966 0.00103188
1 0.312931 0.452586 0.135129 0.177802 0.942383
1 0.590302 0.40194 0.0659483 0.193965 0.690918
1 0.140948 0.56681 0.0391164 0.0862069 0.386719
1 0.502371 0.606681 0.0465518 0.0452586 0.151978
1 0.166487 0.570043 0.0779095 0.101293 0.0758667
1 0.396983 0.127155 0.0349138 0.0635776 0.0665894
1 0.484914 0.59375 0.0620689 0.0538793 0.0417786
1 0.35625 0.84806 0.0814655 0.303879 0.0403748
1 0.131412 0.568966 0.0436422 0.0668103 0.0231476
1 0.602586 0.446121 0.0853448 0.179957 0.016922
1 0.340086 0.822198 0.113793 0.336207 0.0133286
1 0.629095 0.51347 0.0387931 0.0711207 0.0132217
2 0.223869 0.935614 0.0539871 0.0684268 0.0100555
1 0.923276 0.455819 0.0362069 0.0603448 0.00898743
1 0.423491 0.132543 0.0581896 0.0716595 0.0085144
1 0.923276 0.727909 0.0387931 0.0657327 0.00831604
1 0.720259 0.874461 0.0439655 0.0657328 0.00800323
1 0.318103 0.806573 0.143534 0.326509 0.00674438
1 0.00331358 0.859644 0.00662716 0.280711 0.00666809
2 0.502371 0.606681 0.0465518 0.0452586 0.0055542
1 0.204957 0.581897 0.0730603 0.0883621 0.00527954
2 0.720259 0.874461 0.0439655 0.0657328 0.00498199
1 0.472306 0.46444 0.0368534 0.075431 0.00429916
1 0.578017 0.449353 0.0659482 0.283405 0.00403976
2 0.923276 0.455819 0.0362069 0.0603448 0.00397491
0 0.396983 0.127155 0.0349138 0.0635776 0.00383949
1 0.603718 0.431573 0.0727371 0.248922 0.00314713
2 0.484914 0.59375 0.0620689 0.0538793 0.00312424
2 0.396983 0.127155 0.0349138 0.0635776 0.00287819
2 0.131412 0.568966 0.0436422 0.0668103 0.00268364
1 0.967241 0.545259 0.0362069 0.0592672 0.00265312
1 0.223869 0.935614 0.0539871 0.0684268 0.00263214
1 0.00775862 0.754849 0.0155172 0.490302 0.00243378
1 0.000484914 0.75431 0.000969828 0.491379 0.002388
2 0.308728 0.449892 0.139655 0.182112 0.00223351
1 0.60194 0.410022 0.0879311 0.203664 0.00206757
1 0.368211 0.827586 0.0859914 0.340517 0.00201988
2 0.142726 0.568966 0.0391164 0.0883621 0.0019722
0 0.142726 0.568966 0.0391164 0.0883621 0.00195694
0 0.923276 0.727909 0.0387931 0.0657327 0.00195694
0 0.00331358 0.859644 0.00662716 0.280711 0.00191879
0 0.358836 0.852371 0.0866379 0.295259 0.00191212
1 0 0.570582 0 0.349138 0.00188255
2 0.587716 0.414871 0.0788793 0.217672 0.00177479
1 0.547629 0.588901 0.0646552 0.0668104 0.00174141
0 0.923276 0.455819 0.0362069 0.0603448 0.00170708
1 0.75555 0.09375 0.488901 0.1875 0.0016613
0 0.502371 0.606681 0.0465518 0.0452586 0.00165462
1 0.492672 0.415948 0.100862 0.170259 0.00157356
2 0.254095 0.943965 0.0717672 0.0711207 0.00156689
1 0.313658 0.455819 0.133028 0.176724 0.85498
1 0.589655 0.407866 0.0698276 0.184267 0.488281
1 0.137716 0.56681 0.0446121 0.0711207 0.0977173
1 0.397306 0.12931 0.0355603 0.0668104 0.0797729
2 0.128179 0.567888 0.0459052 0.075431 0.0574951
1 0.128179 0.567888 0.0459052 0.075431 0.0267639
2 0.137716 0.56681 0.0446121 0.0711207 0.0207977
1 0.507543 0.608836 0.0375 0.0484914 0.0134277
1 0.480388 0.588362 0.0413793 0.0549569 0.00666809
2 0.397306 0.12931 0.0355603 0.0668104 0.00591278
0 0.137716 0.56681 0.0446121 0.0711207 0.00521851
1 0.603879 0.459052 0.0866379 0.12931 0.00498199
2 0.308728 0.470905 0.130603 0.159483 0.00331116
0 0.397306 0.12931 0.0355603 0.0668104 0.00309944
2 0.97306 0.546336 0.0310345 0.0635776 0.0030632
1 0.353664 0.862069 0.0762931 0.275862 0.00302696
2 0.923922 0.729526 0.0349138 0.0646552 0.00251198
2 0.211422 0.752155 0.422845 0.49569 0.00228691
0 0.128179 0.567888 0.0459052 0.075431 0.00216484
1 0.164386 0.573276 0.0753233 0.0862069 0.00214958
1 0.567026 0.41972 0.0918103 0.186422 0.00210762
1 0.923922 0.729526 0.0349138 0.0646552 0.00203514
2 0.507543 0.608836 0.0375 0.0484914 0.00198746
2 0.165841 0.754849 0.331681 0.490302 0.00197983
1 0.398276 0.142241 0.0323276 0.106681 0.00176811
1 0.314871 0.840517 0.163578 0.318966 0.00163555
1 0.601455 0.413254 0.0927802 0.202586 0.00158501
2 0.480388 0.588362 0.0413793 0.0549569 0.00138855
1 0.306466 0.192888 0.031681 0.0474138 0.00126457
0 0.312608 0.456358 0.129957 0.182112 0.00126457
1 0.415086 0.13389 0.0530172 0.0748922 0.0012598
2 0.729957 0.876078 0.0362069 0.0689655 0.00120163
1 0.341703 0.855603 0.107328 0.288793 0.00112057
2 0.306466 0.192888 0.031681 0.0474138 0.0011158
1 0.631034 0.510776 0.0465517 0.0797414 0.00104809
1 0.442888 0.574353 0.0323276 0.0700431 0.00104809
0 0.211422 0.752155 0.422845 0.49569 0.00104046
2 0.218696 0.939655 0.0507543 0.0775862 0.00100803
1 0.307759 0.453664 0.129957 0.181034 0.84082
1 0.585129 0.405038 0.062069 0.183459 0.494141
1 0.135937 0.560345 0.0303879 0.0668103 0.0656128
1 0.512716 0.606142 0.0265086 0.0344828 0.0263519
2 0.135937 0.560345 0.0303879 0.0668103 0.0229797
2 0.125431 0.566272 0.0413793 0.0528017 0.0224152
1 0.125431 0.566272 0.0413793 0.0528017 0.0114212
2 0.512716 0.606142 0.0265086 0.0344828 0.008255
2 0.218858 0.308728 0.437716 0.617457 0.00763702
1 0.6 0.406115 0.0931035 0.207166 0.00624084
2 0.210129 0.173087 0.420259 0.346175 0.00568771
2 0.311557 0.45097 0.135937 0.176724 0.00500107
1 0.400216 0.123922 0.0258621 0.0463362 0.00443268
1 0.122683 0.561422 0.0546336 0.075431 0.00385475
1 0.488793 0.593211 0.0497845 0.0528017 0.00337601
0 0.236476 0.794181 0.399892 0.411638 0.0030632
2 0.122683 0.561422 0.0546336 0.075431 0.00305176
2 0.589655 0.405172 0.0724138 0.186422 0.00293541
2 0.203179 0.40194 0.406358 0.803879 0.00245285
2 0.488793 0.593211 0.0497845 0.0528017 0.00226974
0 0.5882 0.405038 0.0675646 0.185614 0.00196457
2 0.199461 0.320582 0.398922 0.641164 0.00190449
1 0.361422 0.846983 0.0892242 0.306035 0.00183868
0 0.216918 0.259159 0.433836 0.518319 0.00181007
1 0.457759 0.416487 0.218534 0.220905 0.00172043
0 0.400216 0.123922 0.0258621 0.0463362 0.00171375
0 0.135937 0.560345 0.0303879 0.0668103 0.00171375
2 0.400216 0.123922 0.0258621 0.0463362 0.00167465
2 0.190571 0.256466 0.381142 0.512931 0.00162888
1 0.226293 0.587823 0.0252155 0.0625 0.00151253
1 0.461315 0.424569 0.140302 0.168103 0.00143814
1 0.374677 0.557112 0.163578 0.114224 0.00130463
2 0.161476 0.161369 0.322953 0.322737 0.00122547
0 0.203017 0.342134 0.406034 0.684267 0.00116539
0 0.311557 0.45097 0.135937 0.176724 0.00116062
2 0.236476 0.794181 0.399892 0.411638 0.00113392
1 0.512716 0.304957 0.287069 0.41056 0.00106049
0 0.357543 0.844828 0.0931034 0.310345 0.00105286
1 0.312931 0.453125 0.12931 0.171336 0.850098
1 0.587716 0.408944 0.0685345 0.173491 0.640625
1 0.590948 0.419046 0.0943965 0.205011 0.0682983
1 0.137231 0.566272 0.0449353 0.0689655 0.0262604
1 0.142726 0.564116 0.0242457 0.0732759 0.0225372
1 0.37306 0.865841 0.0698276 0.268319 0.0190582
0 0.400216 0.128233 0.0323276 0.0818966 0.0157166
1 0.361422 0.862069 0.0788793 0.275862 0.0117798
2 0.675 0.686422 0.62069 0.627155 0.00731659
1 0.512069 0.601293 0.0284483 0.0463362 0.00666809
0 0.142726 0.564116 0.0242457 0.0732759 0.00624084
2 0.137231 0.566272 0.0449353 0.0689655 0.00605011
1 0.48556 0.584052 0.0607759 0.075431 0.0042305
1 0.3375 0.842134 0.128017 0.315733 0.00335121
0 0.675 0.686422 0.62069 0.627155 0.0030632
1 0.923922 0.730603 0.0426724 0.0775863 0.00279999
1 0.376616 0.84375 0.0439655 0.181034 0.00261116
1 0.602425 0.445582 0.0882543 0.134698 0.00230598
0 0.312608 0.454741 0.123491 0.176724 0.00211525
2 0.00796067 0.265625 0.0159213 0.53125 0.0020504
1 0.400216 0.128233 0.0323276 0.0818966 0.00198746
2 0.691379 0.811422 0.617241 0.377155 0.00198746
1 0.576724 0.406789 0.0956896 0.186422 0.0018034
1 0.389224 0.843211 0.111207 0.313578 0.0017004
0 0.396659 0.143858 0.0381466 0.108836 0.00156116
2 0.142726 0.564116 0.0242457 0.0732759 0.00153637
1 0.675 0.686422 0.62069 0.627155 0.00153065
2 0.767672 0.261315 0.464655 0.522629 0.00150681
1 0.121228 0.565733 0.0627155 0.0862069 0.00148964
2 0.400216 0.128233 0.0323276 0.0818966 0.00139904
2 0.136746 0.254849 0.273491 0.509698 0.00126457
2 0.923922 0.730603 0.0426724 0.0775863 0.00126457
0 0.137231 0.566272 0.0449353 0.0689655 0.00117874
2 0.639925 0.749461 0.535668 0.501078 0.00113773
1 0.179418 0.576509 0.075 0.0905172 0.00109005
0 0.584321 0.404634 0.0675646 0.176724 0.00108147
0 0.376616 0.84375 0.0439655 0.181034 0.00105286
1 0.313901 0.449353 0.128017 0.181034 0.910645
1 0.5882 0.411638 0.0727371 0.193965 0.795898
1 0.128341 0.568966 0.0407328 0.0668103 0.0859985
1 0.600162 0.417565 0.0927802 0.216595 0.0518494
1 0.514009 0.606681 0.0284482 0.0452586 0.0368958
1 0.139655 0.564655 0.0271552 0.0732759 0.0354004
2 0.139655 0.564655 0.0271552 0.0732759 0.0313721
1 0.484914 0.592672 0.0588362 0.0581896 0.0233307
1 0.925862 0.730603 0.0375 0.0689655 0.0134277
2 0.128341 0.568966 0.0407328 0.0668103 0.0123367
2 0.514009 0.606681 0.0284482 0.0452586 0.00737381
2 0.396013 0.123384 0.0336207 0.0732759 0.00634003
2 0.310991 0.457974 0.126724 0.189655 0.00582123
1 0.361422 0.85722 0.0846983 0.28556 0.00542831
2 0.484914 0.592672 0.0588362 0.0581896 0.00421524
0 0.139655 0.564655 0.0271552 0.0732759 0.00403976
1 0.396013 0.123384 0.0336207 0.0732759 0.00376511
0 0.589009 0.420797 0.0853448 0.235991 0.00240517
2 0.925862 0.730603 0.0375 0.0689655 0.00183105
2 0.124784 0.566272 0.0520474 0.080819 0.00172043
0 0.396013 0.123384 0.0336207 0.0732759 0.00157928
0 0.128341 0.568966 0.0407328 0.0668103 0.00156116
0 0.514009 0.606681 0.0284482 0.0452586 0.00153637
2 0.591595 0.411503 0.0788793 0.2007 0.00138855
1 0.124784 0.566272 0.0520474 0.080819 0.00129414
1 0.576078 0.410022 0.0905172 0.212284 0.00118351
0 0.585776 0.407328 0.0711207 0.196121 0.00105286
1 0.437716 0.568966 0.0465518 0.0894397 0.00104046
0 0.484914 0.592672 0.0588362 0.0581896 0.00103188
1 0.313254 0.453798 0.126078 0.189386 0.863281
1 0.587231 0.412177 0.0669181 0.1875 0.6875
2 0.128825 0.56681 0.0365302 0.0603448 0.0991211
1 0.134483 0.564655 0.0375 0.0743535 0.0750122
2 0.315517 0.455819 0.120259 0.181034 0.0353394
1 0.515302 0.603987 0.0271552 0.0452586 0.0325928
2 0.134483 0.564655 0.0375 0.0743535 0.0305634
1 0.128825 0.56681 0.0365302 0.0603448 0.0183716
1 0.364009 0.867457 0.0775862 0.265086 0.0177765
2 0.515302 0.603987 0.0271552 0.0452586 0.0141144
1 0.600647 0.429822 0.0905172 0.189925 0.0134277
0 0.365302 0.863685 0.087931 0.272629 0.008255
2 0.365302 0.863685 0.087931 0.272629 0.0078125
0 0.134483 0.564655 0.0375 0.0743535 0.00677109
1 0.125754 0.563578 0.0543103 0.080819 0.00669098
2 0.125754 0.563578 0.0543103 0.080819 0.00530243
1 0.484591 0.590517 0.0581896 0.0560345 0.00340271
0 0.128825 0.56681 0.0365302 0.0603448 0.00321007
0 0.365302 0.870151 0.0678879 0.212284 0.0029583
0 0.515302 0.603987 0.0271552 0.0452586 0.00265312
2 0.484591 0.590517 0.0581896 0.0560345 0.00230598
0 0.125754 0.563578 0.0543103 0.080819 0.00206757
0 0.395043 0.124461 0.0362069 0.0695043 0.00200272
0 0.589817 0.420259 0.0850215 0.203664 0.00191879
2 0.365302 0.870151 0.0678879 0.212284 0.00182438
1 0.594828 0.421336 0.0840517 0.256465 0.00157356
1 0.618103 0.50431 0.0672414 0.0948276 0.00153637
2 0.395043 0.124461 0.0362069 0.0695043 0.0014782
1 0.311961 0.452586 0.125431 0.178879 0.875977
1 0.585776 0.403556 0.0633621 0.175647 0.662109
1 0.517888 0.601293 0.0206896 0.0409483 0.035553
1 0.142565 0.563578 0.0248922 0.0711207 0.0171051
1 0.126886 0.565733 0.0378233 0.0517242 0.0109863
2 0.126886 0.565733 0.0378233 0.0517242 0.00912476
2 0.398922 0.115302 0.0284483 0.0560345 0.00643921
2 0.142565 0.563578 0.0248922 0.0711207 0.00484848
2 0.358836 0.871767 0.0737069 0.247845 0.00479126
2 0.517888 0.601293 0.0206896 0.0409483 0.00450516
1 0.6 0.428745 0.0918104 0.19208 0.00446701
0 0.398922 0.115302 0.0284483 0.0560345 0.00338936
2 0.314224 0.452586 0.120259 0.181034 0.00251198
0 0.126886 0.565733 0.0378233 0.0517242 0.00240517
0 0.5882 0.407866 0.0675646 0.170259 0.00234985
2 0.587231 0.407866 0.0669181 0.179957 0.00232315
1 0.361422 0.867457 0.075 0.262931 0.00231361
1 0.398922 0.115302 0.0284483 0.0560345 0.0020504
1 0.484591 0.592672 0.0568965 0.0538793 0.00198746
0 0.142565 0.563578 0.0248922 0.0711207 0.00157356
0 0.314224 0.452586 0.120259 0.181034 0.00131512
0 0.361422 0.867457 0.075 0.262931 0.0012846
1 0.317134 0.435479 0.120905 0.165679 0.904785
1 0.585614 0.404095 0.0623922 0.181034 0.658203
1 0.592888 0.421336 0.0724138 0.213362 0.10376
1 0.141756 0.567888 0.028125 0.0786638 0.0812378
1 0.398922 0.118265 0.0323276 0.0630388 0.0745239
1 0.518534 0.604526 0.0245689 0.049569 0.0589905
1 0.128502 0.564655 0.0320043 0.0711207 0.0240936
1 0.364009 0.868534 0.0724138 0.256466 0.0228882
1 0.484914 0.586207 0.0504311 0.0689655 0.00271416
1 0.353664 0.835129 0.087931 0.256466 0.0024147
1 0.123653 0.567349 0.0494612 0.0840517 0.00237846
1 0.730603 0.875 0.0362069 0.0646552 0.00218201
1 0.332328 0.87069 0.0607759 0.181034 0.00214958
2 0.317134 0.435479 0.120905 0.165679 0.00162315
1 0.927802 0.725215 0.0349138 0.0851293 0.0015974
1 0.472629 0.122306 0.0375 0.0581897 0.00132465
1 0.318427 0.431169 0.113793 0.228179 0.00114727
2 0.128502 0.564655 0.0320043 0.0711207 0.00106525
0 0.364009 0.868534 0.0724138 0.256466 0.00102043
1 0.371444 0.846983 0.0892241 0.301724 0.00101662
1 0.31875 0.451509 0.134483 0.176724 0.858887
1 0.589009 0.412716 0.0685345 0.182112 0.82666
1 0.595959 0.417161 0.0882543 0.202317 0.279785
1 0.361422 0.871228 0.0892242 0.257543 0.0224609
1 0.513685 0.612069 0.0284483 0.0603448 0.00985718
2 0.13125 0.568966 0.0349138 0.0775862 0.00441742
0 0.595959 0.417161 0.0882543 0.202317 0.00382423
1 0.13125 0.568966 0.0349138 0.0775862 0.00362206
0 0.13125 0.568966 0.0349138 0.0775862 0.00252151
1 0.137716 0.56681 0.0329741 0.0818965 0.00219917
0 0.319073 0.454203 0.121552 0.161638 0.00181007
2 0.319073 0.454203 0.121552 0.161638 0.00177479
2 0.513685 0.612069 0.0284483 0.0603448 0.0017004
1 0.619397 0.475216 0.0711207 0.153017 0.00157928
0 0.586907 0.41056 0.0649785 0.190733 0.00134087
0 0.364009 0.86153 0.0931034 0.27694 0.00117397
1 0.4875 0.599138 0.0581896 0.0625 0.00106525
1 0.311719 0.444504 0.130442 0.192888 0.803223
1 0.587716 0.410022 0.0659483 0.178879 0.733887
1 0.587716 0.421201 0.0840517 0.207166 0.113159
1 0.137554 0.568966 0.0320043 0.0818966 0.0167236
1 0.514655 0.606681 0.0271552 0.0538793 0.00978088
2 0.514655 0.606681 0.0271552 0.0538793 0.00898743
2 0.134483 0.560345 0.0400862 0.0581897 0.00746155
2 0.488793 0.595905 0.0568966 0.0603449 0.00498199
1 0.134483 0.560345 0.0400862 0.0581897 0.00436401
0 0.134483 0.560345 0.0400862 0.0581897 0.0042305
1 0.602425 0.427667 0.0882543 0.205011 0.00291252
1 0.488793 0.595905 0.0568966 0.0603449 0.00269318
2 0.139655 0.565733 0.031681 0.0797414 0.00188255
2 0.587716 0.421201 0.0840517 0.207166 0.00176144
1 0.124138 0.566272 0.0523707 0.0851293 0.00150681
2 0.311961 0.452586 0.126724 0.186422 0.00141621
0 0.589009 0.411638 0.0698276 0.182112 0.00140476
1 0.312284 0.452586 0.124138 0.176724 0.864258
1 0.584483 0.406789 0.0594828 0.175647 0.647949
1 0.589494 0.417026 0.0830819 0.210129 0.0607605
0 0.588524 0.407328 0.0643319 0.182112 0.00769424
2 0.138524 0.564655 0.0332974 0.0775862 0.00432968
2 0.12931 0.563578 0.0381466 0.0668103 0.00388527
2 0.313578 0.45528 0.125431 0.177802 0.00379562
1 0.616164 0.467672 0.0646552 0.12931 0.00370789
2 0.588524 0.407328 0.0643319 0.182112 0.00341606
0 0.313578 0.45528 0.125431 0.177802 0.0024147
2 0.60792 0.797414 0.449677 0.405172 0.00219917
2 0.518534 0.602371 0.0258621 0.0506465 0.00178242
2 0.122845 0.563578 0.0546336 0.0829741 0.00140476
0 0.12931 0.563578 0.0381466 0.0668103 0.00104809
1 0.310911 0.450566 0.129472 0.17861 0.830078
1 0.586422 0.405038 0.0659483 0.172683 0.663574
1 0.515625 0.603448 0.0297414 0.0495689 0.00723267
2 0.594181 0.793642 0.422845 0.412716 0.00609589
2 0.515625 0.603448 0.0297414 0.0495689 0.00418091
0 0.589009 0.407866 0.0672414 0.175647 0.00391388
2 0.134968 0.572198 0.0404095 0.0495689 0.00274658
2 0.137069 0.565733 0.0355603 0.0786638 0.0024929
1 0.136422 0.568966 0.0349138 0.0840517 0.00192642
1 0.594181 0.793642 0.422845 0.412716 0.00174809
0 0.594181 0.793642 0.422845 0.412716 0.00168705
2 0.315517 0.448276 0.13319 0.177802 0.0014267
1 0.310668 0.449892 0.128664 0.1875 0.85791
1 0.588524 0.408944 0.0695043 0.185345 0.658203
1 0.518534 0.606681 0.0271552 0.0495689 0.00695801
2 0.518534 0.606681 0.0271552 0.0495689 0.00631332
1 0.1382 0.570043 0.0320043 0.0818965 0.00568771
2 0.131573 0.570043 0.0394397 0.0657328 0.00292397
1 0.603718 0.422548 0.0856681 0.202317 0.00259018
2 0.140948 0.56681 0.031681 0.0775862 0.00254059
2 0.312931 0.451509 0.124784 0.179957 0.00224304
0 0.59208 0.410022 0.0727371 0.188578 0.00193405
0 0.1382 0.570043 0.0320043 0.0818965 0.00188255
2 0.606466 0.797414 0.446121 0.405172 0.00159168
1 0.589655 0.398707 0.0814655 0.239224 0.0014267
2 0.590787 0.40827 0.0779095 0.213631 0.00127888
0 0.518534 0.606681 0.0271552 0.0495689 0.00117874
1 0.310991 0.452047 0.127371 0.184267 0.861328
1 0.587069 0.400323 0.0685345 0.192888 0.662109
0 0.588362 0.405711 0.0672414 0.190733 0.00834656
2 0.588362 0.405711 0.0672414 0.190733 0.00143814
1 0.601293 0.418642 0.0892242 0.213362 0.00134563
2 0.311072 0.446121 0.127856 0.1875 0.00127411
1 0.312608 0.454741 0.125431 0.178879 0.82666
1 0.588524 0.406789 0.0617457 0.174569 0.609375
1 0.605172 0.443966 0.0827586 0.150862 0.0011158
0 0.588524 0.406789 0.0617457 0.174569 0.00108624
1 0.312931 0.452047 0.125431 0.184267 0.854004
1 0.587069 0.407462 0.0646552 0.176455 0.732422
0 0.589009 0.407328 0.0672414 0.176724 0.00146103
1 0.515302 0.604526 0.0271552 0.0452586 0.00143814
1 0.602586 0.435479 0.0879311 0.176455 0.00130463
2 0.515302 0.604526 0.0271552 0.0452586 0.00126457
1 0.592241 0.398842 0.0827586 0.238955 0.00122547
2 0.316164 0.447737 0.122845 0.173491 0.00101662
1 0.312284 0.451509 0.125431 0.176724 0.824219
1 0.585776 0.406789 0.0633621 0.175647 0.692871
1 0.515302 0.604526 0.0278017 0.049569 0.00161076
2 0.515302 0.604526 0.0278017 0.049569 0.00140476
0 0.587069 0.406789 0.0672414 0.178879 0.00133514
1 0.592403 0.396013 0.0824353 0.233836 0.00109005
1 0.60194 0.433055 0.0879311 0.179149 0.00102043
1 0.312284 0.451509 0.125431 0.176724 0.824219
1 0.585776 0.406789 0.0633621 0.175647 0.694336
1 0.515302 0.604526 0.0278017 0.049569 0.00161076
2 0.515302 0.604526 0.0278017 0.049569 0.00140476
0 0.587069 0.406789 0.0672414 0.178879 0.00133038
1 0.592403 0.396686 0.0824353 0.234644 0.00108624
1 0.60194 0.433055 0.0879311 0.179149 0.00100803
