2 0.19585 0.837636 0.352726 0.324728 0.902344
0 0.201859 0.838995 0.331614 0.322011 0.237183
2 0.708699 0.86481 0.231253 0.27038 0.218628
2 0.890402 0.902514 0.219196 0.194973 0.154541
2 0.832771 0.902174 0.142909 0.195652 0.0651245
2 0.521294 0.452446 0.165645 0.154891 0.0544128
2 0.80224 0.908967 0.127319 0.182065 0.0531921
0 0.890402 0.902514 0.219196 0.194973 0.0454407
2 0.562542 0.868886 0.517071 0.262228 0.0446777
2 0.543055 0.461617 0.155901 0.137908 0.0309143
2 0.0647151 0.628906 0.105071 0.0954484 0.0262604
2 0.476147 0.839674 0.339084 0.320652 0.0254669
2 0.530713 0.4375 0.18838 0.225544 0.0230255
2 0.792496 0.874321 0.324793 0.251359 0.0224609
0 0.711298 0.872283 0.239048 0.255435 0.0219421
2 0.889934 0.875679 0.218261 0.248641 0.0218658
2 0.256506 0.844429 0.253501 0.308424 0.0212097
2 0.500832 0.432745 0.139012 0.201087 0.0207977
2 0.346555 0.845788 0.190979 0.298913 0.0202484
2 0.740529 0.875 0.20527 0.25 0.0175781
0 0.248305 0.83288 0.440095 0.334239 0.0149002
2 0.890402 0.884171 0.219196 0.231658 0.0139542
2 0.672323 0.869565 0.185782 0.252717 0.0137405
2 0.772359 0.901155 0.1572 0.19769 0.0132217
2 0.545978 0.83356 0.465754 0.322011 0.0120544
2 0.399496 0.831522 0.177987 0.309783 0.0110703
2 0.123097 0.264266 0.246193 0.346467 0.0107346
2 0.179124 0.80163 0.301733 0.230978 0.00905609
1 0.202996 0.836957 0.339734 0.326087 0.00806427
0 0.0647151 0.628906 0.105071 0.0954484 0.00800323
0 0.530713 0.4375 0.18838 0.225544 0.00717545
0 0.523567 0.450068 0.167593 0.151495 0.00674438
0 0.890402 0.884171 0.219196 0.231658 0.00664139
0 0.561893 0.847826 0.520969 0.304348 0.00605011
2 0.282489 0.856658 0.215825 0.267663 0.00564194
2 0.36182 0.849185 0.174089 0.23913 0.00538635
2 0.127319 0.274117 0.254638 0.548234 0.00538635
0 0.80224 0.908967 0.127319 0.182065 0.00527954
0 0.476147 0.839674 0.339084 0.320652 0.00500107
2 0.329341 0.382473 0.658681 0.72962 0.00455475
0 0.792496 0.874321 0.324793 0.251359 0.00446701
0 0.500832 0.432745 0.139012 0.201087 0.00432968
2 0.89235 0.914402 0.215299 0.171196 0.00429916
2 0.210953 0.797554 0.405667 0.404891 0.00421524
0 0.123097 0.264266 0.246193 0.346467 0.00408554
2 0.888453 0.835258 0.223094 0.329484 0.00382423
0 0.832771 0.902174 0.142909 0.195652 0.00379562
2 0.506028 0.433084 0.262433 0.277853 0.00370789
2 0.194714 0.755095 0.389427 0.48981 0.0036068
0 0.543055 0.461617 0.155901 0.137908 0.00356483
2 0.180098 0.829484 0.360196 0.275815 0.34082
2 0.552149 0.848166 0.569038 0.303668 0.174927
2 0.863951 0.908288 0.166294 0.183424 0.0409851
1 0.0690186 0.632473 0.0760017 0.076087 0.0272675
2 0.515123 0.462636 0.0773008 0.0944293 0.0254669
2 0.28525 0.567255 0.0738905 0.0516304 0.0214539
2 0.29946 0.564538 0.0584628 0.0502717 0.0209656
2 0.188705 0.821332 0.28257 0.254076 0.0182648
2 0.889752 0.890285 0.220496 0.219429 0.0175781
2 0.804189 0.917799 0.0623604 0.164402 0.0164642
2 0.824976 0.914402 0.101336 0.171196 0.0156708
2 0.201372 0.599015 0.040924 0.0329484 0.0155411
2 0.541431 0.461617 0.0662578 0.0686141 0.0154266
1 0.565466 0.839674 0.547602 0.320652 0.0134277
2 0.481994 0.455503 0.0649587 0.0923913 0.0131226
1 0.554098 0.17663 0.0558644 0.0373641 0.0121918
2 0.212415 0.597826 0.0493686 0.0380435 0.012146
2 0.0686126 0.633832 0.0784376 0.0801631 0.0119629
2 0.748324 0.899457 0.131217 0.190217 0.0107346
2 0.203158 0.751529 0.381632 0.420856 0.0105667
2 0.554098 0.17663 0.0558644 0.0373641 0.0105286
2 0.216962 0.585258 0.0454711 0.0495924 0.0104904
0 0.207056 0.824728 0.361495 0.263587 0.00772476
2 0.715845 0.86413 0.194876 0.255435 0.0064888
1 0.199748 0.816576 0.372213 0.296196 0.00619125
1 0.201372 0.599015 0.040924 0.0329484 0.00598145
2 0.48784 0.467052 0.0591124 0.0985054 0.0050621
2 0.475173 0.414402 0.0721042 0.150815 0.00424957
2 0.757419 0.91712 0.132516 0.146739 0.00421524
2 0.365718 0.108016 0.0506678 0.0618207 0.00419998
2 0.53526 0.174423 0.0428727 0.0346467 0.0041008
2 0.382607 0.105978 0.0500182 0.0550272 0.00400543
1 0.212415 0.597826 0.0493686 0.0380435 0.00370789
1 0.279647 0.587636 0.202022 0.133152 0.00369263
2 0.255288 0.329484 0.0461207 0.0543478 0.00356483
0 0.0686126 0.633832 0.0784376 0.0801631 0.00353813
2 0.247005 0.811141 0.494011 0.255435 0.00353813
2 0.304656 0.119565 0.0441719 0.0570652 0.00335121
2 0.193577 0.816916 0.358572 0.366168 0.00321007
1 0.513174 0.453465 0.116276 0.14606 0.00314713
2 0.266006 0.829484 0.20397 0.26087 0.003088
2 0.0570825 0.633832 0.114165 0.13587 0.0028553
2 0.599569 0.859375 0.505379 0.28125 0.00276756
1 0.28525 0.567255 0.0738905 0.0516304 0.00273705
1 0.0570825 0.633832 0.114165 0.13587 0.00266266
2 0.381957 0.116168 0.0480695 0.060462 0.00261116
1 0.53526 0.174423 0.0428727 0.0346467 0.00259018
1 0.29946 0.564538 0.0584628 0.0502717 0.00257111
2 0.147943 0.789402 0.225082 0.184783 0.00254059
2 0.36117 0.113111 0.0636595 0.0638587 0.0024929
2 0.866549 0.908967 0.158499 0.179348 0.162964
1 0.552149 0.171196 0.0636596 0.0529891 0.155029
2 0.181397 0.838315 0.32252 0.302989 0.111633
1 0.19715 0.834919 0.352076 0.289402 0.0685425
1 0.538508 0.609375 0.0701554 0.0883152 0.0413208
1 0.535909 0.172385 0.059762 0.0506114 0.0384521
0 0.193577 0.831522 0.336486 0.279891 0.0380249
1 0.070805 0.626359 0.0704802 0.076087 0.0346069
1 0.577483 0.170856 0.0844463 0.0577446 0.0301056
2 0.0283382 0.758152 0.051967 0.127717 0.0198669
0 0.262108 0.564538 0.0987372 0.0638587 0.0195007
2 0.893832 0.169158 0.168893 0.128397 0.0177765
1 0.557021 0.167459 0.0889934 0.0686141 0.0175781
2 0.262108 0.564538 0.0987372 0.0638587 0.0168457
2 0.0680442 0.627717 0.0737281 0.0774457 0.0106506
1 0.259185 0.574049 0.102635 0.0570652 0.00963593
1 0.469002 0.167459 0.0675571 0.0577446 0.00941467
2 0.892533 0.899457 0.210466 0.201087 0.00930023
1 0.186919 0.745245 0.299135 0.103261 0.00871277
1 0.262108 0.564538 0.0987372 0.0638587 0.00841522
2 0.259185 0.574049 0.102635 0.0570652 0.00818634
1 0.193902 0.595109 0.0370265 0.0421196 0.00809479
2 0.0244407 0.947011 0.0459583 0.0625 0.00746155
0 0.259185 0.574049 0.102635 0.0570652 0.00731659
1 0.595184 0.152514 0.0750273 0.0557065 0.00679779
2 0.641142 0.0565557 0.0636596 0.0543478 0.00656509
1 0.641142 0.0565557 0.0636596 0.0543478 0.00653839
1 0.238074 0.580842 0.0837967 0.0665761 0.00566483
2 0.871096 0.877717 0.164995 0.152174 0.00551224
2 0.0784376 0.625679 0.0656083 0.0665761 0.00542831
0 0.482643 0.440217 0.0643091 0.0944294 0.00484848
2 0.105071 0.8125 0.204295 0.252717 0.00460815
2 0.186919 0.745245 0.299135 0.103261 0.00450516
2 0.776906 0.907609 0.114327 0.182065 0.00443268
1 0.640493 0.168988 0.0467703 0.0465353 0.0041008
2 0.0565141 0.622452 0.0841215 0.0974864 0.00382423
2 0.347529 0.60462 0.0526166 0.0326087 0.00382423
1 0.672323 0.176291 0.0584628 0.0427989 0.00370789
0 0.893832 0.169158 0.168893 0.128397 0.00366402
1 0.567414 0.162024 0.0993868 0.0716712 0.00332451
0 0.398846 0.155231 0.0467703 0.0774457 0.00329781
0 0.47225 0.380774 0.0695058 0.122283 0.00322342
2 0.557021 0.167459 0.0889934 0.0686141 0.00322342
1 0.4323 0.163213 0.0474199 0.0686141 0.00314713
0 0.537858 0.608696 0.070805 0.0855978 0.00312424
0 0.507327 0.463995 0.0922413 0.120924 0.00309944
0 0.4323 0.163213 0.0474199 0.0686141 0.0030632
2 0.0243595 0.932745 0.0428727 0.076087 0.00301552
0 0.0680442 0.627717 0.0737281 0.0774457 0.00300407
2 0.757419 0.922554 0.128618 0.122283 0.00288963
2 0.197637 0.831522 0.351102 0.285326 0.59082
1 0.548251 0.174932 0.0532662 0.0461957 0.286865
1 0.0678818 0.631793 0.0737281 0.0964674 0.189575
2 0.624253 0.273438 0.118225 0.0808424 0.150513
2 0.589175 0.465014 0.0636595 0.0672554 0.146118
2 0.26763 0.57303 0.0792496 0.0482337 0.144165
0 0.262433 0.132473 0.0558645 0.124321 0.122498
2 0.253258 0.335258 0.0469326 0.0835598 0.115173
2 0.60168 0.269786 0.0776256 0.071841 0.107788
2 0.247168 0.33322 0.051967 0.095788 0.102295
2 0.29816 0.567255 0.0493686 0.0421196 0.0923462
2 0.658032 0.276579 0.187081 0.0949389 0.0809326
2 0.595671 0.288723 0.0948397 0.106658 0.0726318
1 0.839266 0.737772 0.0441719 0.0407609 0.0623169
2 0.473549 0.415761 0.06301 0.11413 0.0616455
1 0.592586 0.171196 0.080224 0.0550272 0.0600891
2 0.570987 0.456861 0.0870447 0.0930707 0.0566406
1 0.539482 0.172894 0.0591124 0.0421196 0.0524292
1 0.957491 0.436141 0.0675571 0.0788044 0.0503235
2 0.452762 0.97962 0.0519669 0.0407608 0.0496826
2 0.247168 0.580842 0.081848 0.0516304 0.0450134
2 0.466404 0.985734 0.0682066 0.0285326 0.0422363
2 0.1965 0.345788 0.113028 0.146739 0.0422363
1 0.253258 0.335258 0.0469326 0.0835598 0.0419312
1 0.0345905 0.0769361 0.069181 0.153872 0.041626
2 0.583329 0.456522 0.0714546 0.080163 0.0409851
1 0.079006 0.634511 0.0628475 0.0788044 0.0380249
1 0.839266 0.560462 0.0415736 0.0400815 0.0379028
2 0.839266 0.737772 0.0441719 0.0407609 0.0359497
0 0.473549 0.415761 0.06301 0.11413 0.0339661
2 0.893832 0.180027 0.176688 0.150136 0.0334778
2 0.522268 0.986413 0.0506678 0.0271739 0.0287628
1 0.962506 0.41678 0.0749881 0.122962 0.0284424
2 0.0210304 0.945652 0.0420608 0.0679349 0.0281067
1 0.242296 0.330163 0.059762 0.0910326 0.0267639
1 0.188055 0.832201 0.333238 0.288043 0.0261536
2 0.232065 0.339674 0.0750273 0.116848 0.026062
0 0.253258 0.335258 0.0469326 0.0835598 0.0257568
2 0.467703 0.402514 0.0857455 0.153533 0.0254669
2 0.822377 0.735054 0.0649587 0.048913 0.0234222
2 0.190004 0.599355 0.0415736 0.0349864 0.0233307
2 0.811984 0.917799 0.0779505 0.164402 0.0220337
1 0.448215 0.702446 0.0779505 0.0706522 0.021286
1 0.59697 0.157609 0.0649587 0.0686141 0.0200195
2 0.475173 0.44803 0.0610612 0.154891 0.0191193
1 0.262433 0.132473 0.0558645 0.124321 0.0190582
1 0.822377 0.735054 0.0649587 0.048913 0.0189056
2 0.515447 0.459579 0.0682066 0.105978 0.0182648
2 0.466728 0.918478 0.0695058 0.0706522 0.0182648
0 0.470301 0.402174 0.0688562 0.148098 0.0181274
0 0.193577 0.830163 0.323494 0.288044 0.79834
2 0.193861 0.824728 0.322276 0.279891 0.464844
1 0.069587 0.631114 0.0732409 0.0774457 0.108948
1 0.554747 0.17731 0.0649587 0.0461957 0.0984497
1 0.195201 0.596298 0.0363769 0.0411005 0.0817871
1 0.0857455 0.631793 0.0529413 0.0706521 0.0387573
2 0.459908 0.983696 0.0688562 0.0326087 0.0384521
1 0.199058 0.83288 0.315131 0.296196 0.037323
1 0.53461 0.175611 0.0480694 0.0407609 0.0343628
2 0.867199 0.906929 0.167593 0.186141 0.0316162
1 0.212902 0.592391 0.0496934 0.044837 0.0165253
1 0.276399 0.569973 0.0461207 0.0475543 0.0157776
1 0.576184 0.171535 0.0935405 0.0523098 0.0147858
1 0.481344 0.171196 0.0441719 0.0414402 0.0136337
2 0.601518 0.475543 0.0402744 0.0461957 0.0113297
1 0.446916 0.710598 0.0656083 0.0597826 0.0110703
1 0.0550525 0.622962 0.0863951 0.0828804 0.00919342
1 0.243595 0.319973 0.0539157 0.0625 0.00912476
2 0.0402744 0.0822011 0.0805488 0.164402 0.00881195
0 0.95601 0.476562 0.0879798 0.261549 0.00844574
1 0.300759 0.569293 0.0454711 0.0434783 0.00837708
1 0.256506 0.329484 0.0469327 0.0801631 0.00720596
1 0.233039 0.582201 0.0639843 0.0475543 0.00695801
2 0.029881 0.952446 0.0534285 0.0625 0.00664139
2 0.457309 0.978261 0.0506678 0.0407608 0.00634003
0 0.938004 0.47894 0.116926 0.255435 0.00624084
2 0.458608 0.974185 0.0714546 0.0516304 0.00568771
2 0.893 0.911685 0.214 0.17663 0.00551224
0 0.256506 0.329484 0.0469327 0.0801631 0.00518036
0 0.476797 0.409647 0.0571637 0.117527 0.00510025
2 0.195201 0.596298 0.0363769 0.0411005 0.0050621
1 0.251065 0.327106 0.0545653 0.0672554 0.00466537
2 0.571637 0.471807 0.0766513 0.0740489 0.00455475
0 0.273476 0.125679 0.0389752 0.0652174 0.00446701
1 0.459908 0.983696 0.0688562 0.0326087 0.00443268
2 0.886829 0.831522 0.226342 0.336957 0.00418091
1 0.449514 0.744565 0.0662579 0.076087 0.00408554
0 0.601518 0.475543 0.0402744 0.0461957 0.00385475
0 0.276399 0.569973 0.0461207 0.0475543 0.00380898
2 0.481344 0.171196 0.0441719 0.0414402 0.0037365
2 0.902744 0.200408 0.194512 0.19769 0.00367928
2 0.256506 0.329484 0.0469327 0.0801631 0.00366402
2 0.963805 0.433764 0.0723898 0.174592 0.00348282
0 0.571637 0.471807 0.0766513 0.0740489 0.00345612
1 0.601518 0.475543 0.0402744 0.0461957 0.00344276
0 0.471925 0.386209 0.0643091 0.118886 0.00309944
0 0.0402744 0.0822011 0.0805488 0.164402 0.00300407
1 0.548251 0.177649 0.0662578 0.0611413 0.00298119
0 0.963805 0.433764 0.0723898 0.174592 0.00296974
2 0.53461 0.175611 0.0480694 0.0407609 0.00293541
1 0.186756 0.83356 0.357273 0.294837 0.515625
2 0.18838 0.836957 0.341683 0.307065 0.310791
0 0.187731 0.834239 0.342982 0.30163 0.230225
2 0.0657707 0.625 0.0860703 0.0923913 0.0800781
2 0.567089 0.86481 0.523567 0.27038 0.049408
2 0.874994 0.910326 0.197474 0.179348 0.0387573
2 0.257561 0.57337 0.0948397 0.0461957 0.0306702
2 0.881308 0.887908 0.237385 0.224185 0.0273285
2 0.242621 0.578804 0.0798992 0.0475543 0.0233307
2 0.295237 0.569973 0.0539157 0.0394021 0.0220337
2 0.194389 0.596298 0.0357273 0.0411005 0.0201721
2 0.470301 0.986073 0.0643091 0.0278532 0.0195007
1 0.845762 0.735054 0.0389752 0.048913 0.0192719
2 0.776886 0.317595 0.446227 0.491848 0.0177155
2 0.885205 0.881114 0.22959 0.237772 0.0168457
1 0.447565 0.702446 0.0649587 0.048913 0.0150757
1 0.257561 0.57337 0.0948397 0.0461957 0.0145569
2 0.665827 0.866848 0.340384 0.266304 0.0142822
1 0.295237 0.569973 0.0539157 0.0394021 0.0141144
2 0.447565 0.702446 0.0649587 0.048913 0.0138474
2 0.735333 0.85462 0.187081 0.290761 0.0136871
1 0.549551 0.17731 0.0454711 0.0353261 0.0136337
1 0.194389 0.596298 0.0357273 0.0411005 0.0136337
1 0.529413 0.175951 0.0545653 0.0326087 0.0127716
0 0.257561 0.57337 0.0948397 0.0461957 0.0126266
2 0.218911 0.587636 0.0506678 0.0543479 0.0119629
2 0.479395 0.414062 0.0734033 0.141984 0.00993347
2 0.0570013 0.632473 0.0951645 0.112772 0.00985718
0 0.479395 0.414062 0.0734033 0.141984 0.00818634
2 0.503105 0.451766 0.0876943 0.127717 0.00818634
1 0.242621 0.578804 0.0798992 0.0475543 0.00796509
0 0.242621 0.578804 0.0798992 0.0475543 0.00769424
1 0.218911 0.587636 0.0506678 0.0543479 0.00701141
2 0.451463 0.709239 0.0889934 0.0869565 0.00677109
1 0.0652835 0.629755 0.0915918 0.0869565 0.0064888
0 0.447565 0.702446 0.0649587 0.048913 0.00643921
0 0.0636595 0.629076 0.0860703 0.0910326 0.00595856
2 0.529413 0.175951 0.0545653 0.0326087 0.00582123
0 0.295237 0.569973 0.0539157 0.0394021 0.00575256
2 0.870265 0.851223 0.259471 0.297554 0.00568771
2 0.886504 0.852582 0.226991 0.294837 0.00559998
2 0.845762 0.735054 0.0389752 0.048913 0.00547028
2 0.883906 0.817255 0.232188 0.365489 0.00530243
0 0.522918 0.600374 0.0727537 0.0872962 0.00521851
2 0.593885 0.471467 0.0490438 0.0563859 0.00518036
1 0.774308 0.52106 0.0363769 0.0407609 0.00518036
2 0.790547 0.877038 0.123422 0.245924 0.00432968
2 0.509926 0.981658 0.0714546 0.0366848 0.00400543
2 0.489464 0.435122 0.101336 0.152853 0.00388527
2 0.874812 0.787364 0.250377 0.425272 0.00382423
2 0.188705 0.822011 0.343632 0.315217 0.784668
0 0.189517 0.822011 0.367991 0.3125 0.672363
1 0.567739 0.173573 0.0870447 0.0523098 0.228882
1 0.579432 0.169837 0.101336 0.0625 0.0927124
1 0.545653 0.175611 0.0649587 0.046875 0.0384521
0 0.303357 0.567255 0.0461207 0.0434783 0.0180511
1 0.0677194 0.629755 0.0763265 0.0896739 0.00809479
0 0.285169 0.568954 0.0779505 0.0482337 0.00787354
2 0.0253339 0.766984 0.0435223 0.144022 0.00775528
0 0.774308 0.523777 0.0545653 0.0638587 0.00769424
1 0.561893 0.181726 0.0753521 0.0533288 0.00674438
0 0.0677194 0.629755 0.0763265 0.0896739 0.005867
1 0.459908 0.69837 0.0766513 0.0679348 0.00547028
1 0.197799 0.595109 0.0467703 0.0475543 0.00530243
0 0.567739 0.173573 0.0870447 0.0523098 0.00500107
2 0.0677194 0.629755 0.0763265 0.0896739 0.00475693
0 0.234176 0.580163 0.0636595 0.0461957 0.00424957
2 0.303357 0.567255 0.0461207 0.0434783 0.00419998
2 0.197799 0.595109 0.0467703 0.0475543 0.00403976
0 0.197799 0.595109 0.0467703 0.0475543 0.0037365
0 0.483293 0.435462 0.0701554 0.0978261 0.00342941
0 0.051967 0.631114 0.0935405 0.11413 0.00338936
1 0.303357 0.567255 0.0461207 0.0434783 0.00322342
2 0.0216394 0.796196 0.0432787 0.394022 0.00309944
0 0.579432 0.169837 0.101336 0.0625 0.00301552
0 0.45666 0.703804 0.0805488 0.0733696 0.0029583
1 0.0755145 0.629076 0.0711298 0.0747283 0.00279999
2 0.459908 0.69837 0.0766513 0.0679348 0.00256157
0 0.545653 0.175611 0.0649587 0.046875 0.00234985
2 0.545653 0.175611 0.0649587 0.046875 0.00209045
0 0.0755145 0.629076 0.0711298 0.0747283 0.0020504
1 0.633997 0.164402 0.0415736 0.0523098 0.00201035
2 0.0522918 0.636549 0.0883438 0.125 0.00197983
2 0.0518046 0.788043 0.103609 0.309783 0.00197983
1 0.051967 0.631114 0.0935405 0.11413 0.00189686
2 0.367991 0.855299 0.14096 0.220109 0.00182438
2 0.567739 0.173573 0.0870447 0.0523098 0.00176144
0 0.537533 0.610054 0.0773008 0.0869565 0.00174809
0 0.825625 0.563179 0.0480694 0.0706522 0.0017271
0 0.215338 0.590353 0.0448215 0.0529892 0.0017004
0 0.0174577 0.89606 0.0349153 0.20788 0.00165462
2 0.0293938 0.754076 0.0438471 0.23913 0.0016489
1 0.0492062 0.660156 0.0815232 0.190557 0.00163555
0 0.773009 0.545177 0.0649587 0.0808424 0.00162888
2 0.882789 0.910326 0.20527 0.179348 0.00154877
2 0.579432 0.169837 0.101336 0.0625 0.00154305
2 0.0755145 0.629076 0.0711298 0.0747283 0.00153637
2 0.0241971 0.779891 0.0483942 0.201087 0.00147247
0 0.19991 0.588995 0.0591124 0.0570652 0.00146675
0 0.0245219 0.778533 0.0448215 0.165761 0.00146675
2 0.187731 0.826087 0.350777 0.294837 0.759277
0 0.202671 0.824728 0.372863 0.297554 0.19873
2 0.749623 0.86413 0.158499 0.271739 0.0970459
2 0.882139 0.900136 0.205269 0.199728 0.0465393
2 0.845762 0.735054 0.0415735 0.048913 0.0396423
2 0.302058 0.569973 0.0565141 0.0434783 0.0377502
2 0.0674758 0.628397 0.0878566 0.115489 0.0342407
1 0.583979 0.167969 0.0909422 0.0696332 0.032959
2 0.244245 0.578804 0.0786 0.048913 0.0302124
2 0.192603 0.593071 0.0435223 0.0461957 0.0272675
2 0.265113 0.57303 0.092079 0.046875 0.0265503
2 0.583979 0.167969 0.0909422 0.0696332 0.0232391
1 0.845762 0.735054 0.0415735 0.048913 0.0231476
0 0.746376 0.861073 0.161098 0.277853 0.0163422
2 0.336405 0.841033 0.198936 0.25 0.0147858
2 0.458608 0.979959 0.0701554 0.0400814 0.0143356
0 0.845762 0.735054 0.0415735 0.048913 0.0134277
1 0.190654 0.819294 0.332589 0.320652 0.0104904
2 0.0566765 0.647418 0.0915918 0.16712 0.00978088
2 0.198124 0.585598 0.0500182 0.0529892 0.00891876
0 0.336405 0.841033 0.198936 0.25 0.00837708
2 0.782752 0.875679 0.171491 0.248641 0.00763702
2 0.221672 0.585938 0.0506678 0.0550272 0.00751877
0 0.302058 0.569973 0.0565141 0.0434783 0.0068779
0 0.0657707 0.632473 0.0899678 0.125 0.00629044
2 0.564491 0.173234 0.113028 0.0577446 0.00600433
0 0.265113 0.57303 0.092079 0.046875 0.00591278
2 0.728837 0.857337 0.171491 0.278533 0.00577545
1 0.192603 0.593071 0.0435223 0.0461957 0.0053215
0 0.244245 0.578804 0.0786 0.048913 0.00455475
0 0.583979 0.164402 0.0935406 0.0774457 0.00434875
0 0.773658 0.522079 0.0558645 0.0584239 0.00419998
2 0.0490438 0.681386 0.0798992 0.259511 0.00413513
2 0.773658 0.522079 0.0558645 0.0584239 0.00362206
0 0.192603 0.593071 0.0435223 0.0461957 0.0036068
0 0.72429 0.851902 0.155901 0.262228 0.00351143
1 0.302058 0.569973 0.0565141 0.0434783 0.00344276
1 0.773658 0.522079 0.0558645 0.0584239 0.00332451
2 0.0357273 0.753397 0.0604116 0.210598 0.00314713
2 0.0506678 0.709239 0.101336 0.360054 0.00313568
2 0.187406 0.780571 0.337136 0.202446 0.00276756
1 0.746376 0.861073 0.161098 0.277853 0.00257111
0 0.545004 0.605808 0.0701554 0.0872962 0.00255013
2 0.761966 0.891984 0.175388 0.216033 0.00215721
2 0.460557 0.967391 0.0753521 0.0652174 0.00213242
2 0.804189 0.894022 0.210466 0.211957 0.00212479
1 0.564491 0.173234 0.113028 0.0577446 0.00206757
0 0.221672 0.585938 0.0506678 0.0550272 0.0020504
0 0.553773 0.59358 0.0824975 0.0737092 0.00195694
0 0.312776 0.639946 0.0344281 0.0434783 0.00194931
2 0.197474 0.822011 0.338435 0.282609 0.850098
2 0.879541 0.914742 0.200073 0.170516 0.0668335
2 0.0608176 0.631793 0.0930533 0.115489 0.0566406
1 0.574235 0.171875 0.105233 0.0557065 0.0476074
2 0.381308 0.842391 0.120823 0.240489 0.0299835
2 0.0542405 0.644701 0.0919166 0.152174 0.0210419
2 0.0737281 0.633832 0.0821728 0.10462 0.0153656
0 0.188705 0.825408 0.341683 0.311141 0.0106125
1 0.576833 0.158288 0.105233 0.0669158 0.0101318
1 0.559294 0.174592 0.0961388 0.0451766 0.00812531
2 0.194551 0.595788 0.0402744 0.0421196 0.00595856
2 0.0482318 0.718071 0.0747025 0.33288 0.00582123
2 0.537858 0.914402 0.107831 0.157609 0.0050621
2 0.845113 0.73913 0.0363769 0.048913 0.00482941
0 0.482643 0.421875 0.0889934 0.184783 0.00443268
2 0.467053 0.969769 0.0805488 0.0604619 0.00439835
2 0.900328 0.190217 0.192278 0.175272 0.00407028
2 0.0690186 0.675442 0.103609 0.219769 0.0039444
1 0.845113 0.73913 0.0363769 0.048913 0.00376511
2 0.307579 0.566576 0.0506678 0.0421196 0.00341606
0 0.385855 0.269022 0.0662579 0.141984 0.00322342
2 0.400146 0.831522 0.148106 0.25 0.00319672
2 0.857455 0.904212 0.163696 0.191576 0.00312424
2 0.136088 0.813859 0.248792 0.328804 0.00307465
2 0.559294 0.174592 0.0961388 0.0451766 0.00286674
0 0.266331 0.137568 0.0675571 0.164742 0.00276756
0 0.248629 0.324049 0.0600868 0.0964674 0.00245285
2 0.757418 0.902174 0.150704 0.195652 0.00229645
2 0.437822 0.847826 0.106532 0.236413 0.00214958
0 0.0599244 0.636549 0.0919166 0.120924 0.00188255
2 0.0325606 0.790761 0.0449839 0.274457 0.00188255
0 0.363119 0.128227 0.0701554 0.140965 0.00185299
2 0.248629 0.324049 0.0600868 0.0964674 0.00185299
0 0.358897 0.263502 0.0695058 0.164572 0.00182438
0 0.845113 0.73913 0.0363769 0.048913 0.00174141
0 0.37806 0.13502 0.081848 0.194293 0.00169373
2 0.47225 0.945652 0.0883438 0.108696 0.0016489
2 0.932807 0.199219 0.120823 0.181726 0.00162888
2 0.970301 0.199049 0.059398 0.161685 0.00156116
2 0.480045 0.918478 0.0805488 0.11413 0.00147247
2 0.0684502 0.787364 0.110917 0.399457 0.00146103
2 0.0924038 0.785326 0.153627 0.263587 0.00137806
2 0.0429539 0.0920516 0.0859079 0.184103 0.00136185
2 0.461856 0.953804 0.0727537 0.0923913 0.00130939
2 0.347854 0.607337 0.0467703 0.0326087 0.00123501
2 0.984267 0.266389 0.0314658 0.339504 0.00123024
2 0.0563517 0.0973166 0.112703 0.194633 0.00118828
0 0.369615 0.269107 0.0500182 0.128906 0.00113773
2 0.221347 0.590353 0.0607364 0.0502717 0.00111198
1 0.558645 0.175272 0.0831472 0.0665761 0.00108624
2 0.192603 0.824728 0.34558 0.298913 0.882324
2 0.891051 0.911005 0.217897 0.177989 0.0528259
1 0.570987 0.174592 0.0831471 0.0400815 0.0298767
2 0.879541 0.915082 0.202671 0.169837 0.0280151
1 0.542405 0.175611 0.0617108 0.0366848 0.0109024
2 0.062198 0.626359 0.0753521 0.0869565 0.00930023
2 0.461856 0.984375 0.0623603 0.03125 0.00901794
0 0.193252 0.820652 0.339084 0.285326 0.008255
2 0.274126 0.572011 0.0714546 0.0448369 0.00720596
2 0.29946 0.567255 0.0584628 0.0407609 0.00712204
2 0.0321546 0.763587 0.0396248 0.119565 0.00674438
1 0.577808 0.169837 0.104584 0.047894 0.0064888
2 0.460557 0.983696 0.0480694 0.0326087 0.00629044
2 0.621005 0.268003 0.107831 0.0652174 0.00577545
2 0.88149 0.891304 0.183184 0.119565 0.00510025
1 0.838617 0.563179 0.0415736 0.048913 0.0049057
1 0.847061 0.735734 0.0337785 0.0353261 0.00488663
2 0.0860297 0.779891 0.139093 0.23913 0.00469971
2 0.64504 0.279891 0.158499 0.0910326 0.00429916
2 0.542405 0.175611 0.0617108 0.0366848 0.00388527
2 0.570987 0.174592 0.0831471 0.0400815 0.00302696
2 0.847061 0.735734 0.0337785 0.0353261 0.00259018
1 0.481344 0.176461 0.0532661 0.0360054 0.0024929
2 0.898379 0.184443 0.194876 0.163723 0.0024929
1 0.192927 0.59375 0.0389752 0.044837 0.00237846
2 0.192927 0.59375 0.0389752 0.044837 0.00234985
2 0.25204 0.579144 0.0844463 0.046875 0.00200272
2 0.0863951 0.626359 0.0561893 0.076087 0.00196457
1 0.460557 0.983696 0.0480694 0.0326087 0.00194931
2 0.481344 0.176461 0.0532661 0.0360054 0.00178909
2 0.89365 0.902853 0.212701 0.194293 0.00174141
2 0.953594 0.394022 0.0727537 0.129076 0.00172043
2 0.962038 0.407609 0.066258 0.133152 0.0016489
2 0.695058 0.279212 0.268929 0.103261 0.00163555
2 0.0436847 0.0825408 0.0873694 0.165082 0.00152493
2 0.948397 0.413723 0.0727537 0.126359 0.00145531
0 0.274126 0.572011 0.0714546 0.0448369 0.00144958
2 0.577808 0.169837 0.104584 0.047894 0.00141621
2 0.461856 0.971467 0.0662578 0.0570652 0.00135612
2 0.783402 0.918478 0.103934 0.163043 0.00135612
2 0.393 0.304348 0.0350777 0.0264946 0.00133514
1 0.58138 0.153702 0.0948397 0.0597826 0.00131512
1 0.274126 0.572011 0.0714546 0.0448369 0.00129414
1 0.774308 0.523777 0.0363769 0.03125 0.00128937
2 0.954893 0.198709 0.081848 0.154212 0.00119686
1 0.461856 0.984375 0.0623603 0.03125 0.0011692
2 0.950995 0.413723 0.0545653 0.112772 0.00114727
2 0.0695058 0.695652 0.139012 0.236413 0.0011425
1 0.29946 0.567255 0.0584628 0.0407609 0.00112915
2 0.0363769 0.753397 0.0483942 0.171196 0.00112915
2 0.194227 0.816576 0.335187 0.309783 0.86084
1 0.193902 0.826087 0.344931 0.317935 0.0690308
2 0.0615484 0.626529 0.0854207 0.116508 0.0570679
2 0.878242 0.90625 0.184483 0.1875 0.0344849
2 0.83407 0.904891 0.106532 0.190217 0.0149002
2 0.191953 0.59375 0.0480694 0.0502717 0.0147858
2 0.0844463 0.631114 0.0623604 0.0978261 0.0130234
1 0.191953 0.59375 0.0480694 0.0502717 0.0110321
2 0.051967 0.63587 0.0844463 0.141304 0.00937653
1 0.561893 0.178668 0.0428727 0.0366848 0.00905609
0 0.545004 0.62483 0.0753521 0.133492 0.00905609
2 0.545004 0.62483 0.0753521 0.133492 0.00674438
2 0.0373513 0.80163 0.0555397 0.217391 0.00629044
2 0.766513 0.870245 0.135114 0.259511 0.00502014
2 0.0485566 0.702616 0.0782752 0.301291 0.00351143
1 0.0615484 0.626529 0.0854207 0.116508 0.00349617
1 0.596321 0.168478 0.0766513 0.0523098 0.00324821
2 0.89365 0.898098 0.212701 0.203804 0.00291252
2 0.743128 0.849864 0.174089 0.282609 0.00283432
2 0.51902 0.434103 0.0844463 0.182745 0.00281143
1 0.532661 0.179348 0.0415735 0.0360054 0.00279999
0 0.193902 0.826087 0.344931 0.317935 0.00269318
2 0.307255 0.566576 0.0467703 0.0502717 0.00266266
1 0.844463 0.722826 0.0519669 0.0815217 0.00263214
0 0.502131 0.425272 0.0922413 0.190217 0.00239754
1 0.543704 0.627038 0.0766513 0.137228 0.002388
2 0.485242 0.418818 0.0779504 0.171875 0.00228691
2 0.238723 0.58356 0.0578132 0.0529891 0.00218201
1 0.83407 0.565217 0.0545653 0.103261 0.00218201
2 0.502131 0.425272 0.0922413 0.190217 0.00209999
0 0.485242 0.418818 0.0779504 0.171875 0.00206757
1 0.0844463 0.631114 0.0623604 0.0978261 0.0019722
2 0.464455 0.69769 0.0857455 0.101902 0.00158501
2 0.270878 0.574049 0.0539157 0.048913 0.00154877
2 0.767812 0.899457 0.153303 0.201087 0.00148392
1 0.250822 0.324728 0.0557021 0.0951087 0.0014782
2 0.37676 0.839674 0.136413 0.236413 0.00147247
1 0.819779 0.556386 0.059762 0.116848 0.00141048
2 0.246518 0.326766 0.051967 0.0910326 0.00140476
0 0.0588688 0.632473 0.0842839 0.123641 0.00136662
0 0.191953 0.59375 0.0480694 0.0502717 0.00133514
2 0.227031 0.586957 0.0571637 0.0570652 0.00126457
2 0.550525 0.438859 0.0967885 0.174592 0.00121593
2 0.0612236 0.670007 0.0954893 0.227921 0.00119686
1 0.238723 0.58356 0.0578132 0.0529891 0.00119209
2 0.717144 0.838315 0.155901 0.279891 0.00116539
1 0.606552 0.150645 0.0496934 0.0570652 0.00112915
0 0.51902 0.434103 0.0844463 0.182745 0.00112057
2 0.126669 0.250594 0.253339 0.28142 0.00109482
2 0.495635 0.597656 0.0740529 0.0872962 0.00106907
2 0.186431 0.821332 0.354675 0.316576 0.803223
2 0.0662579 0.629076 0.0792496 0.116848 0.0558167
2 0.0557021 0.652344 0.0756769 0.189878 0.0351562
2 0.0558645 0.709409 0.0815232 0.331182 0.0292511
2 0.0764889 0.631793 0.0724289 0.103261 0.0176392
2 0.0654459 0.809783 0.111404 0.350544 0.00844574
0 0.196175 0.82337 0.359871 0.32337 0.00510025
2 0.0548901 0.631793 0.0850959 0.129076 0.00391388
2 0.852258 0.887908 0.145507 0.224185 0.00299263
2 0.728837 0.868207 0.194876 0.263587 0.00293541
2 0.875643 0.90591 0.192278 0.188179 0.00243378
2 0.194876 0.599355 0.0412488 0.045856 0.00216484
2 0.378709 0.851902 0.127319 0.225543 0.00188923
2 0.247817 0.846467 0.221509 0.274457 0.00177479
2 0.772359 0.863451 0.198774 0.273098 0.0017271
2 0.0386504 0.808424 0.0552149 0.237772 0.00134563
2 0.756119 0.880095 0.119524 0.23981 0.00119686
1 0.186756 0.826087 0.347529 0.319293 0.0011692
0 0.0647151 0.632473 0.0787624 0.115489 0.00103664
2 0.189679 0.831522 0.356623 0.307065 0.872559
2 0.866549 0.909647 0.180585 0.180707 0.24292
2 0.0590312 0.620245 0.0842839 0.107337 0.131226
2 0.19585 0.595788 0.040924 0.044837 0.0155411
2 0.883256 0.896739 0.233487 0.206522 0.00602722
2 0.0440095 0.695652 0.0698306 0.286685 0.00542831
2 0.0498558 0.624321 0.088019 0.129076 0.00324821
1 0.524541 0.17731 0.0337785 0.0326087 0.00275803
1 0.559944 0.177989 0.0545653 0.0356658 0.00257111
2 0.0773009 0.738961 0.154602 0.383492 0.00245285
0 0.96009 0.366168 0.0467702 0.210598 0.00240517
2 0.953594 0.382473 0.0662578 0.201087 0.00218201
2 0.214851 0.590353 0.051967 0.048913 0.00194931
2 0.461207 0.985734 0.0610612 0.0285326 0.00191212
2 0.0335349 0.799592 0.0492062 0.206522 0.00179577
2 0.383256 0.106318 0.0545653 0.0740489 0.00176811
2 0.385205 0.122792 0.0584628 0.102921 0.00159168
2 0.96009 0.366168 0.0467702 0.210598 0.00153065
2 0.84901 0.887228 0.149405 0.225543 0.00141048
2 0.524541 0.17731 0.0337785 0.0326087 0.00132465
2 0.643741 0.869226 0.489789 0.261549 0.00129414
2 0.762615 0.858696 0.109131 0.236413 0.00125504
1 0.19585 0.595788 0.040924 0.044837 0.00123978
2 0.896248 0.883152 0.207504 0.233696 0.00116539
0 0.0534285 0.622962 0.0824975 0.125 0.00115585
2 0.390727 0.130053 0.0617108 0.146145 0.00113773
2 0.199098 0.589844 0.0461207 0.0567255 0.00111198
2 0.768461 0.882473 0.262433 0.235054 0.00102425
2 0.194389 0.826087 0.336161 0.326087 0.842773
2 0.0639031 0.622113 0.08266 0.111753 0.0278015
2 0.0535909 0.629755 0.0850959 0.134511 0.00923157
2 0.86525 0.886209 0.179286 0.227582 0.00898743
2 0.462506 0.984035 0.0623603 0.0319293 0.00521851
2 0.194551 0.597147 0.0415736 0.044837 0.00379562
2 0.0443343 0.707201 0.0698306 0.324728 0.0037365
2 0.819779 0.891984 0.135114 0.216033 0.00337601
2 0.45666 0.982677 0.0448215 0.0346467 0.00332451
0 0.95879 0.393003 0.0545652 0.157609 0.00174809
2 0.0714546 0.726902 0.140311 0.380435 0.00149536
0 0.194876 0.830163 0.337136 0.331522 0.00123024
2 0.526165 0.177989 0.0389752 0.03125 0.00118828
2 0.194227 0.820652 0.338435 0.309783 0.827637
1 0.194714 0.818614 0.330315 0.308424 0.0812378
2 0.0588688 0.625679 0.0885062 0.116848 0.026062
0 0.195363 0.820652 0.336811 0.307065 0.0106964
2 0.0467703 0.714674 0.0727537 0.327446 0.00582123
2 0.193415 0.595788 0.0425479 0.0502717 0.00516129
2 0.0702366 0.734375 0.126182 0.380435 0.00460815
2 0.071617 0.629755 0.081848 0.103261 0.00362206
2 0.876943 0.905571 0.200073 0.188859 0.00332451
2 0.80289 0.901495 0.127319 0.197011 0.00200272
2 0.0371889 0.787364 0.0532661 0.228261 0.00192642
2 0.461207 0.982337 0.0662578 0.0353261 0.00171375
1 0.556696 0.180707 0.0428727 0.0305707 0.00157356
2 0.95879 0.394361 0.0701555 0.155571 0.00135136
2 0.0591124 0.665082 0.107182 0.217391 0.00115108
1 0.520644 0.179348 0.0383257 0.029212 0.00110722
2 0.193577 0.824728 0.350777 0.317935 0.806152
2 0.867199 0.902853 0.175388 0.194293 0.0806274
2 0.0642279 0.627038 0.0885062 0.125 0.0297546
2 0.0557021 0.638587 0.0951645 0.150815 0.0145569
2 0.0618732 0.663723 0.106857 0.220109 0.0108185
2 0.0651211 0.721467 0.119524 0.366848 0.0103302
1 0.524866 0.180367 0.0324794 0.0298913 0.00527954
2 0.194876 0.595788 0.0448215 0.0570652 0.00450516
2 0.888453 0.89606 0.223094 0.20788 0.00395966
2 0.524866 0.180367 0.0324794 0.0298913 0.00319672
1 0.556046 0.181046 0.0402744 0.0309103 0.00307465
2 0.556046 0.181046 0.0402744 0.0309103 0.00209999
2 0.0367017 0.764266 0.0604116 0.300272 0.00204277
2 0.828873 0.896399 0.152003 0.207201 0.00201988
1 0.190816 0.817935 0.3537 0.326087 0.00161076
2 0.757418 0.863451 0.124721 0.262228 0.00161076
2 0.773009 0.873641 0.105233 0.252717 0.00161076
2 0.714546 0.849864 0.136413 0.244565 0.0015192
2 0.270228 0.574728 0.0604116 0.0461957 0.00139427
2 0.218911 0.588145 0.0656083 0.0628396 0.0012846
2 0.0742965 0.634511 0.107669 0.160326 0.00107765
2 0.473874 0.17748 0.0467703 0.0343071 0.00107288
2 0.190329 0.826087 0.355974 0.336957 0.844238
2 0.0634159 0.627717 0.0930533 0.142663 0.0445251
2 0.0571637 0.647418 0.0951645 0.182065 0.0268555
2 0.0553773 0.730299 0.0893182 0.381794 0.0131226
2 0.750273 0.855299 0.140311 0.289402 0.00612259
2 0.071617 0.749321 0.133815 0.438859 0.00524139
2 0.867848 0.891304 0.184483 0.217391 0.00436401
2 0.714546 0.849864 0.150704 0.29212 0.00345612
2 0.0414112 0.745924 0.0630099 0.381794 0.00203514
2 0.380333 0.124023 0.0837967 0.164997 0.00200272
2 0.886829 0.891304 0.226342 0.217391 0.00183105
2 0.561243 0.177819 0.0493686 0.0343071 0.00175476
2 0.53461 0.615659 0.0831472 0.121943 0.00171375
2 0.530713 0.177649 0.0441719 0.0329484 0.0015192
2 0.954893 0.386549 0.0753521 0.186141 0.00119209
0 0.53461 0.615659 0.0831472 0.121943 0.00114727
2 0.689212 0.847826 0.148106 0.283967 0.0011425
0 0.561243 0.177819 0.0493686 0.0343071 0.00112057
0 0.380333 0.124023 0.0837967 0.164997 0.00111198
2 0.189842 0.824049 0.342657 0.322011 0.836426
2 0.0643903 0.625 0.0859079 0.120924 0.0476074
2 0.86525 0.900136 0.176688 0.199728 0.0164032
2 0.0479882 0.716202 0.069993 0.336617 0.00542831
2 0.0608176 0.64555 0.0930533 0.19803 0.00508118
2 0.0537533 0.628397 0.0876943 0.141304 0.00322342
2 0.0628475 0.71892 0.103284 0.369226 0.00300407
1 0.554747 0.180197 0.0493686 0.032269 0.0024929
2 0.0708862 0.631624 0.0937029 0.152514 0.00203514
2 0.383906 0.122962 0.0636595 0.120584 0.00181007
2 0.0355649 0.798913 0.0477446 0.241848 0.0017271
2 0.952295 0.383832 0.0649587 0.16712 0.00161076
1 0.532337 0.180027 0.0461207 0.0319294 0.00160408
0 0.191141 0.825408 0.340708 0.319294 0.00136185
1 0.191141 0.825408 0.340708 0.319294 0.00110722
2 0.194714 0.59375 0.0451463 0.0611413 0.00100803
2 0.192603 0.82337 0.339084 0.326087 0.904785
2 0.0637407 0.628397 0.0914294 0.134511 0.0503235
2 0.863301 0.89538 0.175389 0.209239 0.0224609
2 0.0672323 0.724355 0.115626 0.401834 0.0138474
2 0.0637407 0.665591 0.108319 0.263927 0.0127716
2 0.0522918 0.732507 0.0828223 0.388247 0.00754929
2 0.380333 0.126189 0.0701554 0.12466 0.00516129
2 0.0538345 0.633832 0.0927285 0.157609 0.00450516
2 0.194876 0.59392 0.0480695 0.0567255 0.00239754
1 0.529413 0.179178 0.0454711 0.0309103 0.00223351
2 0.0711298 0.636549 0.0997116 0.16712 0.00192642
1 0.556696 0.179348 0.0480694 0.03125 0.00188255
1 0.194389 0.824728 0.340059 0.32337 0.00146675
2 0.0395436 0.758832 0.05895 0.372283 0.00143242
2 0.886504 0.891984 0.226991 0.216033 0.00135136
2 0.204458 0.588995 0.0656083 0.0652174 0.00106525
2 0.192927 0.822011 0.339734 0.32337 0.876465
2 0.0643091 0.627717 0.0893182 0.127717 0.0183411
2 0.0571637 0.643852 0.0925661 0.160666 0.00809479
2 0.86525 0.89606 0.176688 0.20788 0.00740433
2 0.0662579 0.724355 0.111079 0.38553 0.00669098
2 0.0500994 0.730978 0.0784376 0.372283 0.00358009
2 0.0635783 0.670516 0.106045 0.262228 0.00341606
2 0.194227 0.595109 0.0480695 0.0570652 0.0016489
2 0.889103 0.890625 0.221795 0.21875 0.00162315
1 0.530063 0.180537 0.0474198 0.0336277 0.00134563
2 0.385855 0.130053 0.0727537 0.145465 0.00117874
2 0.0714546 0.634681 0.0971133 0.159986 0.00113392
2 0.192927 0.822011 0.339734 0.32337 0.876465
2 0.0643903 0.627717 0.0891558 0.127717 0.0182648
2 0.0571637 0.643852 0.0925661 0.160666 0.00800323
2 0.86525 0.89606 0.176688 0.20788 0.00748825
2 0.0662579 0.724185 0.111079 0.38587 0.00664139
2 0.0500182 0.730808 0.0782752 0.372622 0.00356483
2 0.0634971 0.670516 0.106207 0.263587 0.00335121
2 0.194227 0.595109 0.0480695 0.0570652 0.0016613
2 0.889103 0.890625 0.221795 0.21875 0.00163555
1 0.530063 0.180537 0.0474198 0.0336277 0.00136185
2 0.385855 0.130095 0.0727537 0.14572 0.00118351
2 0.0714546 0.634681 0.0971133 0.159986 0.00113392
