1 0.499349 0.56033 0.152344 0.112847 0.157715
1 0.574219 0.559028 0.0520834 0.108507 0.137573
1 0.630859 0.559462 0.152344 0.131076 0.0713501
1 0.575195 0.556424 0.202474 0.118056 0.0639648
1 0.464844 0.555556 0.0950521 0.0954861 0.0430298
1 0.479167 0.550781 0.128906 0.108507 0.0379028
1 0.596354 0.561632 0.104167 0.131944 0.0188293
2 0.792969 0.208984 0.226562 0.165365 0.0165253
1 0.504232 0.585069 0.147135 0.132812 0.0165253
2 0.630859 0.561632 0.147135 0.138889 0.0130234
1 0.561198 0.605903 0.0533854 0.163194 0.01017
1 0.545573 0.782118 0.0911458 0.196181 0.0100937
1 0.400065 0.541667 0.0748698 0.0859375 0.00941467
0 0.630859 0.559462 0.152344 0.131076 0.00919342
2 0.565104 0.165582 0.0703125 0.0716146 0.00518036
2 0.742188 0.203993 0.127604 0.153646 0.0051384
1 0.549479 0.681424 0.0807292 0.114583 0.0046463
0 0.499349 0.56033 0.152344 0.112847 0.00421524
1 0.545573 0.768229 0.09375 0.277778 0.0041008
2 0.596354 0.561632 0.104167 0.131944 0.00348282
0 0.574219 0.559028 0.0520834 0.108507 0.00340271
0 0.596354 0.561632 0.104167 0.131944 0.00327301
1 0.5 0.5 1 1 0.003088
2 0.5 0.5 1 1 0.00304031
0 0.5 0.5 1 1 0.00298119
2 0.5 0.5 1 1 0.00296974
2 0.5 0.5 1 1 0.00286674
0 0.5 0.5 1 1 0.00279999
2 0.5 0.551215 1 0.89757 0.00276756
2 0.5 0.559028 0.157552 0.111111 0.00271416
1 0.785156 0.204861 0.205729 0.164063 0.0026722
1 0.5 0.551215 1 0.89757 0.00265312
0 0.5 0.5 1 1 0.00263214
0 0.565104 0.165582 0.0703125 0.0716146 0.00253105
0 0.46582 0.5 0.931641 1 0.00248146
0 0.5 0.5 1 1 0.00244331
2 0.5 0.5 1 1 0.00242424
2 0.803385 0.219184 0.372396 0.190104 0.0024147
0 0.792969 0.208984 0.226562 0.165365 0.00239754
1 0.5 0.5 1 1 0.00239754
1 0.5 0.5 1 1 0.002388
0 0.5 0.5 1 1 0.00237846
2 0.5 0.5 1 1 0.00235939
1 0.5 0.5 1 1 0.00234222
2 0.5 0.5 1 1 0.00233269
0 0.5 0.5 1 1 0.00228691
2 0.5 0.5 1 1 0.00226974
0 0.5 0.5 1 1 0.00225258
0 0.464844 0.555556 0.0950521 0.0954861 0.00219917
0 0.5 0.5 1 1 0.00216484
1 0.495117 0.557292 0.151693 0.130208 0.584961
1 0.549805 0.677951 0.0559896 0.0763889 0.00669098
1 0.534831 0.611111 0.0813802 0.213542 0.00638962
2 0.496094 0.552951 0.151042 0.121528 0.00439835
0 0.498698 0.551215 0.160807 0.133681 0.00432968
1 0.589193 0.556858 0.0924479 0.106771 0.00312424
1 0.544922 0.671875 0.0670573 0.0980903 0.00269318
1 0.501302 0.541667 0.126302 0.163194 0.00263214
1 0.573242 0.555556 0.121745 0.114583 0.00186062
1 0.48112 0.622396 0.183594 0.286458 0.00151253
1 0.406576 0.545573 0.0690104 0.115451 0.00141048
0 0.498698 0.5 0.997396 1 0.00137806
2 0.498698 0.5 0.997396 1 0.00137806
0 0.5 0.675998 1 0.648004 0.00135612
1 0.498698 0.5 0.997396 1 0.00130463
0 0.44987 0.497396 0.89974 0.994792 0.0012846
0 0.5 0.409722 1 0.819444 0.00123024
2 0.5 0.675998 1 0.648004 0.00122547
2 0.44987 0.497396 0.89974 0.994792 0.00121593
2 0.5 0.409722 1 0.819444 0.0012064
1 0.5 0.675998 1 0.648004 0.00120163
2 0.763672 0.826389 0.472656 0.347222 0.00115585
0 0.5 0.282335 1 0.56467 0.00112438
2 0.472331 0.5 0.944661 1 0.0011034
2 0.5 0.418837 1 0.837674 0.00109482
2 0.535807 0.85612 0.928385 0.28776 0.00108147
2 0.5 0.334201 1 0.668403 0.00105667
0 0.5 0.418837 1 0.837674 0.00104809
1 0.44987 0.497396 0.89974 0.994792 0.00104046
2 0.5 0.282335 1 0.56467 0.00103188
0 0.763672 0.826389 0.472656 0.347222 0.00102806
1 0.535807 0.85612 0.928385 0.28776 0.00102425
1 0.5 0.554688 0.138021 0.116319 0.689453
1 0.477865 0.550781 0.199219 0.128472 0.248657
1 0.453776 0.551649 0.0989583 0.121528 0.170532
1 0.39388 0.548611 0.0794271 0.109375 0.0984497
1 0.503255 0.580295 0.138021 0.170139 0.0154877
1 0.524089 0.50434 0.0820312 0.119792 0.0146713
1 0.548828 0.682292 0.0572917 0.0729167 0.0114212
1 0.417318 0.551215 0.178385 0.119792 0.00901794
1 0.613281 0.555122 0.105469 0.126736 0.0088501
1 0.5625 0.170573 0.0585938 0.0642361 0.00834656
1 0.550781 0.614583 0.046875 0.188368 0.00793457
1 0.597493 0.55816 0.0784505 0.112847 0.00763702
1 0.503906 0.534288 0.128906 0.159722 0.0069046
1 0.563477 0.355035 0.046224 0.0607639 0.00629044
1 0.539388 0.6875 0.0644531 0.0677083 0.00624084
1 0.281738 0.72309 0.563477 0.510417 0.00346947
2 0.9375 0.518229 0.0481771 0.0520833 0.00335121
0 0.938151 0.480903 0.0442708 0.0503472 0.00300407
2 0.417318 0.551215 0.178385 0.119792 0.00276756
1 0.938151 0.480903 0.0442708 0.0503472 0.00273705
2 0.484375 0.555556 0.135417 0.126736 0.00269318
2 0.938151 0.480903 0.0442708 0.0503472 0.002388
0 0.484375 0.555556 0.135417 0.126736 0.002388
1 0.552409 0.480469 0.0878906 0.116319 0.00219917
1 0.9375 0.518229 0.0481771 0.0520833 0.00193405
1 0.534831 0.434028 0.0527344 0.0729167 0.00192642
2 0.393229 0.546875 0.078125 0.112847 0.00188923
0 0.9375 0.518229 0.0481771 0.0520833 0.00186729
1 0.470378 0.521701 0.21875 0.185764 0.00177479
2 0.90625 0.527778 0.0520833 0.046875 0.0017271
1 0.601562 0.596354 0.0872396 0.118056 0.00169373
1 0.541667 0.787326 0.0690105 0.149306 0.00167465
1 0.551432 0.780382 0.0638021 0.138889 0.00150108
1 0.545247 0.789714 0.0696615 0.205295 0.00138283
0 0.908854 0.475694 0.0442708 0.046875 0.00135612
1 0.633952 0.555556 0.148763 0.142361 0.00126934
1 0.604167 0.367188 0.121094 0.114583 0.00126457
1 0.597819 0.165799 0.12207 0.0885417 0.00123024
2 0.5625 0.170573 0.0585938 0.0642361 0.0012064
2 0.281738 0.72309 0.563477 0.510417 0.0011692
2 0.477865 0.550781 0.199219 0.128472 0.00116062
0 0.391927 0.548611 0.0872396 0.112847 0.00113773
2 0.908854 0.475694 0.0442708 0.046875 0.00112057
1 0.656087 0.440972 0.153971 0.189236 0.00105286
1 0.402018 0.523438 0.107422 0.170139 0.00104046
1 0.63737 0.466146 0.14974 0.139757 0.00101662
1 0.722005 0.198785 0.10026 0.141493 0.00101185
1 0.275065 0.698134 0.55013 0.603733 0.00100803
0 0.585938 0.489583 0.354167 0.390625 0.00100422
1 0.495768 0.56033 0.144531 0.126736 0.760742
1 0.537109 0.757813 0.0859375 0.309028 0.168823
1 0.547526 0.682292 0.0598958 0.0755208 0.11084
1 0.394857 0.542969 0.0709635 0.109375 0.0598755
1 0.539388 0.677517 0.0742188 0.108507 0.0577087
1 0.563151 0.174913 0.0572917 0.0538195 0.0516663
1 0.522786 0.732422 0.11849 0.413628 0.0396423
1 0.72526 0.203559 0.0859375 0.148438 0.0263519
1 0.527344 0.586806 0.09375 0.178819 0.0252686
1 0.531901 0.532986 0.0703125 0.170139 0.0217743
0 0.729167 0.208767 0.106771 0.175347 0.0210419
0 0.932292 0.513021 0.0585938 0.0659722 0.0185394
1 0.546224 0.640191 0.0520834 0.177951 0.0167847
1 0.563151 0.164497 0.0598958 0.0685764 0.0165253
1 0.18099 0.0870226 0.0501302 0.0447049 0.0123825
2 0.932292 0.513021 0.0585938 0.0659722 0.00963593
1 0.595215 0.550347 0.085612 0.100694 0.0091629
1 0.571615 0.840278 0.136719 0.208333 0.00757599
1 0.431315 0.56033 0.147135 0.112847 0.00746155
1 0.729167 0.209201 0.109375 0.177951 0.00658798
1 0.557943 0.360677 0.0403646 0.0503472 0.00634003
2 0.18099 0.0870226 0.0501302 0.0447049 0.00591278
0 0.72526 0.203559 0.0859375 0.148438 0.00524139
2 0.394857 0.542969 0.0709635 0.109375 0.00521851
1 0.537109 0.478299 0.0677084 0.0902778 0.00502014
1 0.718099 0.184028 0.0911459 0.112847 0.00498199
1 0.428385 0.735243 0.296875 0.4375 0.00486755
1 0.539714 0.797743 0.0989583 0.366319 0.00439835
1 0.525716 0.4375 0.0533854 0.0677083 0.00405502
1 0.579427 0.168403 0.0625 0.0668403 0.00397491
2 0.94987 0.507812 0.078125 0.078125 0.00397491
1 0.487305 0.542535 0.160156 0.167535 0.00370789
0 0.94987 0.507812 0.078125 0.078125 0.00365067
1 0.00292969 0.929254 0.00585938 0.141493 0.00319672
1 0.577474 0.161458 0.0846354 0.0711806 0.00314713
2 0.494141 0.557292 0.148438 0.126736 0.0030632
1 0.390625 0.551215 0.0911458 0.100694 0.00277901
0 0.955729 0.493924 0.0755208 0.105903 0.00232315
1 0.00199382 0.869358 0.00398763 0.261285 0.00227928
1 0.563477 0.813368 0.117839 0.201389 0.00211525
0 0.792969 0.205729 0.260417 0.181424 0.00208282
1 0.510417 0.520833 0.207031 0.246528 0.00199509
0 0.18099 0.0870226 0.0501302 0.0447049 0.00192642
1 0.932292 0.513021 0.0585938 0.0659722 0.0017271
1 0.773438 0.218099 0.246094 0.22092 0.00171375
2 0.792969 0.205729 0.260417 0.181424 0.00167465
0 0.938151 0.251085 0.0611979 0.174913 0.00162888
1 0.0012207 0.792535 0.00244141 0.326389 0.00160408
2 0.729167 0.209201 0.109375 0.177951 0.00146103
2 0.955729 0.493924 0.0755208 0.105903 0.00146103
1 0.494141 0.561632 0.136719 0.121528 0.733887
1 0.567708 0.173611 0.0507812 0.0538195 0.0812378
1 0.395182 0.555122 0.0677083 0.078993 0.0497742
1 0.565755 0.166233 0.0572917 0.0603299 0.0174408
0 0.72526 0.20855 0.104167 0.168837 0.0168457
1 0.549479 0.686632 0.0507812 0.0642361 0.00731659
1 0.577799 0.171875 0.0618489 0.0572917 0.00682449
1 0.559896 0.359375 0.0429688 0.0538194 0.00669098
2 0.936198 0.520399 0.0442708 0.0555556 0.00664139
1 0.498047 0.538194 0.126302 0.159722 0.00421524
0 0.936198 0.520399 0.0442708 0.0555556 0.00324821
2 0.395508 0.55816 0.0735677 0.0815972 0.00318527
1 0.727865 0.210503 0.104167 0.15625 0.00253105
1 0.501628 0.572917 0.141276 0.159722 0.00234985
2 0.963542 0.523438 0.0520833 0.0590278 0.00203514
1 0.936198 0.520399 0.0442708 0.0555556 0.00188255
2 0.281087 0.751736 0.562174 0.496528 0.00183105
2 0.485352 0.565972 0.136719 0.104167 0.00176144
2 0.244141 0.319336 0.423177 0.371745 0.00154305
2 0.456706 0.734592 0.408203 0.461372 0.00137806
2 0.336263 0.737847 0.507161 0.470486 0.0012846
0 0.226074 0.295573 0.435221 0.361111 0.00119686
1 0.336263 0.737847 0.507161 0.470486 0.00112915
1 0.549479 0.648438 0.0462239 0.152778 0.00108147
2 0.908854 0.52691 0.0416667 0.0434027 0.00103664
2 0.729167 0.207899 0.110677 0.172743 0.00100803
1 0.490234 0.561198 0.145833 0.124132 0.644043
1 0.39388 0.552517 0.0651041 0.0868055 0.26123
1 0.405924 0.555556 0.0774739 0.109375 0.150024
1 0.458984 0.549045 0.119792 0.118924 0.117981
1 0.478516 0.559028 0.199219 0.109375 0.0977173
0 0.667969 0.212023 0.236979 0.174913 0.0205688
1 0.42513 0.559896 0.138021 0.0868055 0.0167847
1 0.75 0.769965 0.440104 0.340278 0.0149536
1 0.594889 0.551215 0.0914714 0.128472 0.0130692
1 0.753255 0.75 0.49349 0.5 0.0105667
1 0.559245 0.359809 0.0351562 0.0338542 0.0100098
1 0.448568 0.537326 0.207031 0.154514 0.00656509
2 0.39388 0.552517 0.0651041 0.0868055 0.00484848
0 0.766602 0.205078 0.466797 0.219184 0.00475693
0 0.75 0.769965 0.440104 0.340278 0.0046463
1 0.483724 0.539931 0.153646 0.159722 0.00353813
2 0.755697 0.720486 0.488607 0.559028 0.00342941
0 0.717448 0.207899 0.171875 0.174479 0.00235939
1 0.542318 0.606337 0.0572917 0.203993 0.00221634
1 0.546224 0.668403 0.0533854 0.0972222 0.00210762
2 0.42513 0.559896 0.138021 0.0868055 0.0020504
0 0.666829 0.221788 0.273112 0.22309 0.0019722
0 0.753255 0.75 0.49349 0.5 0.00194168
1 0.613444 0.553819 0.127279 0.151042 0.00183868
1 0.715983 0.695313 0.40918 0.439236 0.00161648
2 0.22168 0.286458 0.443359 0.572917 0.00157356
2 0.495443 0.557292 0.147135 0.123264 0.00144386
1 0.564453 0.179036 0.046875 0.0429688 0.00139427
1 0.542969 0.643663 0.0638021 0.154514 0.00134563
0 0.75651 0.203125 0.335937 0.185764 0.00129414
2 0.277344 0.768012 0.554688 0.463976 0.00124454
2 0.758464 0.617188 0.483073 0.720486 0.00119686
2 0.260742 0.228733 0.521484 0.457465 0.00115585
0 0.490234 0.561198 0.145833 0.124132 0.00114727
1 0.652181 0.570747 0.22168 0.200521 0.00109863
2 0.263997 0.746962 0.527995 0.506076 0.00106525
2 0.19694 0.692708 0.39388 0.614583 0.00105286
1 0.522135 0.421007 0.0390625 0.0451389 0.00100803
1 0.545247 0.518229 0.0625 0.142361 0.00100422
1 0.494792 0.560764 0.145833 0.12934 0.875
1 0.571615 0.174913 0.0533854 0.0520833 0.228149
0 0.731771 0.216146 0.0963541 0.164931 0.0534058
1 0.552734 0.688368 0.0533854 0.0711806 0.0450134
1 0.396484 0.549479 0.0755208 0.101563 0.0419312
1 0.547526 0.784505 0.0690105 0.167101 0.0303345
1 0.544271 0.679688 0.0703125 0.0954861 0.0283356
1 0.561849 0.358941 0.0429688 0.0503472 0.0163422
1 0.595052 0.554253 0.0872396 0.131076 0.00818634
1 0.539714 0.596354 0.0716146 0.197917 0.00806427
1 0.47168 0.713542 0.210938 0.390625 0.00740433
0 0.713542 0.217231 0.143229 0.202691 0.00547028
0 0.804688 0.156467 0.34375 0.312934 0.00510025
1 0.5 0.532986 0.135417 0.166667 0.00362206
0 0.667969 0.218316 0.260417 0.212674 0.00318527
1 0.575846 0.164497 0.0657552 0.0590278 0.00309944
1 0.185059 0.0876736 0.0429688 0.0460069 0.00261116
0 0.774251 0.16645 0.451497 0.332899 0.00257111
0 0.561849 0.358941 0.0429688 0.0503472 0.00236893
1 0.527344 0.430556 0.0501302 0.0824653 0.00230598
2 0.296224 0.113064 0.0345052 0.0503472 0.00216484
1 0.376628 0.730903 0.41276 0.456597 0.00209045
0 0.495443 0.559028 0.145182 0.131944 0.00200272
2 0.00732422 0.206163 0.0146484 0.412326 0.00188923
1 0.546224 0.502604 0.0598959 0.119792 0.00178909
0 0.392578 0.552951 0.0885416 0.0972222 0.00177479
0 0.685547 0.228733 0.164062 0.132812 0.00176811
0 0.00732422 0.206163 0.0146484 0.412326 0.00153065
2 0.185059 0.0876736 0.0429688 0.0460069 0.00152493
2 0.00927734 0.828559 0.0185547 0.342882 0.00152493
0 0.807943 0.208116 0.233073 0.200087 0.00148392
2 0.214844 0.117622 0.0501302 0.0577257 0.00131512
0 0.940104 0.516493 0.0729167 0.0763889 0.00118351
0 0.47168 0.713542 0.210938 0.390625 0.0011692
2 0.403646 0.55816 0.0898437 0.100694 0.00113773
0 0.185059 0.0876736 0.0429688 0.0460069 0.00113392
1 0.472656 0.519097 0.204427 0.196181 0.00107288
2 0.00284831 0.592882 0.00569661 0.640625 0.00106049
2 0.47168 0.713542 0.210938 0.390625 0.00104809
1 0.49349 0.55816 0.144531 0.133681 0.835449
1 0.39388 0.547743 0.0729166 0.111111 0.11676
1 0.566732 0.177951 0.0501302 0.0442708 0.0488586
1 0.44987 0.55816 0.191406 0.114583 0.0361633
0 0.73112 0.220486 0.0989583 0.1875 0.0239563
1 0.550781 0.68316 0.0455729 0.0572917 0.00746155
1 0.505208 0.536024 0.11849 0.167535 0.00602722
2 0.495443 0.55816 0.147135 0.130208 0.00561905
1 0.560547 0.359809 0.0429688 0.0486111 0.00534439
1 0.527669 0.431424 0.0481771 0.077257 0.00399017
1 0.5861 0.176649 0.0465495 0.0494792 0.0037365
0 0.71224 0.221788 0.117188 0.190972 0.00318527
0 0.936198 0.513889 0.0677083 0.078125 0.00312424
1 0.187826 0.0863715 0.0299479 0.0295139 0.00302696
0 0.71224 0.21875 0.158854 0.215278 0.00277901
2 0.39388 0.547743 0.0729166 0.111111 0.00263214
1 0.544271 0.490885 0.0533854 0.09375 0.00243378
1 0.627441 0.555556 0.153971 0.155382 0.00208282
2 0.0594076 0.575521 0.0296224 0.03125 0.00206757
1 0.654948 0.553819 0.203125 0.164931 0.00192642
1 0.730469 0.222656 0.122396 0.188368 0.00189686
2 0.527669 0.431424 0.0481771 0.077257 0.00174141
1 0.669271 0.215278 0.153646 0.157118 0.00168705
1 0.0594076 0.575521 0.0296224 0.03125 0.0016489
1 0.469076 0.53559 0.194661 0.175347 0.00151253
1 0.541667 0.672743 0.0651042 0.0885417 0.00129986
1 0.569661 0.165582 0.0611979 0.0664062 0.00127411
2 0.936198 0.513889 0.0677083 0.078125 0.00123501
2 0.560547 0.359809 0.0429688 0.0486111 0.00121593
0 0.691406 0.235243 0.255208 0.251736 0.00115108
2 0.764323 0.0753038 0.0442708 0.0434028 0.00112438
1 0.39974 0.530382 0.0950521 0.152778 0.00109005
1 0.49349 0.55816 0.143229 0.125868 0.801758
1 0.546875 0.686632 0.0507812 0.0677083 0.0789185
1 0.541016 0.682292 0.0677084 0.0694445 0.0269623
1 0.567708 0.177517 0.0546875 0.0451389 0.0197144
1 0.543945 0.75434 0.0839844 0.276042 0.0194244
1 0.558594 0.786458 0.111979 0.241319 0.0109024
2 0.496094 0.558594 0.145833 0.125868 0.00577545
1 0.503906 0.59375 0.141927 0.152778 0.00564194
1 0.582031 0.177083 0.0585938 0.046875 0.00521851
1 0.534505 0.777561 0.101562 0.267795 0.0036068
0 0.684896 0.218099 0.195312 0.190538 0.00327301
0 0.716146 0.219184 0.132812 0.1875 0.00324821
1 0.654948 0.567708 0.210938 0.190972 0.00273705
1 0.672526 0.217882 0.19401 0.15625 0.00226021
1 0.566081 0.361979 0.0514323 0.0538194 0.00191212
1 0.547201 0.653646 0.0488281 0.119792 0.00154877
1 0.526042 0.448785 0.0664062 0.115451 0.00136662
0 0.73763 0.216363 0.111979 0.191406 0.00135136
1 0.63151 0.557292 0.171875 0.149306 0.00123978
1 0.569336 0.163194 0.0709635 0.0607639 0.00106049
1 0.49707 0.559028 0.14974 0.118056 0.792969
1 0.396484 0.551215 0.0716146 0.09375 0.0830078
1 0.568359 0.174479 0.0533854 0.0486111 0.0545959
1 0.410156 0.554688 0.10026 0.108507 0.0289764
1 0.546549 0.688368 0.0540364 0.0538194 0.0252686
2 0.495443 0.557726 0.14974 0.122396 0.0229797
1 0.559896 0.357639 0.0351562 0.0416667 0.0137405
1 0.570964 0.164931 0.0559896 0.0590278 0.00978088
2 0.396484 0.551215 0.0716146 0.09375 0.00572968
0 0.766927 0.211372 0.298177 0.169271 0.00538635
0 0.715495 0.213108 0.132812 0.16059 0.00526047
1 0.506185 0.533854 0.123698 0.157986 0.00468063
2 0.410156 0.554688 0.10026 0.108507 0.00405502
1 0.577799 0.171875 0.0618489 0.0542535 0.00359344
1 0.588379 0.164497 0.0576172 0.0598958 0.00259018
1 0.540365 0.490451 0.0611979 0.0746528 0.00230598
2 0.0628255 0.574653 0.0260417 0.0329861 0.00221634
2 0.763021 0.0789931 0.0390625 0.0290799 0.0020504
1 0.525391 0.430556 0.0514323 0.0590278 0.0015974
1 0.0628255 0.574653 0.0260417 0.0329861 0.0015974
0 0.716146 0.212023 0.0859375 0.161024 0.00157356
1 0.189779 0.0889757 0.0364583 0.0373264 0.00151253
1 0.545573 0.62066 0.0598958 0.178819 0.00150108
1 0.670573 0.197483 0.169271 0.112847 0.00143242
1 0.529948 0.365451 0.0403646 0.046875 0.00132465
0 0.804688 0.21441 0.205729 0.177083 0.00131512
1 0.539388 0.5625 0.189453 0.121528 0.00130939
1 0.5 0.592882 0.150391 0.157986 0.00126457
2 0.540365 0.490451 0.0611979 0.0746528 0.00118828
2 0.506185 0.533854 0.123698 0.157986 0.0011692
2 0.546549 0.688368 0.0540364 0.0538194 0.00108147
1 0.544922 0.744575 0.0677084 0.11849 0.00107765
2 0.539388 0.5625 0.189453 0.121528 0.00102806
0 0.410156 0.554688 0.10026 0.108507 0.00100803
1 0.495117 0.561632 0.146484 0.110243 0.494141
1 0.400716 0.553385 0.061849 0.0833333 0.417725
1 0.567057 0.173177 0.0507812 0.0538195 0.0401001
1 0.529622 0.516493 0.0677084 0.144965 0.0206451
1 0.553711 0.690972 0.0416667 0.046875 0.0140076
1 0.570964 0.165799 0.0481771 0.0585938 0.0103302
1 0.534831 0.694444 0.0501302 0.046875 0.00933838
1 0.559245 0.363715 0.0377604 0.0538195 0.00481033
1 0.192057 0.0898438 0.0279948 0.0364583 0.00416565
1 0.542969 0.477431 0.0598959 0.078125 0.00353813
0 0.729167 0.215278 0.101562 0.164063 0.00296974
1 0.568034 0.807292 0.0944011 0.173611 0.0027256
1 0.551432 0.795139 0.0651042 0.157986 0.00255013
1 0.531901 0.430556 0.0436198 0.0729167 0.00247192
0 0.942708 0.229601 0.0716146 0.234375 0.00234985
1 0.510417 0.587674 0.123698 0.152778 0.00211525
1 0.546875 0.759549 0.0572917 0.130208 0.00194168
2 0.402344 0.552083 0.0729166 0.0920139 0.00192642
1 0.386393 0.556424 0.0722656 0.0815972 0.00175476
1 0.606771 0.562066 0.109375 0.122396 0.00154877
1 0.539714 0.767361 0.0585938 0.107639 0.00146675
1 0.395833 0.530382 0.0664062 0.137153 0.00144386
1 0.582031 0.170139 0.0559896 0.0581597 0.00141621
1 0.942708 0.229601 0.0716146 0.234375 0.00134087
1 0.494141 0.528212 0.117188 0.145833 0.00126457
0 0.647786 0.556424 0.177083 0.149306 0.00123978
1 0.595703 0.164063 0.0390625 0.0581597 0.00118351
1 0.727865 0.220486 0.0989584 0.171875 0.00116062
2 0.484701 0.556424 0.146484 0.111111 0.00108624
1 0.474284 0.53342 0.150391 0.157118 0.00104427
1 0.065918 0.575521 0.0247396 0.0407986 0.00104427
0 0.953776 0.244358 0.0911458 0.211806 0.00103188
1 0.953776 0.244358 0.0911458 0.211806 0.00101662
1 0.533203 0.368924 0.0403646 0.0572917 0.00100422
1 0.494792 0.5625 0.143229 0.130208 0.78125
1 0.401042 0.553819 0.0677083 0.0989583 0.0497742
1 0.539062 0.698785 0.0664062 0.0729167 0.0100098
1 0.443034 0.561198 0.164714 0.106771 0.00575256
2 0.494792 0.560764 0.145182 0.133681 0.00462723
1 0.500977 0.539931 0.134115 0.164931 0.00439835
1 0.567708 0.174045 0.0546875 0.0538194 0.00273705
1 0.546875 0.751736 0.0859375 0.270833 0.00260162
1 0.543294 0.757813 0.0794271 0.184028 0.00195694
1 0.613932 0.560764 0.126302 0.152778 0.0017271
1 0.557617 0.786458 0.104818 0.246528 0.00130463
0 0.942708 0.265842 0.0585938 0.15408 0.00121593
1 0.490885 0.553819 0.147135 0.12934 0.715332
1 0.39974 0.549479 0.0625 0.102431 0.0245209
1 0.566406 0.174913 0.046875 0.0494792 0.00432968
1 0.546549 0.690972 0.0527344 0.0520833 0.00323486
2 0.493164 0.552951 0.152344 0.126736 0.00300407
1 0.458333 0.560764 0.22526 0.118056 0.00186062
1 0.494141 0.560764 0.149089 0.124132 0.827637
1 0.400065 0.552951 0.0709636 0.0920139 0.171631
1 0.565104 0.175347 0.046875 0.0477431 0.00746155
2 0.400065 0.552951 0.0709636 0.0920139 0.00548935
2 0.494141 0.55816 0.150391 0.128472 0.00282288
0 0.494141 0.560764 0.151042 0.125 0.00279045
1 0.559245 0.361545 0.0351562 0.0390625 0.00161076
1 0.492188 0.55816 0.147135 0.116319 0.81543
1 0.399089 0.549913 0.0611979 0.0807291 0.0259552
1 0.565104 0.174262 0.0520833 0.0512153 0.00346947
1 0.546224 0.694444 0.0546875 0.0529514 0.00292397
1 0.498047 0.537326 0.13151 0.154514 0.00261116
0 0.720052 0.213108 0.121094 0.171007 0.00226021
1 0.546224 0.794922 0.0690104 0.14974 0.00190449
1 0.544271 0.753255 0.0651041 0.0976563 0.00183105
1 0.726562 0.213976 0.113281 0.168403 0.00182438
0 0.699219 0.212457 0.174479 0.175781 0.00182438
1 0.699219 0.212457 0.174479 0.175781 0.00176144
1 0.556641 0.366319 0.0364584 0.0434028 0.00156689
1 0.388672 0.548611 0.0846354 0.0850695 0.00118828
1 0.494466 0.561632 0.148438 0.126736 0.79834
1 0.399089 0.552951 0.0664062 0.0868056 0.0409851
1 0.67513 0.223524 0.283854 0.184896 0.0127716
1 0.568359 0.173611 0.0546875 0.0538195 0.00706482
1 0.546224 0.692708 0.0546875 0.0555555 0.00698471
0 0.6875 0.221571 0.302083 0.187066 0.00391388
1 0.755371 0.228299 0.405924 0.21441 0.00358009
1 0.55957 0.366319 0.0332031 0.0416667 0.00225258
2 0.492839 0.55816 0.154948 0.131944 0.00181007
1 0.647135 0.1977 0.231771 0.142795 0.00173378
1 0.545573 0.762153 0.0638021 0.125 0.00157356
1 0.578451 0.171875 0.063151 0.0598958 0.00154877
1 0.67041 0.220052 0.195638 0.1875 0.00137806
1 0.498698 0.582899 0.14974 0.15191 0.00127411
0 0.749349 0.228516 0.420573 0.230469 0.00123501
1 0.494792 0.559896 0.14974 0.137153 0.804199
1 0.568685 0.174479 0.0553385 0.0538195 0.00516129
1 0.400391 0.550781 0.0664062 0.106771 0.00284576
1 0.560872 0.363715 0.0384115 0.0486111 0.0024929
2 0.49349 0.55816 0.152344 0.138889 0.00232315
1 0.540365 0.690972 0.0611979 0.0642361 0.00200272
0 0.669434 0.214844 0.239258 0.19184 0.00176811
0 0.49349 0.55816 0.152344 0.138889 0.0016613
0 0.644694 0.557292 0.189779 0.157986 0.00153065
1 0.644694 0.557292 0.189779 0.157986 0.00150108
1 0.665365 0.213976 0.223958 0.194444 0.00137234
1 0.494466 0.5625 0.147786 0.123264 0.789062
1 0.400065 0.552083 0.0618489 0.0859375 0.00653839
1 0.567057 0.176649 0.0520833 0.046441 0.00342941
1 0.557617 0.365451 0.0338542 0.0381944 0.00213242
1 0.640625 0.556424 0.174479 0.135417 0.00147247
1 0.539062 0.694878 0.0546875 0.0486111 0.00109863
1 0.623047 0.552083 0.135417 0.121528 0.00107288
1 0.495768 0.559896 0.14388 0.127604 0.806641
1 0.399089 0.551215 0.0677083 0.0954861 0.00482941
1 0.568359 0.174045 0.0546875 0.0503472 0.00282288
1 0.558268 0.364583 0.0345052 0.0416667 0.00220871
1 0.642578 0.554688 0.18099 0.142361 0.00121117
1 0.538737 0.69184 0.0559896 0.0503472 0.00117397
1 0.494792 0.559028 0.145182 0.126736 0.782715
1 0.567708 0.174479 0.0546875 0.0503472 0.00258064
1 0.398112 0.550347 0.0703125 0.0998264 0.00209999
1 0.557292 0.364583 0.0338542 0.0434028 0.00142097
1 0.538737 0.693576 0.0566406 0.0538194 0.0012846
1 0.644531 0.555556 0.183594 0.142361 0.00114727
1 0.546875 0.690972 0.0507812 0.0486111 0.00101662
1 0.494792 0.559028 0.145833 0.126736 0.782715
1 0.567708 0.174479 0.0546875 0.0503472 0.00258064
1 0.398112 0.550347 0.0703125 0.0998264 0.00215721
1 0.557292 0.364583 0.0338542 0.0434028 0.00141048
1 0.538737 0.693576 0.0566406 0.0538194 0.00129414
1 0.644531 0.555556 0.183594 0.142361 0.00115108
1 0.546875 0.690972 0.0507812 0.0486111 0.00102425
