1 0.47564 0.684492 0.218529 0.18984 0.963867
1 0.878005 0.622995 0.0791112 0.191176 0.362061
2 0.630296 0.277406 0.321633 0.359626 0.203125
1 0.545349 0.675802 0.103752 0.187166 0.193726
2 0.692548 0.273396 0.189348 0.332888 0.133911
1 0.514872 0.681818 0.159519 0.187166 0.122498
1 0.257112 0.686497 0.275593 0.237968 0.0806274
0 0.628351 0.277072 0.311257 0.349599 0.0656128
0 0.47564 0.684492 0.218529 0.18984 0.0435181
1 0.138769 0.641711 0.0460402 0.114973 0.0343628
1 0.861145 0.601604 0.0376103 0.251337 0.0201416
1 0.111372 0.639205 0.0852716 0.106618 0.0133286
1 0.896162 0.626337 0.116722 0.239305 0.0118713
2 0.667258 0.252674 0.411119 0.40508 0.0115967
1 0.580041 0.676303 0.101807 0.182152 0.0111618
0 0.878005 0.622995 0.0791112 0.191176 0.0109863
1 0.841692 0.637032 0.124503 0.192513 0.0103302
2 0.47564 0.684492 0.218529 0.18984 0.008255
1 0.190321 0.659258 0.145253 0.184158 0.00775528
0 0.708759 0.273312 0.162113 0.317012 0.0064621
2 0.516817 0.316511 0.0842988 0.0822193 0.00564194
0 0.68201 0.262032 0.384208 0.379679 0.0055542
1 0.201345 0.637868 0.165355 0.146725 0.00534439
2 0.718648 0.284843 0.45878 0.482453 0.00534439
1 0.378048 0.676304 0.405932 0.238302 0.00446701
2 0.418901 0.269051 0.837801 0.436497 0.00432968
1 0.51779 0.687834 0.349516 0.276738 0.00419998
1 0.374806 0.688503 0.0635484 0.176471 0.00418091
1 0.248357 0.625501 0.274296 0.200869 0.00411606
2 0.719134 0.259024 0.162113 0.335561 0.0037365
0 0.861145 0.601604 0.0376103 0.251337 0.00359344
1 0.5 0.518717 1 0.962567 0.00353813
2 0.5 0.537433 1 0.925134 0.00340271
1 0.750908 0.470505 0.461698 0.605782 0.00338936
1 0.231498 0.661932 0.224365 0.189505 0.00337601
0 0.259949 0.677808 0.282888 0.243316 0.00332451
0 0.5 0.518717 1 0.962567 0.00316048
2 0.5 0.532086 1 0.935829 0.00313568
0 0.5 0.566845 1 0.86631 0.0030632
1 0.383965 0.733289 0.541945 0.418449 0.00299263
0 0.718648 0.284843 0.45878 0.482453 0.00287819
0 0.5 0.382353 1 0.764706 0.00282288
0 0.5 0.5 1 1 0.00276756
1 0.5 0.313419 1 0.510862 0.00273705
2 0.432518 0.5 0.865036 1 0.00273705
1 0.853364 0.630348 0.0518762 0.241979 0.0027256
1 0.692548 0.273396 0.189348 0.332888 0.0026722
1 0.669203 0.593583 0.504496 0.477273 0.00264168
2 0.802828 0.347594 0.394345 0.52139 0.00263214
0 0.378048 0.676304 0.405932 0.238302 0.00261116
1 0.470777 0.684492 0.206208 0.187166 0.558105
1 0.25549 0.662433 0.273647 0.184492 0.240723
1 0.874115 0.624332 0.0674391 0.183155 0.044281
1 0.513899 0.68516 0.13423 0.183155 0.0253754
1 0.628351 0.668449 0.399447 0.245989 0.0125275
1 0.887084 0.629512 0.0700329 0.171457 0.0122375
1 0.728213 0.704378 0.421494 0.361297 0.01017
1 0.538216 0.683155 0.0842988 0.176471 0.00993347
1 0.72497 0.647059 0.36054 0.244652 0.0085144
1 0.137148 0.64238 0.041501 0.124332 0.008255
1 0.420197 0.685829 0.118667 0.165775 0.00796509
2 0.475964 0.676471 0.212693 0.192513 0.00614548
1 0.643427 0.278075 0.2409 0.270722 0.00524139
2 0.643427 0.278075 0.2409 0.270722 0.00460815
1 0.143632 0.643048 0.0933772 0.127005 0.00426483
1 0.9296 0.589572 0.1408 0.31016 0.00388527
2 0.686063 0.266126 0.151738 0.312667 0.00382423
2 0.25549 0.662433 0.273647 0.184492 0.00365067
1 0.824184 0.595588 0.172488 0.286096 0.00281143
1 0.5554 0.291444 0.46105 0.406417 0.00265312
0 0.621866 0.279495 0.276241 0.264539 0.0026207
1 0.293668 0.597761 0.35292 0.408757 0.00234985
1 0.122071 0.643048 0.0632242 0.129679 0.00229645
1 0.898756 0.636196 0.0804081 0.163436 0.00223351
1 0.308015 0.667112 0.367673 0.195187 0.00209999
0 0.470777 0.684492 0.206208 0.187166 0.00208282
1 0.591227 0.665775 0.511305 0.291444 0.00200272
2 0.885787 0.61113 0.0674391 0.160094 0.00197983
2 0.424412 0.738636 0.848825 0.522727 0.0019722
0 0.424412 0.738636 0.848825 0.522727 0.00194931
1 0.568693 0.278743 0.395556 0.31885 0.00193405
2 0.37513 0.70254 0.75026 0.59492 0.00193405
1 0.37513 0.70254 0.75026 0.59492 0.00186729
0 0.37513 0.70254 0.75026 0.59492 0.00186062
1 0.424412 0.738636 0.848825 0.522727 0.00179577
1 0.410471 0.845588 0.820941 0.308823 0.00178909
2 0.410471 0.845588 0.820941 0.308823 0.00176144
2 0.473371 0.528075 0.946741 0.850267 0.00174809
1 0.89815 0.552473 0.2037 0.43516 0.00173378
0 0.410471 0.845588 0.820941 0.308823 0.0017271
2 0.608249 0.259358 0.307367 0.310829 0.00170708
2 0.468831 0.5 0.937663 1 0.00168133
2 0.568693 0.278743 0.395556 0.31885 0.00167465
1 0.927979 0.689171 0.144042 0.342246 0.00166798
1 0.375778 0.771056 0.522005 0.457888 0.0016489
1 0.704101 0.763369 0.591799 0.473262 0.00161648
0 0.547943 0.25869 0.466886 0.356952 0.0015974
0 0.468831 0.5 0.937663 1 0.00158501
0 0.473371 0.528075 0.946741 0.850267 0.00157928
2 0.556902 0.84492 0.886197 0.31016 0.00157356
1 0.474667 0.68115 0.215286 0.200535 0.912598
1 0.890974 0.618315 0.0752205 0.191176 0.287842
1 0.886435 0.591578 0.0674391 0.161765 0.0769653
2 0.647156 0.289104 0.254194 0.284759 0.0766602
2 0.80473 0.136197 0.0855958 0.0731952 0.0354004
2 0.789816 0.123162 0.134878 0.111297 0.0335999
1 0.892271 0.647059 0.0907834 0.176471 0.0269623
2 0.691251 0.264372 0.145253 0.235294 0.0250854
2 0.681524 0.234291 0.153035 0.163102 0.0218658
1 0.883193 0.56484 0.0726267 0.102941 0.0145569
2 0.886435 0.591578 0.0674391 0.161765 0.0124283
2 0.636781 0.255013 0.232146 0.225267 0.0109024
2 0.754799 0.121992 0.0778143 0.0942513 0.0108185
1 0.135202 0.635027 0.041501 0.15107 0.00912476
2 0.65818 0.272393 0.182864 0.29746 0.0086441
2 0.616679 0.210227 0.215286 0.139037 0.00757599
2 0.673094 0.216243 0.114128 0.122995 0.00624084
2 0.705517 0.222426 0.140066 0.238971 0.00579834
1 0.080246 0.633523 0.160492 0.24365 0.00475693
2 0.892271 0.647059 0.0907834 0.176471 0.00452042
2 0.508387 0.311497 0.075869 0.0708556 0.00443268
1 0.0872574 0.653075 0.145172 0.179144 0.00413513
1 0.47791 0.64238 0.195833 0.140374 0.00388527
2 0.90135 0.605615 0.095971 0.225936 0.00378036
1 0.0804082 0.684492 0.160816 0.291444 0.00376511
1 0.80473 0.136197 0.0855958 0.0731952 0.00359344
1 0.90135 0.605615 0.095971 0.225936 0.00348282
1 0.225499 0.641043 0.18254 0.159091 0.00327301
1 0.109913 0.639037 0.0953226 0.156417 0.00324821
1 0.0811377 0.547126 0.162275 0.368315 0.00307465
0 0.886435 0.591578 0.0674391 0.161765 0.00294685
1 0.789816 0.123162 0.134878 0.111297 0.00291252
1 0.14039 0.660595 0.0755448 0.197527 0.0026722
2 0.476613 0.67363 0.212693 0.184826 0.0026207
2 0.695142 0.26738 0.111534 0.311497 0.00261116
2 0.597225 0.18867 0.226959 0.17012 0.00259018
1 0.644724 0.282086 0.233119 0.27607 0.00245285
2 0.560912 0.182152 0.175082 0.151738 0.00243378
1 0.473371 0.625668 0.203614 0.101604 0.00243378
0 0.80473 0.136197 0.0855958 0.0731952 0.00236893
2 0.614085 0.226771 0.228255 0.189505 0.00235939
1 0.802785 0.701705 0.293101 0.353275 0.00223351
1 0.265541 0.656417 0.281429 0.195187 0.00221634
2 0.632242 0.263035 0.284022 0.410428 0.00219154
2 0.576799 0.310829 0.104401 0.0868984 0.00212479
0 0.647804 0.286765 0.250303 0.256684 0.0020752
1 0.754799 0.121992 0.0778143 0.0942513 0.00200272
0 0.892271 0.647059 0.0907834 0.176471 0.0019722
1 0.0821914 0.630348 0.164383 0.350267 0.00194168
2 0.806027 0.100978 0.177676 0.183072 0.00162888
1 0.470128 0.685829 0.220474 0.187166 0.95752
1 0.883193 0.610294 0.0881896 0.219251 0.84375
2 0.638078 0.262701 0.274944 0.322861 0.27124
2 0.308339 0.263369 0.0693845 0.0554813 0.248047
2 0.819644 0.143048 0.055767 0.046123 0.179565
2 0.645859 0.296791 0.241224 0.252674 0.146606
1 0.505793 0.681818 0.141363 0.192513 0.146118
2 0.264569 0.388369 0.0564154 0.0508021 0.129395
2 0.583608 0.196524 0.233443 0.165775 0.0734253
2 0.538216 0.180816 0.14266 0.130348 0.0665894
2 0.636781 0.306484 0.225662 0.173797 0.0596619
1 0.138445 0.640207 0.0457159 0.134024 0.0583496
2 0.497688 0.317848 0.104401 0.0802139 0.0570679
1 0.832614 0.147727 0.0570638 0.0528075 0.0528259
1 0.819644 0.143048 0.055767 0.046123 0.0455322
0 0.832614 0.147727 0.0570638 0.0528075 0.0453491
1 0.0740047 0.620989 0.148009 0.21123 0.0437012
2 0.54924 0.24482 0.133581 0.261698 0.0424805
1 0.536919 0.173295 0.137472 0.120655 0.0414734
1 0.167625 0.645054 0.102456 0.148396 0.0387573
2 0.832614 0.147727 0.0570638 0.0528075 0.0384521
1 0.254761 0.648396 0.275106 0.160428 0.036499
2 0.335899 0.262032 0.0518762 0.0528075 0.033844
2 0.63289 0.24858 0.237334 0.191344 0.0333252
2 0.730158 0.124332 0.041501 0.0614973 0.0298767
0 0.819644 0.143048 0.055767 0.046123 0.0296478
1 0.147037 0.647226 0.0635484 0.154746 0.0270691
2 0.27462 0.383356 0.0791113 0.0635027 0.0253296
2 0.0666285 0.907085 0.133257 0.163102 0.0246124
2 0.789167 0.132353 0.0713298 0.0608289 0.0226746
1 0.643914 0.281417 0.249006 0.288102 0.0213623
2 0.749612 0.39238 0.0648453 0.0561497 0.0209656
2 0.311906 0.255348 0.0674391 0.072861 0.02034
1 0.181243 0.51738 0.0745721 0.0487968 0.0189819
0 0.0667906 0.90508 0.133581 0.168449 0.0189819
2 0.549888 0.311832 0.0544701 0.0741979 0.016922
2 0.767768 0.527406 0.0337196 0.0314171 0.0143356
1 0.549888 0.185495 0.159519 0.147727 0.0130692
2 0.713298 0.363636 0.127097 0.120321 0.0130234
1 0.767768 0.527406 0.0337196 0.0314171 0.0120544
2 0.616192 0.218583 0.189024 0.135027 0.0117798
1 0.437057 0.152574 0.0622515 0.0571524 0.011116
1 0.492176 0.158088 0.0791112 0.0782086 0.0107346
2 0.547943 0.0237299 0.0479855 0.0434492 0.0100937
0 0.27462 0.383356 0.0791113 0.0635027 0.00974274
2 0.806027 0.109793 0.0466886 0.0484626 0.00971222
1 0.110399 0.709893 0.0726267 0.125668 0.00919342
2 0.248682 0.389372 0.048634 0.0528075 0.00901794
1 0.264569 0.388369 0.0564154 0.0508021 0.00878143
2 0.832614 0.151237 0.0622514 0.0735294 0.00844574
1 0.471101 0.679813 0.212693 0.195187 0.838867
1 0.889677 0.622995 0.0804081 0.197861 0.478516
1 0.258165 0.652574 0.273485 0.173463 0.323486
1 0.898756 0.631183 0.101159 0.226939 0.0446777
2 0.645697 0.276822 0.246736 0.276571 0.0180511
1 0.718486 0.66377 0.361837 0.263369 0.0113297
0 0.652344 0.279997 0.252897 0.276905 0.00933838
0 0.824832 0.142714 0.0570639 0.0528075 0.008255
0 0.834559 0.146056 0.0635484 0.0591578 0.00653839
2 0.824832 0.142714 0.0570639 0.0528075 0.00591278
2 0.505793 0.311497 0.0726267 0.0641711 0.00572968
2 0.768417 0.529412 0.0350164 0.040107 0.00568771
0 0.0575502 0.906417 0.1151 0.187166 0.00564194
0 0.568045 0.197694 0.198427 0.165441 0.00526047
1 0.768417 0.529412 0.0350164 0.040107 0.0045929
0 0.607114 0.22861 0.129366 0.15107 0.00436401
0 0.886435 0.611631 0.0817051 0.18984 0.00400543
1 0.645697 0.276822 0.246736 0.276571 0.00335121
2 0.497363 0.314505 0.095971 0.0695187 0.00332451
1 0.557021 0.190174 0.175082 0.153743 0.00327301
2 0.0636294 0.903075 0.127259 0.19385 0.00313568
1 0.0805703 0.623663 0.161141 0.201872 0.0029583
2 0.58685 0.247326 0.39815 0.308824 0.0028553
2 0.568045 0.197694 0.198427 0.165441 0.00277901
2 0.605655 0.216578 0.1258 0.126337 0.00273705
2 0.693196 0.273061 0.166004 0.288102 0.00273705
0 0.768417 0.529412 0.0350164 0.040107 0.0024929
1 0.924412 0.667112 0.151175 0.322192 0.00232315
1 0.879302 0.60361 0.083002 0.191176 0.00223351
1 0.824832 0.142714 0.0570639 0.0528075 0.00214958
1 0.336871 0.663102 0.451323 0.204545 0.00211525
2 0.894865 0.60361 0.095971 0.220588 0.00208282
1 0.118991 0.639037 0.072951 0.145722 0.00200272
0 0.693196 0.273061 0.166004 0.288102 0.00194168
2 0.834559 0.146056 0.0635484 0.0591578 0.00188255
0 0.253464 0.466243 0.166166 0.237299 0.00188255
2 0.548915 0.0203877 0.0564154 0.0399398 0.0018177
1 0.0636294 0.903075 0.127259 0.19385 0.00173378
1 0.265217 0.711898 0.293749 0.284759 0.0017004
0 0.454565 0.874332 0.30607 0.227273 0.0016613
1 0.92344 0.617647 0.153121 0.266043 0.00162315
1 0.834559 0.146056 0.0635484 0.0591578 0.00153637
2 0.444515 0.389372 0.208153 0.223262 0.00145531
0 0.556697 0.17998 0.187403 0.127674 0.00138855
2 0.458132 0.321524 0.169246 0.092246 0.00135612
1 0.915616 0.633021 0.119315 0.204545 0.00131989
0 0.216908 0.460227 0.262623 0.229278 0.00131512
0 0.618786 0.249916 0.339465 0.318349 0.00127411
1 0.672932 0.64639 0.46721 0.266043 0.00118351
2 0.556697 0.17998 0.187403 0.127674 0.0011425
1 0.470777 0.678476 0.225662 0.19385 0.861328
1 0.890974 0.592914 0.095971 0.251337 0.415771
2 0.70422 0.270053 0.145253 0.31016 0.348633
2 0.662557 0.263703 0.223392 0.318182 0.213989
1 0.887732 0.626838 0.10894 0.227607 0.131592
2 0.887084 0.596925 0.0868927 0.217914 0.0869141
2 0.887732 0.633523 0.0946741 0.227607 0.0501404
2 0.615382 0.257019 0.329414 0.35361 0.0387573
1 0.894865 0.605448 0.112831 0.315842 0.0243378
1 0.253869 0.649064 0.284671 0.188503 0.0201721
1 0.88449 0.592246 0.0855958 0.195187 0.013588
1 0.0812187 0.701203 0.162437 0.417112 0.0119171
0 0.887084 0.596925 0.0868927 0.217914 0.0116882
0 0.557994 0.186832 0.212044 0.164439 0.0086441
2 0.0783817 0.699198 0.156763 0.386364 0.00800323
2 0.560912 0.18232 0.213989 0.164104 0.00653839
2 0.643265 0.235294 0.0894865 0.199198 0.00624084
2 0.633538 0.207219 0.0791112 0.150401 0.00619125
2 0.691251 0.226939 0.138769 0.298128 0.00600433
1 0.705517 0.261029 0.14655 0.330214 0.00572968
2 0.847571 0.267547 0.304859 0.535094 0.00557709
1 0.725619 0.661765 0.354055 0.217914 0.00526047
2 0.769065 0.529412 0.0259381 0.0320856 0.00486755
0 0.705517 0.261029 0.14655 0.330214 0.0046463
2 0.503848 0.316176 0.0817051 0.0675134 0.00453949
2 0.915616 0.627172 0.147847 0.240307 0.00446701
2 0.613274 0.257938 0.254518 0.28359 0.00443268
2 0.699681 0.177975 0.0972679 0.188168 0.00438309
1 0.0750584 0.629679 0.150117 0.200535 0.00436401
2 0.73247 0.983289 0.535059 0.0334224 0.00348282
1 0.662557 0.263703 0.223392 0.318182 0.00327301
2 0.0628999 0.902406 0.1258 0.195187 0.0029583
0 0.244305 0.47393 0.172164 0.225936 0.0026722
0 0.887732 0.633523 0.0946741 0.227607 0.00251198
2 0.0756258 0.486046 0.151252 0.585394 0.00236893
2 0.200372 0.249666 0.400744 0.499332 0.00228691
2 0.474019 0.318182 0.154332 0.0695187 0.00218201
2 0.0724646 0.571858 0.144929 0.453877 0.00210762
2 0.0778143 0.660428 0.155629 0.358289 0.00196457
1 0.0748963 0.643215 0.149793 0.162767 0.00192642
0 0.662557 0.263703 0.223392 0.318182 0.00191212
2 0.590092 0.232453 0.236037 0.221591 0.00190449
1 0.769065 0.529412 0.0259381 0.0320856 0.00186062
0 0.769065 0.529412 0.0259381 0.0320856 0.0018177
2 0.63289 0.983289 0.591389 0.0334224 0.00179577
2 0.495742 0.245321 0.528489 0.319519 0.00179577
2 0.0792734 0.734626 0.158547 0.483957 0.00179577
2 0.888381 0.572861 0.095971 0.287433 0.00175476
1 0.130015 0.636364 0.041501 0.114973 0.00170708
1 0.0792734 0.630348 0.158547 0.231283 0.00168705
1 0.472722 0.68115 0.210099 0.192513 0.824219
1 0.890974 0.600936 0.0804082 0.207219 0.521484
1 0.117735 0.637032 0.074491 0.128342 0.204956
1 0.127745 0.636364 0.0570639 0.121658 0.0698242
0 0.710704 0.266628 0.137472 0.308991 0.053009
2 0.50709 0.314171 0.0842989 0.0762032 0.0446777
1 0.258084 0.645722 0.280132 0.188503 0.0265503
2 0.689954 0.268633 0.166004 0.300969 0.0250854
0 0.889677 0.587233 0.0778143 0.197193 0.0227966
1 0.879302 0.571524 0.0752206 0.149733 0.0204926
1 0.0919182 0.629512 0.121909 0.152741 0.0180511
1 0.114411 0.624164 0.0824346 0.16611 0.0150146
2 0.718486 0.266628 0.145253 0.314338 0.0127258
0 0.778144 0.529412 0.041501 0.0467914 0.0106125
2 0.0652506 0.898396 0.130501 0.203209 0.00933838
0 0.879302 0.571524 0.0752206 0.149733 0.00881195
0 0.50709 0.314171 0.0842989 0.0762032 0.00871277
2 0.545349 0.31016 0.0531731 0.0708556 0.00821686
2 0.889677 0.587233 0.0778143 0.197193 0.00712204
2 0.644562 0.269385 0.23474 0.283422 0.00695801
0 0.27308 0.453209 0.145091 0.252674 0.00595856
0 0.668555 0.271056 0.193239 0.291444 0.00526047
1 0.0781386 0.610294 0.156277 0.207219 0.00450516
0 0.276889 0.391711 0.0817051 0.0641711 0.00443268
1 0.0785439 0.623162 0.157088 0.17881 0.00413513
1 0.718486 0.266628 0.145253 0.314338 0.00376511
1 0.689954 0.268633 0.166004 0.300969 0.00359344
2 0.625271 0.308824 0.191618 0.109626 0.00353813
2 0.597225 0.262032 0.261975 0.283422 0.00338936
0 0.0639537 0.904412 0.127907 0.191176 0.00300407
0 0.890974 0.613636 0.0648453 0.184492 0.00291252
0 0.480828 0.380348 0.236685 0.237299 0.0028553
2 0.734049 0.129679 0.0505793 0.0748663 0.00245285
0 0.0778143 0.891711 0.154332 0.216578 0.00242424
0 0.819644 0.139873 0.0700329 0.0671791 0.00237846
0 0.831317 0.143717 0.0726267 0.0628342 0.00229645
2 0.636781 0.252089 0.338492 0.366143 0.00225258
2 0.00688981 0.151237 0.0137796 0.302473 0.0020504
2 0.879302 0.571524 0.0752206 0.149733 0.00204277
2 0.583608 0.294118 0.16341 0.102273 0.00201988
0 0.500606 0.320187 0.103104 0.0962567 0.00201988
2 0.0281266 0.8877 0.0562533 0.224599 0.00194168
0 0.645859 0.261698 0.273647 0.308824 0.00192642
2 0.276889 0.391711 0.0817051 0.0641711 0.00186729
1 0.778144 0.529412 0.041501 0.0467914 0.00186729
1 0.752205 0.695187 0.337196 0.296791 0.00179577
1 0.865036 0.635194 0.132284 0.205548 0.00176144
2 0.690645 0.88369 0.61871 0.23262 0.00176144
0 0.72108 0.252005 0.101159 0.335562 0.00175476
0 0.734049 0.129679 0.0505793 0.0748663 0.0017271
1 0.471101 0.680481 0.212044 0.203209 0.906738
1 0.889677 0.606785 0.0907834 0.248997 0.702637
1 0.126448 0.632353 0.0577123 0.153743 0.0783691
2 0.889677 0.590241 0.0933772 0.256684 0.0651245
0 0.889677 0.590241 0.0933772 0.256684 0.0243378
2 0.643265 0.273479 0.238631 0.304646 0.0172424
1 0.133743 0.639205 0.0405283 0.138703 0.0171051
2 0.509036 0.308155 0.083002 0.0855615 0.0111618
2 0.270405 0.387701 0.0635484 0.052139 0.0109024
1 0.257436 0.654412 0.278835 0.179144 0.00784302
2 0.693196 0.277072 0.138769 0.322193 0.00457382
2 0.628999 0.282169 0.216583 0.164271 0.0037365
1 0.140714 0.648563 0.0531731 0.168115 0.0037365
2 0.600467 0.298797 0.160816 0.104278 0.00353813
2 0.816402 0.139372 0.0531732 0.0581551 0.00329781
2 0.632728 0.301471 0.210423 0.102941 0.00307465
1 0.199399 0.650401 0.159519 0.17246 0.00298119
1 0.114614 0.621658 0.0794355 0.209893 0.00288963
1 0.270405 0.387701 0.0635484 0.052139 0.00245285
2 0.736643 0.129011 0.0518762 0.0895722 0.00223351
2 0.593821 0.253927 0.33752 0.318349 0.00213242
1 0.132609 0.628342 0.0499309 0.203209 0.00203514
2 0.564154 0.304144 0.0765175 0.0842246 0.00198746
2 0.0637916 0.891711 0.127583 0.208556 0.00195694
2 0.500606 0.311497 0.0979164 0.108289 0.00186729
0 0.888381 0.542781 0.103752 0.34492 0.00184631
2 0.496066 0.306484 0.118018 0.137032 0.00179577
1 0.888381 0.542781 0.103752 0.34492 0.00171375
1 0.0982001 0.632353 0.105779 0.177807 0.00153065
2 0.804082 0.120989 0.0648453 0.092246 0.00150108
1 0.866982 0.525735 0.0998617 0.397727 0.00145531
1 0.121747 0.665107 0.0693845 0.205882 0.00138283
1 0.643265 0.273479 0.238631 0.304646 0.00136185
2 0.551509 0.0177139 0.041501 0.0354278 0.00132465
2 0.650398 0.266377 0.154332 0.245989 0.00130463
0 0.866982 0.525735 0.0998617 0.397727 0.00126457
0 0.0939851 0.882353 0.0960521 0.192513 0.00123024
2 0.748315 0.131016 0.0661422 0.0855615 0.00117874
2 0.545997 0.264037 0.418901 0.239305 0.00112438
0 0.653803 0.272727 0.222744 0.306818 0.0011034
2 0.888381 0.542781 0.103752 0.34492 0.00107765
0 0.0632242 0.893382 0.126448 0.213235 0.00104809
0 0.270405 0.387701 0.0635484 0.052139 0.00103664
1 0.474992 0.681985 0.20945 0.197527 0.851074
1 0.892271 0.593416 0.0959711 0.257019 0.464844
1 0.883193 0.616477 0.0868927 0.202874 0.325928
2 0.506442 0.311497 0.0907834 0.0815508 0.118774
2 0.891623 0.583556 0.0985649 0.256684 0.0789185
0 0.891623 0.583556 0.0985649 0.256684 0.0359497
2 0.701626 0.271056 0.124503 0.305481 0.0316162
1 0.2593 0.669786 0.264731 0.213904 0.0244293
2 0.665961 0.259442 0.198427 0.324699 0.0240936
2 0.715892 0.366979 0.0752205 0.110963 0.0199432
2 0.0579555 0.893717 0.115911 0.21123 0.0170441
2 0.548591 0.308155 0.0453917 0.0775401 0.0153046
1 0.238631 0.641711 0.230849 0.153743 0.0144501
0 0.0571449 0.89639 0.11429 0.207219 0.0134811
2 0.503524 0.3125 0.0998618 0.110294 0.0102921
2 0.699681 0.354278 0.083002 0.123663 0.0100937
1 0.140066 0.63887 0.034368 0.144719 0.00993347
2 0.621866 0.255348 0.298288 0.291444 0.00971222
0 0.777495 0.528075 0.0440948 0.0467914 0.00963593
0 0.890974 0.541778 0.110237 0.33623 0.00948334
2 0.592524 0.301136 0.14039 0.0955882 0.00898743
1 0.132933 0.630849 0.0492824 0.152741 0.0086441
2 0.774253 0.313168 0.220474 0.400401 0.0078125
1 0.144443 0.644385 0.0496066 0.15508 0.00734711
0 0.881248 0.522727 0.111534 0.418449 0.00709534
2 0.890974 0.541778 0.110237 0.33623 0.0068779
2 0.583446 0.306818 0.104077 0.0935829 0.00577545
1 0.117978 0.631016 0.0740047 0.164439 0.00508118
2 0.777495 0.528075 0.0440948 0.0467914 0.00494385
0 0.503848 0.324198 0.104401 0.11631 0.00475693
2 0.534974 0.314171 0.0797597 0.104278 0.00400543
2 0.763878 0.382687 0.121909 0.21992 0.00395966
0 0.0832857 0.856952 0.116154 0.227273 0.00367928
2 0.651695 0.269469 0.232146 0.245822 0.00344276
2 0.737291 0.134191 0.0466886 0.0852273 0.00338936
1 0.890974 0.541778 0.110237 0.33623 0.00337601
2 0.575178 0.231451 0.202317 0.259024 0.00336266
2 0.26619 0.389706 0.0570639 0.0474599 0.00314713
0 0.0697087 0.89238 0.122882 0.164439 0.00305176
1 0.110602 0.610963 0.0932962 0.207219 0.00292397
2 0.635484 0.242146 0.103752 0.172794 0.00284576
2 0.883193 0.616477 0.0868927 0.202874 0.00270462
1 0.118707 0.661765 0.074491 0.183155 0.00234222
2 0.766471 0.142213 0.101159 0.0929144 0.00215721
2 0.0697087 0.89238 0.122882 0.164439 0.00213242
2 0.818348 0.143048 0.0881896 0.0715241 0.00208282
2 0.778144 0.213402 0.137472 0.263035 0.00200272
1 0.777495 0.528075 0.0440948 0.0467914 0.00200272
0 0.513575 0.372995 0.138769 0.252005 0.00192642
0 0.0642779 0.830214 0.128556 0.339572 0.00188255
1 0.470777 0.684492 0.216583 0.184492 0.820801
1 0.885138 0.613804 0.0804081 0.210896 0.478516
2 0.887084 0.596257 0.0830019 0.21123 0.215332
2 0.645211 0.279495 0.239928 0.283255 0.137573
2 0.571611 0.309492 0.118667 0.0695187 0.0445862
1 0.122395 0.632353 0.0528489 0.132353 0.0307312
2 0.506442 0.316176 0.0907834 0.0802139 0.0294189
2 0.878005 0.588904 0.0739236 0.175134 0.0236969
2 0.273323 0.389706 0.0680875 0.0514706 0.0230713
2 0.623163 0.308824 0.191942 0.0935829 0.0228882
2 0.516493 0.312166 0.0700329 0.0748663 0.0204926
2 0.679579 0.283422 0.178973 0.275401 0.018692
2 0.88449 0.61748 0.0700329 0.198195 0.0177765
1 0.137472 0.636531 0.0395556 0.128008 0.0131683
2 0.549888 0.308155 0.0466886 0.0735294 0.012825
2 0.702275 0.288436 0.129691 0.257353 0.0119629
0 0.887084 0.596257 0.0830019 0.21123 0.0085144
2 0.597874 0.302808 0.14266 0.0855615 0.00653839
2 0.279807 0.389706 0.0868927 0.0628342 0.00536346
2 0.824832 0.144051 0.0596576 0.0534759 0.00534439
1 0.878005 0.588904 0.0739236 0.175134 0.0050621
2 0.631431 0.242647 0.150765 0.160428 0.00471878
0 0.88449 0.61748 0.0700329 0.198195 0.00446701
0 0.878005 0.588904 0.0739236 0.175134 0.00426483
2 0.0531731 0.913102 0.103752 0.173797 0.00391388
0 0.279483 0.389706 0.075869 0.0628342 0.00374985
1 0.121585 0.659759 0.068736 0.153743 0.00348282
1 0.331035 0.660428 0.442893 0.184492 0.00345612
1 0.141363 0.64238 0.0538216 0.148396 0.00314713
2 0.470128 0.679144 0.211396 0.171123 0.00291252
2 0.77555 0.521725 0.027235 0.0300802 0.00290108
0 0.77555 0.521725 0.027235 0.0300802 0.00288963
2 0.836504 0.143717 0.05447 0.0514706 0.00275803
0 0.273323 0.389706 0.0680875 0.0514706 0.00254059
1 0.524923 0.684492 0.110885 0.171123 0.00245285
1 0.117208 0.624332 0.0752205 0.157754 0.00237846
1 0.112669 0.736631 0.0460402 0.0641711 0.00230598
2 0.738588 0.144218 0.0505793 0.104278 0.00229645
2 0.55313 0.016377 0.0363133 0.032754 0.00220871
2 0.737291 0.131183 0.0440948 0.0912433 0.00212479
2 0.617327 0.21992 0.120612 0.135027 0.00203514
2 0.768417 0.141377 0.0920803 0.0721925 0.00178242
2 0.55313 0.316511 0.0726268 0.0942513 0.00177479
2 0.740533 0.288102 0.259381 0.312834 0.00167465
2 0.317093 0.264037 0.0609546 0.0508022 0.00158501
2 0.254842 0.391043 0.0641968 0.0561497 0.00155449
0 0.571611 0.309492 0.118667 0.0695187 0.0015192
2 0.588147 0.228108 0.171192 0.188837 0.00135136
1 0.188051 0.640207 0.135527 0.139372 0.0012064
2 0.579068 0.229278 0.206208 0.241979 0.00117874
1 0.475964 0.68115 0.211396 0.187166 0.838867
1 0.887732 0.598763 0.083002 0.232955 0.546875
1 0.112344 0.631685 0.0654937 0.108289 0.289307
1 0.130015 0.637701 0.0505793 0.11631 0.0598755
1 0.876708 0.551471 0.0752206 0.255348 0.0214539
2 0.770362 0.293449 0.229552 0.309492 0.012825
1 0.123855 0.625501 0.0645211 0.158088 0.0121002
1 0.887084 0.559158 0.0881896 0.316176 0.0118256
1 0.118505 0.649733 0.0710056 0.141711 0.0114212
2 0.659963 0.278743 0.218204 0.280749 0.0085144
1 0.507739 0.681818 0.150441 0.177807 0.00751877
0 0.0842584 0.889706 0.0928098 0.167112 0.00658798
2 0.55313 0.304144 0.0583608 0.065508 0.00621796
0 0.100794 0.864973 0.0655748 0.213904 0.00559998
2 0.569342 0.303476 0.0855958 0.0842246 0.0053215
2 0.700978 0.278409 0.145253 0.286765 0.00477219
2 0.529138 0.311497 0.0479855 0.0762032 0.00397491
2 0.785925 0.323529 0.186754 0.351604 0.00388527
2 0.0618462 0.897059 0.104563 0.195187 0.00351143
1 0.109751 0.729278 0.0551185 0.102941 0.00318527
1 0.865036 0.508021 0.0726268 0.342246 0.00279999
0 0.887732 0.572861 0.0855957 0.266043 0.00277901
2 0.77944 0.324866 0.137472 0.290107 0.00261116
0 0.0655748 0.886364 0.0977543 0.217914 0.00259018
1 0.774901 0.525401 0.0324226 0.0414438 0.0017004
2 0.0842584 0.889706 0.0928098 0.167112 0.00162315
2 0.606952 0.319519 0.156926 0.122995 0.00158501
0 0.865036 0.508021 0.0726268 0.342246 0.00144958
0 0.774901 0.525401 0.0324226 0.0414438 0.00125504
0 0.876708 0.551471 0.0752206 0.255348 0.00117397
2 0.503199 0.323529 0.0946741 0.092246 0.0011692
2 0.887732 0.572861 0.0855957 0.266043 0.00112438
1 0.853364 0.411848 0.0726267 0.395555 0.00108624
2 0.651047 0.228944 0.0778143 0.123663 0.00106525
2 0.6076 0.288854 0.354055 0.284592 0.00104427
2 0.706976 0.284759 0.256463 0.281417 0.00102043
1 0.0724646 0.656417 0.144929 0.171123 0.00100803
1 0.478234 0.683155 0.20945 0.199198 0.86084
1 0.892271 0.612132 0.0959711 0.222259 0.638672
2 0.714595 0.281751 0.101159 0.29746 0.184204
2 0.550861 0.310829 0.0538216 0.0628342 0.106323
1 0.1258 0.636531 0.061603 0.130682 0.0438538
2 0.681038 0.275067 0.204587 0.290775 0.0273285
1 0.132933 0.641711 0.041501 0.128342 0.0266571
2 0.571287 0.304813 0.0933772 0.0895722 0.0105667
2 0.622515 0.263035 0.215286 0.264037 0.00955963
1 0.139742 0.649064 0.0525247 0.15508 0.00854492
2 0.737939 0.279746 0.16341 0.293449 0.0085144
2 0.892271 0.600936 0.0933772 0.216578 0.00831604
0 0.892271 0.600936 0.0933772 0.216578 0.00743103
1 0.119315 0.650401 0.0713298 0.153743 0.00548935
1 0.110885 0.627172 0.0881896 0.165441 0.00446701
0 0.126773 0.890374 0.048634 0.114973 0.00385475
2 0.531407 0.313503 0.0499309 0.0708556 0.00363541
1 0.881896 0.596257 0.0817051 0.200535 0.00234222
2 0.653641 0.257353 0.0830019 0.193182 0.00182438
2 0.507739 0.31885 0.0933772 0.0775401 0.00153065
0 0.134878 0.874332 0.0547943 0.0748663 0.00146675
2 0.526868 0.305147 0.0628999 0.0895722 0.00130463
0 0.131474 0.911765 0.0499309 0.0721925 0.00128937
0 0.832614 0.145388 0.0700329 0.0741979 0.0012846
0 0.120774 0.914438 0.0505793 0.0882353 0.00126934
2 0.618624 0.259275 0.290507 0.294285 0.00112438
2 0.285238 0.391711 0.0727888 0.0641711 0.00106049
0 0.782034 0.524064 0.0427978 0.0447861 0.00102043
1 0.472398 0.679813 0.212044 0.204545 0.834473
1 0.890974 0.610795 0.0881895 0.214238 0.558105
2 0.657531 0.290441 0.247709 0.284759 0.0418396
2 0.890974 0.596257 0.0907834 0.219251 0.0309143
2 0.669203 0.286681 0.176379 0.270221 0.0149002
2 0.558966 0.304813 0.083002 0.0721925 0.0086441
0 0.890974 0.596257 0.0907834 0.219251 0.00728989
1 0.118991 0.63369 0.0583608 0.136364 0.00534439
1 0.107278 0.61631 0.0856768 0.180481 0.00426483
1 0.881248 0.584225 0.081705 0.173797 0.00416565
2 0.511629 0.310829 0.0732752 0.0695187 0.00399017
1 0.25622 0.650902 0.270891 0.171457 0.00380898
1 0.132933 0.63887 0.0395556 0.134024 0.0037365
1 0.116884 0.655749 0.0674391 0.181818 0.00234222
1 0.141039 0.645889 0.0534974 0.162767 0.00228691
2 0.881248 0.584225 0.081705 0.173797 0.00218201
1 0.132122 0.620989 0.0593334 0.180481 0.00216484
0 0.893568 0.620321 0.0778143 0.204545 0.00211525
2 0.582149 0.304813 0.117046 0.0909091 0.00153637
0 0.881248 0.584225 0.081705 0.173797 0.00149536
2 0.648615 0.274733 0.142335 0.234626 0.00125504
2 0.548591 0.31016 0.0466886 0.0668449 0.00125504
0 0.558966 0.304813 0.083002 0.0721925 0.0012064
1 0.471425 0.678977 0.208802 0.206217 0.881836
1 0.889677 0.606283 0.0881896 0.227273 0.385742
2 0.889677 0.592246 0.0933772 0.229947 0.0930176
0 0.889677 0.608122 0.0778143 0.224933 0.02034
1 0.124179 0.641711 0.0667906 0.15107 0.0116882
2 0.578096 0.306818 0.113479 0.0935829 0.00751877
1 0.257436 0.650902 0.274944 0.174131 0.00538635
2 0.545349 0.311832 0.0492825 0.0808823 0.0051384
2 0.521356 0.311497 0.0622515 0.0721925 0.00432968
2 0.515844 0.305815 0.0739237 0.0902406 0.00322342
1 0.115789 0.620989 0.0718972 0.163102 0.00286674
1 0.885787 0.574866 0.0946741 0.195187 0.00261116
1 0.127097 0.637533 0.0505793 0.13135 0.00236893
2 0.504496 0.31484 0.0972679 0.0775401 0.00218201
0 0.885787 0.574866 0.0946741 0.195187 0.00181007
2 0.656397 0.27607 0.243494 0.290107 0.00139904
0 0.545349 0.311832 0.0492825 0.0808823 0.00117874
2 0.680227 0.28267 0.177676 0.272894 0.00110722
1 0.474019 0.675802 0.207505 0.196524 0.859863
1 0.889677 0.606785 0.0791113 0.195521 0.458984
2 0.890326 0.59893 0.0804081 0.199198 0.0570679
0 0.892271 0.618984 0.0752206 0.191176 0.012291
2 0.529462 0.313168 0.0447432 0.065508 0.00769424
2 0.547618 0.3125 0.0486339 0.0648396 0.00521851
2 0.879951 0.574532 0.0739236 0.138369 0.00484848
1 0.118302 0.646892 0.0746531 0.139372 0.00426483
1 0.123368 0.63252 0.0573881 0.114639 0.00379562
2 0.569342 0.304479 0.0946741 0.0835562 0.00291252
1 0.879951 0.574532 0.0739236 0.138369 0.0019722
1 0.117046 0.620321 0.0700329 0.152406 0.00167465
2 0.503524 0.318182 0.095971 0.0708556 0.00163555
1 0.255166 0.643215 0.271053 0.154746 0.00150108
0 0.879951 0.574532 0.0739236 0.138369 0.00124931
2 0.524923 0.304479 0.0551185 0.0835562 0.00118351
2 0.776847 0.524733 0.0389072 0.0374331 0.00109005
1 0.472074 0.679813 0.219177 0.204545 0.901367
1 0.892271 0.610963 0.0855957 0.209893 0.519531
2 0.893568 0.600936 0.0855958 0.205882 0.0232391
2 0.518762 0.314171 0.0661422 0.0695187 0.00453949
2 0.566099 0.310829 0.112831 0.0949198 0.00439835
1 0.12353 0.63369 0.0596577 0.132353 0.00403976
0 0.890974 0.613804 0.0881895 0.202874 0.00271416
2 0.504821 0.319184 0.0946741 0.0768717 0.00255013
1 0.121099 0.65508 0.0723025 0.168449 0.00234222
1 0.13196 0.637701 0.0473371 0.13369 0.00214958
1 0.119802 0.622828 0.0690602 0.163436 0.0018034
1 0.883841 0.577874 0.0817051 0.155749 0.0016489
2 0.883841 0.577874 0.0817051 0.155749 0.00154305
2 0.512602 0.307152 0.0804082 0.0929144 0.00151253
2 0.549564 0.314171 0.0486339 0.0668449 0.00143814
1 0.138283 0.643717 0.061603 0.147059 0.00135612
1 0.255815 0.650401 0.272999 0.168449 0.00135136
2 0.638726 0.270137 0.276241 0.292614 0.00134087
2 0.706814 0.281334 0.14266 0.275568 0.00129414
1 0.467535 0.679144 0.219177 0.208556 0.823242
1 0.894865 0.607119 0.0907834 0.218917 0.422607
2 0.894865 0.602273 0.0881896 0.225936 0.0259552
1 0.124179 0.631016 0.061603 0.136364 0.0041008
2 0.552806 0.300802 0.0693845 0.109626 0.00353813
0 0.894865 0.602273 0.0881896 0.225936 0.00322342
2 0.662881 0.281083 0.222744 0.282086 0.00307465
2 0.580365 0.305147 0.116721 0.0942513 0.00230598
1 0.121747 0.656417 0.0723025 0.177807 0.00219917
1 0.134068 0.643215 0.0564154 0.152072 0.00195694
2 0.499957 0.320856 0.103752 0.0935829 0.00175476
2 0.518114 0.312834 0.0680875 0.0802139 0.00168705
1 0.119032 0.620989 0.0731941 0.17246 0.00161076
2 0.691251 0.287767 0.159519 0.28008 0.00112915
2 0.885787 0.574532 0.0804081 0.177139 0.00104427
1 0.470128 0.680481 0.213989 0.203209 0.81543
1 0.890974 0.605615 0.0752205 0.21123 0.443604
2 0.890974 0.600936 0.0804082 0.212567 0.0252686
1 0.120126 0.640374 0.0625757 0.137701 0.011116
0 0.890974 0.600936 0.0804082 0.212567 0.0019722
2 0.569666 0.304144 0.0992133 0.0868984 0.00191212
2 0.521356 0.3125 0.0635484 0.0708556 0.00133514
2 0.54081 0.312166 0.0551185 0.0842246 0.00123501
1 0.881248 0.56484 0.0713298 0.13369 0.0012064
2 0.501254 0.320187 0.10051 0.0775401 0.00106049
1 0.471101 0.680314 0.215935 0.200869 0.856934
1 0.890974 0.606283 0.0830019 0.209893 0.542969
2 0.890974 0.600936 0.0830019 0.209893 0.0110321
0 0.890974 0.609626 0.0804082 0.208556 0.00242424
1 0.126286 0.641043 0.0603061 0.147059 0.00169373
1 0.881896 0.581551 0.0752206 0.159091 0.00121117
1 0.470777 0.68115 0.214638 0.201872 0.839844
1 0.890326 0.608456 0.0817051 0.205548 0.523438
2 0.890326 0.600434 0.0804081 0.200201 0.00815582
1 0.128394 0.639706 0.0551185 0.139037 0.00259018
0 0.890974 0.612299 0.0778143 0.204545 0.00222588
2 0.571611 0.307487 0.101807 0.0935829 0.0011425
1 0.880599 0.574532 0.0726268 0.138369 0.00102806
1 0.470777 0.68115 0.214638 0.201872 0.839844
1 0.890326 0.608456 0.0817051 0.205548 0.523438
2 0.890326 0.600434 0.0804081 0.200201 0.00812531
1 0.128394 0.639706 0.0551185 0.139037 0.00258064
0 0.890974 0.612299 0.0778143 0.204545 0.00221634
2 0.571611 0.307487 0.101807 0.0935829 0.00113392
1 0.880599 0.574532 0.0726268 0.138369 0.00102806
