1 0.458728 0.483836 0.104095 0.161638 0.819824
1 0.16972 0.493535 0.0989224 0.159483 0.747559
1 0.314871 0.195582 0.0640086 0.0926724 0.11084
1 0.442888 0.491379 0.111207 0.163793 0.0761108
0 0.16972 0.493535 0.0989224 0.159483 0.0670776
2 0.314871 0.195582 0.0640086 0.0926724 0.0656128
0 0.458728 0.483836 0.104095 0.161638 0.0548096
1 0.457759 0.501078 0.113793 0.217672 0.0528259
0 0.437392 0.488147 0.0627155 0.154095 0.0391235
2 0.437392 0.488147 0.0627155 0.154095 0.036499
0 0.314871 0.195582 0.0640086 0.0926724 0.0332031
1 0.437392 0.488147 0.0627155 0.154095 0.0302124
2 0.16972 0.491379 0.0966595 0.16056 0.0252686
2 0.453879 0.484914 0.1125 0.172414 0.0147324
1 0.328772 0.188578 0.0918103 0.106681 0.00923157
1 0.534698 0.557651 0.0762931 0.127155 0.0069046
2 0.328772 0.188578 0.0918103 0.106681 0.00619125
0 0.442888 0.491379 0.111207 0.163793 0.00494385
0 0.457112 0.491379 0.127371 0.193966 0.00469971
1 0.171013 0.4375 0.113793 0.298491 0.00443268
2 0.171013 0.4375 0.113793 0.298491 0.00428009
1 0.39181 0.508082 0.198491 0.164871 0.00413513
0 0.328772 0.188578 0.0918103 0.106681 0.00385475
0 0.5 0.5 1 1 0.00374985
2 0.5 0.5 1 1 0.0037365
1 0.5 0.5 1 1 0.00342941
2 0.5 0.5 1 1 0.00316048
2 0.286746 0.191272 0.0226293 0.0996767 0.00314713
1 0.5 0.5 1 1 0.00314713
1 0.311638 0.185614 0.100862 0.0878233 0.00300407
0 0.5 0.5 1 1 0.00300407
2 0.198006 0.31681 0.137392 0.0894396 0.00288963
0 0.458405 0.5 0.91681 1 0.0028553
0 0.5 0.5 1 1 0.00284576
0 0.5 0.5 1 1 0.00282288
0 0.286746 0.191272 0.0226293 0.0996767 0.00279045
2 0.458405 0.5 0.91681 1 0.00271416
0 0.471983 0.482759 0.148707 0.239224 0.00261116
2 0.497522 0.5 0.995043 1 0.00258064
0 0.5 0.5 1 1 0.00255013
2 0.5 0.5 1 1 0.00252151
2 0.5 0.5 1 1 0.00251198
2 0.5 0.5 1 1 0.0024929
1 0.158082 0.306034 0.155496 0.59806 0.00245285
1 0.5 0.5 1 1 0.00245285
0 0.162931 0.484914 0.102155 0.209052 0.0024147
0 0.171013 0.4375 0.113793 0.298491 0.002388
1 0.5 0.5 1 1 0.00236893
1 0.5 0.5 1 1 0.00236893
2 0.5 0.5 1 1 0.00234222
1 0.170043 0.500539 0.0827586 0.149784 0.855957
1 0.45 0.488147 0.102155 0.165948 0.767578
1 0.29903 0.190194 0.0400862 0.0668104 0.0600891
1 0.297414 0.170259 0.0342672 0.0765086 0.0354004
1 0.181681 0.509698 0.0969827 0.143319 0.0125275
2 0.449353 0.488147 0.0976293 0.161638 0.00847626
2 0.29903 0.190194 0.0400862 0.0668104 0.00784302
2 0.297414 0.170259 0.0342672 0.0765086 0.00540543
0 0.297414 0.170259 0.0342672 0.0765086 0.00526047
1 0.466164 0.492996 0.108621 0.171336 0.00479126
2 0.170851 0.490302 0.102478 0.164871 0.0039444
0 0.170043 0.500539 0.0827586 0.149784 0.00385475
2 0.169235 0.507543 0.0869612 0.150862 0.0030632
2 0.289978 0.842672 0.142241 0.314655 0.0029583
1 0.169397 0.487608 0.0918103 0.198276 0.00293541
2 0.443534 0.494612 0.12931 0.172414 0.00292397
0 0.449353 0.488147 0.0976293 0.161638 0.00237846
1 0.291918 0.179957 0.0523707 0.0872845 0.00209045
0 0.29903 0.190194 0.0400862 0.0668104 0.00155449
1 0.171659 0.373922 0.139655 0.466595 0.00148392
1 0.43125 0.523168 0.138362 0.240302 0.00145531
2 0.171659 0.373922 0.139655 0.466595 0.00140476
0 0.194935 0.224677 0.311638 0.449353 0.00135136
0 0.393103 0.734375 0.786207 0.53125 0.00134563
1 0.363362 0.265625 0.190086 0.31681 0.00132465
0 0.480388 0.779095 0.960776 0.44181 0.00131512
1 0.393103 0.734375 0.786207 0.53125 0.00129414
2 0.393103 0.734375 0.786207 0.53125 0.00128937
0 0.363362 0.265625 0.190086 0.31681 0.00123501
0 0.439332 0.5 0.878664 1 0.00123501
0 0.408621 0.5 0.817241 1 0.0012207
2 0.439332 0.5 0.878664 1 0.0012064
2 0.438039 0.5 0.876078 1 0.00120163
0 0.438039 0.5 0.876078 1 0.0011692
2 0.780603 0.777478 0.438793 0.445043 0.00116062
2 0.372091 0.5 0.744181 1 0.00115585
0 0.443534 0.494612 0.12931 0.172414 0.00114727
0 0.564009 0.375539 0.871983 0.751078 0.00113392
2 0.5 0.857759 1 0.284483 0.00113392
1 0.327802 0.175108 0.0737069 0.0883621 0.00112915
2 0.499784 0.418912 0.999569 0.837823 0.00112057
2 0.408621 0.5 0.817241 1 0.0011158
1 0.357866 0.417565 0.351078 0.445043 0.00111198
2 0.480388 0.779095 0.960776 0.44181 0.0011034
0 0.499784 0.418912 0.999569 0.837823 0.00109482
1 0.480388 0.779095 0.960776 0.44181 0.00109005
2 0.5 0.392241 1 0.784483 0.00108624
1 0.30194 0.162985 0.0426724 0.091056 0.00106907
1 0.5 0.857759 1 0.284483 0.00106907
1 0.438039 0.5 0.876078 1 0.00106049
1 0.45194 0.484914 0.0982759 0.165948 0.865234
1 0.167457 0.498922 0.0801724 0.155172 0.825684
1 0.302263 0.183728 0.0452586 0.0840517 0.0830078
2 0.460991 0.476293 0.113793 0.18319 0.0122375
1 0.199946 0.328664 0.117996 0.0797414 0.00959778
1 0.291272 0.186422 0.05625 0.080819 0.00945282
1 0.306789 0.654095 0.0614224 0.0711207 0.00530243
1 0.162123 0.480603 0.0934267 0.195043 0.00503922
1 0.292565 0.864224 0.154526 0.271552 0.00382423
0 0.169073 0.483836 0.0905172 0.169181 0.00275803
2 0.1993 0.334591 0.13028 0.0851293 0.00263214
1 0.248922 0.948007 0.087931 0.103987 0.00260162
1 0.310345 0.630388 0.0556035 0.0743535 0.00259018
1 0.422522 0.508621 0.166164 0.177802 0.00257111
1 0.285776 0.66056 0.0426724 0.0668104 0.00251198
1 0.494935 0.816272 0.348491 0.367457 0.00248146
1 0.229041 0.27694 0.0565733 0.0786638 0.00225258
1 0.31681 0.536638 0.0413793 0.0732758 0.00214958
2 0.292565 0.864224 0.154526 0.271552 0.00201988
1 0.307435 0.207435 0.0510776 0.12069 0.00175476
1 0.283109 0.280981 0.187662 0.508082 0.0017004
0 0.159052 0.505388 0.0969827 0.148707 0.00166798
0 0.460991 0.476293 0.113793 0.18319 0.00162888
2 0.248922 0.948007 0.087931 0.103987 0.00149536
2 0.169073 0.483836 0.0905172 0.169181 0.00148392
1 0.343642 0.456897 0.111853 0.142241 0.00145531
2 0.184914 0.331358 0.123168 0.102371 0.00135612
1 0.271552 0.240302 0.103448 0.108836 0.00134563
1 0.518211 0.549569 0.0297414 0.135776 0.00133514
1 0.304849 0.172414 0.0497845 0.112069 0.0012207
1 0.326509 0.192888 0.0775862 0.112069 0.00115108
1 0.437069 0.525862 0.125431 0.231681 0.00110722
1 0.309375 0.667565 0.607112 0.664871 0.00106049
0 0.218211 0.323006 0.225647 0.532866 0.00105286
1 0.45 0.497845 0.107328 0.16056 0.859863
1 0.16972 0.508621 0.0918103 0.148707 0.799316
1 0.296767 0.194504 0.0413793 0.0721983 0.17334
1 0.278664 0.658405 0.0336207 0.0657328 0.0209656
1 0.550539 0.580819 0.0452586 0.0765086 0.0162811
2 0.238739 0.963362 0.0546336 0.0732759 0.0107346
2 0.947845 0.0676185 0.0646551 0.0786638 0.00971222
1 0.153556 0.506466 0.0850215 0.150862 0.00912476
1 0.300323 0.657328 0.0530172 0.0646552 0.00878143
1 0.947845 0.0676185 0.0646551 0.0786638 0.00725937
1 0.288039 0.189655 0.0446121 0.0872845 0.00619125
1 0.00355603 0.864763 0.00711207 0.270474 0.00602722
1 0.553448 0.56681 0.0465517 0.0969828 0.00526047
1 0.289009 0.178879 0.0581897 0.107759 0.00521851
1 0.00193966 0.807112 0.00387931 0.385776 0.00492477
2 0.550539 0.580819 0.0452586 0.0765086 0.00385475
0 0.296767 0.194504 0.0413793 0.0721983 0.00379562
2 0.253448 0.962823 0.0607759 0.0743535 0.00376511
1 0.529849 0.579741 0.0387931 0.0732759 0.0036068
1 0.284564 0.466595 0.153718 0.161638 0.00299263
1 0.000727371 0.741918 0.00145474 0.494612 0.00270462
0 0.00355603 0.864763 0.00711207 0.270474 0.00263214
1 0.310991 0.530172 0.0530172 0.0948276 0.00259018
0 0.167457 0.500539 0.087931 0.149784 0.00233269
1 0.00743534 0.75431 0.0148707 0.491379 0.00218201
1 0.309698 0.631466 0.0484914 0.0862069 0.00216484
0 0.278664 0.658405 0.0336207 0.0657328 0.00213242
2 0.269289 0.875539 0.0510776 0.121767 0.00211525
0 0.456465 0.49569 0.113793 0.148707 0.00211525
1 0 0.571121 0 0.323276 0.00211525
0 0.550539 0.580819 0.0452586 0.0765086 0.00209999
2 0.296767 0.194504 0.0413793 0.0721983 0.00208282
1 0.46584 0.508621 0.117026 0.185345 0.00208282
2 0.456465 0.49569 0.113793 0.148707 0.00208282
1 0.238739 0.963362 0.0546336 0.0732759 0.0020752
0 0.238739 0.963362 0.0546336 0.0732759 0.00189686
2 0.625862 0.0584591 0.0905172 0.0705819 0.00185299
2 0.278664 0.658405 0.0336207 0.0657328 0.00181007
1 0.30194 0.207974 0.0413793 0.115302 0.00176144
0 0.00193966 0.807112 0.00387931 0.385776 0.00173378
0 0.289009 0.178879 0.0581897 0.107759 0.00170708
2 0.167457 0.500539 0.087931 0.149784 0.0017004
0 0.947845 0.0676185 0.0646551 0.0786638 0.00168133
1 0.340733 0.652478 0.0362069 0.0689655 0.00167465
1 0.3 0.383621 0.27931 0.439655 0.00142097
0 0.253448 0.962823 0.0607759 0.0743535 0.00134563
0 0.288039 0.189655 0.0446121 0.0872845 0.00133038
2 0.803017 0.730603 0.0375 0.0603448 0.00132465
1 0.753125 0.0789332 0.49375 0.157866 0.0012846
1 0.000484914 0.4309 0.000969828 0.353718 0.00127411
1 0.446767 0.496767 0.099569 0.142241 0.865234
1 0.168427 0.510776 0.0859914 0.146552 0.778809
1 0.3 0.192888 0.0413793 0.0721983 0.221313
2 0.239547 0.96875 0.0400862 0.0625 0.0379028
2 0.250943 0.968211 0.0515625 0.0635777 0.024704
2 0.293534 0.186422 0.0497845 0.128233 0.0085144
1 0.239547 0.96875 0.0400862 0.0625 0.00634003
1 0.250943 0.968211 0.0515625 0.0635777 0.00616837
2 0.3 0.192888 0.0413793 0.0721983 0.00614548
2 0.942026 0.0738147 0.0659483 0.0792026 0.0041008
0 0.3 0.192888 0.0413793 0.0721983 0.00362206
0 0.250943 0.968211 0.0515625 0.0635777 0.00329781
1 0.56056 0.559806 0.0375 0.0765086 0.0027256
0 0.239547 0.96875 0.0400862 0.0625 0.00263214
1 0.285129 0.185884 0.0362069 0.0700431 0.00259018
1 0.942026 0.0738147 0.0659483 0.0792026 0.00247192
1 0.293534 0.186422 0.0497845 0.128233 0.00215721
1 0.276078 0.0460668 0.0290948 0.0436422 0.00214005
0 0.942026 0.0738147 0.0659483 0.0792026 0.00208282
1 0.305172 0.209052 0.050431 0.115302 0.00174809
1 0.318023 0.482759 0.227748 0.204741 0.00166798
0 0.293534 0.186422 0.0497845 0.128233 0.00164223
1 0.2743 0.693427 0.548599 0.613147 0.00164223
2 0.15792 0.335668 0.0607759 0.075431 0.00157356
2 0.276078 0.0460668 0.0290948 0.0436422 0.00152493
1 0.555711 0.573815 0.0394397 0.080819 0.00151253
2 0.439655 0.494612 0.0737069 0.148707 0.00147247
2 0.209159 0.957974 0.0678879 0.0538793 0.00141621
1 0.466164 0.483836 0.109914 0.135776 0.00118351
2 0.167134 0.497306 0.0924569 0.148707 0.00112915
2 0.945259 0.0872171 0.0672414 0.0820312 0.00112057
1 0.277371 0.665948 0.0284483 0.0538793 0.00104809
0 0.945259 0.0872171 0.0672414 0.0820312 0.00103664
1 0.170528 0.494073 0.084375 0.155172 0.778809
1 0.448707 0.48653 0.0982759 0.161638 0.778809
1 0.170043 0.488147 0.0982759 0.202586 0.0029583
1 0.166487 0.518858 0.0801724 0.184267 0.00232315
0 0.750862 0.988147 0.498276 0.0237069 0.00204277
2 0.750862 0.988147 0.498276 0.0237069 0.00188923
0 0.636853 0.990302 0.570259 0.0193966 0.00178242
2 0.636853 0.990302 0.570259 0.0193966 0.00161648
2 0.447414 0.489224 0.0963362 0.157328 0.00139427
0 0.80194 0.974677 0.396121 0.0506466 0.00116062
2 0.717511 1 0.509806 0 0.00112438
1 0.169397 0.505388 0.0853448 0.155172 0.842773
1 0.452586 0.493535 0.103448 0.174569 0.818848
0 0.296767 0.189116 0.0368535 0.0786638 0.0266571
1 0.300647 0.177532 0.0426724 0.0829741 0.00871277
0 0.949138 0.0703125 0.0620689 0.0786638 0.005867
1 0.296767 0.189116 0.0368535 0.0786638 0.00534439
0 0.287392 0.189655 0.0471983 0.0926724 0.0046463
2 0.300647 0.177532 0.0426724 0.0829741 0.00372124
0 0.300647 0.177532 0.0426724 0.0829741 0.00300407
0 0.95819 0.0858028 0.0646552 0.0913254 0.0026722
2 0.596767 0.728448 0.497845 0.543103 0.00194931
1 0.330307 0.47306 0.244558 0.206897 0.00187492
0 0.627317 0.71875 0.610022 0.5625 0.00175476
2 0.296767 0.189116 0.0368535 0.0786638 0.00174809
0 0.00864763 0.832435 0.0172953 0.335129 0.00157356
0 0.00177802 0.231412 0.00355603 0.462823 0.00127411
0 0.548599 0.752155 0.464871 0.49569 0.00122547
1 0.242134 0.452586 0.210129 0.239224 0.00114727
1 0.199623 0.320312 0.134159 0.103987 0.00113773
0 0.0059806 0.757543 0.0119612 0.484914 0.00113773
2 0.334591 0.733836 0.669181 0.532328 0.0011158
0 0.330307 0.47306 0.244558 0.206897 0.00105286
1 0.566379 0.544181 0.0362069 0.0560345 0.00105286
1 0.362069 0.732759 0.486207 0.534483 0.00104427
0 0.17069 0.501616 0.0924569 0.154095 0.00104046
2 0.268885 0.775323 0.42042 0.449353 0.00102043
0 0.302263 0.175377 0.0549569 0.121767 0.00101662
1 0.449353 0.489224 0.104741 0.178879 0.908203
1 0.169397 0.503233 0.0827586 0.159483 0.898438
2 0.29903 0.186961 0.0342672 0.0635776 0.00679779
1 0.29903 0.186961 0.0342672 0.0635776 0.00457382
2 0.447737 0.501616 0.106681 0.173491 0.00429916
2 0.163416 0.500539 0.09375 0.169181 0.00282288
1 0.251832 0.961207 0.0523707 0.0775863 0.00256157
0 0.447737 0.501616 0.106681 0.173491 0.00226021
2 0.24472 0.962823 0.0497845 0.0743535 0.00221634
1 0.205603 0.320312 0.138362 0.120151 0.00178242
0 0.168103 0.505388 0.0892241 0.161638 0.00166798
0 0.29903 0.186961 0.0342672 0.0635776 0.0015974
1 0.566379 0.548491 0.0310345 0.0711207 0.00156116
1 0.943966 0.0686961 0.0465518 0.0657328 0.00150108
1 0.308728 0.661099 0.0387931 0.0549569 0.00146675
1 0.558621 0.578664 0.0323276 0.0689655 0.00138283
2 0.231627 0.273707 0.0682112 0.080819 0.00133038
2 0.205603 0.320312 0.138362 0.120151 0.00124454
2 0.283836 0.186961 0.0465517 0.0786638 0.00111198
2 0.943966 0.0686961 0.0465518 0.0657328 0.00104809
1 0.450323 0.490841 0.108621 0.165948 0.847168
1 0.169881 0.505388 0.0850216 0.150862 0.795898
1 0.299353 0.191272 0.0349138 0.0646552 0.00471878
2 0.444181 0.492457 0.102802 0.165948 0.00311089
1 0.343642 0.658405 0.031681 0.0517241 0.00176811
2 0.299353 0.191272 0.0349138 0.0646552 0.00142097
0 0.299353 0.191272 0.0349138 0.0646552 0.00138855
1 0.278664 0.664332 0.0310345 0.0506465 0.00131989
1 0.16875 0.487069 0.0963362 0.202586 0.00126934
0 0.444181 0.492457 0.102802 0.165948 0.00113392
2 0.165841 0.5 0.0934267 0.170259 0.00112057
1 0.346875 0.616379 0.0284483 0.0517242 0.0011034
2 0.988793 0.23222 0.0224138 0.46444 0.00104046
1 0.311315 0.66056 0.0375 0.0538793 0.00102043
1 0.45097 0.487069 0.104095 0.165948 0.875
1 0.168588 0.50431 0.087931 0.155172 0.865234
1 0.298707 0.184537 0.0349138 0.0657328 0.0322266
2 0.298707 0.184537 0.0349138 0.0657328 0.00484848
2 0.449677 0.492457 0.115086 0.174569 0.00441742
2 0.164871 0.498922 0.0927802 0.176724 0.00407028
1 0.289655 0.183459 0.0685345 0.0948276 0.00403976
2 0.289655 0.183459 0.0685345 0.0948276 0.00191212
0 0.446444 0.496767 0.109914 0.162715 0.00185299
0 0.298707 0.184537 0.0349138 0.0657328 0.00157356
0 0.164871 0.498922 0.0927802 0.176724 0.0011692
1 0.288362 0.185884 0.0439655 0.0732759 0.00103188
1 0.170043 0.50431 0.0834052 0.145474 0.824219
1 0.45 0.488147 0.103448 0.161638 0.820801
1 0.29903 0.186961 0.0381465 0.0705819 0.182373
1 0.289655 0.1875 0.0452586 0.0818966 0.0116882
1 0.219181 0.331358 0.0646552 0.0603448 0.00311089
1 0.80431 0.720905 0.0310345 0.0689655 0.00277901
1 0.178933 0.339978 0.0934267 0.0743534 0.00200272
1 0.172629 0.485453 0.0898707 0.205819 0.00168705
1 0.230819 0.266433 0.024569 0.0425647 0.00131512
1 0.310991 0.453664 0.0711207 0.178879 0.00124454
1 0.451293 0.489763 0.107328 0.165948 0.865234
1 0.172306 0.50916 0.0885776 0.165948 0.848145
0 0.169235 0.503233 0.0979526 0.155172 0.0123825
2 0.169073 0.498922 0.0976293 0.174569 0.0068779
2 0.294504 0.188308 0.0568966 0.104526 0.00439835
1 0.295474 0.196929 0.0426724 0.0748922 0.00438309
0 0.457112 0.493535 0.0969827 0.174569 0.00331116
0 0.295474 0.196929 0.0426724 0.0748922 0.00131989
0 0.294504 0.188308 0.0568966 0.104526 0.00124454
2 0.295474 0.196929 0.0426724 0.0748922 0.0011425
1 0.294504 0.188308 0.0568966 0.104526 0.00105286
1 0.168103 0.496228 0.0821121 0.164871 0.822266
1 0.445474 0.485453 0.0989224 0.173491 0.795898
1 0.296767 0.189386 0.0413793 0.0770474 0.0146713
2 0.296767 0.189386 0.0413793 0.0770474 0.00150681
2 0.440625 0.487069 0.100862 0.177802 0.0011692
1 0.44806 0.487608 0.103448 0.168103 0.86084
1 0.16875 0.501078 0.0827586 0.159483 0.813965
2 0.296121 0.182112 0.0413793 0.0678879 0.00391388
0 0.44806 0.488147 0.103448 0.167026 0.00300407
2 0.44806 0.487608 0.103448 0.168103 0.00138855
1 0.323276 1 0.592241 0 0.00125504
1 0.488147 0.998384 0.588362 0.0032328 0.00109482
1 0.44903 0.485991 0.103448 0.161638 0.820801
1 0.16681 0.498922 0.0872845 0.148707 0.795898
1 0.296121 0.183728 0.0426724 0.0646552 0.00734711
2 0.296121 0.183728 0.0426724 0.0646552 0.00214958
0 0.607759 0.800108 0.513362 0.399785 0.0019722
2 0.634914 0.797414 0.501724 0.405172 0.00174809
1 0.288362 0.183728 0.0478448 0.0721983 0.00142097
0 0.296121 0.183728 0.0426724 0.0646552 0.00118351
2 0.165679 0.498922 0.0918103 0.159483 0.00104809
1 0.447414 0.489763 0.100216 0.167026 0.842773
1 0.169881 0.502694 0.0869612 0.167026 0.782715
1 0.298384 0.186961 0.0387931 0.0668104 0.00728989
2 0.164547 0.498922 0.090194 0.172414 0.00122547
0 0.164547 0.498922 0.090194 0.172414 0.00112438
1 0.44709 0.487069 0.101509 0.168103 0.852051
1 0.16681 0.501078 0.0840517 0.159483 0.833496
0 0.445797 0.489224 0.0956897 0.170259 0.00763702
2 0.44709 0.487069 0.101509 0.168103 0.00253105
1 0.44806 0.490302 0.102155 0.16056 0.841797
1 0.16972 0.502694 0.0814655 0.146552 0.767578
1 0.296767 0.186961 0.0413793 0.0603448 0.00367928
1 0.450647 0.489763 0.104741 0.163793 0.85791
1 0.17069 0.502155 0.0846983 0.155172 0.801758
1 0.296444 0.182112 0.0407327 0.0603448 0.00376511
2 0.296444 0.175916 0.0413793 0.0851293 0.00187492
1 0.449353 0.489224 0.104741 0.162716 0.856934
1 0.16972 0.501616 0.0834052 0.154095 0.791992
1 0.296767 0.184267 0.0400862 0.0657328 0.00160408
1 0.449353 0.489224 0.104741 0.162716 0.856934
1 0.16972 0.501616 0.0834052 0.154095 0.791992
1 0.296767 0.183998 0.0400862 0.065194 0.00163555
